1 115
3 59
3 110
4 24
4 98
8 19
8 100
16 60
16 66
16 83
16 97
17 102
19 49
20 19
26 9
26 52
26 111
28 68
29 117
30 99
33 6
33 19
34 63
35 13
35 75
38 24
41 17
41 49
41 74
44 53
45 59
45 62
47 4
49 111
51 121
52 127
54 62
54 67
54 68
55 112
55 118
57 6
57 64
57 81
57 125
59 38
59 49
60 108
60 110
61 98
63 69
64 80
65 18
65 72
65 123
66 105
67 105
70 119
72 82
73 37
73 106
74 104
76 84
77 22
77 75
79 83
81 82
81 91
86 1
88 121
89 28
93 65
95 88
97 4
97 37
97 44
97 81
98 85
101 50
101 109
103 76
104 123
106 1
107 44
107 117
107 119
109 124
112 47
113 37
114 102
115 101
116 7
118 82
119 19
119 25
119 59
122 31
122 38
122 77
126 105
