0 2
0 3
0 4
0 5
0 7
0 11
0 12
0 14
0 16
0 17
0 18
0 20
0 21
0 26
0 28
0 29
0 34
0 35
0 37
0 38
0 40
0 42
0 44
0 48
0 51
0 54
0 56
0 58
0 61
0 64
0 69
0 71
0 73
0 74
0 80
0 81
0 84
0 88
0 89
0 92
0 94
0 96
0 101
0 103
0 104
0 105
0 109
0 116
0 117
0 119
0 121
0 123
0 125
1 1
1 2
1 3
1 7
1 9
1 10
1 11
1 15
1 17
1 18
1 19
1 20
1 21
1 23
1 25
1 28
1 30
1 32
1 35
1 36
1 39
1 45
1 47
1 52
1 53
1 55
1 58
1 64
1 67
1 75
1 76
1 80
1 88
1 90
1 92
1 94
1 96
1 97
1 98
1 99
1 100
1 104
1 107
1 108
1 112
1 114
1 117
1 118
1 120
1 122
1 123
1 124
1 125
2 0
2 7
2 8
2 9
2 15
2 16
2 19
2 21
2 22
2 23
2 24
2 26
2 30
2 31
2 35
2 36
2 41
2 42
2 44
2 45
2 46
2 48
2 51
2 53
2 57
2 63
2 66
2 67
2 71
2 77
2 78
2 80
2 81
2 82
2 86
2 89
2 92
2 96
2 98
2 101
2 103
2 109
2 114
2 116
2 117
2 118
2 122
2 123
2 125
2 126
3 1
3 2
3 3
3 5
3 6
3 7
3 9
3 10
3 11
3 12
3 14
3 18
3 19
3 21
3 24
3 26
3 30
3 31
3 35
3 39
3 41
3 43
3 44
3 50
3 53
3 54
3 57
3 61
3 63
3 64
3 67
3 69
3 74
3 76
3 80
3 81
3 82
3 83
3 87
3 92
3 96
3 97
3 99
3 101
3 105
3 109
3 115
3 120
3 122
3 125
3 126
3 127
4 0
4 4
4 13
4 14
4 15
4 16
4 24
4 25
4 27
4 28
4 31
4 32
4 33
4 38
4 41
4 44
4 45
4 46
4 51
4 52
4 54
4 56
4 58
4 60
4 61
4 64
4 65
4 67
4 71
4 72
4 73
4 75
4 82
4 83
4 84
4 86
4 87
4 92
4 96
4 97
4 101
4 102
4 103
4 104
4 105
4 106
4 107
4 108
4 109
4 113
4 124
4 126
4 127
5 1
5 3
5 6
5 7
5 10
5 15
5 17
5 18
5 20
5 22
5 27
5 28
5 31
5 32
5 36
5 37
5 41
5 43
5 45
5 46
5 47
5 51
5 52
5 53
5 63
5 64
5 66
5 69
5 71
5 81
5 86
5 91
5 98
5 100
5 102
5 115
5 118
5 127
6 0
6 1
6 2
6 6
6 12
6 14
6 15
6 18
6 22
6 23
6 24
6 25
6 28
6 31
6 32
6 35
6 39
6 44
6 45
6 48
6 49
6 51
6 53
6 55
6 57
6 59
6 64
6 65
6 67
6 68
6 69
6 73
6 74
6 76
6 78
6 84
6 88
6 89
6 94
6 102
6 103
6 104
6 106
6 107
6 108
6 111
6 112
6 113
6 114
6 115
6 117
6 119
6 120
6 121
6 122
6 127
7 0
7 1
7 9
7 15
7 19
7 20
7 21
7 22
7 29
7 31
7 34
7 37
7 38
7 39
7 41
7 47
7 49
7 52
7 54
7 59
7 62
7 65
7 69
7 71
7 72
7 75
7 76
7 77
7 78
7 82
7 84
7 85
7 93
7 94
7 95
7 96
7 97
7 98
7 100
7 102
7 107
7 115
7 116
7 119
7 125
7 126
8 0
8 2
8 3
8 5
8 6
8 12
8 20
8 22
8 26
8 29
8 32
8 34
8 36
8 40
8 43
8 45
8 50
8 53
8 58
8 69
8 71
8 76
8 79
8 80
8 83
8 87
8 88
8 89
8 91
8 93
8 96
8 102
8 104
8 105
8 107
8 110
8 112
8 113
8 116
8 118
8 119
8 120
8 121
8 122
8 123
8 125
8 127
9 0
9 2
9 3
9 5
9 7
9 8
9 9
9 10
9 12
9 14
9 20
9 22
9 24
9 25
9 26
9 27
9 29
9 31
9 32
9 33
9 35
9 37
9 38
9 39
9 40
9 41
9 43
9 50
9 51
9 53
9 54
9 55
9 56
9 58
9 59
9 60
9 61
9 64
9 66
9 73
9 75
9 79
9 80
9 81
9 85
9 87
9 92
9 97
9 100
9 101
9 106
9 107
9 109
9 113
9 114
9 115
9 123
9 125
9 127
10 5
10 7
10 8
10 9
10 11
10 12
10 14
10 16
10 18
10 19
10 21
10 22
10 23
10 26
10 28
10 33
10 35
10 38
10 42
10 44
10 45
10 47
10 48
10 54
10 55
10 57
10 59
10 62
10 63
10 64
10 66
10 71
10 72
10 74
10 75
10 78
10 79
10 80
10 84
10 88
10 90
10 92
10 96
10 98
10 101
10 105
10 106
10 107
10 111
10 112
10 115
10 117
10 118
10 120
10 121
10 123
10 124
10 126
10 127
11 2
11 3
11 6
11 8
11 13
11 15
11 16
11 18
11 19
11 20
11 21
11 23
11 24
11 25
11 26
11 34
11 36
11 37
11 42
11 45
11 47
11 52
11 53
11 54
11 57
11 58
11 59
11 61
11 66
11 67
11 73
11 78
11 83
11 85
11 87
11 88
11 94
11 95
11 98
11 100
11 104
11 107
11 108
11 110
11 111
11 115
11 116
11 117
11 118
11 121
12 1
12 11
12 12
12 15
12 26
12 27
12 29
12 30
12 34
12 35
12 37
12 43
12 47
12 49
12 51
12 52
12 53
12 58
12 62
12 64
12 67
12 69
12 70
12 71
12 75
12 76
12 77
12 80
12 88
12 89
12 90
12 92
12 94
12 95
12 96
12 99
12 104
12 106
12 109
12 114
12 119
12 120
12 121
12 123
12 127
13 0
13 4
13 9
13 10
13 12
13 13
13 14
13 16
13 20
13 23
13 26
13 29
13 31
13 38
13 43
13 44
13 45
13 46
13 48
13 49
13 52
13 53
13 54
13 55
13 56
13 59
13 60
13 64
13 66
13 68
13 72
13 76
13 82
13 83
13 84
13 85
13 91
13 98
13 100
13 101
13 107
13 108
13 110
13 117
13 119
13 121
14 0
14 1
14 6
14 7
14 8
14 10
14 11
14 13
14 14
14 15
14 19
14 22
14 25
14 26
14 28
14 32
14 35
14 38
14 42
14 43
14 47
14 49
14 51
14 57
14 63
14 64
14 66
14 73
14 78
14 79
14 83
14 84
14 86
14 87
14 90
14 97
14 98
14 99
14 101
14 102
14 103
14 104
14 105
14 106
14 107
14 114
14 115
14 117
14 119
14 120
14 122
14 124
14 126
15 0
15 1
15 2
15 3
15 7
15 10
15 11
15 14
15 15
15 16
15 17
15 19
15 23
15 24
15 29
15 32
15 34
15 35
15 40
15 41
15 43
15 44
15 45
15 48
15 50
15 53
15 54
15 56
15 57
15 59
15 62
15 63
15 68
15 69
15 70
15 72
15 74
15 75
15 76
15 78
15 79
15 82
15 84
15 85
15 87
15 95
15 96
15 99
15 102
15 104
15 106
15 107
15 108
15 113
15 114
15 115
15 116
15 119
15 122
16 0
16 1
16 6
16 7
16 13
16 18
16 22
16 23
16 25
16 26
16 28
16 29
16 30
16 31
16 46
16 47
16 48
16 49
16 51
16 54
16 55
16 59
16 60
16 63
16 66
16 67
16 72
16 74
16 78
16 79
16 80
16 82
16 84
16 86
16 89
16 93
16 95
16 97
16 101
16 108
16 109
16 111
16 116
16 120
16 122
16 126
17 2
17 4
17 7
17 9
17 13
17 17
17 21
17 22
17 25
17 26
17 27
17 29
17 30
17 34
17 36
17 38
17 39
17 41
17 43
17 46
17 47
17 53
17 66
17 67
17 69
17 72
17 73
17 74
17 76
17 77
17 80
17 81
17 84
17 85
17 86
17 87
17 88
17 91
17 92
17 94
17 99
17 102
17 106
17 113
17 115
17 116
17 121
17 123
17 126
18 3
18 5
18 15
18 19
18 20
18 26
18 27
18 28
18 33
18 35
18 37
18 40
18 41
18 42
18 43
18 46
18 49
18 50
18 51
18 52
18 55
18 56
18 59
18 60
18 65
18 68
18 70
18 72
18 73
18 74
18 76
18 77
18 78
18 80
18 81
18 86
18 90
18 92
18 95
18 96
18 101
18 103
18 106
18 108
18 113
18 120
18 125
18 126
19 3
19 5
19 6
19 10
19 12
19 17
19 19
19 21
19 24
19 26
19 27
19 33
19 34
19 36
19 41
19 48
19 50
19 51
19 53
19 54
19 58
19 62
19 63
19 64
19 68
19 69
19 71
19 77
19 83
19 86
19 87
19 88
19 90
19 92
19 93
19 95
19 98
19 101
19 102
19 103
19 108
19 111
19 112
19 113
19 115
19 117
19 120
19 122
19 127
20 2
20 4
20 7
20 16
20 19
20 22
20 27
20 28
20 29
20 30
20 31
20 32
20 34
20 38
20 40
20 42
20 44
20 46
20 47
20 53
20 55
20 57
20 61
20 63
20 67
20 68
20 76
20 80
20 81
20 88
20 95
20 96
20 98
20 99
20 100
20 103
20 105
20 106
20 108
20 109
20 111
20 112
20 117
20 124
20 126
21 0
21 3
21 4
21 6
21 7
21 8
21 12
21 13
21 18
21 28
21 29
21 31
21 32
21 42
21 45
21 49
21 51
21 53
21 55
21 59
21 60
21 62
21 68
21 69
21 76
21 77
21 78
21 80
21 82
21 85
21 87
21 89
21 92
21 93
21 94
21 96
21 97
21 98
21 99
21 100
21 105
21 106
21 107
21 113
21 117
21 121
21 122
22 2
22 3
22 7
22 9
22 10
22 14
22 17
22 18
22 20
22 21
22 25
22 30
22 32
22 33
22 35
22 36
22 37
22 39
22 40
22 45
22 48
22 50
22 52
22 53
22 54
22 55
22 58
22 60
22 65
22 66
22 67
22 68
22 70
22 73
22 83
22 85
22 86
22 91
22 96
22 97
22 98
22 101
22 102
22 103
22 112
22 119
22 120
22 124
22 125
22 126
22 127
23 1
23 3
23 4
23 8
23 14
23 15
23 16
23 17
23 18
23 21
23 23
23 25
23 26
23 28
23 30
23 31
23 32
23 34
23 39
23 41
23 42
23 47
23 48
23 49
23 52
23 53
23 54
23 57
23 58
23 59
23 62
23 66
23 67
23 68
23 70
23 80
23 90
23 94
23 103
23 106
23 112
23 114
23 115
23 119
23 123
23 124
24 2
24 3
24 5
24 6
24 10
24 11
24 12
24 14
24 18
24 19
24 20
24 23
24 24
24 26
24 28
24 31
24 33
24 34
24 35
24 38
24 43
24 48
24 49
24 54
24 55
24 56
24 57
24 60
24 61
24 69
24 70
24 73
24 75
24 78
24 79
24 81
24 82
24 88
24 91
24 92
24 94
24 102
24 109
24 112
24 117
24 120
24 123
25 3
25 4
25 8
25 9
25 10
25 16
25 17
25 19
25 22
25 24
25 26
25 29
25 30
25 31
25 33
25 34
25 38
25 42
25 45
25 46
25 47
25 49
25 51
25 52
25 53
25 55
25 59
25 66
25 68
25 71
25 75
25 80
25 81
25 82
25 85
25 86
25 87
25 89
25 90
25 91
25 92
25 93
25 97
25 101
25 102
25 104
25 105
25 108
25 109
25 110
25 111
25 114
25 118
25 119
25 120
25 123
26 1
26 5
26 6
26 7
26 8
26 13
26 14
26 17
26 18
26 22
26 25
26 33
26 46
26 47
26 51
26 57
26 59
26 62
26 63
26 64
26 65
26 67
26 69
26 72
26 73
26 78
26 79
26 82
26 83
26 84
26 86
26 87
26 90
26 91
26 92
26 93
26 95
26 102
26 106
26 107
26 108
26 113
26 116
26 119
26 121
26 125
27 0
27 1
27 3
27 5
27 8
27 10
27 16
27 18
27 19
27 22
27 25
27 26
27 29
27 30
27 31
27 32
27 33
27 34
27 35
27 38
27 40
27 41
27 42
27 43
27 44
27 48
27 49
27 55
27 56
27 57
27 63
27 65
27 68
27 71
27 72
27 81
27 85
27 87
27 88
27 90
27 94
27 95
27 97
27 98
27 99
27 101
27 104
27 105
27 107
27 110
27 112
27 114
27 115
27 123
27 124
27 125
27 127
28 0
28 2
28 3
28 4
28 5
28 6
28 8
28 10
28 11
28 17
28 20
28 22
28 23
28 24
28 30
28 32
28 33
28 36
28 44
28 48
28 53
28 56
28 59
28 62
28 68
28 69
28 71
28 74
28 78
28 79
28 80
28 82
28 84
28 85
28 86
28 87
28 92
28 93
28 97
28 98
28 100
28 102
28 105
28 106
28 107
28 112
28 115
28 116
28 117
28 119
28 123
28 124
28 125
29 1
29 7
29 8
29 9
29 10
29 13
29 16
29 22
29 25
29 29
29 30
29 32
29 35
29 36
29 41
29 44
29 51
29 52
29 56
29 59
29 60
29 65
29 69
29 72
29 76
29 79
29 81
29 82
29 84
29 87
29 88
29 89
29 93
29 94
29 96
29 97
29 98
29 102
29 109
29 110
29 111
29 112
29 114
29 116
29 118
29 120
29 122
29 124
29 125
30 1
30 2
30 3
30 4
30 5
30 6
30 9
30 10
30 12
30 13
30 21
30 23
30 26
30 28
30 29
30 31
30 32
30 35
30 39
30 40
30 42
30 43
30 46
30 50
30 51
30 53
30 55
30 60
30 63
30 64
30 66
30 67
30 68
30 69
30 75
30 76
30 77
30 79
30 80
30 81
30 82
30 83
30 87
30 94
30 98
30 100
30 101
30 102
30 105
30 106
30 108
30 109
30 110
30 113
30 117
30 119
30 121
30 125
30 127
31 0
31 3
31 4
31 5
31 6
31 8
31 9
31 12
31 16
31 17
31 20
31 24
31 26
31 28
31 31
31 32
31 33
31 34
31 36
31 38
31 39
31 40
31 41
31 42
31 46
31 49
31 50
31 54
31 56
31 57
31 60
31 61
31 62
31 68
31 70
31 72
31 73
31 74
31 77
31 78
31 79
31 81
31 82
31 83
31 87
31 89
31 98
31 99
31 102
31 103
31 106
31 107
31 108
31 111
31 112
31 113
31 117
31 119
31 123
31 127
32 4
32 9
32 11
32 15
32 19
32 26
32 27
32 28
32 29
32 34
32 36
32 37
32 38
32 39
32 43
32 46
32 49
32 51
32 54
32 57
32 59
32 63
32 66
32 69
32 71
32 75
32 76
32 78
32 80
32 81
32 82
32 86
32 87
32 90
32 94
32 95
32 98
32 100
32 108
32 110
32 123
33 3
33 5
33 6
33 7
33 9
33 10
33 16
33 17
33 22
33 27
33 28
33 34
33 39
33 40
33 42
33 43
33 44
33 45
33 48
33 50
33 53
33 54
33 55
33 57
33 58
33 59
33 60
33 61
33 63
33 65
33 67
33 68
33 69
33 70
33 71
33 75
33 76
33 79
33 82
33 83
33 85
33 86
33 87
33 88
33 89
33 93
33 97
33 99
33 104
33 105
33 111
33 114
33 115
33 116
33 118
33 120
33 121
33 127
34 0
34 1
34 2
34 6
34 12
34 15
34 17
34 18
34 23
34 25
34 28
34 29
34 35
34 37
34 42
34 43
34 45
34 48
34 50
34 51
34 53
34 54
34 55
34 65
34 66
34 71
34 73
34 74
34 75
34 76
34 78
34 84
34 85
34 86
34 87
34 90
34 92
34 95
34 99
34 101
34 102
34 103
34 105
34 106
34 108
34 110
34 114
34 117
34 119
34 120
34 124
34 125
35 0
35 4
35 8
35 9
35 16
35 17
35 18
35 23
35 25
35 26
35 27
35 30
35 32
35 33
35 35
35 36
35 38
35 39
35 42
35 43
35 48
35 51
35 52
35 54
35 58
35 62
35 64
35 66
35 74
35 78
35 82
35 87
35 88
35 91
35 93
35 95
35 97
35 98
35 99
35 104
35 106
35 108
35 112
35 114
35 117
35 118
35 119
35 122
35 123
35 124
35 125
35 126
36 0
36 1
36 2
36 4
36 6
36 7
36 8
36 9
36 11
36 13
36 22
36 24
36 25
36 26
36 28
36 31
36 32
36 35
36 40
36 43
36 46
36 48
36 49
36 50
36 55
36 56
36 58
36 62
36 63
36 64
36 65
36 67
36 69
36 74
36 78
36 80
36 81
36 82
36 83
36 85
36 89
36 90
36 94
36 95
36 102
36 104
36 106
36 107
36 109
36 111
36 112
36 113
36 115
36 123
36 125
36 127
37 1
37 2
37 4
37 5
37 6
37 8
37 9
37 11
37 14
37 20
37 21
37 22
37 23
37 25
37 28
37 32
37 33
37 35
37 36
37 37
37 40
37 42
37 44
37 46
37 49
37 50
37 54
37 57
37 62
37 63
37 64
37 69
37 71
37 72
37 74
37 76
37 79
37 81
37 83
37 86
37 87
37 90
37 91
37 92
37 93
37 96
37 98
37 100
37 102
37 103
37 106
37 107
37 110
37 112
37 115
37 119
37 121
37 122
37 123
37 125
37 127
38 4
38 5
38 7
38 10
38 12
38 13
38 14
38 20
38 22
38 23
38 24
38 28
38 29
38 30
38 31
38 32
38 33
38 36
38 37
38 38
38 39
38 43
38 44
38 45
38 47
38 49
38 50
38 52
38 54
38 56
38 59
38 61
38 65
38 67
38 68
38 69
38 71
38 74
38 77
38 80
38 81
38 84
38 88
38 94
38 99
38 102
38 103
38 104
38 107
38 112
38 113
38 115
38 117
38 118
38 119
38 120
38 122
38 124
38 127
39 1
39 4
39 13
39 15
39 16
39 18
39 21
39 24
39 26
39 27
39 31
39 32
39 36
39 38
39 39
39 43
39 44
39 47
39 48
39 52
39 53
39 54
39 56
39 57
39 58
39 59
39 61
39 62
39 64
39 66
39 69
39 71
39 78
39 79
39 82
39 88
39 89
39 90
39 91
39 96
39 100
39 102
39 103
39 104
39 108
39 109
39 119
39 121
39 122
39 123
39 125
39 126
39 127
40 1
40 2
40 3
40 4
40 5
40 6
40 9
40 11
40 14
40 15
40 20
40 26
40 28
40 29
40 32
40 34
40 37
40 41
40 42
40 47
40 50
40 51
40 57
40 59
40 61
40 64
40 66
40 73
40 74
40 75
40 78
40 81
40 82
40 84
40 87
40 91
40 95
40 97
40 98
40 101
40 103
40 104
40 107
40 111
40 113
40 116
40 121
40 122
40 124
40 126
41 1
41 2
41 4
41 12
41 15
41 17
41 18
41 19
41 20
41 22
41 24
41 26
41 27
41 30
41 33
41 35
41 36
41 38
41 42
41 44
41 47
41 48
41 50
41 51
41 52
41 53
41 55
41 57
41 61
41 67
41 68
41 71
41 75
41 85
41 91
41 93
41 94
41 95
41 96
41 98
41 101
41 103
41 104
41 105
41 106
41 108
41 111
41 114
41 116
41 117
41 120
41 122
41 125
41 126
42 0
42 5
42 9
42 15
42 18
42 21
42 25
42 26
42 27
42 31
42 32
42 34
42 38
42 41
42 48
42 51
42 53
42 54
42 55
42 56
42 57
42 58
42 60
42 62
42 65
42 70
42 72
42 73
42 74
42 78
42 79
42 80
42 82
42 83
42 86
42 88
42 96
42 97
42 100
42 103
42 105
42 115
42 116
42 117
42 123
42 127
43 3
43 9
43 10
43 11
43 13
43 16
43 18
43 19
43 21
43 22
43 24
43 25
43 27
43 28
43 29
43 30
43 33
43 35
43 39
43 44
43 45
43 51
43 56
43 57
43 59
43 60
43 64
43 65
43 79
43 81
43 83
43 84
43 86
43 88
43 89
43 94
43 95
43 97
43 98
43 99
43 103
43 104
43 107
43 108
43 113
43 118
43 120
43 121
43 122
43 124
43 125
44 0
44 1
44 4
44 10
44 16
44 17
44 20
44 23
44 27
44 28
44 31
44 35
44 36
44 37
44 38
44 42
44 43
44 45
44 50
44 53
44 54
44 55
44 60
44 61
44 62
44 66
44 67
44 68
44 70
44 73
44 75
44 76
44 80
44 82
44 83
44 84
44 86
44 87
44 98
44 102
44 103
44 104
44 105
44 106
44 108
44 109
44 111
44 115
44 118
44 119
44 121
44 125
45 1
45 6
45 9
45 12
45 14
45 15
45 17
45 18
45 21
45 24
45 25
45 27
45 35
45 37
45 38
45 41
45 46
45 47
45 48
45 50
45 52
45 53
45 54
45 55
45 57
45 58
45 59
45 62
45 64
45 68
45 71
45 74
45 75
45 78
45 80
45 81
45 82
45 86
45 88
45 89
45 101
45 102
45 105
45 113
45 117
45 119
45 121
45 123
45 124
45 125
46 0
46 1
46 7
46 8
46 11
46 18
46 21
46 24
46 25
46 27
46 29
46 31
46 35
46 37
46 38
46 41
46 42
46 44
46 46
46 49
46 51
46 53
46 55
46 59
46 63
46 64
46 65
46 74
46 76
46 78
46 80
46 81
46 86
46 87
46 88
46 91
46 92
46 96
46 97
46 99
46 104
46 105
46 108
46 110
46 112
46 113
46 119
46 121
46 124
46 125
46 126
46 127
47 5
47 7
47 9
47 10
47 11
47 12
47 16
47 20
47 21
47 22
47 28
47 30
47 32
47 33
47 34
47 37
47 42
47 48
47 49
47 51
47 52
47 55
47 62
47 64
47 66
47 69
47 75
47 77
47 78
47 83
47 84
47 86
47 88
47 91
47 95
47 98
47 102
47 104
47 106
47 110
47 118
47 121
47 122
47 124
47 125
47 126
48 2
48 3
48 7
48 8
48 11
48 14
48 16
48 20
48 23
48 25
48 29
48 30
48 33
48 45
48 48
48 51
48 53
48 56
48 66
48 71
48 73
48 74
48 77
48 79
48 81
48 82
48 86
48 90
48 93
48 97
48 100
48 101
48 105
48 106
48 107
48 113
48 122
48 123
48 125
48 127
49 1
49 5
49 7
49 8
49 10
49 12
49 14
49 16
49 17
49 22
49 24
49 29
49 30
49 44
49 45
49 47
49 48
49 49
49 50
49 52
49 53
49 56
49 57
49 59
49 62
49 63
49 64
49 67
49 69
49 75
49 77
49 79
49 82
49 85
49 86
49 89
49 90
49 92
49 93
49 94
49 95
49 96
49 97
49 98
49 100
49 101
49 102
49 107
49 108
49 114
49 117
49 118
49 119
49 121
49 122
49 124
49 127
50 1
50 4
50 8
50 9
50 11
50 13
50 15
50 18
50 20
50 25
50 28
50 29
50 30
50 31
50 34
50 36
50 39
50 40
50 46
50 48
50 49
50 50
50 51
50 54
50 55
50 57
50 58
50 59
50 63
50 66
50 67
50 68
50 75
50 77
50 79
50 81
50 84
50 85
50 86
50 89
50 93
50 94
50 96
50 98
50 100
50 105
50 107
50 109
50 110
50 111
50 114
50 116
50 118
50 119
50 121
50 122
50 126
51 0
51 1
51 2
51 9
51 10
51 12
51 13
51 17
51 18
51 20
51 22
51 26
51 28
51 29
51 30
51 34
51 36
51 37
51 39
51 40
51 42
51 43
51 47
51 48
51 57
51 61
51 66
51 67
51 68
51 69
51 71
51 74
51 79
51 80
51 84
51 85
51 88
51 89
51 90
51 92
51 94
51 96
51 97
51 100
51 106
51 107
51 108
51 112
51 115
51 117
51 118
51 124
51 125
52 0
52 3
52 8
52 11
52 19
52 20
52 25
52 26
52 27
52 28
52 30
52 31
52 34
52 35
52 37
52 40
52 46
52 50
52 51
52 56
52 58
52 59
52 60
52 61
52 64
52 68
52 71
52 74
52 76
52 77
52 80
52 83
52 86
52 88
52 89
52 93
52 94
52 95
52 101
52 102
52 105
52 106
52 108
52 109
52 110
52 113
52 115
52 120
52 121
52 123
52 125
52 126
52 127
53 4
53 5
53 9
53 10
53 12
53 16
53 19
53 20
53 22
53 23
53 27
53 28
53 30
53 35
53 36
53 38
53 39
53 40
53 43
53 46
53 48
53 52
53 54
53 56
53 59
53 60
53 65
53 68
53 73
53 79
53 81
53 84
53 85
53 87
53 88
53 91
53 92
53 93
53 94
53 96
53 101
53 103
53 104
53 115
53 118
53 120
53 121
53 127
54 0
54 3
54 4
54 5
54 17
54 18
54 20
54 22
54 23
54 24
54 25
54 26
54 27
54 30
54 32
54 36
54 38
54 42
54 43
54 47
54 50
54 52
54 53
54 57
54 62
54 63
54 65
54 71
54 72
54 75
54 76
54 78
54 79
54 81
54 87
54 90
54 96
54 99
54 101
54 106
54 108
54 115
54 116
54 119
54 127
55 0
55 2
55 3
55 4
55 7
55 8
55 9
55 12
55 15
55 19
55 22
55 24
55 29
55 30
55 36
55 40
55 41
55 45
55 54
55 56
55 64
55 66
55 72
55 73
55 74
55 75
55 86
55 87
55 88
55 90
55 92
55 93
55 97
55 98
55 99
55 100
55 101
55 103
55 104
55 105
55 106
55 107
55 108
55 109
55 110
55 115
55 120
55 122
55 125
56 3
56 4
56 6
56 7
56 9
56 11
56 14
56 18
56 20
56 21
56 22
56 23
56 24
56 29
56 32
56 39
56 40
56 43
56 45
56 48
56 53
56 55
56 56
56 58
56 59
56 62
56 65
56 68
56 74
56 75
56 76
56 77
56 79
56 80
56 82
56 93
56 95
56 97
56 103
56 105
56 109
56 113
56 118
56 119
56 122
56 124
56 126
56 127
57 3
57 4
57 7
57 9
57 12
57 14
57 16
57 17
57 18
57 19
57 20
57 21
57 25
57 30
57 32
57 36
57 37
57 38
57 41
57 45
57 46
57 47
57 48
57 49
57 50
57 52
57 53
57 55
57 56
57 58
57 59
57 60
57 61
57 63
57 66
57 68
57 69
57 70
57 72
57 74
57 78
57 84
57 85
57 89
57 91
57 92
57 93
57 94
57 96
57 97
57 102
57 104
57 105
57 107
57 108
57 111
57 112
57 113
57 114
57 115
57 116
57 117
57 119
57 120
57 121
57 124
57 126
58 1
58 5
58 7
58 8
58 9
58 13
58 14
58 15
58 16
58 17
58 18
58 25
58 29
58 32
58 33
58 35
58 36
58 39
58 42
58 44
58 48
58 49
58 50
58 53
58 55
58 58
58 61
58 62
58 63
58 67
58 68
58 69
58 70
58 75
58 79
58 80
58 81
58 85
58 88
58 95
58 98
58 102
58 103
58 108
58 109
58 110
58 114
58 116
58 117
58 120
58 122
59 0
59 1
59 3
59 5
59 6
59 9
59 14
59 15
59 23
59 24
59 34
59 40
59 42
59 43
59 44
59 49
59 54
59 55
59 57
59 63
59 64
59 66
59 70
59 75
59 78
59 79
59 82
59 88
59 94
59 96
59 97
59 99
59 100
59 102
59 103
59 107
59 109
59 112
59 113
59 114
59 116
59 118
59 127
60 1
60 3
60 9
60 10
60 12
60 13
60 14
60 17
60 18
60 21
60 23
60 25
60 31
60 34
60 37
60 40
60 42
60 44
60 51
60 52
60 55
60 58
60 62
60 66
60 68
60 70
60 71
60 72
60 73
60 74
60 83
60 85
60 89
60 90
60 94
60 95
60 97
60 99
60 102
60 104
60 105
60 108
60 110
60 113
60 116
60 121
60 125
61 0
61 1
61 2
61 3
61 6
61 7
61 8
61 10
61 11
61 15
61 16
61 19
61 20
61 23
61 24
61 26
61 31
61 32
61 33
61 42
61 45
61 48
61 51
61 52
61 53
61 54
61 55
61 57
61 65
61 67
61 69
61 73
61 77
61 79
61 81
61 83
61 84
61 86
61 87
61 90
61 92
61 99
61 101
61 105
61 106
61 110
61 113
61 117
61 118
61 119
61 120
61 124
61 126
62 0
62 1
62 2
62 3
62 5
62 6
62 8
62 9
62 11
62 12
62 17
62 18
62 19
62 20
62 21
62 22
62 24
62 25
62 26
62 28
62 31
62 36
62 37
62 38
62 39
62 41
62 43
62 50
62 51
62 57
62 59
62 66
62 67
62 74
62 76
62 78
62 80
62 81
62 84
62 85
62 87
62 88
62 89
62 93
62 95
62 96
62 99
62 100
62 102
62 106
62 107
62 108
62 109
62 111
62 113
62 114
62 117
62 118
62 119
62 124
62 125
62 126
62 127
63 0
63 2
63 3
63 7
63 10
63 12
63 13
63 14
63 22
63 23
63 24
63 26
63 27
63 28
63 29
63 31
63 34
63 36
63 42
63 43
63 50
63 53
63 56
63 62
63 69
63 71
63 74
63 75
63 82
63 85
63 86
63 87
63 89
63 91
63 94
63 96
63 98
63 99
63 108
63 114
63 116
63 118
63 120
63 122
63 124
63 126
64 3
64 8
64 9
64 10
64 15
64 16
64 18
64 20
64 21
64 23
64 26
64 28
64 29
64 40
64 42
64 44
64 45
64 49
64 53
64 55
64 60
64 65
64 66
64 67
64 70
64 73
64 76
64 77
64 78
64 80
64 83
64 84
64 85
64 87
64 88
64 91
64 93
64 95
64 98
64 99
64 102
64 103
64 105
64 106
64 109
64 110
64 115
64 116
64 117
64 118
64 124
64 126
65 0
65 4
65 5
65 6
65 10
65 11
65 13
65 16
65 21
65 23
65 26
65 27
65 28
65 31
65 32
65 33
65 35
65 36
65 38
65 43
65 49
65 50
65 51
65 54
65 56
65 57
65 58
65 61
65 62
65 65
65 69
65 73
65 80
65 81
65 86
65 97
65 103
65 107
65 109
65 110
65 113
65 115
65 117
65 118
65 121
65 122
65 124
66 0
66 1
66 4
66 5
66 6
66 11
66 12
66 17
66 21
66 23
66 25
66 27
66 30
66 32
66 35
66 49
66 50
66 52
66 53
66 54
66 56
66 57
66 60
66 61
66 62
66 63
66 66
66 67
66 74
66 76
66 77
66 78
66 79
66 83
66 92
66 96
66 102
66 108
66 109
66 113
66 114
66 115
66 116
66 117
66 118
66 119
66 120
66 122
66 126
67 0
67 1
67 5
67 7
67 8
67 9
67 10
67 12
67 13
67 16
67 18
67 19
67 26
67 28
67 29
67 30
67 31
67 34
67 37
67 39
67 42
67 46
67 47
67 50
67 54
67 58
67 60
67 62
67 63
67 68
67 73
67 75
67 76
67 81
67 82
67 85
67 89
67 95
67 96
67 99
67 101
67 102
67 105
67 108
67 109
67 115
67 117
67 119
67 120
67 121
67 122
67 123
67 126
68 1
68 2
68 5
68 10
68 11
68 12
68 16
68 19
68 24
68 25
68 28
68 30
68 31
68 34
68 37
68 39
68 41
68 47
68 48
68 50
68 51
68 52
68 53
68 58
68 59
68 66
68 68
68 69
68 70
68 73
68 74
68 75
68 80
68 87
68 88
68 89
68 90
68 91
68 94
68 96
68 97
68 100
68 101
68 103
68 104
68 107
68 111
68 112
68 115
68 119
68 122
68 124
68 127
69 10
69 11
69 18
69 19
69 24
69 26
69 28
69 29
69 30
69 32
69 33
69 34
69 37
69 38
69 41
69 48
69 52
69 59
69 66
69 67
69 68
69 70
69 71
69 76
69 77
69 78
69 83
69 84
69 91
69 92
69 98
69 99
69 106
69 109
69 111
69 114
69 115
69 117
69 118
69 122
69 126
70 8
70 9
70 15
70 16
70 17
70 20
70 24
70 25
70 26
70 27
70 35
70 39
70 41
70 44
70 45
70 51
70 52
70 62
70 63
70 70
70 71
70 72
70 75
70 76
70 79
70 80
70 81
70 84
70 85
70 86
70 87
70 89
70 91
70 94
70 95
70 103
70 108
70 112
70 113
70 114
70 118
70 122
70 123
70 126
71 2
71 5
71 9
71 10
71 11
71 13
71 14
71 20
71 26
71 27
71 33
71 34
71 35
71 37
71 38
71 39
71 40
71 41
71 45
71 49
71 51
71 52
71 53
71 55
71 58
71 59
71 60
71 61
71 63
71 70
71 72
71 73
71 74
71 77
71 78
71 80
71 83
71 86
71 88
71 89
71 90
71 91
71 92
71 104
71 107
71 108
71 110
71 112
71 113
71 114
71 121
71 123
71 126
72 3
72 6
72 7
72 9
72 10
72 11
72 12
72 14
72 15
72 16
72 17
72 18
72 19
72 23
72 24
72 25
72 26
72 28
72 31
72 32
72 34
72 35
72 39
72 41
72 44
72 46
72 48
72 50
72 51
72 52
72 55
72 56
72 57
72 59
72 60
72 63
72 64
72 66
72 70
72 71
72 72
72 74
72 75
72 77
72 82
72 83
72 87
72 89
72 90
72 91
72 93
72 94
72 97
72 98
72 102
72 103
72 104
72 113
72 115
72 116
72 118
72 120
72 121
72 123
72 124
72 125
72 126
73 0
73 1
73 2
73 3
73 4
73 6
73 12
73 16
73 19
73 22
73 26
73 31
73 33
73 34
73 36
73 37
73 39
73 43
73 44
73 46
73 48
73 51
73 53
73 55
73 58
73 59
73 60
73 61
73 63
73 64
73 65
73 68
73 70
73 71
73 72
73 77
73 79
73 83
73 88
73 90
73 92
73 96
73 100
73 102
73 104
73 105
73 108
73 109
73 112
73 115
73 123
74 0
74 2
74 3
74 5
74 6
74 11
74 14
74 20
74 23
74 24
74 25
74 29
74 30
74 31
74 35
74 36
74 37
74 39
74 41
74 43
74 44
74 46
74 53
74 54
74 56
74 59
74 60
74 66
74 68
74 70
74 73
74 74
74 76
74 78
74 83
74 84
74 87
74 89
74 91
74 93
74 95
74 98
74 100
74 101
74 102
74 103
74 109
74 110
74 114
74 115
74 118
74 121
74 122
74 123
74 124
74 125
75 0
75 1
75 6
75 8
75 12
75 14
75 18
75 20
75 21
75 22
75 29
75 31
75 34
75 35
75 40
75 42
75 52
75 53
75 54
75 56
75 57
75 60
75 61
75 63
75 66
75 68
75 72
75 75
75 76
75 84
75 90
75 92
75 95
75 97
75 100
75 104
75 105
75 108
75 114
75 115
75 116
75 118
75 122
75 125
75 127
76 0
76 2
76 5
76 11
76 13
76 20
76 21
76 24
76 26
76 29
76 30
76 31
76 32
76 35
76 37
76 41
76 50
76 53
76 54
76 55
76 57
76 59
76 60
76 62
76 64
76 65
76 67
76 70
76 71
76 74
76 76
76 80
76 88
76 91
76 95
76 97
76 99
76 102
76 113
76 117
76 118
76 124
76 127
77 1
77 2
77 6
77 7
77 9
77 10
77 11
77 20
77 22
77 24
77 25
77 28
77 34
77 37
77 39
77 40
77 41
77 42
77 45
77 46
77 50
77 52
77 53
77 55
77 58
77 60
77 62
77 65
77 72
77 73
77 76
77 78
77 80
77 84
77 85
77 86
77 94
77 96
77 97
77 98
77 101
77 104
77 105
77 109
77 112
77 113
77 114
77 123
77 125
77 127
78 2
78 3
78 5
78 9
78 10
78 16
78 19
78 20
78 21
78 23
78 26
78 29
78 30
78 33
78 35
78 38
78 43
78 44
78 47
78 48
78 49
78 51
78 53
78 54
78 55
78 59
78 62
78 63
78 64
78 70
78 71
78 75
78 76
78 77
78 79
78 82
78 86
78 89
78 90
78 91
78 92
78 94
78 96
78 97
78 99
78 102
78 109
78 110
78 112
78 115
78 117
78 118
78 119
78 121
78 124
78 126
79 2
79 3
79 7
79 9
79 12
79 13
79 19
79 20
79 26
79 28
79 29
79 30
79 31
79 33
79 34
79 38
79 41
79 43
79 44
79 46
79 47
79 56
79 63
79 64
79 65
79 66
79 67
79 70
79 73
79 77
79 79
79 80
79 81
79 93
79 101
79 103
79 104
79 105
79 109
79 111
79 114
79 119
79 122
79 123
79 124
79 127
80 7
80 9
80 14
80 18
80 19
80 21
80 22
80 23
80 24
80 25
80 27
80 30
80 32
80 37
80 38
80 40
80 41
80 43
80 44
80 45
80 48
80 51
80 53
80 54
80 56
80 62
80 66
80 67
80 71
80 78
80 79
80 88
80 90
80 91
80 94
80 95
80 96
80 98
80 101
80 102
80 104
80 111
80 112
80 113
80 116
80 119
80 120
80 123
81 1
81 3
81 7
81 8
81 9
81 10
81 11
81 12
81 14
81 15
81 16
81 18
81 19
81 26
81 27
81 30
81 31
81 42
81 44
81 45
81 47
81 51
81 63
81 64
81 65
81 66
81 67
81 69
81 70
81 71
81 85
81 89
81 90
81 93
81 94
81 95
81 97
81 98
81 102
81 104
81 105
81 106
81 112
81 115
81 117
81 118
81 119
81 120
81 122
81 123
81 124
82 0
82 7
82 8
82 9
82 10
82 11
82 20
82 22
82 25
82 30
82 33
82 35
82 36
82 38
82 49
82 51
82 52
82 53
82 55
82 60
82 61
82 62
82 68
82 71
82 73
82 76
82 79
82 82
82 83
82 87
82 90
82 91
82 92
82 93
82 96
82 97
82 99
82 104
82 106
82 107
82 117
82 122
82 125
83 1
83 4
83 5
83 9
83 12
83 15
83 19
83 22
83 24
83 27
83 29
83 30
83 32
83 33
83 34
83 38
83 42
83 43
83 44
83 45
83 47
83 48
83 51
83 53
83 55
83 57
83 62
83 64
83 69
83 70
83 77
83 78
83 79
83 80
83 82
83 88
83 89
83 90
83 92
83 93
83 94
83 96
83 100
83 101
83 102
83 110
83 113
83 114
83 115
84 1
84 2
84 3
84 8
84 10
84 11
84 17
84 18
84 23
84 26
84 29
84 36
84 38
84 43
84 47
84 48
84 50
84 52
84 55
84 56
84 59
84 60
84 61
84 65
84 67
84 77
84 78
84 80
84 83
84 87
84 90
84 92
84 93
84 95
84 96
84 98
84 100
84 101
84 102
84 108
84 109
84 110
84 111
84 112
84 113
84 117
84 122
84 123
84 125
84 126
85 0
85 1
85 3
85 4
85 5
85 7
85 11
85 15
85 16
85 17
85 18
85 20
85 22
85 25
85 30
85 36
85 39
85 40
85 43
85 46
85 47
85 53
85 57
85 58
85 64
85 65
85 67
85 68
85 69
85 71
85 75
85 79
85 80
85 84
85 87
85 88
85 100
85 102
85 105
85 106
85 107
85 108
85 112
85 113
85 115
85 119
85 120
85 121
85 122
85 125
85 126
85 127
86 0
86 9
86 10
86 11
86 12
86 13
86 14
86 15
86 16
86 17
86 18
86 20
86 21
86 26
86 27
86 31
86 32
86 34
86 35
86 36
86 40
86 41
86 42
86 43
86 44
86 51
86 52
86 53
86 56
86 57
86 58
86 59
86 60
86 62
86 65
86 70
86 71
86 72
86 73
86 74
86 76
86 79
86 81
86 83
86 85
86 90
86 92
86 93
86 98
86 102
86 103
86 106
86 107
86 110
86 112
86 113
86 114
86 115
86 116
86 117
86 119
86 120
86 121
86 122
87 0
87 1
87 2
87 4
87 10
87 11
87 13
87 14
87 15
87 22
87 23
87 29
87 33
87 34
87 35
87 42
87 44
87 46
87 48
87 51
87 52
87 56
87 57
87 60
87 61
87 71
87 74
87 76
87 77
87 78
87 79
87 84
87 88
87 92
87 95
87 96
87 97
87 101
87 102
87 103
87 104
87 108
87 112
87 113
87 115
87 122
87 123
87 124
87 127
88 2
88 5
88 6
88 7
88 9
88 13
88 14
88 15
88 18
88 19
88 23
88 27
88 31
88 33
88 34
88 35
88 36
88 38
88 39
88 40
88 46
88 47
88 48
88 49
88 51
88 52
88 53
88 54
88 55
88 59
88 62
88 63
88 64
88 67
88 70
88 71
88 74
88 76
88 79
88 84
88 95
88 96
88 100
88 106
88 107
88 110
88 115
88 117
88 120
88 122
88 123
88 125
88 127
89 1
89 7
89 8
89 10
89 12
89 13
89 16
89 23
89 25
89 28
89 32
89 35
89 36
89 38
89 53
89 56
89 57
89 62
89 65
89 67
89 69
89 71
89 74
89 79
89 83
89 85
89 87
89 88
89 89
89 90
89 94
89 98
89 99
89 100
89 102
89 103
89 105
89 106
89 110
89 113
89 114
89 116
89 117
89 120
89 125
89 127
90 3
90 4
90 6
90 7
90 10
90 12
90 15
90 17
90 18
90 19
90 22
90 23
90 24
90 25
90 26
90 27
90 29
90 44
90 46
90 48
90 49
90 50
90 52
90 53
90 57
90 63
90 65
90 66
90 67
90 68
90 74
90 77
90 84
90 85
90 89
90 91
90 93
90 94
90 100
90 103
90 104
90 107
90 114
90 116
90 118
90 119
90 123
90 124
90 125
91 1
91 4
91 5
91 10
91 11
91 13
91 14
91 16
91 19
91 20
91 27
91 28
91 30
91 35
91 37
91 38
91 39
91 43
91 48
91 53
91 55
91 56
91 57
91 62
91 64
91 65
91 66
91 67
91 68
91 72
91 73
91 74
91 75
91 76
91 77
91 78
91 80
91 81
91 83
91 86
91 90
91 95
91 96
91 98
91 101
91 103
91 105
91 106
91 108
91 110
91 112
91 113
91 114
91 116
91 117
91 118
91 122
91 123
91 124
91 126
92 0
92 2
92 3
92 4
92 8
92 9
92 11
92 12
92 16
92 19
92 23
92 24
92 25
92 34
92 35
92 38
92 39
92 44
92 45
92 48
92 49
92 51
92 53
92 54
92 58
92 64
92 77
92 78
92 85
92 92
92 93
92 94
92 97
92 100
92 101
92 104
92 106
92 107
92 109
92 110
92 114
92 115
92 120
92 126
93 0
93 7
93 8
93 9
93 10
93 11
93 19
93 21
93 23
93 24
93 28
93 30
93 33
93 36
93 37
93 38
93 40
93 41
93 44
93 49
93 51
93 54
93 56
93 58
93 66
93 68
93 70
93 71
93 74
93 82
93 85
93 86
93 87
93 88
93 91
93 92
93 95
93 97
93 98
93 99
93 100
93 108
93 109
93 110
93 114
93 115
93 116
93 117
93 119
93 120
93 123
93 126
94 0
94 5
94 6
94 8
94 9
94 14
94 15
94 17
94 18
94 20
94 22
94 24
94 27
94 28
94 29
94 30
94 32
94 34
94 36
94 40
94 42
94 44
94 45
94 48
94 49
94 53
94 54
94 60
94 67
94 72
94 73
94 80
94 81
94 88
94 91
94 96
94 98
94 100
94 101
94 104
94 106
94 107
94 108
94 110
94 113
94 115
94 121
94 123
94 126
95 2
95 3
95 7
95 8
95 11
95 16
95 17
95 18
95 19
95 21
95 24
95 26
95 32
95 33
95 35
95 36
95 37
95 38
95 39
95 40
95 42
95 46
95 49
95 51
95 56
95 59
95 61
95 62
95 64
95 65
95 66
95 69
95 71
95 73
95 74
95 75
95 76
95 79
95 80
95 82
95 84
95 85
95 86
95 87
95 89
95 92
95 93
95 94
95 96
95 102
95 103
95 105
95 106
95 110
95 111
95 112
95 115
95 117
95 120
95 123
96 0
96 2
96 3
96 7
96 13
96 15
96 16
96 18
96 20
96 21
96 22
96 25
96 36
96 37
96 43
96 45
96 46
96 47
96 48
96 52
96 53
96 55
96 60
96 62
96 63
96 65
96 69
96 78
96 81
96 83
96 86
96 87
96 88
96 91
96 95
96 99
96 106
96 107
96 109
96 110
96 111
96 114
96 117
96 124
96 125
96 127
97 1
97 2
97 3
97 5
97 6
97 11
97 15
97 16
97 17
97 22
97 28
97 30
97 35
97 39
97 46
97 49
97 50
97 51
97 53
97 63
97 65
97 68
97 71
97 73
97 74
97 77
97 78
97 80
97 83
97 85
97 87
97 89
97 91
97 92
97 99
97 102
97 107
97 108
97 111
97 113
97 116
97 117
97 119
97 122
97 124
97 125
98 1
98 4
98 5
98 7
98 8
98 9
98 12
98 22
98 25
98 30
98 32
98 34
98 35
98 36
98 38
98 40
98 43
98 49
98 52
98 53
98 55
98 56
98 57
98 60
98 63
98 64
98 66
98 74
98 76
98 79
98 80
98 82
98 83
98 87
98 90
98 91
98 92
98 93
98 94
98 96
98 97
98 98
98 99
98 100
98 105
98 108
98 109
98 110
98 115
98 116
98 120
98 121
98 124
98 126
98 127
99 0
99 2
99 4
99 6
99 7
99 8
99 11
99 13
99 16
99 19
99 24
99 27
99 29
99 30
99 32
99 34
99 38
99 43
99 44
99 47
99 48
99 56
99 61
99 66
99 69
99 76
99 78
99 80
99 83
99 85
99 86
99 88
99 89
99 90
99 92
99 94
99 95
99 96
99 98
99 100
99 102
99 103
99 108
99 109
99 111
99 117
99 120
99 121
99 122
99 125
99 127
100 0
100 1
100 2
100 4
100 14
100 17
100 20
100 26
100 27
100 28
100 29
100 30
100 32
100 36
100 37
100 41
100 42
100 43
100 49
100 50
100 51
100 52
100 53
100 56
100 57
100 59
100 61
100 63
100 65
100 68
100 69
100 73
100 74
100 78
100 79
100 84
100 85
100 88
100 89
100 90
100 92
100 93
100 99
100 102
100 104
100 105
100 108
100 111
100 112
100 114
100 115
100 119
100 121
100 122
100 125
101 2
101 4
101 5
101 7
101 8
101 9
101 10
101 12
101 21
101 22
101 26
101 27
101 29
101 31
101 33
101 36
101 37
101 39
101 41
101 42
101 47
101 49
101 54
101 55
101 56
101 57
101 60
101 61
101 62
101 66
101 70
101 71
101 72
101 74
101 76
101 77
101 78
101 79
101 86
101 87
101 90
101 92
101 94
101 96
101 98
101 99
101 102
101 105
101 106
101 107
101 117
101 118
101 120
102 9
102 11
102 15
102 16
102 17
102 19
102 22
102 24
102 26
102 27
102 28
102 29
102 31
102 32
102 37
102 38
102 42
102 43
102 44
102 48
102 50
102 52
102 59
102 63
102 66
102 72
102 74
102 75
102 76
102 78
102 81
102 84
102 85
102 87
102 89
102 94
102 100
102 101
102 106
102 114
102 115
102 120
102 121
102 122
102 123
102 124
102 125
102 126
103 2
103 3
103 10
103 11
103 16
103 17
103 19
103 23
103 24
103 26
103 28
103 31
103 32
103 34
103 36
103 37
103 41
103 44
103 45
103 48
103 49
103 51
103 54
103 55
103 59
103 60
103 61
103 62
103 66
103 69
103 70
103 71
103 74
103 76
103 80
103 82
103 86
103 91
103 94
103 95
103 96
103 97
103 102
103 103
103 104
103 107
103 109
103 115
103 116
103 119
103 120
103 121
104 0
104 2
104 3
104 4
104 8
104 10
104 11
104 13
104 14
104 16
104 17
104 18
104 20
104 26
104 31
104 32
104 39
104 41
104 44
104 46
104 48
104 51
104 55
104 59
104 61
104 63
104 64
104 66
104 67
104 68
104 76
104 77
104 81
104 82
104 83
104 84
104 86
104 90
104 91
104 94
104 95
104 96
104 98
104 99
104 100
104 103
104 111
104 114
104 121
105 0
105 2
105 6
105 7
105 15
105 16
105 17
105 18
105 19
105 24
105 25
105 30
105 31
105 33
105 34
105 35
105 40
105 43
105 45
105 47
105 51
105 53
105 54
105 57
105 58
105 62
105 63
105 69
105 70
105 73
105 74
105 75
105 77
105 78
105 79
105 84
105 86
105 92
105 94
105 98
105 101
105 102
105 105
105 106
105 108
105 109
105 111
105 112
105 113
105 115
105 120
105 121
105 126
105 127
106 1
106 3
106 4
106 8
106 9
106 10
106 12
106 13
106 15
106 17
106 19
106 20
106 21
106 23
106 24
106 27
106 28
106 29
106 31
106 32
106 33
106 35
106 36
106 40
106 47
106 48
106 53
106 54
106 57
106 59
106 61
106 62
106 63
106 67
106 69
106 73
106 79
106 82
106 87
106 88
106 89
106 90
106 98
106 99
106 101
106 102
106 106
106 107
106 108
106 110
106 111
106 115
106 118
106 120
106 122
106 127
107 0
107 2
107 4
107 6
107 10
107 11
107 14
107 17
107 19
107 21
107 22
107 24
107 26
107 33
107 37
107 39
107 40
107 45
107 47
107 52
107 53
107 54
107 61
107 62
107 63
107 65
107 68
107 70
107 73
107 77
107 78
107 82
107 83
107 84
107 86
107 93
107 103
107 105
107 110
107 112
107 114
107 115
107 116
107 117
107 122
107 125
107 127
108 3
108 4
108 6
108 7
108 12
108 14
108 15
108 16
108 18
108 20
108 23
108 25
108 29
108 30
108 33
108 34
108 35
108 36
108 37
108 41
108 42
108 47
108 48
108 51
108 59
108 63
108 67
108 68
108 69
108 70
108 75
108 77
108 78
108 79
108 82
108 83
108 84
108 86
108 89
108 90
108 95
108 97
108 98
108 99
108 100
108 106
108 110
108 113
108 118
108 125
109 1
109 3
109 4
109 6
109 8
109 9
109 11
109 12
109 13
109 14
109 15
109 17
109 19
109 20
109 21
109 23
109 24
109 25
109 27
109 31
109 32
109 35
109 36
109 37
109 40
109 43
109 45
109 47
109 49
109 53
109 57
109 59
109 61
109 63
109 64
109 65
109 66
109 69
109 75
109 76
109 80
109 82
109 83
109 84
109 86
109 89
109 91
109 94
109 96
109 97
109 98
109 99
109 100
109 104
109 105
109 107
109 111
109 112
109 115
109 117
109 118
109 120
109 122
109 123
109 126
109 127
110 0
110 2
110 5
110 6
110 7
110 8
110 9
110 10
110 14
110 16
110 17
110 21
110 24
110 25
110 26
110 28
110 29
110 30
110 32
110 33
110 35
110 37
110 38
110 39
110 42
110 43
110 51
110 58
110 65
110 66
110 68
110 69
110 70
110 72
110 76
110 79
110 81
110 82
110 83
110 86
110 90
110 92
110 94
110 98
110 99
110 102
110 103
110 108
110 113
110 115
110 117
110 119
110 122
110 124
111 0
111 3
111 4
111 6
111 7
111 8
111 10
111 14
111 16
111 17
111 22
111 23
111 27
111 30
111 35
111 43
111 44
111 46
111 47
111 52
111 53
111 57
111 58
111 60
111 63
111 64
111 65
111 66
111 67
111 68
111 70
111 73
111 74
111 76
111 77
111 81
111 82
111 85
111 90
111 91
111 93
111 96
111 97
111 98
111 101
111 106
111 109
111 110
111 113
111 117
111 118
111 119
111 120
111 122
111 126
112 1
112 6
112 11
112 15
112 16
112 17
112 19
112 26
112 27
112 29
112 32
112 33
112 35
112 37
112 40
112 43
112 44
112 45
112 46
112 50
112 52
112 58
112 63
112 71
112 75
112 76
112 79
112 82
112 84
112 85
112 86
112 87
112 91
112 93
112 96
112 104
112 105
112 106
112 107
112 108
112 109
112 116
112 125
112 126
112 127
113 1
113 4
113 7
113 19
113 21
113 26
113 29
113 34
113 35
113 36
113 38
113 43
113 45
113 46
113 50
113 55
113 58
113 61
113 62
113 64
113 65
113 67
113 69
113 72
113 74
113 78
113 79
113 80
113 81
113 82
113 83
113 84
113 88
113 91
113 97
113 98
113 99
113 100
113 101
113 102
113 103
113 104
113 108
113 109
113 110
113 111
113 114
113 119
113 120
113 127
114 0
114 1
114 3
114 4
114 6
114 8
114 10
114 17
114 20
114 22
114 23
114 24
114 27
114 30
114 33
114 35
114 44
114 45
114 48
114 49
114 50
114 54
114 57
114 59
114 60
114 61
114 63
114 69
114 71
114 74
114 77
114 78
114 80
114 82
114 87
114 88
114 89
114 90
114 93
114 94
114 98
114 99
114 104
114 105
114 106
114 107
114 110
114 111
114 113
114 115
114 120
114 122
114 123
114 124
114 125
114 127
115 9
115 12
115 13
115 18
115 20
115 21
115 23
115 27
115 28
115 30
115 32
115 33
115 34
115 37
115 38
115 40
115 41
115 42
115 44
115 46
115 49
115 56
115 57
115 64
115 67
115 70
115 72
115 73
115 75
115 76
115 81
115 82
115 83
115 87
115 90
115 91
115 93
115 95
115 96
115 97
115 100
115 102
115 103
115 110
115 115
115 116
115 123
115 124
115 125
115 127
116 2
116 5
116 8
116 12
116 13
116 14
116 15
116 16
116 17
116 18
116 22
116 29
116 32
116 38
116 41
116 42
116 44
116 47
116 49
116 51
116 53
116 54
116 55
116 56
116 58
116 60
116 66
116 67
116 70
116 71
116 72
116 73
116 74
116 75
116 79
116 81
116 82
116 85
116 88
116 90
116 92
116 93
116 94
116 95
116 98
116 103
116 106
116 108
116 109
116 114
116 117
116 119
116 122
116 123
116 127
117 0
117 2
117 3
117 4
117 10
117 13
117 14
117 22
117 24
117 26
117 29
117 31
117 35
117 36
117 37
117 45
117 47
117 51
117 52
117 53
117 55
117 56
117 57
117 62
117 65
117 72
117 73
117 80
117 81
117 82
117 83
117 87
117 92
117 94
117 95
117 100
117 101
117 103
117 105
117 106
117 107
117 108
117 111
117 112
117 117
117 118
117 123
118 1
118 5
118 7
118 11
118 13
118 16
118 18
118 20
118 22
118 24
118 27
118 28
118 29
118 35
118 36
118 38
118 40
118 42
118 44
118 49
118 50
118 53
118 55
118 59
118 63
118 64
118 65
118 71
118 76
118 77
118 78
118 82
118 84
118 86
118 87
118 89
118 90
118 92
118 94
118 96
118 101
118 107
118 108
118 113
118 114
118 115
118 121
118 122
118 127
119 0
119 3
119 5
119 10
119 11
119 14
119 15
119 16
119 19
119 20
119 27
119 30
119 31
119 32
119 33
119 39
119 41
119 45
119 46
119 48
119 51
119 52
119 53
119 54
119 55
119 57
119 58
119 59
119 60
119 71
119 74
119 75
119 77
119 82
119 83
119 87
119 91
119 94
119 96
119 97
119 101
119 104
119 105
119 107
119 108
119 111
119 113
119 114
119 115
119 117
119 118
119 119
119 120
119 126
119 127
120 1
120 3
120 5
120 6
120 7
120 8
120 11
120 13
120 15
120 16
120 20
120 23
120 24
120 25
120 27
120 29
120 30
120 32
120 34
120 37
120 38
120 41
120 45
120 46
120 49
120 50
120 52
120 53
120 56
120 57
120 64
120 65
120 67
120 69
120 70
120 71
120 74
120 76
120 80
120 82
120 90
120 91
120 93
120 94
120 95
120 98
120 100
120 106
120 108
120 109
120 110
120 112
120 113
120 114
120 118
120 122
120 126
120 127
121 0
121 1
121 2
121 7
121 8
121 15
121 18
121 22
121 24
121 26
121 29
121 30
121 32
121 33
121 36
121 39
121 43
121 46
121 48
121 52
121 54
121 58
121 64
121 69
121 73
121 76
121 80
121 83
121 84
121 88
121 89
121 90
121 92
121 93
121 96
121 99
121 106
121 111
121 113
121 115
121 120
121 121
121 123
121 126
121 127
122 0
122 4
122 6
122 9
122 12
122 15
122 17
122 18
122 19
122 24
122 27
122 30
122 31
122 36
122 37
122 38
122 40
122 44
122 45
122 51
122 52
122 53
122 54
122 55
122 62
122 63
122 64
122 65
122 66
122 67
122 68
122 70
122 72
122 73
122 75
122 77
122 80
122 81
122 83
122 85
122 86
122 89
122 95
122 97
122 98
122 102
122 106
122 109
122 110
122 116
122 120
122 124
122 125
122 126
122 127
123 2
123 4
123 5
123 6
123 12
123 21
123 25
123 27
123 28
123 30
123 32
123 33
123 34
123 39
123 41
123 42
123 46
123 49
123 50
123 52
123 53
123 54
123 63
123 64
123 65
123 66
123 68
123 74
123 76
123 77
123 79
123 81
123 85
123 87
123 89
123 90
123 91
123 93
123 94
123 95
123 97
123 101
123 103
123 111
123 113
123 119
123 123
123 125
123 126
124 5
124 6
124 12
124 13
124 14
124 16
124 18
124 22
124 25
124 27
124 28
124 31
124 33
124 39
124 41
124 42
124 43
124 45
124 47
124 52
124 55
124 60
124 63
124 64
124 67
124 70
124 72
124 78
124 80
124 83
124 85
124 86
124 88
124 89
124 91
124 92
124 98
124 100
124 101
124 102
124 107
124 108
124 110
124 111
124 112
124 114
124 117
124 122
124 125
124 127
125 2
125 4
125 5
125 8
125 11
125 12
125 14
125 16
125 21
125 22
125 25
125 28
125 29
125 32
125 34
125 36
125 38
125 47
125 53
125 54
125 57
125 58
125 59
125 61
125 65
125 67
125 68
125 72
125 78
125 81
125 82
125 83
125 84
125 85
125 89
125 91
125 97
125 101
125 102
125 103
125 106
125 107
125 110
125 111
125 115
125 118
125 121
125 123
125 124
126 1
126 2
126 5
126 12
126 13
126 20
126 21
126 24
126 25
126 29
126 30
126 31
126 33
126 34
126 35
126 36
126 38
126 40
126 45
126 46
126 49
126 52
126 56
126 58
126 60
126 63
126 67
126 77
126 80
126 81
126 82
126 83
126 85
126 86
126 87
126 89
126 90
126 95
126 96
126 98
126 100
126 101
126 102
126 103
126 104
126 106
126 108
126 113
126 118
126 125
127 2
127 3
127 5
127 6
127 9
127 11
127 12
127 13
127 16
127 17
127 18
127 20
127 24
127 27
127 29
127 35
127 36
127 39
127 40
127 42
127 47
127 50
127 51
127 54
127 59
127 60
127 63
127 65
127 67
127 68
127 77
127 82
127 86
127 87
127 89
127 94
127 95
127 96
127 99
127 101
127 102
127 109
127 110
127 111
127 112
127 116
127 122
127 127
