0 3
0 4
0 8
0 9
0 13
0 14
0 18
0 22
0 24
0 26
0 31
0 32
0 34
0 35
0 40
0 43
0 44
0 51
0 52
0 55
0 61
0 62
0 63
0 65
0 66
0 71
0 74
0 75
0 76
0 77
0 78
0 79
0 89
0 92
0 93
0 97
0 98
0 99
0 103
0 109
0 114
0 117
0 118
0 119
0 124
0 127
1 2
1 10
1 12
1 26
1 28
1 33
1 36
1 37
1 39
1 41
1 42
1 43
1 44
1 49
1 57
1 58
1 60
1 62
1 63
1 76
1 77
1 80
1 82
1 86
1 88
1 89
1 90
1 93
1 95
1 99
1 104
1 114
1 117
1 119
1 121
1 122
1 124
1 125
1 127
2 3
2 6
2 7
2 8
2 10
2 14
2 15
2 20
2 23
2 25
2 27
2 31
2 40
2 44
2 45
2 46
2 47
2 48
2 63
2 64
2 65
2 71
2 73
2 75
2 78
2 79
2 82
2 90
2 92
2 94
2 95
2 104
2 111
2 114
2 120
2 124
2 127
3 1
3 3
3 4
3 5
3 6
3 12
3 15
3 18
3 20
3 21
3 23
3 28
3 31
3 33
3 35
3 36
3 37
3 44
3 46
3 50
3 51
3 56
3 59
3 61
3 63
3 77
3 79
3 82
3 83
3 89
3 95
3 97
3 101
3 102
3 105
3 117
3 118
3 121
3 124
4 3
4 5
4 9
4 10
4 12
4 14
4 15
4 21
4 23
4 24
4 27
4 30
4 32
4 34
4 41
4 42
4 47
4 51
4 52
4 55
4 58
4 60
4 62
4 65
4 66
4 69
4 78
4 79
4 81
4 83
4 84
4 92
4 98
4 104
4 108
4 112
4 114
4 116
4 118
4 122
4 123
4 127
5 1
5 3
5 7
5 24
5 27
5 31
5 35
5 36
5 43
5 49
5 52
5 54
5 56
5 58
5 60
5 61
5 64
5 65
5 66
5 69
5 72
5 87
5 88
5 90
5 93
5 96
5 97
5 98
5 103
5 104
5 112
5 113
5 114
5 115
5 118
5 122
5 124
5 125
6 0
6 2
6 9
6 17
6 19
6 22
6 23
6 25
6 26
6 27
6 34
6 37
6 38
6 40
6 43
6 45
6 49
6 52
6 55
6 56
6 60
6 61
6 65
6 72
6 73
6 77
6 81
6 82
6 83
6 87
6 88
6 89
6 90
6 91
6 96
6 97
6 100
6 101
6 103
6 108
6 109
6 113
6 114
6 116
6 118
6 120
6 121
6 122
6 126
7 6
7 8
7 11
7 15
7 16
7 17
7 18
7 20
7 21
7 23
7 24
7 27
7 37
7 39
7 52
7 55
7 59
7 61
7 62
7 63
7 64
7 65
7 67
7 68
7 71
7 72
7 74
7 79
7 80
7 82
7 86
7 90
7 94
7 96
7 99
7 101
7 102
7 104
7 105
7 108
7 110
7 118
7 122
7 126
8 2
8 6
8 7
8 9
8 10
8 13
8 19
8 20
8 30
8 32
8 33
8 34
8 35
8 36
8 38
8 40
8 41
8 42
8 43
8 45
8 49
8 54
8 58
8 66
8 67
8 74
8 77
8 82
8 88
8 89
8 91
8 92
8 95
8 97
8 101
8 104
8 106
8 109
8 110
8 112
8 114
8 118
9 10
9 16
9 17
9 21
9 23
9 26
9 29
9 31
9 37
9 48
9 58
9 61
9 64
9 75
9 77
9 78
9 87
9 89
9 91
9 92
9 93
9 94
9 98
9 99
9 100
9 102
9 104
9 105
9 113
9 122
9 125
9 126
10 14
10 16
10 17
10 19
10 20
10 21
10 25
10 27
10 28
10 35
10 45
10 46
10 50
10 51
10 53
10 57
10 60
10 63
10 65
10 66
10 69
10 73
10 75
10 80
10 82
10 83
10 85
10 87
10 88
10 95
10 96
10 97
10 100
10 102
10 105
10 112
10 117
10 119
10 123
10 125
11 1
11 2
11 3
11 7
11 9
11 14
11 18
11 23
11 25
11 30
11 31
11 34
11 39
11 40
11 41
11 46
11 53
11 55
11 58
11 61
11 63
11 65
11 67
11 73
11 76
11 92
11 94
11 96
11 97
11 98
11 105
11 107
11 113
11 114
11 117
11 121
11 123
11 124
11 127
12 7
12 9
12 13
12 20
12 21
12 23
12 24
12 27
12 39
12 43
12 44
12 45
12 51
12 52
12 57
12 58
12 62
12 63
12 65
12 67
12 69
12 71
12 74
12 76
12 79
12 81
12 84
12 85
12 93
12 94
12 96
12 100
12 101
12 102
12 106
12 111
12 112
12 117
12 119
12 121
12 122
12 124
12 127
13 5
13 7
13 14
13 20
13 21
13 22
13 24
13 25
13 29
13 31
13 33
13 43
13 51
13 52
13 53
13 54
13 58
13 61
13 62
13 63
13 64
13 65
13 69
13 70
13 74
13 76
13 77
13 78
13 80
13 83
13 89
13 92
13 110
13 114
13 115
13 118
13 119
13 123
13 124
14 0
14 2
14 9
14 17
14 25
14 41
14 42
14 47
14 49
14 53
14 57
14 58
14 63
14 65
14 69
14 73
14 76
14 77
14 79
14 94
14 96
14 103
14 110
14 113
14 117
14 125
15 1
15 10
15 16
15 17
15 18
15 25
15 32
15 33
15 34
15 37
15 39
15 43
15 44
15 47
15 48
15 56
15 58
15 62
15 63
15 64
15 68
15 70
15 73
15 82
15 85
15 87
15 91
15 94
15 96
15 97
15 102
15 106
15 108
15 112
15 113
15 117
15 118
15 119
15 120
15 121
15 123
16 5
16 9
16 13
16 14
16 16
16 17
16 27
16 30
16 35
16 36
16 38
16 39
16 40
16 41
16 43
16 47
16 50
16 58
16 61
16 62
16 64
16 65
16 66
16 67
16 74
16 75
16 82
16 83
16 84
16 86
16 88
16 90
16 92
16 104
16 106
16 108
16 110
16 113
16 120
16 123
17 7
17 8
17 10
17 11
17 12
17 14
17 15
17 20
17 25
17 28
17 34
17 35
17 42
17 48
17 58
17 65
17 68
17 70
17 78
17 81
17 85
17 86
17 88
17 89
17 91
17 98
17 104
17 106
17 110
17 111
17 112
17 113
17 116
17 118
18 2
18 3
18 4
18 6
18 8
18 13
18 16
18 20
18 22
18 27
18 31
18 35
18 42
18 63
18 65
18 71
18 75
18 77
18 78
18 80
18 83
18 85
18 89
18 93
18 95
18 96
18 97
18 100
18 102
18 103
18 113
18 116
18 119
18 120
18 122
18 123
19 3
19 6
19 9
19 10
19 11
19 12
19 14
19 22
19 23
19 24
19 26
19 28
19 30
19 32
19 33
19 34
19 35
19 36
19 37
19 41
19 42
19 43
19 45
19 46
19 48
19 50
19 52
19 54
19 58
19 62
19 65
19 67
19 73
19 77
19 83
19 86
19 87
19 88
19 89
19 92
19 102
19 103
19 104
19 108
19 109
19 112
19 114
19 119
19 121
19 125
20 2
20 4
20 5
20 11
20 20
20 24
20 31
20 36
20 37
20 40
20 43
20 46
20 47
20 58
20 63
20 69
20 80
20 82
20 88
20 95
20 97
20 98
20 100
20 104
20 108
20 111
20 114
20 116
20 117
20 119
20 124
20 125
20 126
21 3
21 7
21 9
21 11
21 13
21 24
21 26
21 27
21 38
21 41
21 43
21 47
21 52
21 61
21 64
21 65
21 71
21 76
21 77
21 79
21 90
21 95
21 105
21 107
21 111
21 114
21 120
21 122
21 125
21 127
22 0
22 2
22 4
22 6
22 11
22 15
22 19
22 22
22 26
22 29
22 34
22 39
22 44
22 45
22 49
22 50
22 52
22 53
22 56
22 61
22 72
22 80
22 85
22 89
22 94
22 95
22 97
22 99
22 103
22 109
22 110
22 113
22 117
23 0
23 5
23 7
23 11
23 23
23 25
23 38
23 39
23 40
23 41
23 43
23 44
23 48
23 51
23 57
23 59
23 62
23 64
23 65
23 66
23 67
23 68
23 72
23 76
23 77
23 81
23 88
23 89
23 92
23 100
23 104
23 111
23 112
23 116
23 119
23 123
23 124
23 125
23 126
24 8
24 11
24 13
24 18
24 22
24 23
24 25
24 26
24 28
24 32
24 33
24 44
24 46
24 47
24 48
24 50
24 56
24 63
24 66
24 68
24 70
24 75
24 76
24 77
24 80
24 82
24 84
24 86
24 87
24 89
24 94
24 95
24 96
24 104
24 105
24 108
24 111
24 114
24 116
24 117
24 118
24 120
24 123
24 125
25 5
25 8
25 19
25 22
25 24
25 33
25 38
25 42
25 45
25 48
25 54
25 55
25 63
25 64
25 66
25 70
25 80
25 83
25 85
25 89
25 97
25 98
25 100
25 103
25 109
25 110
25 112
25 113
25 114
25 116
25 117
25 118
25 119
25 127
26 3
26 5
26 8
26 13
26 16
26 17
26 18
26 19
26 21
26 25
26 26
26 29
26 32
26 35
26 37
26 38
26 39
26 41
26 46
26 48
26 53
26 55
26 56
26 61
26 62
26 70
26 76
26 77
26 78
26 82
26 83
26 93
26 96
26 97
26 98
26 102
26 105
26 107
26 109
26 111
26 119
26 125
27 1
27 4
27 8
27 24
27 27
27 32
27 35
27 39
27 44
27 45
27 48
27 52
27 53
27 56
27 60
27 63
27 68
27 69
27 72
27 76
27 82
27 83
27 85
27 86
27 87
27 90
27 92
27 93
27 103
27 110
27 113
27 114
27 116
27 117
27 118
27 119
27 121
27 122
27 127
28 2
28 10
28 14
28 20
28 21
28 23
28 24
28 26
28 27
28 30
28 32
28 33
28 35
28 44
28 49
28 50
28 54
28 55
28 56
28 57
28 60
28 68
28 71
28 73
28 75
28 77
28 81
28 86
28 87
28 95
28 100
28 106
28 108
28 109
28 111
28 115
28 122
28 124
29 0
29 4
29 9
29 14
29 17
29 19
29 20
29 24
29 31
29 35
29 40
29 42
29 46
29 47
29 48
29 49
29 54
29 59
29 60
29 63
29 68
29 87
29 88
29 91
29 92
29 93
29 95
29 97
29 98
29 100
29 103
29 104
29 106
29 108
29 109
29 110
29 111
29 112
29 120
30 2
30 5
30 6
30 9
30 20
30 24
30 25
30 26
30 31
30 35
30 42
30 44
30 45
30 47
30 52
30 59
30 60
30 63
30 65
30 67
30 70
30 71
30 77
30 78
30 79
30 82
30 83
30 85
30 86
30 88
30 89
30 93
30 94
30 95
30 98
30 101
30 103
30 106
30 111
30 113
30 116
30 117
30 119
30 124
30 126
31 0
31 1
31 4
31 5
31 6
31 13
31 18
31 23
31 25
31 32
31 33
31 34
31 41
31 43
31 46
31 48
31 51
31 52
31 53
31 56
31 61
31 62
31 67
31 69
31 73
31 76
31 77
31 78
31 81
31 82
31 84
31 88
31 92
31 94
31 96
31 102
31 104
31 107
31 108
31 112
31 124
31 125
32 1
32 2
32 3
32 7
32 13
32 22
32 26
32 27
32 28
32 32
32 34
32 36
32 37
32 39
32 45
32 51
32 53
32 57
32 58
32 60
32 62
32 63
32 66
32 68
32 69
32 70
32 76
32 79
32 83
32 88
32 95
32 101
32 102
32 104
32 109
32 110
32 115
32 118
32 119
32 123
32 126
33 1
33 3
33 6
33 7
33 9
33 11
33 15
33 16
33 17
33 19
33 22
33 28
33 32
33 34
33 35
33 36
33 47
33 52
33 57
33 67
33 68
33 71
33 74
33 75
33 81
33 82
33 83
33 85
33 89
33 92
33 93
33 100
33 103
33 104
33 105
33 107
33 120
33 121
33 126
33 127
34 3
34 6
34 10
34 11
34 12
34 17
34 18
34 24
34 26
34 30
34 32
34 36
34 38
34 39
34 42
34 48
34 54
34 56
34 63
34 64
34 68
34 73
34 74
34 78
34 92
34 99
34 100
34 101
34 107
34 109
34 115
34 116
34 119
34 121
34 124
34 127
35 1
35 2
35 4
35 14
35 17
35 21
35 25
35 26
35 27
35 31
35 32
35 33
35 34
35 36
35 42
35 47
35 48
35 51
35 53
35 54
35 59
35 61
35 66
35 68
35 72
35 74
35 77
35 78
35 81
35 84
35 85
35 87
35 91
35 92
35 96
35 99
35 103
35 106
35 113
35 115
36 1
36 4
36 9
36 16
36 19
36 26
36 27
36 28
36 32
36 33
36 48
36 55
36 72
36 76
36 77
36 81
36 84
36 85
36 88
36 90
36 93
36 95
36 97
36 99
36 103
36 112
36 123
36 124
36 125
36 126
36 127
37 7
37 9
37 14
37 17
37 18
37 21
37 23
37 29
37 38
37 41
37 46
37 50
37 52
37 53
37 55
37 57
37 61
37 69
37 70
37 79
37 81
37 83
37 88
37 89
37 93
37 94
37 96
37 101
37 110
37 111
37 112
37 115
37 124
37 126
38 5
38 7
38 16
38 17
38 28
38 34
38 35
38 36
38 37
38 40
38 41
38 46
38 48
38 51
38 53
38 54
38 56
38 67
38 73
38 76
38 91
38 93
38 101
38 107
38 124
38 127
39 1
39 2
39 4
39 5
39 9
39 11
39 15
39 20
39 22
39 27
39 29
39 36
39 45
39 49
39 54
39 58
39 62
39 63
39 71
39 76
39 77
39 78
39 93
39 95
39 96
39 97
39 99
39 101
39 104
39 105
39 121
40 0
40 3
40 6
40 7
40 10
40 18
40 19
40 26
40 31
40 35
40 36
40 44
40 49
40 50
40 51
40 58
40 61
40 64
40 65
40 66
40 69
40 73
40 78
40 79
40 88
40 89
40 93
40 104
40 107
40 109
40 121
40 123
40 124
40 125
41 1
41 2
41 5
41 8
41 13
41 14
41 15
41 17
41 19
41 20
41 27
41 29
41 33
41 37
41 38
41 42
41 43
41 46
41 48
41 49
41 50
41 51
41 52
41 53
41 55
41 58
41 59
41 61
41 64
41 67
41 68
41 69
41 70
41 72
41 75
41 76
41 86
41 88
41 90
41 91
41 102
41 104
41 105
41 109
41 110
41 112
41 113
41 123
42 11
42 15
42 17
42 19
42 22
42 24
42 26
42 27
42 30
42 33
42 34
42 35
42 36
42 41
42 42
42 45
42 48
42 51
42 55
42 56
42 58
42 63
42 65
42 66
42 69
42 75
42 77
42 79
42 81
42 83
42 89
42 91
42 92
42 93
42 95
42 97
42 98
42 99
42 103
42 106
42 112
42 117
42 121
42 122
42 123
42 124
42 126
43 0
43 3
43 10
43 23
43 26
43 28
43 32
43 37
43 41
43 47
43 59
43 62
43 65
43 67
43 70
43 72
43 74
43 75
43 76
43 78
43 85
43 88
43 92
43 94
43 97
43 101
43 102
43 109
43 110
43 111
43 113
43 119
43 125
43 127
44 0
44 4
44 5
44 6
44 8
44 9
44 10
44 16
44 23
44 25
44 33
44 36
44 37
44 40
44 42
44 43
44 45
44 46
44 48
44 52
44 53
44 58
44 63
44 64
44 67
44 68
44 70
44 75
44 79
44 80
44 82
44 87
44 89
44 91
44 92
44 93
44 97
44 99
44 102
44 105
44 109
44 110
44 116
44 121
44 122
44 127
45 1
45 4
45 7
45 8
45 10
45 16
45 17
45 22
45 23
45 30
45 33
45 39
45 42
45 43
45 45
45 46
45 49
45 56
45 57
45 61
45 72
45 82
45 83
45 88
45 89
45 91
45 96
45 105
45 109
45 110
45 116
45 117
45 121
45 122
46 2
46 3
46 4
46 5
46 14
46 16
46 19
46 22
46 24
46 25
46 28
46 29
46 31
46 35
46 36
46 37
46 40
46 41
46 43
46 45
46 47
46 49
46 53
46 55
46 56
46 59
46 64
46 67
46 68
46 69
46 72
46 73
46 74
46 79
46 91
46 94
46 99
46 102
46 105
46 106
46 107
46 110
46 114
46 115
46 117
46 119
47 0
47 1
47 4
47 12
47 24
47 26
47 27
47 32
47 33
47 35
47 40
47 46
47 48
47 51
47 56
47 60
47 68
47 70
47 74
47 82
47 84
47 88
47 89
47 94
47 96
47 100
47 101
47 105
47 108
47 109
47 114
47 118
47 120
47 121
47 122
47 127
48 2
48 6
48 8
48 11
48 13
48 15
48 19
48 20
48 22
48 25
48 28
48 34
48 37
48 41
48 42
48 45
48 47
48 55
48 68
48 72
48 80
48 82
48 87
48 88
48 89
48 93
48 100
48 105
48 107
48 112
48 117
48 118
48 119
48 121
48 124
48 127
49 4
49 7
49 9
49 10
49 11
49 15
49 18
49 20
49 21
49 25
49 32
49 33
49 35
49 36
49 39
49 41
49 46
49 51
49 53
49 54
49 55
49 58
49 65
49 68
49 73
49 76
49 79
49 81
49 85
49 88
49 91
49 93
49 97
49 99
49 103
49 104
49 112
49 118
49 121
49 122
50 4
50 12
50 22
50 24
50 32
50 36
50 39
50 43
50 48
50 50
50 55
50 56
50 60
50 61
50 66
50 67
50 73
50 74
50 77
50 84
50 86
50 88
50 89
50 95
50 101
50 103
50 115
50 117
50 119
50 124
50 126
50 127
51 1
51 6
51 9
51 10
51 12
51 13
51 14
51 18
51 20
51 25
51 26
51 27
51 31
51 33
51 36
51 37
51 39
51 42
51 44
51 46
51 51
51 57
51 60
51 64
51 65
51 67
51 69
51 75
51 78
51 81
51 84
51 85
51 93
51 95
51 96
51 98
51 99
51 106
51 115
51 116
51 118
51 120
51 123
52 2
52 5
52 9
52 10
52 11
52 15
52 19
52 22
52 23
52 24
52 29
52 32
52 36
52 41
52 46
52 47
52 52
52 59
52 65
52 68
52 73
52 74
52 79
52 82
52 83
52 84
52 85
52 87
52 96
52 97
52 100
52 103
52 104
52 109
52 110
52 112
52 123
53 2
53 3
53 7
53 10
53 11
53 14
53 22
53 28
53 32
53 34
53 38
53 47
53 51
53 54
53 55
53 58
53 64
53 67
53 80
53 83
53 85
53 86
53 90
53 93
53 97
53 111
53 116
53 127
54 2
54 3
54 9
54 10
54 13
54 15
54 16
54 18
54 19
54 22
54 28
54 29
54 33
54 34
54 38
54 39
54 42
54 50
54 51
54 52
54 56
54 67
54 68
54 72
54 73
54 74
54 76
54 78
54 85
54 87
54 91
54 92
54 94
54 95
54 96
54 102
54 105
54 107
54 114
54 126
54 127
55 1
55 6
55 10
55 16
55 17
55 19
55 30
55 34
55 38
55 41
55 42
55 52
55 53
55 61
55 62
55 66
55 71
55 72
55 73
55 81
55 82
55 83
55 89
55 91
55 94
55 96
55 98
55 103
55 105
55 108
55 110
55 112
55 113
55 119
56 5
56 6
56 9
56 10
56 11
56 16
56 23
56 24
56 25
56 26
56 30
56 32
56 38
56 39
56 40
56 42
56 46
56 47
56 53
56 58
56 61
56 66
56 68
56 74
56 95
56 96
56 99
56 102
56 103
56 108
56 113
56 115
56 120
56 123
56 124
56 127
57 1
57 2
57 5
57 10
57 11
57 12
57 18
57 19
57 24
57 35
57 38
57 39
57 45
57 47
57 50
57 52
57 53
57 54
57 56
57 57
57 71
57 76
57 80
57 87
57 89
57 92
57 95
57 103
57 109
57 110
57 112
57 114
57 115
57 116
57 118
57 120
57 121
57 127
58 2
58 6
58 14
58 17
58 22
58 27
58 36
58 39
58 42
58 45
58 50
58 52
58 54
58 58
58 60
58 62
58 66
58 67
58 69
58 73
58 74
58 77
58 81
58 86
58 91
58 94
58 96
58 97
58 101
58 105
58 107
58 112
58 115
58 118
58 126
59 2
59 4
59 8
59 9
59 10
59 11
59 12
59 16
59 19
59 22
59 25
59 26
59 28
59 37
59 42
59 43
59 45
59 51
59 52
59 53
59 54
59 59
59 63
59 64
59 67
59 71
59 74
59 75
59 78
59 80
59 82
59 93
59 94
59 95
59 102
59 106
59 107
59 120
59 124
60 5
60 6
60 11
60 12
60 13
60 18
60 19
60 20
60 22
60 27
60 29
60 30
60 31
60 38
60 43
60 44
60 46
60 47
60 48
60 55
60 59
60 60
60 65
60 66
60 67
60 68
60 70
60 72
60 73
60 82
60 83
60 84
60 85
60 90
60 93
60 96
60 101
60 102
60 108
60 109
60 115
60 117
60 118
60 121
60 126
61 4
61 6
61 7
61 8
61 9
61 19
61 21
61 23
61 35
61 36
61 37
61 38
61 40
61 45
61 46
61 47
61 50
61 51
61 53
61 56
61 58
61 61
61 66
61 68
61 73
61 78
61 90
61 97
61 98
61 102
61 104
61 116
61 117
61 118
61 120
61 121
62 4
62 5
62 9
62 11
62 14
62 24
62 25
62 28
62 31
62 32
62 34
62 35
62 40
62 42
62 46
62 51
62 55
62 58
62 63
62 64
62 65
62 66
62 67
62 69
62 76
62 82
62 88
62 94
62 95
62 98
62 104
62 112
62 116
62 117
62 119
62 121
62 122
63 0
63 1
63 6
63 8
63 9
63 15
63 16
63 25
63 27
63 37
63 50
63 54
63 59
63 62
63 65
63 66
63 71
63 72
63 74
63 81
63 84
63 85
63 86
63 87
63 89
63 96
63 99
63 102
63 103
63 109
63 111
63 113
63 115
63 118
63 120
63 127
64 1
64 5
64 8
64 10
64 12
64 13
64 14
64 17
64 19
64 21
64 24
64 27
64 30
64 33
64 34
64 35
64 37
64 39
64 41
64 42
64 46
64 49
64 54
64 61
64 66
64 67
64 72
64 74
64 75
64 77
64 79
64 82
64 89
64 90
64 92
64 94
64 95
64 97
64 100
64 103
64 106
64 110
64 112
64 113
64 116
64 120
64 124
64 125
65 2
65 3
65 7
65 14
65 16
65 22
65 36
65 45
65 55
65 66
65 70
65 71
65 72
65 73
65 78
65 81
65 82
65 83
65 86
65 87
65 102
65 106
65 112
65 121
65 122
65 124
65 126
65 127
66 3
66 7
66 13
66 17
66 19
66 26
66 29
66 34
66 36
66 37
66 38
66 41
66 48
66 53
66 54
66 55
66 65
66 69
66 70
66 73
66 79
66 82
66 83
66 84
66 85
66 86
66 88
66 93
66 94
66 102
66 103
66 107
66 109
66 116
66 118
66 119
66 122
67 7
67 9
67 12
67 19
67 25
67 30
67 34
67 42
67 53
67 54
67 56
67 59
67 61
67 62
67 68
67 70
67 72
67 73
67 76
67 80
67 81
67 86
67 89
67 90
67 94
67 96
67 97
67 98
67 101
67 102
67 103
67 104
67 105
67 112
67 115
67 116
67 124
68 8
68 11
68 12
68 19
68 20
68 22
68 26
68 29
68 30
68 31
68 34
68 35
68 39
68 40
68 43
68 50
68 54
68 56
68 72
68 73
68 74
68 75
68 76
68 78
68 84
68 93
68 99
68 100
68 105
68 107
68 112
68 115
68 122
68 126
68 127
69 0
69 4
69 7
69 8
69 11
69 17
69 19
69 24
69 25
69 27
69 29
69 32
69 34
69 46
69 47
69 51
69 52
69 55
69 58
69 64
69 71
69 74
69 79
69 82
69 83
69 84
69 87
69 88
69 96
69 97
69 98
69 106
69 107
69 109
69 118
69 121
69 126
70 13
70 22
70 24
70 31
70 37
70 38
70 40
70 42
70 43
70 48
70 49
70 52
70 53
70 55
70 60
70 65
70 68
70 72
70 74
70 75
70 76
70 81
70 83
70 87
70 95
70 97
70 101
70 103
70 104
70 105
70 106
70 108
70 109
70 110
70 111
70 125
71 1
71 13
71 15
71 22
71 23
71 25
71 30
71 31
71 32
71 33
71 37
71 46
71 47
71 48
71 55
71 57
71 60
71 62
71 63
71 66
71 73
71 82
71 84
71 85
71 86
71 92
71 93
71 96
71 97
71 98
71 99
71 100
71 102
71 106
71 109
71 116
71 117
71 122
71 123
71 126
71 127
72 2
72 3
72 5
72 7
72 9
72 10
72 15
72 17
72 20
72 22
72 25
72 32
72 34
72 35
72 39
72 45
72 46
72 53
72 57
72 59
72 64
72 69
72 71
72 72
72 73
72 74
72 76
72 79
72 80
72 82
72 88
72 91
72 96
72 106
72 108
72 110
72 118
72 120
72 121
72 122
72 124
73 1
73 4
73 5
73 8
73 23
73 25
73 26
73 27
73 29
73 30
73 36
73 37
73 38
73 40
73 42
73 43
73 47
73 49
73 56
73 58
73 59
73 69
73 76
73 77
73 78
73 81
73 82
73 83
73 87
73 91
73 94
73 100
73 103
73 104
73 106
73 110
73 111
73 113
73 114
73 117
73 118
74 1
74 3
74 7
74 9
74 10
74 13
74 15
74 19
74 20
74 21
74 22
74 24
74 25
74 27
74 29
74 39
74 42
74 46
74 47
74 49
74 51
74 53
74 54
74 55
74 56
74 58
74 65
74 68
74 69
74 73
74 75
74 78
74 81
74 82
74 84
74 86
74 88
74 90
74 102
74 104
74 112
74 114
74 121
74 123
75 0
75 3
75 4
75 6
75 7
75 8
75 9
75 11
75 13
75 18
75 24
75 30
75 33
75 35
75 39
75 40
75 42
75 47
75 49
75 65
75 70
75 71
75 75
75 77
75 83
75 85
75 88
75 89
75 93
75 98
75 100
75 103
75 108
75 109
75 118
75 119
75 125
76 0
76 3
76 4
76 5
76 11
76 15
76 16
76 18
76 24
76 34
76 39
76 41
76 44
76 46
76 48
76 49
76 52
76 53
76 55
76 59
76 62
76 66
76 67
76 72
76 75
76 79
76 86
76 88
76 89
76 97
76 98
76 107
76 108
76 113
76 119
76 120
76 121
76 122
76 124
76 125
77 11
77 12
77 14
77 24
77 27
77 37
77 38
77 39
77 41
77 43
77 49
77 51
77 53
77 58
77 61
77 64
77 67
77 74
77 75
77 79
77 82
77 84
77 86
77 97
77 100
77 104
77 106
77 108
77 111
77 117
77 119
77 120
77 121
77 122
77 124
77 125
77 126
78 0
78 6
78 12
78 13
78 14
78 15
78 24
78 31
78 33
78 35
78 40
78 48
78 49
78 51
78 52
78 58
78 61
78 62
78 66
78 68
78 70
78 72
78 81
78 83
78 87
78 90
78 91
78 96
78 99
78 100
78 103
78 105
78 114
78 122
78 125
79 1
79 2
79 3
79 5
79 6
79 8
79 9
79 12
79 13
79 14
79 15
79 17
79 21
79 22
79 26
79 27
79 29
79 31
79 34
79 35
79 38
79 40
79 47
79 48
79 51
79 53
79 55
79 57
79 58
79 63
79 65
79 67
79 71
79 73
79 75
79 79
79 80
79 82
79 88
79 90
79 95
79 97
79 99
79 104
79 107
79 108
79 110
79 114
79 117
79 118
79 122
79 123
79 125
79 126
80 2
80 7
80 10
80 12
80 17
80 22
80 23
80 25
80 28
80 33
80 36
80 38
80 52
80 54
80 57
80 59
80 61
80 65
80 67
80 77
80 78
80 81
80 82
80 83
80 85
80 87
80 89
80 91
80 101
80 102
80 109
80 112
80 116
80 121
81 2
81 14
81 15
81 18
81 19
81 21
81 25
81 33
81 35
81 36
81 47
81 51
81 56
81 65
81 67
81 68
81 69
81 70
81 72
81 73
81 75
81 79
81 81
81 82
81 84
81 90
81 98
81 104
81 108
81 109
81 112
81 113
81 116
81 119
81 122
81 123
81 125
82 1
82 2
82 3
82 5
82 9
82 10
82 12
82 15
82 19
82 25
82 29
82 31
82 34
82 35
82 38
82 39
82 41
82 42
82 49
82 51
82 52
82 56
82 62
82 63
82 69
82 71
82 74
82 76
82 79
82 85
82 87
82 101
82 102
82 105
82 112
82 126
82 127
83 2
83 3
83 4
83 5
83 11
83 12
83 13
83 17
83 19
83 20
83 23
83 24
83 33
83 34
83 35
83 42
83 44
83 48
83 63
83 66
83 68
83 79
83 86
83 88
83 89
83 95
83 101
83 104
83 105
83 109
83 111
83 113
83 120
83 126
84 2
84 9
84 17
84 18
84 20
84 22
84 23
84 25
84 27
84 29
84 34
84 38
84 41
84 42
84 43
84 45
84 46
84 50
84 58
84 60
84 61
84 63
84 64
84 68
84 71
84 75
84 79
84 81
84 88
84 92
84 95
84 99
84 100
84 101
84 102
84 104
84 106
84 107
84 108
84 109
84 124
84 125
84 126
85 3
85 4
85 7
85 9
85 13
85 22
85 28
85 30
85 34
85 39
85 53
85 58
85 65
85 70
85 79
85 80
85 82
85 83
85 84
85 85
85 88
85 93
85 95
85 97
85 98
85 99
85 103
85 104
85 110
85 112
85 114
85 115
85 119
85 120
85 122
85 125
86 1
86 5
86 7
86 10
86 12
86 15
86 17
86 18
86 21
86 22
86 24
86 26
86 27
86 31
86 32
86 39
86 42
86 43
86 44
86 52
86 53
86 55
86 61
86 64
86 65
86 71
86 78
86 80
86 82
86 84
86 85
86 87
86 90
86 93
86 94
86 102
86 106
86 107
86 118
86 120
86 121
87 2
87 6
87 10
87 11
87 12
87 15
87 17
87 18
87 22
87 27
87 34
87 41
87 43
87 46
87 53
87 55
87 59
87 64
87 65
87 68
87 76
87 77
87 86
87 87
87 88
87 90
87 92
87 97
87 106
87 109
87 114
87 115
87 123
87 127
88 1
88 5
88 9
88 10
88 14
88 15
88 20
88 23
88 25
88 27
88 28
88 36
88 37
88 42
88 45
88 47
88 52
88 60
88 67
88 69
88 72
88 73
88 74
88 75
88 76
88 77
88 78
88 79
88 80
88 81
88 82
88 84
88 88
88 89
88 92
88 93
88 94
88 95
88 100
88 103
88 113
88 119
88 121
88 124
88 125
89 5
89 10
89 13
89 14
89 18
89 21
89 24
89 28
89 34
89 35
89 36
89 40
89 43
89 47
89 50
89 51
89 54
89 58
89 60
89 64
89 66
89 67
89 68
89 76
89 83
89 84
89 85
89 86
89 87
89 92
89 94
89 97
89 99
89 101
89 102
89 103
89 113
89 115
89 120
89 125
90 4
90 6
90 11
90 12
90 17
90 18
90 23
90 24
90 31
90 33
90 38
90 46
90 51
90 54
90 57
90 58
90 59
90 61
90 69
90 72
90 76
90 79
90 81
90 82
90 94
90 96
90 97
90 99
90 104
90 107
90 110
90 115
90 117
90 118
90 121
90 122
91 3
91 8
91 9
91 11
91 12
91 13
91 19
91 30
91 35
91 36
91 40
91 43
91 45
91 46
91 51
91 56
91 58
91 64
91 65
91 67
91 68
91 69
91 75
91 78
91 79
91 81
91 83
91 85
91 86
91 87
91 93
91 101
91 103
91 104
91 106
91 107
91 110
91 111
91 117
91 118
91 125
92 3
92 9
92 10
92 13
92 16
92 17
92 18
92 25
92 26
92 28
92 31
92 42
92 49
92 52
92 58
92 66
92 74
92 79
92 80
92 90
92 91
92 92
92 104
92 107
92 109
92 112
92 113
92 114
92 115
92 118
92 119
92 120
92 124
92 126
92 127
93 3
93 4
93 8
93 11
93 21
93 27
93 30
93 35
93 39
93 44
93 46
93 50
93 51
93 53
93 54
93 57
93 59
93 62
93 66
93 69
93 90
93 94
93 96
93 98
93 105
93 106
93 109
93 111
93 112
93 126
94 3
94 11
94 12
94 15
94 19
94 22
94 25
94 32
94 37
94 38
94 41
94 43
94 45
94 48
94 50
94 51
94 52
94 53
94 56
94 60
94 61
94 64
94 66
94 67
94 77
94 83
94 84
94 85
94 87
94 89
94 90
94 91
94 92
94 94
94 97
94 103
94 106
94 107
94 110
94 111
94 119
94 120
94 123
94 126
95 4
95 5
95 7
95 14
95 15
95 16
95 23
95 28
95 30
95 31
95 32
95 43
95 45
95 47
95 58
95 66
95 75
95 79
95 86
95 89
95 90
95 97
95 101
95 105
95 106
95 111
95 119
96 2
96 5
96 6
96 13
96 14
96 17
96 18
96 29
96 30
96 34
96 38
96 40
96 44
96 45
96 48
96 49
96 50
96 53
96 59
96 60
96 61
96 62
96 66
96 68
96 69
96 70
96 79
96 83
96 84
96 85
96 87
96 93
96 99
96 103
96 104
96 105
96 107
96 116
96 117
96 119
96 120
96 122
97 0
97 6
97 12
97 13
97 20
97 27
97 35
97 36
97 37
97 40
97 44
97 45
97 46
97 50
97 51
97 53
97 54
97 59
97 60
97 68
97 70
97 71
97 76
97 77
97 78
97 79
97 88
97 93
97 95
97 96
97 97
97 105
97 106
97 111
97 120
97 123
98 0
98 1
98 2
98 6
98 18
98 20
98 21
98 23
98 25
98 27
98 35
98 38
98 39
98 44
98 45
98 48
98 52
98 53
98 55
98 56
98 61
98 65
98 67
98 68
98 69
98 74
98 76
98 78
98 89
98 92
98 94
98 96
98 97
98 99
98 103
98 106
98 108
98 117
98 122
98 127
99 2
99 4
99 7
99 14
99 17
99 19
99 26
99 29
99 32
99 33
99 41
99 45
99 46
99 51
99 52
99 57
99 61
99 62
99 65
99 72
99 75
99 77
99 83
99 84
99 86
99 94
99 95
99 98
99 99
99 101
99 102
99 103
99 106
99 108
99 109
99 110
99 118
99 119
99 122
99 124
99 127
100 5
100 8
100 9
100 17
100 18
100 20
100 21
100 22
100 28
100 31
100 37
100 38
100 47
100 48
100 51
100 54
100 56
100 57
100 58
100 61
100 64
100 65
100 66
100 73
100 74
100 75
100 77
100 82
100 84
100 85
100 88
100 92
100 95
100 96
100 104
100 108
100 111
100 113
100 116
100 118
100 120
100 122
100 123
100 125
101 0
101 9
101 11
101 19
101 20
101 21
101 25
101 26
101 30
101 32
101 33
101 34
101 37
101 38
101 46
101 51
101 54
101 55
101 60
101 70
101 76
101 79
101 81
101 84
101 85
101 87
101 88
101 91
101 95
101 96
101 100
101 102
101 109
101 110
101 111
101 117
101 118
101 119
101 122
101 125
102 5
102 6
102 10
102 11
102 19
102 25
102 26
102 32
102 34
102 35
102 41
102 42
102 49
102 52
102 54
102 61
102 64
102 65
102 68
102 70
102 76
102 80
102 82
102 110
102 114
102 120
102 121
102 123
102 126
103 4
103 6
103 12
103 13
103 17
103 25
103 26
103 28
103 32
103 38
103 41
103 45
103 46
103 51
103 52
103 57
103 60
103 64
103 67
103 68
103 71
103 74
103 76
103 80
103 81
103 88
103 97
103 98
103 104
103 107
103 108
103 116
103 120
103 122
103 124
103 127
104 0
104 3
104 4
104 10
104 13
104 16
104 20
104 21
104 22
104 25
104 30
104 34
104 35
104 44
104 49
104 50
104 54
104 55
104 61
104 64
104 66
104 67
104 68
104 70
104 71
104 85
104 87
104 89
104 90
104 91
104 93
104 97
104 99
104 100
104 103
104 104
104 108
104 114
104 118
104 119
104 120
104 126
104 127
105 8
105 9
105 11
105 12
105 14
105 16
105 19
105 27
105 29
105 30
105 32
105 33
105 50
105 52
105 53
105 54
105 67
105 68
105 69
105 86
105 89
105 90
105 118
105 119
105 120
105 122
105 125
105 127
106 3
106 6
106 17
106 18
106 19
106 20
106 21
106 29
106 33
106 34
106 35
106 36
106 50
106 53
106 58
106 59
106 60
106 61
106 62
106 70
106 73
106 75
106 76
106 77
106 78
106 79
106 84
106 85
106 88
106 90
106 92
106 94
106 101
106 102
106 103
106 104
106 109
106 110
106 112
106 114
106 115
106 118
106 122
107 0
107 1
107 2
107 8
107 10
107 11
107 15
107 18
107 19
107 21
107 23
107 29
107 37
107 38
107 45
107 49
107 51
107 54
107 55
107 57
107 65
107 67
107 71
107 75
107 76
107 79
107 80
107 82
107 83
107 84
107 86
107 88
107 90
107 100
107 102
107 104
107 106
107 108
107 114
107 120
107 122
107 127
108 0
108 2
108 3
108 5
108 9
108 11
108 17
108 18
108 19
108 22
108 27
108 28
108 31
108 33
108 42
108 44
108 59
108 60
108 61
108 64
108 67
108 68
108 70
108 79
108 82
108 83
108 87
108 88
108 92
108 98
108 99
108 100
108 103
108 104
108 106
108 107
108 108
108 113
108 114
108 118
108 122
108 125
108 127
109 2
109 3
109 4
109 5
109 10
109 12
109 14
109 17
109 21
109 29
109 32
109 43
109 46
109 53
109 54
109 56
109 58
109 60
109 63
109 64
109 70
109 75
109 78
109 79
109 82
109 93
109 96
109 102
109 104
109 106
109 108
109 111
109 113
109 117
109 119
110 0
110 3
110 7
110 13
110 15
110 17
110 20
110 21
110 29
110 34
110 35
110 36
110 37
110 40
110 42
110 44
110 46
110 54
110 59
110 63
110 67
110 68
110 69
110 70
110 72
110 84
110 87
110 91
110 102
110 107
110 108
110 110
110 112
110 115
110 116
110 117
110 126
110 127
111 4
111 6
111 8
111 11
111 17
111 18
111 19
111 20
111 22
111 23
111 24
111 25
111 27
111 32
111 45
111 52
111 55
111 57
111 61
111 62
111 65
111 67
111 68
111 69
111 70
111 77
111 78
111 80
111 83
111 85
111 88
111 90
111 92
111 93
111 96
111 97
111 98
111 108
111 110
111 111
111 116
111 123
111 125
112 0
112 1
112 2
112 3
112 14
112 23
112 24
112 29
112 43
112 45
112 47
112 50
112 52
112 53
112 54
112 56
112 59
112 60
112 62
112 66
112 77
112 78
112 79
112 80
112 89
112 90
112 96
112 98
112 99
112 102
112 103
112 107
112 108
112 109
112 113
112 117
112 118
112 122
113 1
113 5
113 10
113 17
113 28
113 29
113 35
113 37
113 53
113 54
113 59
113 61
113 67
113 68
113 69
113 77
113 79
113 80
113 81
113 86
113 101
113 106
113 109
113 122
113 123
114 3
114 6
114 7
114 8
114 11
114 16
114 19
114 21
114 22
114 24
114 25
114 27
114 28
114 29
114 34
114 45
114 46
114 50
114 51
114 53
114 56
114 66
114 72
114 78
114 82
114 83
114 86
114 92
114 95
114 101
114 102
114 105
114 106
114 107
114 108
114 109
114 124
115 0
115 2
115 3
115 4
115 7
115 16
115 21
115 22
115 25
115 27
115 29
115 32
115 39
115 44
115 47
115 49
115 51
115 54
115 62
115 63
115 80
115 84
115 93
115 96
115 99
115 103
115 104
115 108
115 110
115 111
115 112
115 113
115 117
115 120
115 122
115 123
116 0
116 4
116 5
116 6
116 7
116 9
116 13
116 14
116 16
116 17
116 18
116 19
116 21
116 24
116 26
116 33
116 37
116 38
116 41
116 42
116 47
116 48
116 52
116 58
116 59
116 61
116 63
116 66
116 67
116 69
116 71
116 72
116 77
116 86
116 91
116 94
116 95
116 97
116 102
116 106
116 120
116 123
116 125
116 126
117 9
117 10
117 17
117 28
117 30
117 32
117 34
117 36
117 38
117 51
117 58
117 62
117 63
117 64
117 67
117 68
117 73
117 76
117 82
117 86
117 89
117 93
117 100
117 104
117 106
117 107
117 113
117 115
117 118
117 120
117 123
117 125
118 1
118 6
118 9
118 12
118 15
118 31
118 32
118 37
118 40
118 42
118 48
118 58
118 60
118 63
118 67
118 68
118 69
118 73
118 77
118 80
118 83
118 85
118 86
118 88
118 89
118 99
118 100
118 101
118 104
118 110
118 111
118 118
118 120
118 121
118 126
118 127
119 0
119 2
119 4
119 9
119 14
119 20
119 22
119 26
119 27
119 34
119 38
119 39
119 41
119 42
119 50
119 52
119 54
119 63
119 64
119 66
119 67
119 69
119 76
119 77
119 78
119 85
119 86
119 87
119 88
119 90
119 93
119 95
119 102
119 112
119 114
119 122
119 127
120 0
120 1
120 6
120 13
120 17
120 18
120 19
120 32
120 35
120 38
120 44
120 45
120 46
120 47
120 49
120 54
120 60
120 62
120 63
120 64
120 65
120 68
120 72
120 74
120 75
120 79
120 80
120 81
120 85
120 86
120 89
120 92
120 96
120 97
120 101
120 103
120 106
120 107
120 114
120 120
120 121
121 1
121 2
121 5
121 13
121 15
121 17
121 18
121 20
121 23
121 24
121 25
121 30
121 36
121 40
121 43
121 44
121 45
121 47
121 51
121 54
121 56
121 59
121 65
121 67
121 81
121 83
121 85
121 88
121 91
121 92
121 93
121 100
121 105
121 110
121 115
121 117
121 118
121 119
121 121
121 123
122 5
122 9
122 13
122 17
122 20
122 24
122 26
122 30
122 32
122 33
122 36
122 37
122 38
122 41
122 44
122 50
122 55
122 57
122 59
122 62
122 64
122 66
122 72
122 77
122 79
122 81
122 89
122 91
122 93
122 95
122 101
122 102
122 104
122 109
122 110
122 117
122 119
122 122
122 123
122 124
122 125
122 126
122 127
123 6
123 9
123 11
123 12
123 13
123 17
123 20
123 25
123 29
123 32
123 38
123 44
123 46
123 47
123 48
123 50
123 51
123 53
123 57
123 59
123 64
123 73
123 79
123 81
123 85
123 88
123 92
123 93
123 100
123 103
123 105
123 106
123 110
123 117
123 118
123 119
123 122
123 123
123 124
124 0
124 1
124 2
124 4
124 9
124 12
124 17
124 21
124 24
124 28
124 29
124 31
124 33
124 36
124 39
124 41
124 45
124 46
124 49
124 54
124 57
124 58
124 62
124 63
124 68
124 69
124 72
124 73
124 80
124 85
124 86
124 88
124 90
124 95
124 96
124 106
124 112
124 113
124 114
124 115
124 117
124 118
124 120
124 123
124 126
124 127
125 3
125 5
125 7
125 13
125 18
125 19
125 21
125 22
125 23
125 25
125 29
125 33
125 37
125 41
125 44
125 46
125 48
125 50
125 53
125 59
125 60
125 64
125 65
125 68
125 70
125 71
125 72
125 74
125 75
125 76
125 78
125 82
125 90
125 91
125 94
125 96
125 101
125 108
125 109
125 110
125 115
125 117
125 121
125 122
125 125
126 1
126 2
126 3
126 8
126 10
126 11
126 12
126 13
126 23
126 25
126 26
126 28
126 30
126 33
126 40
126 45
126 46
126 47
126 52
126 54
126 60
126 62
126 63
126 64
126 73
126 75
126 76
126 80
126 83
126 88
126 89
126 96
126 98
126 101
126 106
126 111
126 112
126 114
126 116
126 119
126 122
126 124
127 0
127 13
127 14
127 15
127 16
127 17
127 20
127 21
127 22
127 32
127 45
127 58
127 61
127 63
127 64
127 68
127 71
127 76
127 80
127 82
127 85
127 87
127 90
127 91
127 99
127 100
127 101
127 102
127 104
127 107
127 112
127 113
127 115
127 116
127 117
127 118
127 124
127 126
