0 2
0 4
0 6
0 8
0 9
0 13
0 16
0 17
0 25
0 27
0 29
0 30
0 33
0 34
0 35
0 36
0 42
0 45
0 46
0 47
0 49
0 54
0 58
0 59
0 60
0 64
0 65
0 67
0 69
0 72
0 74
0 76
0 77
0 79
0 82
0 84
0 86
0 90
0 94
0 95
0 98
0 102
0 107
0 109
0 116
0 121
0 124
0 127
1 1
1 2
1 11
1 14
1 21
1 23
1 24
1 26
1 28
1 30
1 31
1 32
1 34
1 38
1 40
1 41
1 42
1 43
1 44
1 46
1 47
1 50
1 53
1 55
1 60
1 61
1 62
1 63
1 64
1 65
1 68
1 70
1 73
1 74
1 75
1 76
1 77
1 78
1 81
1 85
1 86
1 90
1 94
1 100
1 101
1 103
1 109
1 110
1 111
1 113
1 116
1 117
1 122
1 127
2 0
2 1
2 6
2 7
2 10
2 12
2 13
2 14
2 16
2 17
2 18
2 21
2 24
2 31
2 33
2 36
2 37
2 40
2 46
2 55
2 57
2 60
2 62
2 64
2 67
2 68
2 69
2 70
2 71
2 74
2 81
2 82
2 85
2 88
2 89
2 90
2 91
2 92
2 96
2 97
2 98
2 102
2 104
2 111
2 112
2 114
2 115
2 116
2 117
2 118
2 121
2 123
2 124
2 125
2 126
3 2
3 3
3 4
3 5
3 7
3 9
3 12
3 15
3 17
3 22
3 23
3 29
3 32
3 34
3 36
3 37
3 43
3 53
3 54
3 55
3 58
3 60
3 61
3 63
3 67
3 68
3 70
3 73
3 75
3 77
3 78
3 79
3 83
3 91
3 92
3 95
3 97
3 98
3 99
3 100
3 102
3 105
3 106
3 107
3 108
3 109
3 110
3 111
3 112
3 116
3 118
3 119
3 121
3 123
3 125
3 126
3 127
4 3
4 6
4 8
4 11
4 14
4 15
4 16
4 22
4 23
4 28
4 31
4 35
4 36
4 38
4 39
4 40
4 41
4 43
4 45
4 47
4 53
4 54
4 55
4 57
4 59
4 60
4 61
4 65
4 66
4 70
4 71
4 72
4 74
4 86
4 87
4 90
4 91
4 96
4 98
4 100
4 101
4 103
4 106
4 109
4 111
4 115
4 119
4 122
4 123
4 125
4 126
5 1
5 9
5 10
5 13
5 15
5 16
5 18
5 24
5 26
5 27
5 29
5 30
5 32
5 38
5 40
5 44
5 47
5 49
5 50
5 52
5 53
5 55
5 56
5 57
5 58
5 60
5 62
5 64
5 66
5 72
5 74
5 78
5 82
5 84
5 86
5 87
5 88
5 95
5 101
5 102
5 104
5 105
5 107
5 112
5 113
5 116
5 124
5 125
5 127
6 5
6 6
6 9
6 10
6 14
6 15
6 16
6 18
6 20
6 24
6 26
6 28
6 29
6 32
6 33
6 35
6 37
6 41
6 43
6 49
6 51
6 57
6 60
6 62
6 63
6 66
6 67
6 71
6 73
6 74
6 77
6 80
6 81
6 82
6 85
6 89
6 93
6 95
6 97
6 98
6 99
6 100
6 101
6 103
6 105
6 106
6 108
6 109
6 110
6 111
6 112
6 114
6 116
6 117
6 119
6 120
6 121
6 122
6 124
6 127
7 0
7 5
7 10
7 13
7 16
7 19
7 32
7 33
7 37
7 38
7 39
7 43
7 45
7 46
7 48
7 50
7 54
7 55
7 57
7 60
7 64
7 65
7 66
7 67
7 68
7 69
7 72
7 75
7 76
7 81
7 82
7 84
7 87
7 88
7 90
7 91
7 94
7 95
7 97
7 99
7 101
7 112
7 113
7 115
7 119
7 120
7 122
7 124
8 1
8 2
8 4
8 7
8 8
8 9
8 13
8 14
8 18
8 20
8 23
8 25
8 33
8 35
8 36
8 37
8 39
8 41
8 42
8 44
8 45
8 49
8 50
8 54
8 55
8 58
8 62
8 64
8 68
8 69
8 72
8 76
8 77
8 79
8 80
8 81
8 82
8 85
8 87
8 89
8 90
8 91
8 95
8 100
8 101
8 102
8 103
8 107
8 108
8 109
8 111
8 112
8 113
8 115
8 117
8 122
8 124
8 127
9 1
9 2
9 3
9 4
9 6
9 8
9 9
9 11
9 12
9 18
9 22
9 25
9 27
9 28
9 31
9 37
9 41
9 54
9 56
9 57
9 58
9 61
9 62
9 65
9 67
9 69
9 75
9 77
9 82
9 84
9 85
9 86
9 91
9 93
9 100
9 107
9 110
9 111
9 116
9 117
9 124
10 0
10 3
10 4
10 5
10 9
10 11
10 12
10 14
10 16
10 20
10 21
10 30
10 34
10 38
10 42
10 46
10 47
10 49
10 50
10 54
10 59
10 61
10 62
10 63
10 73
10 74
10 75
10 76
10 77
10 78
10 80
10 81
10 82
10 86
10 87
10 89
10 90
10 92
10 94
10 95
10 96
10 101
10 104
10 106
10 108
10 109
10 117
10 119
10 120
10 122
10 123
10 126
10 127
11 1
11 5
11 6
11 10
11 12
11 14
11 15
11 17
11 21
11 22
11 25
11 26
11 27
11 28
11 30
11 31
11 34
11 35
11 36
11 46
11 47
11 54
11 58
11 62
11 64
11 65
11 67
11 68
11 69
11 73
11 78
11 79
11 81
11 90
11 93
11 95
11 97
11 101
11 104
11 105
11 106
11 107
11 109
11 111
11 114
11 115
11 120
11 122
11 123
11 126
12 0
12 4
12 5
12 6
12 11
12 18
12 19
12 20
12 22
12 27
12 28
12 31
12 35
12 36
12 37
12 40
12 44
12 46
12 49
12 51
12 52
12 54
12 56
12 58
12 65
12 66
12 68
12 71
12 72
12 78
12 83
12 85
12 92
12 93
12 96
12 97
12 98
12 99
12 100
12 101
12 107
12 108
12 110
12 112
12 115
12 119
12 121
12 123
13 4
13 5
13 6
13 9
13 13
13 14
13 16
13 18
13 21
13 22
13 26
13 28
13 32
13 40
13 42
13 46
13 47
13 51
13 54
13 56
13 58
13 60
13 62
13 63
13 67
13 69
13 71
13 72
13 74
13 75
13 76
13 77
13 84
13 87
13 88
13 90
13 92
13 93
13 99
13 104
13 105
13 106
13 107
13 111
13 114
13 115
13 116
13 118
13 121
13 124
13 127
14 1
14 6
14 7
14 9
14 10
14 11
14 13
14 15
14 16
14 17
14 18
14 19
14 20
14 23
14 24
14 26
14 34
14 38
14 43
14 48
14 50
14 53
14 57
14 59
14 61
14 62
14 63
14 64
14 67
14 68
14 71
14 72
14 75
14 77
14 83
14 86
14 88
14 91
14 93
14 94
14 100
14 101
14 104
14 107
14 111
14 112
14 119
14 120
14 121
14 122
14 126
15 0
15 1
15 9
15 10
15 12
15 14
15 16
15 18
15 19
15 22
15 25
15 28
15 30
15 31
15 40
15 42
15 43
15 44
15 45
15 54
15 57
15 58
15 60
15 66
15 67
15 73
15 75
15 77
15 83
15 88
15 89
15 90
15 91
15 97
15 98
15 99
15 105
15 108
15 110
15 111
15 112
15 113
15 115
15 116
15 120
15 121
15 122
16 0
16 3
16 5
16 7
16 9
16 10
16 14
16 17
16 18
16 20
16 22
16 25
16 30
16 32
16 33
16 34
16 36
16 38
16 39
16 40
16 47
16 52
16 55
16 58
16 61
16 65
16 68
16 70
16 71
16 72
16 73
16 74
16 76
16 77
16 81
16 83
16 85
16 86
16 89
16 90
16 91
16 92
16 93
16 94
16 95
16 96
16 98
16 99
16 101
16 102
16 103
16 105
16 106
16 108
16 110
16 113
16 116
16 117
16 119
16 121
16 122
16 124
16 127
17 2
17 3
17 5
17 6
17 7
17 13
17 15
17 19
17 21
17 22
17 23
17 27
17 29
17 30
17 31
17 37
17 42
17 43
17 44
17 45
17 46
17 49
17 54
17 58
17 63
17 64
17 69
17 70
17 75
17 76
17 77
17 78
17 80
17 81
17 83
17 85
17 86
17 90
17 93
17 102
17 104
17 110
17 115
17 116
17 122
17 125
17 126
17 127
18 5
18 6
18 7
18 13
18 18
18 19
18 21
18 22
18 23
18 30
18 35
18 38
18 40
18 43
18 45
18 47
18 49
18 51
18 53
18 54
18 56
18 60
18 64
18 69
18 70
18 72
18 82
18 86
18 88
18 89
18 90
18 92
18 93
18 96
18 99
18 100
18 103
18 105
18 106
18 109
18 113
18 115
18 117
18 118
18 119
18 121
18 123
18 124
19 3
19 5
19 10
19 11
19 12
19 13
19 15
19 16
19 18
19 19
19 22
19 23
19 24
19 25
19 28
19 29
19 33
19 34
19 37
19 38
19 39
19 49
19 53
19 58
19 61
19 66
19 68
19 69
19 71
19 72
19 78
19 79
19 82
19 85
19 87
19 92
19 95
19 98
19 99
19 100
19 101
19 105
19 106
19 110
19 111
19 115
19 117
19 119
19 120
19 121
19 125
19 126
20 1
20 4
20 8
20 13
20 14
20 15
20 19
20 21
20 22
20 23
20 24
20 26
20 29
20 33
20 38
20 39
20 42
20 44
20 47
20 50
20 53
20 57
20 59
20 61
20 64
20 66
20 70
20 73
20 74
20 75
20 77
20 78
20 81
20 82
20 83
20 87
20 90
20 91
20 99
20 101
20 103
20 105
20 106
20 111
20 113
20 116
20 119
20 120
20 121
20 127
21 4
21 7
21 9
21 11
21 16
21 20
21 24
21 25
21 27
21 29
21 31
21 32
21 33
21 36
21 40
21 43
21 47
21 53
21 54
21 58
21 60
21 64
21 65
21 67
21 71
21 72
21 73
21 75
21 78
21 79
21 80
21 81
21 84
21 87
21 89
21 95
21 99
21 100
21 101
21 102
21 104
21 105
21 106
21 107
21 111
21 113
21 115
21 120
21 125
21 127
22 0
22 1
22 2
22 3
22 5
22 8
22 9
22 16
22 17
22 19
22 20
22 22
22 25
22 26
22 27
22 29
22 31
22 32
22 33
22 35
22 39
22 40
22 47
22 48
22 49
22 50
22 53
22 56
22 59
22 60
22 62
22 64
22 65
22 66
22 68
22 69
22 70
22 72
22 74
22 80
22 81
22 85
22 90
22 91
22 92
22 93
22 96
22 97
22 101
22 104
22 106
22 109
22 110
22 111
22 114
22 115
22 120
22 121
22 122
22 124
22 126
23 1
23 2
23 4
23 6
23 10
23 11
23 12
23 15
23 24
23 25
23 26
23 30
23 36
23 42
23 43
23 44
23 45
23 46
23 48
23 49
23 50
23 51
23 56
23 57
23 63
23 64
23 65
23 71
23 75
23 76
23 79
23 84
23 87
23 88
23 92
23 94
23 95
23 96
23 98
23 102
23 111
23 113
23 116
23 117
23 118
23 120
23 124
23 126
23 127
24 1
24 5
24 6
24 7
24 9
24 16
24 19
24 20
24 22
24 26
24 27
24 28
24 32
24 33
24 37
24 39
24 41
24 42
24 43
24 44
24 53
24 55
24 57
24 59
24 65
24 69
24 70
24 74
24 75
24 77
24 80
24 83
24 86
24 87
24 93
24 94
24 96
24 105
24 108
24 110
24 111
24 112
24 113
24 115
24 116
24 120
24 121
24 122
24 124
24 125
24 127
25 0
25 2
25 4
25 7
25 11
25 12
25 15
25 18
25 19
25 21
25 22
25 23
25 25
25 27
25 29
25 30
25 31
25 34
25 36
25 37
25 40
25 43
25 45
25 47
25 48
25 50
25 52
25 55
25 60
25 61
25 63
25 65
25 68
25 69
25 70
25 71
25 72
25 75
25 76
25 79
25 80
25 83
25 84
25 88
25 89
25 95
25 101
25 103
25 104
25 105
25 107
25 108
25 109
25 111
25 112
25 117
25 119
25 121
25 122
25 127
26 1
26 2
26 3
26 6
26 7
26 8
26 9
26 11
26 15
26 24
26 26
26 27
26 28
26 29
26 31
26 34
26 38
26 40
26 43
26 49
26 50
26 51
26 58
26 60
26 63
26 75
26 79
26 80
26 81
26 82
26 83
26 84
26 86
26 89
26 97
26 99
26 104
26 105
26 112
26 113
26 115
26 116
26 117
26 118
26 121
26 123
26 125
27 0
27 6
27 7
27 9
27 16
27 18
27 20
27 22
27 26
27 31
27 34
27 35
27 36
27 38
27 39
27 42
27 46
27 50
27 51
27 57
27 58
27 59
27 61
27 62
27 65
27 66
27 68
27 73
27 75
27 76
27 77
27 80
27 82
27 83
27 87
27 89
27 91
27 94
27 99
27 100
27 101
27 105
27 106
27 109
27 110
27 111
27 114
27 116
27 123
27 124
27 126
28 2
28 4
28 5
28 6
28 11
28 14
28 16
28 20
28 24
28 26
28 27
28 33
28 35
28 38
28 39
28 41
28 43
28 44
28 45
28 47
28 52
28 53
28 59
28 61
28 63
28 65
28 72
28 74
28 76
28 78
28 80
28 83
28 84
28 88
28 89
28 90
28 93
28 99
28 100
28 103
28 104
28 106
28 108
28 111
28 113
28 117
28 119
28 122
28 126
29 6
29 7
29 8
29 12
29 17
29 19
29 22
29 25
29 27
29 30
29 34
29 36
29 40
29 42
29 44
29 45
29 48
29 50
29 51
29 52
29 54
29 57
29 59
29 62
29 63
29 65
29 69
29 70
29 74
29 75
29 86
29 91
29 93
29 94
29 95
29 98
29 100
29 103
29 105
29 107
29 110
29 116
29 117
29 118
29 119
29 127
30 5
30 7
30 9
30 10
30 11
30 13
30 15
30 16
30 17
30 19
30 20
30 21
30 22
30 26
30 27
30 29
30 31
30 34
30 40
30 43
30 44
30 49
30 51
30 64
30 65
30 66
30 69
30 72
30 74
30 75
30 76
30 80
30 81
30 83
30 84
30 86
30 89
30 92
30 94
30 96
30 102
30 103
30 107
30 108
30 112
30 113
30 114
30 115
30 116
30 121
30 127
31 0
31 2
31 3
31 4
31 5
31 6
31 14
31 19
31 21
31 24
31 25
31 26
31 29
31 33
31 35
31 38
31 40
31 42
31 46
31 47
31 50
31 52
31 54
31 56
31 57
31 58
31 59
31 63
31 67
31 68
31 74
31 76
31 77
31 82
31 90
31 92
31 94
31 95
31 98
31 100
31 108
31 109
31 111
31 112
31 114
31 118
31 119
31 123
31 124
31 125
31 126
32 0
32 1
32 2
32 13
32 14
32 16
32 17
32 19
32 20
32 22
32 26
32 31
32 35
32 36
32 39
32 43
32 44
32 45
32 48
32 50
32 51
32 52
32 54
32 55
32 57
32 58
32 61
32 63
32 64
32 65
32 67
32 73
32 74
32 75
32 77
32 80
32 81
32 87
32 88
32 90
32 91
32 94
32 96
32 98
32 101
32 104
32 106
32 109
32 113
32 114
32 115
32 116
32 118
32 120
33 1
33 4
33 5
33 7
33 11
33 13
33 16
33 18
33 25
33 27
33 28
33 29
33 30
33 31
33 36
33 38
33 39
33 45
33 46
33 49
33 51
33 59
33 60
33 61
33 63
33 65
33 71
33 74
33 75
33 77
33 79
33 80
33 81
33 85
33 86
33 87
33 90
33 93
33 97
33 99
33 100
33 102
33 110
33 112
33 114
33 119
33 120
33 121
33 123
33 125
33 126
34 3
34 6
34 10
34 11
34 15
34 18
34 20
34 22
34 25
34 28
34 29
34 30
34 31
34 32
34 36
34 43
34 44
34 45
34 46
34 48
34 49
34 50
34 51
34 53
34 54
34 55
34 58
34 61
34 63
34 64
34 65
34 66
34 67
34 71
34 74
34 77
34 79
34 80
34 81
34 82
34 83
34 84
34 87
34 91
34 93
34 94
34 96
34 97
34 98
34 102
34 105
34 108
34 111
34 112
34 115
34 117
34 124
35 0
35 2
35 3
35 6
35 7
35 9
35 10
35 11
35 12
35 24
35 25
35 27
35 28
35 30
35 31
35 32
35 37
35 40
35 41
35 44
35 46
35 47
35 51
35 52
35 53
35 55
35 59
35 60
35 62
35 64
35 66
35 68
35 71
35 73
35 74
35 77
35 78
35 80
35 81
35 82
35 83
35 85
35 86
35 91
35 92
35 95
35 96
35 100
35 107
35 109
35 111
35 112
35 113
35 117
35 121
35 122
35 124
36 2
36 4
36 5
36 8
36 9
36 12
36 17
36 21
36 24
36 28
36 35
36 38
36 41
36 45
36 53
36 59
36 63
36 67
36 75
36 76
36 79
36 80
36 81
36 86
36 87
36 88
36 90
36 91
36 92
36 96
36 99
36 104
36 105
36 109
36 112
36 115
36 118
36 120
36 122
36 123
36 125
36 126
37 1
37 4
37 6
37 7
37 8
37 9
37 14
37 16
37 22
37 26
37 27
37 29
37 30
37 31
37 32
37 38
37 40
37 44
37 46
37 49
37 51
37 54
37 59
37 62
37 64
37 67
37 73
37 75
37 82
37 83
37 85
37 87
37 89
37 90
37 93
37 95
37 96
37 97
37 98
37 100
37 101
37 105
37 107
37 108
37 111
37 114
37 115
37 116
37 118
37 121
37 122
37 123
37 127
38 3
38 5
38 7
38 10
38 12
38 17
38 19
38 21
38 22
38 24
38 28
38 31
38 32
38 34
38 35
38 36
38 38
38 41
38 42
38 44
38 46
38 47
38 48
38 49
38 50
38 52
38 53
38 54
38 55
38 56
38 57
38 58
38 61
38 64
38 66
38 67
38 68
38 71
38 76
38 77
38 79
38 90
38 94
38 98
38 99
38 102
38 108
38 110
38 113
38 116
38 120
38 122
38 126
38 127
39 2
39 7
39 8
39 9
39 10
39 11
39 12
39 13
39 15
39 17
39 18
39 20
39 25
39 28
39 30
39 36
39 37
39 39
39 41
39 49
39 59
39 73
39 74
39 75
39 77
39 78
39 81
39 86
39 87
39 89
39 90
39 95
39 96
39 98
39 99
39 104
39 106
39 112
39 114
39 118
39 120
40 3
40 4
40 7
40 9
40 10
40 16
40 17
40 19
40 20
40 22
40 24
40 26
40 28
40 29
40 30
40 32
40 33
40 35
40 37
40 38
40 41
40 43
40 45
40 47
40 48
40 49
40 50
40 52
40 53
40 62
40 63
40 67
40 68
40 69
40 71
40 74
40 78
40 79
40 81
40 91
40 96
40 97
40 99
40 103
40 105
40 106
40 107
40 108
40 111
40 114
40 118
40 119
40 122
40 123
40 125
41 1
41 2
41 3
41 6
41 7
41 8
41 9
41 20
41 22
41 24
41 25
41 26
41 31
41 32
41 33
41 34
41 36
41 39
41 42
41 43
41 45
41 46
41 52
41 56
41 62
41 69
41 71
41 72
41 73
41 74
41 75
41 76
41 77
41 79
41 81
41 82
41 83
41 84
41 86
41 91
41 93
41 97
41 99
41 100
41 114
41 115
41 121
41 124
41 125
42 0
42 1
42 2
42 4
42 5
42 6
42 11
42 13
42 17
42 21
42 23
42 26
42 33
42 35
42 37
42 39
42 40
42 41
42 42
42 47
42 48
42 50
42 54
42 55
42 58
42 60
42 61
42 62
42 64
42 65
42 66
42 68
42 69
42 71
42 76
42 77
42 78
42 79
42 80
42 81
42 84
42 85
42 86
42 87
42 89
42 94
42 96
42 98
42 99
42 101
42 109
42 111
42 112
42 114
42 118
42 119
42 127
43 1
43 3
43 5
43 6
43 7
43 9
43 11
43 12
43 23
43 27
43 29
43 32
43 34
43 35
43 36
43 37
43 40
43 41
43 42
43 44
43 46
43 50
43 51
43 52
43 54
43 56
43 60
43 66
43 68
43 70
43 73
43 75
43 78
43 80
43 81
43 83
43 84
43 85
43 87
43 88
43 93
43 95
43 99
43 101
43 103
43 110
43 111
43 113
43 116
43 117
43 124
43 125
43 127
44 1
44 2
44 4
44 9
44 11
44 13
44 15
44 17
44 19
44 20
44 21
44 22
44 27
44 34
44 35
44 39
44 40
44 41
44 42
44 43
44 49
44 53
44 60
44 61
44 63
44 66
44 67
44 71
44 72
44 73
44 75
44 76
44 79
44 80
44 82
44 86
44 87
44 88
44 91
44 93
44 94
44 97
44 102
44 104
44 107
44 109
44 112
44 115
44 116
44 117
44 118
44 119
44 124
44 125
45 0
45 5
45 6
45 10
45 14
45 16
45 17
45 20
45 28
45 31
45 33
45 34
45 36
45 38
45 39
45 41
45 42
45 43
45 45
45 52
45 54
45 55
45 56
45 57
45 58
45 60
45 61
45 66
45 68
45 75
45 77
45 81
45 83
45 85
45 86
45 87
45 89
45 93
45 96
45 100
45 101
45 102
45 103
45 104
45 106
45 109
45 112
45 114
45 115
45 121
45 122
45 123
45 124
45 126
46 1
46 3
46 7
46 10
46 11
46 16
46 18
46 20
46 21
46 22
46 25
46 30
46 33
46 34
46 37
46 39
46 40
46 41
46 44
46 47
46 48
46 49
46 51
46 53
46 59
46 61
46 62
46 63
46 64
46 65
46 67
46 68
46 71
46 74
46 77
46 79
46 80
46 81
46 85
46 86
46 88
46 91
46 92
46 97
46 98
46 101
46 104
46 105
46 106
46 107
46 117
46 118
46 120
46 121
46 122
46 124
47 0
47 2
47 3
47 4
47 7
47 9
47 16
47 19
47 20
47 22
47 25
47 26
47 28
47 29
47 35
47 40
47 46
47 50
47 55
47 56
47 57
47 58
47 64
47 65
47 67
47 68
47 70
47 71
47 72
47 75
47 76
47 79
47 80
47 82
47 84
47 87
47 93
47 94
47 98
47 100
47 103
47 105
47 108
47 113
47 114
47 116
47 118
47 119
47 122
47 123
47 124
47 125
47 126
48 2
48 4
48 6
48 9
48 16
48 21
48 22
48 25
48 26
48 29
48 33
48 34
48 35
48 38
48 39
48 43
48 45
48 49
48 50
48 56
48 60
48 69
48 70
48 72
48 73
48 75
48 76
48 83
48 88
48 92
48 94
48 95
48 97
48 98
48 99
48 102
48 104
48 105
48 106
48 111
48 112
48 113
48 116
48 118
48 122
48 124
48 125
49 1
49 2
49 5
49 8
49 12
49 14
49 15
49 18
49 19
49 24
49 26
49 30
49 33
49 37
49 39
49 40
49 42
49 45
49 51
49 53
49 54
49 56
49 58
49 61
49 62
49 63
49 64
49 65
49 68
49 71
49 72
49 74
49 75
49 81
49 83
49 84
49 87
49 94
49 95
49 97
49 98
49 100
49 103
49 105
49 107
49 109
49 111
49 114
49 117
49 124
49 125
49 126
50 0
50 2
50 4
50 6
50 9
50 11
50 12
50 13
50 16
50 17
50 19
50 20
50 21
50 24
50 26
50 28
50 29
50 30
50 32
50 34
50 35
50 36
50 38
50 40
50 42
50 43
50 46
50 48
50 52
50 53
50 54
50 55
50 56
50 57
50 58
50 60
50 61
50 67
50 68
50 69
50 70
50 71
50 73
50 74
50 77
50 81
50 82
50 84
50 86
50 87
50 89
50 91
50 93
50 96
50 97
50 98
50 105
50 107
50 112
50 113
50 115
50 120
50 121
50 123
51 3
51 5
51 7
51 8
51 13
51 15
51 17
51 18
51 19
51 21
51 23
51 25
51 26
51 27
51 28
51 31
51 35
51 37
51 40
51 41
51 42
51 45
51 48
51 49
51 51
51 53
51 55
51 63
51 64
51 65
51 67
51 70
51 71
51 73
51 76
51 77
51 78
51 82
51 83
51 86
51 88
51 92
51 93
51 95
51 98
51 104
51 105
51 108
51 110
51 112
51 117
51 119
51 125
51 126
52 3
52 5
52 6
52 7
52 8
52 9
52 10
52 14
52 19
52 23
52 25
52 27
52 28
52 29
52 32
52 35
52 36
52 38
52 40
52 43
52 44
52 46
52 47
52 48
52 50
52 51
52 52
52 54
52 55
52 58
52 61
52 64
52 65
52 66
52 70
52 71
52 73
52 75
52 77
52 79
52 80
52 82
52 86
52 87
52 91
52 94
52 99
52 100
52 103
52 104
52 107
52 108
52 109
52 113
52 114
52 115
52 116
52 118
52 121
52 125
53 2
53 7
53 11
53 12
53 14
53 20
53 21
53 25
53 29
53 31
53 35
53 40
53 41
53 44
53 51
53 56
53 57
53 58
53 63
53 64
53 65
53 67
53 72
53 73
53 74
53 79
53 84
53 85
53 86
53 87
53 90
53 91
53 92
53 93
53 98
53 100
53 102
53 103
53 105
53 106
53 107
53 109
53 110
53 116
53 119
53 120
53 122
53 125
53 126
54 0
54 4
54 6
54 7
54 8
54 10
54 14
54 21
54 26
54 27
54 28
54 30
54 31
54 32
54 33
54 36
54 46
54 55
54 56
54 61
54 63
54 67
54 70
54 71
54 73
54 77
54 78
54 80
54 81
54 83
54 92
54 93
54 96
54 97
54 98
54 99
54 101
54 103
54 104
54 105
54 107
54 108
54 113
54 114
54 116
54 118
54 119
54 120
54 122
54 124
54 127
55 2
55 3
55 4
55 9
55 10
55 11
55 12
55 18
55 22
55 23
55 25
55 28
55 31
55 32
55 33
55 34
55 35
55 38
55 39
55 42
55 44
55 46
55 48
55 58
55 60
55 61
55 62
55 65
55 67
55 68
55 70
55 73
55 76
55 81
55 82
55 83
55 85
55 86
55 87
55 88
55 90
55 91
55 94
55 96
55 100
55 101
55 102
55 105
55 107
55 109
55 111
55 112
55 115
55 116
55 119
55 125
55 126
56 1
56 2
56 5
56 6
56 10
56 20
56 26
56 28
56 31
56 33
56 34
56 35
56 37
56 39
56 50
56 55
56 58
56 60
56 61
56 62
56 65
56 66
56 69
56 74
56 75
56 79
56 80
56 81
56 85
56 89
56 90
56 91
56 92
56 95
56 96
56 97
56 98
56 100
56 104
56 106
56 107
56 108
56 109
56 112
56 114
56 117
56 118
56 119
56 122
56 123
56 124
56 126
57 6
57 9
57 10
57 12
57 19
57 21
57 23
57 28
57 29
57 38
57 40
57 43
57 47
57 50
57 51
57 52
57 55
57 57
57 59
57 63
57 64
57 65
57 68
57 69
57 70
57 72
57 74
57 76
57 83
57 84
57 85
57 87
57 88
57 89
57 90
57 91
57 94
57 97
57 100
57 101
57 103
57 105
57 106
57 112
57 113
57 121
57 123
57 125
57 127
58 0
58 2
58 4
58 5
58 12
58 15
58 16
58 19
58 21
58 30
58 31
58 32
58 34
58 35
58 36
58 39
58 40
58 41
58 42
58 43
58 46
58 50
58 51
58 53
58 56
58 59
58 63
58 67
58 69
58 73
58 74
58 76
58 81
58 83
58 85
58 90
58 91
58 92
58 94
58 96
58 98
58 100
58 104
58 106
58 107
58 113
58 118
58 119
58 120
58 124
58 125
58 127
59 6
59 7
59 9
59 10
59 11
59 12
59 13
59 14
59 17
59 18
59 20
59 23
59 25
59 29
59 32
59 37
59 42
59 43
59 46
59 49
59 54
59 60
59 61
59 62
59 63
59 65
59 66
59 67
59 68
59 77
59 79
59 80
59 81
59 84
59 85
59 88
59 92
59 93
59 95
59 97
59 99
59 104
59 106
59 107
59 108
59 109
59 113
59 114
59 116
59 117
59 119
59 120
59 122
59 123
59 125
59 126
60 0
60 3
60 5
60 10
60 13
60 16
60 17
60 20
60 24
60 25
60 28
60 29
60 31
60 33
60 34
60 39
60 41
60 42
60 44
60 45
60 46
60 49
60 50
60 53
60 57
60 58
60 59
60 61
60 63
60 64
60 68
60 69
60 75
60 76
60 82
60 83
60 84
60 85
60 87
60 88
60 90
60 93
60 94
60 96
60 101
60 102
60 106
60 109
60 114
60 117
60 119
60 121
61 3
61 10
61 12
61 17
61 20
61 22
61 25
61 26
61 27
61 31
61 32
61 33
61 34
61 35
61 37
61 38
61 42
61 44
61 47
61 50
61 53
61 56
61 60
61 61
61 62
61 63
61 64
61 67
61 71
61 74
61 75
61 80
61 84
61 85
61 87
61 88
61 89
61 92
61 94
61 99
61 100
61 105
61 111
61 113
61 115
61 116
61 117
61 118
61 119
61 120
61 121
61 124
62 0
62 1
62 9
62 11
62 12
62 13
62 14
62 20
62 23
62 28
62 32
62 33
62 35
62 39
62 41
62 42
62 47
62 48
62 51
62 52
62 53
62 54
62 55
62 59
62 61
62 64
62 65
62 68
62 73
62 76
62 77
62 83
62 84
62 86
62 94
62 99
62 100
62 101
62 103
62 105
62 106
62 107
62 115
62 118
62 121
62 123
62 127
63 0
63 2
63 6
63 7
63 8
63 9
63 10
63 16
63 17
63 18
63 31
63 32
63 36
63 38
63 41
63 42
63 44
63 45
63 47
63 48
63 53
63 54
63 58
63 60
63 61
63 63
63 65
63 67
63 70
63 71
63 73
63 79
63 83
63 89
63 90
63 91
63 94
63 95
63 96
63 97
63 99
63 101
63 102
63 103
63 108
63 109
63 111
63 112
63 115
63 119
63 121
63 122
63 125
63 126
64 1
64 3
64 6
64 7
64 13
64 15
64 16
64 23
64 26
64 28
64 29
64 31
64 32
64 33
64 41
64 45
64 47
64 49
64 52
64 58
64 63
64 65
64 71
64 74
64 75
64 76
64 78
64 79
64 81
64 82
64 85
64 87
64 92
64 102
64 103
64 108
64 109
64 113
64 114
64 118
64 120
64 122
64 125
64 127
65 0
65 2
65 4
65 5
65 7
65 11
65 12
65 14
65 16
65 17
65 20
65 21
65 27
65 28
65 30
65 33
65 34
65 35
65 39
65 42
65 45
65 46
65 48
65 50
65 51
65 53
65 62
65 63
65 68
65 69
65 70
65 74
65 75
65 77
65 78
65 79
65 80
65 81
65 82
65 84
65 89
65 92
65 94
65 95
65 96
65 100
65 101
65 102
65 104
65 105
65 106
65 108
65 109
65 110
65 111
65 112
65 113
65 116
65 118
65 120
65 123
65 126
65 127
66 1
66 5
66 8
66 12
66 13
66 14
66 17
66 22
66 25
66 27
66 28
66 31
66 36
66 37
66 38
66 39
66 40
66 51
66 56
66 59
66 60
66 63
66 64
66 68
66 69
66 73
66 75
66 80
66 81
66 82
66 83
66 94
66 95
66 96
66 102
66 106
66 111
66 114
66 117
66 119
66 122
66 125
66 126
66 127
67 1
67 8
67 9
67 10
67 14
67 18
67 23
67 25
67 26
67 29
67 32
67 37
67 38
67 39
67 49
67 54
67 55
67 59
67 61
67 64
67 66
67 70
67 77
67 79
67 80
67 83
67 84
67 86
67 91
67 92
67 94
67 96
67 101
67 105
67 108
67 111
67 112
67 120
67 122
67 127
68 0
68 1
68 3
68 4
68 5
68 7
68 8
68 9
68 10
68 12
68 14
68 15
68 17
68 19
68 21
68 24
68 25
68 31
68 35
68 40
68 42
68 43
68 44
68 45
68 48
68 51
68 54
68 57
68 59
68 73
68 77
68 78
68 79
68 80
68 84
68 85
68 88
68 91
68 92
68 93
68 94
68 98
68 100
68 101
68 102
68 103
68 105
68 107
68 108
68 109
68 110
68 112
68 115
68 116
68 117
68 119
68 120
68 121
68 123
68 124
68 126
68 127
69 4
69 5
69 7
69 11
69 13
69 17
69 20
69 21
69 23
69 26
69 27
69 28
69 29
69 35
69 39
69 43
69 45
69 47
69 48
69 49
69 50
69 53
69 54
69 55
69 56
69 58
69 61
69 62
69 66
69 67
69 68
69 69
69 70
69 72
69 74
69 76
69 77
69 79
69 81
69 82
69 83
69 85
69 86
69 90
69 91
69 94
69 98
69 100
69 102
69 105
69 106
69 110
69 113
69 115
69 116
69 117
69 120
69 122
69 124
69 126
70 0
70 2
70 4
70 6
70 12
70 18
70 19
70 27
70 29
70 32
70 33
70 38
70 42
70 44
70 47
70 48
70 49
70 52
70 53
70 56
70 57
70 58
70 60
70 62
70 64
70 65
70 68
70 74
70 76
70 79
70 81
70 84
70 90
70 99
70 101
70 103
70 109
70 111
70 114
70 115
70 116
70 118
70 121
70 122
70 123
70 124
70 126
71 1
71 2
71 8
71 10
71 11
71 12
71 21
71 22
71 23
71 24
71 27
71 31
71 32
71 38
71 39
71 41
71 44
71 45
71 47
71 48
71 51
71 52
71 53
71 54
71 55
71 57
71 61
71 62
71 65
71 66
71 67
71 69
71 70
71 71
71 73
71 79
71 82
71 84
71 85
71 88
71 89
71 90
71 92
71 93
71 100
71 103
71 106
71 107
71 109
71 110
71 111
71 113
71 114
71 118
71 119
71 120
71 123
71 125
71 126
72 1
72 4
72 10
72 11
72 12
72 16
72 17
72 19
72 20
72 22
72 23
72 24
72 27
72 30
72 31
72 34
72 41
72 49
72 55
72 56
72 61
72 62
72 63
72 64
72 67
72 68
72 69
72 70
72 80
72 81
72 83
72 84
72 87
72 88
72 91
72 94
72 97
72 100
72 105
72 107
72 108
72 109
72 110
72 114
72 117
72 123
72 125
72 126
73 0
73 1
73 2
73 3
73 5
73 9
73 13
73 15
73 16
73 17
73 19
73 23
73 24
73 25
73 29
73 30
73 32
73 36
73 39
73 44
73 49
73 51
73 52
73 61
73 64
73 67
73 71
73 75
73 77
73 79
73 83
73 85
73 87
73 88
73 89
73 97
73 98
73 100
73 102
73 103
73 107
73 108
73 110
73 113
73 114
73 115
73 122
73 124
74 0
74 4
74 9
74 10
74 16
74 19
74 21
74 22
74 23
74 24
74 26
74 28
74 31
74 32
74 39
74 41
74 46
74 49
74 50
74 52
74 54
74 56
74 58
74 67
74 68
74 70
74 75
74 77
74 78
74 81
74 85
74 86
74 88
74 92
74 94
74 98
74 101
74 104
74 108
74 109
74 111
74 112
74 113
74 114
74 124
74 125
74 127
75 1
75 2
75 5
75 6
75 7
75 8
75 9
75 10
75 12
75 14
75 15
75 16
75 19
75 22
75 23
75 25
75 29
75 30
75 40
75 41
75 55
75 59
75 66
75 77
75 78
75 86
75 97
75 98
75 101
75 110
75 114
75 121
75 124
76 0
76 2
76 5
76 8
76 13
76 18
76 21
76 22
76 28
76 31
76 32
76 35
76 36
76 39
76 40
76 41
76 42
76 44
76 48
76 51
76 54
76 56
76 58
76 65
76 66
76 71
76 73
76 78
76 79
76 80
76 81
76 92
76 93
76 94
76 97
76 98
76 101
76 103
76 104
76 106
76 111
76 114
76 117
76 118
76 120
76 122
76 124
76 126
77 1
77 2
77 4
77 5
77 6
77 10
77 12
77 15
77 20
77 25
77 26
77 27
77 32
77 33
77 34
77 36
77 37
77 38
77 40
77 43
77 45
77 50
77 52
77 54
77 59
77 62
77 64
77 65
77 66
77 68
77 71
77 72
77 77
77 78
77 81
77 83
77 84
77 86
77 87
77 89
77 90
77 91
77 93
77 94
77 95
77 97
77 99
77 101
77 102
77 103
77 106
77 107
77 108
77 109
77 114
77 115
77 117
77 119
77 120
77 123
78 0
78 1
78 2
78 3
78 4
78 7
78 8
78 10
78 20
78 21
78 22
78 25
78 26
78 28
78 30
78 31
78 34
78 38
78 41
78 45
78 47
78 50
78 51
78 53
78 54
78 56
78 58
78 60
78 63
78 64
78 66
78 70
78 71
78 76
78 77
78 81
78 82
78 85
78 87
78 88
78 89
78 94
78 98
78 100
78 103
78 105
78 108
78 109
78 114
78 115
78 116
78 117
78 122
78 125
79 2
79 8
79 13
79 14
79 15
79 19
79 21
79 23
79 24
79 25
79 26
79 29
79 32
79 33
79 34
79 35
79 38
79 42
79 44
79 49
79 50
79 51
79 52
79 55
79 57
79 63
79 64
79 69
79 71
79 73
79 83
79 84
79 90
79 91
79 92
79 95
79 97
79 99
79 100
79 102
79 103
79 107
79 112
79 113
79 118
79 119
79 120
79 121
79 126
79 127
80 0
80 6
80 9
80 11
80 13
80 14
80 15
80 17
80 18
80 25
80 30
80 32
80 35
80 37
80 39
80 40
80 42
80 44
80 46
80 50
80 53
80 68
80 70
80 72
80 74
80 76
80 79
80 82
80 87
80 91
80 94
80 95
80 96
80 97
80 99
80 103
80 104
80 109
80 117
80 119
80 120
80 122
80 123
80 126
81 0
81 4
81 6
81 8
81 10
81 13
81 14
81 16
81 17
81 19
81 21
81 24
81 27
81 29
81 32
81 35
81 39
81 40
81 49
81 50
81 52
81 53
81 58
81 59
81 61
81 62
81 65
81 66
81 68
81 71
81 76
81 77
81 78
81 79
81 80
81 82
81 83
81 84
81 88
81 89
81 92
81 97
81 113
81 114
81 116
81 120
81 126
81 127
82 0
82 5
82 12
82 13
82 15
82 16
82 19
82 22
82 25
82 26
82 29
82 30
82 32
82 35
82 36
82 38
82 41
82 42
82 45
82 46
82 48
82 51
82 52
82 53
82 54
82 55
82 56
82 60
82 63
82 68
82 69
82 72
82 75
82 79
82 83
82 85
82 87
82 88
82 93
82 96
82 104
82 108
82 109
82 125
82 126
83 3
83 7
83 9
83 15
83 16
83 17
83 18
83 19
83 21
83 22
83 23
83 24
83 25
83 28
83 33
83 34
83 37
83 39
83 40
83 42
83 43
83 44
83 45
83 54
83 57
83 58
83 59
83 61
83 62
83 63
83 64
83 71
83 75
83 76
83 79
83 82
83 91
83 93
83 100
83 103
83 104
83 108
83 112
83 114
83 116
83 117
83 120
83 121
83 124
83 125
83 126
84 2
84 3
84 5
84 7
84 11
84 13
84 14
84 17
84 18
84 22
84 23
84 35
84 39
84 43
84 44
84 54
84 58
84 59
84 66
84 67
84 68
84 72
84 77
84 78
84 79
84 84
84 89
84 92
84 97
84 98
84 99
84 102
84 103
84 104
84 106
84 118
84 121
84 126
85 0
85 2
85 4
85 8
85 10
85 12
85 13
85 14
85 15
85 17
85 21
85 22
85 25
85 27
85 33
85 36
85 37
85 38
85 40
85 43
85 47
85 49
85 54
85 57
85 65
85 70
85 72
85 75
85 77
85 80
85 81
85 82
85 83
85 92
85 93
85 94
85 95
85 96
85 98
85 100
85 102
85 104
85 107
85 117
85 124
85 126
86 0
86 1
86 3
86 4
86 6
86 10
86 11
86 12
86 13
86 15
86 17
86 19
86 23
86 26
86 27
86 28
86 29
86 33
86 37
86 38
86 44
86 47
86 48
86 49
86 52
86 55
86 56
86 58
86 59
86 62
86 63
86 65
86 76
86 79
86 80
86 83
86 87
86 88
86 91
86 93
86 96
86 97
86 99
86 105
86 110
86 111
86 113
86 115
86 116
86 118
86 120
86 123
86 124
86 125
86 127
87 2
87 3
87 4
87 5
87 6
87 7
87 9
87 10
87 11
87 13
87 15
87 16
87 17
87 23
87 24
87 25
87 26
87 28
87 30
87 32
87 34
87 35
87 38
87 40
87 43
87 45
87 47
87 48
87 50
87 52
87 55
87 57
87 59
87 61
87 64
87 67
87 68
87 70
87 71
87 74
87 80
87 81
87 83
87 88
87 90
87 98
87 102
87 103
87 104
87 106
87 108
87 111
87 115
87 116
87 117
87 119
87 121
87 123
87 127
88 0
88 4
88 7
88 8
88 12
88 17
88 18
88 19
88 20
88 21
88 22
88 24
88 28
88 39
88 40
88 43
88 49
88 50
88 53
88 55
88 56
88 58
88 60
88 61
88 64
88 65
88 66
88 70
88 72
88 73
88 77
88 78
88 81
88 82
88 83
88 85
88 86
88 87
88 89
88 91
88 92
88 93
88 95
88 98
88 99
88 103
88 104
88 112
88 113
88 114
88 115
88 116
88 118
88 121
88 123
88 127
89 0
89 2
89 3
89 4
89 5
89 6
89 7
89 8
89 13
89 15
89 24
89 26
89 30
89 39
89 40
89 42
89 43
89 44
89 50
89 52
89 53
89 54
89 56
89 57
89 59
89 66
89 74
89 77
89 78
89 81
89 83
89 86
89 87
89 88
89 89
89 96
89 97
89 100
89 101
89 102
89 105
89 108
89 113
89 118
89 119
89 121
89 122
89 123
89 124
89 126
89 127
90 1
90 15
90 23
90 26
90 30
90 31
90 33
90 34
90 35
90 36
90 37
90 40
90 44
90 49
90 50
90 51
90 52
90 58
90 60
90 61
90 63
90 64
90 65
90 70
90 85
90 86
90 87
90 88
90 89
90 90
90 94
90 95
90 96
90 97
90 98
90 104
90 106
90 108
90 111
90 112
90 113
90 114
90 115
90 116
90 117
90 118
90 119
90 120
90 126
90 127
91 1
91 4
91 5
91 6
91 7
91 12
91 17
91 18
91 24
91 25
91 26
91 29
91 30
91 31
91 35
91 37
91 38
91 39
91 50
91 53
91 56
91 57
91 59
91 61
91 65
91 66
91 67
91 75
91 76
91 78
91 85
91 89
91 91
91 92
91 96
91 97
91 98
91 99
91 100
91 106
91 107
91 110
91 111
91 113
91 115
91 117
91 121
91 125
91 127
92 1
92 2
92 4
92 7
92 11
92 14
92 20
92 21
92 22
92 27
92 28
92 29
92 33
92 38
92 41
92 45
92 46
92 47
92 48
92 58
92 60
92 62
92 65
92 66
92 71
92 73
92 75
92 76
92 78
92 80
92 81
92 82
92 85
92 92
92 93
92 94
92 98
92 100
92 101
92 103
92 105
92 109
92 114
92 115
92 116
92 127
93 1
93 3
93 6
93 7
93 10
93 11
93 18
93 22
93 25
93 26
93 27
93 28
93 30
93 32
93 36
93 38
93 47
93 48
93 49
93 51
93 52
93 57
93 61
93 64
93 65
93 74
93 78
93 79
93 84
93 85
93 86
93 87
93 88
93 90
93 92
93 93
93 94
93 101
93 102
93 103
93 110
93 112
93 114
93 115
93 116
93 118
93 119
93 121
93 122
93 123
93 125
94 7
94 10
94 16
94 18
94 19
94 21
94 22
94 23
94 24
94 25
94 28
94 31
94 38
94 39
94 40
94 41
94 42
94 44
94 51
94 53
94 54
94 57
94 61
94 71
94 72
94 73
94 74
94 75
94 80
94 84
94 85
94 89
94 90
94 95
94 96
94 98
94 108
94 110
94 111
94 113
94 114
94 117
94 123
94 124
95 1
95 3
95 7
95 13
95 17
95 21
95 23
95 24
95 29
95 31
95 33
95 34
95 45
95 46
95 57
95 58
95 64
95 65
95 66
95 69
95 70
95 75
95 76
95 78
95 79
95 83
95 84
95 89
95 92
95 93
95 98
95 100
95 104
95 105
95 109
95 110
95 111
95 114
95 115
95 117
95 118
95 120
95 121
95 122
95 126
95 127
96 0
96 2
96 6
96 9
96 12
96 15
96 16
96 18
96 21
96 22
96 23
96 25
96 27
96 29
96 30
96 41
96 43
96 47
96 48
96 49
96 50
96 51
96 53
96 58
96 62
96 63
96 66
96 70
96 71
96 73
96 78
96 79
96 85
96 87
96 88
96 89
96 91
96 96
96 97
96 98
96 99
96 100
96 101
96 104
96 108
96 109
96 112
96 113
96 114
96 120
96 121
96 122
96 124
96 125
97 0
97 2
97 3
97 4
97 8
97 11
97 12
97 13
97 15
97 16
97 20
97 24
97 25
97 27
97 34
97 38
97 40
97 41
97 42
97 43
97 45
97 49
97 51
97 52
97 53
97 54
97 64
97 71
97 72
97 76
97 77
97 82
97 84
97 86
97 87
97 88
97 93
97 94
97 95
97 96
97 109
97 111
97 113
97 115
97 116
97 118
97 119
97 123
98 0
98 1
98 2
98 4
98 5
98 7
98 9
98 10
98 11
98 12
98 16
98 21
98 27
98 28
98 30
98 31
98 32
98 34
98 39
98 44
98 45
98 46
98 48
98 49
98 53
98 60
98 63
98 64
98 66
98 67
98 71
98 73
98 75
98 76
98 79
98 80
98 83
98 84
98 85
98 86
98 87
98 89
98 90
98 91
98 93
98 96
98 98
98 102
98 105
98 108
98 110
98 112
98 113
98 114
98 115
98 120
98 123
98 124
98 126
99 7
99 12
99 17
99 18
99 25
99 29
99 30
99 31
99 32
99 33
99 36
99 37
99 38
99 39
99 45
99 47
99 49
99 50
99 51
99 52
99 58
99 59
99 60
99 61
99 62
99 65
99 68
99 70
99 71
99 72
99 76
99 82
99 84
99 87
99 88
99 93
99 96
99 97
99 102
99 103
99 106
99 110
99 111
99 112
99 114
99 119
99 121
99 123
99 124
99 126
100 2
100 9
100 13
100 14
100 15
100 17
100 18
100 20
100 26
100 27
100 30
100 37
100 38
100 40
100 42
100 48
100 50
100 51
100 52
100 54
100 55
100 58
100 59
100 61
100 64
100 65
100 67
100 69
100 71
100 72
100 74
100 76
100 80
100 82
100 84
100 85
100 86
100 87
100 88
100 89
100 93
100 97
100 101
100 103
100 104
100 107
100 109
100 110
100 112
100 120
100 123
101 0
101 2
101 4
101 5
101 6
101 7
101 8
101 9
101 12
101 14
101 17
101 18
101 22
101 23
101 24
101 25
101 33
101 37
101 38
101 40
101 43
101 44
101 45
101 46
101 51
101 52
101 53
101 56
101 57
101 66
101 69
101 71
101 72
101 73
101 74
101 82
101 84
101 86
101 87
101 90
101 93
101 94
101 96
101 97
101 100
101 101
101 103
101 111
101 112
101 114
101 117
101 120
101 121
101 122
101 123
101 127
102 2
102 4
102 6
102 8
102 10
102 11
102 14
102 18
102 19
102 22
102 25
102 40
102 48
102 49
102 51
102 54
102 55
102 56
102 57
102 59
102 61
102 63
102 64
102 65
102 69
102 71
102 72
102 73
102 74
102 76
102 77
102 91
102 97
102 101
102 102
102 103
102 104
102 107
102 108
102 110
102 113
102 114
102 116
102 121
102 122
102 123
102 124
102 127
103 1
103 2
103 4
103 6
103 7
103 9
103 10
103 11
103 12
103 14
103 22
103 24
103 25
103 27
103 30
103 31
103 32
103 33
103 35
103 41
103 48
103 52
103 53
103 55
103 56
103 62
103 63
103 65
103 70
103 72
103 76
103 77
103 78
103 80
103 81
103 84
103 85
103 86
103 89
103 95
103 97
103 101
103 104
103 105
103 106
103 107
103 108
103 109
103 114
103 117
103 121
103 122
103 123
103 125
103 126
104 0
104 1
104 4
104 6
104 7
104 9
104 12
104 16
104 17
104 20
104 21
104 24
104 26
104 30
104 34
104 37
104 38
104 40
104 41
104 42
104 45
104 48
104 50
104 52
104 63
104 69
104 72
104 73
104 74
104 76
104 83
104 84
104 87
104 89
104 90
104 92
104 94
104 98
104 101
104 107
104 110
104 116
104 117
104 119
104 120
104 125
104 126
105 4
105 7
105 8
105 11
105 12
105 15
105 21
105 26
105 34
105 35
105 36
105 37
105 38
105 42
105 44
105 46
105 47
105 48
105 50
105 57
105 60
105 63
105 67
105 68
105 69
105 72
105 76
105 77
105 82
105 84
105 88
105 90
105 91
105 97
105 98
105 104
105 111
105 112
105 113
105 114
105 117
105 121
105 123
105 124
106 6
106 8
106 9
106 18
106 21
106 23
106 25
106 27
106 29
106 33
106 35
106 36
106 40
106 41
106 45
106 47
106 48
106 50
106 51
106 52
106 54
106 55
106 56
106 57
106 63
106 64
106 65
106 69
106 72
106 74
106 75
106 81
106 94
106 97
106 100
106 101
106 106
106 108
106 110
106 111
106 114
106 116
106 118
106 119
106 121
106 123
106 124
107 1
107 2
107 3
107 5
107 7
107 9
107 10
107 12
107 13
107 14
107 17
107 18
107 22
107 24
107 27
107 29
107 30
107 34
107 40
107 48
107 51
107 52
107 54
107 56
107 59
107 60
107 65
107 67
107 69
107 72
107 73
107 77
107 78
107 79
107 80
107 82
107 83
107 84
107 85
107 88
107 90
107 95
107 96
107 102
107 109
107 110
107 111
107 112
107 113
107 114
107 115
107 116
107 117
107 121
107 126
108 1
108 7
108 10
108 12
108 15
108 16
108 20
108 22
108 25
108 26
108 29
108 30
108 34
108 36
108 38
108 40
108 43
108 44
108 48
108 52
108 53
108 55
108 59
108 60
108 61
108 62
108 64
108 66
108 67
108 69
108 74
108 75
108 77
108 86
108 87
108 90
108 91
108 93
108 94
108 97
108 104
108 105
108 106
108 108
108 110
108 114
108 118
108 122
108 123
108 125
108 126
108 127
109 4
109 6
109 7
109 12
109 13
109 14
109 15
109 18
109 22
109 27
109 30
109 31
109 32
109 33
109 37
109 39
109 40
109 41
109 42
109 44
109 45
109 46
109 47
109 48
109 49
109 50
109 52
109 54
109 55
109 63
109 66
109 68
109 69
109 70
109 72
109 73
109 77
109 81
109 83
109 85
109 87
109 93
109 95
109 97
109 99
109 101
109 103
109 106
109 109
109 115
109 116
109 120
109 125
109 127
110 1
110 4
110 5
110 9
110 11
110 14
110 15
110 16
110 17
110 19
110 20
110 21
110 22
110 23
110 24
110 25
110 27
110 33
110 34
110 37
110 39
110 40
110 41
110 42
110 43
110 44
110 45
110 51
110 52
110 55
110 58
110 62
110 63
110 64
110 65
110 68
110 70
110 74
110 75
110 83
110 85
110 86
110 89
110 90
110 92
110 94
110 99
110 104
110 107
110 108
110 110
110 116
110 118
110 122
110 123
110 124
110 125
110 126
111 2
111 3
111 7
111 13
111 15
111 20
111 21
111 26
111 28
111 29
111 33
111 34
111 39
111 43
111 44
111 47
111 48
111 51
111 54
111 58
111 59
111 60
111 61
111 62
111 63
111 65
111 66
111 71
111 72
111 75
111 77
111 78
111 79
111 80
111 82
111 86
111 87
111 92
111 94
111 101
111 102
111 105
111 113
111 114
111 115
111 118
111 124
111 127
112 1
112 3
112 4
112 6
112 18
112 19
112 22
112 25
112 33
112 40
112 41
112 46
112 51
112 54
112 56
112 59
112 60
112 63
112 66
112 67
112 68
112 71
112 73
112 77
112 78
112 81
112 85
112 91
112 92
112 95
112 107
112 109
112 112
112 115
112 122
112 124
112 127
113 0
113 3
113 4
113 5
113 6
113 7
113 8
113 12
113 13
113 15
113 16
113 21
113 26
113 31
113 32
113 33
113 34
113 35
113 36
113 38
113 41
113 42
113 43
113 45
113 51
113 60
113 62
113 64
113 67
113 68
113 69
113 71
113 75
113 77
113 79
113 81
113 83
113 85
113 86
113 87
113 90
113 92
113 95
113 96
113 97
113 98
113 99
113 103
113 104
113 106
113 111
113 113
113 115
113 116
113 119
113 121
113 126
114 3
114 7
114 8
114 11
114 12
114 15
114 17
114 20
114 24
114 27
114 31
114 34
114 36
114 38
114 46
114 50
114 52
114 54
114 63
114 67
114 80
114 84
114 85
114 89
114 90
114 91
114 94
114 96
114 99
114 102
114 106
114 111
114 118
114 123
114 124
114 126
115 1
115 4
115 11
115 12
115 15
115 17
115 18
115 19
115 23
115 29
115 30
115 31
115 34
115 35
115 37
115 38
115 42
115 43
115 44
115 46
115 47
115 48
115 49
115 50
115 53
115 56
115 60
115 64
115 66
115 71
115 72
115 73
115 74
115 78
115 82
115 84
115 85
115 86
115 87
115 89
115 90
115 91
115 93
115 96
115 97
115 99
115 100
115 104
115 106
115 111
115 112
115 114
115 116
115 117
115 119
115 120
115 121
115 122
115 127
116 2
116 3
116 4
116 7
116 8
116 13
116 15
116 18
116 20
116 24
116 26
116 27
116 29
116 35
116 36
116 38
116 42
116 44
116 47
116 49
116 57
116 58
116 62
116 66
116 69
116 70
116 72
116 75
116 76
116 79
116 80
116 82
116 83
116 85
116 88
116 89
116 90
116 95
116 96
116 97
116 103
116 104
116 106
116 109
116 110
116 111
116 119
116 121
116 125
116 127
117 3
117 4
117 6
117 7
117 9
117 11
117 12
117 13
117 14
117 16
117 18
117 20
117 32
117 34
117 35
117 36
117 38
117 39
117 41
117 42
117 43
117 45
117 46
117 47
117 50
117 53
117 56
117 58
117 60
117 61
117 63
117 65
117 66
117 68
117 75
117 76
117 77
117 78
117 79
117 80
117 82
117 85
117 86
117 87
117 88
117 90
117 91
117 93
117 98
117 99
117 101
117 103
117 104
117 109
117 111
117 112
117 115
117 118
117 120
117 123
117 126
117 127
118 1
118 2
118 5
118 8
118 12
118 13
118 14
118 19
118 20
118 27
118 29
118 30
118 33
118 34
118 35
118 36
118 37
118 40
118 42
118 45
118 46
118 50
118 54
118 61
118 64
118 67
118 68
118 69
118 70
118 71
118 74
118 76
118 77
118 78
118 81
118 87
118 89
118 90
118 91
118 96
118 98
118 102
118 103
118 104
118 109
118 110
118 111
118 113
118 116
118 120
118 121
119 0
119 3
119 5
119 6
119 7
119 11
119 15
119 16
119 17
119 18
119 20
119 22
119 29
119 31
119 35
119 41
119 42
119 44
119 45
119 48
119 49
119 53
119 54
119 56
119 62
119 64
119 68
119 69
119 70
119 71
119 72
119 75
119 76
119 80
119 82
119 83
119 86
119 88
119 91
119 94
119 96
119 100
119 102
119 103
119 109
119 110
119 116
119 119
120 1
120 2
120 4
120 5
120 6
120 9
120 11
120 15
120 17
120 18
120 20
120 23
120 26
120 34
120 36
120 37
120 39
120 40
120 44
120 45
120 46
120 50
120 53
120 55
120 56
120 59
120 62
120 66
120 69
120 73
120 75
120 77
120 79
120 83
120 87
120 89
120 92
120 93
120 95
120 96
120 98
120 99
120 101
120 102
120 105
120 108
120 110
120 116
120 118
120 119
120 121
120 122
120 123
120 124
120 126
120 127
121 4
121 6
121 9
121 12
121 16
121 17
121 20
121 21
121 23
121 25
121 28
121 29
121 30
121 32
121 33
121 35
121 38
121 40
121 45
121 46
121 47
121 49
121 52
121 53
121 55
121 64
121 68
121 70
121 76
121 81
121 83
121 85
121 87
121 88
121 90
121 91
121 92
121 93
121 94
121 96
121 109
121 110
121 111
121 113
121 114
121 115
121 116
121 118
121 121
121 122
121 125
122 2
122 3
122 5
122 6
122 7
122 8
122 9
122 13
122 16
122 17
122 22
122 24
122 26
122 30
122 31
122 32
122 33
122 35
122 38
122 40
122 41
122 45
122 48
122 49
122 52
122 53
122 54
122 57
122 59
122 60
122 61
122 75
122 76
122 78
122 79
122 83
122 89
122 91
122 93
122 94
122 96
122 97
122 102
122 103
122 104
122 105
122 107
122 108
122 110
122 114
122 121
122 122
122 123
122 124
123 1
123 4
123 5
123 6
123 7
123 9
123 10
123 11
123 14
123 15
123 16
123 18
123 20
123 25
123 26
123 29
123 30
123 31
123 35
123 37
123 38
123 43
123 46
123 50
123 55
123 60
123 64
123 65
123 66
123 70
123 71
123 72
123 77
123 78
123 80
123 81
123 82
123 85
123 89
123 90
123 92
123 95
123 102
123 103
123 106
123 109
123 110
123 111
123 113
123 121
123 122
123 125
123 126
124 1
124 2
124 6
124 10
124 11
124 12
124 13
124 14
124 17
124 18
124 21
124 22
124 29
124 34
124 37
124 41
124 42
124 43
124 44
124 47
124 49
124 52
124 53
124 54
124 55
124 61
124 70
124 73
124 75
124 81
124 83
124 85
124 89
124 92
124 95
124 96
124 102
124 104
124 105
124 115
124 119
124 122
124 123
124 127
125 4
125 5
125 11
125 12
125 13
125 16
125 18
125 20
125 21
125 25
125 26
125 27
125 31
125 33
125 35
125 36
125 39
125 42
125 43
125 45
125 51
125 57
125 58
125 63
125 65
125 66
125 68
125 72
125 75
125 76
125 77
125 80
125 87
125 91
125 95
125 99
125 101
125 102
125 103
125 106
125 108
125 118
125 120
125 122
125 126
125 127
126 1
126 2
126 6
126 7
126 8
126 17
126 18
126 20
126 21
126 24
126 28
126 29
126 30
126 31
126 35
126 39
126 48
126 52
126 55
126 56
126 57
126 58
126 60
126 64
126 65
126 68
126 69
126 70
126 71
126 72
126 77
126 78
126 82
126 88
126 90
126 91
126 92
126 93
126 94
126 97
126 99
126 104
126 107
126 109
126 110
126 111
126 112
126 116
126 121
126 123
126 126
127 0
127 3
127 4
127 5
127 7
127 8
127 10
127 11
127 12
127 13
127 14
127 16
127 17
127 26
127 28
127 30
127 31
127 32
127 35
127 40
127 41
127 49
127 50
127 52
127 53
127 56
127 58
127 59
127 62
127 63
127 67
127 68
127 70
127 72
127 85
127 86
127 87
127 88
127 89
127 97
127 99
127 103
127 107
127 110
127 113
127 114
127 115
127 120
127 124
127 126
127 127
