0 3
0 5
0 35
0 37
0 54
0 56
0 63
0 70
0 74
0 83
0 99
0 100
0 107
0 112
0 121
1 5
1 13
1 19
1 28
1 34
1 36
1 46
1 65
1 66
1 91
1 116
1 117
2 3
2 9
2 17
2 18
2 34
2 35
2 51
2 53
2 58
2 66
2 75
2 80
2 89
2 91
2 96
2 110
2 120
2 125
3 7
3 34
3 48
3 72
3 78
3 96
3 100
3 107
3 119
3 123
4 7
4 33
4 44
4 48
4 57
4 60
4 82
4 96
4 107
5 2
5 4
5 12
5 13
5 26
5 51
5 53
5 58
5 72
5 85
5 94
5 117
6 3
6 19
6 26
6 65
6 81
6 82
6 86
6 97
6 109
7 12
7 14
7 25
7 36
7 38
7 48
7 52
7 66
7 67
7 72
7 98
7 119
8 2
8 5
8 13
8 18
8 43
8 44
8 47
8 52
8 58
8 83
8 88
8 104
8 105
8 108
8 114
9 2
9 24
9 31
9 35
9 45
9 51
9 70
9 77
9 105
10 2
10 28
10 31
10 33
10 52
10 64
10 67
10 70
10 78
10 84
10 97
11 15
11 23
11 31
11 53
11 59
11 60
11 67
11 69
11 78
11 91
11 98
11 122
12 9
12 23
12 27
12 33
12 45
12 119
12 127
13 9
13 10
13 20
13 27
13 37
13 49
13 87
13 88
13 91
13 120
14 7
14 18
14 45
14 47
14 51
14 54
14 67
14 79
14 89
14 93
14 101
15 10
15 12
15 33
15 49
15 61
15 72
15 75
15 82
15 86
15 100
15 119
16 4
16 16
16 20
16 24
16 28
16 35
16 44
16 80
17 2
17 10
17 20
17 23
17 30
17 38
17 46
17 62
17 72
17 73
17 89
17 92
17 97
17 110
18 18
18 27
18 69
18 71
18 99
18 111
18 113
19 1
19 9
19 31
19 40
19 46
19 62
19 76
19 79
19 84
19 85
20 3
20 4
20 9
20 11
20 12
20 28
20 36
20 66
20 70
20 79
20 97
20 101
20 105
21 13
21 15
21 36
21 49
21 52
21 83
21 84
21 92
21 121
22 1
22 2
22 3
22 9
22 15
22 38
22 51
22 59
22 70
22 72
22 91
22 97
22 104
22 107
22 113
22 114
22 124
23 13
23 20
23 33
23 46
23 63
23 65
23 73
23 80
23 94
23 105
23 106
23 115
23 124
23 126
24 18
24 24
24 25
24 26
24 32
24 35
24 37
24 43
24 44
24 49
24 60
24 79
24 98
24 108
24 124
24 127
25 0
25 19
25 46
25 62
25 73
25 124
26 3
26 4
26 56
26 66
26 71
26 91
26 103
26 126
26 127
27 8
27 31
27 32
27 37
27 39
27 40
27 43
27 46
27 56
27 73
27 85
27 87
27 97
27 112
27 117
27 120
28 4
28 5
28 25
28 27
28 35
28 43
28 58
28 73
28 75
28 78
28 81
28 85
28 97
28 99
28 115
28 121
29 27
29 42
29 44
29 45
29 48
29 81
29 89
29 96
29 103
29 106
30 6
30 17
30 19
30 32
30 35
30 44
30 46
30 52
30 53
30 86
30 87
30 91
30 95
30 98
30 125
31 23
31 42
31 43
31 65
31 73
31 101
31 108
32 35
32 37
32 43
32 63
32 64
32 99
32 122
33 12
33 45
33 48
33 52
33 69
33 79
33 81
33 106
33 124
34 3
34 8
34 18
34 20
34 22
34 26
34 31
34 41
34 59
34 60
34 63
34 65
34 68
34 73
34 74
34 75
34 94
34 102
34 120
35 4
35 8
35 9
35 11
35 18
35 19
35 25
35 45
35 48
35 71
35 77
35 90
35 120
36 0
36 4
36 8
36 10
36 11
36 35
36 41
36 56
36 63
36 68
36 81
36 90
36 93
36 104
36 110
37 28
37 30
37 34
37 52
37 63
37 65
37 66
37 90
37 91
37 92
37 94
37 99
37 101
37 104
37 123
37 126
38 18
38 22
38 23
38 27
38 33
38 46
38 48
38 58
38 73
38 86
38 87
38 88
38 95
38 99
38 102
38 111
38 112
39 9
39 20
39 25
39 53
39 60
39 90
39 99
39 101
40 5
40 15
40 19
40 25
40 28
40 40
40 41
40 45
40 49
40 54
40 68
40 77
40 78
40 113
41 5
41 13
41 20
41 34
41 40
41 41
41 46
41 56
41 58
41 63
41 86
41 89
41 103
41 108
41 126
42 2
42 32
42 37
42 61
42 62
42 74
42 76
42 104
42 105
42 112
43 0
43 19
43 20
43 21
43 37
43 50
43 69
43 97
43 109
43 123
43 126
44 24
44 25
44 26
44 27
44 38
44 40
44 55
44 56
44 57
44 65
44 69
44 70
44 74
44 77
44 103
45 1
45 16
45 26
45 29
45 31
45 75
45 76
45 83
45 84
45 86
45 96
45 107
46 17
46 29
46 47
46 68
46 100
46 103
46 110
46 122
47 5
47 18
47 27
47 34
47 36
47 39
47 65
47 74
47 76
47 103
47 110
47 120
47 127
48 20
48 26
48 46
48 55
48 89
48 91
48 92
48 97
48 107
48 112
48 113
49 6
49 11
49 29
49 37
49 42
49 67
49 77
49 82
49 94
49 97
49 100
49 110
49 125
50 0
50 12
50 17
50 23
50 33
50 37
50 43
50 53
50 73
50 79
50 91
50 104
51 9
51 28
51 34
51 44
51 59
51 61
51 64
51 78
51 85
51 87
51 113
51 121
51 124
51 125
51 127
52 8
52 9
52 15
52 32
52 33
52 44
52 46
52 61
52 71
52 79
52 86
52 91
52 102
52 103
52 104
52 112
53 50
53 51
53 57
53 60
53 61
53 66
53 73
53 74
53 97
53 100
53 114
53 121
53 124
54 2
54 19
54 28
54 36
54 38
54 46
54 57
54 74
54 76
54 95
54 98
54 100
54 101
54 120
54 126
55 6
55 9
55 45
55 70
55 78
55 91
55 102
55 124
55 125
56 1
56 39
56 42
56 46
56 48
56 49
56 51
56 55
56 67
56 69
56 79
56 84
56 86
56 93
56 95
56 100
56 113
56 114
57 15
57 18
57 24
57 26
57 55
57 58
57 61
57 65
57 80
57 81
57 95
57 102
57 103
57 108
58 6
58 24
58 29
58 38
58 47
58 48
58 51
58 68
58 70
58 74
58 85
58 93
58 104
58 106
58 107
58 115
58 124
59 4
59 16
59 23
59 24
59 32
59 62
59 69
59 78
59 84
59 89
59 90
59 93
59 113
60 12
60 25
60 29
60 36
60 44
60 77
60 85
60 101
60 109
60 116
60 121
61 6
61 13
61 15
61 33
61 43
61 47
61 63
61 66
61 70
61 71
61 77
61 90
61 102
61 103
61 105
61 117
61 124
61 126
62 15
62 24
62 53
62 54
62 59
62 71
62 79
62 87
62 88
62 90
62 93
62 120
63 2
63 10
63 28
63 48
63 52
63 53
63 59
63 67
63 95
63 101
63 102
63 114
63 124
63 125
63 127
64 2
64 5
64 22
64 23
64 35
64 40
64 48
64 50
64 51
64 54
64 57
64 70
64 82
64 83
64 99
64 105
64 111
65 1
65 2
65 24
65 27
65 33
65 36
65 47
65 59
65 68
65 77
65 83
65 87
65 93
65 99
65 106
66 1
66 6
66 23
66 28
66 37
66 45
66 52
66 64
66 65
66 77
66 104
66 118
66 122
66 124
67 9
67 19
67 37
67 42
67 48
67 52
67 66
67 67
67 73
67 77
67 87
67 88
67 90
67 92
67 100
67 106
67 121
68 1
68 5
68 9
68 36
68 57
68 63
68 77
68 102
68 120
69 10
69 26
69 27
69 32
69 36
69 40
69 41
69 43
69 71
69 81
69 89
69 94
69 96
69 116
69 117
70 1
70 9
70 31
70 37
70 39
70 42
70 83
70 92
70 97
70 112
70 114
70 117
70 121
71 1
71 16
71 22
71 29
71 44
71 53
71 54
71 55
71 58
71 67
71 72
71 80
71 90
71 104
71 111
72 3
72 4
72 12
72 14
72 19
72 29
72 30
72 35
72 63
72 78
72 87
72 88
72 90
72 93
72 98
72 108
72 109
73 1
73 8
73 13
73 14
73 20
73 21
73 45
73 52
73 54
73 57
73 61
73 79
73 80
73 94
73 96
73 112
73 117
73 121
73 125
73 127
74 4
74 27
74 45
74 47
74 66
74 69
74 75
74 78
74 88
74 100
74 104
74 110
74 114
74 127
75 11
75 26
75 33
75 62
75 64
75 66
75 70
75 75
75 86
75 87
75 91
75 100
75 106
75 122
76 11
76 40
76 46
76 58
76 71
76 82
76 94
76 104
76 118
76 121
77 8
77 56
77 69
77 74
77 75
77 82
77 90
77 91
77 99
77 109
77 116
77 124
78 3
78 21
78 28
78 37
78 43
78 44
78 47
78 48
78 63
78 64
78 71
78 79
78 99
78 101
78 104
78 108
78 109
78 125
79 0
79 4
79 11
79 20
79 65
79 68
79 71
79 73
79 74
79 83
79 91
79 124
80 45
80 57
80 58
80 70
80 81
80 86
80 90
80 116
80 122
81 13
81 55
81 70
81 75
81 85
81 89
81 91
81 93
81 111
81 118
81 120
81 126
82 18
82 44
82 48
82 58
82 66
82 83
82 84
82 113
82 114
83 4
83 12
83 13
83 15
83 22
83 24
83 40
83 64
83 67
83 75
83 76
83 103
83 113
84 2
84 12
84 38
84 53
84 67
84 75
84 78
84 85
84 88
84 94
84 105
84 111
84 115
85 1
85 8
85 11
85 13
85 15
85 22
85 43
85 46
85 50
85 53
85 60
85 80
85 85
85 89
85 91
85 108
85 115
85 119
85 122
86 3
86 5
86 6
86 24
86 41
86 44
86 46
86 49
86 62
86 100
86 116
87 4
87 18
87 46
87 60
87 65
87 76
87 85
87 99
87 104
87 117
88 3
88 29
88 39
88 46
88 49
88 59
88 62
88 72
88 82
88 87
88 89
88 102
88 103
88 104
88 111
89 25
89 32
89 49
89 52
89 58
89 70
89 72
89 73
89 84
89 92
89 95
89 122
90 19
90 23
90 30
90 31
90 35
90 44
90 50
90 73
90 76
90 78
90 80
90 84
90 117
90 121
90 124
90 126
91 15
91 43
91 46
91 56
91 78
91 82
91 96
91 100
91 104
91 108
91 115
91 118
91 123
92 2
92 22
92 31
92 66
92 68
92 74
92 83
92 101
92 123
93 5
93 14
93 16
93 18
93 19
93 28
93 35
93 36
93 50
93 51
93 54
93 73
93 82
93 109
93 119
94 8
94 16
94 20
94 24
94 29
94 49
94 51
94 69
94 74
94 88
94 89
94 93
94 113
95 8
95 10
95 24
95 25
95 37
95 42
95 44
95 47
95 49
95 59
95 60
95 67
95 74
95 84
95 88
95 96
95 100
95 113
95 125
95 127
96 13
96 15
96 70
96 83
96 98
96 99
96 102
96 103
96 119
96 121
97 12
97 30
97 57
97 63
97 69
97 70
97 77
97 78
97 79
97 81
97 84
97 101
97 121
98 6
98 13
98 19
98 20
98 24
98 35
98 44
98 51
98 54
98 62
98 67
98 81
98 89
98 96
98 110
98 116
99 17
99 29
99 48
99 54
99 75
99 86
99 89
99 104
99 117
99 122
100 11
100 12
100 15
100 27
100 35
100 42
100 44
100 46
100 54
100 75
100 78
100 92
100 96
101 4
101 5
101 7
101 10
101 13
101 53
101 62
101 76
101 77
101 97
101 105
101 106
102 14
102 15
102 29
102 33
102 34
102 39
102 55
102 61
102 75
102 91
102 95
102 97
102 109
102 111
102 112
102 123
102 126
103 4
103 5
103 7
103 9
103 13
103 29
103 36
103 39
103 85
103 97
103 99
103 123
104 3
104 20
104 34
104 47
104 48
104 49
104 53
104 58
104 63
104 67
104 98
105 4
105 7
105 16
105 37
105 45
105 52
105 65
105 68
105 70
105 72
105 83
105 87
105 89
105 100
105 119
106 3
106 4
106 24
106 39
106 41
106 60
106 71
106 78
106 85
106 87
106 89
106 100
107 19
107 29
107 40
107 50
107 53
107 58
107 61
107 64
107 81
107 101
107 112
107 123
108 30
108 42
108 52
108 54
108 70
108 71
108 76
108 86
108 92
108 113
109 3
109 7
109 48
109 52
109 62
109 75
109 84
109 101
109 115
110 2
110 15
110 31
110 40
110 45
110 48
110 56
110 81
110 82
110 87
110 91
110 94
110 110
110 119
110 121
111 25
111 27
111 47
111 85
111 116
111 119
111 122
112 12
112 23
112 29
112 33
112 50
112 79
112 84
112 87
112 116
112 122
112 124
113 7
113 11
113 15
113 20
113 22
113 25
113 29
113 34
113 35
113 37
113 44
113 46
113 48
113 54
113 61
113 65
113 70
113 84
113 105
113 112
114 16
114 25
114 37
114 84
114 95
114 109
114 110
114 116
114 122
114 125
115 0
115 15
115 18
115 19
115 20
115 50
115 63
115 67
115 70
115 84
115 89
115 91
115 116
115 120
115 121
116 4
116 7
116 20
116 21
116 41
116 65
116 66
116 70
116 74
116 83
116 90
116 92
117 2
117 9
117 19
117 49
117 63
117 66
117 74
117 100
117 102
117 110
117 116
117 118
117 123
118 5
118 8
118 9
118 18
118 23
118 34
118 36
118 42
118 47
118 48
118 71
118 76
118 96
118 97
118 115
118 118
118 125
118 126
119 0
119 6
119 15
119 34
119 61
119 63
119 70
119 79
119 84
119 105
119 106
119 108
119 109
119 111
119 114
120 11
120 16
120 21
120 25
120 36
120 37
120 39
120 42
120 43
120 44
120 52
120 73
120 83
120 110
120 122
121 1
121 8
121 14
121 42
121 49
121 54
121 57
121 69
121 72
121 77
121 110
121 117
122 24
122 43
122 52
122 58
122 64
122 69
122 74
122 91
122 98
122 101
122 117
122 127
123 18
123 61
123 73
123 82
123 85
123 102
123 103
123 114
123 122
124 7
124 23
124 46
124 53
124 59
124 74
124 94
124 100
124 108
125 11
125 14
125 62
125 71
125 76
125 77
125 81
125 92
125 95
125 99
125 114
126 13
126 22
126 30
126 60
126 75
126 90
126 93
126 103
126 108
126 120
126 123
126 127
127 47
127 52
127 53
127 54
127 66
127 73
127 75
127 79
127 85
127 89
127 94
127 100
127 104
127 109
127 120
