2 22
3 71
3 111
4 71
6 39
9 53
10 85
11 60
11 86
12 94
14 0
14 23
14 25
14 112
15 73
19 118
20 12
21 92
23 52
24 86
24 107
26 35
27 2
27 62
30 59
32 48
32 102
35 97
38 117
39 75
41 3
42 19
44 91
44 102
44 116
44 118
48 51
49 11
49 56
51 124
52 19
58 25
59 61
60 89
61 9
61 38
61 63
61 65
62 41
62 110
63 38
63 68
64 77
64 93
65 64
65 120
66 1
70 35
72 70
72 118
73 126
75 77
77 74
77 122
78 4
78 75
78 119
79 6
80 122
81 49
81 104
82 22
83 26
86 35
89 24
91 63
92 51
96 79
97 89
98 31
99 46
102 70
103 46
103 111
104 110
105 108
106 90
107 86
108 7
121 19
121 112
122 114
122 120
123 71
123 107
124 21
126 61
126 77
127 60
127 108
