0 5
0 9
0 10
0 11
0 12
0 13
0 18
0 19
0 26
0 29
0 31
0 33
0 40
0 41
0 43
0 44
0 52
0 54
0 55
0 63
0 72
0 73
0 75
0 79
0 81
0 86
0 91
0 93
0 94
0 95
0 96
0 101
0 103
0 106
0 110
0 113
0 121
0 122
0 126
1 0
1 2
1 8
1 12
1 13
1 17
1 18
1 23
1 29
1 31
1 33
1 36
1 41
1 48
1 49
1 50
1 57
1 59
1 60
1 62
1 64
1 67
1 69
1 71
1 73
1 74
1 82
1 83
1 84
1 86
1 88
1 98
1 102
1 108
1 112
1 120
1 121
1 124
2 0
2 4
2 6
2 8
2 9
2 20
2 21
2 35
2 37
2 38
2 41
2 44
2 53
2 57
2 58
2 61
2 65
2 69
2 80
2 90
2 96
2 99
2 102
2 104
2 106
2 112
2 118
2 122
2 124
2 125
3 3
3 10
3 11
3 18
3 19
3 22
3 24
3 29
3 30
3 33
3 42
3 43
3 45
3 47
3 48
3 52
3 54
3 61
3 65
3 73
3 81
3 82
3 83
3 85
3 86
3 90
3 97
3 99
3 105
3 106
3 107
3 108
3 109
3 112
3 116
3 121
3 127
4 1
4 11
4 13
4 16
4 23
4 25
4 27
4 30
4 31
4 36
4 43
4 51
4 56
4 58
4 62
4 63
4 67
4 69
4 80
4 83
4 85
4 86
4 87
4 91
4 92
4 93
4 94
4 102
4 103
4 107
4 109
4 114
4 115
4 119
4 122
4 123
4 127
5 1
5 4
5 5
5 12
5 17
5 19
5 24
5 31
5 37
5 40
5 53
5 57
5 58
5 60
5 62
5 66
5 70
5 72
5 73
5 80
5 82
5 88
5 96
5 105
5 111
5 113
5 116
5 119
5 120
6 0
6 11
6 14
6 17
6 20
6 28
6 32
6 34
6 56
6 58
6 60
6 61
6 72
6 75
6 78
6 81
6 86
6 87
6 91
6 97
6 98
6 101
6 109
6 111
6 112
6 113
6 114
6 116
6 119
6 120
6 125
7 0
7 1
7 2
7 6
7 7
7 8
7 10
7 14
7 17
7 30
7 32
7 35
7 40
7 42
7 46
7 55
7 60
7 62
7 63
7 67
7 73
7 75
7 79
7 85
7 86
7 87
7 90
7 91
7 106
7 109
7 110
7 112
8 6
8 12
8 13
8 14
8 16
8 18
8 19
8 26
8 38
8 42
8 44
8 47
8 52
8 53
8 54
8 59
8 72
8 78
8 96
8 106
8 108
8 119
8 126
9 3
9 5
9 7
9 9
9 11
9 13
9 18
9 20
9 26
9 27
9 32
9 36
9 37
9 38
9 43
9 45
9 48
9 50
9 56
9 58
9 59
9 60
9 68
9 72
9 73
9 76
9 77
9 80
9 81
9 87
9 89
9 91
9 97
9 99
9 100
9 104
9 105
9 106
9 107
9 111
10 1
10 2
10 12
10 14
10 15
10 18
10 25
10 30
10 32
10 37
10 38
10 41
10 44
10 48
10 55
10 56
10 57
10 64
10 69
10 70
10 71
10 73
10 77
10 78
10 82
10 84
10 93
10 95
10 97
10 100
10 101
10 105
10 125
10 127
11 7
11 8
11 10
11 22
11 26
11 31
11 37
11 40
11 41
11 47
11 51
11 52
11 53
11 58
11 59
11 60
11 63
11 64
11 71
11 72
11 81
11 90
11 91
11 94
11 98
11 109
11 111
12 0
12 5
12 6
12 10
12 11
12 12
12 15
12 17
12 21
12 28
12 32
12 46
12 48
12 50
12 56
12 61
12 62
12 76
12 78
12 80
12 81
12 92
12 93
12 99
12 101
12 102
12 103
12 108
12 110
12 111
12 118
12 120
12 125
13 8
13 12
13 13
13 16
13 19
13 20
13 22
13 24
13 26
13 28
13 31
13 34
13 36
13 39
13 41
13 46
13 47
13 52
13 54
13 55
13 59
13 64
13 67
13 71
13 74
13 75
13 76
13 77
13 82
13 83
13 84
13 92
13 94
13 98
13 102
13 103
13 106
13 107
13 111
13 113
13 114
13 122
14 2
14 5
14 9
14 12
14 13
14 15
14 20
14 38
14 47
14 58
14 68
14 70
14 71
14 72
14 77
14 79
14 81
14 83
14 84
14 85
14 89
14 91
14 95
14 96
14 99
14 104
14 107
14 117
14 125
14 126
15 2
15 7
15 8
15 10
15 14
15 22
15 33
15 40
15 44
15 45
15 46
15 52
15 54
15 56
15 58
15 62
15 65
15 66
15 72
15 73
15 75
15 86
15 88
15 95
15 97
15 98
15 107
15 108
15 109
15 123
16 3
16 8
16 11
16 18
16 20
16 21
16 24
16 26
16 31
16 33
16 35
16 36
16 42
16 45
16 47
16 48
16 51
16 52
16 58
16 72
16 74
16 76
16 78
16 79
16 81
16 84
16 91
16 95
16 102
16 103
16 104
16 106
16 110
16 112
16 113
16 114
16 119
16 121
16 123
16 126
17 5
17 7
17 20
17 22
17 24
17 26
17 29
17 30
17 38
17 39
17 41
17 46
17 51
17 53
17 69
17 70
17 73
17 74
17 79
17 98
17 100
17 107
17 114
17 121
17 127
18 0
18 2
18 8
18 14
18 16
18 19
18 25
18 41
18 43
18 46
18 52
18 53
18 59
18 68
18 69
18 72
18 76
18 82
18 84
18 86
18 87
18 91
18 93
18 96
18 99
18 101
18 102
18 110
18 111
18 115
18 116
18 123
18 127
19 0
19 1
19 5
19 14
19 23
19 28
19 33
19 34
19 35
19 36
19 39
19 44
19 45
19 49
19 50
19 54
19 55
19 56
19 65
19 68
19 71
19 79
19 86
19 87
19 99
19 101
19 105
19 109
19 110
19 111
19 122
19 127
20 12
20 14
20 21
20 32
20 37
20 39
20 40
20 41
20 51
20 52
20 55
20 56
20 62
20 70
20 71
20 72
20 78
20 81
20 90
20 98
20 101
20 103
20 107
20 116
20 119
20 124
20 126
21 11
21 14
21 15
21 16
21 17
21 23
21 28
21 29
21 33
21 35
21 41
21 47
21 52
21 56
21 60
21 69
21 77
21 84
21 92
21 96
21 99
21 100
21 114
21 115
21 124
21 127
22 0
22 1
22 6
22 11
22 20
22 21
22 30
22 31
22 36
22 37
22 38
22 42
22 43
22 52
22 53
22 54
22 55
22 57
22 59
22 68
22 69
22 74
22 78
22 81
22 83
22 85
22 92
22 93
22 97
22 109
22 114
22 115
22 119
22 122
22 124
23 1
23 9
23 17
23 18
23 19
23 21
23 23
23 25
23 28
23 33
23 35
23 51
23 54
23 57
23 60
23 61
23 64
23 69
23 72
23 75
23 78
23 86
23 91
23 100
23 103
23 104
23 106
23 116
23 125
24 1
24 6
24 8
24 18
24 19
24 22
24 26
24 28
24 31
24 34
24 49
24 50
24 53
24 54
24 67
24 68
24 74
24 83
24 91
24 98
24 102
24 106
24 111
24 112
24 117
24 119
24 120
24 123
24 127
25 4
25 6
25 12
25 15
25 21
25 24
25 29
25 32
25 34
25 36
25 38
25 46
25 51
25 57
25 60
25 61
25 65
25 66
25 67
25 69
25 73
25 77
25 84
25 87
25 88
25 89
25 90
25 94
25 101
25 114
25 124
26 0
26 1
26 3
26 9
26 10
26 13
26 14
26 18
26 19
26 20
26 32
26 40
26 43
26 48
26 49
26 50
26 51
26 57
26 61
26 66
26 69
26 74
26 79
26 80
26 81
26 86
26 88
26 89
26 90
26 93
26 95
26 106
26 113
26 123
26 126
27 15
27 17
27 19
27 20
27 22
27 24
27 32
27 33
27 35
27 36
27 45
27 46
27 47
27 63
27 71
27 74
27 82
27 83
27 85
27 87
27 88
27 89
27 103
27 108
27 111
27 113
27 114
27 117
27 118
27 120
27 121
27 122
27 126
28 8
28 18
28 19
28 21
28 28
28 31
28 32
28 38
28 45
28 51
28 62
28 64
28 66
28 70
28 71
28 87
28 88
28 89
28 92
28 93
28 97
28 102
28 104
28 106
28 108
28 112
28 115
28 125
29 2
29 9
29 15
29 23
29 31
29 34
29 36
29 37
29 38
29 44
29 45
29 51
29 55
29 58
29 61
29 69
29 71
29 87
29 95
29 98
29 99
29 109
29 110
29 113
29 123
30 5
30 7
30 9
30 13
30 17
30 21
30 27
30 28
30 44
30 47
30 53
30 58
30 61
30 64
30 66
30 68
30 72
30 86
30 100
30 101
30 103
30 105
30 111
30 113
30 114
30 115
30 117
30 126
31 5
31 10
31 25
31 27
31 34
31 38
31 43
31 44
31 45
31 50
31 58
31 60
31 65
31 72
31 75
31 76
31 84
31 89
31 91
31 93
31 100
31 104
31 109
31 112
31 113
31 117
31 120
32 1
32 9
32 11
32 19
32 20
32 25
32 28
32 33
32 39
32 42
32 46
32 53
32 54
32 56
32 59
32 60
32 64
32 65
32 67
32 73
32 77
32 78
32 84
32 87
32 88
32 90
32 96
32 104
32 106
32 108
32 112
32 118
32 119
32 122
32 123
33 6
33 7
33 16
33 20
33 21
33 22
33 29
33 37
33 39
33 46
33 49
33 50
33 54
33 58
33 59
33 60
33 68
33 69
33 76
33 80
33 88
33 91
33 101
33 104
33 105
33 107
33 122
33 127
34 3
34 4
34 5
34 14
34 17
34 25
34 26
34 32
34 36
34 37
34 38
34 40
34 42
34 47
34 49
34 57
34 64
34 69
34 71
34 76
34 84
34 85
34 89
34 91
34 95
34 97
34 101
34 115
34 116
34 117
34 121
34 126
35 4
35 5
35 8
35 9
35 13
35 18
35 20
35 24
35 32
35 39
35 43
35 44
35 47
35 49
35 50
35 52
35 53
35 63
35 71
35 76
35 77
35 82
35 94
35 95
35 104
35 107
35 111
35 112
35 115
35 117
35 119
36 4
36 6
36 12
36 14
36 21
36 24
36 26
36 29
36 30
36 32
36 40
36 42
36 47
36 62
36 63
36 66
36 74
36 81
36 85
36 86
36 88
36 91
36 94
36 99
36 102
36 103
36 105
36 107
36 109
36 110
36 111
36 113
36 115
36 116
37 3
37 13
37 18
37 20
37 23
37 24
37 27
37 28
37 36
37 39
37 45
37 50
37 62
37 68
37 69
37 72
37 84
37 91
37 98
37 101
37 103
37 110
37 111
37 115
37 116
37 122
37 127
38 9
38 13
38 14
38 24
38 31
38 33
38 34
38 35
38 38
38 47
38 54
38 56
38 61
38 65
38 67
38 70
38 71
38 74
38 76
38 78
38 80
38 82
38 86
38 87
38 90
38 99
38 102
38 104
38 111
38 117
38 119
38 120
38 122
38 124
39 2
39 3
39 4
39 5
39 6
39 9
39 11
39 12
39 26
39 28
39 34
39 37
39 41
39 46
39 48
39 54
39 57
39 63
39 73
39 75
39 76
39 80
39 92
39 97
39 104
39 109
39 110
39 115
39 120
39 123
39 124
40 3
40 4
40 7
40 10
40 12
40 13
40 16
40 17
40 24
40 32
40 33
40 34
40 37
40 41
40 46
40 59
40 64
40 68
40 71
40 73
40 75
40 82
40 87
40 89
40 90
40 95
40 97
40 98
40 114
40 120
40 122
41 0
41 3
41 5
41 6
41 15
41 27
41 30
41 32
41 34
41 35
41 39
41 47
41 48
41 49
41 53
41 67
41 80
41 81
41 85
41 88
41 96
41 101
41 107
41 108
41 110
41 112
41 116
41 124
41 126
41 127
42 16
42 17
42 20
42 23
42 24
42 30
42 32
42 34
42 37
42 42
42 49
42 50
42 55
42 59
42 61
42 63
42 66
42 67
42 68
42 71
42 72
42 73
42 78
42 79
42 84
42 87
42 95
42 102
42 104
42 107
42 115
42 122
42 124
43 0
43 6
43 9
43 13
43 14
43 18
43 20
43 22
43 25
43 27
43 28
43 30
43 34
43 35
43 37
43 41
43 50
43 51
43 52
43 53
43 55
43 56
43 60
43 61
43 63
43 64
43 65
43 66
43 67
43 69
43 73
43 75
43 76
43 77
43 79
43 82
43 83
43 96
43 97
43 98
43 106
43 107
43 114
43 121
44 2
44 4
44 5
44 14
44 16
44 17
44 19
44 23
44 24
44 26
44 32
44 34
44 35
44 38
44 43
44 44
44 46
44 51
44 54
44 67
44 68
44 70
44 78
44 81
44 87
44 89
44 90
44 92
44 96
44 97
44 103
44 104
44 106
44 111
44 112
44 113
44 117
44 123
44 127
45 0
45 9
45 16
45 19
45 20
45 21
45 30
45 31
45 35
45 37
45 38
45 39
45 41
45 48
45 49
45 51
45 55
45 66
45 68
45 70
45 75
45 83
45 84
45 88
45 101
45 102
45 103
45 108
45 119
45 121
45 125
46 3
46 10
46 11
46 12
46 22
46 24
46 28
46 30
46 33
46 35
46 39
46 46
46 53
46 63
46 65
46 83
46 87
46 88
46 90
46 97
46 101
46 102
46 104
46 110
46 111
46 112
46 120
46 122
47 1
47 2
47 11
47 12
47 23
47 29
47 30
47 33
47 36
47 42
47 48
47 56
47 60
47 65
47 67
47 77
47 81
47 83
47 87
47 95
47 96
47 98
47 103
47 106
47 107
47 108
47 109
47 121
47 126
48 3
48 7
48 13
48 15
48 17
48 25
48 38
48 39
48 46
48 49
48 56
48 61
48 68
48 72
48 81
48 83
48 85
48 95
48 96
48 100
48 101
48 103
48 106
48 108
48 119
49 3
49 7
49 9
49 10
49 11
49 15
49 21
49 25
49 32
49 36
49 37
49 42
49 46
49 52
49 53
49 56
49 62
49 72
49 74
49 75
49 76
49 79
49 88
49 94
49 99
49 105
49 109
49 115
49 116
49 118
49 119
49 123
49 127
50 2
50 13
50 15
50 20
50 24
50 41
50 42
50 43
50 44
50 45
50 46
50 48
50 49
50 52
50 54
50 55
50 59
50 63
50 64
50 68
50 69
50 78
50 81
50 86
50 87
50 92
50 102
50 104
50 116
50 118
50 119
50 120
50 122
50 125
51 6
51 8
51 17
51 34
51 37
51 39
51 41
51 49
51 52
51 53
51 65
51 80
51 84
51 85
51 90
51 92
51 104
51 106
51 109
51 119
51 125
52 0
52 1
52 2
52 14
52 19
52 20
52 21
52 36
52 40
52 44
52 46
52 48
52 58
52 59
52 62
52 63
52 68
52 74
52 79
52 91
52 94
52 97
52 100
52 102
52 106
52 115
52 117
52 120
52 124
52 127
53 2
53 4
53 6
53 9
53 11
53 14
53 19
53 25
53 26
53 33
53 34
53 41
53 45
53 49
53 51
53 56
53 62
53 63
53 68
53 75
53 84
53 85
53 88
53 91
53 93
53 95
53 98
53 100
53 106
53 110
53 111
53 113
53 114
53 117
53 126
54 3
54 12
54 18
54 20
54 23
54 27
54 29
54 30
54 33
54 42
54 44
54 45
54 47
54 48
54 49
54 51
54 52
54 55
54 56
54 58
54 61
54 65
54 66
54 69
54 71
54 73
54 83
54 84
54 86
54 88
54 92
54 94
54 95
54 100
54 101
54 102
54 105
54 108
54 110
54 113
54 114
54 119
54 121
54 124
54 127
55 4
55 7
55 9
55 12
55 14
55 17
55 23
55 32
55 33
55 34
55 35
55 37
55 39
55 41
55 44
55 54
55 55
55 66
55 70
55 71
55 75
55 80
55 81
55 83
55 84
55 90
55 94
55 96
55 100
55 101
55 107
55 109
55 110
55 115
55 121
55 123
55 124
55 125
55 126
56 5
56 24
56 27
56 37
56 43
56 48
56 52
56 55
56 60
56 61
56 62
56 64
56 66
56 77
56 78
56 86
56 87
56 88
56 91
56 92
56 94
56 95
56 111
56 114
56 119
56 121
57 5
57 9
57 21
57 31
57 33
57 34
57 36
57 37
57 45
57 47
57 48
57 56
57 62
57 65
57 67
57 73
57 74
57 91
57 96
57 104
57 115
57 119
57 124
58 0
58 3
58 6
58 11
58 12
58 22
58 23
58 25
58 28
58 29
58 32
58 45
58 46
58 49
58 54
58 55
58 57
58 61
58 62
58 69
58 73
58 74
58 78
58 81
58 83
58 85
58 92
58 95
58 99
58 108
58 110
58 112
58 116
58 118
58 125
59 2
59 3
59 7
59 10
59 13
59 17
59 24
59 25
59 29
59 31
59 32
59 34
59 41
59 46
59 48
59 49
59 52
59 65
59 68
59 73
59 81
59 83
59 86
59 87
59 93
59 95
59 101
59 110
59 115
60 3
60 10
60 11
60 17
60 32
60 33
60 41
60 50
60 60
60 62
60 68
60 71
60 73
60 77
60 86
60 105
60 108
60 110
60 113
60 122
60 123
61 2
61 6
61 12
61 14
61 15
61 26
61 38
61 42
61 46
61 48
61 52
61 61
61 70
61 72
61 78
61 87
61 90
61 98
61 100
61 101
61 102
61 104
61 107
61 108
61 112
61 113
61 114
61 115
61 116
61 118
61 121
61 124
61 125
62 0
62 2
62 5
62 6
62 10
62 16
62 21
62 24
62 28
62 30
62 31
62 34
62 45
62 46
62 49
62 52
62 55
62 56
62 61
62 62
62 63
62 66
62 79
62 88
62 91
62 93
62 98
62 102
62 103
62 108
62 109
62 117
62 125
62 126
63 3
63 9
63 11
63 12
63 16
63 19
63 29
63 30
63 35
63 37
63 45
63 46
63 52
63 53
63 54
63 60
63 69
63 72
63 74
63 75
63 79
63 81
63 86
63 96
63 98
63 99
63 103
63 105
63 108
63 111
63 112
63 117
63 118
63 120
63 121
63 125
63 127
64 1
64 9
64 12
64 13
64 14
64 17
64 24
64 35
64 38
64 44
64 46
64 50
64 51
64 56
64 60
64 67
64 69
64 72
64 90
64 98
64 100
64 101
64 102
64 113
64 114
64 119
64 120
64 126
65 3
65 4
65 5
65 6
65 9
65 10
65 16
65 29
65 31
65 36
65 37
65 40
65 42
65 46
65 50
65 54
65 56
65 59
65 61
65 64
65 66
65 69
65 71
65 79
65 80
65 83
65 84
65 89
65 93
65 95
65 98
65 99
65 104
65 106
65 107
65 111
65 112
65 116
65 121
65 122
66 2
66 3
66 12
66 13
66 15
66 27
66 29
66 31
66 32
66 37
66 43
66 44
66 45
66 51
66 60
66 61
66 69
66 71
66 72
66 78
66 81
66 83
66 91
66 95
66 113
66 115
66 124
66 126
66 127
67 4
67 7
67 15
67 28
67 31
67 37
67 40
67 47
67 48
67 49
67 62
67 63
67 66
67 69
67 73
67 83
67 94
67 95
67 101
67 102
67 103
67 104
67 111
67 113
67 124
67 125
68 0
68 4
68 10
68 12
68 18
68 24
68 29
68 31
68 32
68 36
68 38
68 40
68 41
68 44
68 49
68 55
68 68
68 75
68 82
68 84
68 98
68 99
68 100
68 106
68 109
68 117
68 124
69 1
69 8
69 11
69 12
69 13
69 15
69 17
69 26
69 35
69 36
69 41
69 44
69 47
69 48
69 51
69 52
69 55
69 59
69 62
69 64
69 67
69 70
69 73
69 74
69 81
69 87
69 89
69 92
69 101
69 104
69 107
69 110
69 115
69 117
69 121
70 0
70 1
70 7
70 9
70 14
70 16
70 22
70 24
70 26
70 28
70 36
70 38
70 39
70 50
70 52
70 54
70 60
70 61
70 65
70 66
70 71
70 76
70 78
70 87
70 92
70 103
70 104
70 106
70 108
70 109
70 114
70 115
70 116
70 117
70 122
70 123
71 0
71 4
71 19
71 22
71 27
71 28
71 30
71 35
71 44
71 45
71 46
71 54
71 55
71 56
71 61
71 63
71 76
71 78
71 81
71 83
71 85
71 91
71 93
71 104
71 106
71 110
71 113
71 116
71 122
71 126
72 7
72 10
72 11
72 14
72 15
72 16
72 23
72 25
72 27
72 28
72 29
72 38
72 46
72 47
72 50
72 52
72 54
72 57
72 58
72 59
72 62
72 63
72 70
72 75
72 76
72 78
72 79
72 81
72 86
72 90
72 91
72 93
72 94
72 95
72 96
72 105
72 107
72 120
72 121
72 123
72 125
73 2
73 3
73 14
73 17
73 24
73 25
73 27
73 28
73 29
73 34
73 36
73 37
73 43
73 47
73 48
73 50
73 51
73 53
73 60
73 64
73 65
73 66
73 68
73 73
73 78
73 79
73 81
73 82
73 84
73 88
73 94
73 95
73 101
73 103
73 112
74 4
74 5
74 8
74 16
74 18
74 20
74 21
74 25
74 37
74 41
74 45
74 48
74 57
74 60
74 63
74 66
74 71
74 73
74 76
74 78
74 80
74 84
74 87
74 89
74 95
74 97
74 105
74 110
74 127
75 0
75 11
75 19
75 23
75 26
75 27
75 28
75 31
75 33
75 40
75 41
75 42
75 52
75 53
75 70
75 77
75 79
75 82
75 83
75 85
75 91
75 95
75 100
75 102
75 105
75 107
75 112
75 114
75 117
75 123
75 124
76 10
76 11
76 13
76 14
76 17
76 24
76 26
76 27
76 31
76 36
76 37
76 41
76 54
76 59
76 60
76 64
76 69
76 78
76 79
76 82
76 84
76 86
76 90
76 91
76 94
76 95
76 97
76 99
76 100
76 104
76 109
76 110
76 117
76 119
76 125
77 5
77 8
77 10
77 17
77 20
77 25
77 29
77 36
77 40
77 43
77 49
77 53
77 58
77 61
77 64
77 65
77 68
77 69
77 72
77 79
77 81
77 82
77 83
77 84
77 86
77 87
77 88
77 89
77 90
77 94
77 95
77 99
77 101
77 108
77 110
77 112
77 116
77 125
77 127
78 3
78 6
78 10
78 15
78 28
78 38
78 40
78 41
78 42
78 44
78 45
78 47
78 50
78 52
78 59
78 65
78 67
78 69
78 70
78 73
78 82
78 91
78 99
78 103
78 108
78 110
78 111
78 117
78 121
78 122
78 124
79 2
79 3
79 4
79 7
79 14
79 15
79 16
79 22
79 23
79 25
79 26
79 53
79 56
79 61
79 66
79 76
79 77
79 78
79 84
79 90
79 94
79 97
79 98
79 102
79 106
79 107
79 110
79 123
79 127
80 1
80 4
80 9
80 10
80 18
80 26
80 29
80 35
80 39
80 42
80 53
80 58
80 62
80 68
80 73
80 77
80 82
80 84
80 90
80 105
80 107
80 119
80 121
81 0
81 2
81 4
81 10
81 12
81 13
81 14
81 15
81 17
81 19
81 22
81 23
81 26
81 31
81 36
81 39
81 40
81 46
81 48
81 54
81 57
81 64
81 68
81 69
81 71
81 83
81 84
81 95
81 97
81 101
81 102
81 106
81 113
81 114
81 118
81 119
81 124
82 2
82 9
82 13
82 14
82 16
82 25
82 26
82 27
82 29
82 31
82 35
82 36
82 49
82 52
82 58
82 62
82 64
82 78
82 83
82 93
82 95
82 96
82 100
82 102
82 105
82 106
82 109
82 110
82 116
82 121
82 125
83 6
83 7
83 10
83 17
83 19
83 25
83 26
83 38
83 39
83 41
83 42
83 46
83 47
83 48
83 50
83 53
83 60
83 67
83 68
83 70
83 71
83 76
83 77
83 79
83 80
83 84
83 89
83 91
83 93
83 96
83 99
83 100
83 102
83 106
83 109
83 115
83 117
83 118
83 123
83 125
84 4
84 6
84 7
84 11
84 12
84 20
84 29
84 31
84 43
84 44
84 45
84 51
84 53
84 54
84 58
84 60
84 61
84 62
84 66
84 72
84 74
84 76
84 79
84 80
84 85
84 88
84 89
84 98
84 100
84 103
84 108
84 114
84 117
84 120
84 121
84 122
85 5
85 6
85 13
85 15
85 19
85 25
85 31
85 34
85 35
85 37
85 43
85 45
85 47
85 50
85 52
85 54
85 57
85 59
85 61
85 67
85 72
85 77
85 81
85 82
85 83
85 84
85 87
85 88
85 92
85 103
85 104
85 115
85 116
85 120
86 0
86 2
86 4
86 5
86 9
86 14
86 27
86 28
86 30
86 32
86 39
86 43
86 48
86 49
86 55
86 62
86 64
86 65
86 66
86 70
86 72
86 76
86 79
86 80
86 81
86 94
86 98
86 103
86 107
86 108
86 121
86 124
86 125
87 3
87 7
87 13
87 16
87 18
87 21
87 25
87 26
87 28
87 43
87 45
87 46
87 48
87 52
87 55
87 56
87 66
87 70
87 75
87 76
87 77
87 82
87 85
87 88
87 89
87 96
87 104
87 110
87 112
87 115
87 122
87 125
87 126
87 127
88 1
88 3
88 7
88 9
88 16
88 17
88 27
88 29
88 35
88 39
88 42
88 45
88 47
88 52
88 53
88 55
88 58
88 61
88 62
88 63
88 72
88 74
88 75
88 76
88 81
88 84
88 91
88 93
88 94
88 95
88 99
88 103
88 104
88 108
88 109
88 112
88 117
88 123
89 12
89 13
89 14
89 16
89 17
89 23
89 24
89 29
89 37
89 47
89 55
89 65
89 66
89 68
89 75
89 79
89 80
89 87
89 95
89 99
89 115
89 116
89 117
89 123
89 127
90 1
90 2
90 5
90 14
90 17
90 22
90 26
90 27
90 28
90 48
90 53
90 54
90 55
90 58
90 62
90 64
90 67
90 69
90 70
90 72
90 74
90 83
90 85
90 89
90 96
90 101
90 102
90 105
90 109
90 110
90 113
90 116
90 119
90 121
90 122
90 124
90 127
91 7
91 10
91 17
91 21
91 26
91 29
91 30
91 31
91 33
91 34
91 38
91 39
91 40
91 48
91 50
91 55
91 64
91 65
91 67
91 68
91 73
91 76
91 77
91 78
91 79
91 83
91 87
91 89
91 91
91 95
91 97
91 98
91 100
91 105
91 106
91 110
91 119
91 122
91 123
91 126
92 1
92 2
92 4
92 6
92 10
92 12
92 29
92 33
92 36
92 37
92 39
92 40
92 42
92 53
92 58
92 63
92 64
92 73
92 75
92 83
92 84
92 93
92 94
92 96
92 99
92 100
92 106
92 109
92 112
92 120
92 121
92 124
92 125
93 0
93 1
93 11
93 12
93 18
93 21
93 28
93 31
93 34
93 35
93 36
93 38
93 44
93 46
93 57
93 60
93 66
93 73
93 80
93 87
93 89
93 91
93 100
93 103
93 116
93 117
93 118
93 120
93 122
93 123
93 126
94 2
94 6
94 8
94 13
94 14
94 17
94 19
94 23
94 25
94 34
94 35
94 41
94 43
94 47
94 56
94 57
94 61
94 65
94 68
94 70
94 71
94 73
94 74
94 76
94 77
94 79
94 95
94 97
94 98
94 104
94 106
94 109
94 110
94 112
94 115
94 122
94 124
95 0
95 1
95 3
95 4
95 5
95 8
95 9
95 10
95 15
95 24
95 31
95 32
95 33
95 34
95 38
95 41
95 42
95 43
95 53
95 56
95 57
95 58
95 61
95 73
95 74
95 75
95 76
95 78
95 80
95 82
95 83
95 93
95 95
95 102
95 104
95 106
95 109
95 110
95 113
95 115
95 122
96 3
96 6
96 9
96 14
96 16
96 29
96 30
96 40
96 42
96 45
96 46
96 55
96 57
96 58
96 63
96 65
96 66
96 69
96 78
96 81
96 83
96 85
96 88
96 93
96 94
96 95
96 97
96 101
96 105
96 107
96 109
96 110
96 114
96 118
96 123
96 126
97 0
97 5
97 7
97 8
97 9
97 10
97 21
97 39
97 40
97 42
97 43
97 44
97 51
97 56
97 58
97 59
97 63
97 64
97 67
97 80
97 83
97 84
97 88
97 91
97 93
97 94
97 98
97 109
97 114
97 116
97 118
97 119
98 1
98 2
98 3
98 4
98 11
98 23
98 27
98 30
98 31
98 32
98 33
98 36
98 43
98 44
98 47
98 61
98 64
98 67
98 71
98 72
98 78
98 79
98 81
98 91
98 100
98 101
98 108
98 111
98 113
98 114
98 122
99 1
99 2
99 8
99 13
99 16
99 22
99 26
99 27
99 30
99 36
99 38
99 40
99 47
99 53
99 59
99 64
99 65
99 69
99 78
99 85
99 88
99 92
99 99
99 101
99 111
99 114
99 116
99 119
99 126
100 8
100 12
100 15
100 30
100 36
100 37
100 47
100 50
100 51
100 53
100 65
100 70
100 72
100 79
100 83
100 88
100 92
100 97
100 98
100 111
100 115
100 120
100 121
100 122
100 124
100 125
100 126
101 4
101 8
101 13
101 22
101 24
101 30
101 34
101 36
101 37
101 43
101 46
101 50
101 58
101 64
101 67
101 72
101 84
101 88
101 89
101 96
101 102
101 103
101 109
101 116
101 119
101 125
101 126
102 5
102 7
102 8
102 14
102 18
102 20
102 23
102 28
102 29
102 31
102 35
102 40
102 45
102 57
102 60
102 61
102 65
102 68
102 69
102 72
102 78
102 84
102 90
102 93
102 94
102 98
102 103
102 121
103 7
103 16
103 19
103 22
103 27
103 29
103 34
103 39
103 43
103 47
103 53
103 54
103 60
103 61
103 67
103 68
103 70
103 71
103 73
103 74
103 78
103 82
103 91
103 92
103 99
103 100
103 109
103 110
103 115
103 121
104 0
104 6
104 15
104 16
104 28
104 31
104 43
104 52
104 57
104 64
104 68
104 72
104 73
104 74
104 77
104 78
104 83
104 88
104 89
104 93
104 95
104 97
104 104
104 111
104 112
104 122
105 0
105 4
105 6
105 8
105 9
105 14
105 18
105 22
105 25
105 26
105 27
105 31
105 32
105 40
105 43
105 55
105 56
105 57
105 58
105 68
105 76
105 85
105 89
105 96
105 98
105 99
105 105
105 107
105 111
105 114
105 119
105 121
105 125
106 1
106 4
106 7
106 10
106 28
106 33
106 40
106 63
106 71
106 74
106 76
106 80
106 81
106 83
106 98
106 105
106 109
106 110
106 113
106 122
107 13
107 20
107 25
107 28
107 29
107 30
107 38
107 39
107 48
107 49
107 53
107 59
107 61
107 67
107 71
107 76
107 78
107 85
107 87
107 89
107 93
107 95
107 97
107 100
107 101
107 102
107 104
107 107
107 108
107 109
107 111
107 124
108 5
108 10
108 12
108 13
108 15
108 19
108 22
108 24
108 28
108 29
108 32
108 33
108 44
108 46
108 47
108 48
108 59
108 62
108 64
108 66
108 72
108 76
108 78
108 79
108 80
108 84
108 92
108 101
108 106
108 118
109 0
109 13
109 17
109 18
109 20
109 25
109 29
109 30
109 33
109 39
109 44
109 56
109 64
109 70
109 83
109 85
109 91
109 96
109 99
109 104
109 113
109 119
109 122
109 124
110 2
110 5
110 12
110 13
110 17
110 24
110 25
110 26
110 37
110 41
110 42
110 46
110 50
110 53
110 55
110 57
110 59
110 61
110 62
110 63
110 67
110 74
110 75
110 76
110 81
110 82
110 86
110 89
110 93
110 99
110 107
110 109
110 114
110 118
110 123
111 5
111 6
111 9
111 18
111 20
111 22
111 23
111 32
111 35
111 36
111 37
111 40
111 41
111 42
111 44
111 58
111 59
111 64
111 66
111 67
111 74
111 80
111 86
111 88
111 93
111 99
111 103
111 106
111 107
111 112
112 0
112 1
112 6
112 9
112 11
112 13
112 22
112 23
112 26
112 31
112 32
112 39
112 50
112 53
112 55
112 56
112 60
112 62
112 63
112 66
112 69
112 77
112 81
112 84
112 85
112 90
112 92
112 97
112 98
112 99
112 100
112 105
112 115
112 125
112 127
113 0
113 3
113 4
113 6
113 10
113 11
113 12
113 16
113 21
113 37
113 42
113 45
113 48
113 54
113 55
113 57
113 64
113 66
113 79
113 86
113 89
113 90
113 93
113 94
113 98
113 99
113 103
113 105
113 107
113 113
113 120
113 121
113 122
114 0
114 3
114 5
114 11
114 14
114 16
114 28
114 38
114 41
114 43
114 46
114 47
114 48
114 58
114 60
114 62
114 63
114 76
114 85
114 86
114 90
114 91
114 93
114 96
114 97
114 104
114 110
114 114
114 121
114 122
114 127
115 5
115 11
115 12
115 13
115 16
115 27
115 40
115 44
115 47
115 59
115 65
115 66
115 70
115 74
115 79
115 85
115 86
115 90
115 93
115 97
115 101
115 104
115 108
115 117
115 118
115 119
115 120
115 125
116 1
116 8
116 9
116 12
116 17
116 28
116 30
116 35
116 36
116 44
116 46
116 50
116 52
116 56
116 60
116 70
116 76
116 84
116 87
116 91
116 98
116 99
116 102
116 108
116 110
116 111
116 114
116 120
117 0
117 3
117 4
117 5
117 8
117 11
117 15
117 17
117 20
117 28
117 32
117 35
117 46
117 51
117 53
117 55
117 57
117 61
117 62
117 63
117 66
117 68
117 71
117 74
117 77
117 78
117 81
117 83
117 84
117 86
117 88
117 93
117 94
117 100
117 108
117 109
117 110
117 113
117 118
117 120
117 121
117 124
117 125
118 2
118 17
118 21
118 24
118 27
118 31
118 32
118 35
118 36
118 52
118 54
118 60
118 63
118 68
118 70
118 71
118 80
118 81
118 83
118 85
118 86
118 87
118 88
118 93
118 94
118 96
118 99
118 108
118 109
118 110
118 111
118 113
118 115
118 125
119 1
119 2
119 3
119 5
119 9
119 16
119 21
119 22
119 23
119 25
119 26
119 31
119 32
119 34
119 38
119 42
119 44
119 48
119 51
119 52
119 53
119 57
119 65
119 66
119 72
119 73
119 76
119 77
119 79
119 85
119 86
119 87
119 89
119 91
119 95
119 96
119 97
119 106
119 109
119 110
119 111
119 112
119 114
119 123
119 124
119 125
119 126
120 3
120 5
120 9
120 13
120 22
120 23
120 27
120 30
120 34
120 37
120 38
120 39
120 40
120 41
120 49
120 54
120 68
120 77
120 78
120 81
120 101
120 102
120 103
120 110
120 120
120 125
121 3
121 4
121 9
121 11
121 15
121 17
121 24
121 25
121 27
121 38
121 42
121 45
121 54
121 60
121 62
121 63
121 65
121 70
121 83
121 90
121 91
121 93
121 97
121 104
121 117
121 122
121 126
122 13
122 15
122 16
122 22
122 24
122 27
122 32
122 37
122 41
122 45
122 46
122 50
122 51
122 53
122 55
122 58
122 73
122 75
122 85
122 91
122 96
122 104
122 107
122 108
122 111
122 113
122 114
122 122
123 1
123 4
123 6
123 14
123 19
123 24
123 28
123 31
123 32
123 35
123 36
123 41
123 43
123 47
123 48
123 50
123 55
123 59
123 64
123 67
123 75
123 79
123 80
123 89
123 91
123 92
123 94
123 102
123 108
123 110
123 113
123 126
124 1
124 3
124 7
124 10
124 11
124 12
124 18
124 27
124 32
124 35
124 37
124 38
124 40
124 42
124 43
124 49
124 53
124 56
124 68
124 73
124 76
124 81
124 93
124 94
124 95
124 99
124 102
124 106
124 107
124 112
124 113
124 116
124 123
124 126
125 11
125 13
125 18
125 19
125 20
125 27
125 28
125 33
125 35
125 36
125 38
125 42
125 45
125 46
125 50
125 58
125 60
125 63
125 65
125 67
125 68
125 69
125 70
125 72
125 73
125 77
125 79
125 81
125 85
125 88
125 97
125 98
125 101
125 102
125 108
125 112
125 119
125 122
126 14
126 15
126 30
126 34
126 35
126 38
126 40
126 54
126 57
126 59
126 60
126 65
126 75
126 76
126 78
126 81
126 83
126 85
126 90
126 94
126 99
126 101
126 107
126 112
126 113
126 119
126 124
126 126
127 0
127 2
127 4
127 6
127 7
127 11
127 13
127 17
127 22
127 24
127 28
127 34
127 35
127 38
127 39
127 51
127 55
127 65
127 75
127 76
127 79
127 83
127 85
127 86
127 89
127 92
127 93
127 100
127 108
127 116
127 126
