0 20
0 24
0 29
0 45
0 49
0 56
0 61
0 63
0 86
0 93
0 104
0 109
0 115
0 124
0 127
1 34
1 35
1 40
1 47
1 48
1 50
1 62
1 82
1 88
1 89
1 94
1 102
1 104
1 106
1 110
2 5
2 20
2 25
2 31
2 34
2 38
2 40
2 41
2 52
2 58
2 65
2 67
2 75
2 78
2 82
2 83
2 84
2 89
2 99
2 102
2 103
2 105
2 110
2 115
2 117
2 120
2 125
2 127
3 15
3 32
3 36
3 42
3 44
3 49
3 54
3 55
3 74
3 75
3 83
3 89
3 99
3 100
3 102
3 104
3 115
3 120
3 122
4 0
4 2
4 22
4 44
4 50
4 59
4 64
4 67
4 81
4 84
4 92
4 96
4 97
4 105
4 114
4 126
5 3
5 28
5 29
5 30
5 37
5 52
5 54
5 58
5 60
5 63
5 66
5 80
5 85
5 93
5 97
5 98
5 99
5 120
6 1
6 28
6 46
6 49
6 55
6 61
6 63
6 66
6 68
6 72
6 75
6 77
6 80
6 82
6 85
6 92
6 95
6 97
6 99
6 114
6 116
7 2
7 7
7 21
7 25
7 33
7 34
7 36
7 37
7 40
7 48
7 50
7 62
7 69
7 74
7 75
7 82
7 104
7 108
7 122
8 9
8 14
8 21
8 24
8 33
8 39
8 41
8 44
8 48
8 49
8 55
8 63
8 73
8 76
8 78
8 87
8 97
8 102
8 110
8 126
9 31
9 38
9 39
9 43
9 45
9 57
9 58
9 61
9 66
9 71
9 72
9 74
9 79
9 83
9 93
9 106
9 113
9 124
9 127
10 9
10 10
10 11
10 18
10 22
10 25
10 31
10 34
10 43
10 48
10 55
10 63
10 73
10 77
10 78
10 84
10 90
10 96
10 100
10 103
10 110
10 120
11 0
11 6
11 8
11 62
11 68
11 71
11 75
11 76
11 78
11 87
11 102
11 112
11 113
11 114
11 120
11 122
12 4
12 15
12 19
12 23
12 24
12 37
12 40
12 44
12 47
12 50
12 54
12 58
12 60
12 67
12 74
12 85
12 86
12 90
12 91
12 97
12 109
12 116
12 120
12 124
13 17
13 29
13 32
13 34
13 57
13 73
13 78
13 84
13 87
13 102
13 105
13 108
13 112
13 113
13 117
13 118
13 119
13 123
13 126
13 127
14 11
14 13
14 20
14 21
14 22
14 31
14 48
14 56
14 68
14 75
14 78
14 79
14 80
14 84
14 85
14 89
14 95
14 101
14 107
14 112
14 123
14 126
15 7
15 22
15 25
15 36
15 41
15 42
15 61
15 66
15 67
15 68
15 77
15 79
15 83
15 91
16 9
16 32
16 35
16 37
16 48
16 56
16 74
16 76
16 79
16 83
16 85
16 90
16 100
16 102
16 109
16 110
16 117
16 120
16 121
17 5
17 20
17 35
17 39
17 49
17 50
17 53
17 57
17 65
17 75
17 83
17 85
17 86
17 94
17 97
17 103
17 111
17 117
18 6
18 25
18 33
18 38
18 39
18 45
18 49
18 51
18 65
18 74
18 83
18 93
18 96
18 102
18 108
18 120
18 123
19 12
19 18
19 24
19 27
19 38
19 39
19 44
19 52
19 58
19 61
19 68
19 74
19 76
19 77
19 78
19 85
19 89
19 91
19 95
19 99
19 110
20 1
20 20
20 49
20 51
20 61
20 71
20 74
20 80
20 87
20 107
20 108
21 4
21 11
21 15
21 17
21 28
21 30
21 39
21 53
21 59
21 61
21 67
21 79
21 91
21 92
21 103
21 111
21 114
21 115
21 119
21 127
22 8
22 17
22 27
22 30
22 36
22 44
22 48
22 53
22 56
22 76
22 80
22 83
22 84
22 87
22 101
22 112
22 123
22 124
23 6
23 17
23 18
23 23
23 25
23 26
23 28
23 31
23 39
23 50
23 54
23 60
23 62
23 64
23 69
23 72
23 83
23 88
23 90
23 91
23 97
23 102
23 104
23 125
24 2
24 6
24 12
24 18
24 29
24 35
24 63
24 65
24 67
24 68
24 75
24 81
24 86
24 112
24 113
24 126
24 127
25 9
25 14
25 16
25 17
25 44
25 50
25 57
25 60
25 63
25 64
25 66
25 76
25 81
25 90
25 100
25 103
25 108
26 0
26 3
26 4
26 11
26 16
26 20
26 38
26 40
26 41
26 52
26 58
26 60
26 63
26 64
26 65
26 66
26 68
26 89
26 93
26 96
26 103
26 104
26 107
26 109
26 118
26 124
26 126
26 127
27 1
27 17
27 18
27 37
27 45
27 61
27 70
27 72
27 99
27 104
27 119
28 7
28 17
28 19
28 20
28 22
28 37
28 44
28 67
28 78
28 91
28 93
28 95
28 97
28 111
28 116
28 121
28 122
29 11
29 15
29 26
29 30
29 33
29 42
29 52
29 57
29 61
29 78
29 88
29 91
29 93
29 99
29 103
29 104
29 109
29 112
29 118
29 124
30 1
30 7
30 20
30 21
30 31
30 32
30 36
30 39
30 50
30 60
30 74
30 76
30 79
30 94
30 101
30 111
30 125
30 126
31 0
31 2
31 4
31 5
31 6
31 24
31 45
31 48
31 50
31 61
31 69
31 74
31 76
31 79
31 85
31 94
31 103
31 105
31 107
31 110
31 123
32 3
32 14
32 15
32 22
32 23
32 38
32 44
32 50
32 52
32 53
32 54
32 62
32 72
32 74
32 77
32 89
32 92
32 93
32 98
32 99
32 110
32 116
33 0
33 15
33 36
33 38
33 59
33 68
33 78
33 93
33 94
33 95
33 96
33 97
33 100
33 101
33 118
33 126
34 9
34 10
34 13
34 18
34 28
34 31
34 42
34 44
34 45
34 55
34 71
34 73
34 81
34 85
34 107
34 113
34 116
34 118
34 125
34 126
35 0
35 7
35 9
35 16
35 24
35 27
35 29
35 35
35 40
35 47
35 60
35 63
35 76
35 85
35 87
35 109
35 113
35 119
35 121
36 3
36 5
36 8
36 9
36 20
36 28
36 41
36 44
36 55
36 59
36 68
36 77
36 80
36 87
36 89
36 107
36 117
36 126
37 4
37 10
37 12
37 27
37 35
37 36
37 38
37 39
37 73
37 79
37 84
37 86
37 106
37 112
37 117
37 121
38 0
38 1
38 8
38 13
38 15
38 16
38 23
38 24
38 35
38 38
38 42
38 49
38 55
38 56
38 69
38 74
38 102
38 109
38 119
38 120
39 7
39 9
39 12
39 15
39 33
39 34
39 40
39 44
39 46
39 48
39 59
39 60
39 62
39 65
39 68
39 76
39 98
39 108
39 112
39 118
39 124
39 126
40 1
40 5
40 6
40 10
40 24
40 31
40 45
40 46
40 50
40 68
40 69
40 84
40 88
40 105
40 109
40 114
40 126
41 9
41 11
41 27
41 31
41 32
41 33
41 38
41 46
41 49
41 54
41 56
41 61
41 71
41 89
41 101
41 105
41 106
41 115
41 127
42 12
42 15
42 21
42 40
42 63
42 68
42 74
42 77
42 86
42 102
42 104
42 108
42 111
42 117
43 4
43 9
43 14
43 24
43 30
43 34
43 42
43 44
43 55
43 60
43 70
43 81
43 84
43 89
43 92
43 93
43 105
43 110
43 113
43 115
43 121
44 0
44 3
44 18
44 22
44 40
44 55
44 58
44 71
44 82
44 89
44 92
44 94
44 108
44 110
44 114
44 127
45 3
45 11
45 15
45 20
45 26
45 36
45 43
45 50
45 60
45 66
45 68
45 73
45 78
45 80
45 86
45 87
45 88
45 98
45 103
45 117
46 11
46 48
46 49
46 52
46 59
46 64
46 75
46 81
46 89
46 103
46 115
46 118
46 121
47 1
47 3
47 13
47 18
47 39
47 41
47 49
47 51
47 62
47 64
47 68
47 78
47 83
47 84
47 89
47 90
47 92
47 97
47 113
47 119
47 125
47 127
48 0
48 15
48 16
48 19
48 20
48 27
48 33
48 34
48 39
48 52
48 57
48 90
48 94
48 95
48 103
48 104
48 110
48 120
48 121
49 32
49 35
49 40
49 76
49 94
49 108
49 125
49 127
50 26
50 27
50 33
50 38
50 40
50 44
50 51
50 54
50 55
50 67
50 69
50 71
50 84
50 94
50 100
50 104
50 106
50 107
50 126
51 2
51 10
51 18
51 20
51 26
51 37
51 40
51 41
51 45
51 47
51 49
51 61
51 63
51 70
51 75
51 80
51 96
51 100
51 105
51 108
51 112
51 121
52 1
52 10
52 11
52 12
52 18
52 25
52 39
52 62
52 63
52 66
52 73
52 81
52 84
52 103
52 105
52 110
52 126
53 1
53 5
53 11
53 20
53 35
53 44
53 47
53 53
53 59
53 62
53 73
53 74
53 93
53 101
53 105
53 118
53 122
53 123
53 127
54 6
54 17
54 28
54 29
54 36
54 37
54 39
54 44
54 51
54 58
54 78
54 87
54 90
54 92
54 99
54 106
54 111
54 115
54 124
54 127
55 14
55 20
55 24
55 25
55 29
55 31
55 35
55 61
55 68
55 70
55 71
55 85
55 90
55 109
55 111
55 112
55 113
55 119
55 123
55 125
56 6
56 8
56 22
56 32
56 34
56 47
56 57
56 73
56 89
56 96
56 98
56 102
56 108
56 110
56 116
56 118
57 1
57 8
57 11
57 14
57 15
57 21
57 31
57 45
57 47
57 71
57 72
57 81
57 83
57 88
57 89
57 90
57 107
57 111
57 119
58 1
58 2
58 19
58 22
58 30
58 36
58 37
58 38
58 48
58 49
58 54
58 56
58 58
58 60
58 62
58 63
58 71
58 85
58 87
58 90
58 92
58 105
58 107
58 113
58 120
58 125
59 5
59 6
59 7
59 10
59 11
59 27
59 31
59 39
59 44
59 59
59 64
59 71
59 79
59 83
59 96
59 104
59 111
59 123
60 9
60 12
60 14
60 22
60 23
60 26
60 29
60 39
60 45
60 50
60 60
60 61
60 65
60 70
60 71
60 77
60 85
60 91
60 95
60 102
60 111
60 126
61 2
61 11
61 12
61 13
61 23
61 44
61 51
61 53
61 58
61 59
61 61
61 63
61 64
61 73
61 74
61 77
61 80
61 105
61 108
61 109
61 119
61 120
61 126
61 127
62 8
62 29
62 30
62 32
62 36
62 41
62 43
62 47
62 52
62 61
62 69
62 70
62 71
62 90
62 91
62 109
62 110
62 114
63 10
63 11
63 14
63 19
63 22
63 23
63 24
63 26
63 37
63 44
63 70
63 73
63 84
63 107
63 110
63 120
63 123
63 126
64 10
64 15
64 18
64 32
64 36
64 44
64 47
64 53
64 58
64 59
64 66
64 71
64 81
64 85
64 86
64 88
64 100
64 112
64 114
64 120
64 122
64 125
65 1
65 3
65 23
65 55
65 59
65 61
65 65
65 66
65 68
65 73
65 81
65 93
65 100
65 103
65 111
65 115
65 118
65 122
66 5
66 6
66 10
66 12
66 13
66 15
66 31
66 56
66 65
66 67
66 76
66 80
66 83
66 86
66 90
66 100
66 115
66 116
66 120
66 125
66 127
67 0
67 1
67 9
67 15
67 18
67 27
67 28
67 48
67 50
67 64
67 66
67 69
67 70
67 84
67 87
67 89
67 101
67 122
68 14
68 22
68 23
68 28
68 29
68 31
68 33
68 37
68 44
68 62
68 63
68 64
68 65
68 73
68 81
68 83
68 90
68 91
68 110
68 119
68 121
69 8
69 15
69 17
69 44
69 51
69 56
69 60
69 61
69 83
69 87
69 92
69 99
69 101
69 119
70 0
70 3
70 13
70 17
70 19
70 21
70 30
70 33
70 36
70 51
70 57
70 62
70 65
70 78
70 86
70 88
70 90
70 102
70 112
70 114
70 116
70 121
70 125
71 18
71 28
71 31
71 33
71 41
71 42
71 43
71 47
71 49
71 56
71 60
71 66
71 79
71 88
71 95
71 102
71 105
71 110
72 15
72 22
72 26
72 30
72 34
72 35
72 39
72 42
72 51
72 52
72 54
72 76
72 79
72 80
72 83
72 85
72 87
72 94
72 99
72 108
72 120
72 121
72 122
72 124
73 0
73 1
73 20
73 21
73 24
73 28
73 35
73 38
73 39
73 43
73 63
73 69
73 73
73 75
73 79
73 81
73 87
73 91
73 105
73 106
73 109
73 113
73 118
73 124
73 127
74 4
74 5
74 15
74 22
74 28
74 39
74 52
74 53
74 58
74 63
74 71
74 76
74 81
74 89
74 95
74 99
74 103
74 114
74 127
75 3
75 7
75 15
75 26
75 37
75 52
75 60
75 62
75 65
75 67
75 101
75 102
75 104
75 105
75 107
75 110
75 118
75 119
75 120
75 124
76 19
76 21
76 37
76 39
76 50
76 51
76 53
76 66
76 70
76 82
76 103
76 114
76 116
76 119
76 120
76 124
76 126
77 0
77 2
77 7
77 13
77 22
77 23
77 34
77 40
77 44
77 53
77 56
77 66
77 70
77 72
77 75
77 84
77 87
77 113
77 121
77 123
78 4
78 8
78 17
78 23
78 28
78 30
78 36
78 44
78 48
78 49
78 50
78 52
78 65
78 74
78 84
78 96
78 97
78 101
78 110
78 111
78 113
78 116
78 118
78 119
78 120
78 121
78 123
78 124
79 1
79 22
79 38
79 40
79 43
79 46
79 48
79 51
79 52
79 58
79 60
79 72
79 85
79 86
79 95
79 97
79 101
79 113
79 124
79 126
80 0
80 10
80 20
80 26
80 33
80 37
80 45
80 46
80 47
80 48
80 56
80 71
80 79
80 96
80 99
80 103
80 106
80 121
81 5
81 6
81 15
81 26
81 35
81 37
81 57
81 70
81 71
81 86
81 95
81 96
81 108
81 114
81 118
81 121
81 124
81 125
82 4
82 6
82 12
82 21
82 23
82 29
82 35
82 39
82 46
82 50
82 58
82 61
82 96
82 98
82 105
82 110
82 113
82 117
82 119
82 121
83 5
83 9
83 12
83 20
83 23
83 35
83 44
83 46
83 53
83 55
83 58
83 61
83 64
83 70
83 77
83 93
83 98
83 99
83 108
84 4
84 6
84 7
84 8
84 14
84 31
84 38
84 51
84 53
84 63
84 68
84 71
84 75
84 78
84 79
84 100
84 111
84 116
84 117
84 124
85 1
85 6
85 17
85 18
85 19
85 21
85 26
85 27
85 30
85 31
85 38
85 40
85 50
85 62
85 63
85 81
85 99
85 101
85 104
85 108
85 116
85 118
85 119
85 127
86 1
86 11
86 16
86 31
86 35
86 36
86 42
86 43
86 50
86 56
86 76
86 86
86 90
86 92
86 102
86 106
86 116
86 118
86 122
86 125
87 4
87 10
87 22
87 23
87 42
87 44
87 45
87 47
87 62
87 67
87 73
87 86
87 94
87 95
87 97
87 99
87 102
87 103
87 105
87 106
87 108
88 5
88 7
88 11
88 18
88 27
88 32
88 40
88 41
88 42
88 46
88 48
88 52
88 58
88 67
88 72
88 73
88 75
88 81
88 99
88 101
88 103
88 107
88 111
88 123
89 9
89 12
89 39
89 44
89 47
89 61
89 62
89 67
89 71
89 85
89 97
89 102
89 109
89 111
89 113
89 114
89 124
90 6
90 18
90 26
90 44
90 50
90 53
90 54
90 58
90 59
90 64
90 77
90 79
90 83
90 86
90 93
90 107
90 110
90 117
90 125
90 126
91 3
91 5
91 10
91 11
91 12
91 38
91 49
91 63
91 66
91 67
91 72
91 75
91 76
91 80
91 81
91 82
91 84
91 86
91 98
91 108
91 114
91 116
92 1
92 2
92 7
92 10
92 28
92 35
92 39
92 41
92 51
92 55
92 65
92 67
92 70
92 76
92 78
92 84
92 88
92 97
92 101
92 102
92 104
92 111
92 119
92 123
93 0
93 9
93 10
93 13
93 18
93 30
93 36
93 48
93 52
93 67
93 69
93 82
93 83
93 89
93 93
93 101
93 110
93 113
93 115
93 121
94 1
94 5
94 6
94 8
94 20
94 28
94 31
94 35
94 42
94 48
94 54
94 55
94 80
94 81
94 88
94 95
94 99
94 105
94 107
94 118
95 1
95 14
95 15
95 22
95 23
95 25
95 29
95 30
95 54
95 57
95 59
95 64
95 68
95 86
95 98
95 101
95 110
95 116
95 125
96 8
96 24
96 37
96 43
96 52
96 54
96 55
96 57
96 72
96 73
96 74
96 86
96 96
96 102
96 111
96 112
96 114
96 117
96 119
97 12
97 15
97 17
97 19
97 20
97 28
97 52
97 56
97 61
97 77
97 85
97 94
97 97
97 99
98 13
98 18
98 30
98 31
98 43
98 44
98 45
98 51
98 52
98 59
98 62
98 66
98 69
98 79
98 82
98 86
98 88
98 90
98 96
98 103
98 104
98 106
98 109
98 116
98 119
98 126
99 9
99 11
99 13
99 27
99 38
99 41
99 47
99 54
99 57
99 81
99 82
99 83
99 85
99 95
99 104
99 105
99 108
99 111
99 120
100 3
100 6
100 7
100 21
100 23
100 38
100 40
100 42
100 46
100 48
100 62
100 65
100 66
100 69
100 72
100 87
100 96
100 98
100 104
100 107
100 125
101 17
101 21
101 31
101 32
101 39
101 43
101 47
101 48
101 55
101 63
101 73
101 75
101 80
101 92
101 93
101 111
101 113
101 115
102 0
102 31
102 33
102 36
102 38
102 47
102 67
102 77
102 80
102 84
102 96
102 98
102 100
102 102
102 111
102 120
102 127
103 1
103 16
103 22
103 24
103 36
103 47
103 63
103 66
103 72
103 111
103 127
104 2
104 3
104 30
104 33
104 37
104 38
104 57
104 63
104 66
104 76
104 77
104 81
104 86
104 94
104 109
104 111
104 114
104 119
105 9
105 15
105 21
105 26
105 57
105 65
105 68
105 75
105 80
105 89
105 91
105 92
105 108
105 110
106 9
106 24
106 26
106 31
106 35
106 37
106 42
106 47
106 54
106 59
106 83
106 84
106 87
106 88
106 89
106 92
106 94
106 106
106 107
106 115
106 117
106 125
107 1
107 6
107 10
107 14
107 15
107 22
107 24
107 26
107 39
107 46
107 50
107 55
107 74
107 84
107 101
107 112
107 119
107 121
107 127
108 20
108 25
108 43
108 51
108 70
108 78
108 79
108 96
108 101
108 124
109 2
109 7
109 46
109 48
109 56
109 62
109 67
109 70
109 77
109 91
109 95
109 97
109 102
109 104
109 105
109 106
109 107
109 118
109 123
110 3
110 14
110 20
110 22
110 43
110 86
110 92
110 105
110 106
110 109
110 120
110 123
111 5
111 16
111 18
111 36
111 37
111 38
111 50
111 53
111 76
111 88
111 89
111 91
111 99
111 115
112 6
112 32
112 38
112 44
112 53
112 55
112 59
112 62
112 63
112 67
112 68
112 69
112 73
112 86
112 88
112 92
112 98
112 112
112 119
112 121
112 124
112 125
113 5
113 17
113 23
113 30
113 37
113 41
113 44
113 67
113 74
113 75
113 80
113 81
113 86
113 88
113 102
113 108
113 114
113 116
113 117
113 126
114 5
114 9
114 13
114 14
114 16
114 21
114 31
114 41
114 43
114 46
114 47
114 72
114 78
114 85
114 86
114 90
114 93
114 96
114 98
114 104
114 123
114 125
115 6
115 8
115 12
115 16
115 20
115 21
115 23
115 30
115 39
115 42
115 55
115 60
115 61
115 67
115 69
115 98
115 108
115 113
115 114
115 117
115 121
115 123
116 3
116 5
116 7
116 15
116 25
116 34
116 40
116 44
116 53
116 64
116 69
116 73
116 77
116 81
116 95
116 111
116 117
116 122
117 3
117 5
117 7
117 12
117 21
117 27
117 32
117 33
117 41
117 42
117 50
117 53
117 59
117 73
117 76
117 84
117 89
117 90
117 94
117 99
117 103
117 107
117 110
117 113
118 0
118 6
118 12
118 14
118 18
118 22
118 28
118 31
118 33
118 38
118 66
118 74
118 75
118 87
118 88
118 92
118 94
118 102
118 116
118 118
119 4
119 18
119 20
119 35
119 43
119 44
119 45
119 50
119 67
119 69
119 82
119 86
119 91
119 96
119 99
119 113
119 120
120 5
120 6
120 33
120 35
120 38
120 41
120 53
120 61
120 63
120 64
120 75
120 78
120 85
120 92
120 106
120 109
120 110
120 126
121 1
121 4
121 20
121 37
121 52
121 55
121 56
121 61
121 63
121 64
121 83
121 84
121 113
121 114
121 117
121 120
121 121
122 13
122 15
122 21
122 24
122 25
122 30
122 31
122 37
122 38
122 42
122 57
122 65
122 78
122 83
122 84
122 85
122 88
122 104
122 107
122 112
122 121
122 123
122 127
123 1
123 3
123 8
123 18
123 19
123 23
123 35
123 47
123 50
123 64
123 75
123 77
123 78
123 81
123 92
123 95
123 103
123 111
123 112
123 115
124 1
124 3
124 9
124 25
124 29
124 33
124 51
124 52
124 63
124 66
124 67
124 70
124 80
124 87
124 88
124 94
124 98
124 100
124 106
124 112
124 114
124 117
124 118
124 119
124 124
125 6
125 19
125 22
125 32
125 34
125 42
125 44
125 46
125 47
125 59
125 76
125 79
125 93
125 101
125 123
126 1
126 5
126 8
126 24
126 26
126 38
126 51
126 56
126 60
126 64
126 67
126 78
126 81
126 83
126 99
126 101
126 103
126 108
126 110
126 112
126 113
126 115
127 2
127 7
127 14
127 22
127 27
127 28
127 32
127 38
127 51
127 54
127 57
127 68
127 80
127 86
127 94
127 101
127 102
127 111
127 113
127 115
127 120
