0 0
0 5
0 8
0 15
0 18
0 20
0 25
0 28
0 34
0 36
0 37
0 40
0 41
0 42
0 46
0 48
0 53
0 54
0 55
0 58
0 64
0 68
0 72
0 74
0 76
0 78
0 80
0 84
0 86
0 87
0 88
0 89
0 90
0 93
0 99
0 101
0 103
0 104
0 105
0 106
0 107
0 113
0 114
0 119
0 120
1 2
1 3
1 4
1 7
1 11
1 15
1 17
1 19
1 26
1 28
1 31
1 32
1 34
1 36
1 46
1 48
1 51
1 54
1 57
1 63
1 66
1 68
1 69
1 73
1 78
1 79
1 80
1 84
1 91
1 92
1 101
1 103
1 105
1 107
1 112
1 113
1 115
1 119
1 121
2 0
2 2
2 3
2 8
2 13
2 14
2 16
2 18
2 22
2 24
2 25
2 29
2 30
2 35
2 37
2 38
2 51
2 56
2 63
2 67
2 68
2 81
2 86
2 88
2 89
2 90
2 92
2 94
2 97
2 98
2 107
2 108
2 109
2 112
2 116
2 118
2 120
2 127
3 2
3 3
3 12
3 14
3 16
3 19
3 23
3 28
3 33
3 36
3 37
3 39
3 42
3 44
3 47
3 48
3 51
3 58
3 69
3 73
3 75
3 76
3 77
3 82
3 83
3 87
3 92
3 96
3 97
3 99
3 101
3 102
3 103
3 106
3 111
3 112
3 116
3 117
3 119
3 120
4 12
4 16
4 18
4 19
4 22
4 26
4 30
4 31
4 32
4 34
4 35
4 46
4 51
4 52
4 54
4 56
4 57
4 59
4 61
4 62
4 63
4 64
4 68
4 70
4 75
4 78
4 79
4 84
4 87
4 90
4 91
4 97
4 101
4 104
4 107
4 109
4 115
4 116
4 119
4 122
4 124
5 2
5 3
5 5
5 11
5 13
5 14
5 16
5 18
5 19
5 20
5 25
5 26
5 27
5 36
5 38
5 39
5 41
5 42
5 43
5 44
5 46
5 48
5 50
5 56
5 58
5 60
5 61
5 62
5 71
5 73
5 79
5 81
5 82
5 84
5 87
5 88
5 89
5 99
5 102
5 108
5 116
5 118
6 5
6 15
6 16
6 18
6 20
6 23
6 24
6 25
6 27
6 29
6 32
6 33
6 38
6 47
6 48
6 50
6 58
6 60
6 65
6 66
6 69
6 70
6 74
6 75
6 82
6 89
6 92
6 96
6 98
6 99
6 102
6 105
6 114
6 116
6 121
6 126
6 127
7 1
7 3
7 5
7 7
7 10
7 11
7 13
7 17
7 18
7 22
7 24
7 25
7 27
7 28
7 30
7 32
7 33
7 35
7 37
7 42
7 43
7 45
7 48
7 52
7 53
7 55
7 57
7 60
7 68
7 69
7 70
7 71
7 74
7 76
7 78
7 80
7 82
7 86
7 92
7 96
7 98
7 104
7 108
7 109
7 112
7 113
7 116
7 119
7 120
7 121
7 127
8 3
8 5
8 6
8 12
8 14
8 16
8 18
8 22
8 25
8 30
8 32
8 33
8 41
8 45
8 46
8 52
8 56
8 59
8 62
8 63
8 64
8 65
8 67
8 69
8 79
8 81
8 83
8 86
8 90
8 96
8 104
8 105
8 106
8 107
8 116
8 117
9 9
9 10
9 13
9 15
9 18
9 19
9 22
9 23
9 24
9 25
9 27
9 31
9 33
9 34
9 39
9 47
9 49
9 61
9 66
9 67
9 69
9 70
9 71
9 81
9 84
9 87
9 92
9 93
9 94
9 97
9 98
9 99
9 100
9 106
9 109
9 110
9 115
9 117
9 119
9 121
9 122
9 126
10 0
10 4
10 10
10 16
10 21
10 25
10 29
10 32
10 33
10 35
10 37
10 38
10 39
10 42
10 43
10 51
10 53
10 56
10 57
10 60
10 63
10 69
10 70
10 71
10 80
10 81
10 83
10 84
10 87
10 88
10 92
10 101
10 106
10 108
10 112
10 115
10 117
11 8
11 10
11 16
11 22
11 24
11 26
11 29
11 30
11 34
11 41
11 47
11 50
11 52
11 55
11 68
11 73
11 77
11 79
11 85
11 88
11 91
11 93
11 95
11 101
11 102
11 104
11 105
11 107
11 111
11 112
11 117
11 118
11 122
11 124
12 0
12 1
12 3
12 4
12 5
12 7
12 12
12 13
12 15
12 17
12 18
12 21
12 23
12 24
12 26
12 30
12 34
12 36
12 37
12 49
12 50
12 51
12 52
12 59
12 64
12 67
12 69
12 76
12 78
12 80
12 81
12 83
12 85
12 89
12 91
12 103
12 107
12 108
12 109
12 113
12 116
12 117
12 122
12 125
12 127
13 3
13 7
13 10
13 11
13 13
13 14
13 15
13 17
13 18
13 36
13 37
13 42
13 55
13 58
13 60
13 61
13 63
13 64
13 66
13 72
13 73
13 74
13 79
13 86
13 87
13 88
13 91
13 92
13 96
13 97
13 98
13 100
13 101
13 109
13 110
13 112
13 113
13 114
13 115
13 117
13 122
13 125
13 126
13 127
14 2
14 4
14 9
14 10
14 13
14 15
14 16
14 18
14 20
14 27
14 29
14 31
14 34
14 36
14 39
14 40
14 52
14 56
14 57
14 59
14 61
14 68
14 69
14 73
14 80
14 81
14 82
14 84
14 86
14 88
14 96
14 100
14 109
14 110
14 111
14 112
14 115
14 116
14 118
14 119
14 120
15 1
15 13
15 16
15 20
15 25
15 27
15 32
15 36
15 40
15 41
15 44
15 54
15 59
15 61
15 72
15 73
15 77
15 83
15 85
15 89
15 91
15 97
15 106
15 107
15 111
15 112
15 120
15 124
16 3
16 8
16 11
16 13
16 14
16 15
16 20
16 21
16 25
16 26
16 28
16 30
16 32
16 33
16 34
16 36
16 37
16 46
16 50
16 51
16 54
16 55
16 66
16 69
16 70
16 78
16 80
16 86
16 88
16 90
16 91
16 105
16 106
16 108
16 113
16 115
16 119
16 123
16 124
16 127
17 13
17 16
17 19
17 24
17 31
17 34
17 35
17 36
17 44
17 55
17 56
17 67
17 68
17 76
17 78
17 80
17 91
17 98
17 100
17 101
17 106
17 107
17 109
17 110
17 118
17 121
17 123
18 3
18 12
18 22
18 23
18 29
18 30
18 34
18 36
18 39
18 41
18 43
18 44
18 45
18 46
18 47
18 51
18 52
18 55
18 57
18 63
18 66
18 67
18 73
18 74
18 75
18 76
18 78
18 79
18 84
18 87
18 88
18 91
18 93
18 94
18 95
18 99
18 100
18 104
18 108
18 111
18 115
18 116
18 117
18 119
18 125
19 0
19 6
19 8
19 10
19 18
19 20
19 24
19 28
19 31
19 38
19 40
19 41
19 42
19 44
19 60
19 62
19 63
19 66
19 71
19 75
19 77
19 79
19 81
19 82
19 84
19 89
19 92
19 95
19 96
19 98
19 101
19 103
19 106
19 109
19 113
19 114
19 116
19 121
20 2
20 3
20 7
20 10
20 14
20 19
20 22
20 31
20 32
20 49
20 54
20 58
20 60
20 63
20 67
20 69
20 75
20 76
20 92
20 94
20 103
20 106
20 116
20 127
21 10
21 11
21 19
21 20
21 22
21 23
21 26
21 27
21 30
21 32
21 33
21 34
21 36
21 37
21 44
21 45
21 47
21 52
21 56
21 58
21 60
21 63
21 65
21 67
21 68
21 69
21 70
21 71
21 72
21 73
21 74
21 77
21 82
21 85
21 87
21 92
21 95
21 98
21 103
21 106
21 113
21 120
21 121
21 122
21 123
21 124
22 2
22 4
22 14
22 22
22 25
22 28
22 35
22 37
22 41
22 44
22 45
22 48
22 49
22 53
22 59
22 60
22 65
22 67
22 72
22 73
22 77
22 78
22 79
22 88
22 91
22 95
22 97
22 101
22 103
22 104
22 109
22 110
22 112
22 113
22 114
22 120
22 127
23 2
23 7
23 10
23 13
23 20
23 21
23 26
23 40
23 45
23 46
23 47
23 48
23 50
23 54
23 55
23 56
23 59
23 65
23 66
23 67
23 81
23 83
23 84
23 88
23 92
23 95
23 97
23 100
23 103
23 107
23 109
23 112
23 114
23 117
23 121
23 122
23 123
24 1
24 3
24 10
24 12
24 15
24 17
24 30
24 33
24 41
24 48
24 53
24 55
24 57
24 58
24 62
24 63
24 65
24 78
24 79
24 83
24 84
24 86
24 96
24 98
24 99
24 100
24 107
24 112
24 117
24 118
24 120
24 121
24 122
24 124
24 125
25 0
25 6
25 8
25 10
25 11
25 19
25 25
25 29
25 34
25 39
25 40
25 42
25 43
25 50
25 51
25 59
25 61
25 63
25 65
25 66
25 67
25 68
25 77
25 78
25 82
25 86
25 88
25 95
25 96
25 98
25 110
25 111
25 116
25 118
25 119
25 120
25 121
25 126
26 5
26 8
26 13
26 22
26 24
26 29
26 30
26 32
26 35
26 36
26 39
26 42
26 43
26 48
26 53
26 54
26 55
26 64
26 71
26 77
26 78
26 79
26 81
26 82
26 86
26 92
26 98
26 105
26 106
26 108
26 113
26 114
26 120
26 125
27 9
27 28
27 36
27 37
27 38
27 39
27 41
27 48
27 51
27 53
27 57
27 67
27 68
27 71
27 75
27 80
27 89
27 90
27 95
27 103
27 105
27 111
27 112
27 115
27 116
27 118
27 121
27 123
27 124
28 0
28 3
28 4
28 5
28 7
28 10
28 12
28 17
28 18
28 26
28 28
28 29
28 31
28 34
28 38
28 40
28 46
28 47
28 49
28 50
28 51
28 55
28 61
28 62
28 64
28 68
28 73
28 74
28 80
28 85
28 87
28 95
28 96
28 97
28 104
28 105
28 108
28 113
28 116
29 0
29 3
29 5
29 6
29 17
29 19
29 24
29 29
29 36
29 46
29 49
29 52
29 53
29 55
29 59
29 61
29 62
29 63
29 66
29 76
29 79
29 89
29 90
29 92
29 95
29 100
29 102
29 112
29 114
29 119
29 120
30 0
30 3
30 5
30 10
30 11
30 12
30 14
30 16
30 18
30 20
30 25
30 27
30 30
30 32
30 35
30 50
30 53
30 58
30 61
30 64
30 71
30 75
30 76
30 78
30 79
30 85
30 87
30 93
30 101
30 110
30 113
30 114
30 122
31 5
31 8
31 9
31 10
31 18
31 22
31 23
31 25
31 26
31 28
31 34
31 35
31 36
31 41
31 51
31 54
31 55
31 56
31 60
31 62
31 63
31 64
31 65
31 66
31 67
31 69
31 72
31 73
31 74
31 75
31 80
31 82
31 86
31 90
31 93
31 97
31 99
31 101
31 102
31 104
31 106
31 107
31 108
31 119
31 120
31 121
31 125
31 127
32 2
32 3
32 7
32 8
32 13
32 21
32 28
32 29
32 30
32 34
32 35
32 37
32 39
32 42
32 43
32 44
32 45
32 50
32 52
32 54
32 64
32 66
32 68
32 69
32 76
32 79
32 82
32 83
32 84
32 87
32 91
32 92
32 94
32 100
32 101
32 106
32 107
32 108
32 109
32 111
32 112
32 113
32 118
32 127
33 1
33 8
33 10
33 20
33 22
33 25
33 26
33 32
33 35
33 36
33 38
33 40
33 43
33 51
33 54
33 58
33 60
33 61
33 62
33 65
33 68
33 73
33 80
33 85
33 88
33 97
33 99
33 101
33 105
33 108
33 112
33 114
33 127
34 2
34 9
34 14
34 19
34 21
34 23
34 24
34 25
34 28
34 32
34 43
34 50
34 57
34 58
34 60
34 65
34 68
34 70
34 72
34 74
34 75
34 84
34 96
34 108
34 113
34 114
34 119
34 120
35 0
35 2
35 4
35 7
35 15
35 23
35 26
35 35
35 38
35 40
35 43
35 45
35 47
35 49
35 50
35 66
35 74
35 75
35 78
35 79
35 80
35 84
35 87
35 92
35 94
35 97
35 100
35 103
35 105
35 107
35 109
35 127
36 1
36 8
36 17
36 21
36 22
36 23
36 24
36 27
36 28
36 30
36 31
36 36
36 45
36 49
36 50
36 56
36 58
36 61
36 62
36 63
36 64
36 65
36 67
36 69
36 70
36 72
36 75
36 85
36 86
36 87
36 89
36 92
36 94
36 95
36 98
36 102
36 103
36 107
36 111
36 118
36 120
36 123
37 2
37 4
37 9
37 14
37 18
37 20
37 22
37 24
37 28
37 32
37 33
37 34
37 37
37 41
37 46
37 47
37 53
37 54
37 56
37 58
37 59
37 61
37 62
37 65
37 66
37 67
37 72
37 73
37 75
37 78
37 79
37 84
37 86
37 88
37 91
37 92
37 93
37 96
37 98
37 99
37 101
37 103
37 104
37 107
37 112
37 115
37 116
37 118
37 119
37 120
37 123
37 125
38 0
38 1
38 4
38 6
38 8
38 13
38 14
38 15
38 16
38 17
38 21
38 24
38 28
38 30
38 31
38 36
38 39
38 42
38 47
38 49
38 50
38 51
38 55
38 57
38 58
38 65
38 75
38 76
38 80
38 88
38 91
38 95
38 109
38 117
38 120
38 121
38 123
38 125
38 127
39 0
39 7
39 8
39 14
39 17
39 18
39 20
39 21
39 25
39 26
39 32
39 43
39 44
39 45
39 48
39 50
39 57
39 65
39 68
39 76
39 80
39 82
39 86
39 91
39 93
39 96
39 104
39 105
39 106
39 107
39 109
39 115
39 121
39 127
40 3
40 10
40 11
40 16
40 17
40 19
40 21
40 23
40 30
40 31
40 32
40 33
40 34
40 36
40 37
40 38
40 42
40 44
40 49
40 54
40 58
40 61
40 63
40 65
40 68
40 75
40 76
40 79
40 81
40 83
40 84
40 86
40 88
40 92
40 94
40 98
40 101
40 102
40 103
40 104
40 106
40 107
40 108
40 110
40 123
40 124
40 125
40 127
41 0
41 4
41 9
41 14
41 16
41 17
41 25
41 33
41 40
41 47
41 48
41 50
41 53
41 54
41 65
41 69
41 74
41 78
41 81
41 83
41 87
41 88
41 95
41 96
41 101
41 108
41 109
41 110
41 112
41 113
41 115
41 117
41 118
41 119
41 124
42 3
42 5
42 6
42 8
42 11
42 13
42 15
42 17
42 20
42 25
42 27
42 31
42 33
42 38
42 40
42 44
42 48
42 50
42 51
42 56
42 61
42 63
42 70
42 71
42 72
42 76
42 79
42 83
42 84
42 91
42 101
42 104
42 110
42 113
42 117
42 120
42 123
43 2
43 6
43 9
43 10
43 12
43 18
43 19
43 20
43 22
43 25
43 32
43 34
43 40
43 41
43 43
43 45
43 49
43 59
43 60
43 62
43 68
43 70
43 71
43 73
43 74
43 80
43 83
43 84
43 87
43 90
43 92
43 93
43 94
43 102
43 112
43 113
43 119
43 124
44 4
44 6
44 22
44 24
44 26
44 32
44 34
44 35
44 38
44 40
44 46
44 48
44 52
44 53
44 61
44 62
44 66
44 67
44 70
44 71
44 73
44 74
44 75
44 78
44 86
44 87
44 91
44 94
44 96
44 97
44 98
44 105
44 106
44 107
44 110
44 112
44 113
44 115
44 119
44 124
44 127
45 1
45 3
45 4
45 6
45 10
45 14
45 18
45 19
45 22
45 24
45 29
45 31
45 33
45 36
45 40
45 44
45 45
45 58
45 61
45 70
45 82
45 85
45 92
45 99
45 100
45 105
45 107
45 109
45 110
45 118
45 125
45 126
46 3
46 4
46 7
46 14
46 15
46 17
46 19
46 23
46 26
46 28
46 29
46 32
46 37
46 38
46 40
46 44
46 48
46 49
46 55
46 56
46 59
46 63
46 65
46 66
46 70
46 74
46 77
46 78
46 80
46 81
46 86
46 92
46 93
46 94
46 96
46 99
46 104
46 105
46 106
46 108
46 110
46 112
46 118
46 121
46 123
47 8
47 14
47 16
47 22
47 25
47 27
47 29
47 38
47 39
47 50
47 51
47 64
47 81
47 90
47 91
47 93
47 97
47 101
47 103
47 105
47 109
47 122
47 123
47 124
48 7
48 9
48 10
48 11
48 16
48 19
48 22
48 24
48 26
48 27
48 30
48 31
48 35
48 44
48 48
48 49
48 58
48 59
48 62
48 63
48 64
48 67
48 70
48 74
48 79
48 82
48 91
48 92
48 95
48 99
48 100
48 107
48 113
48 115
48 117
48 118
48 119
48 123
48 124
48 126
49 0
49 2
49 7
49 8
49 9
49 10
49 12
49 27
49 29
49 30
49 32
49 37
49 41
49 43
49 47
49 49
49 50
49 55
49 59
49 61
49 67
49 71
49 75
49 77
49 78
49 80
49 84
49 85
49 92
49 95
49 98
49 112
49 114
49 121
49 123
49 127
50 0
50 2
50 5
50 9
50 15
50 18
50 22
50 23
50 26
50 27
50 31
50 34
50 36
50 37
50 41
50 42
50 47
50 55
50 57
50 59
50 61
50 65
50 66
50 69
50 71
50 72
50 75
50 78
50 80
50 81
50 82
50 90
50 95
50 99
50 100
50 103
50 106
50 109
50 110
50 112
50 121
50 123
50 126
51 0
51 2
51 5
51 7
51 9
51 10
51 14
51 26
51 27
51 29
51 33
51 37
51 44
51 50
51 54
51 57
51 58
51 65
51 66
51 67
51 73
51 74
51 75
51 78
51 79
51 81
51 82
51 93
51 102
51 106
51 108
51 109
51 120
51 127
52 0
52 5
52 7
52 8
52 11
52 12
52 18
52 23
52 24
52 29
52 34
52 46
52 47
52 48
52 49
52 57
52 59
52 61
52 63
52 64
52 66
52 74
52 79
52 82
52 100
52 103
52 105
52 107
52 110
52 116
52 122
52 124
52 127
53 2
53 3
53 9
53 11
53 13
53 14
53 16
53 20
53 24
53 32
53 45
53 48
53 49
53 50
53 55
53 56
53 57
53 58
53 60
53 63
53 73
53 77
53 82
53 83
53 85
53 86
53 87
53 89
53 94
53 96
53 98
53 113
53 114
53 126
53 127
54 1
54 3
54 4
54 8
54 9
54 12
54 14
54 18
54 24
54 25
54 27
54 28
54 29
54 42
54 44
54 49
54 56
54 59
54 64
54 69
54 74
54 75
54 80
54 86
54 90
54 94
54 96
54 97
54 101
54 102
54 105
54 110
54 111
54 112
54 115
54 122
54 124
54 125
54 126
54 127
55 0
55 2
55 3
55 4
55 6
55 8
55 10
55 11
55 14
55 16
55 18
55 19
55 20
55 24
55 25
55 26
55 38
55 39
55 42
55 50
55 53
55 56
55 58
55 60
55 62
55 63
55 66
55 71
55 76
55 77
55 78
55 79
55 81
55 86
55 88
55 92
55 104
55 106
55 113
55 114
55 118
55 125
55 127
56 3
56 4
56 12
56 14
56 16
56 18
56 21
56 22
56 24
56 32
56 39
56 52
56 60
56 64
56 65
56 69
56 70
56 73
56 79
56 82
56 89
56 90
56 91
56 93
56 98
56 104
56 107
56 109
56 110
56 117
57 1
57 6
57 8
57 12
57 15
57 17
57 27
57 28
57 31
57 32
57 37
57 39
57 40
57 44
57 47
57 49
57 51
57 54
57 57
57 58
57 60
57 64
57 68
57 71
57 79
57 82
57 88
57 93
57 94
57 95
57 99
57 100
57 103
57 105
57 117
57 118
57 120
57 123
58 1
58 6
58 10
58 12
58 16
58 19
58 21
58 23
58 25
58 26
58 29
58 31
58 32
58 36
58 41
58 43
58 49
58 58
58 62
58 65
58 71
58 72
58 75
58 77
58 80
58 83
58 86
58 88
58 90
58 92
58 95
58 98
58 101
58 105
58 109
58 113
58 114
58 115
58 118
58 122
58 125
59 1
59 2
59 3
59 8
59 9
59 13
59 21
59 24
59 28
59 29
59 30
59 33
59 36
59 39
59 41
59 42
59 48
59 51
59 53
59 55
59 59
59 69
59 74
59 77
59 79
59 83
59 87
59 88
59 93
59 94
59 98
59 100
59 110
59 114
59 116
59 119
59 121
60 0
60 1
60 2
60 7
60 12
60 14
60 15
60 16
60 18
60 20
60 25
60 37
60 38
60 39
60 41
60 42
60 43
60 51
60 52
60 54
60 56
60 57
60 61
60 62
60 63
60 64
60 66
60 67
60 69
60 72
60 73
60 74
60 79
60 82
60 91
60 102
60 104
60 106
60 107
60 110
60 111
60 113
60 117
60 121
61 11
61 18
61 25
61 26
61 27
61 29
61 31
61 32
61 40
61 41
61 43
61 47
61 48
61 50
61 55
61 58
61 59
61 65
61 68
61 69
61 70
61 71
61 72
61 74
61 81
61 86
61 87
61 88
61 89
61 90
61 91
61 95
61 96
61 99
61 101
61 103
61 104
61 119
61 122
61 123
62 1
62 5
62 6
62 7
62 8
62 12
62 13
62 18
62 20
62 22
62 26
62 31
62 32
62 35
62 38
62 39
62 45
62 47
62 50
62 52
62 53
62 56
62 58
62 60
62 63
62 68
62 70
62 76
62 78
62 79
62 81
62 83
62 84
62 87
62 88
62 90
62 93
62 94
62 97
62 108
62 122
62 123
63 3
63 7
63 9
63 14
63 16
63 21
63 24
63 25
63 27
63 30
63 31
63 32
63 33
63 40
63 42
63 50
63 55
63 56
63 58
63 62
63 64
63 65
63 67
63 69
63 71
63 74
63 75
63 77
63 79
63 81
63 82
63 83
63 85
63 89
63 92
63 97
63 102
63 107
63 111
63 114
63 118
64 3
64 4
64 7
64 11
64 13
64 15
64 16
64 18
64 20
64 28
64 29
64 33
64 35
64 36
64 38
64 40
64 47
64 49
64 54
64 56
64 58
64 62
64 64
64 72
64 78
64 82
64 83
64 86
64 89
64 97
64 102
64 104
64 107
64 108
64 117
64 118
64 126
65 0
65 1
65 2
65 5
65 8
65 15
65 16
65 19
65 29
65 38
65 41
65 44
65 45
65 47
65 48
65 49
65 59
65 61
65 63
65 66
65 68
65 74
65 75
65 77
65 78
65 79
65 83
65 89
65 91
65 93
65 94
65 96
65 99
65 100
65 101
65 103
65 106
65 115
65 120
65 123
65 125
65 126
66 0
66 7
66 18
66 20
66 21
66 24
66 26
66 28
66 29
66 32
66 33
66 38
66 48
66 52
66 54
66 56
66 57
66 59
66 63
66 70
66 73
66 76
66 80
66 82
66 83
66 88
66 98
66 99
66 107
66 108
66 109
66 112
66 122
66 127
67 2
67 4
67 6
67 7
67 9
67 11
67 12
67 27
67 36
67 37
67 51
67 55
67 58
67 61
67 69
67 70
67 71
67 74
67 75
67 77
67 78
67 79
67 82
67 83
67 89
67 90
67 99
67 102
67 104
67 109
67 111
67 112
67 122
67 123
67 126
67 127
68 0
68 1
68 7
68 8
68 12
68 19
68 22
68 26
68 30
68 33
68 35
68 37
68 38
68 39
68 40
68 43
68 44
68 45
68 48
68 57
68 58
68 59
68 62
68 64
68 65
68 66
68 70
68 77
68 85
68 87
68 94
68 95
68 98
68 102
68 105
68 107
68 108
68 114
68 115
68 118
68 120
68 122
68 124
68 125
69 0
69 7
69 15
69 16
69 18
69 20
69 21
69 23
69 24
69 32
69 44
69 48
69 49
69 52
69 53
69 67
69 69
69 72
69 76
69 77
69 84
69 88
69 89
69 90
69 94
69 96
69 102
69 104
69 105
69 106
69 108
69 114
69 119
69 124
69 126
69 127
70 3
70 5
70 8
70 11
70 12
70 16
70 17
70 22
70 26
70 35
70 39
70 41
70 42
70 43
70 45
70 47
70 49
70 50
70 52
70 61
70 63
70 70
70 71
70 75
70 85
70 86
70 88
70 90
70 91
70 92
70 94
70 100
70 101
70 102
70 103
70 114
70 119
71 4
71 5
71 6
71 8
71 9
71 10
71 11
71 16
71 17
71 23
71 27
71 30
71 33
71 41
71 43
71 44
71 46
71 51
71 53
71 55
71 61
71 67
71 78
71 81
71 85
71 89
71 93
71 95
71 96
71 101
71 104
71 105
71 108
71 110
71 111
71 112
71 113
71 115
71 116
71 120
71 123
71 124
71 125
72 0
72 1
72 5
72 10
72 15
72 20
72 24
72 25
72 26
72 29
72 36
72 39
72 44
72 45
72 52
72 55
72 59
72 65
72 67
72 72
72 73
72 74
72 75
72 77
72 82
72 83
72 84
72 88
72 89
72 92
72 93
72 96
72 98
72 105
72 108
72 111
72 114
72 121
72 127
73 1
73 4
73 8
73 17
73 24
73 30
73 33
73 37
73 41
73 47
73 51
73 55
73 56
73 65
73 67
73 68
73 71
73 75
73 78
73 82
73 84
73 85
73 86
73 87
73 88
73 91
73 95
73 101
73 108
73 111
73 114
73 120
73 124
73 125
74 1
74 3
74 8
74 9
74 12
74 21
74 22
74 23
74 27
74 28
74 31
74 36
74 37
74 38
74 40
74 46
74 60
74 65
74 72
74 76
74 78
74 82
74 85
74 86
74 88
74 91
74 107
74 109
74 111
74 112
74 117
74 118
74 119
74 123
75 0
75 2
75 3
75 5
75 9
75 10
75 11
75 18
75 23
75 24
75 30
75 32
75 38
75 39
75 41
75 43
75 48
75 50
75 51
75 56
75 60
75 71
75 78
75 84
75 86
75 87
75 96
75 97
75 98
75 99
75 104
75 108
75 109
75 112
75 118
75 119
75 123
75 126
75 127
76 2
76 10
76 12
76 17
76 20
76 22
76 32
76 33
76 39
76 42
76 51
76 57
76 60
76 62
76 67
76 68
76 69
76 75
76 77
76 79
76 80
76 85
76 91
76 97
76 102
76 104
76 105
76 113
76 123
76 126
77 2
77 6
77 12
77 13
77 17
77 19
77 20
77 22
77 25
77 26
77 38
77 43
77 51
77 56
77 58
77 61
77 66
77 72
77 73
77 74
77 76
77 78
77 81
77 82
77 84
77 85
77 86
77 94
77 102
77 107
77 114
77 115
77 116
77 119
77 124
77 125
78 2
78 3
78 9
78 15
78 16
78 17
78 19
78 22
78 23
78 25
78 27
78 30
78 32
78 33
78 36
78 38
78 39
78 41
78 42
78 43
78 44
78 45
78 51
78 53
78 56
78 60
78 61
78 62
78 63
78 65
78 70
78 71
78 75
78 79
78 84
78 85
78 86
78 90
78 94
78 102
78 104
78 105
78 106
78 107
78 110
78 114
78 115
78 119
78 127
79 3
79 4
79 7
79 8
79 10
79 16
79 17
79 22
79 24
79 25
79 27
79 28
79 31
79 32
79 35
79 37
79 40
79 42
79 47
79 48
79 49
79 54
79 67
79 69
79 70
79 72
79 73
79 79
79 80
79 87
79 89
79 91
79 92
79 93
79 95
79 98
79 99
79 101
79 108
79 113
79 119
79 122
79 127
80 0
80 3
80 8
80 9
80 13
80 19
80 23
80 27
80 34
80 36
80 44
80 48
80 51
80 52
80 56
80 61
80 63
80 64
80 70
80 79
80 80
80 81
80 83
80 90
80 91
80 92
80 102
80 103
80 104
80 108
80 109
80 114
80 117
80 119
80 121
80 127
81 7
81 8
81 16
81 21
81 24
81 29
81 36
81 39
81 43
81 46
81 51
81 53
81 56
81 57
81 64
81 66
81 68
81 73
81 75
81 77
81 78
81 79
81 85
81 87
81 89
81 90
81 91
81 93
81 98
81 110
81 112
81 118
81 120
81 125
82 1
82 2
82 6
82 7
82 8
82 13
82 14
82 15
82 18
82 25
82 27
82 29
82 31
82 32
82 35
82 41
82 46
82 57
82 59
82 71
82 74
82 75
82 77
82 78
82 84
82 87
82 91
82 93
82 97
82 101
82 105
82 107
82 114
82 116
82 117
82 121
82 125
82 127
83 4
83 5
83 6
83 10
83 13
83 20
83 26
83 30
83 33
83 34
83 37
83 39
83 42
83 43
83 47
83 51
83 57
83 59
83 67
83 68
83 72
83 73
83 75
83 80
83 81
83 84
83 87
83 89
83 90
83 91
83 93
83 94
83 106
83 110
83 114
83 117
83 118
83 119
83 123
84 1
84 7
84 9
84 10
84 16
84 17
84 22
84 24
84 28
84 33
84 39
84 42
84 51
84 52
84 53
84 54
84 55
84 59
84 61
84 64
84 65
84 66
84 68
84 69
84 73
84 74
84 80
84 81
84 82
84 85
84 86
84 88
84 89
84 91
84 96
84 97
84 99
84 103
84 109
84 110
84 114
84 115
84 116
84 120
84 123
85 5
85 7
85 20
85 22
85 24
85 26
85 31
85 33
85 40
85 41
85 46
85 47
85 51
85 52
85 54
85 59
85 62
85 63
85 64
85 66
85 69
85 70
85 77
85 81
85 91
85 93
85 95
85 96
85 103
85 107
85 108
85 110
85 115
85 119
85 120
85 122
85 125
85 126
86 1
86 3
86 4
86 5
86 11
86 15
86 17
86 18
86 19
86 20
86 30
86 33
86 35
86 40
86 48
86 52
86 53
86 58
86 60
86 61
86 62
86 64
86 72
86 80
86 84
86 85
86 86
86 87
86 93
86 95
86 97
86 98
86 99
86 101
86 102
86 104
86 113
86 115
86 118
86 121
86 123
86 126
87 1
87 6
87 12
87 13
87 14
87 15
87 16
87 18
87 19
87 21
87 24
87 25
87 27
87 33
87 34
87 38
87 39
87 42
87 51
87 53
87 54
87 55
87 59
87 62
87 63
87 66
87 77
87 84
87 91
87 94
87 104
87 107
87 109
87 114
87 118
87 122
87 124
87 127
88 7
88 9
88 10
88 11
88 17
88 20
88 23
88 27
88 29
88 33
88 35
88 38
88 40
88 41
88 43
88 47
88 49
88 52
88 53
88 56
88 62
88 63
88 68
88 71
88 72
88 73
88 74
88 77
88 83
88 87
88 88
88 94
88 99
88 100
88 101
88 102
88 104
88 107
88 109
88 111
88 118
88 122
89 2
89 9
89 10
89 12
89 14
89 17
89 23
89 29
89 30
89 35
89 37
89 43
89 47
89 48
89 49
89 54
89 57
89 62
89 64
89 65
89 68
89 69
89 70
89 71
89 80
89 81
89 85
89 93
89 94
89 96
89 98
89 100
89 102
89 105
89 108
89 109
89 110
89 113
89 115
89 121
89 123
89 124
90 4
90 6
90 7
90 10
90 11
90 15
90 27
90 34
90 36
90 37
90 38
90 39
90 46
90 59
90 62
90 64
90 66
90 68
90 75
90 77
90 81
90 82
90 84
90 87
90 88
90 89
90 92
90 93
90 94
90 100
90 103
90 113
90 116
90 117
90 118
90 121
90 126
91 0
91 8
91 11
91 14
91 21
91 24
91 27
91 28
91 33
91 36
91 42
91 44
91 52
91 57
91 60
91 62
91 66
91 67
91 71
91 73
91 81
91 85
91 86
91 89
91 93
91 94
91 95
91 97
91 100
91 104
91 107
91 116
91 117
91 119
91 120
91 121
91 124
91 126
92 2
92 4
92 6
92 10
92 11
92 13
92 16
92 21
92 25
92 26
92 33
92 39
92 40
92 47
92 48
92 50
92 51
92 54
92 62
92 63
92 68
92 72
92 73
92 79
92 80
92 87
92 95
92 97
92 104
92 106
92 107
92 121
92 123
92 127
93 1
93 2
93 3
93 6
93 10
93 15
93 24
93 26
93 29
93 30
93 31
93 35
93 39
93 44
93 46
93 49
93 50
93 53
93 58
93 64
93 70
93 76
93 81
93 84
93 88
93 92
93 94
93 95
93 98
93 99
93 101
93 103
93 108
93 112
93 114
93 116
93 119
93 124
94 0
94 1
94 3
94 5
94 10
94 16
94 20
94 21
94 22
94 24
94 26
94 27
94 30
94 31
94 34
94 37
94 39
94 40
94 43
94 44
94 48
94 50
94 57
94 58
94 59
94 63
94 64
94 65
94 72
94 86
94 92
94 95
94 97
94 98
94 112
94 115
94 123
94 127
95 2
95 3
95 4
95 5
95 6
95 7
95 8
95 9
95 14
95 17
95 20
95 24
95 26
95 29
95 31
95 38
95 45
95 49
95 53
95 54
95 60
95 70
95 73
95 85
95 86
95 88
95 89
95 97
95 98
95 101
95 106
95 107
95 113
96 1
96 2
96 6
96 9
96 13
96 16
96 17
96 31
96 33
96 34
96 39
96 40
96 41
96 43
96 44
96 52
96 54
96 55
96 59
96 62
96 65
96 66
96 67
96 69
96 76
96 78
96 82
96 89
96 90
96 93
96 102
96 107
96 108
96 109
96 111
96 117
96 118
96 119
97 1
97 3
97 4
97 8
97 10
97 17
97 18
97 27
97 29
97 35
97 37
97 40
97 42
97 43
97 52
97 54
97 55
97 61
97 64
97 74
97 78
97 82
97 85
97 92
97 93
97 94
97 95
97 100
97 105
97 108
97 119
97 121
97 123
97 126
97 127
98 5
98 6
98 10
98 12
98 13
98 15
98 19
98 23
98 28
98 30
98 33
98 38
98 41
98 42
98 44
98 54
98 55
98 59
98 60
98 65
98 66
98 68
98 70
98 75
98 77
98 78
98 80
98 87
98 93
98 94
98 95
98 96
98 97
98 102
98 105
98 107
98 109
98 110
98 114
98 116
98 119
98 120
98 123
98 124
98 127
99 10
99 13
99 15
99 17
99 20
99 22
99 24
99 25
99 38
99 41
99 42
99 46
99 47
99 57
99 65
99 73
99 75
99 80
99 86
99 94
99 95
99 96
99 100
99 111
99 113
99 115
99 116
99 118
99 121
100 1
100 3
100 4
100 5
100 9
100 10
100 11
100 12
100 13
100 19
100 20
100 21
100 23
100 25
100 30
100 33
100 34
100 38
100 48
100 51
100 53
100 55
100 57
100 59
100 62
100 64
100 66
100 71
100 76
100 78
100 83
100 87
100 93
100 95
100 97
100 99
100 104
100 107
100 112
100 116
100 121
100 122
100 124
100 127
101 0
101 4
101 6
101 12
101 13
101 16
101 18
101 21
101 22
101 24
101 25
101 27
101 29
101 33
101 35
101 38
101 39
101 44
101 52
101 53
101 57
101 59
101 60
101 62
101 65
101 66
101 69
101 72
101 76
101 77
101 79
101 84
101 86
101 87
101 93
101 94
101 97
101 98
101 101
101 105
101 106
101 109
101 117
101 119
101 123
101 126
101 127
102 2
102 7
102 8
102 9
102 10
102 14
102 16
102 17
102 18
102 20
102 25
102 26
102 27
102 28
102 33
102 40
102 45
102 52
102 53
102 58
102 61
102 62
102 63
102 68
102 69
102 70
102 71
102 74
102 77
102 79
102 87
102 92
102 107
102 110
102 111
102 112
102 115
102 119
102 120
103 2
103 9
103 15
103 18
103 22
103 32
103 33
103 36
103 39
103 43
103 45
103 49
103 51
103 52
103 54
103 58
103 60
103 62
103 66
103 69
103 70
103 72
103 77
103 78
103 79
103 80
103 81
103 83
103 84
103 86
103 87
103 91
103 97
103 98
103 99
103 100
103 102
103 112
103 113
103 114
103 118
103 121
103 124
104 0
104 2
104 3
104 8
104 10
104 17
104 22
104 27
104 28
104 31
104 32
104 37
104 40
104 41
104 44
104 45
104 47
104 49
104 60
104 68
104 69
104 72
104 75
104 76
104 78
104 80
104 86
104 87
104 89
104 96
104 98
104 103
104 110
104 117
104 118
104 120
104 121
105 7
105 16
105 18
105 20
105 21
105 22
105 23
105 24
105 25
105 28
105 30
105 31
105 32
105 33
105 36
105 41
105 42
105 44
105 48
105 54
105 55
105 56
105 61
105 65
105 67
105 76
105 77
105 78
105 84
105 85
105 87
105 89
105 91
105 95
105 99
105 104
105 111
105 122
106 2
106 8
106 12
106 16
106 18
106 21
106 24
106 27
106 28
106 30
106 33
106 37
106 42
106 45
106 46
106 49
106 50
106 52
106 59
106 62
106 65
106 66
106 68
106 75
106 76
106 78
106 79
106 81
106 82
106 85
106 87
106 89
106 92
106 99
106 101
106 105
106 107
106 122
106 125
107 2
107 4
107 7
107 8
107 9
107 17
107 20
107 21
107 27
107 28
107 29
107 31
107 32
107 34
107 35
107 37
107 38
107 40
107 41
107 42
107 43
107 47
107 49
107 52
107 53
107 56
107 57
107 67
107 74
107 76
107 77
107 85
107 88
107 98
107 101
107 102
107 109
107 111
107 116
107 120
107 125
107 126
108 1
108 2
108 3
108 5
108 7
108 8
108 9
108 15
108 16
108 17
108 20
108 31
108 32
108 34
108 35
108 50
108 51
108 52
108 53
108 57
108 61
108 63
108 64
108 65
108 71
108 73
108 79
108 83
108 92
108 93
108 94
108 108
108 109
108 113
108 116
108 127
109 8
109 16
109 20
109 24
109 27
109 28
109 29
109 30
109 34
109 38
109 39
109 43
109 44
109 47
109 54
109 60
109 63
109 64
109 70
109 72
109 78
109 80
109 81
109 84
109 85
109 86
109 87
109 88
109 89
109 91
109 93
109 102
109 104
109 108
109 111
109 113
109 118
109 126
110 4
110 5
110 9
110 13
110 16
110 17
110 18
110 21
110 26
110 28
110 29
110 30
110 31
110 32
110 35
110 40
110 55
110 56
110 59
110 60
110 63
110 64
110 66
110 67
110 68
110 74
110 77
110 78
110 80
110 89
110 90
110 94
110 95
110 100
110 102
110 103
110 110
110 111
110 112
110 113
110 114
110 116
110 122
110 124
110 126
110 127
111 2
111 5
111 8
111 11
111 12
111 16
111 18
111 19
111 20
111 22
111 25
111 27
111 28
111 29
111 31
111 35
111 40
111 41
111 48
111 49
111 51
111 54
111 58
111 59
111 60
111 62
111 64
111 76
111 77
111 79
111 81
111 83
111 85
111 86
111 90
111 94
111 98
111 106
111 109
111 111
111 116
111 118
111 119
111 122
111 123
111 126
111 127
112 1
112 4
112 9
112 10
112 16
112 19
112 25
112 27
112 31
112 38
112 39
112 40
112 43
112 47
112 51
112 53
112 58
112 65
112 70
112 74
112 84
112 86
112 87
112 91
112 92
112 94
112 98
112 102
112 108
112 113
112 115
112 116
112 118
112 123
112 126
113 8
113 11
113 15
113 17
113 19
113 20
113 22
113 24
113 27
113 29
113 30
113 37
113 41
113 45
113 54
113 55
113 59
113 61
113 62
113 64
113 65
113 66
113 67
113 69
113 71
113 73
113 75
113 76
113 77
113 81
113 82
113 83
113 85
113 88
113 95
113 99
113 100
113 101
113 105
113 108
113 109
113 116
113 119
113 120
113 122
113 125
114 0
114 1
114 6
114 7
114 9
114 15
114 18
114 19
114 22
114 23
114 30
114 41
114 46
114 48
114 49
114 52
114 53
114 54
114 60
114 61
114 63
114 64
114 67
114 68
114 73
114 75
114 76
114 79
114 85
114 88
114 90
114 97
114 99
114 101
114 102
114 108
114 110
114 114
114 115
114 120
115 2
115 7
115 10
115 13
115 14
115 21
115 26
115 27
115 32
115 34
115 35
115 48
115 49
115 57
115 60
115 62
115 65
115 73
115 74
115 75
115 80
115 88
115 89
115 92
115 95
115 97
115 99
115 100
115 105
115 106
115 110
115 111
115 114
115 116
115 120
115 121
115 122
115 123
116 2
116 3
116 7
116 11
116 17
116 19
116 21
116 23
116 24
116 28
116 31
116 32
116 35
116 37
116 38
116 41
116 45
116 47
116 50
116 54
116 55
116 58
116 59
116 75
116 77
116 81
116 84
116 88
116 90
116 91
116 97
116 99
116 102
116 107
116 112
116 125
117 3
117 12
117 15
117 21
117 27
117 29
117 30
117 31
117 34
117 35
117 40
117 41
117 44
117 46
117 47
117 50
117 51
117 56
117 58
117 59
117 60
117 61
117 62
117 68
117 70
117 78
117 90
117 93
117 94
117 95
117 98
117 100
117 102
117 104
117 106
117 107
117 109
117 112
117 117
117 121
117 122
117 124
118 14
118 18
118 22
118 29
118 31
118 34
118 35
118 36
118 37
118 39
118 42
118 45
118 51
118 53
118 65
118 68
118 69
118 70
118 73
118 75
118 76
118 78
118 79
118 82
118 86
118 91
118 92
118 93
118 96
118 100
118 102
118 103
118 104
118 105
118 106
118 108
118 113
118 115
118 116
118 118
118 119
118 120
118 122
118 124
119 2
119 7
119 11
119 12
119 18
119 20
119 24
119 30
119 31
119 32
119 35
119 40
119 43
119 47
119 51
119 52
119 58
119 66
119 67
119 68
119 69
119 70
119 76
119 79
119 86
119 92
119 97
119 98
119 100
119 101
119 103
119 104
119 112
119 113
119 114
119 118
119 119
119 124
119 126
120 0
120 9
120 15
120 21
120 30
120 35
120 38
120 43
120 44
120 48
120 50
120 52
120 59
120 60
120 62
120 66
120 70
120 73
120 76
120 80
120 83
120 89
120 99
120 103
120 109
120 110
120 112
120 113
120 122
121 6
121 7
121 8
121 9
121 14
121 16
121 21
121 24
121 25
121 31
121 36
121 37
121 39
121 45
121 46
121 47
121 49
121 53
121 56
121 57
121 59
121 60
121 67
121 73
121 75
121 77
121 79
121 80
121 86
121 90
121 92
121 95
121 96
121 97
121 101
121 105
121 106
121 110
121 111
121 115
121 118
121 119
121 120
121 122
121 125
122 1
122 3
122 6
122 9
122 11
122 13
122 15
122 19
122 22
122 26
122 32
122 33
122 34
122 44
122 49
122 55
122 58
122 61
122 78
122 80
122 81
122 84
122 92
122 98
122 107
122 115
122 121
123 0
123 4
123 8
123 9
123 11
123 13
123 16
123 22
123 23
123 37
123 38
123 48
123 50
123 55
123 59
123 68
123 69
123 72
123 73
123 78
123 81
123 87
123 91
123 95
123 98
123 111
123 114
123 115
123 116
123 121
124 1
124 2
124 3
124 5
124 11
124 12
124 13
124 19
124 20
124 21
124 22
124 25
124 26
124 30
124 31
124 38
124 44
124 45
124 52
124 57
124 61
124 62
124 64
124 69
124 71
124 82
124 83
124 86
124 90
124 95
124 101
124 102
124 113
124 116
124 117
124 118
124 120
124 121
124 123
124 124
125 1
125 4
125 13
125 17
125 19
125 26
125 31
125 33
125 37
125 38
125 43
125 49
125 50
125 53
125 55
125 58
125 63
125 64
125 66
125 67
125 69
125 71
125 74
125 80
125 83
125 84
125 87
125 88
125 90
125 93
125 95
125 97
125 98
125 104
125 107
125 112
125 121
125 125
125 126
125 127
126 3
126 8
126 9
126 10
126 24
126 25
126 26
126 29
126 30
126 31
126 32
126 33
126 34
126 35
126 38
126 39
126 42
126 43
126 46
126 51
126 52
126 54
126 55
126 56
126 62
126 63
126 69
126 70
126 75
126 84
126 97
126 105
126 111
126 114
126 118
126 119
126 121
126 125
126 126
127 0
127 1
127 3
127 6
127 8
127 11
127 19
127 21
127 23
127 34
127 39
127 40
127 45
127 53
127 55
127 62
127 64
127 65
127 75
127 77
127 79
127 81
127 88
127 91
127 95
127 102
127 106
127 110
127 112
127 114
127 116
127 121
127 124
127 126
127 127
