0 2
0 15
0 17
0 19
0 28
0 29
0 33
0 35
0 40
0 50
0 52
0 78
0 92
0 95
0 96
0 99
0 100
0 108
0 109
0 116
0 122
0 123
1 8
1 13
1 14
1 28
1 38
1 40
1 44
1 71
1 78
1 86
1 93
1 104
1 116
1 121
1 124
2 12
2 37
2 39
2 47
2 50
2 54
2 59
2 60
2 63
2 70
2 75
2 76
2 79
2 84
2 89
2 92
2 93
2 94
2 98
2 112
2 115
2 116
2 119
2 121
2 125
2 127
3 18
3 23
3 64
3 74
3 79
3 85
3 107
3 108
4 1
4 2
4 4
4 24
4 26
4 29
4 44
4 60
4 71
4 80
4 89
4 120
4 121
4 122
5 4
5 12
5 16
5 27
5 30
5 47
5 49
5 54
5 58
5 64
5 77
5 82
5 84
5 89
5 91
5 93
5 95
5 98
5 113
5 119
5 122
6 3
6 9
6 20
6 34
6 63
6 89
6 94
6 116
6 119
7 3
7 23
7 34
7 45
7 53
7 64
7 70
7 74
7 78
7 80
7 87
7 89
7 101
7 103
7 115
8 3
8 5
8 8
8 12
8 22
8 24
8 29
8 30
8 37
8 40
8 42
8 62
8 72
8 81
8 86
8 99
8 106
8 112
8 114
8 123
9 7
9 27
9 29
9 35
9 36
9 38
9 44
9 47
9 52
9 61
9 62
9 66
9 77
9 86
9 100
9 112
9 117
9 125
10 2
10 10
10 12
10 22
10 25
10 29
10 35
10 50
10 63
10 69
10 93
10 101
10 118
10 120
10 124
10 126
11 3
11 5
11 8
11 9
11 18
11 21
11 30
11 33
11 34
11 39
11 40
11 50
11 53
11 54
11 55
11 57
11 62
11 64
11 69
11 74
11 79
11 88
11 96
11 100
11 106
11 120
12 0
12 1
12 2
12 7
12 9
12 21
12 27
12 30
12 34
12 51
12 53
12 63
12 69
12 73
12 76
12 82
12 87
12 90
12 98
13 2
13 7
13 9
13 22
13 33
13 53
13 56
13 58
13 59
13 60
13 61
13 64
13 71
13 74
13 85
13 97
13 104
13 108
13 114
13 118
13 122
13 124
13 126
14 8
14 11
14 22
14 29
14 30
14 34
14 35
14 48
14 63
14 66
14 68
14 69
14 77
14 78
14 79
14 84
14 93
14 96
14 123
14 124
14 127
15 9
15 11
15 40
15 42
15 44
15 51
15 55
15 56
15 61
15 62
15 75
15 77
15 80
15 81
15 92
15 93
15 97
15 102
15 105
15 106
15 109
15 118
16 6
16 7
16 13
16 19
16 34
16 39
16 60
16 64
16 65
16 68
16 72
16 79
16 84
16 91
16 101
16 104
16 110
16 113
16 116
16 122
17 4
17 5
17 6
17 11
17 12
17 17
17 22
17 24
17 29
17 35
17 36
17 44
17 58
17 67
17 71
17 75
17 76
17 96
17 98
17 115
17 116
17 117
18 5
18 6
18 9
18 20
18 21
18 23
18 34
18 35
18 52
18 57
18 59
18 62
18 85
18 97
18 100
18 108
18 118
19 8
19 20
19 26
19 29
19 39
19 40
19 42
19 48
19 55
19 56
19 61
19 64
19 69
19 73
19 77
19 81
19 86
19 90
19 93
19 94
19 103
19 126
20 2
20 9
20 28
20 38
20 57
20 67
20 68
20 69
20 73
20 97
20 101
20 115
20 116
21 0
21 2
21 3
21 11
21 12
21 15
21 23
21 30
21 36
21 37
21 39
21 40
21 49
21 55
21 74
21 86
21 103
21 104
21 123
21 125
22 3
22 4
22 15
22 17
22 19
22 20
22 30
22 40
22 47
22 61
22 62
22 76
22 80
22 85
22 95
22 99
22 105
22 106
22 108
22 110
23 0
23 1
23 3
23 6
23 8
23 11
23 25
23 29
23 32
23 38
23 52
23 53
23 55
23 82
23 86
23 93
23 102
23 103
23 106
23 119
23 123
23 125
24 34
24 50
24 62
24 63
24 70
24 73
24 86
24 88
24 98
24 100
24 104
24 111
24 114
24 121
25 1
25 16
25 24
25 26
25 27
25 41
25 52
25 57
25 65
25 68
25 81
25 84
25 90
25 99
25 103
25 111
25 112
25 124
26 1
26 5
26 7
26 13
26 33
26 35
26 39
26 48
26 53
26 69
26 83
26 85
26 91
26 96
26 99
26 101
26 102
26 108
26 117
27 10
27 16
27 18
27 34
27 36
27 46
27 63
27 74
27 81
27 89
27 92
27 98
27 99
27 118
27 119
27 126
28 1
28 2
28 22
28 24
28 31
28 36
28 37
28 41
28 45
28 51
28 65
28 70
28 72
28 74
28 78
28 87
28 94
28 98
28 115
28 127
29 13
29 22
29 24
29 26
29 28
29 35
29 36
29 47
29 51
29 56
29 59
29 63
29 64
29 70
29 72
29 73
29 82
29 84
29 96
29 99
29 103
29 112
29 116
29 124
29 125
29 127
30 10
30 17
30 19
30 21
30 22
30 23
30 33
30 37
30 42
30 60
30 63
30 67
30 72
30 84
30 87
30 91
30 94
30 103
30 107
30 114
30 125
31 9
31 17
31 18
31 34
31 35
31 53
31 56
31 59
31 62
31 67
31 78
31 83
31 93
31 108
32 0
32 7
32 25
32 46
32 51
32 54
32 57
32 70
32 73
32 78
32 94
32 96
32 98
32 108
32 110
32 113
32 115
32 126
33 7
33 9
33 16
33 17
33 26
33 27
33 28
33 31
33 32
33 34
33 50
33 52
33 60
33 68
33 70
33 74
33 75
33 81
33 82
33 83
33 86
33 98
33 108
33 120
34 2
34 4
34 5
34 9
34 37
34 44
34 47
34 52
34 56
34 69
34 74
34 79
34 87
34 94
34 102
34 108
34 109
35 6
35 8
35 13
35 24
35 27
35 36
35 51
35 61
35 68
35 69
35 79
35 101
35 113
35 116
35 121
35 122
36 1
36 24
36 31
36 32
36 41
36 42
36 50
36 60
36 63
36 68
36 79
36 85
36 86
36 92
36 94
36 95
36 96
36 97
36 99
36 115
36 125
37 3
37 9
37 22
37 25
37 26
37 27
37 30
37 35
37 36
37 40
37 47
37 58
37 60
37 61
37 64
37 68
37 75
37 79
37 81
37 87
37 99
37 105
37 110
37 117
37 123
38 0
38 7
38 20
38 28
38 30
38 33
38 35
38 39
38 43
38 53
38 54
38 59
38 68
38 69
38 73
38 92
38 93
38 94
38 110
38 111
38 113
38 116
38 118
38 119
38 124
38 127
39 3
39 4
39 12
39 13
39 20
39 32
39 51
39 53
39 56
39 57
39 67
39 68
39 70
39 81
39 85
39 86
39 108
39 111
39 115
39 124
39 126
39 127
40 5
40 15
40 16
40 21
40 24
40 32
40 34
40 35
40 38
40 40
40 46
40 48
40 50
40 52
40 57
40 70
40 81
40 88
40 92
40 93
40 100
40 109
40 111
41 7
41 12
41 13
41 17
41 18
41 20
41 22
41 28
41 54
41 57
41 61
41 69
41 73
41 75
41 83
41 85
41 92
41 95
41 101
41 111
41 120
41 123
42 4
42 19
42 22
42 31
42 32
42 49
42 52
42 56
42 63
42 74
42 84
42 85
42 89
42 90
42 91
42 105
42 118
42 124
43 7
43 13
43 26
43 31
43 38
43 61
43 66
43 82
43 86
43 88
43 91
43 92
43 102
43 115
43 118
43 119
44 2
44 4
44 12
44 27
44 36
44 37
44 39
44 45
44 53
44 58
44 63
44 66
44 67
44 74
44 80
44 81
44 87
44 89
44 94
44 101
44 104
44 105
44 108
44 122
45 13
45 18
45 19
45 26
45 27
45 29
45 33
45 34
45 48
45 67
45 77
45 84
45 85
45 87
45 94
45 98
45 102
45 105
45 106
45 110
45 114
45 117
45 121
45 127
46 13
46 18
46 23
46 24
46 27
46 66
46 67
46 71
46 72
46 81
46 89
46 101
46 109
46 112
46 118
46 122
47 0
47 2
47 5
47 16
47 19
47 33
47 39
47 40
47 42
47 44
47 48
47 55
47 60
47 76
47 86
47 88
47 90
47 97
47 103
47 110
47 111
47 116
47 122
48 10
48 15
48 26
48 30
48 33
48 37
48 46
48 47
48 48
48 50
48 57
48 64
48 93
48 98
48 105
48 119
49 5
49 12
49 16
49 37
49 41
49 46
49 52
49 60
49 63
49 66
49 67
49 77
49 101
49 105
49 111
49 112
49 116
50 5
50 21
50 24
50 29
50 33
50 46
50 61
50 67
50 88
50 89
50 110
50 120
50 124
50 126
50 127
51 1
51 20
51 21
51 23
51 26
51 31
51 39
51 52
51 64
51 71
51 90
51 101
51 104
51 105
51 117
51 125
52 0
52 2
52 21
52 22
52 24
52 34
52 40
52 42
52 45
52 46
52 48
52 50
52 56
52 57
52 61
52 63
52 72
52 78
52 81
52 89
52 96
52 100
52 108
52 119
53 12
53 18
53 20
53 36
53 46
53 47
53 73
53 78
53 82
53 86
53 88
53 89
53 90
53 91
53 102
53 116
53 127
54 2
54 3
54 18
54 28
54 30
54 37
54 42
54 46
54 48
54 52
54 60
54 71
54 74
54 75
54 84
54 90
54 104
54 109
54 111
54 116
54 121
54 123
55 1
55 11
55 14
55 19
55 41
55 44
55 45
55 49
55 50
55 52
55 56
55 72
55 73
55 74
55 78
55 81
55 96
55 105
55 106
55 108
55 117
55 122
55 125
56 1
56 16
56 23
56 25
56 28
56 33
56 44
56 48
56 59
56 69
56 70
56 75
56 89
56 92
56 97
56 107
56 118
56 125
56 127
57 1
57 3
57 8
57 13
57 15
57 23
57 29
57 39
57 40
57 42
57 43
57 45
57 47
57 55
57 66
57 75
57 112
57 113
57 115
57 122
57 124
58 0
58 1
58 4
58 23
58 36
58 39
58 43
58 46
58 52
58 53
58 63
58 64
58 66
58 68
58 69
58 73
58 77
58 79
58 80
58 83
58 86
58 88
58 104
58 107
58 113
58 127
59 2
59 3
59 7
59 10
59 16
59 41
59 44
59 45
59 49
59 50
59 55
59 80
59 81
59 85
59 86
59 90
59 112
59 116
59 117
60 27
60 31
60 37
60 44
60 55
60 58
60 68
60 88
60 91
60 96
60 108
60 109
61 1
61 3
61 4
61 5
61 6
61 10
61 12
61 17
61 23
61 28
61 30
61 32
61 56
61 59
61 62
61 66
61 67
61 69
61 98
61 104
61 108
61 111
61 112
61 123
62 22
62 29
62 38
62 40
62 41
62 46
62 63
62 81
62 82
62 86
62 89
62 112
62 114
62 115
62 117
62 123
63 0
63 12
63 15
63 18
63 20
63 25
63 27
63 40
63 44
63 47
63 51
63 74
63 96
63 102
63 109
63 114
63 117
63 121
64 10
64 12
64 38
64 42
64 54
64 56
64 58
64 61
64 68
64 75
64 90
64 108
64 112
64 114
64 116
65 2
65 17
65 20
65 26
65 35
65 43
65 45
65 47
65 50
65 51
65 58
65 60
65 65
65 66
65 82
65 95
65 104
65 106
65 110
65 119
66 1
66 6
66 10
66 23
66 24
66 30
66 33
66 44
66 48
66 63
66 71
66 77
66 81
66 83
66 98
66 100
66 105
67 7
67 9
67 19
67 21
67 38
67 47
67 53
67 60
67 65
67 72
67 75
67 79
67 96
67 100
67 101
67 107
67 110
67 112
67 113
67 125
68 25
68 27
68 33
68 41
68 44
68 54
68 58
68 66
68 67
68 77
68 85
68 88
68 95
68 97
68 109
68 112
68 124
69 25
69 26
69 36
69 46
69 47
69 52
69 53
69 55
69 58
69 59
69 61
69 62
69 89
69 102
69 111
69 117
69 118
70 6
70 27
70 31
70 46
70 47
70 58
70 65
70 85
70 91
70 92
70 99
70 112
70 113
70 117
71 12
71 20
71 21
71 25
71 33
71 40
71 41
71 62
71 63
71 68
71 82
71 85
71 88
71 100
71 101
71 104
71 108
71 112
71 114
72 17
72 29
72 32
72 36
72 55
72 57
72 58
72 64
72 66
72 68
72 70
72 72
72 73
72 79
72 81
72 83
72 85
72 86
72 88
72 91
72 96
72 101
72 103
72 106
72 108
73 12
73 18
73 25
73 41
73 54
73 55
73 68
73 72
73 76
73 77
73 80
73 85
73 96
73 98
73 99
73 103
73 110
73 116
73 117
73 124
74 6
74 13
74 17
74 23
74 24
74 25
74 26
74 28
74 47
74 48
74 57
74 65
74 66
74 69
74 75
74 92
74 98
74 107
74 116
74 117
75 1
75 5
75 7
75 28
75 30
75 36
75 50
75 55
75 67
75 80
75 90
75 93
75 109
75 110
75 120
75 122
75 125
76 0
76 10
76 18
76 22
76 23
76 32
76 41
76 48
76 57
76 61
76 64
76 65
76 67
76 69
76 77
76 80
76 84
76 96
76 102
76 103
76 109
76 114
76 118
76 122
76 124
77 2
77 3
77 5
77 27
77 49
77 61
77 62
77 68
77 71
77 83
77 88
77 94
77 108
77 110
77 118
77 120
77 121
78 12
78 17
78 18
78 26
78 31
78 40
78 45
78 46
78 54
78 56
78 59
78 80
78 83
78 94
78 96
78 97
78 99
78 106
78 116
78 125
78 126
78 127
79 5
79 13
79 15
79 28
79 34
79 39
79 44
79 48
79 53
79 60
79 62
79 63
79 70
79 72
79 74
79 79
79 84
79 86
79 97
79 98
79 102
79 109
79 115
80 3
80 4
80 10
80 14
80 17
80 26
80 30
80 33
80 41
80 50
80 53
80 71
80 74
80 77
80 78
80 83
80 86
80 98
80 99
80 104
80 112
80 116
80 118
80 127
81 2
81 9
81 10
81 12
81 13
81 14
81 15
81 22
81 23
81 25
81 35
81 58
81 69
81 73
81 80
81 82
81 101
81 112
81 122
81 123
82 3
82 7
82 14
82 26
82 33
82 35
82 48
82 50
82 60
82 69
82 87
82 96
82 98
82 104
82 108
82 110
82 114
82 121
83 4
83 15
83 20
83 42
83 48
83 53
83 54
83 58
83 59
83 66
83 70
83 81
83 93
83 95
83 99
83 103
83 112
83 117
83 121
83 123
84 0
84 2
84 11
84 18
84 19
84 26
84 33
84 44
84 51
84 58
84 63
84 68
84 72
84 75
84 83
84 86
84 88
84 90
84 95
84 101
84 102
84 103
84 106
84 114
84 115
85 4
85 7
85 12
85 16
85 17
85 21
85 29
85 33
85 37
85 40
85 43
85 46
85 48
85 54
85 61
85 78
85 100
85 107
85 111
85 119
86 2
86 4
86 9
86 10
86 14
86 19
86 21
86 22
86 30
86 39
86 40
86 46
86 48
86 52
86 58
86 62
86 66
86 85
86 94
86 99
86 112
87 18
87 24
87 33
87 43
87 46
87 63
87 67
87 68
87 73
87 77
87 79
87 83
87 107
87 110
87 121
87 125
88 0
88 1
88 2
88 37
88 42
88 56
88 58
88 69
88 83
88 84
88 90
88 97
88 111
88 116
88 119
89 2
89 5
89 9
89 10
89 46
89 48
89 55
89 58
89 64
89 66
89 82
89 86
89 94
89 103
89 117
89 122
90 0
90 27
90 28
90 30
90 34
90 39
90 49
90 58
90 61
90 66
90 67
90 71
90 78
90 81
90 85
90 93
90 104
90 112
90 117
91 1
91 9
91 34
91 38
91 41
91 49
91 64
91 65
91 87
91 94
91 110
91 113
91 120
92 19
92 21
92 36
92 37
92 41
92 43
92 65
92 66
92 68
92 71
92 72
92 74
92 86
92 89
92 107
92 108
92 112
93 11
93 18
93 26
93 44
93 54
93 56
93 66
93 67
93 77
93 81
93 89
93 90
93 95
93 100
93 111
93 119
93 120
93 125
94 1
94 3
94 23
94 50
94 56
94 60
94 64
94 70
94 78
94 81
94 84
94 87
94 91
94 99
94 117
95 0
95 3
95 5
95 14
95 24
95 33
95 50
95 54
95 67
95 74
95 86
95 89
95 90
95 91
95 94
95 97
95 103
95 114
95 123
95 127
96 9
96 19
96 20
96 33
96 47
96 48
96 52
96 62
96 64
96 65
96 69
96 77
96 79
96 86
96 93
96 98
96 99
96 101
96 104
96 116
96 127
97 6
97 8
97 9
97 11
97 44
97 47
97 54
97 58
97 79
97 85
97 87
97 98
97 107
97 110
97 115
97 116
97 117
97 125
97 126
98 9
98 15
98 18
98 19
98 26
98 29
98 30
98 40
98 48
98 55
98 68
98 73
98 77
98 78
98 83
98 92
98 93
98 96
98 98
98 102
98 104
98 125
98 127
99 2
99 4
99 7
99 13
99 21
99 34
99 52
99 83
99 88
99 95
99 96
99 97
99 107
99 113
99 124
100 16
100 23
100 26
100 36
100 50
100 51
100 57
100 61
100 66
100 95
100 97
100 102
100 104
100 107
100 110
100 111
100 116
100 126
101 6
101 7
101 8
101 10
101 26
101 28
101 55
101 63
101 77
101 96
101 103
101 113
101 120
101 125
101 127
102 10
102 29
102 30
102 32
102 36
102 38
102 56
102 64
102 74
102 75
102 77
102 81
102 86
102 96
102 116
103 1
103 2
103 16
103 21
103 26
103 32
103 36
103 41
103 44
103 55
103 65
103 70
103 71
103 78
103 81
103 86
103 94
103 95
103 96
103 106
103 110
103 117
103 121
104 8
104 9
104 18
104 37
104 38
104 45
104 46
104 47
104 51
104 55
104 56
104 72
104 75
104 84
104 87
104 92
104 97
104 102
104 114
104 117
104 119
104 123
105 6
105 7
105 9
105 15
105 21
105 24
105 27
105 40
105 43
105 45
105 46
105 57
105 67
105 71
105 74
105 80
105 116
105 119
105 125
106 12
106 22
106 33
106 40
106 43
106 46
106 49
106 50
106 51
106 89
106 98
106 108
106 114
106 124
107 4
107 11
107 13
107 15
107 18
107 22
107 23
107 39
107 40
107 41
107 45
107 47
107 51
107 63
107 64
107 66
107 70
107 74
107 77
107 88
107 100
107 101
107 105
107 110
107 112
107 114
107 119
108 0
108 10
108 19
108 29
108 31
108 36
108 39
108 42
108 49
108 51
108 52
108 56
108 57
108 68
108 69
108 81
108 85
108 86
108 89
108 92
108 96
108 100
108 105
108 113
108 114
108 125
108 127
109 2
109 8
109 22
109 23
109 33
109 34
109 50
109 68
109 73
109 88
109 89
109 91
109 95
109 100
109 103
109 113
109 118
110 3
110 11
110 24
110 46
110 48
110 51
110 57
110 67
110 76
110 81
110 93
110 98
110 99
110 114
110 119
110 123
111 2
111 21
111 44
111 45
111 51
111 53
111 56
111 63
111 66
111 67
111 68
111 77
111 81
111 82
111 85
111 90
111 94
111 108
111 112
111 115
111 119
111 121
112 6
112 11
112 13
112 14
112 22
112 44
112 51
112 55
112 57
112 60
112 66
112 68
112 71
112 75
112 82
112 95
112 97
112 115
112 119
112 120
113 6
113 12
113 20
113 39
113 49
113 51
113 54
113 67
113 75
113 77
113 82
113 89
113 94
113 100
113 105
113 107
113 124
114 0
114 1
114 7
114 21
114 22
114 24
114 68
114 87
114 98
114 100
114 104
114 110
114 120
114 123
114 127
115 1
115 8
115 49
115 50
115 52
115 63
115 64
115 73
115 74
115 84
115 85
115 91
115 99
115 102
116 0
116 6
116 10
116 14
116 20
116 29
116 32
116 33
116 44
116 56
116 57
116 64
116 68
116 70
116 91
116 101
116 118
116 122
116 126
117 0
117 7
117 8
117 20
117 25
117 31
117 43
117 54
117 55
117 56
117 59
117 64
117 68
117 72
117 74
117 79
117 112
117 113
117 116
118 6
118 8
118 15
118 18
118 22
118 27
118 46
118 47
118 53
118 61
118 63
118 66
118 67
118 77
118 79
118 83
118 89
118 102
118 103
118 106
118 107
118 110
118 116
118 121
118 124
118 127
119 8
119 13
119 15
119 22
119 29
119 34
119 38
119 47
119 50
119 54
119 61
119 71
119 76
119 85
119 98
119 106
119 118
120 1
120 2
120 4
120 7
120 17
120 28
120 36
120 38
120 56
120 60
120 67
120 69
120 74
120 75
120 81
120 88
120 96
120 97
120 100
120 101
120 104
120 109
120 110
120 120
120 122
120 124
121 8
121 10
121 15
121 16
121 23
121 30
121 47
121 51
121 59
121 61
121 67
121 72
121 92
121 97
121 115
121 116
121 121
121 122
121 124
121 127
122 12
122 14
122 16
122 19
122 45
122 46
122 47
122 55
122 65
122 80
122 85
122 88
122 109
122 112
122 127
123 2
123 7
123 14
123 20
123 21
123 29
123 50
123 51
123 55
123 57
123 64
123 65
123 82
123 84
123 93
123 97
123 100
123 107
123 120
124 0
124 10
124 15
124 24
124 27
124 32
124 33
124 44
124 48
124 54
124 56
124 79
124 94
124 115
124 121
124 124
124 127
125 13
125 23
125 27
125 40
125 42
125 43
125 44
125 45
125 54
125 63
125 65
125 86
125 101
125 106
125 120
126 12
126 14
126 16
126 19
126 24
126 26
126 29
126 33
126 36
126 61
126 68
126 70
126 78
126 82
126 91
126 92
126 93
126 99
126 103
126 109
126 116
126 123
127 9
127 17
127 19
127 33
127 45
127 48
127 63
127 66
127 68
127 70
127 79
127 83
127 93
127 94
127 100
127 109
127 111
127 112
127 118
127 125
