0 0
0 2
0 5
0 19
0 21
0 25
0 37
0 42
0 43
0 50
0 63
0 64
0 66
0 70
0 71
0 72
0 83
0 91
0 97
0 98
0 99
0 111
0 116
0 119
1 6
1 12
1 13
1 16
1 17
1 23
1 29
1 31
1 34
1 43
1 44
1 45
1 47
1 48
1 51
1 55
1 57
1 67
1 68
1 70
1 79
1 81
1 82
1 83
1 89
1 91
1 97
1 104
1 117
1 120
1 121
1 124
2 2
2 4
2 7
2 13
2 15
2 21
2 22
2 27
2 30
2 32
2 33
2 34
2 37
2 38
2 39
2 40
2 48
2 49
2 52
2 55
2 58
2 63
2 67
2 68
2 71
2 84
2 88
2 92
2 93
2 100
2 102
2 103
2 104
2 120
2 124
2 125
3 7
3 11
3 13
3 25
3 32
3 35
3 54
3 68
3 74
3 76
3 78
3 79
3 87
3 90
3 95
3 101
3 106
3 109
3 111
4 4
4 8
4 24
4 28
4 32
4 35
4 51
4 56
4 60
4 64
4 66
4 70
4 71
4 75
4 76
4 77
4 81
4 87
4 96
4 104
4 115
4 120
4 124
5 0
5 1
5 3
5 5
5 12
5 14
5 15
5 20
5 22
5 23
5 29
5 32
5 37
5 38
5 49
5 54
5 55
5 56
5 57
5 66
5 71
5 75
5 76
5 93
5 106
5 111
5 120
5 123
6 0
6 4
6 6
6 8
6 20
6 23
6 24
6 29
6 33
6 35
6 40
6 49
6 52
6 58
6 60
6 61
6 68
6 69
6 76
6 77
6 78
6 79
6 80
6 82
6 86
6 91
6 109
6 110
6 112
6 119
7 15
7 16
7 27
7 28
7 37
7 39
7 57
7 60
7 62
7 66
7 68
7 74
7 87
7 90
7 97
7 99
7 103
7 104
7 117
7 118
7 123
8 4
8 11
8 12
8 22
8 34
8 40
8 43
8 45
8 52
8 55
8 63
8 67
8 73
8 77
8 82
8 84
8 85
8 86
8 98
8 109
8 114
8 122
9 3
9 6
9 8
9 13
9 14
9 21
9 32
9 36
9 51
9 59
9 60
9 62
9 76
9 82
9 90
9 98
9 101
9 114
9 115
9 119
9 120
9 121
9 127
10 0
10 2
10 5
10 14
10 22
10 29
10 31
10 43
10 46
10 47
10 51
10 53
10 62
10 68
10 70
10 79
10 84
10 91
10 92
10 96
10 97
10 98
10 104
10 110
10 115
10 116
11 0
11 4
11 6
11 7
11 8
11 13
11 14
11 15
11 18
11 25
11 30
11 38
11 49
11 50
11 61
11 70
11 71
11 74
11 75
11 82
11 88
11 94
11 96
11 99
11 101
11 102
11 104
11 127
12 0
12 30
12 33
12 34
12 36
12 40
12 42
12 53
12 58
12 64
12 65
12 72
12 80
12 86
12 90
12 92
12 93
12 99
12 104
12 111
13 2
13 5
13 6
13 12
13 33
13 37
13 43
13 49
13 51
13 54
13 56
13 58
13 62
13 65
13 80
13 84
13 88
13 93
13 94
13 102
13 119
13 122
13 124
13 125
14 6
14 7
14 12
14 13
14 15
14 16
14 19
14 21
14 27
14 32
14 36
14 43
14 52
14 53
14 63
14 64
14 66
14 67
14 75
14 76
14 78
14 79
14 86
14 94
14 95
14 96
14 100
14 117
14 119
14 121
14 122
14 123
14 127
15 4
15 7
15 8
15 13
15 24
15 28
15 45
15 46
15 53
15 55
15 60
15 65
15 66
15 69
15 75
15 78
15 83
15 86
15 92
15 95
15 97
15 103
15 104
15 120
15 123
16 3
16 11
16 13
16 14
16 16
16 20
16 22
16 27
16 31
16 36
16 41
16 48
16 65
16 74
16 76
16 80
16 83
16 85
16 87
16 88
16 90
16 92
16 93
16 94
16 97
16 104
16 107
16 113
16 116
16 117
16 118
16 119
16 125
17 3
17 7
17 17
17 18
17 21
17 22
17 28
17 30
17 34
17 56
17 60
17 73
17 78
17 81
17 86
17 99
17 106
17 107
17 108
17 121
17 122
17 125
17 126
18 4
18 7
18 12
18 16
18 17
18 23
18 26
18 30
18 32
18 42
18 47
18 50
18 53
18 56
18 60
18 64
18 77
18 85
18 90
18 98
18 103
18 104
18 107
18 110
18 111
18 119
18 120
18 121
19 5
19 6
19 10
19 26
19 28
19 33
19 36
19 37
19 46
19 47
19 50
19 51
19 56
19 58
19 62
19 63
19 70
19 74
19 80
19 81
19 88
19 94
19 114
19 123
20 11
20 19
20 23
20 34
20 37
20 44
20 51
20 58
20 62
20 64
20 69
20 80
20 83
20 88
20 93
20 101
20 106
20 109
20 111
20 114
20 117
20 118
20 119
21 0
21 1
21 2
21 6
21 8
21 11
21 12
21 18
21 29
21 38
21 42
21 44
21 48
21 50
21 51
21 55
21 67
21 76
21 79
21 99
21 110
21 116
21 119
21 122
21 124
22 4
22 12
22 19
22 32
22 37
22 46
22 50
22 56
22 69
22 71
22 74
22 76
22 84
22 87
22 90
22 93
22 96
22 103
22 125
22 127
23 0
23 1
23 3
23 5
23 11
23 18
23 20
23 21
23 32
23 39
23 45
23 46
23 47
23 51
23 56
23 59
23 76
23 81
23 83
23 84
23 86
23 93
23 94
23 98
23 103
23 108
23 109
23 110
23 114
23 115
23 126
24 2
24 12
24 14
24 23
24 26
24 30
24 54
24 67
24 79
24 80
24 87
24 88
24 100
24 101
24 102
24 104
24 105
24 107
25 1
25 3
25 10
25 18
25 25
25 28
25 32
25 37
25 40
25 43
25 66
25 67
25 69
25 71
25 76
25 79
25 81
25 105
25 108
25 110
25 111
25 112
25 125
26 14
26 39
26 47
26 51
26 52
26 58
26 61
26 65
26 67
26 77
26 79
26 81
26 89
26 91
26 92
26 94
26 98
26 103
26 105
26 112
26 115
26 117
26 119
26 120
26 123
26 125
27 9
27 10
27 11
27 19
27 20
27 23
27 27
27 29
27 31
27 32
27 34
27 38
27 42
27 46
27 53
27 55
27 60
27 66
27 70
27 72
27 76
27 78
27 82
27 103
27 105
27 108
27 119
27 120
28 0
28 3
28 15
28 16
28 17
28 24
28 25
28 29
28 38
28 56
28 63
28 67
28 76
28 80
28 83
28 88
28 96
28 98
28 99
28 106
28 111
28 112
28 119
28 126
29 1
29 3
29 9
29 13
29 21
29 23
29 27
29 49
29 54
29 80
29 81
29 84
29 86
29 88
29 89
29 96
29 98
29 112
29 114
29 118
29 123
29 125
30 0
30 2
30 4
30 14
30 22
30 25
30 37
30 42
30 44
30 45
30 46
30 50
30 52
30 53
30 55
30 59
30 63
30 72
30 74
30 81
30 84
30 87
30 88
30 89
30 90
30 101
30 102
30 103
30 113
30 115
30 121
30 124
31 7
31 13
31 24
31 26
31 32
31 34
31 39
31 43
31 49
31 56
31 58
31 71
31 72
31 73
31 76
31 87
31 91
31 107
31 110
31 113
31 117
32 15
32 22
32 24
32 31
32 37
32 45
32 53
32 57
32 63
32 71
32 77
32 79
32 85
32 87
32 89
32 90
32 97
32 114
32 119
32 122
32 124
33 4
33 6
33 15
33 20
33 21
33 22
33 30
33 31
33 34
33 44
33 51
33 52
33 63
33 64
33 66
33 76
33 85
33 91
33 94
33 102
33 104
33 110
33 113
33 115
33 116
33 120
33 125
34 5
34 15
34 18
34 19
34 24
34 31
34 46
34 54
34 56
34 58
34 59
34 74
34 76
34 78
34 83
34 91
34 94
34 101
34 102
34 105
34 115
34 119
34 120
35 8
35 10
35 11
35 14
35 15
35 16
35 17
35 28
35 30
35 33
35 36
35 41
35 42
35 45
35 46
35 50
35 51
35 53
35 56
35 70
35 71
35 73
35 77
35 79
35 83
35 86
35 93
35 96
35 97
35 101
35 103
35 110
35 113
35 117
36 7
36 9
36 18
36 20
36 24
36 25
36 26
36 29
36 30
36 38
36 49
36 55
36 63
36 65
36 67
36 74
36 79
36 89
36 94
36 105
36 107
36 124
37 1
37 3
37 5
37 9
37 13
37 16
37 20
37 31
37 33
37 40
37 41
37 44
37 47
37 48
37 57
37 70
37 72
37 74
37 87
37 90
37 95
37 101
37 103
37 108
37 112
37 113
37 126
38 1
38 3
38 7
38 15
38 16
38 24
38 27
38 29
38 31
38 34
38 36
38 44
38 48
38 51
38 56
38 58
38 65
38 73
38 75
38 82
38 85
38 89
38 96
38 98
38 105
38 106
38 113
38 120
38 125
39 2
39 7
39 8
39 13
39 15
39 17
39 25
39 26
39 30
39 34
39 40
39 42
39 46
39 70
39 76
39 82
39 90
39 111
39 112
39 115
39 116
39 118
39 120
40 8
40 11
40 12
40 13
40 16
40 28
40 34
40 41
40 43
40 48
40 50
40 53
40 63
40 71
40 73
40 79
40 82
40 85
40 98
40 101
40 103
40 109
40 112
40 113
40 117
40 121
40 126
41 2
41 4
41 15
41 23
41 24
41 25
41 28
41 32
41 33
41 48
41 55
41 56
41 59
41 62
41 63
41 69
41 70
41 80
41 82
41 85
41 86
41 87
41 92
41 93
41 107
41 116
41 117
41 119
41 124
41 126
42 13
42 19
42 20
42 22
42 24
42 26
42 32
42 36
42 41
42 51
42 58
42 63
42 67
42 98
42 105
42 110
42 114
42 118
42 121
43 2
43 11
43 12
43 17
43 25
43 27
43 31
43 41
43 50
43 51
43 62
43 63
43 73
43 77
43 78
43 86
43 88
43 90
43 91
43 94
43 95
43 108
43 109
43 110
43 113
43 118
43 122
43 126
44 4
44 18
44 20
44 23
44 25
44 26
44 31
44 35
44 36
44 39
44 44
44 45
44 53
44 55
44 58
44 62
44 70
44 75
44 77
44 80
44 82
44 85
44 86
44 89
44 95
44 97
44 100
44 101
44 104
44 108
44 121
44 122
44 126
44 127
45 3
45 5
45 8
45 12
45 21
45 26
45 27
45 28
45 29
45 30
45 32
45 40
45 41
45 44
45 46
45 54
45 57
45 60
45 62
45 65
45 69
45 71
45 74
45 75
45 77
45 80
45 82
45 83
45 84
45 85
45 88
45 99
45 100
45 105
45 106
45 107
45 112
45 121
45 122
45 126
46 0
46 3
46 5
46 11
46 12
46 16
46 19
46 29
46 32
46 34
46 39
46 53
46 57
46 59
46 69
46 76
46 77
46 95
46 96
46 107
46 108
46 116
47 1
47 6
47 10
47 14
47 17
47 23
47 30
47 31
47 52
47 53
47 57
47 59
47 63
47 66
47 82
47 92
47 93
47 99
47 103
47 112
47 118
47 125
47 126
48 5
48 6
48 8
48 10
48 11
48 13
48 18
48 19
48 23
48 24
48 25
48 32
48 34
48 37
48 39
48 51
48 53
48 58
48 60
48 74
48 75
48 78
48 79
48 83
48 84
48 91
48 93
48 96
48 115
48 116
48 124
49 8
49 10
49 13
49 15
49 17
49 20
49 21
49 25
49 26
49 34
49 41
49 42
49 45
49 53
49 57
49 64
49 65
49 66
49 75
49 76
49 78
49 80
49 88
49 92
49 100
49 102
49 107
49 109
49 111
49 112
49 114
49 118
49 125
50 2
50 5
50 9
50 12
50 22
50 27
50 31
50 44
50 45
50 49
50 51
50 52
50 55
50 57
50 59
50 66
50 82
50 85
50 88
50 90
50 104
50 112
50 115
50 117
50 119
50 121
51 1
51 3
51 5
51 45
51 56
51 57
51 59
51 65
51 67
51 72
51 80
51 83
51 92
51 101
51 114
51 117
51 122
51 124
52 2
52 4
52 8
52 15
52 16
52 17
52 21
52 37
52 38
52 45
52 47
52 56
52 66
52 68
52 76
52 78
52 79
52 88
52 103
52 104
52 110
52 113
52 115
52 116
53 4
53 5
53 25
53 28
53 33
53 36
53 37
53 38
53 45
53 55
53 59
53 72
53 74
53 76
53 77
53 78
53 83
53 85
53 93
53 94
53 95
53 96
53 106
53 114
53 121
53 124
54 6
54 7
54 9
54 19
54 26
54 35
54 46
54 53
54 55
54 58
54 63
54 69
54 78
54 82
54 85
54 91
54 93
54 114
54 118
55 1
55 10
55 13
55 14
55 15
55 21
55 26
55 27
55 30
55 33
55 34
55 36
55 41
55 48
55 50
55 52
55 53
55 57
55 58
55 61
55 63
55 68
55 69
55 79
55 84
55 85
55 100
55 106
55 115
55 123
56 0
56 4
56 6
56 7
56 13
56 16
56 18
56 23
56 24
56 28
56 31
56 34
56 35
56 48
56 50
56 51
56 54
56 63
56 65
56 70
56 71
56 76
56 81
56 84
56 85
56 88
56 94
56 97
56 101
56 102
56 107
56 111
56 119
56 120
56 124
56 127
57 0
57 5
57 13
57 14
57 17
57 24
57 34
57 40
57 50
57 52
57 56
57 64
57 71
57 72
57 74
57 85
57 88
57 104
57 113
57 117
58 13
58 18
58 21
58 28
58 37
58 44
58 52
58 55
58 59
58 61
58 62
58 64
58 76
58 77
58 81
58 87
58 89
58 92
58 98
58 100
58 104
58 111
58 113
58 120
58 124
58 125
59 0
59 1
59 2
59 7
59 11
59 12
59 13
59 16
59 23
59 25
59 31
59 37
59 38
59 42
59 47
59 48
59 51
59 52
59 54
59 61
59 66
59 70
59 71
59 86
59 108
59 112
59 116
59 120
59 122
59 123
59 124
59 125
59 127
60 7
60 8
60 11
60 16
60 17
60 18
60 26
60 27
60 29
60 31
60 40
60 41
60 49
60 50
60 52
60 54
60 56
60 66
60 73
60 75
60 77
60 85
60 93
60 94
60 96
60 99
60 105
60 115
60 116
60 119
60 122
60 123
60 124
61 7
61 17
61 32
61 36
61 37
61 40
61 43
61 46
61 55
61 69
61 72
61 80
61 83
61 95
61 96
61 106
61 107
61 111
61 113
61 125
61 127
62 0
62 3
62 11
62 12
62 14
62 16
62 21
62 24
62 26
62 41
62 48
62 51
62 59
62 61
62 63
62 77
62 78
62 79
62 83
62 85
62 89
62 105
62 109
62 116
63 2
63 5
63 17
63 20
63 28
63 30
63 37
63 40
63 41
63 43
63 44
63 45
63 57
63 58
63 64
63 66
63 73
63 81
63 91
63 94
63 101
63 109
63 110
63 113
63 114
64 6
64 21
64 24
64 30
64 31
64 40
64 50
64 51
64 57
64 58
64 63
64 66
64 67
64 69
64 74
64 78
64 88
64 90
64 97
64 100
64 101
64 109
64 113
64 116
65 2
65 3
65 10
65 11
65 14
65 15
65 21
65 23
65 34
65 37
65 38
65 39
65 50
65 51
65 53
65 61
65 64
65 67
65 70
65 71
65 72
65 79
65 83
65 84
65 85
65 87
65 90
65 98
65 104
65 111
65 122
65 124
65 125
66 1
66 8
66 19
66 20
66 25
66 26
66 29
66 37
66 41
66 57
66 59
66 64
66 66
66 72
66 81
66 91
66 98
66 105
66 109
66 112
66 118
66 120
66 124
67 4
67 6
67 7
67 11
67 17
67 21
67 34
67 36
67 38
67 39
67 41
67 48
67 63
67 69
67 72
67 90
67 95
67 105
67 108
67 121
68 4
68 5
68 6
68 9
68 10
68 11
68 17
68 23
68 28
68 45
68 58
68 71
68 75
68 77
68 78
68 79
68 83
68 84
68 98
68 99
68 103
68 105
68 108
68 111
68 112
68 117
68 127
69 5
69 16
69 19
69 32
69 36
69 40
69 43
69 53
69 60
69 75
69 81
69 85
69 91
69 97
69 101
69 102
69 104
69 106
69 109
69 110
69 119
69 120
69 126
69 127
70 0
70 1
70 7
70 8
70 11
70 23
70 27
70 29
70 30
70 38
70 42
70 83
70 85
70 88
70 92
70 94
70 96
70 102
70 105
70 106
70 123
71 2
71 4
71 7
71 8
71 16
71 30
71 33
71 53
71 54
71 55
71 59
71 62
71 73
71 74
71 79
71 90
71 101
71 102
71 107
71 111
71 112
71 123
72 4
72 11
72 15
72 16
72 18
72 23
72 34
72 42
72 45
72 50
72 52
72 55
72 57
72 62
72 64
72 65
72 79
72 85
72 86
72 90
72 94
72 95
72 98
72 99
72 112
72 116
72 119
72 120
72 122
73 0
73 2
73 7
73 16
73 17
73 25
73 32
73 33
73 35
73 48
73 78
73 79
73 83
73 84
73 94
73 104
73 119
73 123
73 124
74 10
74 18
74 20
74 24
74 32
74 42
74 46
74 48
74 51
74 52
74 60
74 69
74 74
74 76
74 77
74 80
74 83
74 87
74 104
74 112
74 114
74 115
74 116
74 126
75 1
75 2
75 5
75 8
75 11
75 13
75 22
75 23
75 27
75 29
75 30
75 34
75 38
75 40
75 48
75 53
75 65
75 69
75 78
75 80
75 84
75 86
75 87
75 88
75 97
75 103
75 115
75 120
75 122
75 127
76 3
76 13
76 20
76 23
76 24
76 26
76 29
76 30
76 38
76 39
76 46
76 48
76 49
76 54
76 57
76 67
76 83
76 84
76 86
76 95
76 106
76 111
76 112
76 123
76 125
77 9
77 11
77 20
77 28
77 29
77 31
77 37
77 38
77 58
77 65
77 76
77 80
77 82
77 84
77 86
77 91
77 92
77 95
77 97
77 100
77 108
77 113
77 116
78 2
78 3
78 10
78 16
78 19
78 24
78 30
78 31
78 33
78 43
78 44
78 52
78 54
78 63
78 65
78 69
78 75
78 79
78 96
78 99
78 101
78 102
78 107
78 109
78 111
78 112
78 115
79 1
79 6
79 12
79 14
79 26
79 29
79 33
79 38
79 40
79 42
79 58
79 70
79 73
79 79
79 80
79 86
79 91
79 93
79 96
79 113
79 115
79 120
79 123
79 124
79 125
79 126
80 1
80 3
80 5
80 10
80 16
80 21
80 23
80 24
80 29
80 37
80 39
80 41
80 47
80 49
80 50
80 56
80 57
80 62
80 66
80 71
80 78
80 80
80 82
80 105
80 116
80 117
80 118
80 119
81 6
81 15
81 21
81 25
81 37
81 51
81 58
81 59
81 61
81 63
81 68
81 70
81 76
81 78
81 79
81 83
81 92
81 99
81 107
81 115
81 119
82 0
82 10
82 11
82 20
82 21
82 23
82 27
82 38
82 40
82 60
82 74
82 75
82 76
82 80
82 92
82 103
82 108
82 114
82 115
82 122
83 3
83 5
83 7
83 10
83 11
83 14
83 17
83 21
83 28
83 34
83 37
83 43
83 57
83 68
83 83
83 86
83 95
83 97
83 100
83 106
83 108
83 116
83 119
83 124
84 9
84 16
84 18
84 25
84 26
84 32
84 37
84 61
84 63
84 66
84 71
84 79
84 82
84 87
84 92
84 98
84 108
84 114
84 115
84 116
84 121
84 122
84 123
85 2
85 14
85 25
85 30
85 41
85 48
85 49
85 61
85 70
85 74
85 77
85 90
85 101
85 105
85 112
85 121
86 5
86 6
86 7
86 9
86 12
86 16
86 26
86 29
86 30
86 33
86 36
86 46
86 49
86 50
86 52
86 60
86 62
86 65
86 66
86 76
86 77
86 80
86 81
86 82
86 84
86 86
86 91
86 103
86 116
86 121
87 2
87 4
87 5
87 7
87 8
87 17
87 26
87 33
87 36
87 37
87 40
87 52
87 55
87 57
87 65
87 69
87 98
87 100
87 102
87 107
87 117
87 126
88 4
88 5
88 6
88 10
88 15
88 18
88 20
88 25
88 33
88 38
88 41
88 42
88 44
88 46
88 47
88 49
88 51
88 58
88 61
88 65
88 73
88 75
88 90
88 101
88 103
88 105
88 106
88 115
88 121
89 5
89 7
89 11
89 12
89 14
89 21
89 28
89 36
89 43
89 44
89 52
89 55
89 56
89 61
89 62
89 69
89 82
89 93
89 95
89 114
89 115
89 117
89 126
89 127
90 0
90 17
90 31
90 32
90 40
90 51
90 52
90 55
90 58
90 59
90 74
90 75
90 78
90 79
90 85
90 95
90 100
90 102
90 108
90 110
90 113
90 127
91 0
91 4
91 13
91 17
91 19
91 21
91 24
91 34
91 45
91 50
91 63
91 69
91 70
91 71
91 74
91 75
91 77
91 80
91 85
91 88
91 92
91 99
91 103
91 104
91 117
91 118
91 120
91 122
92 6
92 11
92 12
92 13
92 21
92 25
92 27
92 30
92 31
92 33
92 34
92 51
92 61
92 72
92 73
92 88
92 92
92 96
92 97
92 103
92 111
92 118
92 127
93 2
93 10
93 18
93 19
93 32
93 43
93 44
93 59
93 62
93 67
93 68
93 80
93 90
93 92
93 104
93 112
93 116
93 120
93 122
93 126
93 127
94 11
94 12
94 23
94 34
94 38
94 40
94 46
94 51
94 56
94 57
94 58
94 59
94 67
94 75
94 83
94 88
94 94
94 96
94 100
94 103
94 105
94 110
95 10
95 18
95 24
95 32
95 49
95 52
95 63
95 67
95 72
95 74
95 75
95 78
95 85
95 90
95 102
95 106
95 107
95 116
95 121
95 127
96 7
96 18
96 22
96 25
96 26
96 28
96 38
96 40
96 49
96 51
96 55
96 66
96 67
96 68
96 75
96 80
96 83
96 84
96 86
96 89
96 93
96 102
96 115
96 125
97 8
97 26
97 46
97 51
97 54
97 64
97 69
97 70
97 76
97 79
97 81
97 84
97 94
97 95
97 103
97 105
97 108
97 114
97 119
97 124
97 126
98 11
98 18
98 29
98 34
98 55
98 57
98 66
98 72
98 75
98 83
98 84
98 95
98 96
98 101
98 106
98 107
98 113
98 114
98 122
98 125
98 126
99 3
99 7
99 8
99 9
99 11
99 19
99 20
99 22
99 23
99 25
99 26
99 37
99 43
99 44
99 46
99 48
99 52
99 56
99 59
99 60
99 65
99 74
99 82
99 86
99 94
99 96
99 100
99 111
99 115
99 116
99 125
99 126
100 12
100 14
100 19
100 27
100 31
100 33
100 38
100 40
100 44
100 56
100 59
100 72
100 73
100 75
100 77
100 82
100 84
100 85
100 86
100 95
100 100
100 103
100 105
100 108
100 111
100 125
100 126
101 6
101 7
101 9
101 11
101 12
101 14
101 16
101 21
101 22
101 29
101 37
101 44
101 47
101 48
101 50
101 52
101 53
101 56
101 65
101 70
101 71
101 73
101 80
101 82
101 86
101 87
101 92
101 96
101 100
101 102
101 107
101 110
101 111
101 115
101 120
101 123
101 124
101 126
102 5
102 19
102 23
102 28
102 33
102 35
102 36
102 40
102 49
102 58
102 59
102 64
102 69
102 76
102 78
102 79
102 82
102 83
102 86
102 90
102 91
102 99
102 104
102 110
102 111
102 116
102 119
102 123
103 0
103 7
103 9
103 14
103 15
103 17
103 25
103 26
103 27
103 29
103 30
103 41
103 42
103 45
103 57
103 58
103 74
103 77
103 82
103 97
103 101
103 103
103 104
103 109
103 114
103 115
103 122
104 4
104 7
104 8
104 13
104 23
104 31
104 33
104 34
104 36
104 40
104 55
104 57
104 64
104 66
104 68
104 71
104 73
104 74
104 75
104 76
104 77
104 79
104 82
104 84
104 85
104 88
104 94
104 95
104 98
104 100
104 107
104 109
104 114
104 123
104 126
105 5
105 10
105 13
105 15
105 29
105 37
105 41
105 44
105 46
105 48
105 53
105 55
105 58
105 61
105 62
105 66
105 68
105 72
105 82
105 87
105 95
105 101
105 109
105 121
105 126
106 11
106 12
106 13
106 18
106 27
106 35
106 36
106 40
106 43
106 52
106 57
106 59
106 60
106 69
106 77
106 80
106 87
106 97
106 100
106 117
106 121
106 127
107 7
107 14
107 18
107 22
107 23
107 28
107 30
107 35
107 47
107 48
107 52
107 63
107 69
107 70
107 75
107 77
107 82
107 83
107 86
107 101
107 106
107 116
107 117
107 121
108 7
108 11
108 15
108 18
108 21
108 22
108 30
108 32
108 33
108 41
108 45
108 48
108 53
108 54
108 56
108 67
108 78
108 89
108 95
108 98
108 99
108 104
108 108
108 109
108 110
108 111
108 113
108 120
108 124
108 125
108 127
109 0
109 1
109 3
109 14
109 19
109 22
109 30
109 42
109 53
109 68
109 79
109 86
109 92
109 97
109 102
109 103
109 108
109 111
109 113
109 117
109 120
109 121
110 1
110 2
110 5
110 8
110 14
110 15
110 17
110 20
110 21
110 28
110 32
110 37
110 39
110 44
110 49
110 63
110 70
110 82
110 83
110 86
110 87
110 90
110 93
110 110
110 111
110 112
110 113
110 116
110 122
110 123
111 4
111 15
111 18
111 20
111 22
111 32
111 37
111 46
111 47
111 51
111 65
111 66
111 71
111 75
111 77
111 78
111 92
111 93
111 94
111 97
111 101
112 6
112 11
112 19
112 27
112 31
112 33
112 42
112 51
112 52
112 56
112 57
112 58
112 65
112 73
112 82
112 91
112 93
112 99
112 104
112 109
112 113
112 118
112 122
112 125
113 0
113 2
113 6
113 7
113 9
113 10
113 16
113 19
113 34
113 43
113 44
113 48
113 49
113 51
113 52
113 57
113 58
113 61
113 64
113 66
113 71
113 73
113 78
113 80
113 84
113 87
113 90
113 93
113 95
113 106
113 111
113 112
113 118
113 119
113 121
113 125
114 3
114 11
114 22
114 24
114 31
114 35
114 37
114 39
114 52
114 54
114 62
114 65
114 69
114 70
114 75
114 76
114 78
114 81
114 84
114 86
114 89
114 121
114 122
114 123
115 0
115 1
115 4
115 15
115 22
115 26
115 28
115 32
115 46
115 47
115 54
115 61
115 67
115 71
115 72
115 79
115 81
115 90
115 91
115 94
115 98
115 101
115 102
115 104
115 106
115 107
115 114
115 119
115 122
115 123
115 127
116 1
116 19
116 34
116 35
116 37
116 41
116 44
116 48
116 50
116 52
116 53
116 55
116 67
116 69
116 70
116 73
116 75
116 86
116 98
116 104
116 109
116 112
116 118
116 119
116 123
117 8
117 20
117 28
117 31
117 36
117 39
117 48
117 50
117 54
117 56
117 59
117 60
117 61
117 76
117 86
117 92
117 93
117 95
117 98
117 99
117 100
117 103
117 105
117 110
117 113
117 117
117 125
118 0
118 5
118 11
118 13
118 19
118 23
118 31
118 48
118 58
118 62
118 64
118 69
118 71
118 81
118 88
118 91
118 103
118 113
118 115
119 5
119 6
119 15
119 17
119 20
119 21
119 23
119 24
119 27
119 34
119 41
119 44
119 46
119 51
119 52
119 54
119 62
119 66
119 67
119 76
119 78
119 85
119 87
119 89
119 90
119 94
119 100
119 122
120 7
120 19
120 30
120 34
120 36
120 40
120 46
120 53
120 54
120 55
120 56
120 75
120 80
120 82
120 83
120 87
120 88
120 89
120 91
120 92
120 97
120 110
120 124
121 1
121 2
121 4
121 9
121 17
121 18
121 25
121 31
121 34
121 39
121 49
121 57
121 69
121 72
121 73
121 74
121 78
121 80
121 91
121 92
121 95
121 103
121 106
121 107
121 111
121 114
121 120
121 124
122 2
122 11
122 13
122 22
122 25
122 30
122 31
122 33
122 35
122 43
122 52
122 54
122 56
122 65
122 69
122 74
122 78
122 80
122 86
122 90
122 103
122 109
122 112
122 122
122 123
122 124
122 127
123 14
123 20
123 21
123 24
123 26
123 29
123 32
123 33
123 43
123 52
123 54
123 62
123 65
123 72
123 75
123 77
123 90
123 102
123 104
123 111
123 112
123 117
123 126
124 2
124 9
124 11
124 24
124 35
124 41
124 55
124 59
124 72
124 85
124 87
124 93
124 95
124 99
124 111
124 113
124 117
124 118
124 120
124 123
125 4
125 13
125 15
125 23
125 25
125 31
125 35
125 41
125 43
125 49
125 55
125 61
125 63
125 72
125 73
125 75
125 79
125 80
125 85
125 88
125 96
125 100
125 101
125 103
125 104
125 108
125 110
125 112
125 118
125 124
126 6
126 7
126 18
126 24
126 26
126 31
126 38
126 42
126 45
126 51
126 57
126 72
126 73
126 74
126 82
126 83
126 84
126 85
126 100
126 104
126 109
126 112
126 116
126 123
126 125
127 3
127 4
127 19
127 21
127 22
127 23
127 25
127 35
127 42
127 49
127 52
127 53
127 74
127 97
127 100
127 103
127 109
127 114
127 126
