0 4
0 10
0 12
0 22
0 25
0 30
0 56
0 65
0 84
0 89
0 93
0 95
0 106
0 114
0 119
1 2
1 6
1 7
1 20
1 34
1 46
1 76
1 84
1 86
1 98
1 107
1 108
1 113
1 116
1 122
1 123
2 21
2 51
2 72
2 75
2 94
2 97
2 110
2 112
2 116
2 124
3 8
3 15
3 21
3 32
3 36
3 44
3 70
3 78
3 103
3 106
3 110
3 124
4 18
4 27
4 35
4 36
4 44
4 50
4 53
4 64
4 67
4 79
4 93
4 127
5 0
5 4
5 16
5 30
5 36
5 90
5 110
5 111
5 116
5 126
6 8
6 10
6 14
6 16
6 38
6 67
6 74
6 83
6 87
6 99
6 105
6 116
6 119
6 126
7 10
7 17
7 20
7 50
7 55
7 59
7 89
7 90
7 103
7 121
8 8
8 14
8 18
8 25
8 29
8 35
8 43
8 44
8 51
8 52
8 70
8 74
8 85
8 88
8 89
8 98
8 122
9 11
9 16
9 22
9 33
9 36
9 55
9 67
9 71
9 79
9 82
9 85
9 100
9 114
10 0
10 2
10 16
10 53
10 57
10 66
10 88
10 100
10 108
11 4
11 14
11 16
11 29
11 35
11 40
11 43
11 44
11 45
11 54
11 73
11 81
11 88
11 94
11 101
11 109
11 111
12 29
12 32
12 36
12 48
12 54
12 66
12 82
12 85
12 90
12 96
12 107
12 115
12 117
12 118
12 127
13 15
13 33
13 44
13 54
13 74
13 76
13 77
13 100
13 120
14 1
14 3
14 5
14 15
14 21
14 24
14 34
14 62
14 64
14 66
14 87
14 95
14 104
14 111
15 2
15 7
15 24
15 33
15 34
15 37
15 43
15 44
15 54
15 63
15 71
15 72
15 73
15 75
15 76
15 84
15 87
15 89
15 103
15 104
15 122
16 5
16 16
16 27
16 85
16 87
16 94
16 97
16 103
16 121
16 126
17 3
17 10
17 11
17 16
17 20
17 35
17 38
17 53
17 60
17 64
17 70
17 74
17 76
17 79
17 88
17 89
17 93
18 15
18 35
18 41
18 57
18 59
18 65
18 71
18 84
18 90
18 94
18 99
18 107
18 115
18 123
19 27
19 32
19 42
19 46
19 50
19 53
19 75
19 76
19 96
19 123
20 4
20 34
20 35
20 47
20 50
20 60
20 61
20 63
20 91
20 95
20 108
20 116
20 118
21 1
21 20
21 23
21 32
21 35
21 41
21 62
21 70
21 89
21 97
21 102
21 110
21 115
21 127
22 9
22 11
22 13
22 26
22 28
22 31
22 44
22 53
22 72
22 82
22 83
22 90
22 101
22 107
22 111
22 118
22 122
22 125
23 1
23 32
23 45
23 49
23 52
23 57
23 70
23 77
23 79
23 80
23 87
23 88
23 89
23 98
23 117
24 30
24 45
24 62
24 67
24 68
24 76
24 77
24 84
24 88
24 91
24 100
24 104
24 109
25 3
25 8
25 14
25 28
25 45
25 58
25 60
25 106
26 32
26 33
26 34
26 35
26 45
26 53
26 55
26 59
26 73
26 75
26 79
26 87
26 101
26 115
27 0
27 7
27 8
27 17
27 33
27 40
27 46
27 91
27 94
27 97
27 101
27 114
27 125
28 11
28 28
28 41
28 57
28 69
28 87
28 94
28 103
28 105
28 112
28 115
28 125
29 16
29 20
29 23
29 55
29 67
29 81
29 88
29 99
29 122
30 4
30 14
30 25
30 28
30 31
30 36
30 39
30 71
30 74
30 82
30 86
30 102
30 117
30 124
31 0
31 3
31 10
31 23
31 25
31 42
31 73
31 90
31 91
31 95
31 112
31 123
32 5
32 12
32 16
32 28
32 29
32 40
32 49
32 53
32 55
32 73
32 87
32 101
32 118
33 10
33 16
33 35
33 61
33 65
33 69
33 80
33 103
33 105
33 120
34 8
34 11
34 13
34 31
34 62
34 79
34 99
34 119
35 27
35 36
35 80
35 82
35 86
35 88
35 127
36 8
36 20
36 25
36 29
36 52
36 74
36 80
36 83
36 88
36 98
36 103
37 8
37 9
37 29
37 31
37 33
37 36
37 41
37 57
37 59
37 72
37 84
37 87
37 90
37 101
37 110
38 13
38 66
38 81
38 94
38 97
38 99
38 109
38 113
38 117
38 118
39 7
39 11
39 23
39 44
39 49
39 66
39 68
39 82
39 99
39 110
39 113
39 116
39 121
40 6
40 39
40 43
40 50
40 63
40 68
40 77
40 83
40 90
40 115
40 124
40 126
41 12
41 33
41 70
41 79
41 81
41 99
41 111
41 119
41 120
42 8
42 23
42 32
42 37
42 41
42 45
42 72
42 76
42 108
43 1
43 9
43 15
43 20
43 27
43 34
43 35
43 40
43 45
43 51
43 52
43 83
43 84
43 105
43 107
44 0
44 6
44 12
44 45
44 62
44 68
44 71
44 72
44 75
44 77
44 88
44 113
44 125
44 127
45 9
45 25
45 39
45 60
45 77
45 94
45 99
45 110
46 3
46 7
46 13
46 23
46 28
46 36
46 70
46 71
46 76
46 84
46 92
46 100
46 117
46 118
46 120
47 2
47 9
47 17
47 20
47 25
47 27
47 48
47 62
47 67
47 78
47 91
47 92
47 104
47 117
47 122
47 123
47 125
48 0
48 7
48 38
48 50
48 63
48 67
48 70
48 79
48 91
48 92
48 99
48 109
48 111
48 115
48 121
49 32
49 54
49 68
49 80
49 93
49 97
49 103
49 118
49 125
49 127
50 7
50 10
50 21
50 26
50 62
50 63
50 74
50 85
50 89
50 91
50 92
50 126
51 14
51 33
51 34
51 44
51 47
51 70
51 73
51 77
51 81
51 90
51 92
51 93
51 99
51 116
51 118
51 121
52 12
52 46
52 50
52 51
52 53
52 57
52 58
52 68
52 69
52 82
52 84
52 102
52 108
52 115
52 122
53 9
53 12
53 27
53 31
53 37
53 41
53 44
53 49
53 79
53 94
53 119
54 4
54 21
54 40
54 44
54 49
54 52
54 54
54 63
54 69
54 77
54 84
54 85
54 98
54 110
54 112
54 115
54 121
54 123
54 125
55 7
55 28
55 36
55 40
55 42
55 44
55 58
55 59
55 62
55 86
55 88
55 94
55 97
55 100
55 127
56 7
56 22
56 35
56 61
56 63
56 81
56 97
56 113
56 118
56 120
57 37
57 56
57 62
57 67
57 83
57 92
57 93
57 104
57 111
57 125
58 0
58 20
58 33
58 40
58 63
58 64
58 72
58 94
58 110
58 112
59 18
59 22
59 42
59 46
59 55
59 56
59 63
59 86
59 99
59 113
59 114
59 120
60 5
60 7
60 9
60 32
60 41
60 50
60 55
60 60
60 87
60 90
60 91
60 93
60 100
60 110
60 116
60 118
61 7
61 8
61 10
61 15
61 20
61 36
61 60
61 77
61 81
61 87
61 91
61 94
61 103
61 106
61 108
61 121
62 9
62 14
62 16
62 18
62 22
62 41
62 57
62 80
62 83
62 93
62 102
62 107
62 108
62 115
62 118
62 127
63 5
63 6
63 14
63 28
63 29
63 30
63 33
63 36
63 38
63 55
63 60
63 73
63 77
63 82
63 88
63 90
63 116
64 1
64 16
64 19
64 30
64 38
64 53
64 63
64 68
64 69
64 92
64 99
64 104
65 0
65 10
65 15
65 20
65 43
65 65
65 67
65 90
65 99
65 100
65 110
66 7
66 13
66 14
66 17
66 26
66 27
66 34
66 50
66 54
66 59
66 63
66 91
66 102
66 114
66 119
66 126
67 1
67 5
67 17
67 29
67 54
67 58
67 69
67 72
67 76
67 84
67 118
67 120
68 10
68 11
68 23
68 31
68 37
68 39
68 47
68 56
68 63
68 73
68 87
68 104
68 107
68 110
68 116
69 1
69 21
69 27
69 37
69 45
69 48
69 60
69 71
69 103
69 117
69 120
69 127
70 22
70 66
70 80
70 81
70 91
70 102
70 103
70 108
70 111
70 124
71 12
71 16
71 38
71 58
71 60
71 91
71 105
71 118
72 52
72 60
72 61
72 62
72 63
72 64
72 65
72 85
72 87
72 101
72 113
72 118
73 11
73 19
73 32
73 39
73 45
73 46
73 58
73 64
73 71
73 75
73 76
73 90
73 103
73 114
73 118
73 121
73 124
74 2
74 12
74 30
74 31
74 37
74 48
74 52
74 53
74 66
74 93
74 94
74 117
75 24
75 31
75 52
75 53
75 68
75 90
75 91
75 92
75 98
75 108
75 120
75 123
75 124
76 4
76 8
76 23
76 27
76 28
76 41
76 47
76 49
76 60
76 92
76 97
76 104
76 110
76 115
76 118
76 120
77 26
77 35
77 52
77 61
77 68
77 72
77 95
77 106
77 111
77 125
78 3
78 5
78 8
78 9
78 25
78 29
78 30
78 32
78 46
78 76
78 81
78 89
78 95
78 98
78 115
78 119
79 3
79 6
79 10
79 36
79 60
79 65
79 74
79 81
79 108
79 112
79 114
79 115
79 122
79 126
80 10
80 18
80 22
80 28
80 36
80 38
80 81
80 104
80 117
80 126
81 10
81 26
81 29
81 32
81 33
81 49
81 55
81 108
82 5
82 10
82 18
82 22
82 26
82 39
82 43
82 49
82 51
82 52
82 55
82 70
82 81
82 83
82 90
82 109
82 113
82 119
82 120
82 123
82 127
83 0
83 25
83 42
83 45
83 56
83 59
83 68
83 88
83 105
83 109
83 112
83 119
84 4
84 17
84 29
84 38
84 39
84 43
84 55
84 58
84 74
84 83
84 87
84 91
84 118
84 119
85 1
85 4
85 15
85 20
85 24
85 53
85 66
85 69
85 76
85 83
85 95
85 104
85 106
85 114
85 124
85 125
86 7
86 20
86 25
86 29
86 41
86 53
86 85
86 91
86 92
86 97
86 114
86 115
86 124
86 125
87 1
87 23
87 36
87 37
87 41
87 43
87 69
87 70
87 85
87 92
87 115
87 116
87 127
88 1
88 6
88 26
88 37
88 93
88 98
88 110
88 118
88 123
89 6
89 15
89 21
89 23
89 26
89 29
89 45
89 46
89 53
89 64
89 65
89 81
89 90
89 95
89 99
89 114
89 117
89 123
90 1
90 2
90 59
90 62
90 66
90 71
90 77
90 89
90 92
90 93
90 99
90 103
90 105
90 109
90 114
90 123
91 7
91 10
91 14
91 19
91 44
91 47
91 60
91 104
91 111
92 31
92 42
92 45
92 47
92 49
92 60
92 70
92 74
92 78
92 87
92 95
92 96
92 98
92 103
92 114
92 118
92 119
92 123
93 7
93 16
93 18
93 24
93 26
93 27
93 28
93 40
93 57
93 58
93 84
93 88
93 115
93 117
93 124
94 5
94 19
94 69
94 73
94 78
94 89
94 105
94 113
94 116
94 117
94 124
95 0
95 1
95 48
95 93
95 101
95 116
95 117
95 123
95 124
95 125
95 126
96 26
96 52
96 59
96 87
96 94
96 102
96 108
96 112
96 124
97 1
97 7
97 11
97 27
97 42
97 45
97 63
97 89
97 110
97 111
97 120
98 3
98 4
98 5
98 21
98 26
98 33
98 53
98 67
98 68
98 82
98 83
98 115
98 116
98 126
99 5
99 17
99 46
99 61
99 70
99 101
99 109
99 112
99 114
100 15
100 18
100 63
100 79
100 81
100 90
100 108
101 17
101 22
101 28
101 50
101 62
101 84
101 86
101 89
101 97
101 100
101 103
101 108
101 113
101 114
101 119
101 124
102 2
102 18
102 19
102 23
102 32
102 56
102 58
102 68
102 80
102 83
102 86
102 99
102 115
102 116
102 123
103 3
103 12
103 20
103 21
103 26
103 41
103 42
103 51
103 62
103 82
103 111
103 118
103 121
103 122
104 3
104 7
104 9
104 15
104 33
104 56
104 67
104 73
104 86
104 95
105 7
105 14
105 21
105 22
105 23
105 41
105 59
105 67
105 84
105 90
105 91
105 107
105 120
105 122
106 15
106 18
106 35
106 60
106 66
106 73
106 77
106 87
106 114
106 122
106 124
106 125
107 1
107 9
107 15
107 33
107 35
107 36
107 41
107 47
107 60
107 104
107 122
107 126
108 21
108 22
108 25
108 32
108 36
108 46
108 56
108 96
108 97
108 98
108 99
108 108
108 110
108 115
108 117
109 6
109 19
109 26
109 48
109 75
109 85
109 89
109 96
109 98
109 103
109 118
109 122
110 5
110 16
110 32
110 41
110 51
110 64
110 78
110 101
110 120
110 121
111 1
111 22
111 24
111 26
111 28
111 30
111 36
111 38
111 41
111 48
111 82
111 83
111 104
111 111
111 116
112 1
112 5
112 9
112 16
112 22
112 28
112 36
112 39
112 40
112 52
112 53
112 60
112 70
112 80
112 81
112 86
112 100
112 105
112 107
112 113
112 115
113 14
113 18
113 22
113 33
113 37
113 41
113 64
113 67
113 68
113 82
113 86
113 87
113 113
113 117
114 12
114 14
114 16
114 17
114 25
114 30
114 32
114 39
114 58
114 81
114 86
114 90
114 110
115 19
115 23
115 34
115 36
115 59
115 83
115 87
115 88
116 16
116 23
116 30
116 34
116 47
116 67
116 76
116 85
116 87
116 105
116 108
116 115
116 124
117 11
117 15
117 20
117 25
117 29
117 36
117 39
117 47
117 51
117 52
117 70
117 81
117 84
117 85
117 96
117 101
117 107
117 117
118 1
118 11
118 12
118 35
118 39
118 45
118 58
118 66
118 69
118 73
118 74
118 96
118 97
118 117
119 4
119 10
119 23
119 25
119 28
119 36
119 37
119 41
119 65
119 69
119 75
119 79
119 84
119 110
120 6
120 8
120 17
120 30
120 73
120 79
120 88
120 100
120 107
120 118
120 126
121 35
121 36
121 50
121 64
121 69
121 81
121 88
121 102
121 110
121 113
121 115
122 17
122 43
122 49
122 78
122 105
122 115
123 21
123 98
123 99
123 100
123 104
123 109
123 113
123 121
124 10
124 40
124 43
124 47
124 48
124 49
124 50
124 74
124 78
124 91
124 93
124 103
124 123
125 9
125 12
125 13
125 15
125 49
125 53
125 58
125 65
125 90
125 111
125 114
125 117
125 124
126 12
126 20
126 23
126 28
126 40
126 57
126 77
126 78
126 90
126 123
127 0
127 8
127 11
127 12
127 16
127 37
127 87
127 117
127 121
