0 1
0 2
0 3
0 5
0 7
0 11
0 12
0 14
0 16
0 21
0 22
0 26
0 28
0 29
0 32
0 33
0 34
0 35
0 37
0 38
0 40
0 41
0 44
0 50
0 52
0 53
0 54
0 62
0 65
0 66
0 69
0 70
0 78
0 79
0 82
0 83
0 86
0 88
0 92
0 94
0 96
0 97
0 101
0 102
0 104
0 107
0 109
0 112
0 114
0 115
0 117
0 121
0 123
0 124
0 125
1 0
1 5
1 6
1 7
1 8
1 9
1 10
1 11
1 14
1 16
1 18
1 19
1 20
1 22
1 23
1 24
1 31
1 34
1 38
1 43
1 45
1 48
1 49
1 54
1 57
1 60
1 62
1 63
1 70
1 71
1 73
1 81
1 82
1 84
1 94
1 95
1 101
1 102
1 103
1 105
1 108
1 109
1 110
1 111
1 113
1 114
1 117
1 118
1 119
1 120
1 121
2 2
2 3
2 6
2 8
2 13
2 14
2 21
2 22
2 23
2 25
2 29
2 32
2 36
2 39
2 40
2 41
2 42
2 44
2 46
2 48
2 49
2 52
2 57
2 66
2 70
2 75
2 77
2 78
2 79
2 80
2 81
2 82
2 87
2 92
2 93
2 94
2 106
2 107
2 109
2 111
2 115
2 119
2 121
3 0
3 1
3 2
3 5
3 6
3 8
3 17
3 18
3 20
3 21
3 22
3 29
3 30
3 34
3 35
3 36
3 37
3 39
3 42
3 44
3 53
3 55
3 56
3 59
3 60
3 61
3 63
3 69
3 72
3 73
3 77
3 79
3 84
3 86
3 89
3 90
3 91
3 94
3 98
3 99
3 105
3 109
3 111
3 114
3 120
3 121
3 122
3 123
3 126
3 127
4 3
4 6
4 8
4 10
4 11
4 13
4 14
4 17
4 18
4 19
4 23
4 26
4 29
4 35
4 41
4 43
4 44
4 49
4 51
4 52
4 57
4 58
4 59
4 60
4 62
4 75
4 78
4 81
4 82
4 84
4 85
4 86
4 87
4 88
4 91
4 94
4 99
4 100
4 107
4 108
4 109
4 111
4 113
4 114
4 115
4 116
4 121
4 123
4 125
5 0
5 6
5 10
5 11
5 13
5 14
5 15
5 21
5 26
5 31
5 33
5 34
5 36
5 37
5 38
5 40
5 41
5 42
5 48
5 49
5 51
5 54
5 56
5 59
5 62
5 68
5 69
5 75
5 80
5 81
5 86
5 89
5 91
5 93
5 97
5 100
5 101
5 104
5 107
5 110
5 111
5 114
5 117
5 119
5 121
5 127
6 1
6 3
6 4
6 5
6 6
6 10
6 11
6 12
6 13
6 17
6 18
6 21
6 23
6 24
6 25
6 29
6 31
6 33
6 36
6 38
6 41
6 44
6 45
6 47
6 51
6 52
6 56
6 65
6 69
6 72
6 79
6 80
6 81
6 82
6 87
6 90
6 91
6 95
6 96
6 97
6 102
6 104
6 107
6 108
6 109
6 110
6 111
6 113
6 116
6 117
6 120
6 127
7 0
7 3
7 4
7 9
7 10
7 12
7 14
7 15
7 22
7 24
7 25
7 26
7 30
7 31
7 32
7 34
7 38
7 41
7 42
7 44
7 49
7 50
7 51
7 52
7 54
7 55
7 57
7 58
7 62
7 63
7 64
7 65
7 66
7 71
7 72
7 74
7 78
7 79
7 80
7 81
7 85
7 86
7 87
7 88
7 89
7 90
7 93
7 95
7 96
7 98
7 101
7 103
7 104
7 105
7 106
7 111
7 114
7 115
7 117
7 118
7 120
8 0
8 2
8 4
8 8
8 11
8 14
8 15
8 18
8 28
8 36
8 38
8 40
8 50
8 51
8 53
8 54
8 55
8 56
8 59
8 61
8 62
8 63
8 65
8 67
8 70
8 73
8 74
8 76
8 77
8 80
8 82
8 83
8 85
8 86
8 88
8 89
8 90
8 91
8 93
8 94
8 97
8 99
8 102
8 107
8 108
8 109
8 116
8 117
8 118
8 119
8 124
8 126
8 127
9 4
9 9
9 10
9 16
9 17
9 18
9 22
9 28
9 30
9 31
9 32
9 34
9 42
9 49
9 58
9 59
9 60
9 61
9 62
9 67
9 68
9 77
9 78
9 79
9 81
9 83
9 84
9 92
9 96
9 97
9 98
9 99
9 100
9 107
9 109
9 110
9 111
9 112
9 113
9 115
9 118
9 119
9 120
9 122
9 123
9 124
9 125
9 126
9 127
10 2
10 5
10 6
10 9
10 10
10 11
10 12
10 14
10 16
10 20
10 22
10 23
10 24
10 26
10 29
10 31
10 34
10 35
10 37
10 38
10 43
10 46
10 48
10 49
10 51
10 54
10 56
10 57
10 60
10 62
10 66
10 67
10 68
10 69
10 72
10 76
10 79
10 80
10 81
10 83
10 86
10 88
10 89
10 90
10 92
10 94
10 96
10 98
10 101
10 103
10 108
10 110
10 114
10 126
11 0
11 3
11 5
11 6
11 7
11 8
11 9
11 12
11 14
11 16
11 17
11 18
11 20
11 22
11 25
11 28
11 29
11 30
11 31
11 36
11 39
11 40
11 41
11 44
11 45
11 46
11 47
11 50
11 53
11 56
11 58
11 62
11 65
11 66
11 67
11 69
11 74
11 76
11 78
11 79
11 81
11 84
11 85
11 86
11 87
11 88
11 89
11 90
11 94
11 98
11 111
11 112
11 113
11 114
11 115
11 122
12 1
12 2
12 3
12 5
12 7
12 15
12 17
12 18
12 20
12 22
12 25
12 26
12 35
12 36
12 38
12 40
12 41
12 42
12 43
12 45
12 46
12 47
12 48
12 51
12 53
12 54
12 57
12 60
12 62
12 63
12 65
12 68
12 69
12 70
12 79
12 81
12 82
12 84
12 87
12 91
12 92
12 99
12 101
12 102
12 103
12 104
12 105
12 106
12 107
12 110
12 112
12 115
12 116
12 123
13 0
13 2
13 3
13 5
13 6
13 8
13 9
13 12
13 13
13 18
13 19
13 21
13 24
13 27
13 28
13 30
13 32
13 34
13 39
13 51
13 52
13 59
13 62
13 63
13 66
13 69
13 73
13 75
13 77
13 79
13 85
13 87
13 90
13 91
13 92
13 93
13 94
13 95
13 96
13 97
13 102
13 103
13 104
13 107
13 110
13 111
13 114
13 116
13 119
13 120
13 124
14 0
14 1
14 3
14 10
14 12
14 13
14 18
14 19
14 20
14 21
14 22
14 25
14 27
14 28
14 31
14 32
14 34
14 37
14 38
14 40
14 46
14 52
14 53
14 54
14 56
14 57
14 61
14 62
14 63
14 65
14 70
14 73
14 77
14 79
14 84
14 85
14 87
14 91
14 96
14 101
14 107
14 110
14 111
14 112
14 113
14 114
14 117
14 120
14 127
15 3
15 5
15 8
15 9
15 13
15 14
15 17
15 18
15 20
15 22
15 23
15 24
15 30
15 32
15 33
15 34
15 36
15 37
15 42
15 45
15 46
15 48
15 49
15 51
15 52
15 53
15 55
15 63
15 64
15 65
15 66
15 69
15 75
15 78
15 91
15 92
15 95
15 101
15 102
15 106
15 107
15 108
15 109
15 110
15 113
15 120
15 126
16 1
16 2
16 6
16 7
16 15
16 17
16 21
16 22
16 23
16 25
16 33
16 34
16 35
16 37
16 38
16 39
16 41
16 42
16 44
16 45
16 46
16 48
16 52
16 53
16 54
16 56
16 58
16 59
16 70
16 74
16 75
16 76
16 81
16 83
16 84
16 85
16 86
16 89
16 91
16 94
16 98
16 99
16 100
16 102
16 105
16 109
16 110
16 111
16 112
16 114
16 118
16 119
16 126
16 127
17 1
17 5
17 6
17 8
17 9
17 10
17 14
17 15
17 16
17 19
17 21
17 22
17 29
17 30
17 33
17 38
17 41
17 42
17 44
17 47
17 48
17 49
17 50
17 52
17 55
17 58
17 62
17 64
17 67
17 68
17 70
17 83
17 85
17 87
17 89
17 91
17 93
17 98
17 99
17 100
17 104
17 108
17 110
17 111
17 112
17 113
17 114
17 115
17 118
17 122
17 125
18 3
18 8
18 10
18 19
18 21
18 23
18 24
18 26
18 28
18 36
18 38
18 40
18 46
18 47
18 49
18 50
18 53
18 58
18 60
18 64
18 65
18 66
18 70
18 71
18 72
18 73
18 74
18 75
18 79
18 80
18 83
18 86
18 89
18 91
18 99
18 101
18 104
18 106
18 108
18 120
18 122
18 125
18 126
18 127
19 0
19 2
19 4
19 10
19 11
19 15
19 23
19 29
19 30
19 34
19 40
19 41
19 43
19 44
19 46
19 47
19 52
19 53
19 58
19 59
19 61
19 68
19 82
19 83
19 84
19 85
19 86
19 91
19 94
19 95
19 96
19 100
19 104
19 109
19 114
19 115
19 118
19 119
19 121
19 123
19 125
20 0
20 4
20 6
20 8
20 9
20 23
20 24
20 25
20 27
20 28
20 30
20 32
20 34
20 37
20 39
20 40
20 43
20 45
20 49
20 51
20 52
20 56
20 57
20 63
20 64
20 67
20 69
20 73
20 79
20 81
20 83
20 84
20 85
20 90
20 97
20 100
20 101
20 102
20 106
20 107
20 109
20 112
20 113
20 117
20 121
20 123
20 124
20 125
21 1
21 6
21 13
21 15
21 19
21 24
21 27
21 29
21 31
21 32
21 37
21 39
21 45
21 46
21 48
21 54
21 56
21 57
21 63
21 64
21 67
21 68
21 69
21 70
21 73
21 74
21 77
21 78
21 81
21 82
21 83
21 87
21 88
21 89
21 90
21 91
21 92
21 97
21 98
21 100
21 104
21 105
21 106
21 111
21 113
21 115
21 118
21 119
21 121
21 122
21 123
21 124
21 125
22 0
22 1
22 2
22 3
22 5
22 12
22 13
22 14
22 17
22 26
22 28
22 29
22 31
22 33
22 37
22 43
22 46
22 47
22 50
22 53
22 57
22 59
22 60
22 63
22 67
22 68
22 70
22 83
22 84
22 86
22 91
22 92
22 98
22 111
22 120
22 122
22 123
22 125
23 0
23 2
23 3
23 6
23 8
23 9
23 11
23 12
23 13
23 24
23 27
23 30
23 31
23 36
23 41
23 44
23 47
23 50
23 51
23 52
23 53
23 54
23 57
23 58
23 59
23 63
23 64
23 71
23 72
23 73
23 76
23 77
23 79
23 81
23 82
23 83
23 84
23 86
23 90
23 94
23 100
23 102
23 104
23 108
23 109
23 110
23 112
23 113
23 115
23 118
23 119
23 120
23 121
23 122
23 127
24 1
24 4
24 5
24 6
24 8
24 11
24 14
24 19
24 21
24 22
24 24
24 30
24 32
24 33
24 35
24 37
24 38
24 42
24 44
24 48
24 49
24 50
24 51
24 57
24 58
24 59
24 62
24 66
24 68
24 69
24 72
24 78
24 83
24 84
24 86
24 87
24 89
24 91
24 92
24 94
24 96
24 98
24 99
24 101
24 104
24 106
24 109
24 110
24 111
24 113
24 114
24 117
24 125
24 127
25 0
25 6
25 7
25 15
25 16
25 18
25 19
25 22
25 23
25 26
25 31
25 32
25 37
25 38
25 41
25 42
25 43
25 46
25 52
25 57
25 64
25 65
25 67
25 68
25 71
25 74
25 75
25 77
25 81
25 83
25 89
25 93
25 103
25 104
25 105
25 106
25 109
25 112
25 115
25 116
25 119
25 121
25 127
26 3
26 4
26 9
26 13
26 14
26 15
26 17
26 18
26 19
26 27
26 28
26 33
26 36
26 38
26 39
26 40
26 41
26 44
26 45
26 47
26 48
26 49
26 51
26 58
26 59
26 60
26 62
26 64
26 67
26 72
26 75
26 76
26 79
26 80
26 85
26 87
26 88
26 89
26 90
26 92
26 93
26 94
26 97
26 102
26 103
26 104
26 107
26 109
26 112
26 120
26 121
26 123
26 125
26 126
26 127
27 3
27 4
27 5
27 7
27 8
27 12
27 16
27 19
27 21
27 23
27 24
27 26
27 27
27 31
27 32
27 35
27 36
27 38
27 39
27 43
27 45
27 46
27 47
27 51
27 53
27 54
27 56
27 59
27 68
27 69
27 70
27 73
27 74
27 75
27 79
27 80
27 82
27 83
27 84
27 99
27 104
27 105
27 108
27 109
27 110
27 111
27 114
27 115
27 117
27 120
27 126
27 127
28 4
28 12
28 17
28 18
28 19
28 22
28 23
28 27
28 28
28 30
28 31
28 32
28 34
28 35
28 37
28 40
28 42
28 43
28 48
28 52
28 60
28 61
28 66
28 68
28 70
28 75
28 76
28 78
28 83
28 89
28 97
28 98
28 99
28 100
28 101
28 102
28 103
28 105
28 106
28 107
28 112
28 117
28 120
28 121
28 122
29 0
29 3
29 5
29 7
29 10
29 16
29 19
29 20
29 23
29 26
29 27
29 28
29 29
29 30
29 32
29 33
29 37
29 38
29 39
29 41
29 45
29 47
29 48
29 54
29 55
29 57
29 58
29 59
29 61
29 62
29 63
29 64
29 65
29 66
29 67
29 71
29 74
29 79
29 83
29 89
29 90
29 94
29 95
29 97
29 99
29 104
29 105
29 107
29 109
29 110
29 116
29 120
29 122
29 125
29 126
29 127
30 0
30 1
30 7
30 12
30 13
30 17
30 19
30 25
30 26
30 29
30 31
30 32
30 34
30 36
30 37
30 38
30 39
30 40
30 45
30 48
30 50
30 51
30 53
30 54
30 55
30 57
30 58
30 65
30 67
30 70
30 71
30 72
30 73
30 74
30 78
30 79
30 80
30 83
30 87
30 88
30 90
30 91
30 93
30 98
30 103
30 104
30 108
30 113
30 116
30 118
30 123
30 124
30 125
30 126
30 127
31 0
31 1
31 8
31 10
31 12
31 13
31 14
31 16
31 20
31 21
31 22
31 23
31 30
31 31
31 32
31 33
31 34
31 36
31 37
31 39
31 44
31 45
31 46
31 47
31 49
31 51
31 52
31 53
31 55
31 58
31 60
31 61
31 62
31 66
31 69
31 71
31 73
31 74
31 75
31 76
31 77
31 79
31 81
31 82
31 84
31 88
31 94
31 96
31 98
31 99
31 105
31 108
31 109
31 110
31 111
31 112
31 114
31 115
31 116
31 119
31 124
31 125
32 0
32 1
32 7
32 13
32 15
32 16
32 17
32 18
32 23
32 28
32 31
32 33
32 34
32 35
32 36
32 37
32 41
32 42
32 43
32 44
32 45
32 46
32 47
32 51
32 52
32 56
32 61
32 64
32 65
32 67
32 68
32 69
32 70
32 72
32 73
32 74
32 77
32 80
32 82
32 84
32 91
32 92
32 97
32 101
32 102
32 106
32 112
32 113
32 115
32 116
32 117
32 120
32 121
32 123
32 124
32 127
33 0
33 1
33 4
33 7
33 9
33 10
33 17
33 19
33 20
33 22
33 25
33 26
33 28
33 29
33 33
33 34
33 37
33 38
33 39
33 40
33 42
33 45
33 46
33 48
33 51
33 53
33 56
33 57
33 58
33 61
33 62
33 63
33 64
33 74
33 77
33 88
33 90
33 95
33 96
33 97
33 100
33 101
33 103
33 104
33 105
33 108
33 110
33 111
33 112
33 117
33 124
33 125
34 1
34 4
34 5
34 6
34 9
34 17
34 18
34 20
34 21
34 22
34 23
34 25
34 27
34 30
34 32
34 34
34 35
34 36
34 39
34 40
34 44
34 45
34 50
34 51
34 58
34 59
34 61
34 62
34 63
34 64
34 67
34 76
34 77
34 80
34 82
34 83
34 84
34 85
34 90
34 91
34 93
34 96
34 98
34 99
34 103
34 104
34 108
34 111
34 113
34 117
34 118
34 120
34 126
34 127
35 4
35 8
35 10
35 12
35 13
35 14
35 15
35 17
35 18
35 19
35 21
35 23
35 24
35 31
35 35
35 36
35 38
35 42
35 44
35 46
35 48
35 50
35 54
35 56
35 60
35 62
35 64
35 66
35 68
35 70
35 73
35 74
35 77
35 79
35 81
35 82
35 83
35 86
35 87
35 92
35 95
35 96
35 97
35 99
35 107
35 111
35 116
35 117
35 118
35 119
35 120
35 121
35 125
36 1
36 2
36 5
36 7
36 10
36 12
36 14
36 15
36 16
36 18
36 19
36 21
36 24
36 26
36 29
36 39
36 44
36 45
36 54
36 55
36 57
36 60
36 62
36 71
36 74
36 76
36 77
36 80
36 82
36 83
36 86
36 89
36 91
36 97
36 102
36 104
36 106
36 112
36 120
36 121
36 127
37 2
37 3
37 5
37 10
37 11
37 13
37 15
37 25
37 31
37 33
37 36
37 38
37 41
37 43
37 45
37 46
37 48
37 49
37 52
37 53
37 55
37 56
37 61
37 62
37 63
37 64
37 65
37 68
37 70
37 73
37 74
37 82
37 87
37 91
37 92
37 93
37 94
37 95
37 96
37 99
37 100
37 102
37 104
37 111
37 114
37 122
37 124
38 1
38 2
38 3
38 9
38 12
38 15
38 16
38 20
38 22
38 28
38 31
38 33
38 41
38 42
38 52
38 58
38 59
38 60
38 62
38 63
38 65
38 66
38 68
38 70
38 72
38 79
38 81
38 89
38 90
38 91
38 97
38 98
38 99
38 101
38 102
38 103
38 104
38 105
38 114
38 116
38 121
38 123
38 125
38 127
39 0
39 1
39 2
39 4
39 5
39 8
39 9
39 12
39 14
39 17
39 18
39 21
39 22
39 24
39 26
39 27
39 28
39 30
39 32
39 36
39 38
39 40
39 48
39 50
39 51
39 57
39 61
39 63
39 65
39 68
39 69
39 75
39 76
39 77
39 81
39 82
39 88
39 89
39 90
39 91
39 92
39 93
39 98
39 105
39 106
39 108
39 110
39 111
39 119
39 122
39 124
39 126
39 127
40 0
40 1
40 2
40 3
40 5
40 9
40 10
40 15
40 20
40 22
40 27
40 28
40 35
40 36
40 37
40 39
40 41
40 42
40 45
40 49
40 50
40 51
40 52
40 54
40 58
40 59
40 60
40 62
40 64
40 65
40 66
40 82
40 83
40 84
40 85
40 90
40 92
40 93
40 94
40 97
40 99
40 102
40 104
40 107
40 108
40 111
40 114
40 118
40 121
40 123
40 126
41 2
41 3
41 4
41 8
41 20
41 22
41 27
41 29
41 32
41 35
41 39
41 40
41 50
41 58
41 61
41 67
41 71
41 78
41 84
41 87
41 89
41 97
41 99
41 101
41 102
41 103
41 108
41 110
41 111
41 116
41 117
41 118
41 120
41 121
41 124
41 126
42 8
42 15
42 16
42 19
42 20
42 22
42 24
42 26
42 27
42 35
42 37
42 38
42 43
42 50
42 51
42 52
42 53
42 55
42 65
42 66
42 69
42 70
42 76
42 78
42 80
42 86
42 89
42 93
42 94
42 95
42 96
42 97
42 100
42 104
42 108
42 113
42 114
42 115
42 116
42 117
42 118
42 120
42 121
42 123
43 6
43 9
43 11
43 14
43 15
43 17
43 18
43 19
43 20
43 23
43 24
43 28
43 34
43 36
43 37
43 38
43 44
43 45
43 47
43 52
43 56
43 57
43 58
43 59
43 60
43 63
43 65
43 69
43 70
43 74
43 75
43 78
43 80
43 84
43 87
43 90
43 93
43 100
43 106
43 109
43 115
43 116
43 117
43 123
43 124
43 125
43 127
44 0
44 5
44 13
44 14
44 21
44 28
44 29
44 31
44 34
44 35
44 40
44 43
44 44
44 46
44 48
44 52
44 53
44 56
44 58
44 60
44 62
44 63
44 66
44 68
44 69
44 71
44 75
44 79
44 84
44 91
44 92
44 96
44 97
44 98
44 101
44 104
44 105
44 106
44 109
44 111
44 112
44 113
44 114
44 116
44 117
44 118
44 121
44 125
44 126
44 127
45 0
45 1
45 2
45 3
45 5
45 7
45 9
45 11
45 12
45 16
45 19
45 22
45 26
45 29
45 30
45 31
45 36
45 42
45 45
45 46
45 47
45 49
45 50
45 52
45 53
45 63
45 67
45 68
45 69
45 70
45 72
45 75
45 76
45 77
45 78
45 82
45 84
45 87
45 88
45 89
45 90
45 91
45 93
45 100
45 101
45 102
45 106
45 108
45 110
45 111
45 112
45 114
45 115
45 116
45 119
45 120
45 122
45 123
46 1
46 3
46 5
46 6
46 7
46 8
46 10
46 13
46 14
46 23
46 24
46 29
46 31
46 34
46 38
46 39
46 40
46 45
46 46
46 48
46 52
46 53
46 55
46 62
46 63
46 71
46 78
46 79
46 80
46 84
46 89
46 92
46 93
46 96
46 100
46 102
46 103
46 104
46 106
46 107
46 108
46 115
46 116
46 117
46 120
46 121
46 123
47 4
47 11
47 13
47 14
47 15
47 16
47 17
47 20
47 21
47 22
47 23
47 25
47 26
47 27
47 29
47 31
47 33
47 36
47 39
47 40
47 43
47 49
47 54
47 56
47 57
47 58
47 60
47 61
47 62
47 63
47 64
47 67
47 70
47 74
47 76
47 78
47 80
47 81
47 82
47 84
47 87
47 88
47 90
47 93
47 95
47 100
47 104
47 105
47 110
47 116
47 117
47 118
47 119
47 124
47 126
48 0
48 3
48 4
48 6
48 11
48 15
48 18
48 22
48 23
48 24
48 25
48 26
48 29
48 31
48 34
48 37
48 40
48 42
48 43
48 46
48 48
48 49
48 52
48 54
48 57
48 61
48 63
48 64
48 74
48 76
48 77
48 78
48 80
48 81
48 83
48 86
48 91
48 92
48 93
48 94
48 95
48 96
48 97
48 98
48 100
48 103
48 105
48 106
48 109
48 110
48 111
48 112
48 113
48 116
48 117
48 118
48 124
48 127
49 0
49 4
49 5
49 7
49 15
49 16
49 17
49 21
49 22
49 26
49 27
49 28
49 29
49 31
49 33
49 36
49 38
49 39
49 40
49 41
49 42
49 45
49 50
49 51
49 54
49 58
49 60
49 68
49 70
49 71
49 72
49 74
49 79
49 82
49 83
49 85
49 87
49 91
49 92
49 96
49 97
49 99
49 101
49 103
49 105
49 108
49 111
49 112
49 114
49 115
49 118
49 121
49 122
49 123
50 0
50 2
50 5
50 8
50 12
50 15
50 16
50 18
50 19
50 25
50 26
50 28
50 31
50 32
50 35
50 38
50 39
50 41
50 42
50 43
50 44
50 46
50 51
50 60
50 64
50 67
50 68
50 71
50 72
50 73
50 75
50 76
50 78
50 79
50 81
50 82
50 83
50 86
50 87
50 88
50 90
50 94
50 98
50 100
50 102
50 105
50 107
50 109
50 113
50 114
50 115
50 116
50 117
50 121
50 122
50 124
50 125
50 127
51 3
51 5
51 10
51 16
51 22
51 25
51 27
51 30
51 33
51 38
51 40
51 45
51 46
51 50
51 53
51 54
51 56
51 58
51 61
51 62
51 65
51 66
51 67
51 69
51 74
51 75
51 77
51 78
51 82
51 83
51 86
51 87
51 89
51 93
51 96
51 101
51 103
51 106
51 111
51 113
51 114
51 117
51 118
51 119
51 120
51 122
51 123
51 125
52 1
52 2
52 6
52 8
52 11
52 12
52 13
52 14
52 16
52 22
52 24
52 25
52 32
52 34
52 35
52 43
52 44
52 46
52 50
52 52
52 56
52 57
52 63
52 64
52 66
52 70
52 71
52 72
52 74
52 75
52 76
52 77
52 79
52 83
52 85
52 87
52 88
52 93
52 94
52 96
52 97
52 99
52 101
52 102
52 104
52 106
52 109
52 110
52 113
52 116
52 122
52 123
53 1
53 5
53 6
53 7
53 8
53 11
53 14
53 17
53 18
53 20
53 23
53 30
53 36
53 38
53 40
53 45
53 46
53 47
53 48
53 49
53 51
53 53
53 54
53 55
53 59
53 60
53 61
53 62
53 63
53 65
53 69
53 70
53 72
53 73
53 74
53 76
53 77
53 79
53 80
53 82
53 85
53 86
53 88
53 91
53 93
53 96
53 100
53 104
53 108
53 109
53 110
53 111
53 112
53 113
53 114
53 116
53 118
53 119
54 0
54 1
54 2
54 6
54 8
54 13
54 14
54 20
54 27
54 28
54 36
54 37
54 42
54 44
54 46
54 47
54 53
54 54
54 60
54 61
54 62
54 64
54 66
54 68
54 69
54 71
54 72
54 76
54 78
54 79
54 80
54 83
54 86
54 87
54 88
54 89
54 94
54 95
54 98
54 100
54 104
54 110
54 112
54 113
54 117
54 121
54 125
54 126
54 127
55 4
55 7
55 11
55 12
55 13
55 18
55 19
55 22
55 23
55 24
55 25
55 26
55 30
55 31
55 35
55 37
55 38
55 40
55 46
55 49
55 51
55 57
55 63
55 64
55 70
55 72
55 74
55 75
55 76
55 77
55 79
55 84
55 85
55 89
55 90
55 92
55 94
55 97
55 100
55 101
55 102
55 103
55 104
55 108
55 111
55 115
55 116
55 120
55 122
55 124
55 126
55 127
56 0
56 1
56 2
56 8
56 9
56 10
56 11
56 12
56 15
56 18
56 20
56 21
56 22
56 23
56 27
56 29
56 30
56 31
56 35
56 36
56 41
56 43
56 44
56 47
56 50
56 51
56 52
56 56
56 57
56 62
56 64
56 65
56 66
56 68
56 71
56 76
56 77
56 84
56 90
56 93
56 94
56 95
56 96
56 97
56 98
56 102
56 104
56 105
56 107
56 109
56 112
56 117
56 118
56 121
56 123
56 126
56 127
57 0
57 14
57 19
57 20
57 25
57 27
57 33
57 34
57 35
57 36
57 37
57 40
57 41
57 43
57 46
57 47
57 49
57 50
57 52
57 55
57 56
57 60
57 67
57 68
57 69
57 70
57 72
57 74
57 78
57 82
57 92
57 94
57 96
57 97
57 98
57 99
57 101
57 103
57 107
57 108
57 110
57 112
57 113
57 118
57 119
57 124
57 125
57 127
58 2
58 3
58 4
58 7
58 8
58 10
58 11
58 12
58 13
58 17
58 18
58 20
58 22
58 23
58 26
58 29
58 32
58 36
58 37
58 38
58 39
58 40
58 41
58 42
58 44
58 48
58 51
58 52
58 54
58 56
58 57
58 58
58 59
58 60
58 63
58 64
58 66
58 67
58 68
58 69
58 72
58 75
58 80
58 81
58 82
58 85
58 86
58 88
58 89
58 91
58 92
58 100
58 102
58 104
58 106
58 108
58 114
58 116
58 117
58 119
58 120
58 121
58 123
58 125
58 126
59 6
59 16
59 17
59 18
59 19
59 22
59 23
59 25
59 29
59 35
59 37
59 38
59 40
59 42
59 44
59 45
59 48
59 49
59 50
59 51
59 53
59 57
59 58
59 60
59 63
59 70
59 78
59 80
59 82
59 85
59 86
59 89
59 90
59 91
59 92
59 93
59 95
59 98
59 100
59 102
59 105
59 106
59 110
59 111
59 113
59 115
59 116
59 118
59 120
59 121
59 122
59 123
59 124
59 126
60 0
60 3
60 7
60 8
60 10
60 11
60 14
60 17
60 19
60 20
60 25
60 28
60 29
60 30
60 35
60 38
60 39
60 40
60 42
60 44
60 45
60 51
60 55
60 59
60 67
60 69
60 71
60 78
60 79
60 82
60 83
60 85
60 86
60 87
60 89
60 91
60 95
60 96
60 99
60 107
60 109
60 110
60 112
60 113
60 114
60 115
60 116
60 117
60 118
60 119
60 121
60 122
60 124
61 1
61 2
61 3
61 4
61 7
61 8
61 9
61 14
61 15
61 16
61 19
61 20
61 21
61 24
61 26
61 27
61 28
61 30
61 33
61 36
61 41
61 43
61 44
61 46
61 49
61 50
61 51
61 53
61 54
61 55
61 57
61 59
61 62
61 63
61 64
61 67
61 68
61 72
61 74
61 75
61 76
61 77
61 78
61 80
61 81
61 84
61 85
61 86
61 87
61 88
61 89
61 90
61 94
61 102
61 103
61 105
61 107
61 110
61 111
61 112
61 120
61 122
61 124
61 126
62 0
62 3
62 7
62 8
62 9
62 17
62 18
62 20
62 21
62 22
62 23
62 25
62 26
62 27
62 32
62 33
62 35
62 38
62 40
62 41
62 42
62 43
62 47
62 49
62 53
62 54
62 56
62 60
62 65
62 67
62 68
62 71
62 75
62 77
62 78
62 81
62 83
62 84
62 90
62 93
62 95
62 96
62 98
62 99
62 105
62 106
62 108
62 109
62 110
62 111
62 114
62 116
62 117
62 121
62 123
63 5
63 7
63 10
63 11
63 13
63 16
63 17
63 19
63 22
63 29
63 30
63 32
63 33
63 35
63 36
63 37
63 38
63 39
63 40
63 41
63 43
63 50
63 51
63 59
63 60
63 61
63 62
63 63
63 66
63 69
63 71
63 75
63 76
63 81
63 83
63 88
63 89
63 93
63 94
63 103
63 108
63 109
63 110
63 111
63 114
63 116
63 118
63 119
63 122
63 123
63 124
63 125
63 126
64 4
64 7
64 11
64 12
64 15
64 21
64 23
64 26
64 28
64 32
64 33
64 35
64 41
64 44
64 45
64 47
64 50
64 51
64 52
64 53
64 55
64 57
64 59
64 61
64 62
64 63
64 65
64 66
64 67
64 70
64 73
64 79
64 81
64 82
64 84
64 85
64 92
64 95
64 96
64 97
64 99
64 100
64 104
64 107
64 110
64 112
64 113
64 117
64 124
64 125
65 2
65 4
65 5
65 8
65 11
65 21
65 22
65 23
65 33
65 35
65 38
65 40
65 41
65 43
65 44
65 50
65 55
65 56
65 57
65 58
65 60
65 63
65 66
65 69
65 71
65 72
65 73
65 79
65 80
65 83
65 84
65 85
65 86
65 88
65 89
65 90
65 91
65 92
65 93
65 94
65 95
65 96
65 99
65 101
65 108
65 109
65 110
65 112
65 113
65 116
65 117
65 121
65 122
65 123
65 126
66 2
66 8
66 10
66 13
66 15
66 16
66 23
66 28
66 39
66 42
66 48
66 49
66 50
66 52
66 53
66 59
66 63
66 65
66 69
66 71
66 73
66 74
66 75
66 77
66 78
66 79
66 80
66 84
66 93
66 97
66 98
66 99
66 101
66 102
66 104
66 105
66 108
66 112
66 115
66 119
66 120
66 121
66 122
66 123
67 5
67 7
67 8
67 9
67 10
67 11
67 12
67 19
67 23
67 24
67 26
67 31
67 32
67 33
67 34
67 37
67 38
67 41
67 42
67 45
67 49
67 50
67 51
67 53
67 59
67 60
67 62
67 63
67 64
67 66
67 69
67 72
67 73
67 79
67 82
67 84
67 85
67 87
67 88
67 93
67 94
67 96
67 98
67 99
67 101
67 102
67 106
67 108
67 109
67 110
67 111
67 118
67 123
67 124
68 2
68 4
68 5
68 8
68 10
68 14
68 15
68 17
68 18
68 20
68 25
68 26
68 28
68 31
68 32
68 33
68 36
68 37
68 38
68 40
68 48
68 49
68 51
68 55
68 56
68 59
68 61
68 62
68 63
68 64
68 65
68 66
68 69
68 74
68 75
68 77
68 79
68 88
68 92
68 93
68 94
68 96
68 106
68 107
68 108
68 111
68 114
68 116
68 117
68 119
68 124
69 0
69 2
69 4
69 6
69 8
69 10
69 11
69 12
69 13
69 14
69 21
69 22
69 26
69 32
69 33
69 34
69 35
69 36
69 44
69 49
69 50
69 51
69 55
69 57
69 61
69 62
69 63
69 70
69 72
69 73
69 74
69 81
69 82
69 83
69 87
69 89
69 92
69 94
69 96
69 98
69 99
69 107
69 108
69 110
69 113
69 117
69 118
69 119
69 120
69 121
69 122
69 123
69 126
70 2
70 4
70 6
70 7
70 11
70 13
70 16
70 17
70 20
70 23
70 24
70 26
70 27
70 28
70 30
70 31
70 33
70 39
70 40
70 41
70 42
70 46
70 49
70 51
70 52
70 57
70 58
70 61
70 64
70 69
70 71
70 73
70 82
70 83
70 84
70 85
70 86
70 89
70 97
70 102
70 103
70 107
70 109
70 112
70 115
70 116
70 117
70 118
70 121
70 127
71 0
71 2
71 4
71 5
71 14
71 19
71 21
71 28
71 29
71 32
71 36
71 38
71 42
71 44
71 48
71 55
71 56
71 59
71 60
71 65
71 70
71 71
71 79
71 82
71 92
71 94
71 101
71 103
71 105
71 110
71 113
71 118
71 119
71 120
71 123
71 126
71 127
72 1
72 3
72 5
72 6
72 7
72 8
72 10
72 11
72 13
72 15
72 16
72 18
72 26
72 29
72 31
72 32
72 34
72 41
72 55
72 60
72 62
72 64
72 65
72 68
72 70
72 71
72 72
72 74
72 76
72 77
72 78
72 80
72 86
72 88
72 92
72 94
72 97
72 100
72 104
72 105
72 106
72 109
72 111
72 113
72 114
72 115
72 118
72 125
73 0
73 1
73 2
73 3
73 6
73 7
73 8
73 9
73 10
73 11
73 17
73 20
73 22
73 24
73 27
73 28
73 29
73 33
73 40
73 44
73 53
73 55
73 57
73 58
73 62
73 64
73 66
73 68
73 70
73 72
73 73
73 79
73 85
73 87
73 92
73 94
73 96
73 100
73 102
73 103
73 104
73 107
73 109
73 114
73 118
73 125
73 126
73 127
74 1
74 2
74 3
74 9
74 10
74 12
74 14
74 16
74 17
74 19
74 20
74 23
74 26
74 31
74 32
74 33
74 37
74 39
74 40
74 44
74 53
74 54
74 58
74 68
74 69
74 72
74 77
74 78
74 82
74 84
74 85
74 86
74 87
74 89
74 90
74 93
74 97
74 103
74 104
74 109
74 111
74 116
74 119
74 123
74 125
74 126
74 127
75 1
75 4
75 6
75 8
75 9
75 12
75 16
75 20
75 21
75 23
75 26
75 27
75 32
75 33
75 36
75 39
75 41
75 42
75 43
75 50
75 51
75 56
75 59
75 60
75 62
75 64
75 66
75 71
75 73
75 74
75 77
75 81
75 84
75 89
75 90
75 92
75 98
75 100
75 101
75 102
75 104
75 105
75 107
75 111
75 117
75 119
75 120
75 125
76 1
76 2
76 4
76 5
76 12
76 17
76 22
76 24
76 26
76 33
76 36
76 40
76 43
76 50
76 55
76 56
76 59
76 62
76 65
76 67
76 69
76 70
76 74
76 75
76 77
76 78
76 81
76 83
76 84
76 86
76 88
76 96
76 99
76 100
76 101
76 108
76 111
76 113
76 116
76 122
76 124
76 125
77 1
77 6
77 7
77 10
77 13
77 23
77 24
77 26
77 29
77 34
77 35
77 42
77 43
77 44
77 45
77 48
77 49
77 50
77 51
77 53
77 54
77 60
77 62
77 70
77 71
77 72
77 74
77 75
77 77
77 78
77 79
77 80
77 89
77 94
77 95
77 96
77 98
77 100
77 101
77 103
77 105
77 107
77 110
77 111
77 114
77 115
77 116
77 117
77 127
78 0
78 2
78 3
78 6
78 14
78 18
78 19
78 20
78 21
78 22
78 24
78 25
78 32
78 36
78 38
78 39
78 40
78 42
78 43
78 44
78 46
78 47
78 53
78 56
78 57
78 58
78 66
78 69
78 71
78 75
78 76
78 78
78 80
78 81
78 82
78 84
78 87
78 88
78 89
78 93
78 98
78 103
78 104
78 106
78 112
78 113
78 116
78 117
78 123
79 1
79 2
79 3
79 6
79 8
79 14
79 18
79 22
79 26
79 27
79 28
79 31
79 32
79 33
79 36
79 37
79 42
79 45
79 46
79 47
79 49
79 51
79 55
79 58
79 61
79 62
79 64
79 67
79 69
79 70
79 71
79 73
79 74
79 76
79 77
79 78
79 80
79 81
79 83
79 85
79 87
79 88
79 89
79 91
79 92
79 94
79 95
79 96
79 97
79 99
79 100
79 107
79 109
79 111
79 117
79 121
79 122
79 123
79 125
79 127
80 4
80 10
80 11
80 12
80 18
80 20
80 23
80 24
80 28
80 29
80 32
80 33
80 34
80 37
80 40
80 41
80 42
80 43
80 49
80 50
80 52
80 53
80 54
80 56
80 58
80 60
80 64
80 66
80 69
80 72
80 76
80 78
80 80
80 82
80 83
80 84
80 86
80 88
80 89
80 96
80 97
80 98
80 104
80 105
80 110
80 113
80 118
80 123
80 124
80 127
81 2
81 3
81 8
81 11
81 12
81 13
81 16
81 25
81 28
81 29
81 33
81 36
81 37
81 38
81 41
81 45
81 48
81 50
81 53
81 54
81 55
81 58
81 59
81 61
81 63
81 64
81 65
81 66
81 75
81 77
81 83
81 88
81 89
81 93
81 94
81 95
81 96
81 100
81 101
81 108
81 109
81 110
81 111
81 112
81 113
81 114
81 116
81 117
81 118
81 120
81 121
81 123
82 3
82 4
82 7
82 9
82 10
82 11
82 14
82 15
82 16
82 19
82 21
82 22
82 25
82 29
82 31
82 32
82 34
82 36
82 38
82 39
82 40
82 42
82 47
82 48
82 51
82 53
82 64
82 66
82 67
82 78
82 80
82 81
82 85
82 91
82 92
82 95
82 97
82 98
82 99
82 104
82 106
82 108
82 111
82 113
82 114
82 115
82 116
82 117
82 119
82 120
82 126
83 0
83 3
83 6
83 7
83 11
83 14
83 17
83 20
83 23
83 28
83 30
83 32
83 33
83 37
83 39
83 41
83 43
83 45
83 46
83 48
83 49
83 51
83 52
83 53
83 54
83 57
83 58
83 59
83 61
83 63
83 65
83 69
83 72
83 74
83 78
83 81
83 83
83 84
83 85
83 88
83 90
83 93
83 97
83 100
83 102
83 105
83 107
83 108
83 111
83 113
83 116
83 118
83 121
83 122
83 124
83 125
84 3
84 4
84 7
84 9
84 10
84 14
84 19
84 21
84 27
84 29
84 32
84 35
84 36
84 37
84 39
84 43
84 44
84 45
84 46
84 48
84 52
84 53
84 54
84 55
84 56
84 58
84 60
84 63
84 67
84 69
84 70
84 72
84 74
84 75
84 81
84 82
84 86
84 87
84 90
84 92
84 93
84 94
84 96
84 101
84 102
84 107
84 117
84 123
84 124
84 125
85 3
85 5
85 6
85 7
85 8
85 10
85 13
85 14
85 15
85 16
85 18
85 20
85 21
85 22
85 27
85 33
85 37
85 38
85 39
85 40
85 42
85 44
85 45
85 49
85 50
85 51
85 54
85 55
85 59
85 62
85 65
85 68
85 70
85 74
85 75
85 80
85 90
85 91
85 92
85 93
85 101
85 105
85 106
85 107
85 108
85 109
85 110
85 112
85 113
85 120
85 121
85 123
85 126
86 2
86 3
86 5
86 7
86 8
86 9
86 13
86 14
86 16
86 19
86 20
86 22
86 23
86 25
86 26
86 27
86 32
86 33
86 34
86 38
86 39
86 41
86 44
86 45
86 46
86 49
86 53
86 56
86 57
86 59
86 60
86 62
86 63
86 65
86 70
86 71
86 73
86 75
86 76
86 78
86 83
86 85
86 88
86 90
86 91
86 94
86 95
86 96
86 99
86 101
86 105
86 107
86 111
86 112
86 113
86 116
86 117
86 120
86 124
86 125
86 126
87 0
87 1
87 2
87 3
87 9
87 10
87 11
87 12
87 13
87 15
87 17
87 18
87 19
87 23
87 25
87 28
87 29
87 33
87 34
87 35
87 42
87 44
87 47
87 48
87 49
87 51
87 55
87 57
87 58
87 61
87 68
87 71
87 72
87 75
87 77
87 78
87 79
87 81
87 83
87 84
87 93
87 96
87 99
87 100
87 103
87 104
87 106
87 110
87 114
87 119
87 121
87 122
87 124
87 126
88 0
88 3
88 5
88 8
88 9
88 13
88 15
88 16
88 17
88 20
88 28
88 30
88 34
88 35
88 36
88 44
88 46
88 51
88 52
88 54
88 55
88 66
88 68
88 69
88 72
88 76
88 78
88 81
88 82
88 83
88 85
88 86
88 87
88 88
88 89
88 91
88 93
88 98
88 99
88 104
88 106
88 107
88 109
88 112
88 113
88 116
88 117
88 118
88 119
88 126
88 127
89 5
89 7
89 12
89 13
89 14
89 15
89 17
89 18
89 19
89 22
89 28
89 29
89 30
89 31
89 32
89 37
89 45
89 47
89 48
89 49
89 50
89 56
89 58
89 62
89 64
89 67
89 68
89 69
89 72
89 74
89 77
89 79
89 81
89 82
89 84
89 87
89 88
89 89
89 90
89 95
89 96
89 97
89 98
89 101
89 102
89 103
89 107
89 111
89 115
89 118
89 121
89 122
89 123
89 125
90 0
90 3
90 4
90 7
90 10
90 12
90 14
90 16
90 18
90 20
90 22
90 23
90 26
90 32
90 34
90 38
90 40
90 42
90 45
90 47
90 49
90 52
90 54
90 59
90 67
90 71
90 72
90 73
90 76
90 77
90 78
90 79
90 81
90 83
90 84
90 88
90 90
90 91
90 92
90 98
90 100
90 101
90 103
90 104
90 111
90 112
90 113
90 116
90 117
90 118
90 121
90 125
90 126
91 0
91 2
91 3
91 5
91 8
91 10
91 14
91 16
91 17
91 19
91 21
91 22
91 23
91 24
91 25
91 26
91 30
91 32
91 37
91 42
91 48
91 51
91 52
91 57
91 59
91 60
91 63
91 64
91 68
91 73
91 74
91 78
91 80
91 82
91 83
91 84
91 86
91 88
91 90
91 91
91 93
91 94
91 95
91 96
91 97
91 98
91 106
91 109
91 110
91 113
91 114
91 115
91 116
91 118
91 119
91 121
91 123
91 124
91 125
91 126
91 127
92 0
92 1
92 4
92 5
92 10
92 11
92 13
92 14
92 15
92 16
92 21
92 23
92 24
92 27
92 28
92 31
92 35
92 37
92 38
92 39
92 40
92 44
92 47
92 50
92 53
92 58
92 60
92 62
92 63
92 65
92 67
92 69
92 76
92 81
92 82
92 90
92 93
92 94
92 99
92 104
92 105
92 106
92 107
92 108
92 110
92 112
92 114
92 116
92 117
92 119
92 122
92 124
92 125
93 4
93 11
93 13
93 16
93 20
93 22
93 25
93 26
93 32
93 33
93 35
93 36
93 41
93 42
93 54
93 60
93 63
93 67
93 69
93 72
93 76
93 79
93 81
93 82
93 84
93 88
93 92
93 99
93 100
93 108
93 109
93 110
93 111
93 112
93 113
93 116
93 119
93 120
93 121
93 122
94 1
94 2
94 6
94 7
94 11
94 12
94 13
94 14
94 16
94 22
94 24
94 25
94 28
94 29
94 37
94 39
94 41
94 43
94 45
94 47
94 48
94 49
94 53
94 57
94 59
94 60
94 61
94 65
94 67
94 68
94 69
94 71
94 84
94 86
94 89
94 90
94 92
94 95
94 96
94 102
94 103
94 104
94 105
94 106
94 107
94 110
94 117
94 119
94 120
94 123
94 124
95 0
95 8
95 9
95 10
95 12
95 13
95 14
95 15
95 16
95 20
95 22
95 25
95 28
95 30
95 32
95 33
95 34
95 39
95 43
95 44
95 45
95 46
95 50
95 51
95 52
95 54
95 56
95 57
95 59
95 60
95 62
95 67
95 68
95 69
95 70
95 72
95 73
95 75
95 76
95 77
95 81
95 83
95 84
95 87
95 91
95 93
95 94
95 96
95 99
95 107
95 109
95 110
95 111
95 112
95 113
95 115
95 116
95 118
95 119
95 124
96 1
96 4
96 8
96 9
96 17
96 19
96 22
96 25
96 30
96 32
96 33
96 37
96 41
96 42
96 45
96 46
96 47
96 49
96 51
96 54
96 55
96 58
96 63
96 64
96 66
96 67
96 69
96 70
96 71
96 74
96 77
96 78
96 80
96 82
96 91
96 93
96 97
96 99
96 100
96 101
96 105
96 110
96 113
96 114
96 118
96 119
96 121
96 125
97 2
97 4
97 7
97 10
97 12
97 15
97 16
97 18
97 19
97 20
97 23
97 24
97 27
97 29
97 31
97 42
97 43
97 47
97 48
97 56
97 59
97 62
97 70
97 72
97 75
97 77
97 79
97 83
97 89
97 90
97 92
97 93
97 95
97 96
97 97
97 98
97 103
97 107
97 108
97 109
97 111
97 114
97 116
97 118
97 119
97 121
97 122
97 123
97 124
97 126
97 127
98 2
98 3
98 4
98 7
98 9
98 15
98 17
98 18
98 19
98 21
98 22
98 24
98 27
98 31
98 32
98 33
98 36
98 40
98 44
98 45
98 46
98 50
98 52
98 53
98 55
98 60
98 61
98 65
98 68
98 69
98 70
98 71
98 74
98 75
98 76
98 77
98 79
98 81
98 85
98 88
98 89
98 92
98 93
98 95
98 98
98 100
98 102
98 109
98 110
98 111
98 113
98 117
98 118
98 121
98 124
98 126
98 127
99 1
99 4
99 7
99 11
99 13
99 14
99 15
99 17
99 19
99 21
99 22
99 25
99 30
99 31
99 33
99 37
99 43
99 44
99 47
99 48
99 49
99 50
99 53
99 54
99 55
99 56
99 57
99 58
99 61
99 62
99 64
99 66
99 73
99 74
99 79
99 81
99 84
99 88
99 91
99 94
99 96
99 98
99 99
99 101
99 109
99 118
99 121
99 122
100 2
100 3
100 4
100 5
100 9
100 10
100 12
100 14
100 23
100 29
100 33
100 34
100 35
100 37
100 43
100 45
100 47
100 49
100 55
100 60
100 61
100 65
100 67
100 68
100 70
100 72
100 74
100 77
100 78
100 80
100 81
100 84
100 85
100 86
100 88
100 89
100 93
100 95
100 96
100 97
100 98
100 100
100 102
100 104
100 106
100 110
100 112
100 113
100 119
100 122
100 123
100 126
100 127
101 1
101 2
101 3
101 5
101 6
101 7
101 15
101 16
101 17
101 24
101 27
101 31
101 35
101 37
101 39
101 42
101 43
101 44
101 46
101 47
101 48
101 51
101 52
101 55
101 60
101 65
101 68
101 69
101 76
101 78
101 84
101 85
101 87
101 90
101 92
101 93
101 95
101 98
101 100
101 101
101 104
101 105
101 111
101 116
101 119
101 123
101 125
101 126
102 2
102 3
102 5
102 7
102 9
102 11
102 12
102 14
102 17
102 20
102 24
102 25
102 28
102 34
102 37
102 38
102 40
102 42
102 43
102 49
102 55
102 58
102 59
102 61
102 63
102 64
102 66
102 67
102 68
102 72
102 73
102 77
102 80
102 83
102 84
102 87
102 88
102 91
102 92
102 93
102 96
102 97
102 98
102 100
102 105
102 110
102 111
102 112
102 116
102 117
102 123
102 125
102 127
103 8
103 10
103 12
103 19
103 21
103 23
103 24
103 27
103 29
103 30
103 32
103 34
103 41
103 43
103 44
103 49
103 50
103 51
103 62
103 64
103 66
103 68
103 70
103 71
103 74
103 76
103 77
103 78
103 79
103 81
103 83
103 86
103 88
103 90
103 92
103 98
103 102
103 103
103 104
103 106
103 111
103 112
103 113
103 114
103 115
103 116
103 118
103 119
103 120
103 125
104 0
104 3
104 8
104 9
104 10
104 17
104 19
104 20
104 22
104 23
104 27
104 29
104 35
104 40
104 42
104 43
104 44
104 46
104 48
104 51
104 52
104 53
104 54
104 58
104 60
104 61
104 62
104 65
104 67
104 72
104 74
104 76
104 78
104 79
104 87
104 90
104 93
104 95
104 96
104 99
104 100
104 101
104 106
104 111
104 112
104 113
104 115
104 116
104 117
104 118
104 119
104 120
104 121
104 122
104 123
104 125
104 127
105 1
105 6
105 13
105 14
105 19
105 22
105 24
105 26
105 30
105 31
105 33
105 35
105 37
105 38
105 40
105 43
105 45
105 47
105 48
105 49
105 51
105 52
105 54
105 56
105 58
105 59
105 64
105 65
105 66
105 67
105 72
105 74
105 80
105 84
105 86
105 89
105 90
105 91
105 93
105 98
105 99
105 100
105 101
105 105
105 106
105 107
105 108
105 109
105 110
105 113
105 120
105 125
106 0
106 1
106 4
106 5
106 9
106 12
106 17
106 19
106 21
106 24
106 27
106 30
106 31
106 32
106 36
106 38
106 40
106 41
106 42
106 47
106 48
106 50
106 51
106 52
106 54
106 55
106 59
106 60
106 63
106 65
106 66
106 67
106 72
106 76
106 79
106 82
106 88
106 89
106 92
106 94
106 99
106 107
106 110
106 111
106 120
106 121
106 126
106 127
107 0
107 3
107 6
107 7
107 9
107 10
107 11
107 15
107 16
107 18
107 20
107 21
107 23
107 26
107 36
107 37
107 38
107 41
107 42
107 45
107 46
107 54
107 57
107 65
107 67
107 75
107 78
107 88
107 90
107 95
107 96
107 100
107 106
107 107
107 109
107 110
107 111
107 112
107 114
107 116
107 117
107 118
107 120
107 121
107 124
107 125
108 6
108 8
108 9
108 12
108 14
108 15
108 18
108 21
108 27
108 28
108 30
108 31
108 33
108 34
108 35
108 40
108 42
108 43
108 45
108 46
108 47
108 48
108 49
108 52
108 54
108 56
108 57
108 58
108 60
108 66
108 68
108 77
108 80
108 81
108 82
108 83
108 84
108 86
108 88
108 90
108 91
108 92
108 96
108 97
108 100
108 103
108 105
108 106
108 107
108 108
108 109
108 112
108 113
108 114
108 115
108 118
108 120
108 124
108 126
109 8
109 10
109 11
109 13
109 17
109 18
109 19
109 20
109 22
109 27
109 28
109 30
109 32
109 34
109 35
109 37
109 39
109 40
109 43
109 45
109 46
109 48
109 50
109 55
109 56
109 58
109 60
109 61
109 68
109 69
109 70
109 72
109 73
109 82
109 88
109 90
109 92
109 96
109 97
109 100
109 103
109 108
109 114
109 115
109 117
109 119
109 125
110 1
110 2
110 11
110 12
110 14
110 15
110 18
110 19
110 21
110 22
110 29
110 30
110 32
110 36
110 37
110 43
110 48
110 49
110 50
110 54
110 55
110 57
110 59
110 66
110 68
110 69
110 70
110 72
110 73
110 74
110 81
110 82
110 84
110 85
110 87
110 91
110 93
110 97
110 99
110 101
110 102
110 103
110 106
110 107
110 111
110 113
110 114
110 122
110 126
111 5
111 8
111 10
111 13
111 15
111 18
111 20
111 21
111 23
111 32
111 36
111 37
111 39
111 41
111 46
111 47
111 49
111 51
111 52
111 53
111 55
111 56
111 60
111 63
111 66
111 69
111 70
111 72
111 78
111 80
111 81
111 82
111 83
111 97
111 99
111 100
111 104
111 108
111 109
111 110
111 111
111 114
111 118
111 121
111 123
111 127
112 0
112 5
112 6
112 9
112 13
112 14
112 15
112 16
112 17
112 19
112 21
112 22
112 24
112 27
112 29
112 30
112 31
112 36
112 38
112 39
112 42
112 44
112 47
112 48
112 49
112 50
112 51
112 52
112 53
112 55
112 56
112 58
112 60
112 62
112 65
112 71
112 72
112 76
112 79
112 80
112 81
112 82
112 85
112 89
112 91
112 92
112 93
112 95
112 97
112 98
112 100
112 101
112 104
112 106
112 108
112 109
112 111
112 114
112 118
112 119
112 123
113 0
113 9
113 13
113 14
113 18
113 19
113 20
113 21
113 22
113 23
113 27
113 29
113 31
113 32
113 33
113 37
113 41
113 42
113 43
113 46
113 50
113 51
113 53
113 59
113 60
113 64
113 65
113 67
113 68
113 75
113 77
113 85
113 87
113 88
113 90
113 94
113 95
113 96
113 97
113 100
113 103
113 104
113 105
113 106
113 107
113 109
113 110
113 111
113 116
113 118
113 122
113 123
113 125
114 1
114 2
114 3
114 4
114 6
114 8
114 13
114 14
114 21
114 24
114 25
114 28
114 32
114 35
114 38
114 39
114 48
114 50
114 52
114 53
114 55
114 56
114 59
114 60
114 69
114 70
114 71
114 72
114 74
114 75
114 76
114 79
114 81
114 83
114 89
114 91
114 100
114 101
114 102
114 107
114 110
114 112
114 116
114 117
114 118
114 119
114 121
114 123
115 1
115 2
115 3
115 7
115 8
115 9
115 10
115 12
115 16
115 20
115 24
115 26
115 32
115 33
115 35
115 36
115 38
115 39
115 43
115 44
115 46
115 48
115 51
115 54
115 60
115 61
115 63
115 64
115 65
115 66
115 73
115 77
115 89
115 93
115 97
115 98
115 99
115 100
115 101
115 102
115 104
115 105
115 106
115 107
115 108
115 114
115 115
115 116
115 117
115 120
115 122
115 125
115 126
116 0
116 1
116 3
116 7
116 8
116 11
116 17
116 19
116 21
116 27
116 33
116 36
116 37
116 39
116 43
116 46
116 48
116 50
116 51
116 52
116 54
116 60
116 61
116 63
116 68
116 74
116 76
116 81
116 82
116 83
116 86
116 89
116 90
116 95
116 98
116 99
116 100
116 102
116 105
116 107
116 108
116 110
116 121
116 127
117 0
117 1
117 3
117 4
117 7
117 10
117 11
117 13
117 14
117 15
117 16
117 18
117 23
117 25
117 28
117 33
117 34
117 35
117 36
117 38
117 39
117 40
117 41
117 44
117 45
117 46
117 50
117 55
117 56
117 59
117 62
117 63
117 64
117 66
117 69
117 74
117 75
117 78
117 82
117 84
117 88
117 89
117 93
117 94
117 96
117 100
117 103
117 104
117 106
117 111
117 116
117 119
117 120
117 121
117 125
117 127
118 3
118 5
118 8
118 9
118 10
118 12
118 14
118 15
118 17
118 20
118 22
118 25
118 32
118 33
118 34
118 37
118 40
118 43
118 44
118 52
118 54
118 57
118 58
118 60
118 61
118 63
118 64
118 66
118 68
118 72
118 76
118 77
118 81
118 86
118 91
118 99
118 100
118 101
118 105
118 106
118 107
118 108
118 109
118 111
118 113
118 117
118 123
118 125
118 127
119 6
119 8
119 10
119 12
119 16
119 22
119 30
119 31
119 36
119 38
119 40
119 42
119 44
119 48
119 49
119 57
119 58
119 59
119 61
119 67
119 68
119 69
119 70
119 73
119 74
119 75
119 76
119 78
119 79
119 83
119 84
119 85
119 86
119 87
119 94
119 99
119 100
119 105
119 106
119 109
119 111
119 120
119 124
119 125
120 0
120 1
120 7
120 9
120 10
120 13
120 16
120 18
120 20
120 22
120 25
120 29
120 31
120 33
120 34
120 39
120 40
120 42
120 43
120 45
120 47
120 48
120 51
120 52
120 54
120 56
120 57
120 61
120 63
120 64
120 65
120 67
120 69
120 72
120 75
120 76
120 79
120 82
120 85
120 87
120 91
120 93
120 98
120 101
120 102
120 104
120 105
120 107
120 110
120 113
120 118
120 127
121 0
121 2
121 6
121 7
121 9
121 10
121 13
121 14
121 17
121 21
121 22
121 27
121 28
121 31
121 32
121 34
121 35
121 42
121 45
121 46
121 47
121 49
121 50
121 52
121 54
121 55
121 57
121 58
121 59
121 60
121 63
121 64
121 70
121 71
121 75
121 77
121 78
121 81
121 91
121 92
121 93
121 97
121 99
121 100
121 104
121 106
121 107
121 109
121 110
121 112
121 113
121 116
121 118
121 120
121 123
121 125
121 126
122 0
122 1
122 2
122 3
122 5
122 8
122 11
122 12
122 13
122 15
122 17
122 21
122 22
122 24
122 25
122 26
122 29
122 30
122 32
122 36
122 40
122 41
122 43
122 45
122 46
122 47
122 52
122 54
122 58
122 61
122 62
122 63
122 68
122 70
122 72
122 74
122 75
122 79
122 82
122 83
122 84
122 88
122 93
122 98
122 100
122 102
122 103
122 110
122 114
122 116
122 124
123 1
123 5
123 10
123 14
123 15
123 16
123 18
123 19
123 20
123 22
123 24
123 26
123 30
123 33
123 36
123 38
123 39
123 41
123 43
123 46
123 52
123 54
123 60
123 61
123 62
123 63
123 64
123 65
123 66
123 71
123 72
123 73
123 76
123 80
123 81
123 83
123 86
123 87
123 92
123 93
123 96
123 100
123 101
123 107
123 108
123 111
123 118
123 119
123 121
123 124
123 125
123 126
124 7
124 9
124 10
124 13
124 14
124 15
124 16
124 17
124 19
124 23
124 24
124 29
124 34
124 38
124 41
124 43
124 44
124 47
124 48
124 50
124 53
124 56
124 57
124 60
124 61
124 62
124 63
124 64
124 69
124 70
124 71
124 73
124 77
124 81
124 85
124 86
124 87
124 89
124 92
124 93
124 94
124 96
124 98
124 101
124 110
124 112
124 120
124 123
124 124
124 127
125 0
125 4
125 5
125 12
125 13
125 16
125 18
125 20
125 23
125 24
125 25
125 27
125 30
125 32
125 33
125 36
125 37
125 43
125 44
125 46
125 47
125 50
125 51
125 53
125 54
125 56
125 60
125 64
125 72
125 73
125 76
125 78
125 79
125 82
125 86
125 87
125 96
125 101
125 102
125 103
125 105
125 106
125 107
125 109
125 110
125 111
125 112
125 113
125 114
125 119
126 1
126 3
126 4
126 5
126 6
126 9
126 13
126 14
126 16
126 17
126 18
126 23
126 24
126 26
126 30
126 37
126 38
126 39
126 40
126 43
126 45
126 47
126 52
126 56
126 59
126 60
126 61
126 65
126 69
126 74
126 76
126 81
126 82
126 84
126 85
126 86
126 90
126 91
126 110
126 111
126 115
126 116
126 118
126 120
126 126
127 0
127 2
127 4
127 6
127 8
127 9
127 12
127 13
127 14
127 15
127 19
127 22
127 24
127 31
127 33
127 34
127 35
127 36
127 40
127 41
127 44
127 46
127 49
127 51
127 52
127 55
127 60
127 64
127 65
127 66
127 73
127 74
127 78
127 79
127 80
127 82
127 84
127 89
127 92
127 98
127 99
127 100
127 108
127 111
127 114
127 115
127 116
127 121
127 122
127 126
