0 10
0 16
0 17
0 18
0 23
0 26
0 28
0 29
0 34
0 47
0 48
0 49
0 51
0 52
0 54
0 58
0 72
0 74
0 80
0 85
0 99
0 100
0 110
0 111
0 122
1 5
1 24
1 29
1 37
1 41
1 43
1 47
1 48
1 61
1 63
1 74
1 76
1 80
1 82
1 89
1 93
1 95
1 101
1 115
1 119
1 121
1 125
2 7
2 8
2 11
2 21
2 29
2 35
2 37
2 41
2 46
2 51
2 53
2 56
2 57
2 60
2 62
2 64
2 69
2 72
2 75
2 79
2 80
2 84
2 91
2 104
2 108
2 109
2 113
2 122
3 5
3 12
3 15
3 16
3 25
3 39
3 46
3 50
3 55
3 58
3 66
3 68
3 82
3 85
3 92
3 96
3 99
3 104
3 115
3 116
3 124
4 5
4 9
4 17
4 19
4 23
4 24
4 34
4 39
4 65
4 72
4 77
4 78
4 79
4 85
4 90
4 102
4 105
4 106
4 107
4 111
4 124
5 3
5 8
5 12
5 19
5 25
5 27
5 34
5 37
5 40
5 44
5 48
5 49
5 50
5 54
5 59
5 60
5 74
5 77
5 79
5 80
5 81
5 95
5 104
5 119
5 127
6 10
6 18
6 20
6 25
6 27
6 30
6 32
6 33
6 41
6 53
6 59
6 63
6 64
6 65
6 70
6 72
6 85
6 91
6 102
6 105
6 106
6 107
6 113
6 120
6 121
6 123
7 0
7 4
7 7
7 10
7 13
7 19
7 20
7 21
7 22
7 39
7 43
7 46
7 47
7 54
7 56
7 57
7 61
7 68
7 69
7 80
7 99
7 102
7 104
7 105
7 106
7 107
7 108
7 119
7 122
8 9
8 20
8 22
8 24
8 25
8 33
8 37
8 53
8 59
8 62
8 73
8 81
8 82
8 90
8 93
8 102
8 103
8 108
8 109
8 110
8 115
8 122
8 123
8 125
9 0
9 2
9 10
9 12
9 13
9 17
9 21
9 24
9 25
9 30
9 38
9 39
9 44
9 55
9 61
9 84
9 88
9 98
9 102
9 113
9 114
9 117
9 123
9 127
10 8
10 14
10 23
10 25
10 41
10 54
10 57
10 59
10 66
10 67
10 68
10 75
10 81
10 89
10 91
10 97
10 99
10 102
10 103
10 108
10 109
10 110
10 123
10 126
11 1
11 3
11 20
11 26
11 27
11 29
11 36
11 37
11 46
11 48
11 49
11 51
11 60
11 67
11 68
11 78
11 80
11 82
11 95
11 107
11 112
11 119
11 126
11 127
12 0
12 7
12 11
12 14
12 17
12 24
12 25
12 28
12 32
12 42
12 43
12 53
12 56
12 66
12 69
12 73
12 77
12 80
12 83
12 87
12 89
12 90
12 94
12 98
12 101
12 104
12 106
12 107
12 108
12 126
13 1
13 6
13 7
13 9
13 13
13 14
13 19
13 21
13 24
13 25
13 30
13 45
13 54
13 63
13 69
13 73
13 79
13 84
13 90
13 91
13 93
13 102
13 105
13 114
13 117
13 119
13 121
14 0
14 3
14 5
14 24
14 25
14 31
14 35
14 38
14 40
14 46
14 51
14 53
14 56
14 66
14 67
14 68
14 75
14 81
14 82
14 86
14 87
14 99
14 101
14 102
14 107
14 110
14 112
15 1
15 7
15 20
15 31
15 32
15 36
15 45
15 53
15 60
15 66
15 68
15 73
15 74
15 79
15 81
15 83
15 84
15 95
15 98
15 100
15 103
15 106
15 107
15 112
15 123
16 7
16 13
16 15
16 16
16 25
16 27
16 33
16 34
16 35
16 38
16 44
16 49
16 52
16 69
16 74
16 78
16 85
16 88
16 91
16 97
16 107
16 120
16 121
16 122
16 123
17 2
17 5
17 7
17 10
17 14
17 20
17 22
17 25
17 28
17 33
17 37
17 41
17 42
17 47
17 57
17 59
17 61
17 65
17 70
17 73
17 78
17 85
17 90
17 101
17 111
17 117
17 122
18 10
18 11
18 13
18 17
18 28
18 29
18 41
18 45
18 49
18 52
18 54
18 59
18 75
18 78
18 87
18 88
18 99
18 100
18 101
18 107
18 114
18 119
18 124
19 0
19 2
19 7
19 8
19 11
19 16
19 17
19 19
19 24
19 28
19 41
19 42
19 43
19 46
19 47
19 48
19 52
19 64
19 83
19 84
19 87
19 96
19 99
19 116
19 123
20 0
20 6
20 9
20 15
20 18
20 19
20 22
20 32
20 35
20 39
20 45
20 49
20 56
20 58
20 67
20 81
20 92
20 93
20 101
20 111
20 112
20 113
21 1
21 4
21 5
21 7
21 9
21 12
21 16
21 18
21 21
21 22
21 25
21 27
21 29
21 32
21 33
21 35
21 38
21 40
21 44
21 61
21 63
21 73
21 74
21 80
21 90
21 96
21 102
21 108
21 111
21 118
21 123
21 124
22 11
22 12
22 32
22 33
22 40
22 45
22 54
22 57
22 58
22 62
22 64
22 67
22 72
22 74
22 82
22 85
22 89
22 99
22 102
22 103
22 108
22 109
22 110
22 119
22 121
22 124
23 3
23 23
23 28
23 29
23 32
23 34
23 42
23 48
23 56
23 58
23 62
23 63
23 67
23 75
23 87
23 95
23 98
23 102
23 106
23 115
23 116
23 119
23 120
23 123
24 0
24 3
24 5
24 10
24 14
24 21
24 22
24 23
24 41
24 55
24 57
24 60
24 67
24 68
24 69
24 78
24 87
24 93
24 94
24 100
24 121
24 122
24 124
24 125
25 1
25 5
25 9
25 26
25 42
25 52
25 57
25 73
25 75
25 86
25 97
25 100
25 101
25 104
25 105
25 108
25 115
25 117
26 12
26 14
26 19
26 30
26 39
26 45
26 51
26 52
26 56
26 60
26 72
26 73
26 74
26 75
26 84
26 86
26 91
26 95
26 96
26 97
26 99
26 124
26 126
27 0
27 2
27 9
27 19
27 22
27 23
27 26
27 27
27 28
27 31
27 34
27 42
27 46
27 52
27 57
27 68
27 71
27 81
27 86
27 102
27 112
27 120
27 121
27 124
27 125
28 3
28 12
28 13
28 15
28 20
28 23
28 24
28 28
28 33
28 36
28 37
28 46
28 47
28 49
28 56
28 59
28 62
28 65
28 72
28 77
28 84
28 87
28 89
28 93
28 94
28 102
28 108
28 124
29 0
29 3
29 5
29 9
29 13
29 18
29 27
29 29
29 46
29 49
29 51
29 62
29 63
29 66
29 67
29 69
29 73
29 82
29 88
29 89
29 92
29 105
29 108
29 109
29 112
29 115
29 119
29 121
29 126
29 127
30 5
30 7
30 8
30 17
30 24
30 27
30 36
30 39
30 41
30 48
30 54
30 56
30 58
30 65
30 69
30 70
30 86
30 89
30 93
30 94
30 96
30 100
30 107
30 111
30 112
30 117
30 120
31 17
31 20
31 27
31 28
31 31
31 33
31 34
31 42
31 45
31 48
31 52
31 57
31 63
31 66
31 70
31 72
31 76
31 79
31 83
31 86
31 87
31 90
31 91
31 100
31 119
31 122
32 8
32 16
32 21
32 22
32 25
32 28
32 31
32 34
32 48
32 52
32 56
32 67
32 73
32 75
32 79
32 82
32 83
32 87
32 89
32 92
32 94
32 99
32 102
32 108
32 110
32 111
32 115
32 116
32 117
32 118
32 122
33 0
33 1
33 3
33 8
33 19
33 20
33 34
33 39
33 40
33 43
33 50
33 51
33 53
33 58
33 70
33 71
33 74
33 79
33 82
33 90
33 96
33 97
33 100
33 108
33 109
33 113
33 119
33 123
34 15
34 18
34 26
34 28
34 30
34 33
34 35
34 41
34 46
34 52
34 53
34 63
34 67
34 69
34 79
34 81
34 84
34 93
34 96
34 98
34 99
34 102
34 107
34 109
34 114
34 116
35 8
35 10
35 17
35 29
35 30
35 33
35 35
35 41
35 51
35 52
35 57
35 69
35 71
35 75
35 82
35 88
35 89
35 90
35 91
35 92
35 99
35 100
35 101
35 110
35 121
36 3
36 5
36 9
36 31
36 32
36 35
36 38
36 41
36 46
36 54
36 67
36 70
36 75
36 79
36 85
36 88
36 92
36 94
36 97
36 100
36 107
36 111
36 119
36 121
36 123
36 125
36 127
37 1
37 5
37 6
37 15
37 16
37 19
37 20
37 21
37 23
37 27
37 32
37 33
37 36
37 37
37 43
37 46
37 47
37 50
37 55
37 57
37 61
37 67
37 68
37 87
37 94
37 97
37 113
37 118
37 120
37 124
38 7
38 12
38 18
38 20
38 31
38 42
38 46
38 49
38 50
38 52
38 53
38 54
38 66
38 71
38 72
38 73
38 76
38 83
38 86
38 91
38 99
38 100
38 106
38 116
38 122
38 124
38 127
39 1
39 13
39 16
39 24
39 28
39 42
39 43
39 44
39 46
39 47
39 50
39 54
39 60
39 63
39 70
39 74
39 77
39 78
39 79
39 98
39 100
39 113
39 114
39 118
39 121
39 125
39 126
39 127
40 8
40 10
40 12
40 13
40 18
40 23
40 28
40 36
40 38
40 39
40 41
40 46
40 51
40 54
40 56
40 60
40 76
40 94
40 100
40 101
40 107
40 110
40 124
41 2
41 8
41 10
41 19
41 41
41 55
41 57
41 60
41 62
41 63
41 68
41 71
41 74
41 79
41 80
41 101
41 109
41 110
41 115
42 4
42 22
42 28
42 31
42 32
42 38
42 40
42 42
42 47
42 51
42 76
42 81
42 92
42 99
42 100
42 102
42 110
42 120
42 122
42 124
43 1
43 3
43 4
43 23
43 27
43 29
43 37
43 41
43 44
43 48
43 49
43 60
43 73
43 83
43 85
43 91
43 101
43 106
43 120
43 126
44 1
44 4
44 9
44 14
44 16
44 20
44 22
44 27
44 28
44 33
44 36
44 38
44 40
44 41
44 45
44 48
44 51
44 54
44 58
44 65
44 66
44 75
44 77
44 82
44 84
44 85
44 89
44 102
44 106
44 109
44 111
44 118
44 124
44 127
45 6
45 14
45 19
45 21
45 23
45 24
45 28
45 33
45 35
45 42
45 43
45 46
45 47
45 55
45 57
45 62
45 64
45 68
45 72
45 79
45 82
45 84
45 89
45 95
45 97
45 101
45 108
45 109
45 113
45 115
45 116
45 120
45 122
45 124
46 0
46 5
46 8
46 11
46 21
46 26
46 39
46 46
46 48
46 56
46 70
46 71
46 72
46 77
46 83
46 86
46 89
46 91
46 95
46 98
46 100
46 102
46 114
46 119
46 126
47 0
47 6
47 8
47 17
47 23
47 33
47 35
47 38
47 42
47 43
47 54
47 56
47 57
47 63
47 68
47 72
47 76
47 81
47 89
47 93
47 96
47 101
47 119
47 127
48 5
48 18
48 38
48 41
48 43
48 49
48 52
48 57
48 66
48 68
48 72
48 81
48 83
48 84
48 85
48 86
48 88
48 95
48 96
48 103
48 117
48 120
48 127
49 5
49 7
49 11
49 12
49 22
49 27
49 36
49 39
49 45
49 51
49 55
49 56
49 63
49 64
49 70
49 80
49 85
49 88
49 90
49 91
49 92
49 102
49 103
49 108
49 113
50 0
50 4
50 6
50 9
50 23
50 24
50 33
50 37
50 45
50 54
50 57
50 61
50 73
50 80
50 81
50 82
50 88
50 89
50 95
50 96
50 97
50 109
50 119
50 121
50 123
50 124
51 16
51 24
51 30
51 36
51 37
51 48
51 50
51 55
51 57
51 61
51 66
51 68
51 75
51 77
51 82
51 97
51 98
51 99
51 101
51 106
51 110
51 114
51 116
52 3
52 11
52 20
52 21
52 24
52 40
52 55
52 57
52 58
52 64
52 69
52 71
52 79
52 81
52 91
52 95
52 100
52 104
52 107
52 110
52 116
53 6
53 11
53 15
53 19
53 22
53 23
53 24
53 26
53 32
53 34
53 40
53 42
53 47
53 53
53 58
53 59
53 62
53 74
53 82
53 83
53 92
53 93
53 97
53 99
53 102
53 104
53 114
53 125
54 3
54 10
54 29
54 33
54 41
54 42
54 44
54 60
54 68
54 77
54 92
54 98
54 99
54 104
54 109
55 0
55 17
55 27
55 29
55 32
55 43
55 47
55 49
55 56
55 58
55 59
55 62
55 78
55 91
55 93
55 96
55 100
55 101
55 103
55 115
55 121
55 122
55 125
55 127
56 5
56 6
56 8
56 16
56 17
56 28
56 30
56 31
56 41
56 45
56 48
56 49
56 50
56 51
56 56
56 57
56 58
56 61
56 64
56 72
56 73
56 75
56 84
56 85
56 92
56 96
56 98
56 109
56 110
56 111
56 115
56 119
56 120
56 126
57 0
57 13
57 18
57 23
57 25
57 27
57 37
57 55
57 68
57 69
57 73
57 77
57 79
57 87
57 93
57 97
57 126
58 9
58 11
58 16
58 26
58 28
58 30
58 31
58 56
58 57
58 63
58 69
58 83
58 91
58 92
58 101
58 104
58 106
58 114
58 115
58 120
58 125
59 1
59 10
59 11
59 14
59 15
59 18
59 24
59 25
59 29
59 46
59 48
59 51
59 62
59 63
59 64
59 69
59 86
59 91
59 95
59 96
59 101
59 103
59 104
59 118
59 121
60 2
60 4
60 12
60 28
60 31
60 46
60 48
60 50
60 63
60 65
60 81
60 85
60 88
60 90
60 91
60 92
60 93
60 113
60 121
60 122
60 127
61 12
61 16
61 21
61 23
61 37
61 40
61 41
61 46
61 50
61 60
61 70
61 76
61 80
61 86
61 87
61 88
61 95
61 97
61 99
61 107
61 109
61 111
61 112
61 116
61 119
61 127
62 1
62 4
62 6
62 7
62 14
62 16
62 18
62 31
62 37
62 44
62 46
62 53
62 57
62 60
62 67
62 68
62 70
62 71
62 81
62 82
62 101
62 107
62 108
62 110
62 113
62 125
62 127
63 2
63 5
63 7
63 18
63 30
63 33
63 35
63 38
63 40
63 48
63 49
63 61
63 69
63 75
63 82
63 83
63 85
63 86
63 101
63 103
63 104
63 107
63 117
63 123
64 0
64 8
64 16
64 22
64 30
64 35
64 40
64 42
64 48
64 54
64 61
64 68
64 70
64 76
64 77
64 78
64 85
64 86
64 89
64 103
64 106
64 111
64 112
64 116
64 121
64 122
64 124
65 6
65 16
65 25
65 26
65 33
65 38
65 48
65 49
65 58
65 64
65 70
65 71
65 72
65 75
65 79
65 80
65 82
65 84
65 91
65 106
65 109
65 118
65 124
65 125
65 126
66 0
66 4
66 5
66 16
66 18
66 25
66 28
66 34
66 41
66 60
66 69
66 91
66 93
66 97
66 100
66 102
66 104
66 108
66 111
66 112
66 117
66 120
66 121
66 124
66 127
67 1
67 6
67 8
67 19
67 24
67 25
67 29
67 31
67 35
67 36
67 41
67 42
67 43
67 44
67 45
67 46
67 49
67 54
67 59
67 71
67 75
67 77
67 78
67 79
67 98
67 103
67 104
67 109
67 120
67 121
67 124
67 127
68 3
68 9
68 13
68 19
68 22
68 28
68 39
68 52
68 53
68 59
68 62
68 65
68 81
68 94
68 96
68 100
68 101
68 102
68 103
68 119
68 126
69 14
69 18
69 20
69 25
69 33
69 44
69 51
69 64
69 66
69 69
69 78
69 79
69 82
69 83
69 88
69 92
69 95
69 107
69 115
69 116
69 119
69 120
70 0
70 3
70 6
70 13
70 15
70 16
70 17
70 21
70 25
70 29
70 30
70 32
70 33
70 34
70 37
70 46
70 61
70 71
70 77
70 82
70 85
70 86
70 87
70 96
70 102
70 107
70 109
70 113
70 114
70 124
70 125
70 127
71 9
71 13
71 14
71 15
71 25
71 30
71 34
71 43
71 49
71 55
71 56
71 60
71 72
71 74
71 79
71 90
71 94
71 100
71 104
71 107
71 108
71 109
71 113
71 116
71 117
71 122
71 127
72 0
72 8
72 9
72 10
72 17
72 25
72 30
72 32
72 40
72 44
72 45
72 47
72 54
72 65
72 66
72 73
72 77
72 78
72 81
72 86
72 88
72 94
72 97
72 100
72 103
72 106
72 114
73 1
73 3
73 12
73 19
73 20
73 25
73 26
73 28
73 33
73 36
73 40
73 42
73 44
73 52
73 54
73 72
73 75
73 85
73 87
73 88
73 89
73 95
73 97
73 98
73 100
73 104
73 106
73 116
73 117
73 119
73 121
73 122
73 124
74 1
74 19
74 24
74 25
74 29
74 39
74 43
74 45
74 49
74 50
74 53
74 69
74 83
74 85
74 86
74 94
74 97
74 110
74 120
74 121
74 125
75 0
75 2
75 14
75 16
75 30
75 38
75 42
75 44
75 45
75 75
75 79
75 83
75 87
75 90
75 93
75 97
75 99
75 100
75 101
75 105
75 106
75 107
75 112
75 113
75 116
75 118
76 5
76 8
76 10
76 13
76 39
76 40
76 49
76 50
76 51
76 57
76 59
76 60
76 72
76 74
76 78
76 81
76 90
76 96
76 99
76 107
76 111
76 127
77 5
77 6
77 8
77 13
77 30
77 35
77 36
77 42
77 45
77 50
77 56
77 60
77 67
77 69
77 71
77 72
77 85
77 94
77 104
77 118
78 10
78 12
78 16
78 26
78 28
78 35
78 39
78 40
78 50
78 51
78 55
78 59
78 61
78 64
78 74
78 75
78 77
78 81
78 86
78 95
78 107
78 116
78 117
78 125
79 1
79 4
79 7
79 9
79 10
79 20
79 26
79 28
79 33
79 39
79 42
79 51
79 52
79 56
79 60
79 68
79 74
79 76
79 79
79 91
79 92
79 100
79 101
79 102
79 103
79 104
79 106
79 107
79 108
79 109
79 117
79 118
79 126
80 2
80 3
80 5
80 7
80 20
80 23
80 24
80 50
80 51
80 54
80 55
80 60
80 85
80 88
80 92
80 93
80 97
80 100
80 101
80 102
80 103
80 109
80 112
80 114
80 119
80 122
80 123
81 4
81 6
81 16
81 21
81 28
81 30
81 31
81 33
81 39
81 43
81 56
81 59
81 67
81 71
81 73
81 76
81 84
81 89
81 90
81 93
81 94
81 101
81 106
81 116
81 125
82 11
82 17
82 19
82 24
82 28
82 29
82 34
82 35
82 38
82 39
82 41
82 48
82 57
82 62
82 69
82 73
82 74
82 78
82 80
82 84
82 105
82 119
82 125
83 2
83 4
83 7
83 8
83 12
83 13
83 16
83 26
83 37
83 41
83 45
83 48
83 57
83 63
83 64
83 66
83 68
83 79
83 81
83 89
83 91
83 101
83 105
83 107
83 111
83 112
83 122
83 123
83 125
84 7
84 11
84 22
84 23
84 26
84 31
84 34
84 36
84 37
84 49
84 50
84 54
84 55
84 58
84 62
84 71
84 76
84 78
84 81
84 87
84 88
84 93
84 94
84 104
84 117
84 119
84 125
85 4
85 6
85 9
85 21
85 32
85 33
85 47
85 53
85 59
85 69
85 70
85 76
85 79
85 80
85 86
85 97
85 100
85 105
85 106
85 108
85 111
85 118
85 120
85 121
86 10
86 14
86 15
86 25
86 39
86 43
86 44
86 48
86 56
86 62
86 67
86 73
86 74
86 75
86 88
86 102
86 106
86 109
86 116
86 121
86 124
87 1
87 2
87 14
87 16
87 17
87 18
87 24
87 31
87 32
87 33
87 41
87 44
87 49
87 55
87 61
87 63
87 67
87 71
87 78
87 81
87 89
87 93
87 96
87 97
87 101
87 106
87 111
87 115
87 122
87 124
88 2
88 3
88 9
88 10
88 12
88 13
88 34
88 38
88 45
88 46
88 53
88 55
88 58
88 66
88 72
88 73
88 76
88 79
88 82
88 87
88 88
88 97
88 99
88 105
88 116
88 117
88 124
88 127
89 4
89 11
89 26
89 28
89 32
89 35
89 45
89 48
89 49
89 54
89 64
89 68
89 75
89 92
89 95
89 110
89 124
90 0
90 2
90 3
90 4
90 15
90 18
90 22
90 23
90 31
90 32
90 34
90 36
90 37
90 38
90 51
90 54
90 61
90 64
90 69
90 72
90 74
90 87
90 89
90 90
90 92
90 93
90 95
90 96
90 105
90 113
90 114
90 116
90 125
91 14
91 15
91 17
91 21
91 25
91 32
91 49
91 52
91 56
91 59
91 66
91 68
91 73
91 74
91 75
91 78
91 81
91 88
91 90
91 106
91 108
91 112
91 113
91 123
92 1
92 13
92 15
92 17
92 20
92 28
92 30
92 32
92 33
92 38
92 43
92 44
92 58
92 59
92 61
92 70
92 71
92 77
92 85
92 92
92 99
92 102
92 109
92 112
92 118
92 122
92 124
93 0
93 2
93 4
93 10
93 11
93 14
93 24
93 29
93 34
93 35
93 37
93 45
93 57
93 63
93 71
93 76
93 91
93 102
93 108
93 111
93 113
93 120
93 125
94 1
94 3
94 6
94 7
94 13
94 23
94 31
94 34
94 39
94 41
94 45
94 53
94 61
94 68
94 81
94 85
94 87
94 97
94 117
94 124
95 3
95 5
95 8
95 23
95 28
95 42
95 45
95 47
95 51
95 52
95 61
95 63
95 67
95 75
95 79
95 83
95 90
95 104
95 119
95 120
95 127
96 4
96 10
96 13
96 17
96 19
96 23
96 37
96 40
96 48
96 51
96 60
96 69
96 83
96 85
96 93
96 112
96 116
96 119
96 122
96 126
96 127
97 6
97 7
97 8
97 14
97 17
97 25
97 27
97 32
97 36
97 40
97 48
97 52
97 53
97 54
97 57
97 63
97 70
97 73
97 83
97 91
97 98
97 103
97 107
97 108
97 109
97 111
97 114
97 115
97 116
97 122
98 9
98 12
98 17
98 26
98 32
98 34
98 37
98 45
98 50
98 53
98 56
98 62
98 63
98 68
98 69
98 73
98 85
98 92
98 93
98 100
98 101
98 103
98 105
98 110
98 120
98 125
99 4
99 10
99 16
99 20
99 25
99 28
99 29
99 31
99 32
99 34
99 36
99 40
99 41
99 47
99 50
99 51
99 59
99 62
99 64
99 67
99 86
99 94
99 104
99 106
99 109
99 115
99 118
99 119
100 1
100 4
100 6
100 12
100 13
100 18
100 20
100 21
100 22
100 25
100 34
100 35
100 36
100 37
100 52
100 63
100 64
100 71
100 78
100 79
100 93
100 94
100 95
100 98
100 102
100 104
100 109
100 112
100 119
101 2
101 9
101 13
101 15
101 16
101 17
101 19
101 23
101 26
101 31
101 32
101 38
101 40
101 41
101 43
101 53
101 54
101 56
101 61
101 62
101 73
101 77
101 85
101 88
101 89
101 91
101 95
101 98
101 101
101 103
101 104
101 121
101 126
102 6
102 7
102 13
102 14
102 24
102 25
102 26
102 28
102 30
102 42
102 46
102 50
102 58
102 59
102 64
102 71
102 84
102 85
102 87
102 89
102 90
102 115
102 121
103 2
103 6
103 15
103 20
103 23
103 26
103 34
103 37
103 49
103 62
103 63
103 64
103 65
103 74
103 76
103 82
103 83
103 89
103 90
103 100
103 106
103 109
103 112
103 117
103 126
104 0
104 12
104 17
104 22
104 23
104 33
104 41
104 44
104 51
104 52
104 53
104 57
104 60
104 62
104 63
104 64
104 70
104 75
104 83
104 112
104 113
104 117
104 120
104 121
105 0
105 4
105 10
105 21
105 31
105 32
105 34
105 35
105 36
105 38
105 54
105 55
105 74
105 86
105 88
105 89
105 90
105 91
105 113
105 116
105 126
105 127
106 0
106 7
106 9
106 11
106 15
106 28
106 39
106 46
106 52
106 62
106 63
106 64
106 67
106 77
106 91
106 92
106 96
106 104
106 111
106 113
106 114
106 115
106 120
106 124
107 7
107 8
107 10
107 16
107 22
107 29
107 32
107 37
107 47
107 51
107 57
107 58
107 60
107 71
107 72
107 77
107 78
107 91
107 92
107 96
107 98
107 102
107 116
107 125
108 11
108 13
108 15
108 17
108 18
108 21
108 27
108 31
108 43
108 58
108 59
108 61
108 68
108 75
108 77
108 82
108 86
108 93
108 94
108 96
108 99
108 111
108 112
108 114
108 115
108 117
108 124
108 126
109 0
109 9
109 17
109 19
109 20
109 24
109 29
109 30
109 33
109 37
109 40
109 48
109 52
109 54
109 56
109 59
109 68
109 80
109 81
109 85
109 92
109 94
109 98
109 102
109 104
109 117
109 120
109 121
109 125
110 1
110 4
110 8
110 9
110 12
110 28
110 32
110 33
110 38
110 42
110 44
110 50
110 52
110 57
110 63
110 71
110 72
110 86
110 87
110 111
110 115
110 117
110 118
110 119
111 6
111 10
111 12
111 13
111 16
111 19
111 22
111 23
111 40
111 41
111 45
111 46
111 48
111 50
111 53
111 57
111 61
111 69
111 70
111 75
111 93
111 102
111 110
111 113
111 120
111 121
111 126
112 3
112 6
112 7
112 21
112 28
112 29
112 32
112 34
112 38
112 41
112 46
112 64
112 65
112 68
112 72
112 73
112 77
112 80
112 86
112 88
112 90
112 94
112 100
112 102
112 103
112 106
112 113
112 114
112 122
112 126
113 0
113 10
113 16
113 18
113 28
113 35
113 37
113 38
113 39
113 41
113 45
113 54
113 57
113 58
113 59
113 63
113 65
113 69
113 83
113 99
113 104
113 105
113 115
113 122
113 126
114 2
114 7
114 14
114 19
114 20
114 24
114 28
114 32
114 41
114 43
114 44
114 45
114 55
114 58
114 61
114 66
114 67
114 74
114 80
114 84
114 88
114 91
114 96
114 100
114 103
114 104
114 106
114 116
114 119
114 124
114 125
115 0
115 7
115 9
115 13
115 23
115 33
115 39
115 41
115 45
115 46
115 47
115 50
115 52
115 54
115 74
115 77
115 78
115 84
115 90
115 94
115 95
115 98
115 106
115 110
115 111
115 118
115 119
115 124
115 127
116 5
116 11
116 18
116 20
116 43
116 54
116 55
116 56
116 58
116 59
116 60
116 61
116 64
116 67
116 74
116 89
116 90
116 100
116 101
116 106
116 109
116 115
116 127
117 0
117 7
117 10
117 18
117 22
117 24
117 26
117 37
117 43
117 44
117 45
117 49
117 53
117 55
117 58
117 60
117 64
117 69
117 70
117 80
117 82
117 85
117 96
117 98
117 99
117 100
117 104
117 105
117 107
117 127
118 0
118 20
118 21
118 24
118 29
118 32
118 47
118 49
118 50
118 52
118 56
118 57
118 59
118 74
118 79
118 80
118 91
118 97
118 109
118 111
118 112
118 113
118 121
118 127
119 7
119 14
119 27
119 32
119 33
119 34
119 35
119 43
119 48
119 49
119 50
119 78
119 86
119 95
119 96
119 100
119 104
119 106
119 108
119 110
119 120
119 124
120 0
120 7
120 16
120 23
120 24
120 25
120 26
120 27
120 34
120 37
120 38
120 40
120 44
120 46
120 49
120 52
120 54
120 55
120 57
120 58
120 63
120 71
120 72
120 73
120 81
120 83
120 94
120 95
120 97
120 100
120 106
120 115
120 117
120 118
120 120
120 126
121 6
121 29
121 37
121 41
121 54
121 58
121 71
121 74
121 77
121 80
121 83
121 91
121 92
121 102
121 112
121 113
121 117
121 118
121 121
121 126
122 3
122 8
122 15
122 18
122 20
122 21
122 22
122 26
122 31
122 36
122 41
122 43
122 49
122 50
122 52
122 55
122 66
122 71
122 76
122 79
122 84
122 87
122 92
122 93
122 95
122 97
122 98
122 110
122 115
122 121
122 122
122 123
122 126
123 0
123 2
123 5
123 13
123 14
123 16
123 20
123 30
123 33
123 36
123 37
123 47
123 54
123 55
123 58
123 62
123 64
123 67
123 75
123 86
123 90
123 96
123 104
123 108
123 109
123 110
123 115
123 122
123 124
124 16
124 18
124 19
124 22
124 25
124 36
124 39
124 45
124 47
124 51
124 52
124 67
124 72
124 75
124 83
124 86
124 91
124 94
124 105
124 106
124 118
124 122
125 2
125 3
125 7
125 11
125 16
125 17
125 23
125 25
125 26
125 34
125 35
125 36
125 38
125 40
125 54
125 66
125 70
125 77
125 82
125 86
125 88
125 89
125 92
125 97
125 112
125 116
125 117
125 124
126 2
126 25
126 44
126 50
126 52
126 58
126 67
126 68
126 74
126 80
126 83
126 93
126 99
126 107
126 114
126 116
126 122
126 124
126 126
127 1
127 4
127 5
127 7
127 16
127 19
127 21
127 22
127 25
127 31
127 33
127 37
127 38
127 39
127 42
127 45
127 46
127 51
127 57
127 60
127 67
127 68
127 74
127 81
127 90
127 91
127 92
127 98
127 99
127 103
127 113
127 115
127 117
127 123
