0 0
0 1
0 11
0 12
0 13
0 19
0 23
0 25
0 26
0 29
0 31
0 33
0 40
0 41
0 43
0 45
0 46
0 49
0 50
0 51
0 54
0 55
0 57
0 58
0 59
0 69
0 70
0 72
0 74
0 75
0 79
0 82
0 83
0 84
0 87
0 88
0 89
0 90
0 93
0 95
0 96
0 104
0 110
0 111
0 112
0 114
0 115
0 117
0 119
0 120
0 122
0 123
0 126
1 1
1 2
1 3
1 4
1 5
1 6
1 7
1 13
1 14
1 20
1 27
1 30
1 33
1 34
1 36
1 42
1 43
1 47
1 48
1 49
1 50
1 52
1 54
1 55
1 56
1 59
1 64
1 66
1 72
1 73
1 74
1 77
1 80
1 81
1 83
1 84
1 86
1 88
1 89
1 91
1 94
1 95
1 96
1 106
1 107
1 110
1 111
1 115
1 116
1 118
1 119
1 120
1 122
1 127
2 4
2 7
2 10
2 11
2 12
2 13
2 14
2 15
2 20
2 24
2 25
2 26
2 29
2 34
2 36
2 37
2 40
2 41
2 44
2 56
2 58
2 59
2 60
2 61
2 65
2 69
2 70
2 77
2 78
2 79
2 83
2 84
2 86
2 90
2 92
2 95
2 99
2 101
2 106
2 111
2 112
2 113
2 117
2 120
2 125
2 126
2 127
3 1
3 2
3 4
3 5
3 7
3 8
3 11
3 13
3 21
3 22
3 23
3 26
3 27
3 28
3 30
3 33
3 36
3 40
3 41
3 61
3 64
3 65
3 66
3 70
3 73
3 74
3 75
3 76
3 78
3 81
3 84
3 89
3 94
3 100
3 104
3 105
3 109
3 111
3 112
3 113
3 121
3 122
3 123
3 125
3 127
4 0
4 2
4 3
4 4
4 5
4 7
4 8
4 9
4 11
4 15
4 18
4 20
4 21
4 28
4 31
4 37
4 38
4 39
4 41
4 43
4 44
4 46
4 47
4 49
4 50
4 54
4 55
4 56
4 57
4 58
4 61
4 69
4 75
4 76
4 78
4 80
4 81
4 82
4 84
4 87
4 90
4 92
4 93
4 94
4 95
4 97
4 102
4 103
4 105
4 108
4 109
4 114
4 120
4 124
4 127
5 1
5 3
5 10
5 11
5 12
5 14
5 18
5 19
5 22
5 24
5 26
5 31
5 39
5 40
5 41
5 43
5 45
5 46
5 47
5 48
5 49
5 51
5 54
5 58
5 61
5 62
5 63
5 64
5 65
5 73
5 74
5 75
5 76
5 78
5 83
5 85
5 87
5 91
5 95
5 97
5 98
5 100
5 104
5 107
5 109
5 111
5 117
5 122
5 124
6 5
6 7
6 10
6 11
6 12
6 19
6 20
6 23
6 26
6 30
6 36
6 39
6 41
6 46
6 49
6 54
6 57
6 59
6 60
6 62
6 63
6 65
6 74
6 75
6 76
6 77
6 79
6 80
6 82
6 83
6 84
6 85
6 91
6 94
6 96
6 97
6 98
6 102
6 103
6 105
6 114
6 118
6 121
7 1
7 6
7 7
7 8
7 9
7 12
7 13
7 14
7 15
7 17
7 18
7 20
7 21
7 22
7 23
7 24
7 27
7 32
7 35
7 39
7 40
7 45
7 50
7 54
7 57
7 60
7 62
7 63
7 66
7 68
7 69
7 71
7 72
7 74
7 76
7 78
7 80
7 82
7 86
7 88
7 89
7 90
7 92
7 94
7 99
7 101
7 108
7 109
7 114
7 115
7 118
7 119
7 122
7 123
7 124
7 126
7 127
8 0
8 1
8 2
8 8
8 14
8 20
8 22
8 26
8 27
8 29
8 30
8 32
8 33
8 34
8 35
8 41
8 42
8 45
8 48
8 50
8 57
8 59
8 61
8 63
8 65
8 66
8 69
8 70
8 73
8 76
8 77
8 79
8 81
8 84
8 85
8 86
8 88
8 89
8 90
8 91
8 95
8 101
8 104
8 106
8 108
8 111
8 113
8 114
8 115
8 117
8 120
8 122
8 123
8 125
8 127
9 4
9 5
9 9
9 10
9 16
9 17
9 19
9 21
9 22
9 26
9 32
9 33
9 34
9 35
9 38
9 39
9 40
9 41
9 44
9 46
9 47
9 51
9 52
9 55
9 57
9 58
9 60
9 61
9 64
9 67
9 68
9 69
9 74
9 79
9 81
9 89
9 90
9 92
9 94
9 97
9 99
9 100
9 102
9 104
9 109
9 117
9 120
9 121
9 122
9 125
9 126
10 7
10 9
10 14
10 15
10 16
10 17
10 18
10 19
10 22
10 27
10 30
10 37
10 38
10 41
10 42
10 43
10 48
10 51
10 52
10 53
10 56
10 58
10 63
10 64
10 66
10 69
10 70
10 71
10 73
10 74
10 75
10 82
10 83
10 87
10 89
10 93
10 94
10 97
10 98
10 106
10 111
10 113
10 114
10 117
10 120
11 2
11 7
11 9
11 12
11 13
11 15
11 16
11 18
11 25
11 31
11 36
11 37
11 41
11 42
11 43
11 44
11 45
11 49
11 52
11 53
11 54
11 55
11 58
11 60
11 62
11 66
11 70
11 73
11 76
11 79
11 85
11 87
11 88
11 90
11 92
11 93
11 99
11 100
11 104
11 105
11 106
11 107
11 108
11 109
11 110
11 112
11 113
11 114
11 115
11 116
11 119
11 121
12 0
12 2
12 7
12 10
12 14
12 15
12 18
12 23
12 25
12 27
12 30
12 32
12 33
12 34
12 37
12 48
12 50
12 59
12 63
12 65
12 67
12 75
12 76
12 78
12 80
12 82
12 83
12 85
12 91
12 93
12 95
12 98
12 106
12 107
12 109
12 114
12 115
12 116
12 119
12 121
12 122
12 123
12 124
13 5
13 7
13 8
13 11
13 13
13 16
13 17
13 19
13 20
13 21
13 24
13 26
13 28
13 33
13 34
13 35
13 36
13 37
13 41
13 42
13 45
13 53
13 55
13 57
13 61
13 63
13 64
13 65
13 66
13 70
13 72
13 73
13 78
13 79
13 82
13 84
13 87
13 90
13 93
13 94
13 96
13 97
13 102
13 103
13 104
13 109
13 111
13 112
13 114
13 115
13 117
13 122
13 125
13 127
14 3
14 7
14 9
14 13
14 14
14 15
14 18
14 19
14 20
14 25
14 29
14 31
14 34
14 38
14 39
14 40
14 42
14 49
14 51
14 54
14 58
14 61
14 63
14 67
14 69
14 72
14 73
14 76
14 90
14 91
14 93
14 97
14 98
14 100
14 104
14 106
14 107
14 112
14 113
14 117
14 120
14 122
14 123
15 3
15 4
15 5
15 6
15 7
15 9
15 15
15 17
15 18
15 20
15 23
15 24
15 27
15 31
15 35
15 37
15 38
15 43
15 44
15 45
15 47
15 48
15 55
15 58
15 61
15 63
15 64
15 66
15 69
15 70
15 71
15 74
15 75
15 77
15 78
15 83
15 87
15 88
15 93
15 94
15 95
15 96
15 98
15 102
15 103
15 105
15 108
15 109
15 111
15 114
15 115
15 118
15 119
15 123
15 125
16 0
16 1
16 2
16 3
16 4
16 6
16 8
16 10
16 11
16 14
16 16
16 17
16 20
16 22
16 25
16 35
16 38
16 39
16 40
16 41
16 45
16 46
16 48
16 49
16 50
16 51
16 53
16 54
16 55
16 56
16 59
16 60
16 62
16 66
16 69
16 76
16 77
16 78
16 79
16 80
16 81
16 85
16 86
16 89
16 92
16 94
16 96
16 97
16 98
16 100
16 101
16 105
16 107
16 108
16 110
16 118
16 119
16 120
16 121
16 123
16 124
17 0
17 3
17 7
17 8
17 14
17 15
17 18
17 20
17 21
17 24
17 26
17 29
17 32
17 33
17 35
17 39
17 45
17 46
17 48
17 51
17 54
17 57
17 59
17 63
17 64
17 65
17 69
17 71
17 76
17 77
17 78
17 79
17 81
17 83
17 86
17 89
17 90
17 91
17 94
17 95
17 96
17 98
17 103
17 105
17 108
17 111
17 112
17 114
17 121
17 122
18 5
18 7
18 8
18 9
18 20
18 21
18 24
18 26
18 28
18 41
18 42
18 48
18 49
18 55
18 58
18 60
18 62
18 64
18 66
18 69
18 70
18 73
18 79
18 82
18 83
18 87
18 89
18 91
18 92
18 93
18 94
18 100
18 101
18 103
18 104
18 109
18 110
18 111
18 116
18 117
18 119
18 121
18 122
18 127
19 1
19 2
19 6
19 11
19 13
19 14
19 15
19 17
19 22
19 25
19 26
19 28
19 30
19 32
19 35
19 36
19 39
19 44
19 46
19 47
19 48
19 58
19 60
19 66
19 68
19 70
19 74
19 77
19 78
19 79
19 80
19 84
19 86
19 87
19 88
19 93
19 98
19 99
19 102
19 103
19 105
19 107
19 109
19 113
19 115
19 117
19 120
19 121
19 123
19 124
19 127
20 6
20 8
20 9
20 10
20 11
20 12
20 14
20 16
20 17
20 20
20 22
20 27
20 30
20 32
20 34
20 36
20 37
20 40
20 42
20 43
20 44
20 46
20 47
20 49
20 52
20 53
20 55
20 56
20 62
20 63
20 65
20 68
20 70
20 72
20 78
20 79
20 80
20 83
20 84
20 85
20 87
20 88
20 90
20 92
20 95
20 96
20 97
20 99
20 100
20 103
20 105
20 107
20 114
20 115
20 121
20 122
20 124
20 126
21 0
21 4
21 6
21 17
21 19
21 22
21 24
21 25
21 26
21 30
21 31
21 33
21 37
21 40
21 44
21 46
21 47
21 49
21 51
21 54
21 55
21 56
21 57
21 58
21 59
21 60
21 65
21 67
21 68
21 69
21 70
21 73
21 75
21 76
21 78
21 79
21 82
21 84
21 88
21 94
21 97
21 98
21 100
21 104
21 107
21 108
21 111
21 113
21 118
21 120
22 2
22 8
22 14
22 15
22 16
22 22
22 25
22 32
22 33
22 35
22 50
22 52
22 54
22 57
22 58
22 65
22 66
22 68
22 69
22 71
22 72
22 76
22 78
22 79
22 83
22 85
22 89
22 90
22 91
22 94
22 97
22 98
22 99
22 101
22 102
22 103
22 106
22 108
22 109
22 112
22 114
22 116
22 118
22 119
22 122
23 1
23 3
23 7
23 8
23 13
23 20
23 22
23 23
23 25
23 36
23 38
23 40
23 42
23 44
23 50
23 52
23 56
23 58
23 64
23 66
23 67
23 73
23 76
23 77
23 80
23 85
23 86
23 88
23 91
23 93
23 94
23 95
23 100
23 101
23 103
23 107
23 109
23 112
23 115
23 121
23 122
23 124
24 4
24 10
24 16
24 20
24 24
24 26
24 27
24 29
24 33
24 37
24 38
24 46
24 51
24 54
24 55
24 57
24 60
24 61
24 62
24 65
24 66
24 67
24 69
24 71
24 75
24 79
24 81
24 82
24 87
24 90
24 93
24 95
24 97
24 101
24 103
24 108
24 109
24 110
24 111
24 115
24 117
24 121
24 122
24 123
24 126
25 0
25 1
25 2
25 4
25 6
25 8
25 9
25 14
25 15
25 18
25 19
25 21
25 22
25 23
25 24
25 29
25 31
25 33
25 34
25 35
25 38
25 39
25 40
25 42
25 44
25 45
25 46
25 51
25 52
25 54
25 55
25 56
25 58
25 64
25 65
25 66
25 68
25 75
25 78
25 79
25 81
25 83
25 85
25 86
25 87
25 94
25 95
25 107
25 109
25 110
25 111
25 113
25 118
25 126
25 127
26 0
26 3
26 5
26 6
26 8
26 10
26 12
26 15
26 16
26 21
26 23
26 32
26 37
26 38
26 39
26 41
26 42
26 43
26 44
26 46
26 47
26 50
26 52
26 55
26 58
26 62
26 66
26 68
26 71
26 73
26 75
26 78
26 86
26 87
26 88
26 89
26 93
26 94
26 97
26 98
26 99
26 103
26 104
26 107
26 109
26 110
26 111
26 112
26 114
26 115
26 120
27 0
27 1
27 5
27 6
27 7
27 10
27 11
27 12
27 15
27 16
27 18
27 22
27 24
27 25
27 26
27 27
27 28
27 30
27 36
27 39
27 41
27 44
27 45
27 46
27 47
27 49
27 50
27 52
27 56
27 58
27 61
27 63
27 64
27 65
27 69
27 70
27 71
27 72
27 74
27 75
27 77
27 79
27 83
27 85
27 87
27 90
27 93
27 94
27 95
27 97
27 100
27 101
27 102
27 103
27 104
27 106
27 109
27 112
27 113
27 115
27 126
28 0
28 1
28 8
28 9
28 13
28 15
28 19
28 28
28 29
28 36
28 37
28 39
28 40
28 41
28 42
28 43
28 52
28 53
28 55
28 56
28 61
28 63
28 64
28 69
28 78
28 79
28 81
28 82
28 83
28 86
28 88
28 90
28 92
28 97
28 98
28 100
28 102
28 105
28 109
28 111
28 115
28 120
28 121
28 126
29 1
29 4
29 9
29 10
29 14
29 16
29 17
29 18
29 19
29 20
29 21
29 22
29 24
29 26
29 31
29 32
29 33
29 34
29 35
29 36
29 38
29 39
29 44
29 45
29 47
29 53
29 55
29 57
29 58
29 60
29 61
29 63
29 66
29 67
29 68
29 69
29 71
29 74
29 75
29 79
29 80
29 81
29 82
29 83
29 86
29 94
29 96
29 97
29 99
29 100
29 101
29 103
29 113
29 115
29 116
29 119
29 121
29 124
29 126
30 5
30 9
30 10
30 11
30 17
30 18
30 21
30 24
30 30
30 34
30 38
30 43
30 48
30 50
30 56
30 59
30 62
30 68
30 72
30 73
30 77
30 78
30 79
30 80
30 85
30 87
30 88
30 90
30 91
30 93
30 95
30 106
30 107
30 109
30 111
30 113
30 116
30 118
30 119
31 4
31 8
31 9
31 10
31 11
31 15
31 16
31 22
31 24
31 28
31 31
31 34
31 35
31 38
31 49
31 50
31 53
31 55
31 56
31 57
31 59
31 63
31 67
31 72
31 73
31 78
31 79
31 81
31 82
31 85
31 89
31 91
31 92
31 93
31 94
31 95
31 99
31 100
31 102
31 103
31 104
31 106
31 107
31 111
31 117
31 120
31 122
31 125
31 126
31 127
32 0
32 1
32 2
32 4
32 8
32 9
32 12
32 13
32 18
32 26
32 28
32 29
32 35
32 39
32 45
32 47
32 48
32 51
32 52
32 56
32 59
32 60
32 61
32 62
32 65
32 67
32 68
32 69
32 71
32 72
32 74
32 76
32 77
32 78
32 83
32 86
32 89
32 92
32 93
32 94
32 95
32 104
32 106
32 107
32 110
32 113
32 114
32 117
32 121
32 123
32 124
32 126
33 1
33 11
33 12
33 14
33 17
33 18
33 21
33 27
33 30
33 33
33 35
33 37
33 46
33 48
33 49
33 56
33 57
33 58
33 60
33 62
33 63
33 64
33 65
33 66
33 67
33 70
33 71
33 75
33 77
33 78
33 81
33 87
33 88
33 92
33 98
33 99
33 103
33 107
33 108
33 109
33 110
33 112
33 117
33 123
33 126
34 0
34 2
34 6
34 9
34 11
34 12
34 16
34 24
34 25
34 32
34 34
34 35
34 37
34 41
34 42
34 43
34 46
34 47
34 48
34 49
34 55
34 57
34 58
34 59
34 62
34 66
34 67
34 69
34 70
34 72
34 73
34 76
34 79
34 84
34 89
34 93
34 95
34 96
34 99
34 100
34 102
34 103
34 104
34 105
34 113
34 114
34 119
34 120
34 126
35 0
35 1
35 4
35 8
35 9
35 10
35 12
35 14
35 15
35 20
35 27
35 30
35 31
35 34
35 35
35 37
35 38
35 43
35 46
35 48
35 53
35 55
35 57
35 59
35 61
35 65
35 66
35 70
35 72
35 74
35 75
35 77
35 78
35 79
35 83
35 84
35 86
35 87
35 88
35 92
35 93
35 95
35 96
35 101
35 108
35 112
35 117
35 121
35 123
35 124
35 125
35 126
36 2
36 7
36 8
36 16
36 17
36 18
36 19
36 22
36 23
36 24
36 27
36 29
36 32
36 33
36 35
36 39
36 40
36 41
36 43
36 45
36 46
36 47
36 48
36 49
36 51
36 53
36 57
36 58
36 62
36 63
36 68
36 69
36 70
36 72
36 76
36 81
36 82
36 83
36 84
36 85
36 87
36 88
36 90
36 93
36 94
36 96
36 97
36 98
36 103
36 104
36 105
36 107
36 110
36 111
36 115
36 117
36 120
36 121
36 123
36 124
36 126
37 2
37 3
37 4
37 10
37 15
37 19
37 21
37 23
37 30
37 33
37 36
37 37
37 39
37 40
37 41
37 45
37 49
37 51
37 52
37 53
37 54
37 55
37 56
37 57
37 58
37 59
37 61
37 71
37 75
37 81
37 84
37 85
37 89
37 92
37 98
37 99
37 100
37 102
37 103
37 104
37 105
37 108
37 109
37 115
37 117
37 119
37 120
37 123
37 124
37 125
37 126
38 0
38 1
38 2
38 3
38 4
38 7
38 9
38 11
38 21
38 27
38 30
38 32
38 36
38 37
38 38
38 41
38 45
38 46
38 48
38 49
38 50
38 55
38 60
38 61
38 63
38 64
38 66
38 67
38 69
38 76
38 77
38 81
38 82
38 84
38 86
38 88
38 89
38 94
38 95
38 101
38 103
38 104
38 105
38 106
38 109
38 111
38 112
38 114
38 118
38 120
38 122
38 124
38 125
38 126
39 0
39 3
39 9
39 16
39 17
39 18
39 19
39 22
39 24
39 25
39 40
39 42
39 44
39 45
39 47
39 48
39 53
39 55
39 56
39 57
39 61
39 62
39 64
39 65
39 71
39 72
39 78
39 81
39 82
39 86
39 87
39 91
39 101
39 103
39 105
39 108
39 110
39 111
39 120
39 121
39 123
39 124
40 6
40 7
40 8
40 10
40 11
40 12
40 13
40 16
40 18
40 20
40 23
40 25
40 28
40 29
40 30
40 32
40 34
40 35
40 39
40 40
40 49
40 50
40 54
40 55
40 56
40 57
40 58
40 60
40 63
40 66
40 69
40 71
40 73
40 77
40 79
40 81
40 83
40 85
40 86
40 89
40 90
40 91
40 92
40 94
40 100
40 103
40 110
40 111
40 112
40 116
40 117
40 121
40 123
40 124
40 126
40 127
41 1
41 3
41 5
41 8
41 12
41 13
41 15
41 18
41 21
41 22
41 28
41 31
41 37
41 39
41 41
41 42
41 49
41 50
41 53
41 55
41 58
41 59
41 61
41 63
41 64
41 66
41 70
41 73
41 75
41 81
41 82
41 83
41 87
41 89
41 90
41 92
41 93
41 95
41 97
41 98
41 106
41 108
41 110
41 116
41 117
41 118
41 119
41 121
41 122
41 124
41 126
42 2
42 7
42 12
42 14
42 17
42 22
42 23
42 24
42 25
42 27
42 31
42 32
42 33
42 34
42 37
42 38
42 41
42 42
42 43
42 50
42 51
42 55
42 57
42 61
42 63
42 64
42 65
42 66
42 68
42 71
42 77
42 78
42 80
42 81
42 83
42 85
42 89
42 91
42 92
42 93
42 98
42 102
42 108
42 111
42 117
42 119
42 121
42 122
42 124
42 125
42 126
42 127
43 2
43 3
43 4
43 7
43 10
43 13
43 14
43 15
43 17
43 18
43 22
43 23
43 24
43 27
43 29
43 32
43 34
43 36
43 37
43 39
43 41
43 45
43 46
43 50
43 51
43 52
43 55
43 56
43 57
43 58
43 59
43 63
43 65
43 71
43 72
43 74
43 78
43 79
43 81
43 83
43 84
43 85
43 86
43 87
43 88
43 89
43 91
43 93
43 94
43 97
43 104
43 110
43 111
43 113
43 118
43 119
43 120
43 124
43 127
44 3
44 6
44 7
44 11
44 14
44 15
44 16
44 17
44 21
44 22
44 24
44 27
44 30
44 31
44 33
44 37
44 40
44 45
44 46
44 51
44 52
44 58
44 59
44 63
44 64
44 67
44 70
44 76
44 79
44 81
44 83
44 85
44 87
44 90
44 91
44 93
44 94
44 99
44 101
44 104
44 108
44 109
44 113
44 115
44 122
44 124
45 2
45 3
45 8
45 13
45 14
45 15
45 19
45 24
45 27
45 31
45 32
45 34
45 35
45 36
45 37
45 40
45 41
45 47
45 48
45 50
45 51
45 54
45 55
45 61
45 62
45 63
45 71
45 73
45 74
45 78
45 79
45 82
45 83
45 84
45 89
45 97
45 98
45 100
45 101
45 102
45 105
45 106
45 109
45 113
45 116
45 119
45 121
45 123
45 124
45 125
46 0
46 1
46 11
46 12
46 16
46 17
46 20
46 22
46 23
46 24
46 28
46 37
46 41
46 46
46 48
46 50
46 51
46 52
46 54
46 55
46 56
46 58
46 59
46 60
46 61
46 62
46 63
46 64
46 65
46 66
46 70
46 71
46 74
46 77
46 78
46 79
46 81
46 82
46 85
46 86
46 87
46 88
46 89
46 107
46 109
46 110
46 116
46 117
46 118
46 119
46 120
46 121
47 0
47 1
47 4
47 5
47 7
47 9
47 11
47 13
47 14
47 15
47 17
47 20
47 23
47 24
47 25
47 28
47 32
47 35
47 36
47 37
47 41
47 43
47 44
47 47
47 51
47 52
47 54
47 55
47 59
47 64
47 66
47 67
47 69
47 70
47 72
47 75
47 76
47 79
47 80
47 82
47 83
47 86
47 90
47 92
47 93
47 96
47 97
47 98
47 102
47 104
47 106
47 108
47 110
47 112
47 113
47 114
47 115
47 124
48 0
48 2
48 5
48 7
48 10
48 12
48 13
48 14
48 22
48 31
48 33
48 37
48 40
48 45
48 47
48 50
48 52
48 53
48 54
48 59
48 65
48 78
48 79
48 83
48 85
48 87
48 91
48 92
48 93
48 94
48 95
48 97
48 100
48 101
48 103
48 104
48 105
48 108
48 109
48 110
48 111
48 120
48 121
48 122
48 124
48 125
49 0
49 3
49 4
49 5
49 10
49 14
49 15
49 19
49 23
49 24
49 25
49 35
49 37
49 38
49 39
49 40
49 43
49 44
49 47
49 50
49 51
49 52
49 53
49 54
49 55
49 57
49 61
49 62
49 63
49 65
49 68
49 69
49 71
49 72
49 75
49 77
49 78
49 79
49 83
49 84
49 86
49 88
49 89
49 92
49 95
49 98
49 99
49 100
49 101
49 110
49 111
49 112
49 121
49 124
49 125
49 127
50 0
50 1
50 2
50 8
50 9
50 14
50 15
50 16
50 18
50 19
50 21
50 23
50 24
50 25
50 27
50 28
50 32
50 42
50 44
50 46
50 47
50 48
50 51
50 52
50 54
50 55
50 57
50 59
50 64
50 66
50 68
50 70
50 71
50 77
50 79
50 80
50 81
50 82
50 85
50 88
50 91
50 95
50 97
50 98
50 99
50 102
50 104
50 106
50 108
50 110
50 111
50 114
50 118
50 121
50 122
51 0
51 5
51 8
51 11
51 12
51 15
51 16
51 17
51 19
51 20
51 24
51 25
51 35
51 37
51 39
51 41
51 45
51 47
51 54
51 56
51 59
51 60
51 66
51 68
51 69
51 73
51 74
51 75
51 76
51 78
51 79
51 81
51 84
51 89
51 90
51 92
51 94
51 95
51 99
51 106
51 107
51 109
51 110
51 111
51 113
51 114
51 115
51 116
51 118
51 119
51 123
51 125
51 126
51 127
52 2
52 6
52 7
52 8
52 10
52 13
52 17
52 24
52 25
52 29
52 30
52 31
52 33
52 35
52 37
52 38
52 40
52 43
52 44
52 48
52 49
52 50
52 52
52 53
52 54
52 55
52 58
52 60
52 63
52 66
52 69
52 70
52 73
52 76
52 77
52 81
52 82
52 83
52 85
52 88
52 89
52 90
52 92
52 93
52 95
52 98
52 101
52 102
52 105
52 109
52 114
52 115
52 116
52 118
52 127
53 2
53 5
53 7
53 8
53 12
53 18
53 23
53 27
53 30
53 34
53 35
53 37
53 40
53 41
53 43
53 44
53 48
53 50
53 53
53 54
53 56
53 60
53 63
53 65
53 66
53 68
53 69
53 71
53 74
53 77
53 81
53 84
53 87
53 88
53 89
53 91
53 93
53 94
53 96
53 98
53 99
53 102
53 106
53 111
53 114
53 117
53 122
53 123
53 124
53 127
54 1
54 4
54 5
54 6
54 10
54 13
54 14
54 15
54 17
54 19
54 20
54 21
54 22
54 24
54 37
54 40
54 41
54 44
54 46
54 52
54 55
54 56
54 57
54 58
54 59
54 64
54 66
54 68
54 71
54 72
54 73
54 78
54 81
54 84
54 85
54 88
54 89
54 90
54 91
54 93
54 96
54 101
54 110
54 112
54 114
54 116
54 119
54 120
54 121
54 123
55 5
55 6
55 9
55 11
55 14
55 25
55 32
55 33
55 35
55 36
55 40
55 42
55 44
55 47
55 49
55 50
55 51
55 55
55 57
55 59
55 62
55 65
55 67
55 68
55 69
55 70
55 73
55 74
55 75
55 79
55 82
55 84
55 87
55 91
55 100
55 102
55 105
55 106
55 108
55 113
55 114
55 115
55 120
55 121
55 124
56 2
56 4
56 5
56 6
56 8
56 10
56 14
56 15
56 16
56 17
56 18
56 19
56 20
56 22
56 25
56 27
56 30
56 39
56 42
56 47
56 52
56 53
56 56
56 57
56 58
56 59
56 60
56 63
56 64
56 73
56 80
56 81
56 87
56 92
56 93
56 94
56 96
56 98
56 99
56 102
56 106
56 112
56 118
56 119
56 120
56 121
56 122
56 125
56 126
57 6
57 8
57 10
57 12
57 17
57 19
57 27
57 31
57 32
57 34
57 36
57 37
57 40
57 45
57 48
57 49
57 51
57 52
57 58
57 64
57 68
57 76
57 77
57 81
57 82
57 83
57 88
57 89
57 91
57 95
57 98
57 101
57 105
57 107
57 109
57 112
57 113
57 114
57 124
57 125
57 127
58 10
58 11
58 22
58 23
58 24
58 30
58 32
58 33
58 34
58 35
58 37
58 38
58 43
58 46
58 47
58 48
58 49
58 53
58 54
58 55
58 56
58 57
58 58
58 62
58 66
58 70
58 72
58 83
58 90
58 92
58 93
58 94
58 95
58 96
58 98
58 99
58 108
58 109
58 110
58 113
58 114
58 118
58 119
58 120
58 125
59 2
59 4
59 7
59 10
59 12
59 15
59 16
59 17
59 19
59 22
59 25
59 27
59 28
59 29
59 32
59 38
59 39
59 42
59 43
59 49
59 54
59 59
59 60
59 63
59 65
59 71
59 73
59 74
59 75
59 76
59 77
59 78
59 81
59 83
59 84
59 85
59 86
59 87
59 89
59 92
59 99
59 102
59 105
59 106
59 107
59 109
59 112
59 114
59 115
59 117
59 118
59 119
59 121
59 124
59 125
59 126
60 1
60 4
60 6
60 13
60 14
60 16
60 17
60 19
60 20
60 21
60 22
60 24
60 25
60 27
60 30
60 32
60 33
60 35
60 36
60 37
60 38
60 40
60 43
60 44
60 46
60 50
60 52
60 57
60 59
60 65
60 66
60 67
60 69
60 70
60 74
60 76
60 78
60 80
60 82
60 87
60 91
60 93
60 94
60 95
60 97
60 99
60 103
60 105
60 111
60 113
60 114
60 117
60 119
60 120
60 123
60 124
60 127
61 1
61 2
61 4
61 7
61 8
61 17
61 24
61 25
61 28
61 29
61 33
61 34
61 36
61 38
61 39
61 43
61 46
61 47
61 52
61 55
61 57
61 63
61 67
61 71
61 78
61 81
61 86
61 92
61 94
61 95
61 96
61 101
61 106
61 109
61 110
61 111
61 114
61 120
61 121
61 124
62 1
62 5
62 6
62 9
62 10
62 14
62 15
62 16
62 18
62 19
62 27
62 29
62 37
62 40
62 41
62 46
62 47
62 48
62 50
62 51
62 52
62 53
62 54
62 55
62 56
62 57
62 59
62 60
62 61
62 63
62 65
62 68
62 70
62 71
62 74
62 76
62 79
62 80
62 81
62 84
62 86
62 89
62 101
62 106
62 107
62 109
62 110
62 113
62 114
62 116
62 118
62 123
62 126
63 0
63 1
63 6
63 7
63 9
63 10
63 11
63 12
63 15
63 17
63 19
63 21
63 22
63 23
63 27
63 28
63 30
63 32
63 34
63 35
63 36
63 38
63 39
63 42
63 44
63 45
63 47
63 49
63 50
63 51
63 52
63 56
63 60
63 61
63 65
63 76
63 79
63 84
63 91
63 92
63 97
63 99
63 100
63 101
63 104
63 105
63 106
63 108
63 109
63 110
63 111
63 114
63 119
63 121
63 122
63 124
63 125
64 0
64 1
64 2
64 13
64 14
64 17
64 20
64 21
64 28
64 31
64 36
64 37
64 39
64 40
64 41
64 43
64 47
64 50
64 54
64 55
64 56
64 57
64 59
64 65
64 66
64 68
64 72
64 74
64 76
64 77
64 79
64 82
64 84
64 90
64 97
64 103
64 106
64 107
64 110
64 116
64 117
64 118
64 120
64 122
64 123
64 124
64 127
65 1
65 2
65 3
65 4
65 5
65 6
65 9
65 11
65 15
65 20
65 23
65 26
65 29
65 33
65 34
65 35
65 37
65 41
65 45
65 48
65 51
65 52
65 53
65 54
65 61
65 63
65 65
65 66
65 72
65 74
65 77
65 82
65 83
65 91
65 92
65 94
65 95
65 100
65 101
65 103
65 104
65 105
65 110
65 111
65 113
65 115
65 117
65 118
65 119
66 4
66 5
66 6
66 8
66 11
66 12
66 13
66 19
66 21
66 22
66 27
66 36
66 38
66 39
66 49
66 52
66 54
66 57
66 59
66 61
66 63
66 65
66 69
66 71
66 72
66 75
66 76
66 78
66 81
66 82
66 83
66 85
66 88
66 89
66 93
66 98
66 100
66 103
66 104
66 106
66 107
66 108
66 109
66 113
66 118
66 119
66 120
66 121
66 123
66 124
66 125
66 126
67 0
67 2
67 7
67 11
67 12
67 13
67 18
67 21
67 25
67 26
67 28
67 33
67 37
67 38
67 40
67 44
67 49
67 51
67 52
67 54
67 57
67 59
67 64
67 65
67 66
67 74
67 75
67 76
67 79
67 80
67 82
67 83
67 84
67 85
67 87
67 91
67 92
67 93
67 95
67 100
67 104
67 105
67 109
67 112
67 113
67 117
67 118
67 119
67 121
67 123
67 124
67 127
68 0
68 10
68 13
68 17
68 24
68 26
68 28
68 30
68 33
68 35
68 44
68 46
68 51
68 53
68 54
68 55
68 60
68 61
68 63
68 64
68 71
68 75
68 76
68 79
68 88
68 90
68 91
68 94
68 96
68 97
68 103
68 104
68 109
68 117
68 124
68 125
69 2
69 9
69 12
69 19
69 23
69 25
69 26
69 31
69 33
69 34
69 37
69 40
69 43
69 45
69 47
69 54
69 59
69 60
69 62
69 63
69 65
69 67
69 69
69 71
69 72
69 76
69 77
69 81
69 92
69 100
69 101
69 103
69 109
69 114
69 115
69 117
69 118
69 120
69 121
69 124
69 126
69 127
70 1
70 8
70 14
70 19
70 22
70 23
70 26
70 27
70 34
70 35
70 38
70 39
70 40
70 41
70 43
70 46
70 49
70 50
70 54
70 55
70 58
70 59
70 62
70 63
70 64
70 69
70 73
70 86
70 88
70 90
70 94
70 95
70 100
70 104
70 107
70 109
70 110
70 112
70 114
70 115
70 120
70 122
70 123
70 124
71 3
71 5
71 8
71 9
71 12
71 16
71 17
71 19
71 20
71 21
71 23
71 24
71 25
71 26
71 27
71 30
71 31
71 33
71 35
71 37
71 40
71 43
71 44
71 45
71 53
71 54
71 56
71 57
71 61
71 62
71 67
71 79
71 80
71 86
71 90
71 91
71 92
71 95
71 96
71 100
71 101
71 102
71 110
71 116
71 120
71 123
72 0
72 1
72 2
72 6
72 8
72 11
72 16
72 17
72 18
72 21
72 22
72 23
72 26
72 30
72 32
72 35
72 36
72 39
72 41
72 46
72 49
72 52
72 53
72 57
72 58
72 61
72 63
72 67
72 74
72 80
72 82
72 88
72 89
72 96
72 98
72 99
72 100
72 102
72 105
72 106
72 107
72 108
72 110
72 116
72 118
72 119
72 120
72 121
72 126
72 127
73 6
73 7
73 8
73 9
73 10
73 13
73 15
73 19
73 27
73 28
73 29
73 31
73 32
73 34
73 38
73 41
73 44
73 45
73 49
73 50
73 52
73 54
73 56
73 60
73 61
73 63
73 64
73 65
73 66
73 68
73 69
73 79
73 86
73 87
73 92
73 97
73 98
73 101
73 108
73 109
73 110
73 113
73 117
73 118
73 123
73 127
74 0
74 1
74 3
74 7
74 12
74 18
74 20
74 21
74 24
74 25
74 33
74 36
74 44
74 45
74 49
74 50
74 53
74 54
74 55
74 58
74 60
74 63
74 65
74 67
74 70
74 72
74 77
74 79
74 80
74 87
74 89
74 94
74 98
74 99
74 100
74 102
74 103
74 106
74 110
74 111
74 112
74 115
74 116
74 121
74 122
74 123
74 124
74 125
75 0
75 3
75 6
75 8
75 13
75 15
75 17
75 20
75 21
75 22
75 26
75 27
75 31
75 32
75 36
75 37
75 38
75 39
75 40
75 41
75 44
75 46
75 48
75 49
75 50
75 51
75 52
75 58
75 61
75 69
75 71
75 72
75 73
75 75
75 79
75 80
75 83
75 84
75 86
75 88
75 93
75 97
75 98
75 100
75 101
75 102
75 103
75 107
75 108
75 111
75 112
75 115
75 116
75 119
75 121
75 122
75 123
75 127
76 0
76 2
76 3
76 4
76 12
76 13
76 18
76 25
76 28
76 29
76 32
76 33
76 36
76 41
76 42
76 46
76 47
76 49
76 51
76 53
76 55
76 56
76 62
76 64
76 66
76 67
76 69
76 70
76 73
76 74
76 75
76 77
76 78
76 79
76 87
76 89
76 92
76 97
76 99
76 105
76 106
76 110
76 111
76 115
76 118
76 120
76 124
76 126
77 4
77 8
77 11
77 13
77 16
77 17
77 21
77 22
77 24
77 25
77 28
77 31
77 32
77 36
77 39
77 41
77 45
77 47
77 53
77 54
77 55
77 57
77 58
77 60
77 64
77 66
77 67
77 68
77 70
77 71
77 72
77 73
77 74
77 76
77 77
77 79
77 81
77 82
77 91
77 93
77 94
77 95
77 98
77 103
77 104
77 106
77 108
77 114
77 115
77 118
77 121
77 123
77 125
78 2
78 5
78 8
78 9
78 21
78 23
78 25
78 26
78 27
78 30
78 31
78 32
78 33
78 40
78 42
78 43
78 45
78 46
78 47
78 51
78 53
78 54
78 55
78 57
78 59
78 67
78 68
78 70
78 71
78 74
78 75
78 77
78 81
78 83
78 84
78 85
78 86
78 88
78 91
78 92
78 95
78 96
78 97
78 98
78 102
78 105
78 107
78 110
78 115
78 117
78 118
78 120
78 122
78 123
79 1
79 2
79 3
79 4
79 6
79 16
79 23
79 28
79 29
79 30
79 32
79 38
79 41
79 42
79 44
79 45
79 48
79 49
79 53
79 62
79 63
79 66
79 68
79 69
79 71
79 73
79 74
79 75
79 76
79 78
79 80
79 82
79 83
79 84
79 85
79 89
79 97
79 99
79 102
79 105
79 106
79 114
79 118
79 119
79 123
79 127
80 1
80 2
80 3
80 5
80 8
80 10
80 14
80 18
80 19
80 20
80 25
80 26
80 27
80 28
80 29
80 30
80 33
80 34
80 36
80 37
80 38
80 39
80 40
80 45
80 47
80 48
80 51
80 52
80 55
80 56
80 59
80 65
80 66
80 67
80 68
80 70
80 71
80 72
80 73
80 75
80 76
80 80
80 85
80 87
80 89
80 92
80 93
80 96
80 99
80 102
80 105
80 107
80 110
80 112
80 113
80 117
80 121
80 122
80 126
81 1
81 8
81 13
81 14
81 19
81 23
81 25
81 26
81 28
81 29
81 36
81 41
81 42
81 43
81 46
81 48
81 51
81 52
81 55
81 56
81 57
81 62
81 63
81 70
81 72
81 74
81 75
81 78
81 79
81 81
81 87
81 88
81 89
81 90
81 94
81 97
81 98
81 101
81 104
81 105
81 106
81 108
81 110
81 112
81 115
81 117
81 118
81 119
81 121
81 125
81 127
82 0
82 1
82 3
82 4
82 5
82 9
82 10
82 13
82 14
82 15
82 16
82 19
82 25
82 27
82 28
82 31
82 32
82 39
82 42
82 45
82 46
82 47
82 54
82 57
82 61
82 62
82 65
82 66
82 69
82 71
82 78
82 80
82 82
82 84
82 90
82 91
82 93
82 95
82 98
82 99
82 100
82 102
82 103
82 105
82 106
82 109
82 110
82 111
82 115
82 116
82 120
82 121
82 122
83 0
83 2
83 4
83 10
83 12
83 14
83 18
83 19
83 21
83 24
83 25
83 28
83 29
83 30
83 32
83 39
83 40
83 41
83 42
83 43
83 44
83 45
83 47
83 50
83 53
83 55
83 56
83 59
83 62
83 65
83 67
83 68
83 69
83 70
83 72
83 75
83 76
83 77
83 81
83 84
83 98
83 100
83 101
83 102
83 103
83 104
83 106
83 109
83 114
83 117
83 120
83 126
84 1
84 2
84 5
84 7
84 9
84 10
84 13
84 14
84 15
84 16
84 17
84 21
84 22
84 29
84 30
84 31
84 32
84 33
84 37
84 38
84 39
84 50
84 57
84 59
84 61
84 64
84 66
84 70
84 71
84 72
84 73
84 74
84 78
84 80
84 81
84 85
84 86
84 87
84 88
84 90
84 91
84 92
84 95
84 98
84 101
84 102
84 105
84 106
84 107
84 113
84 114
84 120
84 121
84 123
84 126
84 127
85 0
85 2
85 4
85 5
85 7
85 8
85 9
85 11
85 25
85 35
85 36
85 38
85 40
85 42
85 52
85 55
85 57
85 58
85 61
85 63
85 67
85 69
85 71
85 73
85 79
85 80
85 84
85 87
85 89
85 90
85 91
85 93
85 96
85 98
85 103
85 108
85 109
85 110
85 111
85 113
85 114
85 115
85 116
85 118
85 119
85 125
85 127
86 3
86 5
86 6
86 12
86 16
86 22
86 25
86 26
86 28
86 29
86 34
86 40
86 44
86 45
86 46
86 49
86 51
86 59
86 61
86 66
86 67
86 68
86 69
86 73
86 75
86 80
86 84
86 85
86 88
86 90
86 93
86 94
86 95
86 96
86 97
86 103
86 104
86 106
86 110
86 113
86 116
86 117
86 119
86 122
86 123
86 125
87 0
87 1
87 3
87 8
87 10
87 13
87 17
87 19
87 20
87 23
87 26
87 27
87 28
87 29
87 30
87 31
87 35
87 39
87 40
87 42
87 47
87 49
87 53
87 57
87 58
87 60
87 62
87 63
87 64
87 65
87 68
87 70
87 76
87 78
87 80
87 82
87 83
87 86
87 88
87 93
87 95
87 97
87 100
87 102
87 104
87 105
87 107
87 109
87 110
87 115
87 116
87 123
88 2
88 3
88 8
88 11
88 17
88 20
88 22
88 23
88 24
88 26
88 28
88 29
88 35
88 39
88 43
88 44
88 45
88 47
88 51
88 52
88 55
88 56
88 62
88 63
88 67
88 68
88 70
88 71
88 72
88 76
88 77
88 78
88 80
88 82
88 84
88 86
88 88
88 90
88 92
88 95
88 96
88 98
88 101
88 107
88 108
88 109
88 111
88 112
88 113
88 115
88 117
88 119
88 120
88 121
88 122
88 124
88 125
89 1
89 3
89 6
89 8
89 11
89 14
89 21
89 22
89 28
89 29
89 32
89 34
89 35
89 36
89 38
89 42
89 44
89 45
89 46
89 48
89 60
89 61
89 62
89 65
89 68
89 70
89 71
89 73
89 77
89 78
89 81
89 87
89 88
89 90
89 91
89 93
89 97
89 99
89 100
89 105
89 108
89 109
89 112
89 113
89 114
89 118
89 121
89 123
89 126
90 0
90 4
90 5
90 8
90 9
90 11
90 13
90 19
90 21
90 24
90 25
90 29
90 30
90 31
90 32
90 34
90 36
90 38
90 39
90 40
90 42
90 43
90 50
90 52
90 53
90 59
90 60
90 61
90 62
90 65
90 67
90 69
90 72
90 73
90 74
90 76
90 78
90 79
90 81
90 82
90 83
90 84
90 87
90 89
90 91
90 92
90 97
90 101
90 103
90 105
90 106
90 107
90 108
90 110
90 112
90 113
90 116
90 117
90 120
90 121
90 124
90 125
91 1
91 2
91 3
91 6
91 7
91 9
91 10
91 12
91 13
91 17
91 19
91 20
91 21
91 23
91 24
91 25
91 27
91 28
91 29
91 36
91 41
91 46
91 47
91 48
91 49
91 52
91 59
91 60
91 62
91 63
91 67
91 69
91 72
91 74
91 77
91 78
91 79
91 80
91 85
91 87
91 88
91 89
91 94
91 98
91 102
91 103
91 109
91 110
91 111
91 117
91 124
91 125
92 0
92 1
92 2
92 4
92 6
92 8
92 10
92 15
92 17
92 20
92 21
92 22
92 29
92 33
92 35
92 39
92 40
92 47
92 48
92 49
92 50
92 51
92 55
92 56
92 58
92 60
92 66
92 68
92 70
92 71
92 74
92 78
92 79
92 80
92 81
92 83
92 90
92 95
92 96
92 98
92 99
92 102
92 105
92 108
92 109
92 110
92 112
92 113
92 115
92 116
92 117
92 119
92 120
92 122
93 1
93 2
93 4
93 5
93 8
93 9
93 11
93 14
93 15
93 16
93 17
93 18
93 19
93 20
93 22
93 23
93 24
93 26
93 27
93 29
93 30
93 33
93 38
93 39
93 40
93 42
93 43
93 44
93 47
93 50
93 51
93 54
93 56
93 59
93 63
93 68
93 72
93 77
93 79
93 81
93 82
93 83
93 89
93 90
93 91
93 92
93 93
93 100
93 102
93 103
93 104
93 105
93 107
93 108
93 112
93 114
93 115
93 118
93 119
93 121
93 123
94 1
94 2
94 4
94 5
94 6
94 8
94 11
94 12
94 13
94 15
94 16
94 17
94 18
94 23
94 26
94 27
94 28
94 30
94 32
94 37
94 39
94 44
94 45
94 53
94 54
94 56
94 57
94 61
94 65
94 66
94 67
94 69
94 73
94 74
94 78
94 79
94 82
94 83
94 84
94 86
94 87
94 93
94 96
94 100
94 101
94 105
94 106
94 108
94 110
94 111
94 112
94 114
94 115
94 121
94 125
94 126
94 127
95 0
95 3
95 5
95 6
95 9
95 11
95 15
95 21
95 23
95 25
95 28
95 29
95 32
95 33
95 34
95 36
95 39
95 42
95 43
95 45
95 46
95 47
95 49
95 50
95 52
95 54
95 61
95 64
95 65
95 73
95 74
95 75
95 76
95 77
95 78
95 79
95 82
95 84
95 85
95 90
95 91
95 95
95 96
95 98
95 99
95 101
95 102
95 103
95 106
95 111
95 114
95 116
95 120
95 121
95 122
95 125
95 126
96 1
96 2
96 3
96 4
96 5
96 11
96 12
96 17
96 19
96 20
96 23
96 24
96 25
96 32
96 39
96 45
96 50
96 52
96 59
96 60
96 61
96 62
96 73
96 78
96 80
96 88
96 90
96 91
96 93
96 95
96 99
96 102
96 103
96 105
96 110
96 112
96 114
96 115
96 117
96 119
96 121
96 122
96 126
97 1
97 8
97 9
97 16
97 17
97 19
97 20
97 23
97 25
97 26
97 27
97 28
97 29
97 31
97 32
97 33
97 36
97 40
97 41
97 42
97 47
97 50
97 53
97 61
97 67
97 70
97 71
97 72
97 73
97 74
97 76
97 86
97 89
97 90
97 93
97 101
97 104
97 106
97 107
97 109
97 110
97 111
97 115
97 119
97 120
98 2
98 4
98 6
98 7
98 10
98 16
98 17
98 20
98 23
98 24
98 25
98 32
98 36
98 43
98 50
98 52
98 53
98 54
98 58
98 59
98 60
98 62
98 63
98 64
98 65
98 66
98 69
98 75
98 78
98 80
98 82
98 84
98 85
98 92
98 96
98 100
98 105
98 110
98 113
98 115
98 118
98 119
98 121
98 125
98 126
99 2
99 3
99 9
99 14
99 17
99 26
99 31
99 32
99 37
99 39
99 40
99 45
99 47
99 50
99 52
99 55
99 56
99 59
99 61
99 62
99 63
99 66
99 69
99 72
99 76
99 77
99 78
99 81
99 82
99 83
99 86
99 87
99 88
99 89
99 94
99 96
99 97
99 103
99 105
99 106
99 108
99 109
99 111
99 113
99 114
99 115
99 123
99 126
100 1
100 5
100 11
100 13
100 17
100 19
100 20
100 24
100 28
100 31
100 34
100 35
100 36
100 38
100 40
100 42
100 43
100 44
100 46
100 48
100 49
100 50
100 56
100 58
100 66
100 69
100 70
100 72
100 73
100 74
100 75
100 76
100 77
100 78
100 80
100 84
100 86
100 88
100 91
100 92
100 93
100 94
100 98
100 100
100 103
100 104
100 107
100 110
100 114
100 115
100 116
100 121
100 122
100 123
100 125
101 0
101 3
101 4
101 7
101 11
101 14
101 15
101 17
101 20
101 24
101 26
101 30
101 31
101 33
101 36
101 43
101 52
101 53
101 55
101 58
101 59
101 60
101 63
101 66
101 67
101 68
101 70
101 71
101 72
101 73
101 80
101 81
101 85
101 87
101 91
101 94
101 96
101 97
101 100
101 102
101 105
101 111
101 112
101 113
101 116
101 118
101 119
101 124
101 125
102 1
102 2
102 4
102 5
102 6
102 7
102 8
102 9
102 11
102 12
102 15
102 17
102 18
102 20
102 22
102 25
102 27
102 29
102 30
102 32
102 34
102 37
102 40
102 43
102 44
102 45
102 54
102 55
102 56
102 57
102 62
102 65
102 71
102 72
102 74
102 76
102 80
102 83
102 84
102 85
102 88
102 89
102 90
102 91
102 99
102 102
102 108
102 111
102 112
102 113
102 114
102 115
102 116
102 117
102 118
102 119
102 121
102 122
102 124
102 125
103 5
103 6
103 9
103 11
103 15
103 20
103 21
103 24
103 30
103 31
103 35
103 38
103 39
103 40
103 41
103 43
103 45
103 46
103 49
103 50
103 52
103 55
103 56
103 58
103 59
103 62
103 66
103 69
103 72
103 73
103 74
103 75
103 76
103 78
103 79
103 80
103 82
103 84
103 87
103 89
103 91
103 96
103 98
103 99
103 102
103 106
103 108
103 109
103 110
103 112
103 114
103 119
103 121
103 122
103 124
103 127
104 0
104 2
104 4
104 6
104 8
104 9
104 11
104 17
104 18
104 19
104 20
104 24
104 27
104 29
104 30
104 31
104 32
104 34
104 36
104 37
104 38
104 39
104 41
104 42
104 44
104 48
104 49
104 53
104 55
104 60
104 61
104 63
104 65
104 66
104 67
104 68
104 70
104 72
104 76
104 82
104 87
104 90
104 97
104 102
104 103
104 106
104 108
104 109
104 113
104 119
104 120
104 121
104 127
105 0
105 3
105 4
105 10
105 12
105 21
105 24
105 25
105 27
105 28
105 33
105 34
105 36
105 39
105 41
105 42
105 43
105 47
105 50
105 55
105 58
105 61
105 63
105 64
105 65
105 67
105 70
105 72
105 75
105 76
105 79
105 83
105 85
105 89
105 90
105 96
105 97
105 100
105 103
105 104
105 105
105 106
105 112
105 113
105 115
105 117
105 119
105 120
105 121
105 125
105 126
105 127
106 1
106 2
106 4
106 5
106 7
106 8
106 9
106 10
106 11
106 13
106 14
106 16
106 17
106 18
106 21
106 22
106 23
106 29
106 32
106 36
106 41
106 44
106 47
106 48
106 51
106 52
106 56
106 59
106 60
106 61
106 65
106 67
106 70
106 72
106 73
106 77
106 78
106 81
106 83
106 84
106 85
106 95
106 100
106 104
106 107
106 110
106 117
106 118
106 119
106 120
106 121
106 125
107 0
107 1
107 2
107 4
107 5
107 12
107 15
107 16
107 17
107 18
107 20
107 21
107 22
107 26
107 27
107 29
107 32
107 35
107 36
107 37
107 38
107 40
107 41
107 42
107 44
107 48
107 49
107 56
107 58
107 59
107 61
107 64
107 68
107 72
107 74
107 76
107 84
107 85
107 86
107 88
107 89
107 91
107 92
107 93
107 96
107 98
107 99
107 101
107 102
107 103
107 104
107 111
107 113
107 114
107 117
107 118
107 123
107 125
107 126
108 1
108 4
108 5
108 7
108 9
108 12
108 13
108 16
108 18
108 21
108 22
108 23
108 24
108 28
108 30
108 33
108 39
108 43
108 46
108 47
108 48
108 49
108 54
108 55
108 57
108 58
108 64
108 66
108 69
108 70
108 71
108 72
108 73
108 74
108 76
108 77
108 78
108 79
108 80
108 82
108 85
108 86
108 88
108 100
108 102
108 106
108 108
108 114
108 115
108 116
108 119
108 120
108 125
108 127
109 0
109 1
109 9
109 11
109 15
109 22
109 24
109 27
109 28
109 29
109 33
109 36
109 37
109 39
109 40
109 41
109 44
109 45
109 46
109 47
109 48
109 50
109 51
109 52
109 53
109 58
109 64
109 66
109 67
109 73
109 75
109 78
109 80
109 88
109 89
109 94
109 95
109 97
109 99
109 100
109 103
109 107
109 108
109 110
109 112
109 114
109 117
109 124
109 127
110 1
110 3
110 4
110 5
110 6
110 8
110 13
110 14
110 15
110 16
110 18
110 20
110 22
110 24
110 25
110 27
110 28
110 36
110 38
110 41
110 42
110 46
110 52
110 53
110 56
110 57
110 59
110 63
110 70
110 77
110 78
110 80
110 81
110 82
110 84
110 90
110 96
110 100
110 102
110 103
110 104
110 105
110 110
110 115
110 117
110 119
110 120
110 123
110 124
110 125
110 127
111 3
111 10
111 13
111 15
111 16
111 20
111 21
111 22
111 27
111 28
111 29
111 34
111 35
111 36
111 39
111 40
111 42
111 45
111 46
111 47
111 52
111 53
111 56
111 58
111 61
111 62
111 65
111 66
111 67
111 72
111 73
111 76
111 79
111 81
111 82
111 83
111 85
111 89
111 92
111 96
111 104
111 111
111 113
111 115
111 117
111 118
111 120
111 123
111 124
111 126
111 127
112 1
112 2
112 3
112 6
112 8
112 13
112 14
112 19
112 22
112 23
112 27
112 30
112 32
112 33
112 44
112 47
112 48
112 49
112 51
112 55
112 57
112 61
112 62
112 64
112 67
112 69
112 71
112 76
112 78
112 80
112 81
112 82
112 85
112 86
112 87
112 89
112 90
112 92
112 93
112 100
112 101
112 105
112 109
112 110
112 111
112 113
112 115
112 120
112 121
112 122
113 1
113 4
113 6
113 8
113 9
113 11
113 12
113 15
113 16
113 17
113 19
113 20
113 23
113 24
113 25
113 26
113 27
113 28
113 29
113 30
113 33
113 34
113 38
113 42
113 45
113 46
113 47
113 49
113 50
113 55
113 57
113 59
113 60
113 61
113 62
113 63
113 65
113 68
113 70
113 72
113 73
113 82
113 83
113 84
113 85
113 89
113 90
113 91
113 92
113 93
113 94
113 97
113 103
113 105
113 109
113 112
113 119
113 121
113 122
113 126
113 127
114 1
114 4
114 7
114 11
114 12
114 13
114 18
114 19
114 20
114 23
114 25
114 27
114 28
114 30
114 35
114 39
114 43
114 44
114 45
114 52
114 54
114 58
114 59
114 60
114 61
114 63
114 64
114 65
114 68
114 71
114 72
114 74
114 75
114 80
114 81
114 85
114 87
114 93
114 96
114 101
114 105
114 106
114 112
114 114
114 115
114 119
114 120
114 121
114 122
114 126
115 0
115 1
115 3
115 8
115 9
115 12
115 20
115 23
115 25
115 26
115 27
115 30
115 35
115 36
115 38
115 39
115 40
115 44
115 45
115 46
115 49
115 54
115 55
115 60
115 61
115 64
115 67
115 68
115 70
115 72
115 73
115 74
115 80
115 81
115 83
115 84
115 85
115 87
115 88
115 89
115 90
115 101
115 106
115 114
115 119
115 123
115 126
115 127
116 2
116 3
116 4
116 6
116 9
116 12
116 14
116 15
116 19
116 25
116 26
116 28
116 32
116 34
116 38
116 39
116 40
116 41
116 43
116 49
116 51
116 52
116 53
116 54
116 55
116 57
116 58
116 60
116 62
116 69
116 70
116 72
116 77
116 79
116 82
116 84
116 86
116 87
116 88
116 90
116 95
116 100
116 104
116 107
116 108
116 112
116 113
116 118
116 119
116 120
116 123
116 124
117 0
117 1
117 2
117 3
117 5
117 7
117 8
117 16
117 21
117 23
117 24
117 25
117 27
117 29
117 30
117 31
117 32
117 33
117 35
117 37
117 38
117 40
117 41
117 43
117 46
117 47
117 56
117 61
117 62
117 69
117 74
117 75
117 76
117 79
117 80
117 82
117 87
117 88
117 91
117 93
117 94
117 96
117 97
117 99
117 104
117 109
117 111
117 117
117 120
117 121
117 122
117 123
118 0
118 1
118 2
118 4
118 6
118 11
118 12
118 14
118 15
118 17
118 18
118 26
118 27
118 28
118 30
118 31
118 34
118 37
118 40
118 41
118 42
118 44
118 46
118 50
118 53
118 58
118 59
118 60
118 64
118 66
118 67
118 68
118 69
118 71
118 77
118 82
118 87
118 90
118 94
118 95
118 96
118 98
118 101
118 103
118 105
118 106
118 109
118 110
118 111
118 112
118 113
118 114
118 115
118 116
118 118
118 120
118 121
118 126
119 1
119 5
119 7
119 11
119 12
119 15
119 17
119 21
119 23
119 24
119 25
119 27
119 28
119 29
119 31
119 33
119 39
119 40
119 44
119 45
119 46
119 47
119 48
119 50
119 51
119 53
119 54
119 61
119 63
119 64
119 65
119 66
119 68
119 75
119 80
119 81
119 83
119 84
119 86
119 89
119 95
119 96
119 97
119 98
119 99
119 103
119 105
119 106
119 107
119 109
119 110
119 111
119 112
119 113
119 118
119 126
119 127
120 3
120 4
120 7
120 8
120 12
120 14
120 16
120 17
120 23
120 24
120 25
120 28
120 32
120 35
120 38
120 39
120 41
120 42
120 43
120 44
120 50
120 53
120 57
120 59
120 65
120 69
120 71
120 73
120 76
120 77
120 80
120 81
120 82
120 83
120 88
120 90
120 91
120 93
120 97
120 101
120 107
120 113
120 114
120 119
120 124
120 127
121 0
121 1
121 2
121 5
121 6
121 10
121 12
121 13
121 14
121 16
121 17
121 18
121 25
121 29
121 30
121 31
121 32
121 35
121 36
121 37
121 42
121 44
121 49
121 52
121 54
121 55
121 58
121 60
121 62
121 66
121 68
121 69
121 70
121 73
121 76
121 77
121 78
121 79
121 80
121 88
121 90
121 91
121 93
121 94
121 100
121 103
121 106
121 108
121 110
121 112
121 116
121 122
121 123
121 126
121 127
122 0
122 1
122 2
122 6
122 8
122 10
122 16
122 19
122 20
122 22
122 24
122 26
122 32
122 33
122 34
122 35
122 39
122 41
122 42
122 45
122 47
122 49
122 51
122 52
122 53
122 55
122 57
122 59
122 62
122 64
122 67
122 69
122 70
122 76
122 80
122 81
122 84
122 87
122 92
122 95
122 96
122 104
122 106
122 110
122 116
122 120
122 124
122 125
122 127
123 3
123 5
123 8
123 13
123 17
123 19
123 20
123 21
123 22
123 25
123 26
123 28
123 30
123 31
123 34
123 35
123 36
123 40
123 42
123 43
123 44
123 47
123 48
123 50
123 55
123 57
123 63
123 64
123 66
123 67
123 70
123 71
123 72
123 75
123 78
123 79
123 81
123 83
123 85
123 86
123 89
123 92
123 97
123 98
123 100
123 105
123 109
123 117
123 119
123 121
123 122
123 123
123 126
123 127
124 1
124 10
124 11
124 12
124 16
124 17
124 18
124 19
124 20
124 21
124 22
124 23
124 24
124 25
124 31
124 32
124 35
124 36
124 37
124 40
124 46
124 47
124 49
124 51
124 57
124 58
124 59
124 61
124 63
124 70
124 80
124 81
124 85
124 88
124 89
124 90
124 91
124 92
124 93
124 96
124 98
124 103
124 105
124 112
124 115
124 117
124 118
124 119
124 121
124 124
124 125
125 2
125 6
125 7
125 8
125 9
125 10
125 11
125 14
125 15
125 18
125 19
125 22
125 23
125 26
125 27
125 30
125 31
125 34
125 37
125 38
125 39
125 40
125 44
125 45
125 48
125 51
125 59
125 63
125 64
125 69
125 70
125 75
125 77
125 80
125 82
125 83
125 84
125 85
125 86
125 87
125 89
125 94
125 95
125 96
125 101
125 103
125 105
125 106
125 109
125 112
125 116
125 117
125 121
125 122
125 123
125 127
126 0
126 1
126 7
126 8
126 10
126 11
126 12
126 13
126 14
126 17
126 25
126 26
126 29
126 30
126 31
126 35
126 38
126 42
126 46
126 48
126 49
126 51
126 52
126 53
126 55
126 56
126 58
126 60
126 61
126 65
126 68
126 69
126 70
126 72
126 73
126 75
126 77
126 82
126 83
126 88
126 94
126 95
126 96
126 97
126 98
126 100
126 102
126 107
126 111
126 113
126 115
126 117
126 118
126 120
126 125
126 126
127 3
127 6
127 9
127 13
127 14
127 15
127 17
127 19
127 20
127 23
127 27
127 28
127 30
127 31
127 32
127 34
127 36
127 39
127 42
127 49
127 50
127 53
127 54
127 55
127 59
127 60
127 64
127 68
127 69
127 70
127 74
127 76
127 77
127 82
127 83
127 88
127 90
127 92
127 93
127 94
127 95
127 97
127 99
127 100
127 104
127 106
127 109
127 111
127 116
127 117
127 118
127 120
127 122
127 124
127 125
127 126
