0 5
0 12
0 14
0 15
0 28
0 29
0 30
0 31
0 36
0 38
0 39
0 40
0 45
0 46
0 47
0 49
0 50
0 51
0 54
0 55
0 57
0 59
0 60
0 65
0 66
0 68
0 70
0 71
0 73
0 75
0 77
0 82
0 85
0 87
0 93
0 97
0 99
0 104
0 111
0 112
0 119
0 120
0 122
0 123
0 126
1 4
1 5
1 6
1 7
1 9
1 18
1 20
1 21
1 27
1 29
1 32
1 35
1 38
1 40
1 41
1 44
1 45
1 48
1 51
1 60
1 61
1 62
1 63
1 69
1 73
1 74
1 82
1 84
1 85
1 86
1 89
1 93
1 97
1 99
1 100
1 103
1 106
1 111
1 115
2 1
2 2
2 3
2 6
2 15
2 22
2 26
2 28
2 33
2 39
2 41
2 47
2 58
2 61
2 63
2 65
2 79
2 83
2 86
2 88
2 89
2 91
2 96
2 97
2 100
2 102
2 107
2 108
2 109
2 110
2 112
2 113
2 115
2 122
2 123
2 125
3 0
3 2
3 3
3 8
3 13
3 15
3 17
3 19
3 25
3 27
3 34
3 35
3 39
3 44
3 47
3 57
3 62
3 65
3 69
3 74
3 84
3 96
3 98
3 100
3 103
3 110
3 117
3 121
4 0
4 4
4 5
4 6
4 9
4 13
4 17
4 18
4 20
4 21
4 24
4 25
4 30
4 32
4 33
4 35
4 43
4 44
4 46
4 51
4 52
4 56
4 58
4 64
4 66
4 68
4 69
4 79
4 80
4 86
4 88
4 89
4 90
4 92
4 100
4 101
4 103
4 104
4 110
4 114
4 117
4 120
4 126
4 127
5 7
5 13
5 14
5 15
5 19
5 20
5 21
5 30
5 31
5 35
5 38
5 40
5 42
5 46
5 47
5 49
5 51
5 58
5 59
5 64
5 68
5 72
5 76
5 77
5 80
5 82
5 84
5 87
5 88
5 89
5 91
5 97
5 105
5 107
5 111
5 114
5 123
5 125
5 126
6 7
6 21
6 23
6 24
6 25
6 32
6 36
6 37
6 39
6 42
6 43
6 46
6 49
6 53
6 55
6 56
6 60
6 61
6 68
6 72
6 77
6 88
6 89
6 92
6 95
6 96
6 97
6 98
6 99
6 100
6 101
6 110
6 112
6 114
6 116
6 118
6 120
6 124
6 127
7 5
7 6
7 7
7 9
7 11
7 17
7 18
7 19
7 24
7 25
7 26
7 33
7 34
7 43
7 44
7 53
7 54
7 56
7 59
7 62
7 63
7 66
7 67
7 68
7 72
7 78
7 83
7 86
7 89
7 93
7 95
7 98
7 104
7 106
7 107
7 114
8 1
8 7
8 24
8 26
8 28
8 40
8 41
8 46
8 54
8 61
8 66
8 68
8 69
8 72
8 75
8 85
8 87
8 89
8 94
8 95
8 99
8 100
8 103
8 105
8 106
8 110
8 111
8 114
8 115
8 118
8 119
8 120
8 121
8 125
8 127
9 3
9 4
9 6
9 7
9 10
9 12
9 15
9 20
9 21
9 24
9 32
9 33
9 41
9 45
9 46
9 48
9 52
9 59
9 73
9 77
9 78
9 81
9 82
9 83
9 84
9 87
9 91
9 92
9 93
9 97
9 103
9 105
9 106
9 107
9 115
9 119
9 125
9 126
10 0
10 1
10 4
10 5
10 9
10 14
10 16
10 17
10 18
10 23
10 25
10 28
10 32
10 37
10 39
10 43
10 44
10 51
10 63
10 66
10 83
10 84
10 88
10 94
10 99
10 100
10 103
10 106
10 107
10 108
10 109
10 110
10 112
10 115
10 118
10 125
11 1
11 6
11 12
11 16
11 20
11 22
11 23
11 26
11 28
11 31
11 34
11 36
11 40
11 41
11 45
11 53
11 54
11 55
11 60
11 61
11 62
11 64
11 66
11 70
11 71
11 82
11 84
11 86
11 93
11 97
11 99
11 100
11 105
11 111
11 112
11 120
11 122
11 125
11 126
12 0
12 1
12 3
12 6
12 17
12 21
12 24
12 27
12 30
12 32
12 37
12 45
12 49
12 57
12 62
12 64
12 72
12 74
12 80
12 81
12 82
12 85
12 95
12 100
12 101
12 102
12 106
12 109
12 116
12 118
12 119
12 120
12 121
12 126
12 127
13 10
13 11
13 17
13 18
13 25
13 27
13 28
13 29
13 31
13 32
13 35
13 38
13 40
13 41
13 42
13 49
13 52
13 63
13 68
13 69
13 74
13 77
13 84
13 94
13 98
13 101
13 108
13 111
13 115
13 120
13 121
13 126
13 127
14 3
14 5
14 10
14 16
14 21
14 22
14 24
14 28
14 32
14 33
14 34
14 35
14 41
14 42
14 45
14 49
14 58
14 62
14 64
14 66
14 70
14 71
14 79
14 82
14 87
14 92
14 93
14 108
14 109
14 114
14 116
14 119
14 122
14 123
14 126
15 1
15 2
15 6
15 8
15 10
15 13
15 16
15 17
15 19
15 24
15 26
15 29
15 31
15 32
15 35
15 39
15 43
15 46
15 51
15 55
15 58
15 59
15 61
15 64
15 65
15 68
15 71
15 76
15 77
15 84
15 88
15 90
15 98
15 99
15 104
15 105
15 106
15 108
15 109
15 112
15 117
15 120
15 122
16 0
16 2
16 4
16 9
16 10
16 17
16 18
16 21
16 23
16 27
16 28
16 30
16 31
16 32
16 33
16 37
16 46
16 48
16 53
16 55
16 68
16 72
16 78
16 79
16 81
16 82
16 92
16 94
16 101
16 102
16 106
16 107
16 108
16 109
16 113
16 122
17 2
17 4
17 9
17 10
17 14
17 15
17 17
17 19
17 25
17 27
17 31
17 32
17 39
17 44
17 45
17 55
17 58
17 60
17 61
17 65
17 67
17 70
17 72
17 73
17 74
17 84
17 85
17 86
17 89
17 91
17 95
17 96
17 102
17 104
17 106
17 111
17 113
17 114
17 115
17 117
17 123
17 124
18 3
18 10
18 14
18 31
18 41
18 46
18 47
18 49
18 60
18 63
18 67
18 70
18 71
18 72
18 74
18 75
18 76
18 96
18 101
18 102
18 107
18 111
18 112
18 121
19 1
19 3
19 5
19 16
19 18
19 19
19 20
19 26
19 27
19 28
19 30
19 31
19 35
19 37
19 38
19 41
19 43
19 44
19 47
19 52
19 55
19 58
19 61
19 67
19 68
19 73
19 80
19 83
19 84
19 87
19 88
19 91
19 92
19 95
19 101
19 103
19 105
19 112
19 113
19 116
19 117
19 118
19 120
19 123
19 125
20 0
20 6
20 7
20 8
20 15
20 21
20 24
20 40
20 42
20 49
20 56
20 58
20 60
20 63
20 68
20 73
20 77
20 80
20 82
20 86
20 88
20 89
20 91
20 92
20 93
20 97
20 100
20 102
20 112
20 126
20 127
21 0
21 3
21 8
21 9
21 17
21 18
21 23
21 24
21 25
21 26
21 27
21 29
21 31
21 34
21 35
21 36
21 38
21 39
21 44
21 48
21 50
21 51
21 54
21 57
21 61
21 73
21 90
21 92
21 94
21 95
21 98
21 99
21 103
21 104
21 105
21 107
21 110
21 112
21 114
21 116
21 120
21 122
21 125
22 3
22 7
22 9
22 10
22 27
22 28
22 30
22 38
22 40
22 42
22 45
22 47
22 50
22 51
22 52
22 53
22 57
22 60
22 66
22 76
22 80
22 81
22 84
22 86
22 87
22 96
22 103
22 105
22 106
22 107
22 110
22 113
22 114
22 116
22 122
22 123
22 124
23 6
23 8
23 12
23 17
23 18
23 19
23 25
23 28
23 31
23 33
23 37
23 40
23 44
23 45
23 47
23 54
23 56
23 60
23 61
23 62
23 63
23 64
23 66
23 70
23 73
23 76
23 78
23 83
23 86
23 87
23 91
23 94
23 99
23 106
23 107
23 111
23 112
23 114
23 117
23 119
23 121
24 4
24 7
24 13
24 18
24 23
24 25
24 26
24 27
24 28
24 29
24 32
24 33
24 34
24 38
24 43
24 44
24 45
24 46
24 52
24 55
24 59
24 74
24 80
24 81
24 82
24 86
24 88
24 90
24 93
24 102
24 106
24 111
24 112
24 115
24 119
24 120
24 121
24 122
24 123
24 126
25 0
25 4
25 7
25 9
25 10
25 12
25 13
25 14
25 17
25 19
25 23
25 27
25 33
25 36
25 38
25 39
25 40
25 41
25 43
25 45
25 49
25 52
25 54
25 68
25 69
25 71
25 76
25 78
25 79
25 81
25 82
25 88
25 90
25 94
25 97
25 98
25 102
25 105
25 106
25 110
25 111
25 114
25 115
25 121
25 122
25 125
26 3
26 9
26 18
26 21
26 23
26 24
26 28
26 30
26 31
26 34
26 38
26 44
26 51
26 54
26 60
26 62
26 65
26 71
26 75
26 82
26 85
26 86
26 87
26 88
26 90
26 93
26 94
26 97
26 105
26 106
26 113
26 114
26 120
26 121
26 127
27 1
27 2
27 3
27 5
27 6
27 7
27 11
27 16
27 17
27 31
27 40
27 42
27 43
27 53
27 54
27 58
27 61
27 62
27 63
27 64
27 68
27 69
27 74
27 76
27 78
27 80
27 82
27 83
27 84
27 88
27 90
27 92
27 93
27 95
27 98
27 101
27 103
27 108
27 109
27 112
27 115
27 116
27 122
27 124
27 126
28 2
28 4
28 16
28 18
28 22
28 23
28 24
28 26
28 27
28 31
28 39
28 42
28 43
28 44
28 48
28 58
28 62
28 68
28 70
28 71
28 79
28 82
28 83
28 85
28 87
28 89
28 93
28 95
28 97
28 100
28 106
28 109
28 110
28 111
28 126
29 4
29 6
29 7
29 9
29 12
29 14
29 16
29 23
29 27
29 31
29 34
29 42
29 43
29 44
29 58
29 67
29 71
29 73
29 79
29 80
29 83
29 85
29 86
29 89
29 90
29 98
29 100
29 101
29 104
29 107
29 109
29 116
29 118
29 120
29 122
29 127
30 5
30 9
30 15
30 17
30 21
30 25
30 27
30 29
30 34
30 47
30 48
30 49
30 53
30 61
30 63
30 65
30 68
30 70
30 82
30 83
30 85
30 87
30 89
30 97
30 99
30 100
30 101
30 108
30 111
30 112
30 115
30 121
30 124
30 126
30 127
31 0
31 1
31 3
31 14
31 16
31 18
31 21
31 24
31 26
31 27
31 30
31 38
31 40
31 41
31 42
31 47
31 49
31 50
31 51
31 54
31 57
31 61
31 63
31 66
31 71
31 78
31 79
31 80
31 83
31 84
31 86
31 87
31 91
31 99
31 101
31 102
31 109
31 110
31 111
31 115
31 119
31 122
32 4
32 11
32 16
32 21
32 22
32 23
32 27
32 30
32 32
32 33
32 37
32 40
32 44
32 49
32 51
32 55
32 56
32 62
32 64
32 68
32 72
32 73
32 83
32 84
32 90
32 95
32 96
32 100
32 102
32 107
32 110
32 111
32 114
32 116
32 118
32 122
32 127
33 1
33 6
33 13
33 15
33 18
33 19
33 23
33 24
33 25
33 33
33 37
33 42
33 43
33 44
33 45
33 46
33 48
33 51
33 54
33 59
33 71
33 72
33 75
33 77
33 79
33 85
33 87
33 94
33 95
33 102
33 103
33 106
33 107
33 109
33 110
33 112
33 113
33 116
33 119
33 123
33 124
33 127
34 0
34 2
34 6
34 9
34 12
34 13
34 16
34 18
34 20
34 22
34 24
34 26
34 27
34 28
34 29
34 30
34 34
34 36
34 38
34 43
34 44
34 51
34 54
34 56
34 58
34 62
34 67
34 69
34 72
34 74
34 75
34 77
34 85
34 86
34 90
34 91
34 92
34 93
34 96
34 98
34 99
34 101
34 103
34 105
34 110
34 113
34 117
34 119
34 122
35 4
35 5
35 10
35 11
35 13
35 14
35 15
35 20
35 29
35 30
35 31
35 32
35 33
35 35
35 36
35 37
35 38
35 41
35 42
35 43
35 48
35 50
35 51
35 52
35 57
35 58
35 63
35 64
35 65
35 69
35 74
35 75
35 77
35 82
35 94
35 97
35 101
35 106
35 108
35 109
35 116
35 118
35 120
35 121
35 125
36 2
36 11
36 15
36 18
36 22
36 24
36 28
36 34
36 40
36 43
36 45
36 46
36 48
36 49
36 50
36 52
36 55
36 56
36 65
36 66
36 67
36 68
36 70
36 71
36 73
36 75
36 77
36 80
36 83
36 86
36 89
36 90
36 92
36 95
36 100
36 101
36 103
36 109
36 121
36 125
36 126
37 0
37 3
37 6
37 16
37 17
37 19
37 22
37 30
37 32
37 34
37 35
37 36
37 39
37 41
37 51
37 57
37 59
37 64
37 69
37 74
37 75
37 82
37 90
37 96
37 98
37 99
37 104
37 115
37 116
37 119
37 122
37 124
37 126
38 3
38 4
38 5
38 8
38 9
38 15
38 16
38 17
38 18
38 27
38 28
38 34
38 35
38 42
38 43
38 45
38 47
38 48
38 53
38 55
38 58
38 60
38 63
38 65
38 67
38 79
38 81
38 82
38 83
38 84
38 86
38 87
38 88
38 98
38 100
38 102
38 105
38 106
38 109
38 111
38 113
38 114
38 115
38 116
38 117
38 124
39 0
39 4
39 9
39 10
39 19
39 21
39 25
39 31
39 32
39 36
39 38
39 44
39 55
39 57
39 58
39 61
39 63
39 68
39 70
39 73
39 78
39 83
39 87
39 89
39 91
39 93
39 97
39 107
39 113
39 115
39 117
39 118
39 122
40 1
40 7
40 8
40 9
40 16
40 18
40 20
40 22
40 23
40 25
40 26
40 30
40 31
40 39
40 42
40 52
40 57
40 58
40 62
40 63
40 68
40 70
40 72
40 76
40 77
40 79
40 88
40 94
40 99
40 100
40 102
40 112
40 117
40 118
40 123
40 125
40 126
41 1
41 9
41 10
41 13
41 15
41 18
41 23
41 24
41 33
41 39
41 44
41 49
41 50
41 51
41 56
41 59
41 66
41 67
41 70
41 72
41 78
41 82
41 87
41 92
41 98
41 99
41 102
41 104
41 107
41 109
41 114
41 119
41 120
41 123
41 127
42 5
42 9
42 16
42 19
42 22
42 25
42 26
42 30
42 33
42 35
42 36
42 38
42 42
42 47
42 49
42 53
42 57
42 58
42 59
42 60
42 61
42 71
42 74
42 75
42 77
42 78
42 85
42 88
42 89
42 91
42 92
42 95
42 101
42 104
42 106
42 107
42 109
42 111
42 112
42 113
42 118
42 120
42 122
42 125
43 0
43 1
43 6
43 13
43 16
43 19
43 20
43 21
43 22
43 24
43 25
43 26
43 31
43 32
43 34
43 38
43 39
43 40
43 44
43 45
43 49
43 50
43 51
43 53
43 58
43 62
43 63
43 64
43 77
43 82
43 94
43 95
43 98
43 99
43 100
43 103
43 104
43 108
43 110
43 111
43 118
43 119
43 122
43 127
44 1
44 2
44 3
44 8
44 9
44 12
44 15
44 18
44 22
44 24
44 25
44 32
44 40
44 48
44 49
44 50
44 51
44 52
44 57
44 60
44 61
44 66
44 68
44 71
44 72
44 73
44 74
44 82
44 83
44 87
44 91
44 93
44 99
44 104
44 116
44 118
44 119
44 121
44 123
45 1
45 3
45 4
45 8
45 14
45 17
45 30
45 33
45 38
45 46
45 49
45 52
45 53
45 60
45 63
45 66
45 73
45 74
45 80
45 83
45 84
45 85
45 87
45 92
45 96
45 97
45 100
45 101
45 107
45 108
45 109
45 112
45 114
45 115
45 116
45 117
45 120
45 121
45 122
46 3
46 4
46 6
46 10
46 18
46 22
46 25
46 29
46 33
46 37
46 40
46 41
46 44
46 46
46 47
46 48
46 51
46 54
46 63
46 68
46 69
46 71
46 74
46 76
46 79
46 83
46 84
46 96
46 98
46 104
46 106
46 107
46 108
46 109
46 113
46 114
46 118
46 119
46 120
46 123
47 0
47 2
47 3
47 4
47 6
47 14
47 23
47 25
47 29
47 34
47 35
47 41
47 43
47 44
47 45
47 47
47 49
47 57
47 58
47 59
47 63
47 67
47 69
47 71
47 77
47 78
47 79
47 81
47 85
47 86
47 88
47 90
47 99
47 105
47 106
47 109
47 111
47 119
47 120
47 125
47 127
48 1
48 3
48 11
48 14
48 16
48 17
48 21
48 22
48 28
48 31
48 46
48 47
48 53
48 58
48 67
48 69
48 70
48 76
48 79
48 81
48 85
48 90
48 91
48 97
48 100
48 101
48 102
48 103
48 105
48 106
48 107
48 108
48 114
48 115
48 117
48 126
48 127
49 1
49 13
49 16
49 19
49 22
49 29
49 30
49 40
49 41
49 43
49 45
49 47
49 56
49 57
49 60
49 61
49 65
49 68
49 78
49 82
49 83
49 87
49 88
49 96
49 100
49 108
49 112
49 114
49 116
49 118
49 119
49 120
49 122
49 126
49 127
50 0
50 1
50 3
50 4
50 7
50 11
50 12
50 14
50 18
50 21
50 23
50 26
50 29
50 31
50 34
50 37
50 38
50 46
50 48
50 50
50 52
50 55
50 58
50 59
50 60
50 62
50 65
50 68
50 72
50 74
50 76
50 80
50 85
50 91
50 93
50 96
50 100
50 101
50 106
50 112
50 114
50 116
50 118
50 122
50 127
51 0
51 2
51 10
51 12
51 14
51 19
51 21
51 22
51 23
51 24
51 29
51 33
51 38
51 45
51 46
51 47
51 48
51 50
51 51
51 54
51 60
51 61
51 64
51 68
51 69
51 79
51 88
51 91
51 92
51 93
51 100
51 101
51 103
51 107
51 109
51 110
51 113
51 114
51 121
51 122
51 123
51 124
51 126
52 5
52 6
52 8
52 12
52 15
52 19
52 20
52 23
52 24
52 25
52 26
52 27
52 31
52 32
52 33
52 35
52 39
52 42
52 47
52 49
52 52
52 55
52 57
52 65
52 68
52 69
52 70
52 72
52 73
52 75
52 77
52 78
52 84
52 98
52 107
52 113
52 114
52 120
53 0
53 1
53 4
53 7
53 8
53 10
53 14
53 19
53 22
53 24
53 29
53 31
53 32
53 35
53 36
53 42
53 49
53 52
53 58
53 59
53 62
53 63
53 64
53 65
53 69
53 75
53 78
53 83
53 84
53 85
53 87
53 90
53 92
53 93
53 98
53 100
53 101
53 106
53 107
53 109
53 112
53 113
53 116
53 126
53 127
54 0
54 1
54 11
54 15
54 19
54 21
54 22
54 24
54 25
54 26
54 27
54 29
54 34
54 48
54 50
54 56
54 57
54 59
54 63
54 69
54 73
54 74
54 76
54 78
54 88
54 89
54 100
54 105
54 106
54 108
54 111
54 113
54 114
54 118
54 119
54 123
54 126
55 1
55 4
55 6
55 7
55 8
55 13
55 20
55 21
55 22
55 23
55 29
55 30
55 32
55 38
55 40
55 42
55 47
55 52
55 53
55 60
55 61
55 67
55 74
55 75
55 76
55 78
55 81
55 82
55 84
55 86
55 90
55 94
55 96
55 98
55 101
55 104
55 107
55 108
55 109
55 113
55 115
55 117
55 121
55 126
56 0
56 1
56 10
56 11
56 12
56 13
56 16
56 17
56 18
56 20
56 21
56 28
56 29
56 31
56 32
56 38
56 42
56 45
56 46
56 53
56 56
56 58
56 61
56 62
56 65
56 72
56 78
56 82
56 87
56 89
56 90
56 91
56 93
56 103
56 105
56 108
56 109
56 111
56 113
56 114
56 116
56 119
56 122
57 0
57 5
57 10
57 14
57 18
57 19
57 20
57 21
57 23
57 24
57 26
57 27
57 35
57 36
57 39
57 44
57 47
57 56
57 58
57 59
57 67
57 71
57 78
57 81
57 85
57 87
57 90
57 91
57 95
57 96
57 102
57 118
58 2
58 9
58 10
58 19
58 20
58 23
58 24
58 26
58 27
58 32
58 37
58 39
58 40
58 43
58 45
58 48
58 49
58 50
58 55
58 58
58 59
58 63
58 67
58 76
58 79
58 81
58 84
58 85
58 86
58 87
58 89
58 90
58 91
58 94
58 95
58 99
58 106
58 109
58 110
58 112
58 113
58 114
58 115
58 116
58 119
58 120
58 126
59 1
59 2
59 3
59 12
59 13
59 16
59 20
59 21
59 26
59 28
59 32
59 38
59 41
59 42
59 44
59 46
59 47
59 54
59 55
59 56
59 66
59 74
59 76
59 77
59 78
59 83
59 84
59 88
59 90
59 91
59 95
59 97
59 98
59 103
59 104
59 108
59 120
59 124
59 126
60 0
60 1
60 6
60 8
60 13
60 15
60 17
60 18
60 24
60 27
60 28
60 32
60 34
60 39
60 42
60 46
60 48
60 49
60 51
60 52
60 54
60 66
60 70
60 72
60 73
60 84
60 85
60 86
60 90
60 92
60 93
60 94
60 97
60 103
60 107
60 109
60 111
60 112
60 115
60 117
60 118
60 120
60 122
60 125
60 126
61 2
61 12
61 13
61 14
61 15
61 25
61 33
61 34
61 36
61 37
61 42
61 55
61 68
61 69
61 70
61 71
61 77
61 89
61 90
61 97
61 100
61 102
61 103
61 106
61 107
61 110
61 111
61 113
61 115
61 118
61 121
61 124
61 125
61 127
62 2
62 3
62 7
62 8
62 10
62 15
62 16
62 17
62 18
62 22
62 26
62 27
62 35
62 36
62 38
62 49
62 53
62 57
62 58
62 63
62 67
62 71
62 92
62 97
62 102
62 105
62 108
62 111
62 112
62 116
62 117
62 120
62 123
63 2
63 6
63 14
63 16
63 17
63 25
63 29
63 31
63 38
63 39
63 41
63 42
63 45
63 52
63 53
63 54
63 57
63 59
63 63
63 64
63 65
63 75
63 80
63 81
63 85
63 87
63 89
63 94
63 96
63 97
63 99
63 101
63 106
63 112
63 114
63 118
63 123
63 125
63 126
64 18
64 29
64 38
64 42
64 46
64 48
64 50
64 62
64 68
64 72
64 91
64 92
64 97
64 99
64 100
64 103
64 107
64 108
64 114
64 116
64 120
64 122
64 125
65 4
65 5
65 8
65 12
65 14
65 16
65 19
65 20
65 22
65 23
65 25
65 26
65 27
65 31
65 33
65 34
65 35
65 36
65 37
65 40
65 41
65 43
65 54
65 70
65 73
65 74
65 76
65 79
65 82
65 84
65 86
65 91
65 95
65 96
65 99
65 101
65 108
65 110
65 112
65 114
65 118
65 119
65 120
65 124
65 127
66 1
66 3
66 4
66 9
66 16
66 17
66 20
66 22
66 24
66 27
66 28
66 38
66 41
66 44
66 51
66 68
66 71
66 80
66 82
66 84
66 86
66 88
66 92
66 96
66 100
66 104
66 111
66 114
66 120
66 123
67 4
67 6
67 7
67 14
67 19
67 20
67 21
67 26
67 34
67 39
67 40
67 44
67 45
67 48
67 52
67 63
67 64
67 66
67 76
67 78
67 79
67 89
67 91
67 94
67 96
67 109
67 115
67 117
67 119
67 125
68 4
68 6
68 7
68 8
68 9
68 11
68 14
68 18
68 20
68 21
68 22
68 25
68 26
68 27
68 28
68 32
68 33
68 35
68 36
68 39
68 42
68 55
68 56
68 57
68 58
68 67
68 68
68 70
68 71
68 76
68 79
68 86
68 87
68 88
68 91
68 94
68 95
68 103
68 105
68 107
68 108
68 114
68 118
68 119
68 123
68 124
69 4
69 9
69 12
69 18
69 21
69 22
69 24
69 26
69 35
69 37
69 42
69 44
69 51
69 60
69 66
69 69
69 72
69 78
69 79
69 82
69 84
69 87
69 88
69 89
69 90
69 91
69 95
69 101
69 102
69 103
69 108
69 112
69 113
69 114
69 117
69 119
69 120
69 121
69 124
70 4
70 7
70 8
70 9
70 10
70 15
70 22
70 26
70 27
70 28
70 30
70 31
70 35
70 36
70 38
70 39
70 40
70 42
70 53
70 59
70 62
70 68
70 78
70 79
70 81
70 82
70 85
70 88
70 90
70 92
70 96
70 98
70 99
70 101
70 109
70 110
70 111
70 119
70 120
70 123
70 125
70 127
71 0
71 1
71 3
71 6
71 12
71 14
71 29
71 30
71 34
71 36
71 42
71 44
71 45
71 47
71 52
71 67
71 71
71 73
71 83
71 84
71 85
71 88
71 89
71 92
71 99
71 107
71 112
71 115
71 118
71 119
71 120
71 127
72 0
72 4
72 9
72 12
72 13
72 14
72 18
72 21
72 25
72 26
72 29
72 42
72 47
72 53
72 56
72 60
72 61
72 64
72 66
72 69
72 71
72 80
72 87
72 92
72 96
72 98
72 99
72 102
72 103
72 105
72 106
72 107
72 113
72 117
72 118
72 120
72 126
73 0
73 2
73 4
73 8
73 12
73 13
73 14
73 17
73 18
73 22
73 24
73 25
73 26
73 35
73 36
73 39
73 40
73 41
73 42
73 43
73 44
73 47
73 58
73 60
73 65
73 67
73 72
73 78
73 79
73 89
73 91
73 92
73 94
73 97
73 105
73 107
73 114
73 120
74 0
74 2
74 9
74 10
74 11
74 13
74 20
74 21
74 28
74 29
74 32
74 34
74 38
74 39
74 44
74 45
74 51
74 57
74 58
74 67
74 72
74 74
74 78
74 81
74 82
74 83
74 86
74 87
74 89
74 91
74 93
74 96
74 100
74 101
74 104
74 106
74 107
74 112
74 114
74 117
75 9
75 10
75 11
75 17
75 18
75 20
75 22
75 24
75 29
75 34
75 35
75 36
75 41
75 42
75 43
75 44
75 49
75 50
75 52
75 53
75 66
75 73
75 74
75 75
75 85
75 86
75 91
75 93
75 98
75 99
75 102
75 109
75 111
75 117
75 120
75 125
76 4
76 8
76 15
76 18
76 22
76 25
76 27
76 33
76 43
76 46
76 52
76 53
76 59
76 60
76 63
76 70
76 72
76 73
76 76
76 78
76 79
76 86
76 94
76 95
76 96
76 98
76 104
76 113
76 122
76 123
76 124
77 1
77 2
77 4
77 6
77 8
77 14
77 21
77 22
77 23
77 25
77 27
77 37
77 38
77 41
77 50
77 55
77 58
77 63
77 66
77 67
77 77
77 79
77 80
77 86
77 87
77 88
77 92
77 95
77 97
77 98
77 103
77 104
77 107
77 111
77 113
77 114
77 115
77 119
77 123
77 125
77 126
77 127
78 1
78 2
78 3
78 6
78 8
78 12
78 18
78 20
78 22
78 26
78 28
78 37
78 45
78 46
78 47
78 56
78 59
78 62
78 71
78 80
78 82
78 83
78 89
78 90
78 92
78 93
78 94
78 101
78 104
78 105
78 106
78 107
78 108
78 112
78 114
78 115
78 118
78 119
78 121
78 122
78 126
79 2
79 9
79 13
79 15
79 20
79 21
79 31
79 33
79 42
79 49
79 51
79 56
79 57
79 59
79 60
79 67
79 69
79 72
79 76
79 77
79 81
79 84
79 88
79 104
79 112
79 115
79 116
79 118
79 119
79 120
79 121
79 122
79 123
79 124
79 127
80 4
80 7
80 9
80 10
80 20
80 21
80 24
80 25
80 27
80 29
80 30
80 34
80 35
80 37
80 38
80 45
80 56
80 60
80 62
80 64
80 72
80 74
80 78
80 81
80 83
80 84
80 87
80 89
80 90
80 93
80 99
80 103
80 108
80 112
80 114
80 119
80 121
80 123
81 1
81 5
81 7
81 9
81 13
81 16
81 18
81 20
81 23
81 25
81 32
81 42
81 46
81 47
81 48
81 50
81 56
81 65
81 72
81 73
81 77
81 79
81 80
81 81
81 82
81 83
81 85
81 89
81 91
81 92
81 95
81 96
81 98
81 101
81 102
81 113
81 114
81 115
81 116
81 120
81 121
81 124
81 127
82 1
82 8
82 9
82 14
82 16
82 18
82 19
82 23
82 27
82 30
82 34
82 42
82 46
82 53
82 56
82 58
82 60
82 62
82 64
82 68
82 70
82 71
82 74
82 75
82 83
82 84
82 85
82 87
82 88
82 91
82 96
82 101
82 103
82 104
82 105
82 112
82 115
82 117
82 119
82 120
82 124
82 125
82 127
83 5
83 7
83 11
83 12
83 15
83 16
83 17
83 22
83 29
83 31
83 33
83 35
83 36
83 39
83 42
83 43
83 44
83 47
83 48
83 51
83 56
83 64
83 65
83 69
83 73
83 79
83 81
83 85
83 90
83 92
83 95
83 96
83 97
83 98
83 104
83 114
83 118
83 119
83 121
84 1
84 7
84 8
84 10
84 11
84 13
84 14
84 20
84 22
84 23
84 26
84 33
84 42
84 53
84 56
84 60
84 65
84 71
84 79
84 80
84 83
84 86
84 88
84 91
84 93
84 94
84 107
84 112
84 115
84 116
84 119
84 122
84 125
85 0
85 2
85 5
85 9
85 11
85 12
85 13
85 17
85 20
85 23
85 26
85 29
85 38
85 43
85 48
85 49
85 51
85 52
85 54
85 57
85 59
85 60
85 77
85 80
85 82
85 83
85 85
85 87
85 90
85 94
85 97
85 99
85 102
85 104
85 105
85 111
85 119
85 121
85 123
85 125
85 126
85 127
86 17
86 18
86 22
86 23
86 30
86 31
86 34
86 36
86 37
86 41
86 42
86 43
86 45
86 47
86 59
86 64
86 66
86 68
86 69
86 71
86 80
86 86
86 88
86 90
86 91
86 96
86 98
86 99
86 102
86 107
86 109
86 113
86 115
86 118
86 123
86 124
86 126
87 1
87 3
87 6
87 7
87 11
87 13
87 21
87 22
87 24
87 37
87 47
87 52
87 58
87 62
87 64
87 65
87 69
87 79
87 81
87 88
87 89
87 95
87 96
87 99
87 100
87 103
87 106
87 107
87 108
87 109
87 112
87 117
87 121
87 123
87 124
87 125
87 127
88 5
88 7
88 9
88 10
88 11
88 21
88 24
88 26
88 33
88 35
88 40
88 41
88 45
88 46
88 50
88 52
88 53
88 59
88 62
88 64
88 65
88 67
88 72
88 83
88 96
88 97
88 98
88 102
88 104
88 108
88 124
88 127
89 3
89 4
89 7
89 8
89 17
89 24
89 30
89 31
89 37
89 40
89 42
89 43
89 45
89 47
89 50
89 52
89 54
89 59
89 60
89 61
89 66
89 69
89 70
89 73
89 74
89 76
89 83
89 88
89 93
89 94
89 97
89 98
89 102
89 104
89 105
89 106
89 109
89 114
89 116
89 123
90 5
90 8
90 13
90 21
90 22
90 24
90 28
90 29
90 30
90 31
90 37
90 40
90 42
90 48
90 49
90 51
90 59
90 60
90 63
90 64
90 72
90 74
90 75
90 76
90 78
90 83
90 85
90 86
90 87
90 90
90 106
90 108
90 117
90 118
91 5
91 6
91 8
91 9
91 12
91 13
91 31
91 41
91 44
91 49
91 51
91 54
91 56
91 59
91 60
91 61
91 63
91 65
91 70
91 75
91 80
91 82
91 83
91 86
91 88
91 90
91 91
91 103
91 104
91 111
91 112
91 113
91 117
91 120
91 123
91 126
92 1
92 3
92 5
92 8
92 14
92 16
92 20
92 22
92 23
92 28
92 33
92 36
92 40
92 49
92 51
92 54
92 57
92 67
92 69
92 72
92 84
92 87
92 90
92 91
92 92
92 99
92 100
92 104
92 105
92 106
92 107
92 109
92 116
92 117
92 118
92 123
93 2
93 7
93 8
93 14
93 19
93 20
93 21
93 23
93 24
93 28
93 29
93 33
93 43
93 44
93 46
93 53
93 55
93 63
93 65
93 66
93 68
93 77
93 78
93 90
93 98
93 110
93 116
93 117
93 123
94 0
94 3
94 12
94 13
94 18
94 20
94 21
94 26
94 28
94 32
94 35
94 38
94 39
94 41
94 45
94 48
94 50
94 51
94 58
94 59
94 61
94 62
94 69
94 72
94 81
94 83
94 86
94 87
94 88
94 89
94 93
94 99
94 103
94 108
94 114
94 115
94 121
94 124
94 125
94 126
95 0
95 3
95 9
95 11
95 12
95 13
95 14
95 22
95 29
95 30
95 32
95 34
95 38
95 42
95 43
95 44
95 45
95 52
95 53
95 55
95 58
95 62
95 67
95 68
95 69
95 75
95 76
95 84
95 88
95 93
95 100
95 103
95 104
95 110
95 117
95 118
95 119
96 4
96 8
96 9
96 15
96 18
96 19
96 23
96 25
96 26
96 30
96 36
96 46
96 47
96 51
96 57
96 63
96 64
96 66
96 67
96 69
96 71
96 75
96 82
96 86
96 87
96 92
96 94
96 95
96 97
96 100
96 101
96 103
96 105
96 107
96 109
96 110
96 112
96 122
96 124
96 125
97 0
97 4
97 11
97 14
97 15
97 19
97 21
97 22
97 23
97 25
97 27
97 37
97 39
97 41
97 44
97 47
97 49
97 50
97 56
97 62
97 65
97 71
97 72
97 79
97 82
97 84
97 86
97 87
97 89
97 90
97 91
97 94
97 96
97 106
97 109
97 117
97 119
97 120
97 122
98 0
98 1
98 4
98 9
98 15
98 16
98 18
98 27
98 29
98 31
98 34
98 35
98 36
98 40
98 41
98 42
98 44
98 50
98 60
98 63
98 70
98 73
98 74
98 76
98 77
98 80
98 81
98 86
98 91
98 92
98 100
98 101
98 104
98 106
98 107
98 111
98 112
98 115
98 123
99 0
99 1
99 3
99 9
99 10
99 13
99 14
99 15
99 16
99 19
99 20
99 25
99 26
99 31
99 35
99 37
99 38
99 40
99 41
99 50
99 55
99 61
99 62
99 65
99 67
99 68
99 70
99 75
99 76
99 77
99 80
99 83
99 84
99 86
99 87
99 92
99 93
99 94
99 98
99 99
99 101
99 108
99 115
99 117
99 119
100 4
100 5
100 6
100 13
100 17
100 21
100 23
100 26
100 30
100 36
100 40
100 45
100 48
100 49
100 56
100 58
100 61
100 65
100 67
100 69
100 71
100 80
100 85
100 89
100 94
100 95
100 99
100 100
100 101
100 102
100 105
100 116
100 119
100 121
100 124
101 1
101 2
101 7
101 9
101 10
101 11
101 15
101 16
101 17
101 18
101 19
101 25
101 26
101 35
101 37
101 42
101 44
101 47
101 48
101 53
101 54
101 59
101 64
101 69
101 73
101 75
101 76
101 78
101 79
101 85
101 86
101 92
101 99
101 101
101 103
101 104
101 111
101 114
101 115
101 117
101 118
101 121
102 3
102 8
102 10
102 14
102 16
102 26
102 28
102 29
102 30
102 40
102 41
102 51
102 52
102 53
102 54
102 55
102 60
102 61
102 62
102 63
102 64
102 66
102 70
102 72
102 75
102 76
102 77
102 79
102 81
102 82
102 83
102 84
102 85
102 86
102 89
102 92
102 95
102 98
102 106
102 108
102 111
102 114
102 115
102 117
102 124
102 127
103 1
103 7
103 8
103 12
103 14
103 15
103 17
103 21
103 23
103 27
103 29
103 34
103 40
103 44
103 47
103 51
103 53
103 54
103 56
103 58
103 61
103 62
103 69
103 70
103 71
103 79
103 85
103 87
103 91
103 92
103 93
103 96
103 99
103 106
103 109
103 113
103 114
103 118
103 123
103 126
104 1
104 2
104 4
104 5
104 6
104 8
104 13
104 15
104 18
104 26
104 37
104 43
104 52
104 55
104 58
104 59
104 60
104 62
104 63
104 64
104 65
104 67
104 69
104 71
104 72
104 75
104 76
104 79
104 89
104 90
104 94
104 99
104 103
104 105
104 108
104 109
104 116
104 117
104 127
105 1
105 2
105 3
105 8
105 10
105 11
105 14
105 20
105 23
105 24
105 26
105 30
105 35
105 37
105 39
105 50
105 51
105 53
105 54
105 55
105 57
105 60
105 64
105 74
105 85
105 87
105 89
105 94
105 97
105 98
105 106
105 108
105 110
105 111
105 116
105 119
105 121
105 126
105 127
106 0
106 1
106 6
106 7
106 9
106 10
106 11
106 16
106 21
106 25
106 26
106 38
106 39
106 40
106 42
106 47
106 50
106 55
106 56
106 57
106 61
106 68
106 70
106 80
106 81
106 82
106 84
106 90
106 91
106 96
106 102
106 103
106 104
106 105
106 107
106 109
106 112
106 118
107 0
107 4
107 6
107 13
107 16
107 20
107 22
107 27
107 30
107 34
107 36
107 42
107 43
107 45
107 46
107 48
107 54
107 60
107 65
107 78
107 80
107 83
107 84
107 85
107 90
107 94
107 95
107 96
107 98
107 103
107 107
107 117
107 121
107 123
108 3
108 5
108 7
108 9
108 10
108 11
108 13
108 14
108 18
108 23
108 25
108 26
108 32
108 36
108 39
108 40
108 41
108 42
108 43
108 49
108 53
108 55
108 58
108 60
108 69
108 73
108 74
108 75
108 76
108 80
108 83
108 86
108 90
108 93
108 102
108 111
108 114
108 117
108 123
108 124
108 127
109 1
109 2
109 10
109 11
109 20
109 21
109 23
109 25
109 32
109 34
109 37
109 42
109 47
109 52
109 55
109 56
109 62
109 66
109 67
109 69
109 71
109 73
109 74
109 75
109 82
109 83
109 85
109 89
109 92
109 93
109 96
109 98
109 99
109 100
109 102
109 104
109 111
109 118
109 119
109 122
109 123
109 125
110 1
110 6
110 15
110 18
110 23
110 27
110 30
110 32
110 34
110 42
110 54
110 57
110 59
110 61
110 64
110 71
110 74
110 82
110 84
110 93
110 99
110 100
110 101
110 105
110 106
110 109
110 115
110 116
110 118
110 119
110 122
110 127
111 7
111 10
111 13
111 17
111 18
111 22
111 23
111 28
111 31
111 35
111 39
111 41
111 43
111 47
111 48
111 49
111 51
111 52
111 53
111 58
111 60
111 61
111 66
111 68
111 72
111 73
111 74
111 75
111 78
111 81
111 82
111 84
111 87
111 90
111 91
111 98
111 99
111 100
111 106
111 108
111 109
111 110
111 123
112 0
112 3
112 4
112 7
112 10
112 11
112 12
112 13
112 14
112 15
112 19
112 24
112 27
112 28
112 29
112 32
112 40
112 41
112 46
112 47
112 48
112 51
112 52
112 53
112 55
112 62
112 69
112 74
112 75
112 80
112 82
112 84
112 87
112 89
112 90
112 93
112 97
112 99
112 103
112 104
112 105
112 107
112 108
112 109
112 114
112 116
113 1
113 2
113 4
113 7
113 8
113 12
113 13
113 14
113 15
113 16
113 33
113 36
113 39
113 41
113 42
113 43
113 46
113 48
113 56
113 57
113 58
113 59
113 70
113 72
113 74
113 77
113 79
113 82
113 94
113 95
113 97
113 98
113 99
113 101
113 104
113 107
113 108
113 114
113 115
113 116
114 2
114 10
114 13
114 14
114 15
114 17
114 23
114 29
114 30
114 35
114 39
114 47
114 54
114 56
114 58
114 59
114 60
114 65
114 66
114 71
114 72
114 73
114 75
114 76
114 77
114 83
114 85
114 94
114 96
114 100
114 102
114 104
114 121
114 123
114 127
115 6
115 7
115 9
115 13
115 14
115 15
115 16
115 19
115 20
115 24
115 26
115 32
115 36
115 40
115 46
115 57
115 60
115 61
115 66
115 68
115 69
115 70
115 74
115 75
115 79
115 86
115 88
115 92
115 93
115 102
115 103
115 104
115 111
115 113
115 114
115 119
115 126
115 127
116 1
116 5
116 6
116 8
116 9
116 10
116 13
116 14
116 15
116 20
116 21
116 25
116 26
116 29
116 31
116 39
116 48
116 53
116 55
116 56
116 71
116 76
116 79
116 81
116 84
116 85
116 86
116 87
116 88
116 91
116 97
116 99
116 103
116 104
116 107
116 113
116 115
116 122
116 123
116 125
117 3
117 6
117 8
117 15
117 18
117 22
117 23
117 26
117 31
117 32
117 33
117 49
117 50
117 52
117 53
117 55
117 57
117 58
117 67
117 68
117 71
117 73
117 74
117 83
117 84
117 103
117 104
117 105
117 107
117 109
117 112
117 121
117 124
117 125
117 126
118 2
118 6
118 7
118 12
118 17
118 18
118 21
118 25
118 27
118 34
118 37
118 43
118 49
118 53
118 58
118 61
118 72
118 74
118 80
118 82
118 86
118 89
118 91
118 92
118 96
118 101
118 112
118 120
118 122
118 123
118 125
118 127
119 3
119 4
119 8
119 11
119 19
119 20
119 25
119 40
119 42
119 45
119 52
119 61
119 62
119 66
119 70
119 72
119 75
119 78
119 80
119 85
119 93
119 96
119 97
119 105
119 111
119 119
119 122
120 0
120 1
120 3
120 9
120 11
120 13
120 14
120 18
120 21
120 24
120 29
120 34
120 37
120 39
120 48
120 49
120 53
120 55
120 56
120 58
120 61
120 62
120 64
120 65
120 66
120 67
120 69
120 70
120 76
120 78
120 80
120 84
120 90
120 91
120 95
120 100
120 102
120 104
120 105
120 109
120 110
120 115
120 116
120 120
120 123
121 1
121 4
121 6
121 17
121 23
121 24
121 25
121 26
121 30
121 31
121 39
121 40
121 41
121 43
121 46
121 48
121 49
121 51
121 56
121 61
121 65
121 70
121 71
121 73
121 75
121 79
121 82
121 84
121 86
121 91
121 94
121 95
121 97
121 100
121 102
121 111
121 120
121 121
121 122
121 126
122 3
122 8
122 20
122 21
122 29
122 30
122 32
122 36
122 42
122 44
122 47
122 56
122 68
122 75
122 80
122 83
122 87
122 91
122 96
122 99
122 101
122 102
122 103
122 108
122 114
122 118
122 119
122 120
122 122
122 124
123 0
123 6
123 7
123 10
123 11
123 13
123 16
123 17
123 19
123 21
123 22
123 24
123 25
123 26
123 30
123 32
123 35
123 53
123 54
123 55
123 57
123 61
123 63
123 67
123 69
123 73
123 76
123 81
123 84
123 87
123 88
123 96
123 99
123 101
123 103
123 108
123 116
123 123
124 3
124 7
124 9
124 10
124 16
124 18
124 19
124 22
124 23
124 31
124 35
124 37
124 39
124 50
124 63
124 67
124 68
124 69
124 75
124 76
124 82
124 88
124 94
124 95
124 98
124 99
124 104
124 106
124 108
124 117
124 118
124 120
124 122
124 123
124 125
124 127
125 2
125 5
125 6
125 11
125 12
125 13
125 14
125 16
125 17
125 18
125 25
125 26
125 28
125 33
125 34
125 36
125 38
125 45
125 46
125 50
125 51
125 55
125 56
125 57
125 59
125 69
125 70
125 72
125 75
125 76
125 77
125 81
125 83
125 87
125 91
125 110
125 111
125 114
125 116
125 119
125 121
125 122
126 0
126 4
126 5
126 7
126 12
126 15
126 20
126 24
126 25
126 38
126 45
126 46
126 50
126 58
126 60
126 64
126 65
126 67
126 68
126 72
126 76
126 77
126 79
126 80
126 81
126 83
126 84
126 86
126 87
126 89
126 91
126 92
126 93
126 96
126 99
126 104
126 106
126 107
126 113
126 118
126 119
126 124
126 125
126 127
127 0
127 1
127 14
127 15
127 19
127 21
127 25
127 27
127 28
127 29
127 36
127 38
127 40
127 41
127 47
127 53
127 56
127 57
127 58
127 60
127 62
127 68
127 71
127 84
127 88
127 94
127 95
127 97
127 98
127 99
127 100
127 109
127 113
127 116
127 120
127 124
