0 12
0 37
0 46
0 69
0 90
1 4
1 36
1 64
1 77
1 79
1 96
2 2
2 55
2 64
3 3
3 25
3 42
3 119
3 123
4 3
4 21
4 79
4 111
4 112
5 25
5 53
5 66
5 105
5 109
6 0
6 45
6 84
6 109
7 7
7 35
7 71
7 94
8 15
8 18
8 98
8 118
9 25
10 50
11 64
12 3
12 14
13 19
13 76
13 109
13 112
14 37
14 80
14 84
14 124
15 27
15 36
15 52
16 35
16 40
16 55
16 104
16 117
17 0
17 2
17 20
17 88
17 106
17 123
18 16
18 99
19 23
19 51
19 127
20 12
20 25
21 67
21 102
21 111
22 11
22 20
22 42
22 66
22 68
22 114
22 125
23 19
23 46
23 70
23 78
23 97
23 119
24 5
24 18
24 39
24 62
24 67
24 82
24 122
25 21
25 32
25 113
26 44
26 117
27 52
27 58
27 87
28 35
28 73
28 121
29 48
29 79
30 68
31 27
31 47
31 77
31 82
31 85
31 86
31 97
31 124
31 125
32 59
32 67
32 93
32 107
33 81
34 3
35 90
35 93
36 66
36 78
37 14
37 27
37 52
38 27
38 61
38 72
39 1
39 3
39 19
39 46
39 47
40 7
40 35
40 50
40 64
40 65
41 71
41 111
42 6
42 55
42 56
42 68
42 105
43 59
43 77
44 12
45 0
45 10
45 37
45 73
45 75
45 113
45 114
46 22
46 23
46 60
46 95
46 100
46 112
47 16
47 41
47 65
47 90
47 98
48 92
48 96
48 121
49 33
49 90
50 24
50 44
50 47
50 57
50 68
50 74
50 81
50 96
50 115
51 56
51 67
51 103
51 110
52 97
52 119
53 69
53 81
53 86
54 4
54 110
55 22
55 84
55 100
55 120
55 121
56 84
56 86
57 10
57 67
57 89
57 116
58 21
58 42
58 46
58 124
59 60
59 97
59 106
60 3
60 111
61 4
61 34
61 118
62 94
62 115
63 3
63 45
63 62
63 76
63 124
64 9
64 43
64 85
65 19
66 16
66 30
66 49
66 77
66 81
66 83
67 15
67 18
67 19
67 86
67 90
67 98
67 116
67 125
68 6
68 17
68 46
68 53
68 62
68 80
68 87
68 90
68 110
68 111
69 37
70 13
70 71
70 82
70 102
70 111
71 1
71 52
72 15
72 50
72 61
72 70
72 77
72 86
73 8
73 16
73 42
73 63
73 75
73 79
74 14
74 93
74 98
75 53
75 100
75 112
76 3
76 32
76 89
77 8
77 38
77 74
77 91
77 114
77 120
78 8
78 42
78 56
78 57
78 98
78 117
78 126
79 14
79 30
79 103
80 34
80 35
80 58
80 86
80 113
81 11
81 68
81 113
82 20
82 21
82 42
82 64
82 102
82 105
82 110
82 114
82 119
83 13
83 25
83 39
83 70
83 106
84 18
84 42
84 104
84 120
85 60
86 18
86 43
86 60
86 107
86 120
87 78
87 100
87 125
87 126
88 0
88 8
88 10
88 32
89 26
89 80
89 118
89 124
90 62
90 79
90 89
90 121
90 127
91 43
91 70
91 111
92 9
92 14
92 21
92 48
92 64
92 79
92 90
92 121
92 125
93 20
93 28
93 64
93 89
93 107
93 121
94 32
94 52
94 69
94 115
94 125
95 2
95 43
95 71
95 92
95 126
96 50
96 104
97 21
97 47
97 66
97 80
97 97
97 105
97 126
98 10
98 13
99 18
99 65
99 103
100 13
100 20
100 21
100 75
100 89
100 120
101 2
101 39
101 92
101 115
102 8
102 46
103 41
103 101
103 118
104 3
104 21
104 88
104 127
105 9
105 29
105 35
105 67
105 97
106 23
106 34
107 54
107 106
108 7
108 111
109 44
109 100
110 80
110 96
110 98
110 107
111 49
111 50
111 59
111 62
111 68
111 88
111 93
111 113
112 7
112 76
112 93
112 94
113 24
113 29
113 62
113 109
114 87
114 88
115 26
115 46
115 81
116 4
116 10
116 44
116 80
116 99
117 7
117 31
117 68
118 36
118 60
118 62
119 58
119 60
119 71
119 72
119 83
119 109
120 121
121 3
121 37
121 56
121 95
121 107
122 45
122 53
122 85
122 89
122 127
123 32
123 52
123 86
123 91
123 92
123 94
123 97
124 85
124 86
125 25
125 59
125 75
125 85
125 91
126 20
126 27
126 58
127 54
127 63
127 67
127 121
