0 2
0 3
0 14
0 18
0 23
0 34
0 36
0 42
0 43
0 51
0 53
0 57
0 70
0 72
0 85
0 87
0 89
0 93
0 99
0 103
0 106
0 108
0 114
0 115
0 117
0 119
0 120
1 1
1 3
1 6
1 7
1 10
1 15
1 22
1 25
1 31
1 32
1 37
1 39
1 42
1 44
1 49
1 53
1 56
1 58
1 67
1 75
1 79
1 85
1 86
1 88
1 93
1 96
1 102
1 103
1 110
1 111
1 116
1 118
2 4
2 5
2 11
2 12
2 21
2 26
2 29
2 41
2 45
2 48
2 49
2 55
2 65
2 68
2 69
2 71
2 72
2 73
2 74
2 77
2 85
2 93
2 95
2 96
2 97
2 99
2 100
2 102
2 109
2 113
2 125
2 126
2 127
3 1
3 3
3 4
3 7
3 12
3 15
3 16
3 23
3 31
3 39
3 44
3 45
3 48
3 49
3 51
3 52
3 58
3 62
3 65
3 69
3 76
3 79
3 85
3 86
3 89
3 92
3 94
3 95
3 97
3 101
3 103
3 108
3 113
3 115
3 120
3 122
3 124
3 125
4 4
4 6
4 11
4 12
4 18
4 31
4 36
4 39
4 43
4 51
4 55
4 61
4 62
4 64
4 67
4 69
4 74
4 81
4 82
4 84
4 85
4 87
4 100
4 103
4 105
4 106
4 110
4 112
4 119
4 127
5 0
5 5
5 6
5 7
5 9
5 11
5 17
5 26
5 32
5 33
5 37
5 43
5 44
5 45
5 49
5 51
5 53
5 54
5 56
5 61
5 68
5 69
5 70
5 71
5 75
5 76
5 78
5 81
5 82
5 84
5 87
5 97
5 102
5 103
5 105
5 106
5 107
5 110
5 112
5 114
5 116
5 117
5 121
5 125
6 0
6 5
6 10
6 11
6 22
6 23
6 24
6 25
6 28
6 33
6 35
6 36
6 43
6 47
6 48
6 54
6 58
6 60
6 63
6 66
6 67
6 70
6 76
6 77
6 78
6 84
6 86
6 96
6 104
6 107
6 118
6 120
6 124
6 125
6 127
7 4
7 9
7 10
7 12
7 14
7 17
7 22
7 23
7 30
7 34
7 36
7 39
7 40
7 41
7 44
7 48
7 49
7 59
7 61
7 65
7 68
7 69
7 73
7 75
7 81
7 83
7 85
7 90
7 91
7 98
7 100
7 103
7 104
7 105
7 106
7 107
7 110
7 124
8 0
8 6
8 9
8 12
8 13
8 19
8 21
8 23
8 28
8 43
8 45
8 49
8 53
8 61
8 62
8 67
8 69
8 71
8 72
8 74
8 75
8 76
8 77
8 80
8 81
8 86
8 89
8 91
8 93
8 95
8 101
8 104
8 109
8 111
8 118
8 123
8 124
9 2
9 3
9 9
9 10
9 16
9 20
9 27
9 39
9 46
9 51
9 55
9 60
9 61
9 63
9 68
9 73
9 75
9 78
9 81
9 84
9 87
9 93
9 96
9 102
9 106
9 107
9 113
9 115
9 118
9 123
10 5
10 10
10 19
10 24
10 28
10 31
10 37
10 39
10 42
10 43
10 54
10 55
10 57
10 63
10 66
10 69
10 71
10 83
10 92
10 104
10 112
10 120
10 121
10 122
11 2
11 4
11 8
11 11
11 13
11 14
11 24
11 39
11 45
11 48
11 52
11 59
11 70
11 71
11 73
11 88
11 89
11 92
11 94
11 95
11 96
11 101
11 103
11 114
11 124
12 1
12 3
12 6
12 16
12 18
12 19
12 21
12 22
12 29
12 32
12 35
12 39
12 53
12 56
12 61
12 63
12 64
12 65
12 67
12 71
12 73
12 77
12 85
12 87
12 89
12 94
12 97
12 98
12 102
12 107
12 117
12 119
12 123
12 124
12 125
13 12
13 15
13 17
13 18
13 19
13 21
13 22
13 28
13 30
13 31
13 33
13 34
13 39
13 47
13 52
13 55
13 59
13 65
13 73
13 76
13 77
13 83
13 86
13 89
13 91
13 93
13 107
13 109
13 110
13 112
13 115
13 116
13 122
13 125
14 7
14 13
14 20
14 33
14 37
14 38
14 39
14 40
14 45
14 50
14 53
14 54
14 65
14 66
14 81
14 82
14 85
14 94
14 96
14 97
14 103
14 110
14 118
14 120
14 121
14 123
14 124
15 6
15 7
15 8
15 9
15 17
15 23
15 26
15 33
15 45
15 46
15 47
15 51
15 56
15 57
15 72
15 83
15 87
15 88
15 92
15 96
15 101
15 103
15 109
15 112
15 114
15 116
15 117
15 118
15 121
15 125
15 127
16 0
16 3
16 5
16 6
16 11
16 19
16 21
16 35
16 36
16 37
16 38
16 49
16 53
16 56
16 57
16 61
16 62
16 63
16 67
16 68
16 81
16 83
16 90
16 91
16 92
16 93
16 99
16 101
16 102
16 107
16 108
16 109
16 113
16 114
16 115
16 116
16 118
17 16
17 17
17 21
17 22
17 25
17 26
17 30
17 31
17 32
17 38
17 44
17 54
17 55
17 57
17 68
17 77
17 78
17 89
17 97
17 109
17 112
17 113
17 115
17 127
18 0
18 14
18 18
18 22
18 24
18 26
18 29
18 36
18 38
18 40
18 44
18 50
18 57
18 59
18 73
18 76
18 77
18 78
18 79
18 81
18 82
18 91
18 94
18 100
18 106
18 109
18 111
18 114
18 115
18 120
19 1
19 2
19 5
19 6
19 9
19 10
19 11
19 15
19 21
19 24
19 27
19 37
19 38
19 42
19 43
19 44
19 50
19 60
19 61
19 62
19 63
19 67
19 68
19 73
19 79
19 82
19 83
19 87
19 89
19 100
19 111
19 120
19 122
19 127
20 7
20 18
20 26
20 27
20 34
20 42
20 47
20 48
20 52
20 55
20 57
20 59
20 60
20 63
20 65
20 66
20 70
20 73
20 77
20 79
20 80
20 84
20 85
20 89
20 92
20 93
20 98
20 99
20 101
20 104
20 108
20 126
21 14
21 19
21 24
21 32
21 41
21 44
21 46
21 49
21 50
21 56
21 60
21 62
21 72
21 75
21 81
21 82
21 101
21 102
21 104
21 115
21 116
21 117
21 119
21 120
21 127
22 3
22 7
22 8
22 16
22 18
22 19
22 29
22 31
22 33
22 34
22 37
22 41
22 42
22 43
22 45
22 64
22 68
22 69
22 81
22 83
22 85
22 86
22 87
22 89
22 92
22 99
22 100
22 103
22 109
22 110
22 114
22 115
22 118
22 123
23 0
23 1
23 3
23 8
23 9
23 16
23 18
23 19
23 20
23 21
23 27
23 32
23 35
23 39
23 40
23 46
23 47
23 48
23 50
23 51
23 52
23 54
23 56
23 59
23 65
23 73
23 74
23 83
23 91
23 93
23 97
23 102
23 121
23 126
24 2
24 6
24 7
24 10
24 19
24 36
24 41
24 44
24 49
24 61
24 62
24 64
24 77
24 78
24 80
24 81
24 82
24 83
24 85
24 93
24 95
24 97
24 98
24 106
24 110
25 2
25 6
25 7
25 12
25 16
25 26
25 27
25 32
25 34
25 39
25 41
25 45
25 49
25 56
25 58
25 60
25 72
25 75
25 77
25 81
25 83
25 87
25 90
25 96
25 103
25 105
25 107
25 108
25 111
25 116
25 119
25 120
26 2
26 4
26 6
26 7
26 14
26 21
26 22
26 31
26 35
26 37
26 39
26 45
26 53
26 58
26 59
26 61
26 64
26 66
26 67
26 82
26 83
26 85
26 88
26 90
26 96
26 98
26 102
26 111
26 114
26 116
26 123
27 2
27 3
27 5
27 7
27 8
27 13
27 18
27 19
27 20
27 31
27 56
27 57
27 60
27 64
27 69
27 80
27 82
27 83
27 86
27 90
27 92
27 96
27 97
27 98
27 101
27 102
27 104
27 105
27 108
27 118
27 119
27 120
28 1
28 3
28 4
28 7
28 8
28 9
28 15
28 18
28 20
28 24
28 26
28 30
28 40
28 41
28 54
28 57
28 59
28 63
28 65
28 68
28 70
28 72
28 74
28 76
28 77
28 78
28 83
28 84
28 91
28 99
28 102
28 107
28 110
28 111
28 121
28 127
29 3
29 5
29 6
29 14
29 18
29 20
29 23
29 25
29 29
29 33
29 37
29 45
29 46
29 47
29 55
29 59
29 78
29 81
29 96
29 97
29 100
29 107
29 108
29 119
29 124
30 4
30 5
30 6
30 7
30 12
30 13
30 14
30 15
30 17
30 18
30 20
30 23
30 38
30 47
30 48
30 53
30 55
30 61
30 63
30 64
30 70
30 77
30 80
30 81
30 88
30 89
30 92
30 93
30 98
30 100
30 104
30 115
30 117
30 120
30 125
31 4
31 13
31 14
31 16
31 23
31 24
31 28
31 32
31 33
31 35
31 36
31 42
31 48
31 51
31 52
31 53
31 54
31 57
31 59
31 63
31 67
31 74
31 75
31 77
31 80
31 82
31 83
31 84
31 86
31 88
31 91
31 93
31 94
31 99
31 102
31 104
31 108
31 112
31 118
31 120
31 121
31 126
32 8
32 14
32 16
32 19
32 28
32 30
32 37
32 38
32 41
32 45
32 47
32 51
32 57
32 60
32 62
32 64
32 67
32 73
32 76
32 80
32 84
32 87
32 89
32 92
32 93
32 94
32 95
32 96
32 99
32 102
32 105
32 106
32 108
32 115
32 119
32 121
32 126
33 6
33 7
33 8
33 10
33 13
33 23
33 27
33 32
33 45
33 48
33 49
33 60
33 61
33 71
33 78
33 82
33 83
33 90
33 91
33 99
33 103
33 106
33 107
33 109
33 111
33 116
33 118
33 122
34 2
34 3
34 10
34 19
34 20
34 21
34 25
34 43
34 44
34 47
34 52
34 64
34 79
34 80
34 82
34 90
34 95
34 97
34 99
34 101
34 102
34 104
34 107
34 116
34 122
34 123
34 127
35 0
35 2
35 4
35 13
35 15
35 17
35 18
35 29
35 31
35 48
35 51
35 52
35 62
35 68
35 75
35 78
35 80
35 81
35 83
35 89
35 91
35 94
35 98
35 104
35 111
35 121
35 122
35 125
36 1
36 4
36 5
36 7
36 8
36 11
36 17
36 18
36 19
36 25
36 26
36 27
36 29
36 38
36 50
36 52
36 53
36 55
36 56
36 60
36 66
36 68
36 70
36 73
36 80
36 87
36 89
36 101
36 103
36 104
36 106
36 114
36 116
36 117
36 119
36 120
36 122
37 1
37 4
37 9
37 11
37 14
37 15
37 19
37 20
37 25
37 27
37 29
37 31
37 33
37 36
37 43
37 47
37 49
37 50
37 51
37 54
37 57
37 60
37 70
37 76
37 80
37 85
37 87
37 88
37 92
37 97
37 102
37 105
37 110
37 114
37 116
37 122
37 124
38 1
38 6
38 7
38 10
38 11
38 15
38 17
38 19
38 20
38 27
38 32
38 33
38 36
38 37
38 39
38 42
38 43
38 44
38 45
38 46
38 47
38 50
38 52
38 56
38 66
38 68
38 70
38 72
38 74
38 75
38 76
38 77
38 79
38 91
38 93
38 101
38 102
38 105
38 106
38 118
38 122
39 4
39 12
39 19
39 22
39 24
39 27
39 37
39 39
39 40
39 46
39 52
39 54
39 56
39 61
39 62
39 73
39 78
39 79
39 81
39 87
39 89
39 94
39 99
39 105
39 109
39 111
39 112
39 115
39 116
39 123
39 124
39 126
40 1
40 2
40 5
40 21
40 23
40 24
40 25
40 26
40 27
40 31
40 32
40 33
40 34
40 35
40 39
40 49
40 51
40 52
40 54
40 58
40 63
40 71
40 77
40 79
40 81
40 88
40 89
40 91
40 92
40 101
40 111
40 113
40 117
40 118
40 119
40 124
40 126
41 7
41 9
41 16
41 22
41 26
41 30
41 32
41 33
41 38
41 39
41 40
41 42
41 48
41 50
41 56
41 61
41 65
41 67
41 70
41 81
41 82
41 91
41 101
41 102
41 103
41 105
41 106
41 109
41 111
41 118
41 121
41 126
42 4
42 5
42 8
42 11
42 12
42 16
42 18
42 19
42 20
42 23
42 32
42 36
42 37
42 40
42 44
42 45
42 52
42 63
42 65
42 73
42 78
42 82
42 83
42 84
42 98
42 100
42 103
42 108
42 113
42 115
42 117
42 121
42 126
43 2
43 11
43 13
43 14
43 15
43 23
43 25
43 34
43 38
43 44
43 47
43 58
43 62
43 66
43 72
43 75
43 81
43 88
43 105
43 106
43 116
43 122
43 126
44 0
44 2
44 12
44 15
44 26
44 29
44 33
44 34
44 40
44 41
44 48
44 51
44 58
44 59
44 64
44 77
44 84
44 87
44 100
44 107
44 120
44 121
44 126
45 0
45 2
45 7
45 13
45 18
45 20
45 21
45 23
45 25
45 26
45 27
45 38
45 39
45 40
45 41
45 45
45 50
45 54
45 59
45 61
45 66
45 73
45 82
45 87
45 88
45 91
45 97
45 109
45 112
45 115
45 116
45 123
45 124
45 125
45 126
45 127
46 0
46 6
46 7
46 13
46 29
46 30
46 34
46 44
46 50
46 51
46 58
46 59
46 68
46 69
46 71
46 72
46 82
46 89
46 91
46 92
46 100
46 103
46 107
46 110
46 111
46 118
46 120
46 121
47 0
47 1
47 4
47 8
47 12
47 18
47 28
47 40
47 42
47 43
47 48
47 50
47 56
47 58
47 61
47 69
47 73
47 75
47 83
47 84
47 86
47 93
47 94
47 105
47 107
47 109
47 112
47 120
48 4
48 14
48 30
48 31
48 32
48 34
48 35
48 44
48 45
48 46
48 50
48 61
48 63
48 64
48 67
48 70
48 72
48 73
48 75
48 87
48 88
48 92
48 94
48 101
48 106
48 114
48 118
48 125
49 2
49 9
49 11
49 14
49 16
49 23
49 26
49 30
49 34
49 35
49 37
49 39
49 40
49 41
49 42
49 46
49 47
49 48
49 51
49 53
49 54
49 57
49 58
49 62
49 65
49 66
49 68
49 69
49 74
49 75
49 77
49 78
49 90
49 97
49 99
49 103
49 108
49 114
49 119
49 120
49 125
49 127
50 2
50 14
50 15
50 16
50 18
50 20
50 22
50 25
50 28
50 29
50 31
50 33
50 34
50 38
50 47
50 52
50 54
50 55
50 66
50 68
50 70
50 72
50 75
50 77
50 80
50 86
50 89
50 92
50 93
50 95
50 100
50 106
50 109
50 115
50 118
50 126
51 2
51 4
51 14
51 16
51 27
51 29
51 33
51 38
51 39
51 40
51 42
51 45
51 58
51 61
51 66
51 72
51 75
51 79
51 82
51 87
51 88
51 89
51 99
51 105
51 106
51 113
51 114
51 119
51 120
51 121
51 122
51 125
51 126
51 127
52 1
52 4
52 9
52 23
52 24
52 28
52 31
52 33
52 35
52 36
52 43
52 45
52 49
52 51
52 52
52 54
52 56
52 57
52 58
52 62
52 64
52 68
52 72
52 73
52 79
52 89
52 90
52 98
52 103
52 104
52 105
52 106
52 108
52 117
52 118
52 124
52 127
53 2
53 10
53 13
53 14
53 15
53 16
53 18
53 20
53 24
53 27
53 30
53 32
53 34
53 35
53 41
53 46
53 48
53 50
53 51
53 62
53 64
53 74
53 75
53 77
53 87
53 92
53 94
53 96
53 97
53 101
53 112
53 115
53 121
54 0
54 7
54 11
54 23
54 26
54 37
54 38
54 39
54 40
54 45
54 49
54 52
54 56
54 57
54 63
54 68
54 69
54 74
54 76
54 78
54 79
54 83
54 86
54 88
54 89
54 92
54 94
54 95
54 99
54 101
54 108
54 109
54 115
54 117
54 118
54 124
54 127
55 0
55 5
55 8
55 9
55 11
55 16
55 17
55 19
55 22
55 38
55 39
55 42
55 43
55 49
55 55
55 58
55 65
55 72
55 73
55 74
55 82
55 85
55 89
55 90
55 101
55 102
55 108
55 115
55 116
55 122
55 124
55 127
56 3
56 5
56 6
56 11
56 15
56 18
56 21
56 24
56 26
56 30
56 44
56 47
56 55
56 62
56 68
56 69
56 72
56 73
56 79
56 83
56 84
56 90
56 96
56 97
56 98
56 102
56 103
56 105
56 113
56 114
56 116
56 119
56 124
56 126
56 127
57 0
57 8
57 10
57 18
57 19
57 25
57 27
57 28
57 30
57 35
57 44
57 48
57 52
57 57
57 58
57 65
57 66
57 67
57 73
57 76
57 79
57 81
57 83
57 96
57 97
57 100
57 107
57 108
57 109
57 110
57 112
57 115
57 118
57 121
57 122
57 123
58 6
58 8
58 11
58 16
58 18
58 28
58 31
58 33
58 40
58 41
58 44
58 50
58 54
58 58
58 68
58 77
58 81
58 82
58 91
58 99
58 103
58 105
58 109
58 110
58 112
58 114
58 122
58 125
59 2
59 7
59 9
59 14
59 17
59 18
59 22
59 24
59 40
59 42
59 43
59 46
59 51
59 59
59 60
59 62
59 64
59 65
59 66
59 68
59 73
59 75
59 76
59 80
59 81
59 85
59 87
59 93
59 100
59 108
59 110
59 111
59 116
59 117
60 8
60 9
60 19
60 24
60 30
60 34
60 36
60 41
60 47
60 49
60 51
60 53
60 61
60 62
60 65
60 67
60 80
60 97
60 107
60 111
60 113
60 115
60 121
60 122
61 1
61 5
61 7
61 11
61 14
61 16
61 20
61 21
61 24
61 29
61 31
61 33
61 35
61 42
61 44
61 58
61 71
61 74
61 79
61 81
61 83
61 87
61 90
61 99
61 101
61 114
61 117
61 118
61 119
61 121
62 6
62 18
62 19
62 25
62 27
62 30
62 31
62 35
62 45
62 48
62 50
62 57
62 58
62 66
62 68
62 78
62 97
62 100
62 103
62 106
62 109
62 110
62 119
62 121
62 123
63 4
63 7
63 23
63 24
63 29
63 31
63 38
63 44
63 47
63 50
63 52
63 57
63 58
63 59
63 61
63 62
63 65
63 67
63 73
63 77
63 86
63 88
63 90
63 92
63 94
63 100
63 104
63 111
63 112
63 113
63 120
63 124
64 1
64 6
64 8
64 12
64 15
64 19
64 20
64 21
64 23
64 24
64 29
64 32
64 37
64 42
64 44
64 52
64 55
64 56
64 57
64 59
64 63
64 70
64 72
64 76
64 77
64 78
64 81
64 83
64 91
64 94
64 99
64 108
64 111
64 112
64 116
64 117
64 120
64 122
64 123
64 124
65 1
65 8
65 9
65 14
65 17
65 18
65 24
65 40
65 49
65 56
65 60
65 66
65 69
65 76
65 78
65 83
65 85
65 86
65 92
65 101
65 102
65 104
65 105
65 108
65 113
65 114
65 125
65 126
65 127
66 4
66 7
66 10
66 11
66 12
66 15
66 16
66 23
66 26
66 35
66 43
66 44
66 48
66 51
66 57
66 58
66 59
66 62
66 74
66 76
66 77
66 78
66 95
66 100
66 103
66 107
66 109
66 110
66 114
67 1
67 8
67 16
67 17
67 18
67 21
67 23
67 25
67 30
67 33
67 36
67 39
67 42
67 45
67 49
67 53
67 56
67 57
67 58
67 69
67 70
67 71
67 72
67 73
67 75
67 79
67 81
67 92
67 98
67 104
67 107
67 110
67 112
67 114
67 115
67 124
68 4
68 7
68 10
68 17
68 19
68 27
68 43
68 46
68 47
68 52
68 54
68 55
68 59
68 63
68 68
68 73
68 74
68 75
68 81
68 87
68 92
68 93
68 103
68 105
68 112
68 113
68 114
68 116
68 117
68 120
68 122
69 6
69 8
69 10
69 12
69 15
69 27
69 28
69 37
69 39
69 46
69 54
69 57
69 59
69 60
69 64
69 67
69 70
69 75
69 83
69 86
69 87
69 91
69 96
69 97
69 100
69 104
69 105
69 114
69 116
69 118
69 121
69 127
70 5
70 9
70 19
70 20
70 21
70 24
70 25
70 26
70 28
70 29
70 36
70 38
70 40
70 41
70 43
70 48
70 53
70 54
70 57
70 59
70 60
70 65
70 73
70 81
70 82
70 86
70 94
70 96
70 107
70 109
70 117
70 119
70 123
70 124
70 125
71 7
71 16
71 18
71 19
71 20
71 23
71 25
71 30
71 37
71 38
71 43
71 48
71 54
71 56
71 57
71 59
71 61
71 66
71 68
71 78
71 80
71 86
71 89
71 92
71 94
71 100
71 101
71 106
71 107
71 108
71 110
71 121
71 124
72 0
72 1
72 4
72 5
72 11
72 13
72 14
72 17
72 19
72 20
72 35
72 39
72 42
72 44
72 47
72 48
72 50
72 56
72 57
72 66
72 72
72 77
72 79
72 81
72 87
72 88
72 89
72 91
72 97
72 100
72 116
73 0
73 8
73 9
73 13
73 20
73 22
73 26
73 29
73 30
73 32
73 34
73 35
73 38
73 39
73 42
73 44
73 47
73 53
73 56
73 66
73 73
73 75
73 77
73 79
73 93
73 95
73 97
73 107
73 108
73 115
73 118
73 120
73 123
73 126
73 127
74 4
74 11
74 12
74 15
74 19
74 21
74 22
74 25
74 31
74 36
74 39
74 46
74 47
74 48
74 52
74 54
74 57
74 58
74 62
74 73
74 82
74 83
74 95
74 96
74 98
74 104
74 108
74 113
74 120
74 123
74 126
74 127
75 9
75 10
75 14
75 19
75 25
75 29
75 33
75 35
75 36
75 38
75 43
75 45
75 50
75 54
75 55
75 57
75 58
75 67
75 78
75 80
75 89
75 95
75 102
75 105
75 110
75 112
76 0
76 1
76 5
76 8
76 10
76 19
76 23
76 35
76 37
76 38
76 39
76 54
76 57
76 63
76 64
76 65
76 68
76 73
76 74
76 78
76 80
76 81
76 83
76 84
76 86
76 91
76 100
76 104
76 106
76 107
76 112
76 113
76 117
76 120
76 122
77 1
77 5
77 6
77 8
77 9
77 11
77 13
77 16
77 17
77 22
77 25
77 28
77 37
77 43
77 45
77 48
77 55
77 60
77 68
77 71
77 72
77 73
77 76
77 77
77 82
77 84
77 85
77 93
77 97
77 111
78 1
78 2
78 3
78 5
78 12
78 16
78 17
78 30
78 31
78 60
78 65
78 74
78 80
78 88
78 94
78 97
78 99
78 100
78 103
78 109
78 113
78 114
78 117
78 119
78 122
78 124
78 125
79 1
79 2
79 3
79 4
79 5
79 8
79 9
79 14
79 16
79 18
79 23
79 34
79 41
79 45
79 49
79 50
79 60
79 62
79 64
79 67
79 68
79 79
79 84
79 89
79 91
79 92
79 98
79 99
79 105
79 121
79 122
79 124
79 127
80 0
80 5
80 22
80 25
80 26
80 27
80 30
80 37
80 44
80 47
80 52
80 58
80 61
80 65
80 70
80 71
80 72
80 74
80 78
80 79
80 81
80 82
80 83
80 88
80 90
80 92
80 94
80 100
80 101
80 103
80 107
80 114
80 117
80 122
81 7
81 8
81 9
81 12
81 13
81 14
81 15
81 22
81 26
81 27
81 28
81 32
81 37
81 40
81 44
81 55
81 61
81 63
81 64
81 72
81 77
81 80
81 81
81 84
81 86
81 87
81 92
81 98
81 99
81 106
81 108
81 109
81 114
81 119
82 1
82 2
82 3
82 7
82 9
82 11
82 14
82 26
82 29
82 41
82 44
82 45
82 56
82 62
82 63
82 64
82 65
82 67
82 68
82 70
82 76
82 78
82 83
82 84
82 85
82 91
82 92
82 98
82 115
82 116
83 0
83 1
83 8
83 13
83 14
83 18
83 20
83 22
83 29
83 31
83 33
83 35
83 46
83 47
83 50
83 57
83 62
83 63
83 69
83 71
83 74
83 77
83 93
83 94
83 96
83 100
83 103
83 109
83 110
83 121
83 122
83 126
84 1
84 2
84 3
84 5
84 7
84 12
84 16
84 18
84 20
84 22
84 24
84 25
84 26
84 30
84 31
84 34
84 38
84 41
84 43
84 44
84 45
84 47
84 48
84 50
84 53
84 54
84 57
84 58
84 59
84 60
84 62
84 66
84 73
84 91
84 93
84 95
84 103
84 104
84 106
84 109
84 112
84 116
84 118
84 119
84 122
84 123
84 127
85 0
85 16
85 17
85 21
85 25
85 32
85 44
85 49
85 53
85 58
85 62
85 65
85 79
85 86
85 87
85 89
85 92
85 93
85 95
85 105
85 106
85 114
85 115
85 116
85 118
85 122
85 126
86 2
86 20
86 22
86 43
86 51
86 54
86 63
86 64
86 70
86 79
86 81
86 82
86 86
86 88
86 89
86 95
86 96
86 106
86 107
86 112
86 113
86 116
86 123
86 125
86 126
87 18
87 19
87 23
87 34
87 37
87 40
87 43
87 45
87 47
87 57
87 67
87 70
87 71
87 76
87 77
87 78
87 80
87 82
87 84
87 86
87 88
87 96
87 109
87 110
87 112
87 116
87 121
87 123
87 125
87 126
88 2
88 4
88 9
88 11
88 12
88 13
88 18
88 21
88 28
88 29
88 37
88 38
88 40
88 43
88 44
88 47
88 48
88 58
88 61
88 62
88 64
88 76
88 79
88 81
88 85
88 86
88 90
88 91
88 97
88 104
88 107
88 113
88 116
88 121
89 0
89 1
89 2
89 4
89 7
89 10
89 12
89 14
89 19
89 26
89 28
89 33
89 44
89 49
89 53
89 54
89 55
89 63
89 64
89 66
89 68
89 74
89 78
89 87
89 93
89 95
89 98
89 99
89 100
89 103
89 105
89 106
89 107
89 110
89 111
89 118
89 124
89 126
89 127
90 4
90 10
90 11
90 12
90 18
90 20
90 22
90 27
90 28
90 31
90 38
90 41
90 43
90 44
90 47
90 48
90 50
90 57
90 64
90 66
90 70
90 81
90 84
90 86
90 89
90 90
90 96
90 98
90 100
90 102
90 107
90 120
90 124
91 2
91 5
91 13
91 14
91 18
91 23
91 26
91 30
91 31
91 37
91 41
91 42
91 45
91 49
91 55
91 62
91 64
91 66
91 74
91 75
91 92
91 94
91 95
91 99
91 106
91 114
91 117
91 119
91 127
92 0
92 12
92 14
92 20
92 23
92 43
92 45
92 55
92 60
92 61
92 62
92 63
92 66
92 71
92 74
92 75
92 82
92 86
92 89
92 91
92 96
92 100
92 101
92 107
92 112
92 123
93 9
93 15
93 26
93 27
93 28
93 32
93 38
93 42
93 44
93 45
93 55
93 58
93 61
93 64
93 66
93 67
93 69
93 74
93 77
93 85
93 93
93 97
93 110
93 115
93 123
94 0
94 11
94 13
94 33
94 37
94 48
94 54
94 58
94 59
94 62
94 66
94 68
94 71
94 74
94 75
94 77
94 80
94 84
94 86
94 91
94 92
94 101
94 103
94 105
94 106
94 107
94 110
94 112
94 114
94 115
94 116
94 121
94 123
95 0
95 5
95 7
95 10
95 11
95 12
95 29
95 30
95 36
95 39
95 40
95 42
95 43
95 44
95 48
95 54
95 55
95 57
95 58
95 61
95 62
95 63
95 65
95 68
95 69
95 74
95 75
95 76
95 78
95 85
95 87
95 88
95 91
95 101
95 104
95 107
95 111
95 118
95 123
95 125
96 7
96 8
96 15
96 18
96 19
96 23
96 24
96 31
96 32
96 38
96 43
96 48
96 52
96 64
96 65
96 66
96 67
96 69
96 70
96 74
96 79
96 82
96 83
96 85
96 95
96 97
96 99
96 103
96 105
96 110
96 112
96 113
96 114
96 127
97 3
97 5
97 8
97 9
97 12
97 17
97 28
97 36
97 39
97 41
97 53
97 60
97 65
97 71
97 74
97 78
97 84
97 90
97 93
97 95
97 99
97 104
97 105
97 115
97 117
97 119
97 120
97 121
98 1
98 4
98 9
98 10
98 12
98 13
98 17
98 23
98 24
98 25
98 32
98 36
98 39
98 41
98 44
98 52
98 59
98 65
98 67
98 86
98 87
98 90
98 96
98 100
98 108
98 109
98 110
98 111
98 114
98 127
99 5
99 12
99 16
99 17
99 21
99 22
99 27
99 28
99 36
99 43
99 46
99 47
99 48
99 61
99 68
99 69
99 72
99 73
99 84
99 86
99 97
99 98
99 100
99 109
99 110
99 113
99 114
99 121
99 127
100 4
100 19
100 20
100 21
100 23
100 25
100 26
100 32
100 35
100 36
100 38
100 40
100 45
100 51
100 61
100 62
100 69
100 70
100 79
100 94
101 1
101 3
101 7
101 10
101 14
101 15
101 18
101 19
101 22
101 33
101 37
101 41
101 42
101 52
101 53
101 59
101 64
101 65
101 67
101 69
101 73
101 74
101 86
101 93
101 94
101 98
101 104
101 107
101 108
101 116
101 122
101 125
102 5
102 9
102 14
102 17
102 19
102 22
102 26
102 27
102 30
102 34
102 35
102 40
102 48
102 52
102 64
102 66
102 67
102 73
102 82
102 83
102 86
102 87
102 89
102 92
102 95
102 98
102 101
102 103
102 106
102 109
102 110
102 111
102 116
102 124
102 127
103 0
103 3
103 6
103 14
103 18
103 22
103 27
103 28
103 29
103 31
103 32
103 36
103 38
103 41
103 42
103 47
103 48
103 59
103 60
103 61
103 64
103 68
103 73
103 75
103 76
103 78
103 83
103 86
103 87
103 90
103 93
103 95
103 97
103 103
103 124
103 125
103 127
104 4
104 6
104 9
104 11
104 30
104 35
104 36
104 40
104 47
104 50
104 53
104 57
104 58
104 59
104 62
104 70
104 76
104 80
104 81
104 82
104 84
104 98
104 103
104 108
104 110
104 111
104 120
105 1
105 6
105 13
105 16
105 19
105 20
105 29
105 30
105 32
105 39
105 41
105 46
105 52
105 55
105 67
105 69
105 73
105 75
105 82
105 84
105 89
105 91
105 92
105 99
105 102
105 103
105 106
105 112
105 114
105 115
105 123
106 3
106 7
106 13
106 19
106 23
106 24
106 29
106 31
106 36
106 37
106 40
106 47
106 51
106 56
106 61
106 62
106 65
106 74
106 75
106 79
106 82
106 85
106 87
106 89
106 97
106 101
106 102
106 104
106 106
106 109
106 115
106 118
107 1
107 4
107 5
107 11
107 17
107 24
107 27
107 32
107 37
107 48
107 50
107 56
107 61
107 63
107 66
107 69
107 71
107 72
107 79
107 89
107 91
107 92
107 101
107 105
107 108
107 110
107 111
108 6
108 10
108 19
108 21
108 23
108 24
108 30
108 32
108 34
108 40
108 41
108 43
108 44
108 47
108 67
108 71
108 80
108 85
108 95
108 99
108 101
108 107
108 108
108 111
108 112
108 113
108 118
108 119
108 122
109 0
109 1
109 16
109 27
109 29
109 32
109 33
109 35
109 36
109 46
109 51
109 55
109 61
109 62
109 64
109 65
109 69
109 70
109 73
109 76
109 78
109 82
109 85
109 89
109 96
109 98
109 101
109 111
109 113
109 117
109 122
109 126
110 3
110 5
110 7
110 19
110 23
110 31
110 35
110 36
110 58
110 67
110 68
110 71
110 81
110 82
110 85
110 87
110 88
110 91
110 100
110 101
110 105
110 106
110 108
110 111
110 114
110 120
110 121
111 9
111 14
111 17
111 20
111 30
111 33
111 42
111 43
111 45
111 53
111 61
111 62
111 63
111 65
111 68
111 70
111 73
111 77
111 78
111 81
111 84
111 85
111 96
111 97
111 98
111 100
111 103
111 107
111 113
111 114
111 118
111 123
111 125
112 1
112 3
112 4
112 5
112 10
112 19
112 27
112 28
112 35
112 41
112 44
112 47
112 48
112 52
112 53
112 54
112 61
112 63
112 64
112 66
112 70
112 71
112 72
112 73
112 78
112 81
112 83
112 87
112 90
112 93
112 95
112 96
112 98
112 101
112 102
112 105
112 111
112 114
112 116
112 118
112 119
112 124
112 126
113 1
113 3
113 8
113 17
113 19
113 21
113 23
113 34
113 42
113 46
113 56
113 60
113 65
113 71
113 74
113 75
113 77
113 81
113 83
113 84
113 90
113 93
113 95
113 96
113 102
113 105
113 106
113 108
113 109
113 119
113 122
114 7
114 8
114 11
114 17
114 22
114 24
114 26
114 27
114 35
114 41
114 42
114 45
114 48
114 53
114 60
114 69
114 76
114 80
114 82
114 83
114 86
114 93
114 94
114 97
114 101
114 106
114 109
114 112
114 117
114 119
114 122
114 123
114 124
114 127
115 1
115 9
115 11
115 13
115 14
115 18
115 20
115 21
115 25
115 34
115 35
115 36
115 39
115 41
115 43
115 51
115 54
115 60
115 62
115 69
115 77
115 78
115 85
115 90
115 91
115 92
115 97
115 103
115 113
115 115
115 117
115 123
115 126
115 127
116 2
116 3
116 5
116 10
116 18
116 23
116 31
116 37
116 38
116 43
116 44
116 47
116 50
116 58
116 59
116 60
116 64
116 65
116 68
116 71
116 75
116 81
116 87
116 89
116 90
116 91
116 94
116 99
116 101
116 102
116 103
116 108
116 117
116 125
116 126
116 127
117 8
117 9
117 11
117 21
117 22
117 24
117 31
117 38
117 40
117 42
117 46
117 50
117 51
117 56
117 60
117 65
117 66
117 67
117 69
117 70
117 77
117 78
117 84
117 90
117 94
117 97
117 103
117 110
117 112
117 115
117 124
118 8
118 13
118 16
118 20
118 21
118 25
118 26
118 30
118 31
118 36
118 37
118 46
118 52
118 60
118 66
118 67
118 71
118 79
118 84
118 87
118 95
118 97
118 99
118 108
118 110
118 116
118 126
118 127
119 4
119 8
119 10
119 12
119 15
119 16
119 46
119 47
119 60
119 63
119 66
119 69
119 76
119 81
119 82
119 83
119 87
119 94
119 95
119 96
119 97
119 101
119 105
119 119
119 120
120 2
120 13
120 15
120 18
120 22
120 25
120 26
120 29
120 32
120 37
120 39
120 41
120 42
120 46
120 55
120 59
120 60
120 71
120 79
120 84
120 86
120 92
120 93
120 96
120 98
120 108
120 109
120 117
120 119
120 123
120 126
120 127
121 3
121 4
121 6
121 9
121 12
121 13
121 24
121 26
121 29
121 40
121 41
121 43
121 45
121 59
121 65
121 67
121 69
121 71
121 72
121 75
121 79
121 80
121 81
121 85
121 87
121 88
121 90
121 91
121 92
121 96
121 100
121 104
121 111
121 112
121 114
121 115
121 117
121 118
122 2
122 8
122 13
122 14
122 19
122 20
122 22
122 23
122 24
122 26
122 30
122 37
122 48
122 50
122 57
122 58
122 69
122 72
122 74
122 76
122 84
122 87
122 90
122 93
122 98
122 99
122 100
122 102
122 105
122 109
122 111
122 112
122 117
122 126
123 2
123 3
123 15
123 21
123 33
123 34
123 35
123 39
123 53
123 54
123 58
123 59
123 67
123 74
123 75
123 80
123 85
123 86
123 89
123 91
123 100
123 102
123 103
123 110
123 115
123 121
123 125
124 0
124 1
124 4
124 5
124 13
124 19
124 25
124 28
124 30
124 31
124 33
124 38
124 44
124 47
124 49
124 50
124 57
124 64
124 72
124 73
124 75
124 82
124 83
124 99
124 100
124 103
124 107
124 111
124 113
124 115
124 119
124 122
124 125
124 126
125 0
125 5
125 7
125 14
125 25
125 26
125 28
125 30
125 33
125 36
125 37
125 38
125 41
125 47
125 51
125 54
125 56
125 57
125 61
125 64
125 65
125 74
125 94
125 96
125 99
125 116
125 122
125 124
125 126
126 3
126 5
126 11
126 13
126 17
126 20
126 22
126 27
126 28
126 32
126 34
126 37
126 40
126 43
126 45
126 50
126 53
126 54
126 58
126 60
126 65
126 67
126 68
126 69
126 70
126 72
126 81
126 87
126 90
126 92
126 95
126 97
126 98
126 103
126 104
126 105
126 106
126 108
126 112
126 114
126 115
126 116
126 125
126 126
127 1
127 6
127 12
127 25
127 26
127 31
127 35
127 46
127 52
127 61
127 63
127 69
127 74
127 86
127 91
127 92
127 93
127 96
127 103
127 104
127 111
127 116
127 124
