0 5
0 8
0 10
0 12
0 14
0 16
0 23
0 24
0 25
0 27
0 28
0 37
0 40
0 41
0 43
0 51
0 52
0 53
0 54
0 58
0 59
0 62
0 63
0 65
0 66
0 69
0 70
0 73
0 76
0 79
0 80
0 81
0 84
0 89
0 91
0 105
0 106
0 109
0 113
0 117
0 122
0 123
0 124
0 125
0 127
1 1
1 8
1 9
1 11
1 12
1 13
1 15
1 17
1 20
1 21
1 27
1 29
1 31
1 34
1 35
1 40
1 44
1 46
1 49
1 52
1 55
1 61
1 62
1 63
1 69
1 71
1 72
1 73
1 75
1 78
1 79
1 82
1 83
1 84
1 88
1 90
1 92
1 93
1 94
1 95
1 98
1 107
1 109
1 111
1 114
1 116
1 118
1 119
1 121
1 123
1 124
1 125
2 0
2 6
2 8
2 12
2 13
2 16
2 19
2 22
2 27
2 28
2 31
2 32
2 34
2 35
2 39
2 43
2 44
2 45
2 46
2 47
2 51
2 52
2 62
2 63
2 69
2 70
2 71
2 76
2 78
2 84
2 86
2 87
2 88
2 90
2 93
2 94
2 96
2 98
2 104
2 111
2 115
2 117
2 119
2 121
2 125
2 127
3 1
3 2
3 3
3 4
3 11
3 13
3 14
3 20
3 21
3 25
3 27
3 30
3 33
3 37
3 44
3 48
3 49
3 51
3 55
3 58
3 59
3 60
3 61
3 62
3 63
3 64
3 66
3 70
3 74
3 77
3 80
3 81
3 85
3 88
3 91
3 93
3 95
3 97
3 101
3 102
3 107
3 113
3 114
3 118
3 122
3 124
4 4
4 8
4 10
4 15
4 17
4 20
4 23
4 26
4 30
4 31
4 36
4 39
4 40
4 50
4 51
4 58
4 59
4 61
4 68
4 69
4 70
4 71
4 72
4 74
4 75
4 81
4 84
4 85
4 86
4 88
4 89
4 92
4 93
4 98
4 99
4 104
4 105
4 106
4 107
4 111
4 112
4 116
4 117
4 118
4 119
4 123
4 124
4 125
4 126
5 0
5 1
5 5
5 6
5 8
5 12
5 17
5 20
5 21
5 23
5 27
5 28
5 31
5 33
5 34
5 37
5 38
5 39
5 46
5 48
5 51
5 60
5 63
5 66
5 71
5 72
5 73
5 78
5 79
5 84
5 86
5 90
5 91
5 92
5 99
5 105
5 108
5 112
5 114
5 115
5 116
5 124
5 126
5 127
6 1
6 8
6 10
6 11
6 18
6 22
6 27
6 30
6 31
6 32
6 41
6 42
6 46
6 48
6 49
6 52
6 56
6 60
6 66
6 68
6 73
6 76
6 77
6 79
6 83
6 84
6 86
6 87
6 88
6 91
6 95
6 97
6 98
6 99
6 102
6 106
6 107
6 108
6 111
6 116
6 117
6 119
6 121
7 2
7 3
7 5
7 8
7 13
7 14
7 21
7 23
7 24
7 26
7 27
7 29
7 30
7 36
7 37
7 38
7 41
7 43
7 47
7 48
7 51
7 53
7 56
7 59
7 63
7 68
7 69
7 70
7 77
7 80
7 83
7 86
7 89
7 93
7 97
7 98
7 101
7 102
7 105
7 107
7 110
7 113
7 118
7 119
7 121
7 122
7 123
7 124
8 0
8 1
8 3
8 4
8 5
8 11
8 14
8 15
8 21
8 26
8 29
8 30
8 33
8 36
8 45
8 46
8 48
8 49
8 51
8 55
8 58
8 60
8 63
8 64
8 73
8 77
8 79
8 81
8 83
8 89
8 90
8 92
8 93
8 102
8 104
8 106
8 108
8 115
8 116
8 117
8 118
8 120
8 121
8 122
8 123
8 125
9 1
9 6
9 7
9 17
9 20
9 22
9 24
9 25
9 30
9 35
9 41
9 44
9 45
9 47
9 49
9 51
9 52
9 55
9 62
9 65
9 66
9 70
9 72
9 75
9 76
9 80
9 85
9 86
9 90
9 92
9 100
9 101
9 103
9 106
9 108
9 110
9 111
9 116
9 117
9 119
9 121
9 123
9 124
9 126
10 3
10 4
10 7
10 9
10 10
10 12
10 13
10 16
10 19
10 20
10 23
10 24
10 31
10 33
10 38
10 40
10 41
10 50
10 51
10 57
10 59
10 63
10 64
10 69
10 70
10 71
10 72
10 76
10 77
10 78
10 82
10 84
10 85
10 89
10 91
10 92
10 99
10 104
10 105
10 112
10 114
10 115
10 119
10 120
10 121
10 125
11 1
11 3
11 5
11 6
11 7
11 8
11 12
11 16
11 20
11 21
11 25
11 31
11 35
11 37
11 40
11 42
11 45
11 46
11 47
11 56
11 57
11 58
11 59
11 60
11 64
11 70
11 77
11 80
11 82
11 85
11 95
11 98
11 100
11 101
11 102
11 104
11 106
11 112
11 119
11 121
11 124
11 125
11 127
12 0
12 1
12 5
12 8
12 10
12 13
12 17
12 18
12 19
12 21
12 22
12 23
12 25
12 29
12 32
12 34
12 36
12 40
12 42
12 44
12 45
12 46
12 50
12 57
12 59
12 61
12 62
12 63
12 67
12 69
12 70
12 76
12 77
12 79
12 82
12 83
12 84
12 87
12 88
12 89
12 92
12 93
12 95
12 100
12 102
12 108
12 110
12 111
12 113
12 114
12 116
12 123
12 125
13 1
13 10
13 11
13 12
13 13
13 23
13 24
13 26
13 28
13 38
13 39
13 41
13 49
13 51
13 54
13 55
13 62
13 64
13 66
13 70
13 74
13 77
13 81
13 82
13 88
13 89
13 91
13 99
13 101
13 102
13 103
13 104
13 107
13 111
13 115
13 118
13 119
13 120
13 126
13 127
14 6
14 7
14 9
14 10
14 11
14 13
14 14
14 15
14 16
14 19
14 20
14 25
14 26
14 27
14 28
14 36
14 44
14 47
14 49
14 50
14 53
14 54
14 56
14 57
14 58
14 60
14 62
14 68
14 69
14 73
14 74
14 76
14 80
14 82
14 85
14 87
14 95
14 99
14 100
14 114
14 118
14 119
14 121
14 122
14 125
15 3
15 4
15 8
15 11
15 12
15 13
15 21
15 22
15 23
15 24
15 30
15 31
15 40
15 42
15 43
15 44
15 50
15 51
15 55
15 63
15 65
15 66
15 69
15 70
15 72
15 78
15 86
15 87
15 88
15 89
15 95
15 98
15 100
15 103
15 105
15 106
15 114
15 124
16 1
16 2
16 4
16 5
16 6
16 10
16 11
16 15
16 16
16 18
16 19
16 22
16 28
16 36
16 42
16 46
16 47
16 48
16 52
16 55
16 59
16 60
16 61
16 63
16 69
16 75
16 78
16 79
16 80
16 82
16 84
16 86
16 87
16 91
16 96
16 97
16 98
16 101
16 104
16 105
16 114
16 117
16 119
16 122
17 0
17 1
17 2
17 6
17 8
17 11
17 14
17 15
17 18
17 20
17 22
17 32
17 35
17 38
17 39
17 43
17 45
17 46
17 48
17 50
17 55
17 57
17 59
17 62
17 64
17 65
17 67
17 68
17 69
17 74
17 75
17 78
17 79
17 80
17 85
17 86
17 94
17 96
17 97
17 98
17 101
17 102
17 103
17 108
17 109
17 112
17 113
17 114
17 115
17 116
17 118
17 120
17 123
17 125
17 126
17 127
18 0
18 4
18 11
18 12
18 15
18 19
18 20
18 22
18 23
18 26
18 28
18 29
18 30
18 32
18 33
18 35
18 38
18 41
18 42
18 44
18 48
18 52
18 57
18 58
18 61
18 62
18 79
18 80
18 81
18 82
18 90
18 92
18 93
18 96
18 101
18 109
18 113
18 114
18 115
18 118
18 119
18 124
18 125
18 126
19 2
19 4
19 6
19 7
19 12
19 13
19 20
19 24
19 25
19 26
19 28
19 32
19 40
19 43
19 46
19 47
19 51
19 56
19 57
19 60
19 61
19 62
19 67
19 70
19 71
19 74
19 76
19 78
19 79
19 85
19 86
19 92
19 97
19 99
19 106
19 108
19 112
19 113
19 117
19 118
19 120
19 127
20 3
20 7
20 8
20 9
20 11
20 14
20 18
20 19
20 21
20 23
20 28
20 30
20 31
20 35
20 38
20 40
20 42
20 44
20 51
20 54
20 56
20 57
20 59
20 60
20 65
20 67
20 69
20 72
20 74
20 77
20 92
20 94
20 95
20 96
20 98
20 104
20 114
20 115
20 118
20 120
20 124
20 126
20 127
21 2
21 5
21 6
21 11
21 12
21 19
21 21
21 25
21 27
21 31
21 32
21 33
21 36
21 38
21 44
21 45
21 49
21 51
21 54
21 55
21 58
21 59
21 61
21 64
21 66
21 67
21 73
21 77
21 78
21 82
21 85
21 86
21 87
21 88
21 91
21 92
21 94
21 96
21 99
21 100
21 101
21 105
21 106
21 107
21 110
21 112
21 114
21 116
21 122
22 2
22 4
22 7
22 9
22 13
22 19
22 21
22 25
22 27
22 28
22 30
22 31
22 35
22 37
22 38
22 49
22 51
22 54
22 57
22 61
22 62
22 66
22 70
22 75
22 76
22 79
22 80
22 86
22 88
22 94
22 95
22 102
22 104
22 106
22 109
22 112
22 115
22 117
22 119
22 127
23 1
23 2
23 4
23 6
23 7
23 9
23 11
23 21
23 29
23 30
23 36
23 37
23 38
23 44
23 50
23 52
23 56
23 58
23 59
23 60
23 62
23 66
23 68
23 75
23 78
23 80
23 84
23 87
23 91
23 95
23 96
23 99
23 100
23 102
23 103
23 104
23 105
23 108
23 109
23 112
23 114
23 115
23 118
23 119
23 122
23 126
23 127
24 2
24 4
24 6
24 8
24 9
24 12
24 13
24 17
24 21
24 22
24 25
24 33
24 34
24 35
24 42
24 44
24 48
24 52
24 56
24 58
24 68
24 69
24 70
24 76
24 78
24 79
24 83
24 84
24 87
24 88
24 89
24 90
24 93
24 94
24 100
24 111
24 114
24 117
24 118
24 121
24 122
24 124
24 126
24 127
25 2
25 3
25 6
25 7
25 11
25 19
25 21
25 23
25 25
25 30
25 35
25 37
25 39
25 41
25 45
25 49
25 52
25 54
25 56
25 57
25 61
25 62
25 67
25 68
25 75
25 79
25 81
25 86
25 87
25 88
25 89
25 93
25 94
25 95
25 98
25 99
25 100
25 101
25 102
25 104
25 106
25 107
25 108
25 109
25 110
25 111
25 118
25 121
25 124
25 125
25 126
26 3
26 4
26 8
26 9
26 12
26 14
26 16
26 22
26 27
26 31
26 37
26 39
26 40
26 41
26 42
26 44
26 47
26 49
26 51
26 52
26 56
26 61
26 63
26 64
26 71
26 72
26 74
26 76
26 81
26 85
26 97
26 100
26 104
26 108
26 116
26 121
26 123
26 124
26 125
27 6
27 7
27 8
27 10
27 11
27 14
27 19
27 20
27 22
27 23
27 33
27 34
27 35
27 38
27 43
27 44
27 45
27 50
27 52
27 54
27 57
27 60
27 64
27 66
27 67
27 82
27 86
27 93
27 94
27 99
27 101
27 103
27 106
27 107
27 109
27 113
27 114
27 115
27 127
28 0
28 1
28 4
28 6
28 13
28 23
28 24
28 25
28 26
28 28
28 37
28 39
28 40
28 42
28 45
28 48
28 50
28 53
28 54
28 56
28 66
28 70
28 75
28 77
28 78
28 81
28 83
28 84
28 88
28 91
28 92
28 93
28 95
28 100
28 102
28 103
28 104
28 116
28 117
28 119
28 121
28 125
28 127
29 1
29 3
29 4
29 7
29 8
29 9
29 10
29 12
29 14
29 15
29 17
29 24
29 26
29 28
29 30
29 31
29 32
29 37
29 38
29 39
29 42
29 48
29 49
29 51
29 52
29 53
29 55
29 56
29 57
29 60
29 65
29 66
29 69
29 70
29 71
29 72
29 76
29 84
29 88
29 91
29 98
29 106
29 107
29 115
29 116
29 119
29 122
29 123
29 124
30 0
30 3
30 4
30 7
30 9
30 11
30 13
30 14
30 17
30 22
30 23
30 25
30 26
30 28
30 32
30 40
30 41
30 49
30 55
30 59
30 62
30 63
30 64
30 65
30 76
30 77
30 78
30 80
30 82
30 83
30 86
30 88
30 92
30 94
30 95
30 96
30 98
30 107
30 111
30 112
30 113
30 116
30 117
30 119
30 120
30 122
31 1
31 3
31 14
31 15
31 19
31 20
31 21
31 24
31 28
31 30
31 31
31 35
31 39
31 40
31 42
31 44
31 47
31 48
31 51
31 52
31 53
31 54
31 61
31 62
31 63
31 65
31 66
31 67
31 70
31 75
31 81
31 83
31 86
31 88
31 89
31 90
31 91
31 94
31 96
31 97
31 103
31 105
31 106
31 108
31 110
31 111
31 112
31 116
31 119
31 121
32 2
32 6
32 13
32 15
32 16
32 17
32 20
32 22
32 24
32 26
32 28
32 31
32 32
32 34
32 35
32 40
32 42
32 43
32 45
32 49
32 50
32 51
32 55
32 56
32 58
32 67
32 70
32 72
32 73
32 75
32 76
32 86
32 89
32 90
32 93
32 99
32 100
32 104
32 106
32 108
32 114
32 115
32 121
32 122
32 126
32 127
33 1
33 2
33 9
33 11
33 13
33 16
33 17
33 18
33 19
33 21
33 27
33 28
33 29
33 31
33 33
33 34
33 35
33 40
33 44
33 45
33 51
33 52
33 53
33 54
33 59
33 60
33 62
33 63
33 69
33 72
33 73
33 78
33 80
33 89
33 90
33 91
33 93
33 95
33 96
33 98
33 108
33 111
33 112
33 113
33 124
34 2
34 3
34 9
34 10
34 17
34 20
34 21
34 22
34 25
34 31
34 32
34 38
34 39
34 42
34 53
34 55
34 57
34 60
34 62
34 71
34 72
34 73
34 77
34 78
34 82
34 83
34 86
34 88
34 91
34 92
34 93
34 100
34 102
34 106
34 109
34 110
34 112
34 115
34 121
34 123
34 126
34 127
35 2
35 6
35 8
35 9
35 12
35 14
35 16
35 18
35 23
35 26
35 27
35 28
35 31
35 32
35 35
35 38
35 41
35 42
35 44
35 45
35 46
35 48
35 49
35 54
35 58
35 60
35 62
35 63
35 64
35 68
35 69
35 74
35 77
35 78
35 80
35 88
35 90
35 93
35 97
35 101
35 104
35 111
35 115
35 116
35 118
35 120
35 121
35 122
35 124
35 126
36 1
36 7
36 9
36 11
36 12
36 14
36 16
36 17
36 21
36 22
36 23
36 26
36 30
36 33
36 36
36 38
36 40
36 41
36 57
36 59
36 60
36 63
36 65
36 67
36 70
36 72
36 73
36 74
36 75
36 76
36 77
36 78
36 81
36 82
36 86
36 87
36 88
36 94
36 95
36 96
36 97
36 98
36 99
36 100
36 101
36 102
36 107
36 111
36 112
36 113
36 115
36 117
36 120
36 121
36 122
36 124
36 125
36 126
36 127
37 0
37 4
37 7
37 10
37 11
37 12
37 13
37 14
37 16
37 18
37 19
37 22
37 24
37 25
37 27
37 33
37 38
37 40
37 45
37 47
37 49
37 50
37 53
37 56
37 57
37 58
37 61
37 62
37 64
37 65
37 75
37 76
37 77
37 81
37 93
37 95
37 101
37 106
37 108
37 119
37 121
37 123
37 124
37 125
38 0
38 2
38 4
38 5
38 8
38 10
38 11
38 16
38 17
38 19
38 23
38 27
38 32
38 36
38 37
38 38
38 42
38 43
38 48
38 52
38 53
38 57
38 58
38 60
38 62
38 64
38 65
38 68
38 69
38 72
38 79
38 80
38 82
38 83
38 86
38 89
38 93
38 95
38 100
38 103
38 105
38 112
38 115
38 118
38 119
38 120
38 121
38 123
38 125
38 126
39 1
39 2
39 4
39 8
39 9
39 11
39 21
39 22
39 25
39 26
39 30
39 34
39 39
39 41
39 42
39 47
39 48
39 51
39 54
39 55
39 59
39 60
39 68
39 69
39 71
39 72
39 73
39 75
39 76
39 77
39 78
39 79
39 80
39 84
39 88
39 90
39 93
39 98
39 99
39 100
39 101
39 103
39 107
39 112
39 115
39 116
39 121
39 127
40 0
40 2
40 5
40 7
40 10
40 11
40 17
40 30
40 39
40 42
40 45
40 55
40 57
40 58
40 62
40 63
40 72
40 74
40 77
40 83
40 85
40 86
40 88
40 89
40 91
40 92
40 93
40 98
40 99
40 107
40 110
40 112
40 113
40 116
40 117
40 118
40 122
40 125
41 4
41 8
41 9
41 12
41 13
41 15
41 18
41 19
41 20
41 24
41 25
41 27
41 29
41 31
41 32
41 35
41 36
41 37
41 39
41 40
41 41
41 42
41 44
41 46
41 47
41 53
41 56
41 60
41 61
41 62
41 65
41 68
41 70
41 72
41 77
41 78
41 79
41 87
41 92
41 96
41 98
41 99
41 117
41 119
41 121
41 125
41 126
41 127
42 0
42 2
42 3
42 4
42 6
42 7
42 8
42 9
42 10
42 13
42 14
42 15
42 17
42 18
42 20
42 22
42 23
42 25
42 30
42 31
42 39
42 42
42 44
42 46
42 47
42 51
42 52
42 56
42 57
42 66
42 67
42 70
42 72
42 75
42 78
42 80
42 81
42 86
42 88
42 89
42 91
42 98
42 103
42 104
42 108
42 110
42 114
42 116
42 118
42 119
42 120
42 121
42 124
42 126
43 1
43 2
43 3
43 10
43 12
43 13
43 14
43 15
43 26
43 29
43 32
43 34
43 36
43 37
43 40
43 41
43 46
43 47
43 48
43 49
43 50
43 55
43 57
43 58
43 59
43 60
43 64
43 65
43 66
43 67
43 68
43 74
43 75
43 76
43 77
43 82
43 83
43 87
43 89
43 91
43 94
43 105
43 108
43 114
43 118
43 121
43 122
44 1
44 3
44 6
44 9
44 12
44 14
44 20
44 24
44 28
44 30
44 34
44 38
44 46
44 49
44 53
44 58
44 60
44 63
44 65
44 75
44 77
44 78
44 80
44 81
44 82
44 86
44 93
44 96
44 97
44 99
44 100
44 101
44 102
44 103
44 105
44 109
44 115
44 118
44 124
45 8
45 9
45 11
45 12
45 17
45 20
45 21
45 23
45 34
45 38
45 39
45 41
45 44
45 47
45 49
45 50
45 53
45 62
45 63
45 65
45 66
45 68
45 70
45 71
45 77
45 78
45 79
45 81
45 86
45 87
45 92
45 95
45 98
45 99
45 102
45 105
45 107
45 108
45 117
45 118
45 121
45 124
45 127
46 1
46 3
46 4
46 5
46 6
46 10
46 12
46 15
46 16
46 17
46 19
46 23
46 26
46 28
46 34
46 35
46 40
46 41
46 42
46 47
46 49
46 50
46 51
46 55
46 58
46 60
46 61
46 71
46 79
46 80
46 87
46 90
46 91
46 92
46 93
46 96
46 98
46 99
46 100
46 101
46 104
46 107
46 108
46 112
46 113
46 115
46 119
47 1
47 2
47 3
47 6
47 8
47 13
47 14
47 19
47 26
47 28
47 29
47 30
47 31
47 32
47 34
47 37
47 38
47 39
47 42
47 43
47 44
47 48
47 49
47 52
47 67
47 73
47 74
47 77
47 78
47 82
47 83
47 86
47 88
47 93
47 95
47 97
47 103
47 104
47 105
47 106
47 109
47 111
47 112
47 122
47 123
47 124
48 0
48 2
48 12
48 18
48 19
48 21
48 23
48 25
48 28
48 29
48 34
48 39
48 40
48 41
48 48
48 58
48 61
48 65
48 66
48 68
48 79
48 80
48 81
48 86
48 88
48 89
48 92
48 95
48 97
48 98
48 102
48 103
48 106
48 109
48 115
48 120
48 123
48 125
48 127
49 2
49 7
49 12
49 13
49 15
49 19
49 21
49 22
49 23
49 25
49 26
49 31
49 32
49 34
49 35
49 36
49 37
49 39
49 45
49 46
49 48
49 50
49 51
49 57
49 60
49 62
49 64
49 72
49 77
49 79
49 89
49 91
49 93
49 94
49 96
49 99
49 101
49 104
49 109
50 1
50 4
50 5
50 13
50 15
50 16
50 18
50 25
50 26
50 30
50 32
50 33
50 36
50 37
50 39
50 41
50 44
50 45
50 47
50 48
50 53
50 55
50 60
50 61
50 64
50 69
50 72
50 75
50 76
50 89
50 90
50 91
50 92
50 93
50 95
50 100
50 101
50 105
50 107
50 112
50 113
50 115
50 121
50 123
50 124
51 0
51 1
51 7
51 8
51 9
51 13
51 20
51 24
51 27
51 32
51 33
51 35
51 36
51 37
51 40
51 51
51 52
51 53
51 57
51 59
51 61
51 66
51 72
51 73
51 76
51 78
51 79
51 82
51 83
51 89
51 90
51 93
51 100
51 103
51 106
51 110
51 113
51 116
51 117
51 124
51 126
52 1
52 3
52 10
52 11
52 12
52 14
52 18
52 19
52 22
52 28
52 29
52 33
52 34
52 40
52 43
52 45
52 47
52 48
52 49
52 50
52 52
52 53
52 54
52 58
52 62
52 65
52 75
52 80
52 82
52 83
52 87
52 95
52 99
52 100
52 102
52 103
52 113
52 114
52 116
52 117
52 127
53 3
53 5
53 6
53 11
53 13
53 17
53 18
53 19
53 20
53 22
53 24
53 28
53 29
53 31
53 32
53 34
53 35
53 36
53 44
53 45
53 50
53 54
53 56
53 58
53 59
53 64
53 65
53 66
53 67
53 69
53 71
53 80
53 81
53 84
53 86
53 88
53 90
53 93
53 99
53 100
53 104
53 106
53 108
53 111
53 112
53 114
53 118
53 120
53 123
53 127
54 0
54 1
54 6
54 9
54 14
54 19
54 21
54 26
54 30
54 32
54 33
54 35
54 37
54 38
54 44
54 50
54 52
54 53
54 56
54 60
54 61
54 68
54 70
54 73
54 75
54 80
54 81
54 87
54 89
54 95
54 103
54 108
54 109
54 115
54 116
54 117
54 124
54 127
55 0
55 5
55 7
55 8
55 10
55 16
55 18
55 24
55 28
55 29
55 35
55 36
55 37
55 39
55 46
55 50
55 63
55 64
55 65
55 67
55 68
55 73
55 74
55 75
55 76
55 79
55 81
55 82
55 83
55 84
55 91
55 92
55 94
55 95
55 98
55 99
55 103
55 107
55 109
55 111
55 112
55 114
55 115
55 118
55 119
55 120
55 122
55 124
56 5
56 12
56 13
56 16
56 18
56 23
56 24
56 25
56 28
56 29
56 30
56 31
56 36
56 37
56 45
56 50
56 53
56 59
56 63
56 67
56 68
56 69
56 78
56 83
56 84
56 91
56 92
56 94
56 96
56 97
56 99
56 109
56 114
56 116
56 121
56 122
56 123
56 126
57 1
57 8
57 12
57 13
57 14
57 15
57 18
57 21
57 23
57 24
57 26
57 38
57 40
57 44
57 47
57 48
57 53
57 55
57 70
57 71
57 73
57 75
57 77
57 80
57 89
57 93
57 98
57 100
57 101
57 103
57 105
57 112
57 113
57 114
57 115
57 121
57 125
57 126
58 2
58 8
58 12
58 13
58 19
58 30
58 35
58 41
58 42
58 43
58 44
58 45
58 46
58 48
58 49
58 50
58 51
58 52
58 53
58 59
58 67
58 69
58 71
58 73
58 74
58 76
58 83
58 84
58 87
58 91
58 92
58 94
58 100
58 105
58 107
58 109
58 114
58 119
58 120
58 122
58 123
59 12
59 14
59 19
59 26
59 30
59 31
59 34
59 35
59 37
59 46
59 49
59 53
59 54
59 59
59 65
59 68
59 69
59 75
59 83
59 89
59 92
59 94
59 95
59 101
59 103
59 107
59 109
59 111
59 112
59 117
59 120
59 125
59 126
60 0
60 4
60 8
60 15
60 25
60 36
60 37
60 44
60 46
60 51
60 53
60 56
60 58
60 59
60 60
60 63
60 74
60 85
60 86
60 91
60 93
60 94
60 96
60 99
60 102
60 103
60 105
60 109
60 110
60 114
60 116
60 117
60 119
60 120
60 121
60 124
60 127
61 5
61 11
61 12
61 18
61 21
61 29
61 30
61 37
61 38
61 51
61 53
61 54
61 55
61 57
61 62
61 65
61 68
61 75
61 76
61 79
61 80
61 83
61 87
61 88
61 92
61 93
61 104
61 105
61 106
61 107
61 109
61 111
61 114
61 120
61 122
61 125
62 3
62 11
62 12
62 14
62 18
62 22
62 24
62 26
62 28
62 29
62 31
62 32
62 33
62 38
62 40
62 41
62 42
62 43
62 46
62 51
62 55
62 56
62 57
62 59
62 60
62 61
62 62
62 63
62 68
62 70
62 73
62 75
62 76
62 77
62 81
62 82
62 84
62 89
62 91
62 92
62 93
62 94
62 99
62 102
62 104
62 107
62 108
62 112
62 115
62 116
62 120
62 125
62 126
63 3
63 8
63 9
63 12
63 14
63 16
63 18
63 22
63 23
63 27
63 28
63 31
63 34
63 42
63 50
63 51
63 52
63 55
63 58
63 62
63 66
63 67
63 69
63 70
63 71
63 74
63 77
63 82
63 83
63 85
63 86
63 90
63 91
63 92
63 94
63 96
63 99
63 101
63 106
63 107
63 111
63 112
63 113
63 116
63 117
63 120
63 121
63 122
63 127
64 0
64 1
64 4
64 5
64 11
64 16
64 18
64 19
64 22
64 26
64 29
64 31
64 33
64 34
64 35
64 36
64 39
64 41
64 45
64 48
64 50
64 51
64 52
64 56
64 57
64 62
64 63
64 65
64 69
64 75
64 85
64 86
64 87
64 89
64 90
64 92
64 93
64 95
64 96
64 97
64 98
64 99
64 102
64 106
64 107
64 109
64 110
64 113
64 114
64 115
64 116
64 121
64 122
64 123
64 124
65 3
65 9
65 10
65 11
65 20
65 23
65 26
65 27
65 28
65 31
65 33
65 35
65 37
65 40
65 45
65 49
65 51
65 52
65 53
65 55
65 58
65 59
65 61
65 63
65 66
65 67
65 70
65 71
65 76
65 77
65 84
65 85
65 91
65 92
65 94
65 95
65 99
65 101
65 103
65 104
65 106
65 108
65 109
65 119
65 120
65 125
66 3
66 5
66 6
66 8
66 9
66 10
66 11
66 13
66 18
66 22
66 23
66 27
66 30
66 32
66 33
66 38
66 50
66 61
66 62
66 64
66 66
66 68
66 74
66 80
66 82
66 85
66 87
66 90
66 93
66 98
66 99
66 102
66 109
66 111
66 116
66 123
66 127
67 2
67 5
67 6
67 8
67 13
67 14
67 17
67 18
67 20
67 21
67 22
67 24
67 28
67 31
67 32
67 39
67 40
67 43
67 48
67 49
67 59
67 64
67 65
67 68
67 69
67 72
67 76
67 77
67 79
67 80
67 82
67 86
67 91
67 94
67 100
67 102
67 103
67 106
67 108
67 109
67 111
67 113
67 115
67 116
67 120
67 123
67 125
67 127
68 2
68 3
68 7
68 10
68 11
68 12
68 13
68 14
68 19
68 21
68 22
68 26
68 27
68 28
68 29
68 30
68 31
68 34
68 37
68 38
68 40
68 42
68 44
68 46
68 47
68 48
68 50
68 51
68 56
68 57
68 59
68 61
68 62
68 72
68 74
68 77
68 79
68 83
68 85
68 87
68 92
68 99
68 100
68 102
68 107
68 126
69 1
69 3
69 6
69 9
69 10
69 15
69 16
69 18
69 19
69 20
69 22
69 23
69 25
69 32
69 34
69 38
69 43
69 48
69 49
69 50
69 52
69 55
69 56
69 60
69 61
69 63
69 64
69 67
69 68
69 70
69 71
69 79
69 80
69 81
69 83
69 84
69 85
69 86
69 88
69 92
69 96
69 99
69 103
69 105
69 106
69 107
69 114
69 117
69 118
69 121
69 123
69 127
70 1
70 8
70 13
70 17
70 20
70 22
70 34
70 40
70 41
70 43
70 46
70 53
70 57
70 65
70 66
70 69
70 71
70 80
70 87
70 91
70 94
70 96
70 97
70 99
70 108
70 109
70 113
70 114
70 117
70 123
70 124
71 0
71 5
71 6
71 9
71 14
71 15
71 17
71 18
71 21
71 22
71 25
71 27
71 28
71 29
71 35
71 36
71 37
71 38
71 42
71 43
71 48
71 51
71 53
71 56
71 58
71 60
71 65
71 67
71 68
71 74
71 80
71 82
71 83
71 89
71 90
71 93
71 96
71 100
71 104
71 106
71 108
71 115
71 119
71 120
71 125
72 0
72 4
72 5
72 9
72 10
72 11
72 17
72 21
72 22
72 23
72 24
72 25
72 27
72 31
72 33
72 34
72 38
72 41
72 49
72 50
72 51
72 55
72 59
72 63
72 69
72 70
72 72
72 73
72 79
72 81
72 83
72 85
72 93
72 94
72 96
72 97
72 98
72 103
72 104
72 105
72 113
72 119
72 122
72 123
72 127
73 2
73 3
73 4
73 11
73 17
73 18
73 21
73 24
73 32
73 33
73 34
73 36
73 37
73 45
73 46
73 47
73 48
73 49
73 50
73 52
73 54
73 55
73 56
73 58
73 59
73 64
73 70
73 74
73 75
73 77
73 82
73 88
73 89
73 92
73 93
73 96
73 98
73 104
73 106
73 110
73 113
73 115
73 116
73 125
73 126
74 1
74 3
74 5
74 6
74 8
74 10
74 14
74 20
74 24
74 27
74 28
74 29
74 32
74 35
74 37
74 38
74 40
74 41
74 43
74 44
74 49
74 51
74 52
74 54
74 56
74 65
74 68
74 69
74 72
74 76
74 78
74 81
74 84
74 87
74 89
74 90
74 93
74 95
74 99
74 103
74 106
74 107
74 109
74 110
74 113
74 114
74 119
74 120
74 122
74 126
74 127
75 2
75 3
75 6
75 7
75 8
75 10
75 17
75 19
75 21
75 30
75 31
75 34
75 36
75 38
75 41
75 43
75 47
75 48
75 50
75 51
75 54
75 60
75 63
75 64
75 71
75 79
75 81
75 85
75 86
75 87
75 91
75 95
75 102
75 108
75 110
75 111
75 114
75 115
75 116
75 120
75 121
75 122
75 123
75 126
75 127
76 5
76 10
76 11
76 15
76 16
76 17
76 19
76 20
76 27
76 33
76 35
76 41
76 44
76 45
76 46
76 48
76 50
76 51
76 56
76 58
76 60
76 65
76 66
76 67
76 68
76 79
76 84
76 88
76 90
76 92
76 94
76 97
76 98
76 99
76 100
76 102
76 108
76 111
76 115
76 117
76 126
76 127
77 1
77 2
77 7
77 9
77 14
77 20
77 21
77 22
77 28
77 29
77 32
77 36
77 45
77 47
77 48
77 50
77 53
77 59
77 62
77 63
77 67
77 71
77 76
77 79
77 80
77 90
77 91
77 92
77 93
77 96
77 98
77 101
77 107
77 110
77 111
77 120
77 123
77 127
78 5
78 7
78 8
78 10
78 13
78 15
78 17
78 18
78 21
78 23
78 27
78 28
78 29
78 31
78 36
78 40
78 42
78 44
78 47
78 48
78 49
78 52
78 53
78 54
78 56
78 57
78 59
78 61
78 67
78 69
78 73
78 74
78 77
78 84
78 85
78 87
78 90
78 91
78 94
78 101
78 102
78 105
78 108
78 111
78 118
78 119
78 120
78 121
78 125
78 126
79 1
79 3
79 5
79 9
79 14
79 15
79 17
79 18
79 19
79 21
79 22
79 24
79 26
79 31
79 32
79 33
79 34
79 37
79 39
79 41
79 42
79 44
79 47
79 53
79 54
79 55
79 61
79 64
79 65
79 67
79 70
79 72
79 73
79 74
79 75
79 78
79 79
79 82
79 84
79 85
79 89
79 91
79 92
79 93
79 97
79 98
79 102
79 103
79 104
79 105
79 106
79 108
79 109
79 110
79 111
79 112
79 113
79 115
79 116
79 120
79 125
79 127
80 5
80 11
80 20
80 21
80 28
80 30
80 34
80 41
80 43
80 48
80 49
80 52
80 54
80 58
80 59
80 60
80 66
80 69
80 70
80 76
80 77
80 78
80 81
80 87
80 88
80 90
80 91
80 97
80 102
80 104
80 107
80 108
80 110
80 114
80 116
80 118
80 123
80 125
80 126
81 4
81 7
81 10
81 12
81 14
81 16
81 17
81 18
81 20
81 23
81 31
81 32
81 34
81 39
81 40
81 48
81 50
81 51
81 58
81 63
81 67
81 69
81 70
81 72
81 73
81 75
81 78
81 80
81 84
81 86
81 87
81 90
81 95
81 100
81 102
81 103
81 104
81 108
81 109
81 110
81 114
81 116
81 118
82 1
82 2
82 4
82 6
82 11
82 12
82 13
82 17
82 19
82 24
82 25
82 28
82 29
82 32
82 39
82 40
82 48
82 50
82 55
82 57
82 58
82 59
82 60
82 61
82 62
82 63
82 65
82 69
82 71
82 72
82 74
82 75
82 84
82 86
82 87
82 88
82 92
82 93
82 94
82 95
82 96
82 102
82 106
82 107
82 108
82 115
82 121
83 0
83 5
83 9
83 13
83 15
83 17
83 24
83 25
83 30
83 36
83 38
83 41
83 43
83 47
83 49
83 51
83 52
83 58
83 59
83 62
83 65
83 67
83 68
83 74
83 81
83 82
83 83
83 84
83 88
83 92
83 96
83 98
83 102
83 104
83 106
83 108
83 109
83 112
83 114
83 115
83 118
83 124
83 125
84 0
84 5
84 7
84 8
84 10
84 12
84 13
84 16
84 17
84 18
84 20
84 23
84 24
84 27
84 28
84 30
84 32
84 40
84 48
84 50
84 51
84 56
84 58
84 61
84 63
84 66
84 68
84 69
84 70
84 72
84 75
84 77
84 78
84 80
84 90
84 91
84 92
84 94
84 95
84 98
84 101
84 105
84 108
84 111
84 113
84 114
84 119
84 122
84 127
85 4
85 5
85 6
85 8
85 10
85 12
85 14
85 22
85 24
85 25
85 31
85 33
85 37
85 39
85 40
85 43
85 44
85 52
85 53
85 60
85 67
85 69
85 74
85 75
85 77
85 79
85 83
85 85
85 88
85 91
85 92
85 94
85 104
85 107
85 109
85 111
85 112
85 113
85 120
85 123
86 0
86 1
86 5
86 11
86 14
86 15
86 18
86 20
86 32
86 34
86 36
86 37
86 40
86 42
86 43
86 45
86 46
86 49
86 51
86 53
86 54
86 55
86 57
86 61
86 62
86 69
86 72
86 73
86 83
86 88
86 91
86 92
86 95
86 97
86 101
86 108
86 110
86 112
86 116
86 117
86 120
86 121
86 127
87 0
87 3
87 8
87 13
87 19
87 23
87 24
87 27
87 28
87 30
87 31
87 32
87 34
87 37
87 38
87 39
87 42
87 43
87 48
87 51
87 57
87 61
87 64
87 66
87 67
87 70
87 71
87 77
87 78
87 79
87 80
87 82
87 86
87 87
87 90
87 92
87 98
87 99
87 103
87 107
87 110
87 115
87 117
87 119
87 122
87 123
87 125
88 1
88 5
88 6
88 11
88 13
88 17
88 19
88 22
88 23
88 25
88 30
88 32
88 38
88 39
88 41
88 42
88 43
88 44
88 45
88 47
88 49
88 50
88 51
88 52
88 54
88 55
88 63
88 64
88 69
88 78
88 79
88 83
88 88
88 91
88 95
88 110
88 115
88 117
88 118
88 120
88 121
88 122
88 123
88 124
88 127
89 1
89 4
89 5
89 7
89 9
89 18
89 24
89 25
89 30
89 33
89 34
89 39
89 42
89 47
89 53
89 57
89 58
89 59
89 64
89 65
89 68
89 69
89 72
89 74
89 78
89 87
89 89
89 90
89 91
89 92
89 94
89 96
89 100
89 102
89 110
89 114
89 117
89 118
89 121
89 125
90 2
90 4
90 6
90 7
90 11
90 16
90 23
90 24
90 29
90 30
90 32
90 33
90 34
90 35
90 36
90 37
90 40
90 47
90 51
90 53
90 54
90 55
90 56
90 57
90 63
90 66
90 68
90 70
90 71
90 74
90 76
90 81
90 82
90 85
90 88
90 89
90 90
90 92
90 94
90 95
90 100
90 105
90 106
90 108
90 117
90 118
90 120
91 0
91 3
91 5
91 7
91 9
91 10
91 12
91 13
91 14
91 18
91 21
91 22
91 29
91 30
91 35
91 36
91 40
91 46
91 49
91 51
91 56
91 59
91 68
91 75
91 77
91 81
91 82
91 86
91 88
91 92
91 95
91 98
91 101
91 102
91 106
91 107
91 111
91 117
91 119
91 120
91 122
91 123
91 127
92 1
92 2
92 4
92 6
92 8
92 11
92 12
92 14
92 15
92 16
92 17
92 18
92 19
92 23
92 24
92 35
92 36
92 39
92 40
92 44
92 51
92 52
92 55
92 58
92 66
92 67
92 68
92 69
92 75
92 78
92 79
92 88
92 93
92 94
92 96
92 99
92 103
92 104
92 107
92 108
92 110
92 111
92 114
92 115
92 118
92 120
92 122
92 124
92 125
93 1
93 2
93 4
93 5
93 6
93 12
93 14
93 18
93 22
93 27
93 28
93 30
93 34
93 35
93 36
93 37
93 40
93 47
93 51
93 52
93 53
93 54
93 55
93 56
93 58
93 59
93 60
93 63
93 67
93 68
93 71
93 72
93 73
93 79
93 83
93 86
93 90
93 95
93 103
93 108
93 114
93 115
93 120
93 122
93 124
93 127
94 1
94 10
94 13
94 14
94 16
94 25
94 31
94 33
94 37
94 38
94 40
94 41
94 42
94 45
94 47
94 54
94 58
94 59
94 60
94 62
94 65
94 66
94 67
94 68
94 69
94 71
94 74
94 75
94 76
94 78
94 80
94 81
94 83
94 89
94 93
94 94
94 97
94 101
94 102
94 104
94 109
94 110
94 112
94 114
94 117
94 120
94 125
94 126
95 1
95 2
95 3
95 6
95 7
95 9
95 15
95 18
95 19
95 25
95 26
95 27
95 28
95 30
95 33
95 34
95 36
95 37
95 46
95 47
95 48
95 49
95 52
95 53
95 55
95 64
95 67
95 69
95 70
95 72
95 76
95 77
95 78
95 79
95 84
95 85
95 87
95 91
95 92
95 94
95 96
95 97
95 101
95 106
95 108
95 111
95 112
95 113
95 115
96 3
96 6
96 8
96 20
96 24
96 25
96 35
96 46
96 47
96 49
96 52
96 66
96 71
96 73
96 76
96 77
96 78
96 81
96 85
96 87
96 88
96 90
96 91
96 101
96 103
96 105
96 107
96 111
96 112
96 116
96 118
96 119
96 125
97 0
97 3
97 5
97 9
97 10
97 13
97 22
97 24
97 29
97 30
97 31
97 32
97 33
97 37
97 38
97 41
97 46
97 51
97 54
97 56
97 67
97 68
97 69
97 70
97 73
97 75
97 76
97 82
97 90
97 99
97 104
97 107
97 109
97 112
97 115
97 118
98 1
98 4
98 6
98 10
98 12
98 13
98 14
98 16
98 18
98 20
98 36
98 39
98 43
98 44
98 45
98 52
98 54
98 56
98 57
98 59
98 62
98 69
98 70
98 71
98 73
98 74
98 76
98 77
98 81
98 84
98 90
98 91
98 94
98 96
98 98
98 99
98 100
98 102
98 104
98 108
98 112
98 113
98 117
98 120
98 127
99 2
99 3
99 4
99 6
99 9
99 16
99 18
99 23
99 29
99 33
99 39
99 40
99 41
99 43
99 44
99 47
99 48
99 50
99 51
99 52
99 54
99 55
99 58
99 63
99 66
99 67
99 69
99 70
99 73
99 74
99 78
99 79
99 81
99 83
99 85
99 86
99 91
99 92
99 99
99 102
99 108
99 110
99 111
99 113
99 114
99 118
99 121
99 123
99 125
99 126
99 127
100 0
100 1
100 16
100 20
100 28
100 32
100 33
100 34
100 36
100 37
100 38
100 40
100 43
100 44
100 45
100 48
100 55
100 57
100 58
100 60
100 61
100 62
100 64
100 66
100 68
100 69
100 70
100 72
100 75
100 82
100 88
100 90
100 91
100 93
100 95
100 98
100 100
100 102
100 103
100 107
100 110
100 114
100 119
100 123
100 126
100 127
101 2
101 4
101 10
101 11
101 12
101 13
101 18
101 19
101 25
101 29
101 33
101 37
101 38
101 46
101 53
101 54
101 58
101 64
101 65
101 66
101 70
101 73
101 76
101 78
101 79
101 80
101 83
101 87
101 88
101 90
101 96
101 97
101 99
101 100
101 101
101 104
101 107
101 109
101 116
101 121
101 123
102 3
102 8
102 9
102 14
102 19
102 22
102 29
102 31
102 32
102 36
102 39
102 40
102 44
102 46
102 47
102 48
102 51
102 54
102 57
102 58
102 62
102 64
102 66
102 68
102 72
102 73
102 74
102 75
102 77
102 79
102 82
102 83
102 84
102 92
102 94
102 99
102 117
102 119
102 123
102 124
103 1
103 4
103 14
103 16
103 17
103 20
103 21
103 22
103 24
103 25
103 30
103 32
103 35
103 37
103 39
103 46
103 47
103 48
103 49
103 52
103 54
103 55
103 56
103 57
103 58
103 60
103 62
103 66
103 68
103 71
103 72
103 75
103 77
103 85
103 89
103 90
103 96
103 97
103 98
103 99
103 100
103 101
103 102
103 103
103 104
103 106
103 107
103 108
103 111
103 115
103 116
103 118
103 122
103 124
103 127
104 0
104 6
104 8
104 11
104 23
104 25
104 26
104 27
104 31
104 33
104 36
104 44
104 49
104 50
104 53
104 55
104 56
104 59
104 64
104 67
104 71
104 75
104 77
104 79
104 80
104 82
104 83
104 87
104 88
104 90
104 91
104 95
104 96
104 97
104 101
104 106
104 111
104 120
104 125
104 127
105 1
105 3
105 8
105 10
105 17
105 18
105 19
105 22
105 23
105 24
105 26
105 28
105 29
105 32
105 33
105 34
105 36
105 42
105 43
105 49
105 50
105 51
105 60
105 62
105 63
105 66
105 69
105 74
105 75
105 76
105 77
105 78
105 79
105 82
105 83
105 84
105 87
105 93
105 94
105 102
105 105
105 107
105 110
105 112
105 114
105 115
105 116
105 118
105 120
105 125
106 0
106 1
106 7
106 9
106 10
106 13
106 14
106 17
106 18
106 20
106 24
106 29
106 30
106 32
106 33
106 35
106 46
106 49
106 51
106 52
106 54
106 58
106 67
106 75
106 81
106 82
106 83
106 84
106 89
106 90
106 92
106 95
106 97
106 101
106 103
106 107
106 109
106 110
106 112
106 113
106 119
106 120
106 124
106 127
107 1
107 7
107 15
107 24
107 27
107 28
107 29
107 32
107 33
107 38
107 48
107 53
107 54
107 55
107 60
107 65
107 71
107 73
107 74
107 75
107 78
107 80
107 81
107 83
107 86
107 87
107 88
107 89
107 95
107 98
107 100
107 101
107 106
107 111
107 118
107 120
107 122
107 123
108 2
108 5
108 6
108 7
108 8
108 12
108 17
108 20
108 22
108 23
108 28
108 33
108 38
108 39
108 40
108 43
108 45
108 48
108 49
108 50
108 53
108 58
108 60
108 61
108 66
108 69
108 71
108 73
108 78
108 79
108 85
108 88
108 90
108 92
108 95
108 97
108 105
108 106
108 107
108 108
108 109
108 121
108 122
108 125
109 0
109 5
109 11
109 13
109 15
109 17
109 20
109 22
109 23
109 24
109 29
109 35
109 37
109 40
109 42
109 44
109 45
109 47
109 51
109 54
109 56
109 57
109 58
109 61
109 62
109 64
109 66
109 67
109 68
109 70
109 80
109 83
109 85
109 88
109 91
109 93
109 94
109 100
109 103
109 104
109 108
109 109
109 110
109 112
109 113
109 115
109 118
109 121
109 127
110 1
110 3
110 4
110 7
110 8
110 10
110 12
110 13
110 16
110 17
110 24
110 27
110 28
110 29
110 32
110 34
110 37
110 38
110 39
110 41
110 46
110 51
110 57
110 61
110 62
110 63
110 65
110 66
110 70
110 77
110 78
110 79
110 82
110 84
110 86
110 87
110 89
110 91
110 94
110 95
110 100
110 102
110 104
110 106
110 108
110 110
110 111
110 112
110 113
110 118
110 120
110 122
110 127
111 0
111 2
111 5
111 9
111 16
111 25
111 26
111 27
111 28
111 30
111 31
111 34
111 41
111 42
111 45
111 47
111 53
111 54
111 58
111 59
111 63
111 65
111 70
111 72
111 74
111 78
111 81
111 84
111 86
111 88
111 90
111 92
111 93
111 95
111 96
111 98
111 99
111 100
111 102
111 108
111 109
111 111
111 112
111 117
111 119
111 121
111 122
111 123
111 124
112 1
112 5
112 13
112 15
112 21
112 22
112 25
112 26
112 28
112 30
112 31
112 32
112 34
112 35
112 36
112 37
112 38
112 42
112 43
112 44
112 47
112 49
112 51
112 53
112 57
112 58
112 60
112 61
112 65
112 68
112 72
112 79
112 80
112 81
112 82
112 84
112 86
112 94
112 95
112 97
112 98
112 100
112 101
112 106
112 112
112 113
112 117
112 118
112 122
112 123
112 125
112 127
113 1
113 4
113 6
113 8
113 11
113 12
113 13
113 15
113 16
113 17
113 20
113 22
113 26
113 28
113 29
113 30
113 33
113 41
113 42
113 46
113 47
113 49
113 51
113 54
113 57
113 61
113 67
113 68
113 70
113 71
113 72
113 79
113 82
113 83
113 84
113 85
113 87
113 89
113 91
113 93
113 94
113 95
113 98
113 100
113 101
113 102
113 103
113 107
113 111
113 117
113 120
113 122
113 123
113 125
113 126
113 127
114 0
114 3
114 9
114 11
114 13
114 15
114 19
114 30
114 31
114 37
114 40
114 43
114 48
114 51
114 52
114 53
114 58
114 67
114 70
114 76
114 77
114 78
114 80
114 85
114 86
114 87
114 91
114 93
114 94
114 96
114 101
114 104
114 106
114 108
114 112
114 118
114 119
114 123
114 127
115 3
115 4
115 7
115 8
115 10
115 19
115 21
115 27
115 30
115 33
115 35
115 38
115 39
115 43
115 44
115 48
115 50
115 52
115 53
115 58
115 63
115 65
115 68
115 69
115 70
115 76
115 79
115 83
115 84
115 86
115 99
115 103
115 105
115 106
115 107
115 108
115 117
115 118
115 119
115 125
115 127
116 3
116 4
116 6
116 9
116 13
116 22
116 23
116 25
116 32
116 33
116 37
116 40
116 41
116 54
116 67
116 74
116 76
116 79
116 82
116 85
116 86
116 93
116 95
116 100
116 101
116 105
116 108
116 112
116 120
116 123
116 124
116 125
116 127
117 5
117 10
117 12
117 14
117 15
117 16
117 18
117 25
117 26
117 27
117 29
117 30
117 31
117 32
117 33
117 36
117 37
117 38
117 43
117 44
117 45
117 50
117 52
117 53
117 56
117 61
117 62
117 65
117 66
117 71
117 75
117 84
117 86
117 88
117 89
117 90
117 91
117 93
117 94
117 95
117 97
117 101
117 104
117 105
117 106
117 108
117 110
117 111
117 113
117 114
117 115
117 119
117 121
117 125
118 4
118 8
118 12
118 14
118 22
118 24
118 25
118 28
118 31
118 32
118 33
118 39
118 42
118 44
118 50
118 52
118 58
118 64
118 68
118 70
118 73
118 74
118 78
118 79
118 81
118 85
118 89
118 91
118 94
118 101
118 102
118 104
118 108
118 109
118 113
118 117
118 122
118 125
118 127
119 0
119 2
119 14
119 15
119 17
119 18
119 19
119 20
119 22
119 24
119 26
119 27
119 32
119 34
119 40
119 44
119 47
119 49
119 52
119 53
119 55
119 59
119 66
119 75
119 76
119 80
119 83
119 85
119 89
119 90
119 91
119 94
119 97
119 98
119 104
119 107
119 109
119 111
119 113
119 115
119 117
119 118
119 121
119 127
120 0
120 4
120 7
120 12
120 13
120 14
120 16
120 17
120 24
120 26
120 27
120 30
120 31
120 32
120 37
120 38
120 41
120 46
120 50
120 52
120 55
120 59
120 60
120 63
120 64
120 66
120 67
120 68
120 72
120 79
120 94
120 96
120 98
120 100
120 101
120 103
120 104
120 105
120 109
120 110
120 114
120 116
120 117
120 121
120 127
121 3
121 6
121 10
121 12
121 14
121 17
121 18
121 22
121 26
121 27
121 29
121 33
121 36
121 38
121 46
121 49
121 51
121 58
121 59
121 60
121 61
121 62
121 63
121 64
121 67
121 68
121 73
121 75
121 79
121 80
121 83
121 93
121 94
121 101
121 103
121 106
121 108
121 110
121 116
121 117
121 118
121 120
121 121
121 126
122 3
122 5
122 6
122 8
122 9
122 10
122 13
122 17
122 21
122 24
122 25
122 30
122 32
122 34
122 35
122 37
122 38
122 50
122 51
122 52
122 53
122 55
122 59
122 60
122 62
122 66
122 67
122 69
122 71
122 74
122 75
122 84
122 86
122 87
122 89
122 94
122 96
122 99
122 103
122 110
122 114
122 118
122 122
123 5
123 6
123 10
123 13
123 14
123 15
123 17
123 19
123 22
123 23
123 35
123 38
123 40
123 60
123 65
123 68
123 69
123 70
123 72
123 73
123 74
123 77
123 79
123 81
123 82
123 83
123 85
123 90
123 94
123 99
123 100
123 102
123 103
123 104
123 109
123 112
123 115
123 116
123 120
123 125
123 127
124 2
124 6
124 7
124 12
124 15
124 16
124 19
124 21
124 24
124 26
124 31
124 39
124 41
124 42
124 43
124 44
124 46
124 47
124 48
124 50
124 51
124 52
124 53
124 59
124 62
124 67
124 68
124 70
124 73
124 76
124 79
124 83
124 99
124 100
124 103
124 106
124 116
124 117
124 118
124 122
124 123
125 1
125 3
125 6
125 7
125 12
125 15
125 17
125 20
125 24
125 28
125 29
125 30
125 32
125 34
125 38
125 43
125 47
125 57
125 61
125 72
125 73
125 74
125 76
125 81
125 91
125 93
125 95
125 96
125 97
125 98
125 102
125 103
125 106
125 107
125 108
125 114
125 120
125 123
126 1
126 4
126 10
126 13
126 14
126 16
126 19
126 21
126 23
126 29
126 34
126 36
126 37
126 40
126 46
126 50
126 55
126 57
126 60
126 62
126 64
126 67
126 68
126 72
126 73
126 82
126 85
126 88
126 95
126 102
126 103
126 107
126 110
126 113
126 116
126 125
126 126
126 127
127 1
127 3
127 4
127 5
127 13
127 15
127 16
127 17
127 20
127 23
127 24
127 29
127 32
127 34
127 35
127 36
127 37
127 39
127 40
127 43
127 45
127 47
127 53
127 54
127 57
127 60
127 63
127 65
127 66
127 67
127 69
127 70
127 73
127 83
127 84
127 86
127 87
127 89
127 92
127 93
127 95
127 102
127 112
127 113
127 115
127 116
127 119
127 120
127 124
127 127
