0 0
0 3
0 5
0 7
0 9
0 10
0 11
0 12
0 13
0 15
0 16
0 17
0 21
0 22
0 23
0 24
0 31
0 33
0 39
0 41
0 43
0 44
0 45
0 47
0 48
0 53
0 54
0 68
0 73
0 75
0 77
0 79
0 80
0 81
0 82
0 85
0 88
0 89
0 90
0 96
0 97
0 99
0 100
0 103
0 104
0 105
0 107
0 108
0 109
0 112
0 113
0 118
0 120
0 123
0 124
0 125
1 1
1 3
1 11
1 13
1 15
1 20
1 21
1 25
1 26
1 28
1 30
1 31
1 35
1 36
1 42
1 43
1 45
1 46
1 49
1 50
1 51
1 52
1 53
1 56
1 58
1 60
1 63
1 64
1 67
1 79
1 80
1 82
1 83
1 86
1 87
1 88
1 92
1 93
1 99
1 100
1 101
1 106
1 109
1 110
1 111
1 112
1 114
1 115
1 117
1 121
1 122
1 123
1 126
2 1
2 4
2 6
2 8
2 9
2 11
2 13
2 15
2 18
2 19
2 23
2 26
2 28
2 30
2 32
2 33
2 36
2 37
2 38
2 40
2 45
2 46
2 49
2 51
2 53
2 56
2 62
2 65
2 67
2 68
2 69
2 71
2 73
2 75
2 76
2 79
2 82
2 88
2 89
2 93
2 95
2 98
2 100
2 102
2 103
2 106
2 110
2 112
2 113
2 114
2 116
2 120
2 123
2 124
2 125
2 126
3 6
3 9
3 11
3 13
3 15
3 16
3 22
3 23
3 27
3 31
3 32
3 34
3 35
3 38
3 39
3 42
3 43
3 46
3 47
3 49
3 50
3 52
3 54
3 56
3 58
3 59
3 61
3 63
3 64
3 65
3 68
3 69
3 72
3 74
3 75
3 76
3 77
3 81
3 82
3 83
3 86
3 87
3 88
3 89
3 91
3 93
3 96
3 98
3 100
3 101
3 104
3 107
3 108
3 110
3 114
3 115
4 2
4 6
4 7
4 9
4 11
4 14
4 15
4 16
4 17
4 20
4 21
4 22
4 23
4 24
4 26
4 28
4 32
4 33
4 35
4 36
4 37
4 41
4 42
4 45
4 49
4 54
4 61
4 63
4 66
4 72
4 73
4 74
4 78
4 79
4 80
4 82
4 87
4 89
4 99
4 101
4 103
4 106
4 107
4 108
4 109
4 110
4 113
4 114
4 120
4 121
4 123
4 125
5 1
5 3
5 4
5 5
5 7
5 9
5 16
5 21
5 25
5 26
5 28
5 29
5 30
5 33
5 39
5 41
5 46
5 47
5 48
5 49
5 53
5 57
5 58
5 59
5 61
5 62
5 64
5 67
5 71
5 81
5 82
5 84
5 86
5 87
5 88
5 92
5 96
5 97
5 98
5 99
5 101
5 102
5 103
5 108
5 109
5 110
5 113
5 114
5 115
5 116
5 117
5 122
5 123
5 127
6 1
6 6
6 7
6 10
6 12
6 13
6 25
6 27
6 28
6 30
6 34
6 42
6 43
6 47
6 51
6 52
6 55
6 57
6 58
6 60
6 65
6 68
6 69
6 70
6 72
6 79
6 80
6 81
6 82
6 86
6 87
6 88
6 89
6 91
6 92
6 93
6 95
6 96
6 99
6 100
6 103
6 105
6 107
6 108
6 110
6 111
6 112
6 113
6 116
6 119
6 125
7 1
7 3
7 20
7 22
7 27
7 28
7 34
7 35
7 36
7 37
7 38
7 40
7 42
7 47
7 48
7 49
7 54
7 56
7 57
7 62
7 67
7 70
7 74
7 79
7 80
7 82
7 83
7 84
7 87
7 88
7 89
7 91
7 92
7 95
7 99
7 100
7 103
7 112
7 113
7 114
7 115
7 118
7 119
7 120
7 125
7 126
7 127
8 3
8 4
8 6
8 8
8 9
8 10
8 15
8 16
8 17
8 18
8 19
8 20
8 22
8 24
8 27
8 28
8 31
8 34
8 35
8 36
8 37
8 44
8 45
8 46
8 48
8 49
8 50
8 53
8 56
8 57
8 58
8 66
8 74
8 79
8 80
8 81
8 84
8 86
8 90
8 92
8 98
8 100
8 101
8 102
8 106
8 107
8 109
8 112
8 115
8 121
8 123
8 126
9 5
9 6
9 7
9 8
9 9
9 10
9 13
9 14
9 17
9 18
9 20
9 21
9 22
9 27
9 29
9 30
9 31
9 34
9 36
9 37
9 40
9 41
9 46
9 48
9 49
9 51
9 53
9 55
9 59
9 60
9 63
9 65
9 67
9 69
9 76
9 81
9 82
9 85
9 86
9 87
9 88
9 91
9 92
9 94
9 104
9 106
9 107
9 108
9 109
9 113
9 122
9 125
10 1
10 2
10 5
10 9
10 10
10 12
10 13
10 17
10 24
10 26
10 27
10 29
10 34
10 36
10 37
10 40
10 41
10 42
10 46
10 47
10 49
10 50
10 51
10 54
10 57
10 58
10 64
10 65
10 66
10 68
10 70
10 73
10 75
10 77
10 78
10 79
10 80
10 81
10 83
10 85
10 90
10 93
10 95
10 97
10 104
10 106
10 115
10 116
10 117
10 119
10 121
10 127
11 0
11 3
11 5
11 6
11 7
11 9
11 10
11 11
11 13
11 14
11 20
11 21
11 23
11 24
11 25
11 26
11 29
11 37
11 39
11 42
11 43
11 44
11 48
11 52
11 53
11 54
11 56
11 57
11 61
11 71
11 73
11 74
11 77
11 81
11 83
11 87
11 89
11 93
11 94
11 96
11 97
11 101
11 103
11 104
11 107
11 108
11 109
11 110
11 113
11 115
11 116
11 118
11 120
11 121
11 124
11 126
12 2
12 3
12 6
12 10
12 14
12 16
12 17
12 20
12 22
12 26
12 29
12 30
12 31
12 33
12 39
12 40
12 43
12 44
12 48
12 49
12 51
12 53
12 62
12 64
12 65
12 66
12 71
12 76
12 77
12 79
12 80
12 81
12 84
12 87
12 89
12 90
12 91
12 94
12 95
12 96
12 97
12 98
12 102
12 110
12 115
12 121
12 123
12 126
13 3
13 7
13 11
13 13
13 14
13 15
13 18
13 22
13 23
13 26
13 29
13 34
13 35
13 36
13 40
13 44
13 45
13 47
13 48
13 50
13 55
13 56
13 57
13 58
13 62
13 69
13 71
13 74
13 76
13 82
13 83
13 84
13 85
13 91
13 96
13 98
13 102
13 103
13 104
13 109
13 111
13 113
13 117
13 119
13 122
13 123
13 125
14 1
14 6
14 7
14 11
14 12
14 15
14 18
14 19
14 23
14 27
14 28
14 29
14 32
14 33
14 38
14 39
14 40
14 41
14 42
14 43
14 45
14 52
14 53
14 58
14 59
14 62
14 63
14 64
14 69
14 70
14 72
14 79
14 80
14 81
14 85
14 86
14 87
14 89
14 91
14 98
14 104
14 106
14 109
14 112
14 113
14 114
14 118
14 120
14 122
14 124
14 127
15 0
15 6
15 9
15 10
15 13
15 14
15 15
15 20
15 21
15 25
15 27
15 28
15 31
15 32
15 34
15 36
15 41
15 43
15 46
15 51
15 52
15 56
15 58
15 59
15 64
15 65
15 71
15 72
15 73
15 76
15 79
15 82
15 84
15 86
15 87
15 89
15 90
15 91
15 100
15 101
15 102
15 103
15 107
15 109
15 112
15 115
15 122
15 123
15 126
16 1
16 2
16 4
16 6
16 8
16 10
16 11
16 17
16 19
16 21
16 22
16 23
16 25
16 26
16 27
16 30
16 32
16 41
16 43
16 46
16 48
16 57
16 62
16 63
16 64
16 65
16 70
16 72
16 74
16 75
16 80
16 82
16 84
16 86
16 87
16 89
16 90
16 91
16 92
16 97
16 98
16 101
16 102
16 103
16 105
16 107
16 108
16 109
16 111
16 114
16 115
16 116
16 120
17 1
17 2
17 4
17 7
17 9
17 12
17 14
17 17
17 18
17 22
17 27
17 28
17 31
17 34
17 36
17 37
17 38
17 42
17 43
17 44
17 47
17 51
17 52
17 53
17 54
17 58
17 60
17 62
17 64
17 67
17 70
17 73
17 76
17 77
17 78
17 82
17 85
17 88
17 89
17 90
17 91
17 97
17 103
17 104
17 105
17 107
17 110
17 111
17 121
17 122
17 124
17 126
18 0
18 1
18 7
18 12
18 18
18 19
18 20
18 24
18 25
18 26
18 37
18 39
18 42
18 43
18 44
18 45
18 46
18 48
18 49
18 53
18 55
18 59
18 60
18 61
18 62
18 63
18 64
18 65
18 71
18 75
18 76
18 78
18 82
18 83
18 85
18 87
18 89
18 90
18 94
18 95
18 102
18 105
18 106
18 109
18 111
18 113
18 114
18 117
18 118
18 122
18 124
18 126
18 127
19 2
19 6
19 9
19 12
19 14
19 15
19 17
19 21
19 24
19 26
19 28
19 35
19 36
19 38
19 40
19 41
19 43
19 44
19 46
19 47
19 51
19 52
19 54
19 55
19 57
19 60
19 62
19 66
19 67
19 73
19 75
19 77
19 78
19 81
19 89
19 95
19 98
19 103
19 106
19 107
19 108
19 109
19 112
19 113
19 114
19 115
19 122
19 127
20 1
20 2
20 3
20 4
20 5
20 9
20 10
20 11
20 13
20 18
20 19
20 22
20 24
20 28
20 29
20 32
20 35
20 36
20 37
20 39
20 40
20 41
20 43
20 45
20 48
20 49
20 52
20 53
20 54
20 56
20 60
20 61
20 62
20 63
20 65
20 70
20 71
20 75
20 79
20 80
20 81
20 82
20 96
20 103
20 105
20 107
20 112
20 117
20 118
20 119
20 123
20 125
20 126
21 1
21 2
21 5
21 6
21 8
21 10
21 11
21 12
21 13
21 16
21 19
21 22
21 24
21 28
21 30
21 31
21 32
21 35
21 37
21 41
21 42
21 43
21 46
21 47
21 48
21 50
21 52
21 53
21 54
21 55
21 58
21 59
21 60
21 61
21 64
21 66
21 68
21 73
21 75
21 79
21 81
21 87
21 89
21 91
21 98
21 100
21 102
21 105
21 110
21 113
21 114
21 116
21 117
21 121
21 122
21 126
21 127
22 1
22 5
22 6
22 13
22 15
22 16
22 21
22 22
22 25
22 28
22 29
22 31
22 32
22 34
22 36
22 37
22 38
22 39
22 40
22 43
22 44
22 46
22 49
22 52
22 56
22 60
22 61
22 65
22 66
22 71
22 72
22 74
22 76
22 83
22 84
22 85
22 90
22 92
22 95
22 97
22 98
22 101
22 102
22 103
22 105
22 106
22 108
22 110
22 112
22 116
22 119
22 124
22 126
22 127
23 3
23 5
23 7
23 9
23 10
23 13
23 15
23 18
23 19
23 20
23 21
23 23
23 24
23 27
23 29
23 35
23 38
23 41
23 42
23 47
23 49
23 50
23 54
23 56
23 57
23 58
23 60
23 61
23 63
23 65
23 66
23 67
23 68
23 70
23 72
23 74
23 84
23 87
23 93
23 94
23 99
23 100
23 104
23 106
23 108
23 112
23 114
23 116
23 119
23 122
23 126
24 3
24 5
24 6
24 9
24 12
24 14
24 16
24 19
24 20
24 21
24 24
24 25
24 26
24 39
24 41
24 42
24 43
24 45
24 47
24 48
24 51
24 53
24 56
24 62
24 65
24 71
24 81
24 82
24 87
24 89
24 90
24 94
24 98
24 101
24 103
24 110
24 112
24 114
24 117
24 119
24 125
25 0
25 1
25 6
25 7
25 9
25 10
25 13
25 14
25 15
25 18
25 19
25 24
25 25
25 28
25 33
25 35
25 39
25 43
25 48
25 50
25 54
25 56
25 57
25 60
25 64
25 66
25 68
25 73
25 74
25 75
25 78
25 79
25 80
25 81
25 82
25 84
25 87
25 88
25 89
25 90
25 91
25 94
25 95
25 102
25 103
25 104
25 107
25 109
25 111
25 113
25 117
25 119
25 121
25 124
26 3
26 8
26 9
26 16
26 21
26 22
26 26
26 27
26 28
26 31
26 38
26 39
26 40
26 43
26 44
26 45
26 46
26 47
26 48
26 49
26 51
26 53
26 54
26 56
26 64
26 65
26 68
26 69
26 80
26 81
26 82
26 85
26 86
26 89
26 94
26 97
26 105
26 106
26 108
26 110
26 112
26 115
26 118
26 121
26 125
26 127
27 1
27 6
27 7
27 8
27 10
27 16
27 21
27 25
27 26
27 36
27 43
27 45
27 46
27 49
27 50
27 55
27 60
27 64
27 66
27 67
27 68
27 69
27 71
27 72
27 73
27 75
27 77
27 79
27 81
27 83
27 85
27 90
27 92
27 95
27 96
27 97
27 104
27 109
27 113
27 117
27 119
27 121
27 123
27 127
28 6
28 10
28 11
28 17
28 18
28 20
28 23
28 25
28 31
28 33
28 37
28 40
28 41
28 42
28 44
28 45
28 49
28 51
28 52
28 55
28 58
28 59
28 60
28 64
28 65
28 66
28 69
28 73
28 79
28 81
28 82
28 85
28 86
28 88
28 90
28 92
28 93
28 94
28 98
28 109
28 112
28 115
28 122
28 127
29 0
29 2
29 3
29 4
29 5
29 6
29 9
29 14
29 20
29 26
29 27
29 28
29 34
29 35
29 36
29 38
29 45
29 47
29 49
29 51
29 55
29 57
29 59
29 60
29 62
29 64
29 67
29 69
29 72
29 74
29 75
29 77
29 78
29 80
29 85
29 91
29 92
29 95
29 98
29 99
29 100
29 103
29 107
29 110
29 113
29 116
29 118
29 120
29 126
29 127
30 1
30 2
30 4
30 7
30 10
30 11
30 14
30 18
30 19
30 20
30 21
30 22
30 27
30 29
30 30
30 32
30 34
30 37
30 39
30 40
30 43
30 44
30 45
30 46
30 48
30 50
30 53
30 55
30 56
30 58
30 61
30 62
30 65
30 67
30 69
30 70
30 71
30 72
30 75
30 81
30 86
30 89
30 92
30 94
30 95
30 96
30 97
30 99
30 100
30 102
30 105
30 106
30 110
30 111
30 117
30 118
30 120
30 121
30 122
30 124
30 125
31 0
31 1
31 3
31 4
31 8
31 13
31 15
31 16
31 17
31 19
31 21
31 24
31 26
31 27
31 28
31 29
31 30
31 31
31 32
31 33
31 35
31 37
31 39
31 40
31 44
31 49
31 52
31 53
31 55
31 60
31 62
31 63
31 64
31 69
31 70
31 71
31 75
31 78
31 79
31 82
31 84
31 85
31 86
31 87
31 88
31 89
31 90
31 93
31 97
31 99
31 100
31 102
31 103
31 104
31 111
31 112
31 114
31 115
31 116
31 117
31 118
31 119
31 125
31 126
31 127
32 0
32 1
32 3
32 5
32 8
32 11
32 12
32 17
32 18
32 20
32 21
32 27
32 33
32 34
32 43
32 44
32 45
32 47
32 51
32 52
32 56
32 57
32 62
32 63
32 65
32 67
32 73
32 78
32 82
32 85
32 86
32 87
32 88
32 89
32 91
32 92
32 94
32 95
32 96
32 97
32 99
32 103
32 105
32 108
32 109
32 110
32 114
32 116
33 3
33 5
33 10
33 14
33 16
33 19
33 22
33 24
33 26
33 30
33 33
33 35
33 39
33 41
33 47
33 48
33 50
33 54
33 55
33 58
33 62
33 63
33 64
33 65
33 66
33 71
33 72
33 74
33 76
33 77
33 78
33 81
33 83
33 87
33 88
33 89
33 90
33 91
33 92
33 94
33 95
33 100
33 102
33 105
33 107
33 114
33 115
33 121
33 127
34 2
34 8
34 9
34 10
34 11
34 12
34 17
34 18
34 21
34 23
34 26
34 28
34 29
34 34
34 35
34 36
34 41
34 42
34 47
34 55
34 56
34 65
34 67
34 71
34 75
34 76
34 77
34 80
34 81
34 87
34 88
34 89
34 93
34 94
34 95
34 99
34 105
34 108
34 117
34 118
34 120
34 124
34 126
35 4
35 5
35 6
35 7
35 9
35 10
35 11
35 13
35 16
35 19
35 20
35 21
35 22
35 23
35 27
35 30
35 31
35 32
35 33
35 36
35 39
35 40
35 41
35 43
35 50
35 52
35 58
35 59
35 63
35 65
35 70
35 71
35 72
35 73
35 74
35 76
35 77
35 78
35 79
35 82
35 86
35 88
35 90
35 92
35 93
35 94
35 95
35 99
35 100
35 105
35 107
35 111
35 112
35 113
35 114
35 115
35 119
35 124
35 126
36 0
36 1
36 2
36 3
36 5
36 16
36 21
36 25
36 33
36 35
36 36
36 37
36 40
36 43
36 49
36 50
36 51
36 55
36 57
36 58
36 63
36 66
36 72
36 74
36 77
36 79
36 80
36 81
36 85
36 86
36 87
36 88
36 89
36 91
36 92
36 95
36 97
36 98
36 104
36 105
36 108
36 109
36 111
36 113
36 114
36 119
36 120
36 121
36 122
37 0
37 1
37 3
37 4
37 5
37 9
37 11
37 14
37 17
37 19
37 20
37 22
37 23
37 27
37 33
37 34
37 36
37 37
37 38
37 42
37 43
37 53
37 56
37 57
37 59
37 62
37 63
37 65
37 66
37 69
37 74
37 75
37 76
37 78
37 80
37 81
37 82
37 86
37 87
37 88
37 94
37 99
37 101
37 104
37 106
37 108
37 109
37 110
37 119
37 121
37 123
37 125
37 127
38 2
38 3
38 4
38 5
38 7
38 8
38 11
38 12
38 13
38 15
38 16
38 23
38 24
38 26
38 28
38 31
38 32
38 38
38 40
38 41
38 44
38 45
38 53
38 58
38 60
38 61
38 62
38 63
38 69
38 70
38 76
38 79
38 84
38 85
38 88
38 93
38 94
38 96
38 98
38 101
38 104
38 106
38 107
38 110
38 111
38 112
38 114
38 115
38 116
38 118
38 119
38 122
38 124
38 126
39 0
39 3
39 5
39 8
39 9
39 13
39 14
39 20
39 21
39 22
39 24
39 26
39 27
39 30
39 31
39 32
39 35
39 44
39 48
39 50
39 53
39 55
39 58
39 60
39 62
39 64
39 65
39 68
39 71
39 73
39 79
39 86
39 87
39 89
39 91
39 92
39 93
39 94
39 97
39 98
39 100
39 103
39 104
39 105
39 110
39 112
39 113
39 114
39 115
39 120
39 121
39 123
39 124
39 126
39 127
40 4
40 7
40 10
40 11
40 12
40 18
40 22
40 24
40 25
40 31
40 33
40 41
40 43
40 46
40 47
40 48
40 50
40 55
40 56
40 57
40 59
40 60
40 61
40 63
40 68
40 69
40 71
40 72
40 73
40 74
40 75
40 76
40 79
40 80
40 84
40 86
40 87
40 88
40 89
40 90
40 93
40 97
40 100
40 103
40 105
40 106
40 107
40 108
40 112
40 114
40 116
40 117
40 118
40 119
40 120
40 122
41 3
41 8
41 9
41 12
41 13
41 14
41 18
41 20
41 24
41 26
41 27
41 28
41 29
41 35
41 43
41 44
41 45
41 46
41 52
41 54
41 55
41 57
41 60
41 62
41 63
41 67
41 68
41 69
41 74
41 76
41 78
41 79
41 80
41 83
41 86
41 88
41 90
41 93
41 94
41 98
41 100
41 102
41 109
41 110
41 112
41 121
41 124
41 126
42 4
42 6
42 8
42 17
42 20
42 25
42 27
42 29
42 31
42 35
42 40
42 43
42 44
42 46
42 47
42 49
42 52
42 53
42 55
42 56
42 57
42 58
42 61
42 62
42 65
42 70
42 72
42 81
42 82
42 83
42 87
42 90
42 92
42 93
42 94
42 99
42 101
42 103
42 105
42 113
42 118
42 121
42 122
42 125
42 126
43 2
43 3
43 6
43 7
43 14
43 20
43 21
43 22
43 23
43 24
43 27
43 28
43 29
43 33
43 37
43 39
43 41
43 45
43 46
43 48
43 56
43 57
43 60
43 61
43 62
43 63
43 65
43 67
43 68
43 69
43 70
43 71
43 73
43 75
43 76
43 81
43 82
43 86
43 88
43 90
43 92
43 93
43 95
43 97
43 98
43 100
43 101
43 103
43 104
43 105
43 109
43 119
43 123
44 1
44 6
44 9
44 10
44 12
44 15
44 21
44 22
44 23
44 24
44 25
44 33
44 39
44 41
44 42
44 43
44 45
44 47
44 48
44 53
44 59
44 62
44 64
44 65
44 70
44 73
44 75
44 82
44 84
44 88
44 89
44 91
44 92
44 94
44 95
44 96
44 99
44 102
44 103
44 109
44 110
44 111
44 112
44 113
44 115
44 116
44 118
44 120
44 123
44 126
45 9
45 10
45 13
45 14
45 21
45 22
45 26
45 27
45 29
45 33
45 36
45 41
45 43
45 45
45 46
45 48
45 51
45 52
45 53
45 54
45 57
45 58
45 60
45 62
45 63
45 67
45 69
45 71
45 73
45 74
45 78
45 79
45 80
45 81
45 82
45 84
45 90
45 91
45 92
45 93
45 97
45 103
45 104
45 106
45 107
45 108
45 110
45 112
45 113
45 116
45 117
45 118
45 120
45 122
46 1
46 2
46 5
46 11
46 12
46 13
46 18
46 20
46 22
46 25
46 29
46 30
46 37
46 38
46 44
46 45
46 46
46 47
46 50
46 52
46 54
46 57
46 58
46 60
46 63
46 64
46 66
46 69
46 74
46 75
46 76
46 77
46 80
46 83
46 86
46 88
46 89
46 91
46 95
46 96
46 97
46 99
46 114
46 117
46 118
46 119
46 120
46 123
47 4
47 6
47 9
47 13
47 15
47 17
47 19
47 23
47 26
47 27
47 29
47 30
47 32
47 37
47 39
47 40
47 41
47 43
47 44
47 47
47 49
47 50
47 59
47 60
47 61
47 62
47 69
47 70
47 72
47 74
47 75
47 76
47 79
47 80
47 82
47 85
47 88
47 93
47 107
47 108
47 109
47 122
47 123
47 125
47 126
48 1
48 2
48 9
48 10
48 11
48 12
48 16
48 18
48 19
48 22
48 24
48 29
48 32
48 34
48 35
48 37
48 39
48 40
48 41
48 42
48 43
48 45
48 48
48 49
48 50
48 52
48 53
48 56
48 58
48 59
48 60
48 61
48 62
48 65
48 67
48 69
48 70
48 71
48 72
48 74
48 75
48 77
48 78
48 79
48 82
48 83
48 85
48 87
48 93
48 95
48 96
48 97
48 98
48 100
48 101
48 103
48 104
48 108
48 112
48 114
48 117
48 118
48 119
48 120
48 124
48 127
49 1
49 12
49 13
49 18
49 19
49 22
49 24
49 25
49 26
49 27
49 30
49 31
49 35
49 36
49 37
49 38
49 39
49 41
49 42
49 43
49 45
49 48
49 56
49 57
49 59
49 63
49 66
49 69
49 70
49 72
49 73
49 75
49 78
49 81
49 87
49 88
49 90
49 91
49 94
49 96
49 97
49 101
49 103
49 104
49 106
49 107
49 109
49 110
49 116
49 119
49 122
49 123
49 127
50 0
50 1
50 5
50 11
50 14
50 16
50 18
50 19
50 21
50 23
50 25
50 26
50 28
50 30
50 31
50 32
50 33
50 34
50 35
50 37
50 39
50 41
50 42
50 43
50 44
50 45
50 52
50 55
50 66
50 67
50 70
50 72
50 76
50 79
50 81
50 82
50 83
50 84
50 89
50 91
50 100
50 102
50 107
50 108
50 111
50 112
50 113
50 114
50 115
50 119
50 121
51 0
51 2
51 3
51 4
51 6
51 14
51 15
51 20
51 21
51 23
51 26
51 28
51 31
51 32
51 33
51 34
51 35
51 38
51 39
51 43
51 45
51 46
51 47
51 49
51 50
51 56
51 57
51 60
51 62
51 66
51 70
51 73
51 74
51 78
51 85
51 86
51 88
51 90
51 94
51 98
51 99
51 100
51 101
51 102
51 103
51 104
51 105
51 108
51 118
51 122
51 123
51 125
52 3
52 9
52 10
52 11
52 12
52 14
52 15
52 19
52 21
52 22
52 25
52 27
52 28
52 29
52 30
52 31
52 33
52 36
52 38
52 39
52 40
52 45
52 47
52 48
52 51
52 54
52 55
52 58
52 61
52 63
52 65
52 66
52 71
52 72
52 73
52 74
52 77
52 83
52 89
52 91
52 92
52 93
52 94
52 95
52 96
52 103
52 106
52 108
52 109
52 111
52 116
52 118
52 119
52 125
53 5
53 6
53 7
53 17
53 20
53 21
53 26
53 27
53 28
53 30
53 31
53 32
53 33
53 35
53 36
53 38
53 39
53 44
53 46
53 51
53 52
53 55
53 57
53 61
53 62
53 64
53 65
53 68
53 72
53 74
53 75
53 81
53 87
53 91
53 92
53 93
53 94
53 98
53 103
53 104
53 106
53 108
53 110
53 113
53 116
53 125
53 127
54 0
54 1
54 4
54 6
54 7
54 8
54 10
54 12
54 18
54 19
54 24
54 30
54 31
54 33
54 34
54 35
54 36
54 37
54 38
54 39
54 41
54 43
54 46
54 47
54 49
54 50
54 51
54 53
54 54
54 57
54 59
54 61
54 73
54 79
54 80
54 82
54 83
54 84
54 87
54 88
54 90
54 94
54 95
54 100
54 102
54 103
54 106
54 108
54 113
54 122
54 123
54 126
55 0
55 1
55 2
55 3
55 6
55 7
55 8
55 11
55 13
55 14
55 15
55 18
55 21
55 22
55 23
55 29
55 32
55 33
55 34
55 35
55 36
55 39
55 43
55 44
55 45
55 46
55 47
55 52
55 60
55 63
55 64
55 67
55 68
55 70
55 71
55 72
55 74
55 76
55 81
55 85
55 86
55 92
55 95
55 97
55 98
55 104
55 111
55 113
55 115
55 117
55 123
56 3
56 5
56 9
56 10
56 12
56 14
56 15
56 18
56 19
56 24
56 26
56 31
56 34
56 35
56 43
56 52
56 55
56 56
56 57
56 58
56 60
56 61
56 65
56 66
56 70
56 76
56 80
56 81
56 83
56 87
56 91
56 94
56 102
56 104
56 105
56 107
56 111
56 122
56 123
56 124
56 126
57 0
57 4
57 7
57 8
57 9
57 10
57 18
57 20
57 23
57 24
57 25
57 27
57 30
57 31
57 32
57 33
57 35
57 37
57 38
57 44
57 48
57 50
57 53
57 54
57 56
57 57
57 58
57 61
57 67
57 69
57 71
57 74
57 77
57 79
57 82
57 83
57 85
57 96
57 101
57 102
57 107
57 110
57 111
57 114
57 116
57 117
57 118
57 119
57 121
57 125
57 126
57 127
58 1
58 2
58 8
58 10
58 17
58 19
58 21
58 23
58 27
58 32
58 34
58 40
58 44
58 48
58 50
58 53
58 54
58 58
58 62
58 66
58 73
58 75
58 79
58 80
58 81
58 83
58 84
58 86
58 88
58 89
58 90
58 93
58 95
58 96
58 101
58 102
58 109
58 111
58 114
58 115
58 116
58 121
58 123
58 124
59 4
59 8
59 12
59 13
59 15
59 16
59 17
59 18
59 19
59 24
59 25
59 30
59 32
59 33
59 36
59 37
59 39
59 40
59 43
59 44
59 45
59 50
59 51
59 53
59 55
59 56
59 58
59 59
59 60
59 61
59 62
59 64
59 65
59 66
59 69
59 71
59 73
59 78
59 80
59 81
59 85
59 86
59 87
59 89
59 91
59 92
59 94
59 95
59 96
59 97
59 98
59 99
59 100
59 101
59 107
59 111
59 113
59 114
59 116
59 117
59 118
59 120
59 123
59 124
59 125
60 2
60 3
60 4
60 5
60 6
60 7
60 8
60 9
60 10
60 11
60 15
60 17
60 20
60 21
60 23
60 25
60 26
60 28
60 30
60 31
60 32
60 36
60 42
60 48
60 50
60 51
60 61
60 62
60 63
60 64
60 69
60 71
60 72
60 73
60 74
60 76
60 80
60 84
60 87
60 90
60 92
60 93
60 95
60 97
60 98
60 102
60 103
60 104
60 107
60 110
60 111
60 117
60 118
60 121
60 122
60 126
61 0
61 2
61 5
61 8
61 9
61 10
61 12
61 13
61 16
61 19
61 24
61 31
61 32
61 33
61 35
61 36
61 43
61 44
61 45
61 47
61 53
61 57
61 59
61 62
61 68
61 69
61 70
61 73
61 75
61 76
61 78
61 83
61 84
61 90
61 92
61 93
61 94
61 98
61 101
61 103
61 107
61 108
61 111
61 122
61 123
61 124
61 125
62 0
62 1
62 4
62 10
62 12
62 13
62 17
62 19
62 20
62 23
62 24
62 26
62 27
62 32
62 39
62 40
62 41
62 43
62 47
62 48
62 51
62 54
62 58
62 59
62 62
62 66
62 69
62 71
62 73
62 74
62 77
62 79
62 80
62 81
62 84
62 90
62 91
62 92
62 93
62 94
62 98
62 100
62 102
62 106
62 112
62 115
62 116
62 117
62 118
62 124
63 1
63 4
63 6
63 9
63 11
63 13
63 14
63 19
63 21
63 22
63 23
63 25
63 26
63 27
63 28
63 31
63 32
63 35
63 36
63 39
63 41
63 46
63 49
63 51
63 53
63 54
63 56
63 58
63 59
63 60
63 64
63 65
63 69
63 71
63 72
63 74
63 75
63 76
63 77
63 78
63 79
63 82
63 84
63 86
63 87
63 89
63 94
63 95
63 97
63 101
63 103
63 105
63 106
63 107
63 109
63 110
63 115
63 118
63 121
63 122
63 123
63 125
63 127
64 0
64 1
64 4
64 5
64 6
64 10
64 13
64 15
64 16
64 18
64 19
64 20
64 22
64 27
64 28
64 32
64 33
64 40
64 41
64 43
64 44
64 45
64 47
64 48
64 52
64 53
64 54
64 55
64 57
64 59
64 64
64 66
64 68
64 70
64 71
64 75
64 76
64 78
64 81
64 85
64 86
64 90
64 93
64 95
64 96
64 98
64 99
64 105
64 107
64 111
64 112
64 113
64 116
64 117
64 118
64 119
64 121
64 122
64 124
64 126
64 127
65 0
65 3
65 5
65 9
65 12
65 13
65 17
65 19
65 22
65 24
65 26
65 30
65 31
65 33
65 34
65 38
65 41
65 44
65 45
65 47
65 51
65 52
65 55
65 57
65 58
65 60
65 62
65 63
65 64
65 66
65 69
65 81
65 85
65 88
65 91
65 99
65 102
65 103
65 104
65 108
65 113
65 114
65 116
65 117
65 118
65 120
65 121
65 122
65 123
66 1
66 2
66 7
66 8
66 9
66 10
66 11
66 20
66 21
66 24
66 29
66 31
66 34
66 35
66 37
66 38
66 40
66 42
66 46
66 53
66 57
66 59
66 60
66 63
66 64
66 65
66 70
66 71
66 72
66 77
66 78
66 79
66 84
66 85
66 93
66 94
66 95
66 100
66 105
66 107
66 109
66 110
66 115
66 116
66 124
66 125
67 5
67 6
67 7
67 12
67 15
67 16
67 18
67 21
67 24
67 25
67 30
67 32
67 34
67 35
67 36
67 37
67 39
67 41
67 42
67 44
67 46
67 48
67 49
67 52
67 59
67 61
67 64
67 67
67 72
67 73
67 80
67 83
67 85
67 94
67 97
67 99
67 100
67 102
67 104
67 107
67 108
67 109
67 110
67 115
67 119
67 122
67 123
67 124
67 127
68 4
68 7
68 10
68 12
68 14
68 16
68 18
68 19
68 28
68 32
68 33
68 38
68 41
68 43
68 46
68 47
68 50
68 54
68 56
68 57
68 58
68 61
68 62
68 64
68 65
68 66
68 70
68 71
68 73
68 79
68 81
68 86
68 88
68 89
68 90
68 92
68 99
68 100
68 101
68 106
68 110
68 111
68 113
68 116
68 117
68 120
68 121
68 123
68 124
68 125
68 126
69 0
69 3
69 5
69 6
69 8
69 9
69 14
69 18
69 19
69 20
69 22
69 24
69 26
69 33
69 41
69 42
69 44
69 46
69 51
69 58
69 61
69 64
69 65
69 67
69 71
69 73
69 74
69 75
69 77
69 78
69 80
69 81
69 85
69 88
69 89
69 90
69 91
69 92
69 93
69 96
69 99
69 101
69 104
69 106
69 108
69 110
69 114
69 118
69 120
69 121
69 122
69 124
69 125
69 126
70 1
70 2
70 3
70 11
70 13
70 14
70 15
70 16
70 22
70 27
70 29
70 32
70 33
70 36
70 38
70 39
70 40
70 42
70 43
70 44
70 46
70 49
70 52
70 53
70 56
70 60
70 63
70 65
70 66
70 67
70 69
70 70
70 71
70 73
70 78
70 79
70 82
70 85
70 86
70 87
70 89
70 91
70 95
70 98
70 99
70 101
70 103
70 105
70 106
70 110
70 114
70 115
70 116
70 118
70 119
70 122
70 125
70 126
70 127
71 4
71 6
71 10
71 11
71 12
71 17
71 23
71 25
71 28
71 29
71 30
71 31
71 32
71 36
71 39
71 40
71 42
71 43
71 44
71 47
71 48
71 49
71 52
71 63
71 64
71 65
71 69
71 70
71 76
71 77
71 82
71 83
71 85
71 87
71 90
71 92
71 94
71 99
71 102
71 104
71 107
71 108
71 109
71 111
71 112
71 113
71 114
71 116
71 117
71 118
71 120
71 124
71 126
72 2
72 9
72 11
72 13
72 15
72 16
72 17
72 18
72 20
72 21
72 22
72 23
72 24
72 25
72 26
72 30
72 31
72 32
72 36
72 37
72 39
72 40
72 43
72 45
72 47
72 49
72 51
72 53
72 54
72 58
72 64
72 75
72 76
72 77
72 79
72 83
72 84
72 86
72 87
72 88
72 89
72 91
72 94
72 98
72 99
72 104
72 106
72 107
72 109
72 112
72 113
72 118
72 121
72 122
72 124
72 126
73 0
73 2
73 3
73 4
73 6
73 8
73 10
73 11
73 12
73 13
73 20
73 28
73 31
73 35
73 36
73 39
73 43
73 45
73 46
73 49
73 50
73 51
73 54
73 57
73 60
73 61
73 62
73 63
73 69
73 70
73 71
73 74
73 78
73 80
73 82
73 87
73 88
73 94
73 96
73 97
73 98
73 99
73 100
73 101
73 105
73 106
73 107
73 110
73 111
73 120
73 124
74 3
74 5
74 6
74 8
74 9
74 13
74 15
74 17
74 18
74 20
74 21
74 23
74 24
74 25
74 28
74 29
74 30
74 33
74 35
74 36
74 37
74 41
74 42
74 44
74 47
74 49
74 50
74 52
74 54
74 55
74 58
74 59
74 61
74 64
74 67
74 70
74 72
74 73
74 75
74 76
74 77
74 78
74 82
74 89
74 90
74 92
74 93
74 94
74 96
74 97
74 98
74 100
74 101
74 105
74 106
74 108
74 113
74 116
74 121
74 123
74 126
75 2
75 3
75 5
75 6
75 8
75 9
75 11
75 18
75 19
75 20
75 21
75 24
75 25
75 26
75 31
75 32
75 35
75 37
75 43
75 44
75 46
75 47
75 51
75 57
75 61
75 66
75 67
75 68
75 71
75 73
75 77
75 78
75 79
75 81
75 83
75 85
75 86
75 89
75 90
75 94
75 97
75 100
75 102
75 103
75 108
75 117
75 119
75 120
75 122
75 124
75 125
76 7
76 10
76 13
76 15
76 18
76 23
76 25
76 27
76 28
76 35
76 37
76 38
76 39
76 42
76 43
76 46
76 50
76 56
76 62
76 64
76 67
76 70
76 72
76 74
76 76
76 80
76 81
76 91
76 95
76 98
76 101
76 103
76 104
76 107
76 108
76 112
76 113
76 115
76 122
76 124
76 125
76 127
77 4
77 5
77 8
77 9
77 14
77 15
77 16
77 17
77 20
77 23
77 24
77 27
77 29
77 30
77 34
77 35
77 36
77 37
77 38
77 41
77 48
77 51
77 52
77 53
77 54
77 57
77 58
77 60
77 62
77 66
77 68
77 70
77 73
77 78
77 79
77 80
77 81
77 82
77 86
77 90
77 92
77 93
77 96
77 98
77 99
77 101
77 104
77 105
77 106
77 108
77 117
77 118
77 121
77 122
77 126
78 0
78 5
78 6
78 8
78 9
78 11
78 12
78 13
78 14
78 15
78 16
78 19
78 20
78 21
78 22
78 23
78 24
78 26
78 32
78 33
78 35
78 41
78 42
78 46
78 48
78 53
78 54
78 55
78 56
78 59
78 60
78 65
78 66
78 68
78 70
78 72
78 73
78 83
78 85
78 86
78 91
78 92
78 93
78 95
78 97
78 99
78 101
78 103
78 104
78 106
78 109
78 110
78 113
78 118
78 125
78 126
78 127
79 1
79 5
79 15
79 17
79 26
79 34
79 35
79 38
79 39
79 41
79 44
79 45
79 48
79 54
79 56
79 57
79 60
79 61
79 63
79 64
79 67
79 69
79 74
79 76
79 78
79 83
79 84
79 85
79 86
79 94
79 101
79 103
79 108
79 109
79 111
79 112
79 115
79 116
79 117
79 118
79 123
79 125
79 126
80 0
80 1
80 10
80 12
80 15
80 17
80 18
80 20
80 22
80 23
80 24
80 26
80 27
80 28
80 29
80 33
80 34
80 39
80 42
80 45
80 46
80 48
80 51
80 53
80 56
80 57
80 58
80 67
80 68
80 78
80 81
80 82
80 84
80 85
80 86
80 88
80 89
80 90
80 91
80 94
80 99
80 101
80 102
80 104
80 107
80 113
80 115
80 118
81 1
81 4
81 6
81 8
81 10
81 12
81 13
81 15
81 18
81 19
81 20
81 21
81 23
81 25
81 27
81 29
81 30
81 36
81 38
81 39
81 40
81 41
81 44
81 52
81 57
81 59
81 60
81 64
81 67
81 70
81 73
81 78
81 83
81 84
81 85
81 88
81 92
81 97
81 101
81 102
81 103
81 105
81 107
81 108
81 110
81 111
81 112
81 113
81 114
81 116
81 118
81 119
81 121
81 122
81 123
82 2
82 3
82 5
82 10
82 14
82 15
82 17
82 19
82 20
82 21
82 22
82 23
82 25
82 30
82 32
82 39
82 40
82 42
82 49
82 53
82 55
82 57
82 64
82 66
82 67
82 73
82 80
82 81
82 83
82 85
82 86
82 87
82 89
82 93
82 94
82 101
82 102
82 103
82 107
82 108
82 113
82 115
82 117
82 121
82 123
82 124
82 126
82 127
83 1
83 5
83 6
83 12
83 14
83 16
83 18
83 20
83 24
83 26
83 30
83 32
83 34
83 35
83 36
83 37
83 38
83 42
83 44
83 46
83 50
83 51
83 52
83 53
83 54
83 55
83 63
83 69
83 71
83 72
83 81
83 82
83 84
83 85
83 89
83 90
83 93
83 94
83 95
83 97
83 100
83 102
83 104
83 109
83 114
83 115
83 117
83 118
83 119
83 124
83 125
83 126
84 0
84 1
84 4
84 6
84 7
84 8
84 13
84 14
84 17
84 20
84 30
84 34
84 35
84 43
84 44
84 49
84 52
84 53
84 58
84 59
84 62
84 65
84 69
84 70
84 71
84 76
84 77
84 84
84 85
84 87
84 88
84 90
84 94
84 97
84 99
84 101
84 105
84 113
84 115
84 116
84 117
84 119
84 120
84 122
84 125
85 2
85 3
85 4
85 5
85 7
85 8
85 15
85 16
85 19
85 31
85 32
85 34
85 35
85 36
85 38
85 45
85 46
85 47
85 50
85 51
85 52
85 53
85 55
85 63
85 64
85 70
85 71
85 74
85 78
85 81
85 83
85 85
85 89
85 92
85 99
85 100
85 107
85 109
85 110
85 115
85 117
85 119
85 123
85 126
85 127
86 7
86 9
86 10
86 12
86 13
86 18
86 19
86 21
86 22
86 27
86 28
86 30
86 32
86 35
86 36
86 42
86 44
86 46
86 50
86 52
86 53
86 55
86 56
86 58
86 65
86 66
86 69
86 72
86 73
86 74
86 79
86 81
86 82
86 83
86 84
86 88
86 90
86 92
86 94
86 96
86 97
86 98
86 101
86 105
86 106
86 107
86 114
86 115
86 116
86 120
86 123
86 126
87 2
87 3
87 8
87 16
87 18
87 23
87 26
87 29
87 31
87 33
87 34
87 35
87 41
87 44
87 51
87 56
87 59
87 60
87 62
87 65
87 68
87 69
87 71
87 72
87 73
87 77
87 78
87 79
87 80
87 81
87 88
87 90
87 91
87 92
87 95
87 97
87 99
87 100
87 103
87 108
87 110
87 114
87 115
87 116
87 117
87 119
87 125
87 126
88 2
88 3
88 5
88 11
88 12
88 14
88 15
88 18
88 20
88 23
88 25
88 27
88 28
88 31
88 32
88 33
88 38
88 40
88 41
88 42
88 49
88 50
88 51
88 57
88 58
88 63
88 64
88 68
88 71
88 74
88 75
88 76
88 79
88 84
88 87
88 88
88 91
88 92
88 95
88 100
88 101
88 102
88 103
88 112
88 114
88 122
88 124
89 0
89 1
89 3
89 4
89 5
89 6
89 7
89 8
89 9
89 10
89 13
89 14
89 17
89 18
89 24
89 26
89 32
89 33
89 34
89 39
89 42
89 43
89 48
89 49
89 50
89 54
89 56
89 58
89 59
89 60
89 66
89 67
89 68
89 73
89 77
89 78
89 85
89 86
89 88
89 89
89 95
89 97
89 101
89 102
89 103
89 106
89 107
89 109
89 111
89 112
89 113
89 114
89 117
89 119
89 122
89 124
90 0
90 1
90 2
90 6
90 13
90 14
90 15
90 17
90 18
90 19
90 21
90 23
90 25
90 29
90 30
90 31
90 32
90 35
90 36
90 37
90 46
90 48
90 49
90 51
90 59
90 61
90 62
90 63
90 65
90 68
90 74
90 78
90 79
90 80
90 82
90 84
90 85
90 86
90 87
90 90
90 93
90 94
90 96
90 100
90 102
90 110
90 111
90 112
90 117
90 118
90 120
90 123
90 124
90 125
90 126
91 1
91 8
91 13
91 14
91 18
91 25
91 29
91 30
91 33
91 41
91 43
91 50
91 57
91 58
91 59
91 60
91 61
91 64
91 65
91 74
91 75
91 76
91 78
91 83
91 84
91 85
91 86
91 89
91 91
91 92
91 93
91 98
91 99
91 100
91 106
91 114
91 120
91 122
91 123
91 124
92 0
92 2
92 3
92 4
92 7
92 9
92 17
92 18
92 19
92 22
92 25
92 28
92 29
92 30
92 31
92 32
92 34
92 36
92 38
92 45
92 47
92 50
92 51
92 52
92 58
92 60
92 61
92 64
92 67
92 68
92 72
92 73
92 75
92 77
92 79
92 84
92 85
92 88
92 94
92 95
92 97
92 98
92 100
92 102
92 104
92 105
92 106
92 107
92 111
92 112
92 119
92 123
92 126
92 127
93 1
93 3
93 6
93 8
93 9
93 10
93 12
93 15
93 18
93 19
93 21
93 22
93 35
93 39
93 41
93 43
93 46
93 47
93 49
93 50
93 53
93 55
93 57
93 62
93 67
93 68
93 72
93 74
93 75
93 76
93 81
93 82
93 83
93 86
93 87
93 95
93 97
93 98
93 109
93 110
93 112
93 113
93 116
93 118
93 120
93 127
94 1
94 3
94 5
94 6
94 12
94 17
94 20
94 21
94 25
94 28
94 30
94 31
94 32
94 34
94 41
94 42
94 46
94 48
94 49
94 53
94 56
94 57
94 59
94 60
94 62
94 63
94 64
94 66
94 69
94 71
94 74
94 84
94 85
94 87
94 89
94 90
94 94
94 96
94 97
94 98
94 99
94 104
94 106
94 109
94 110
94 113
94 115
94 119
94 121
94 122
94 124
94 127
95 2
95 5
95 8
95 9
95 10
95 16
95 17
95 20
95 22
95 23
95 26
95 28
95 30
95 34
95 35
95 38
95 42
95 51
95 55
95 59
95 61
95 65
95 66
95 68
95 76
95 81
95 82
95 84
95 89
95 91
95 93
95 97
95 100
95 107
95 109
95 110
95 115
95 118
95 121
95 122
96 3
96 4
96 9
96 10
96 11
96 13
96 15
96 16
96 17
96 21
96 23
96 24
96 25
96 27
96 28
96 33
96 34
96 37
96 41
96 42
96 44
96 51
96 52
96 58
96 60
96 65
96 66
96 69
96 71
96 73
96 74
96 75
96 77
96 81
96 82
96 84
96 87
96 89
96 91
96 92
96 96
96 97
96 100
96 104
96 105
96 110
96 111
96 114
96 119
96 120
96 121
96 126
97 3
97 5
97 6
97 9
97 10
97 13
97 14
97 15
97 17
97 18
97 19
97 23
97 28
97 29
97 31
97 32
97 38
97 39
97 43
97 44
97 46
97 50
97 52
97 53
97 54
97 56
97 59
97 61
97 63
97 64
97 65
97 67
97 69
97 74
97 75
97 80
97 88
97 89
97 90
97 91
97 95
97 97
97 98
97 99
97 100
97 102
97 105
97 107
97 109
97 116
97 118
97 119
97 121
97 122
97 123
98 0
98 1
98 7
98 8
98 11
98 15
98 16
98 20
98 23
98 30
98 31
98 33
98 36
98 37
98 44
98 45
98 50
98 58
98 63
98 64
98 65
98 66
98 71
98 72
98 75
98 79
98 80
98 81
98 84
98 86
98 88
98 89
98 92
98 95
98 99
98 100
98 101
98 102
98 103
98 104
98 113
98 116
98 117
98 120
98 122
98 127
99 0
99 2
99 5
99 6
99 11
99 15
99 17
99 19
99 20
99 24
99 25
99 27
99 32
99 33
99 38
99 41
99 42
99 45
99 46
99 47
99 51
99 54
99 56
99 64
99 65
99 66
99 68
99 69
99 75
99 77
99 84
99 87
99 94
99 97
99 100
99 105
99 106
99 111
99 113
99 114
99 117
99 118
99 121
100 0
100 2
100 9
100 10
100 11
100 12
100 14
100 16
100 17
100 18
100 19
100 24
100 29
100 30
100 31
100 39
100 40
100 45
100 50
100 51
100 53
100 54
100 55
100 56
100 58
100 59
100 67
100 71
100 72
100 83
100 85
100 89
100 92
100 99
100 102
100 103
100 104
100 105
100 106
100 108
100 110
100 111
100 112
100 114
100 115
100 116
100 119
100 121
100 122
100 123
100 127
101 0
101 1
101 2
101 4
101 5
101 6
101 9
101 10
101 15
101 22
101 26
101 27
101 28
101 32
101 34
101 37
101 39
101 41
101 42
101 44
101 45
101 46
101 47
101 48
101 50
101 59
101 60
101 61
101 62
101 67
101 68
101 70
101 71
101 72
101 78
101 83
101 84
101 87
101 88
101 93
101 94
101 95
101 96
101 97
101 98
101 99
101 100
101 102
101 104
101 107
101 108
101 112
101 113
101 114
101 116
101 120
101 122
101 127
102 1
102 3
102 4
102 5
102 8
102 9
102 11
102 13
102 14
102 16
102 20
102 22
102 24
102 25
102 31
102 32
102 33
102 36
102 39
102 40
102 41
102 42
102 43
102 45
102 46
102 48
102 52
102 55
102 64
102 67
102 70
102 71
102 72
102 73
102 77
102 79
102 85
102 87
102 90
102 95
102 99
102 100
102 103
102 104
102 105
102 107
102 109
102 113
102 114
102 115
102 118
102 120
102 122
102 127
103 1
103 2
103 8
103 9
103 11
103 13
103 15
103 16
103 19
103 23
103 25
103 27
103 28
103 38
103 39
103 42
103 43
103 48
103 49
103 51
103 53
103 59
103 61
103 67
103 73
103 76
103 80
103 81
103 82
103 84
103 86
103 87
103 88
103 90
103 91
103 93
103 95
103 97
103 98
103 100
103 102
103 103
103 104
103 105
103 110
103 114
103 117
103 118
103 119
103 120
103 121
103 124
103 125
103 127
104 0
104 3
104 4
104 11
104 13
104 14
104 15
104 17
104 18
104 19
104 21
104 22
104 23
104 31
104 33
104 37
104 39
104 41
104 42
104 43
104 44
104 45
104 46
104 48
104 53
104 55
104 57
104 60
104 61
104 62
104 65
104 67
104 69
104 72
104 74
104 75
104 76
104 78
104 82
104 86
104 90
104 93
104 95
104 96
104 98
104 99
104 105
104 109
104 115
104 116
104 119
104 122
104 125
105 0
105 4
105 10
105 12
105 14
105 19
105 31
105 32
105 34
105 38
105 39
105 41
105 50
105 51
105 52
105 53
105 56
105 57
105 58
105 62
105 64
105 68
105 69
105 70
105 71
105 73
105 76
105 79
105 80
105 82
105 84
105 85
105 87
105 89
105 92
105 93
105 96
105 98
105 100
105 104
105 105
105 111
105 117
105 118
105 124
105 126
105 127
106 0
106 2
106 4
106 6
106 8
106 12
106 19
106 20
106 25
106 28
106 31
106 32
106 34
106 35
106 37
106 38
106 45
106 46
106 49
106 54
106 57
106 58
106 60
106 62
106 64
106 67
106 68
106 71
106 76
106 79
106 80
106 81
106 84
106 90
106 91
106 92
106 95
106 96
106 97
106 98
106 99
106 102
106 103
106 105
106 107
106 108
106 116
106 119
106 121
106 125
107 0
107 13
107 21
107 26
107 27
107 29
107 30
107 31
107 34
107 38
107 43
107 45
107 47
107 48
107 51
107 52
107 56
107 57
107 60
107 62
107 64
107 65
107 71
107 74
107 75
107 77
107 79
107 81
107 82
107 83
107 85
107 95
107 97
107 106
107 108
107 109
107 112
107 114
107 117
107 119
107 121
107 124
107 127
108 1
108 2
108 5
108 12
108 17
108 18
108 20
108 22
108 23
108 24
108 26
108 28
108 29
108 30
108 33
108 34
108 35
108 36
108 39
108 44
108 49
108 50
108 52
108 55
108 56
108 57
108 58
108 61
108 63
108 66
108 70
108 74
108 77
108 81
108 93
108 95
108 96
108 101
108 102
108 103
108 104
108 107
108 113
108 114
108 115
108 116
108 119
108 123
108 125
109 4
109 9
109 11
109 12
109 13
109 14
109 18
109 23
109 25
109 26
109 30
109 32
109 34
109 35
109 36
109 38
109 40
109 41
109 45
109 47
109 50
109 54
109 56
109 65
109 66
109 70
109 71
109 73
109 75
109 77
109 78
109 83
109 87
109 88
109 90
109 91
109 92
109 93
109 94
109 95
109 96
109 101
109 102
109 105
109 106
109 107
109 108
109 113
109 115
109 116
109 117
109 118
109 119
109 120
109 121
109 123
109 124
109 125
109 127
110 0
110 8
110 10
110 12
110 13
110 14
110 16
110 18
110 19
110 21
110 27
110 31
110 34
110 36
110 37
110 40
110 41
110 42
110 43
110 45
110 47
110 49
110 50
110 52
110 53
110 54
110 55
110 59
110 61
110 62
110 71
110 74
110 75
110 80
110 83
110 84
110 85
110 86
110 88
110 89
110 92
110 93
110 94
110 95
110 97
110 98
110 101
110 102
110 104
110 105
110 109
110 113
110 114
110 117
110 119
110 120
110 121
110 122
111 4
111 8
111 9
111 11
111 17
111 18
111 20
111 22
111 23
111 26
111 28
111 31
111 32
111 34
111 37
111 38
111 41
111 44
111 47
111 49
111 51
111 52
111 56
111 64
111 66
111 68
111 73
111 74
111 75
111 76
111 83
111 86
111 87
111 88
111 90
111 92
111 99
111 101
111 104
111 107
111 108
111 110
111 112
111 113
111 116
111 118
111 119
111 121
111 123
111 125
111 126
112 1
112 9
112 14
112 15
112 18
112 19
112 20
112 24
112 25
112 26
112 27
112 29
112 31
112 33
112 36
112 38
112 40
112 43
112 44
112 45
112 48
112 49
112 51
112 52
112 56
112 57
112 59
112 60
112 61
112 65
112 67
112 69
112 82
112 83
112 86
112 87
112 88
112 92
112 96
112 102
112 103
112 104
112 106
112 112
112 113
112 115
112 116
112 122
112 124
113 5
113 6
113 14
113 15
113 17
113 19
113 21
113 23
113 24
113 26
113 27
113 32
113 34
113 38
113 39
113 51
113 55
113 58
113 59
113 60
113 61
113 62
113 63
113 65
113 76
113 77
113 78
113 82
113 83
113 88
113 91
113 92
113 94
113 95
113 97
113 99
113 100
113 102
113 103
113 108
113 116
113 117
113 119
113 120
113 121
113 122
113 124
113 125
113 126
114 6
114 11
114 13
114 14
114 15
114 18
114 19
114 25
114 27
114 29
114 30
114 31
114 35
114 36
114 37
114 38
114 39
114 40
114 41
114 53
114 54
114 55
114 62
114 65
114 66
114 67
114 69
114 70
114 71
114 72
114 74
114 78
114 79
114 81
114 82
114 86
114 92
114 95
114 96
114 102
114 106
114 107
114 108
114 114
114 116
114 118
114 119
114 122
114 123
114 124
115 0
115 1
115 2
115 3
115 10
115 12
115 14
115 16
115 19
115 22
115 25
115 26
115 27
115 29
115 35
115 36
115 43
115 46
115 52
115 58
115 59
115 64
115 65
115 66
115 67
115 72
115 73
115 74
115 78
115 79
115 80
115 82
115 84
115 85
115 86
115 92
115 93
115 97
115 99
115 102
115 109
115 111
115 112
115 113
115 115
115 120
115 121
115 122
115 125
116 2
116 6
116 8
116 12
116 13
116 14
116 15
116 16
116 17
116 18
116 19
116 20
116 23
116 24
116 26
116 30
116 32
116 34
116 35
116 36
116 37
116 38
116 39
116 40
116 42
116 43
116 47
116 49
116 57
116 58
116 59
116 62
116 63
116 65
116 66
116 69
116 78
116 81
116 82
116 84
116 85
116 86
116 87
116 90
116 92
116 93
116 94
116 95
116 96
116 97
116 98
116 100
116 101
116 102
116 113
116 116
116 119
116 123
117 1
117 3
117 9
117 10
117 12
117 13
117 14
117 16
117 19
117 20
117 21
117 24
117 27
117 35
117 39
117 41
117 47
117 51
117 54
117 61
117 63
117 64
117 66
117 71
117 73
117 74
117 77
117 79
117 80
117 82
117 84
117 86
117 87
117 90
117 92
117 94
117 101
117 104
117 113
117 115
117 116
117 125
118 1
118 3
118 9
118 11
118 14
118 20
118 23
118 27
118 32
118 33
118 34
118 38
118 40
118 42
118 45
118 46
118 51
118 53
118 55
118 56
118 58
118 59
118 60
118 62
118 64
118 65
118 67
118 70
118 72
118 75
118 78
118 82
118 86
118 87
118 90
118 92
118 94
118 97
118 101
118 102
118 103
118 104
118 106
118 107
118 111
118 114
118 116
118 118
118 120
118 123
118 124
118 125
118 127
119 1
119 2
119 3
119 6
119 7
119 10
119 18
119 19
119 21
119 22
119 23
119 24
119 29
119 35
119 37
119 39
119 40
119 42
119 44
119 45
119 46
119 49
119 51
119 52
119 56
119 57
119 61
119 62
119 66
119 70
119 72
119 74
119 76
119 78
119 79
119 82
119 86
119 87
119 90
119 92
119 96
119 97
119 98
119 99
119 102
119 104
119 114
119 120
119 121
119 123
119 125
120 3
120 4
120 5
120 16
120 19
120 22
120 23
120 24
120 27
120 29
120 32
120 36
120 40
120 41
120 46
120 49
120 51
120 52
120 54
120 56
120 58
120 60
120 61
120 67
120 69
120 70
120 72
120 77
120 78
120 80
120 81
120 82
120 84
120 86
120 93
120 97
120 99
120 101
120 102
120 103
120 105
120 107
120 108
120 109
120 111
120 113
120 114
120 115
120 116
120 118
120 120
121 4
121 5
121 10
121 11
121 13
121 20
121 22
121 28
121 30
121 32
121 36
121 39
121 40
121 41
121 42
121 44
121 50
121 53
121 54
121 55
121 57
121 59
121 64
121 67
121 68
121 69
121 74
121 77
121 78
121 80
121 82
121 84
121 86
121 88
121 89
121 91
121 92
121 102
121 106
121 107
121 109
121 110
121 117
121 118
121 121
121 122
122 2
122 3
122 6
122 13
122 14
122 15
122 16
122 17
122 22
122 24
122 25
122 27
122 28
122 29
122 30
122 32
122 33
122 35
122 38
122 39
122 40
122 41
122 42
122 43
122 46
122 47
122 48
122 49
122 51
122 52
122 53
122 57
122 59
122 62
122 65
122 67
122 69
122 74
122 75
122 78
122 80
122 82
122 84
122 86
122 88
122 90
122 94
122 99
122 101
122 103
122 106
122 107
122 110
122 111
122 112
122 113
122 115
122 116
122 117
122 119
122 121
122 124
122 125
123 5
123 6
123 10
123 15
123 16
123 19
123 20
123 21
123 29
123 30
123 33
123 34
123 35
123 39
123 46
123 48
123 50
123 52
123 59
123 63
123 70
123 74
123 75
123 79
123 81
123 82
123 85
123 88
123 89
123 95
123 101
123 102
123 104
123 105
123 108
123 110
123 111
123 112
123 113
123 119
123 120
124 0
124 2
124 6
124 7
124 8
124 21
124 23
124 26
124 33
124 41
124 43
124 45
124 46
124 49
124 50
124 57
124 58
124 60
124 71
124 75
124 79
124 80
124 82
124 83
124 84
124 85
124 87
124 90
124 94
124 99
124 100
124 102
124 103
124 110
124 111
124 113
124 114
124 117
124 118
124 120
124 121
124 122
124 124
124 127
125 2
125 3
125 12
125 13
125 14
125 16
125 18
125 22
125 26
125 28
125 33
125 41
125 45
125 46
125 47
125 48
125 49
125 52
125 54
125 60
125 63
125 69
125 71
125 72
125 73
125 74
125 82
125 83
125 89
125 92
125 93
125 94
125 98
125 102
125 109
125 113
125 118
125 119
125 123
125 125
125 127
126 0
126 1
126 2
126 4
126 8
126 9
126 11
126 14
126 15
126 16
126 20
126 23
126 24
126 25
126 26
126 29
126 30
126 31
126 32
126 36
126 38
126 40
126 44
126 45
126 47
126 53
126 57
126 61
126 62
126 67
126 69
126 70
126 71
126 73
126 74
126 75
126 76
126 82
126 83
126 85
126 86
126 87
126 92
126 94
126 96
126 97
126 98
126 101
126 102
126 107
126 113
126 117
126 120
126 121
126 124
126 126
127 0
127 2
127 3
127 5
127 6
127 7
127 8
127 9
127 12
127 15
127 16
127 17
127 19
127 20
127 23
127 29
127 30
127 33
127 34
127 35
127 37
127 38
127 39
127 40
127 43
127 49
127 53
127 54
127 57
127 60
127 63
127 66
127 69
127 71
127 73
127 74
127 78
127 84
127 85
127 90
127 91
127 95
127 96
127 98
127 102
127 103
127 106
127 111
127 115
127 116
127 118
127 120
127 121
127 123
127 127
