0 15
0 30
0 31
0 34
0 41
0 44
0 51
0 76
0 86
0 89
0 97
0 106
0 109
0 110
0 112
1 7
1 13
1 29
1 58
1 95
1 122
2 18
2 20
2 25
2 29
2 32
2 39
2 49
2 62
2 72
2 80
2 107
2 117
2 122
2 123
2 124
2 126
3 21
3 34
3 41
3 67
3 88
3 90
3 97
3 100
3 102
3 117
3 119
3 122
3 125
3 127
4 22
4 29
4 40
4 42
4 46
4 47
4 53
4 69
4 81
4 84
4 86
4 107
4 120
5 4
5 8
5 9
5 11
5 15
5 18
5 22
5 24
5 52
5 56
5 57
5 61
5 62
5 71
5 81
5 85
5 98
6 10
6 17
6 28
6 41
6 45
6 53
6 71
6 77
6 95
6 96
6 100
6 111
6 113
7 18
7 60
7 62
7 94
7 112
7 116
7 118
7 124
7 125
8 28
8 32
8 33
8 34
8 37
8 49
8 58
8 79
8 80
8 92
8 104
9 9
9 11
9 20
9 40
9 46
9 60
9 72
9 81
9 90
9 101
9 108
9 113
9 114
9 125
10 4
10 9
10 55
10 91
10 97
10 104
10 111
10 119
11 12
11 23
11 32
11 40
11 57
11 65
11 84
11 88
11 109
12 7
12 11
12 13
12 15
12 18
12 33
12 34
12 40
12 42
12 47
12 48
12 65
12 87
12 89
12 102
12 113
12 120
12 126
13 18
13 34
13 38
13 44
13 45
13 48
13 53
13 58
13 67
13 88
13 90
13 95
13 102
13 127
14 11
14 30
14 36
14 73
14 77
14 83
14 98
14 112
14 114
14 117
15 8
15 14
15 35
15 48
15 69
15 94
15 118
15 124
16 2
16 3
16 12
16 29
16 43
16 50
16 62
16 105
16 117
16 120
16 123
17 1
17 9
17 20
17 26
17 33
17 56
17 63
17 64
17 65
17 79
17 96
17 99
17 100
17 104
17 106
17 120
17 124
18 13
18 27
18 36
18 46
18 47
18 56
18 62
18 66
18 90
18 95
18 106
18 113
19 1
19 6
19 20
19 37
19 39
19 52
19 58
19 88
19 103
19 109
19 122
19 123
20 2
20 15
20 29
20 42
20 44
20 45
20 64
20 68
20 69
20 89
20 123
20 127
21 23
21 25
21 26
21 34
21 37
21 47
21 53
21 58
21 64
21 74
21 101
21 107
21 114
21 121
22 22
22 25
22 51
22 59
22 84
22 87
22 92
23 66
23 74
23 86
23 87
23 88
24 4
24 8
24 9
24 10
24 13
24 15
24 19
24 24
24 33
24 34
24 36
24 48
24 77
24 82
24 92
24 115
25 5
25 19
25 29
25 67
25 76
25 80
25 89
25 93
25 115
25 122
26 10
26 11
26 19
26 29
26 54
26 62
26 63
26 64
26 74
26 75
26 80
26 88
26 95
26 97
26 102
26 103
26 112
26 116
26 124
27 31
27 42
27 59
27 67
27 72
27 78
27 94
27 95
27 100
27 105
27 109
27 123
28 5
28 8
28 15
28 21
28 32
28 34
28 35
28 36
28 44
28 53
28 57
28 70
28 83
28 107
28 114
28 120
29 12
29 19
29 28
29 50
29 52
29 64
29 76
29 84
29 91
29 98
29 103
29 121
29 125
30 10
30 24
30 28
30 41
30 56
30 58
30 69
30 76
30 83
30 96
30 101
30 103
30 119
30 122
31 7
31 9
31 16
31 23
31 28
31 40
31 45
31 50
31 52
31 97
31 98
31 100
31 108
31 109
31 115
32 12
32 19
32 24
32 25
32 27
32 35
32 46
32 58
32 62
32 76
32 91
32 105
32 106
32 108
32 122
33 1
33 7
33 14
33 15
33 35
33 44
33 55
33 59
33 62
33 85
33 102
33 116
33 121
33 125
34 2
34 5
34 8
34 18
34 21
34 36
34 41
34 47
34 49
34 55
34 70
34 72
34 79
34 89
34 96
34 108
34 114
35 2
35 30
35 37
35 49
35 56
35 59
35 74
35 88
35 89
35 94
35 100
35 104
35 108
35 112
35 116
35 123
36 11
36 13
36 16
36 19
36 42
36 52
36 63
36 66
36 69
36 70
36 73
36 76
36 85
36 100
36 108
36 112
36 120
36 127
37 34
37 43
37 46
37 49
37 52
37 63
37 75
37 76
37 104
37 124
37 125
38 2
38 52
38 54
38 62
38 68
38 70
38 71
38 119
38 121
38 122
38 125
39 8
39 32
39 33
39 67
39 79
39 111
39 112
40 0
40 18
40 24
40 27
40 32
40 36
40 40
40 43
40 58
40 96
40 106
40 110
40 122
41 10
41 19
41 24
41 29
41 39
41 51
41 57
41 78
41 90
41 97
41 106
41 111
42 7
42 12
42 26
42 28
42 29
42 30
42 36
42 65
42 71
42 73
42 74
42 85
42 109
43 31
43 39
43 43
43 44
43 48
43 53
43 63
43 69
43 93
43 108
43 114
43 115
44 23
44 26
44 31
44 32
44 38
44 41
44 48
44 57
44 102
44 105
44 122
45 3
45 34
45 49
45 60
45 64
45 103
45 105
45 111
45 115
46 2
46 21
46 23
46 25
46 47
46 52
46 61
46 71
46 72
46 85
46 87
46 102
46 108
46 114
47 1
47 8
47 18
47 48
47 54
47 66
47 91
47 96
47 115
47 116
47 120
48 6
48 32
48 37
48 43
48 47
48 62
48 74
48 77
48 90
48 92
48 93
48 94
48 105
48 126
49 27
49 32
49 39
49 44
49 60
49 82
49 100
49 102
49 114
49 115
49 127
50 47
50 53
50 55
50 61
50 62
50 65
50 78
50 84
50 102
50 115
50 118
51 13
51 17
51 39
51 51
51 53
51 70
51 73
51 82
51 88
51 99
51 103
51 109
51 118
52 9
52 12
52 21
52 44
52 49
52 63
52 75
52 80
52 92
52 99
52 117
53 10
53 11
53 13
53 21
53 37
53 39
53 44
53 47
53 106
54 0
54 3
54 10
54 40
54 41
54 72
54 76
54 79
54 82
54 85
54 98
54 110
55 25
55 46
55 50
55 52
55 54
55 61
55 70
55 73
55 95
55 98
55 99
55 109
55 115
55 121
55 126
56 12
56 16
56 22
56 30
56 38
56 41
56 50
56 55
56 58
56 65
56 68
56 78
56 79
56 93
56 99
56 102
56 105
57 7
57 9
57 43
57 50
57 55
57 61
57 68
57 81
57 90
57 95
57 103
58 1
58 2
58 10
58 22
58 36
58 41
58 44
58 46
58 56
58 62
58 80
58 104
58 120
59 4
59 19
59 31
59 44
59 57
59 65
59 78
59 99
59 107
59 118
60 3
60 4
60 13
60 18
60 23
60 25
60 48
60 49
60 57
60 74
60 77
60 82
60 86
60 103
60 112
61 19
61 20
61 23
61 24
61 25
61 26
61 29
61 49
61 62
61 67
61 69
61 76
61 83
61 85
61 91
61 95
61 104
61 112
62 5
62 9
62 12
62 15
62 29
62 30
62 39
62 54
62 58
62 66
62 72
62 78
62 99
62 102
62 118
62 121
63 9
63 15
63 17
63 23
63 35
63 41
63 48
63 69
63 71
63 89
63 99
63 101
64 14
64 23
64 30
64 40
64 44
64 45
64 79
64 81
64 109
64 111
65 0
65 2
65 6
65 14
65 17
65 32
65 33
65 44
65 54
65 55
65 72
65 79
65 91
65 92
65 103
65 115
65 117
66 5
66 10
66 13
66 21
66 23
66 38
66 47
66 56
66 66
66 69
66 78
66 85
66 87
66 104
66 109
67 8
67 12
67 30
67 46
67 50
67 56
67 58
67 78
67 99
67 106
67 112
68 0
68 4
68 5
68 13
68 44
68 50
68 71
68 77
68 78
68 81
68 111
68 113
68 116
68 123
69 22
69 46
69 67
69 79
69 80
69 94
69 99
69 106
70 11
70 13
70 56
70 78
70 81
70 86
70 90
70 103
70 109
70 121
70 126
71 9
71 37
71 38
71 67
71 80
71 99
71 103
71 105
71 108
72 11
72 26
72 40
72 80
72 127
73 4
73 9
73 15
73 30
73 36
73 50
73 86
74 2
74 8
74 18
74 30
74 42
74 51
74 62
74 63
74 81
74 82
74 89
74 107
74 127
75 12
75 19
75 30
75 32
75 47
75 50
75 51
75 53
75 55
75 72
75 92
75 96
75 98
75 115
76 2
76 33
76 47
76 53
76 57
76 63
76 76
76 84
76 89
76 91
76 98
76 99
76 103
76 108
76 125
76 126
77 11
77 13
77 18
77 47
77 50
77 67
77 68
77 79
77 94
77 98
77 103
77 104
77 108
77 117
78 29
78 31
78 61
78 67
78 72
78 93
78 98
78 101
78 115
79 22
79 44
79 47
79 48
79 52
79 53
79 65
79 66
79 70
79 77
79 80
79 94
79 103
79 108
79 109
79 127
80 22
80 40
80 51
80 62
80 75
80 78
80 87
80 100
80 110
80 112
81 5
81 14
81 16
81 22
81 50
81 53
81 57
81 59
81 60
81 66
81 80
81 100
81 103
81 108
81 119
82 5
82 9
82 11
82 17
82 47
82 52
82 61
82 72
82 75
82 105
82 127
83 7
83 33
83 35
83 41
83 58
83 65
83 66
83 77
83 90
83 94
83 126
84 22
84 41
84 50
84 58
84 76
84 90
84 98
84 102
84 108
84 109
85 4
85 10
85 14
85 23
85 59
85 65
85 69
85 72
85 75
85 95
85 118
85 124
85 125
85 126
86 3
86 10
86 16
86 17
86 18
86 35
86 56
86 61
86 68
86 75
86 102
86 104
86 113
86 122
87 2
87 67
87 85
87 89
87 95
87 100
87 104
87 112
87 123
88 5
88 12
88 16
88 30
88 39
88 48
88 52
88 59
88 61
88 72
88 81
88 82
88 83
88 88
88 89
88 91
88 110
88 118
88 126
89 12
89 22
89 56
89 71
89 74
89 80
89 115
89 116
89 120
89 127
90 1
90 16
90 24
90 26
90 37
90 50
90 51
90 68
90 72
90 77
90 87
90 96
90 105
90 114
91 0
91 21
91 31
91 44
91 54
91 61
91 78
91 83
91 95
91 96
91 100
91 109
91 111
92 19
92 21
92 51
92 52
92 57
92 60
92 66
92 83
92 88
92 96
92 97
92 108
92 110
92 111
93 1
93 5
93 6
93 16
93 42
93 46
93 52
93 73
93 74
93 79
93 85
93 93
93 106
94 12
94 34
94 43
94 44
94 45
94 59
94 61
94 64
94 80
94 103
94 126
95 31
95 34
95 41
95 44
95 73
95 98
95 100
95 116
95 126
95 127
96 7
96 15
96 19
96 20
96 22
96 31
96 34
96 48
96 52
96 66
96 73
96 85
96 86
96 97
96 105
96 108
96 115
96 117
96 121
97 13
97 14
97 19
97 20
97 30
97 31
97 34
97 40
97 52
97 57
97 76
97 77
97 90
97 93
97 97
97 107
97 108
97 115
97 125
98 2
98 3
98 16
98 25
98 43
98 59
98 75
98 84
98 85
98 117
98 124
98 127
99 11
99 32
99 40
99 46
99 55
99 60
99 65
99 94
99 114
100 0
100 10
100 25
100 29
100 37
100 45
100 51
100 52
100 68
100 74
100 81
100 86
100 87
100 94
100 107
100 108
101 1
101 71
101 84
101 99
101 101
102 6
102 7
102 10
102 16
102 20
102 32
102 50
102 85
102 88
102 90
102 97
102 100
102 115
102 124
103 3
103 23
103 35
103 39
103 45
103 55
103 59
103 69
103 115
104 0
104 3
104 6
104 15
104 16
104 31
104 38
104 41
104 58
104 62
104 75
104 76
104 80
104 93
104 94
104 102
104 113
105 0
105 9
105 14
105 15
105 18
105 39
105 40
105 42
105 54
105 72
105 73
105 78
105 82
105 96
105 106
105 110
105 114
105 118
105 119
106 9
106 15
106 19
106 24
106 30
106 35
106 70
106 79
106 80
106 84
106 93
106 99
107 1
107 6
107 38
107 66
107 68
107 81
107 110
107 122
108 3
108 20
108 21
108 25
108 31
108 33
108 47
108 65
108 70
108 75
108 98
108 117
109 2
109 13
109 22
109 24
109 34
109 35
109 36
109 37
109 41
109 48
109 64
109 69
109 71
109 93
109 96
109 98
109 100
109 108
109 109
109 111
109 120
109 124
110 2
110 4
110 9
110 33
110 44
110 51
110 55
110 73
110 75
110 110
110 112
110 117
110 122
111 6
111 17
111 30
111 33
111 43
111 45
111 49
111 67
111 97
111 106
111 112
111 116
111 123
111 126
112 5
112 8
112 20
112 26
112 30
112 64
112 71
112 74
112 91
112 93
112 97
112 113
112 127
113 16
113 40
113 54
113 58
113 75
113 91
113 93
113 95
113 102
113 104
113 119
113 121
113 122
114 2
114 3
114 4
114 15
114 27
114 32
114 36
114 38
114 49
114 51
114 52
114 53
114 76
114 108
114 125
115 10
115 14
115 45
115 67
115 74
115 76
115 84
115 89
115 123
115 124
116 1
116 6
116 15
116 24
116 42
116 67
116 71
116 103
116 115
116 116
117 12
117 13
117 18
117 22
117 31
117 34
117 48
117 50
117 59
117 79
117 91
117 115
117 118
117 122
118 6
118 14
118 45
118 60
118 67
118 78
118 86
118 113
118 118
118 122
118 124
119 3
119 7
119 49
119 51
119 60
119 75
119 79
119 83
119 91
119 92
119 109
119 110
119 126
120 1
120 25
120 26
120 52
120 56
120 58
120 59
120 68
120 76
120 83
120 100
120 105
120 122
120 124
121 1
121 7
121 13
121 23
121 74
121 79
121 80
121 89
121 94
121 95
121 109
122 1
122 10
122 12
122 19
122 23
122 29
122 35
122 44
122 45
122 48
122 68
122 74
122 85
122 88
122 90
122 91
122 118
123 11
123 12
123 27
123 36
123 42
123 58
123 59
123 72
123 79
123 84
123 99
123 117
123 119
123 126
124 1
124 8
124 12
124 20
124 22
124 23
124 30
124 52
124 56
124 58
124 60
124 77
124 91
124 102
124 104
124 106
125 1
125 9
125 21
125 37
125 41
125 43
125 61
125 72
125 85
125 89
125 91
125 92
125 108
125 113
125 121
126 9
126 16
126 24
126 27
126 37
126 40
126 43
126 58
126 60
126 61
126 65
126 66
126 80
126 81
126 83
126 84
126 85
126 92
126 101
126 109
126 111
126 124
127 17
127 25
127 32
127 46
127 67
127 72
127 78
127 80
127 95
127 104
127 119
