0 0
0 6
0 7
0 8
0 9
0 10
0 14
0 17
0 25
0 31
0 38
0 44
0 46
0 47
0 49
0 53
0 56
0 62
0 70
0 72
0 73
0 80
0 84
0 90
0 93
0 97
0 99
0 100
0 101
0 102
0 103
0 105
0 106
0 110
0 112
0 113
0 115
0 117
0 119
0 120
0 122
0 127
1 6
1 12
1 17
1 20
1 22
1 24
1 33
1 38
1 41
1 44
1 46
1 47
1 50
1 55
1 57
1 59
1 62
1 63
1 65
1 73
1 76
1 84
1 86
1 92
1 95
1 96
1 97
1 100
1 101
1 106
1 109
1 117
1 118
1 122
1 124
1 125
1 127
2 1
2 6
2 10
2 13
2 16
2 17
2 19
2 25
2 30
2 36
2 40
2 44
2 55
2 57
2 63
2 64
2 70
2 74
2 75
2 83
2 84
2 94
2 98
2 99
2 100
2 101
2 104
2 105
2 107
2 110
2 117
3 0
3 2
3 7
3 9
3 11
3 14
3 20
3 22
3 25
3 30
3 33
3 36
3 39
3 40
3 45
3 47
3 51
3 55
3 58
3 60
3 76
3 77
3 78
3 81
3 84
3 88
3 92
3 95
3 99
3 103
3 112
3 115
3 116
3 117
3 118
3 119
3 120
3 121
3 125
4 0
4 2
4 3
4 4
4 6
4 7
4 8
4 9
4 12
4 17
4 26
4 36
4 37
4 39
4 41
4 48
4 50
4 53
4 67
4 68
4 76
4 78
4 82
4 85
4 92
4 94
4 95
4 98
4 103
4 104
4 105
4 110
4 114
4 115
4 116
5 0
5 2
5 4
5 6
5 7
5 8
5 9
5 17
5 19
5 22
5 26
5 31
5 35
5 39
5 49
5 50
5 52
5 54
5 56
5 62
5 65
5 69
5 70
5 71
5 72
5 74
5 78
5 80
5 84
5 85
5 89
5 94
5 95
5 98
5 99
5 100
5 102
5 106
5 108
5 117
5 119
5 120
5 121
5 124
5 125
5 126
6 0
6 3
6 5
6 8
6 13
6 15
6 16
6 18
6 19
6 27
6 31
6 33
6 37
6 38
6 39
6 45
6 46
6 54
6 56
6 58
6 60
6 66
6 68
6 72
6 76
6 79
6 82
6 83
6 84
6 87
6 88
6 89
6 90
6 93
6 97
6 101
6 103
6 105
6 108
6 110
6 113
6 116
6 118
6 122
6 125
6 126
6 127
7 2
7 10
7 14
7 15
7 16
7 22
7 26
7 30
7 31
7 37
7 43
7 46
7 47
7 49
7 51
7 54
7 57
7 61
7 63
7 68
7 74
7 78
7 80
7 86
7 89
7 93
7 98
7 100
7 102
7 112
7 117
7 121
7 122
8 1
8 3
8 4
8 7
8 8
8 12
8 13
8 28
8 29
8 32
8 34
8 35
8 37
8 46
8 48
8 50
8 51
8 53
8 57
8 58
8 59
8 64
8 68
8 69
8 71
8 72
8 73
8 78
8 80
8 83
8 89
8 90
8 92
8 93
8 95
8 97
8 99
8 100
8 106
8 107
8 108
8 110
8 112
8 113
8 117
8 118
8 119
8 124
9 1
9 3
9 4
9 14
9 15
9 17
9 22
9 24
9 30
9 31
9 33
9 35
9 37
9 40
9 43
9 46
9 47
9 56
9 58
9 60
9 61
9 70
9 74
9 82
9 86
9 89
9 93
9 97
9 99
9 105
9 106
9 109
9 114
9 115
9 116
9 120
9 121
9 122
9 127
10 0
10 3
10 8
10 11
10 21
10 23
10 40
10 41
10 43
10 44
10 45
10 47
10 49
10 52
10 55
10 66
10 67
10 69
10 71
10 75
10 80
10 89
10 90
10 92
10 93
10 94
10 98
10 102
10 105
10 108
10 109
10 114
10 115
10 117
10 119
10 120
10 121
10 126
11 1
11 3
11 6
11 9
11 12
11 15
11 23
11 24
11 25
11 26
11 28
11 31
11 40
11 42
11 44
11 51
11 52
11 58
11 61
11 63
11 68
11 72
11 73
11 76
11 82
11 83
11 87
11 93
11 94
11 95
11 101
11 106
11 117
11 122
11 123
11 127
12 0
12 1
12 3
12 5
12 6
12 10
12 13
12 15
12 20
12 21
12 22
12 23
12 24
12 25
12 26
12 35
12 37
12 40
12 44
12 45
12 47
12 48
12 60
12 65
12 67
12 71
12 73
12 77
12 80
12 81
12 82
12 85
12 86
12 87
12 106
12 111
12 115
12 116
12 117
12 118
12 125
12 127
13 10
13 11
13 14
13 15
13 22
13 25
13 27
13 29
13 31
13 33
13 35
13 38
13 39
13 41
13 46
13 48
13 53
13 54
13 59
13 63
13 66
13 73
13 88
13 91
13 94
13 97
13 99
13 100
13 104
13 105
13 106
13 108
13 110
13 112
13 116
13 120
13 121
13 124
14 0
14 2
14 10
14 12
14 13
14 15
14 25
14 31
14 36
14 37
14 39
14 40
14 43
14 53
14 59
14 60
14 66
14 67
14 68
14 69
14 74
14 77
14 78
14 85
14 86
14 89
14 91
14 92
14 93
14 94
14 101
14 102
14 103
14 108
14 110
14 112
14 114
14 115
14 116
14 117
14 118
14 121
14 122
14 124
14 125
15 2
15 4
15 5
15 15
15 16
15 22
15 26
15 27
15 33
15 34
15 36
15 37
15 38
15 39
15 41
15 42
15 52
15 61
15 62
15 63
15 70
15 76
15 79
15 80
15 82
15 88
15 89
15 94
15 99
15 100
15 103
15 109
15 112
15 114
15 115
15 116
15 118
16 1
16 2
16 4
16 5
16 7
16 8
16 11
16 16
16 24
16 26
16 30
16 31
16 36
16 37
16 41
16 48
16 50
16 52
16 54
16 59
16 61
16 62
16 68
16 73
16 81
16 83
16 89
16 90
16 93
16 96
16 100
16 106
16 107
16 110
16 116
16 118
16 119
16 124
16 125
17 3
17 7
17 9
17 10
17 16
17 19
17 20
17 23
17 25
17 27
17 33
17 36
17 42
17 43
17 44
17 46
17 52
17 53
17 55
17 56
17 62
17 63
17 71
17 77
17 81
17 83
17 86
17 98
17 100
17 105
17 113
17 120
17 123
17 124
17 125
17 127
18 4
18 7
18 8
18 9
18 20
18 29
18 33
18 42
18 44
18 45
18 47
18 51
18 54
18 56
18 60
18 61
18 67
18 70
18 72
18 78
18 83
18 86
18 87
18 90
18 108
18 113
18 118
18 119
18 124
19 1
19 3
19 7
19 9
19 12
19 14
19 17
19 19
19 20
19 22
19 23
19 24
19 28
19 32
19 34
19 35
19 40
19 47
19 48
19 51
19 54
19 57
19 58
19 59
19 61
19 62
19 64
19 66
19 70
19 71
19 76
19 78
19 80
19 82
19 85
19 88
19 94
19 95
19 96
19 98
19 101
19 107
19 110
19 112
19 113
19 116
19 117
19 124
19 127
20 10
20 16
20 17
20 26
20 31
20 32
20 34
20 40
20 47
20 52
20 55
20 60
20 67
20 68
20 69
20 72
20 76
20 77
20 79
20 80
20 83
20 86
20 93
20 101
20 103
20 107
20 110
20 111
20 113
20 115
20 116
20 120
20 122
20 123
20 125
20 127
21 2
21 5
21 9
21 15
21 18
21 19
21 28
21 35
21 38
21 43
21 44
21 47
21 49
21 61
21 63
21 65
21 66
21 68
21 71
21 73
21 77
21 79
21 80
21 81
21 83
21 85
21 86
21 87
21 91
21 92
21 96
21 98
21 102
21 103
21 104
21 105
21 107
21 108
21 109
21 110
21 111
21 114
21 118
21 125
22 5
22 8
22 11
22 13
22 18
22 19
22 30
22 33
22 34
22 37
22 40
22 42
22 43
22 44
22 46
22 47
22 51
22 52
22 55
22 60
22 65
22 72
22 74
22 78
22 79
22 82
22 83
22 85
22 91
22 94
22 97
22 99
22 100
22 101
22 104
22 107
22 120
22 121
23 4
23 13
23 14
23 21
23 23
23 30
23 32
23 33
23 41
23 42
23 43
23 46
23 53
23 55
23 56
23 65
23 66
23 70
23 71
23 77
23 81
23 90
23 95
23 99
23 100
23 110
23 114
23 115
23 117
23 120
23 122
23 123
23 124
23 125
23 126
23 127
24 2
24 6
24 9
24 10
24 11
24 13
24 16
24 17
24 21
24 22
24 23
24 28
24 29
24 33
24 35
24 37
24 40
24 42
24 43
24 46
24 48
24 51
24 54
24 62
24 64
24 66
24 67
24 74
24 75
24 76
24 78
24 82
24 85
24 89
24 90
24 100
24 105
24 106
24 109
24 110
24 115
24 116
24 118
24 119
24 120
24 121
24 123
25 2
25 4
25 8
25 15
25 16
25 17
25 18
25 22
25 25
25 28
25 31
25 32
25 36
25 37
25 40
25 41
25 50
25 62
25 63
25 67
25 70
25 71
25 76
25 77
25 84
25 86
25 90
25 92
25 93
25 99
25 100
25 101
25 104
25 107
25 111
25 112
25 114
25 115
25 116
25 119
25 120
26 0
26 1
26 6
26 9
26 12
26 13
26 17
26 21
26 25
26 26
26 27
26 28
26 29
26 32
26 36
26 38
26 46
26 51
26 54
26 57
26 60
26 61
26 67
26 69
26 70
26 72
26 78
26 81
26 82
26 84
26 85
26 95
26 98
26 101
26 102
26 109
26 115
26 116
26 118
26 126
26 127
27 5
27 8
27 10
27 11
27 14
27 15
27 17
27 20
27 22
27 23
27 26
27 30
27 32
27 34
27 40
27 44
27 45
27 46
27 49
27 50
27 53
27 55
27 61
27 62
27 68
27 74
27 75
27 76
27 79
27 81
27 83
27 85
27 88
27 89
27 90
27 91
27 98
27 104
27 105
27 108
27 109
27 110
27 115
27 119
27 122
27 124
27 125
27 126
27 127
28 3
28 4
28 5
28 6
28 10
28 12
28 13
28 16
28 28
28 30
28 36
28 37
28 39
28 41
28 42
28 46
28 49
28 53
28 55
28 57
28 59
28 60
28 61
28 66
28 69
28 75
28 84
28 88
28 91
28 96
28 97
28 99
28 106
28 107
28 110
28 112
28 114
28 117
28 126
28 127
29 3
29 5
29 6
29 7
29 9
29 10
29 14
29 15
29 16
29 19
29 21
29 22
29 24
29 25
29 27
29 28
29 31
29 40
29 44
29 46
29 53
29 55
29 57
29 60
29 63
29 64
29 66
29 68
29 70
29 76
29 79
29 82
29 86
29 89
29 92
29 93
29 95
29 97
29 101
29 103
29 106
29 108
29 114
29 119
29 126
29 127
30 0
30 3
30 7
30 11
30 27
30 31
30 35
30 40
30 45
30 47
30 48
30 50
30 51
30 53
30 55
30 56
30 58
30 60
30 61
30 62
30 67
30 76
30 77
30 79
30 90
30 91
30 96
30 98
30 103
30 107
30 110
30 111
30 117
30 122
30 123
30 124
30 125
31 1
31 3
31 4
31 5
31 10
31 13
31 17
31 25
31 29
31 32
31 33
31 34
31 39
31 40
31 50
31 51
31 55
31 56
31 57
31 60
31 62
31 64
31 70
31 74
31 87
31 88
31 90
31 93
31 94
31 97
31 108
31 113
31 117
31 123
31 127
32 7
32 8
32 14
32 15
32 16
32 20
32 28
32 29
32 31
32 42
32 45
32 46
32 47
32 50
32 51
32 52
32 53
32 58
32 61
32 62
32 64
32 69
32 75
32 76
32 80
32 85
32 89
32 90
32 91
32 92
32 93
32 96
32 99
32 102
32 107
32 108
32 112
33 4
33 10
33 15
33 16
33 22
33 25
33 30
33 33
33 37
33 41
33 45
33 46
33 47
33 53
33 54
33 58
33 68
33 69
33 72
33 82
33 84
33 86
33 95
33 100
33 106
33 107
33 108
33 112
33 116
33 120
33 121
33 123
34 0
34 3
34 4
34 12
34 19
34 20
34 21
34 33
34 35
34 36
34 38
34 42
34 44
34 47
34 48
34 50
34 51
34 52
34 53
34 54
34 55
34 60
34 63
34 71
34 73
34 76
34 84
34 86
34 87
34 90
34 91
34 95
34 98
34 99
34 104
34 120
34 124
34 125
35 0
35 4
35 8
35 12
35 16
35 25
35 30
35 31
35 32
35 33
35 41
35 42
35 43
35 44
35 46
35 48
35 49
35 53
35 54
35 64
35 70
35 71
35 75
35 77
35 78
35 79
35 80
35 83
35 85
35 86
35 87
35 96
35 100
35 103
35 104
35 108
35 110
35 114
35 116
35 120
35 125
36 0
36 2
36 8
36 9
36 12
36 17
36 18
36 21
36 23
36 25
36 26
36 27
36 28
36 29
36 33
36 37
36 39
36 45
36 47
36 48
36 52
36 57
36 58
36 60
36 65
36 67
36 68
36 73
36 76
36 81
36 94
36 95
36 99
36 106
36 107
36 113
36 116
36 118
36 120
36 124
37 4
37 5
37 6
37 8
37 11
37 17
37 23
37 26
37 27
37 32
37 35
37 39
37 46
37 47
37 48
37 49
37 52
37 55
37 56
37 57
37 62
37 64
37 65
37 67
37 74
37 75
37 77
37 78
37 83
37 88
37 93
37 96
37 100
37 101
37 104
37 107
37 111
37 116
37 117
37 119
37 121
37 124
38 3
38 16
38 18
38 20
38 21
38 22
38 25
38 31
38 33
38 44
38 49
38 52
38 54
38 58
38 62
38 63
38 66
38 77
38 78
38 81
38 83
38 91
38 96
38 100
38 107
38 110
38 111
38 113
38 115
38 124
39 5
39 6
39 7
39 10
39 12
39 16
39 21
39 23
39 25
39 26
39 27
39 28
39 34
39 38
39 43
39 47
39 49
39 51
39 53
39 56
39 61
39 62
39 64
39 68
39 72
39 73
39 74
39 76
39 78
39 79
39 81
39 85
39 87
39 88
39 91
39 92
39 93
39 94
39 97
39 99
39 100
39 102
39 109
39 114
39 117
39 118
39 119
39 120
39 126
39 127
40 0
40 1
40 2
40 8
40 11
40 15
40 16
40 21
40 30
40 31
40 33
40 34
40 35
40 41
40 42
40 45
40 46
40 49
40 51
40 52
40 62
40 65
40 66
40 68
40 70
40 72
40 74
40 76
40 78
40 79
40 80
40 84
40 87
40 90
40 95
40 97
40 98
40 104
40 106
40 108
40 109
40 110
40 111
40 118
40 124
41 0
41 4
41 8
41 12
41 14
41 20
41 25
41 26
41 28
41 29
41 31
41 32
41 37
41 38
41 45
41 49
41 52
41 53
41 56
41 60
41 62
41 64
41 68
41 71
41 78
41 82
41 85
41 89
41 90
41 95
41 98
41 103
41 107
41 109
41 114
41 115
41 119
41 121
41 125
42 3
42 6
42 7
42 8
42 9
42 16
42 25
42 28
42 29
42 33
42 36
42 41
42 42
42 44
42 51
42 60
42 61
42 68
42 70
42 72
42 73
42 74
42 75
42 76
42 78
42 79
42 80
42 88
42 90
42 92
42 101
42 103
42 110
42 117
42 119
42 122
42 123
42 124
42 127
43 1
43 2
43 4
43 7
43 9
43 16
43 17
43 18
43 19
43 27
43 29
43 30
43 33
43 34
43 35
43 41
43 42
43 43
43 46
43 49
43 51
43 56
43 57
43 59
43 60
43 63
43 66
43 74
43 76
43 78
43 81
43 88
43 93
43 94
43 99
43 101
43 105
43 108
43 110
43 118
43 122
43 123
43 124
43 125
44 3
44 4
44 5
44 6
44 8
44 14
44 17
44 18
44 21
44 30
44 33
44 36
44 37
44 38
44 42
44 46
44 55
44 58
44 60
44 63
44 70
44 72
44 81
44 83
44 86
44 87
44 90
44 91
44 93
44 94
44 95
44 100
44 105
44 106
44 107
44 111
44 114
44 124
45 2
45 6
45 7
45 12
45 13
45 14
45 20
45 22
45 26
45 33
45 35
45 41
45 43
45 48
45 50
45 52
45 57
45 59
45 60
45 68
45 73
45 74
45 75
45 76
45 83
45 87
45 88
45 91
45 101
45 111
45 115
45 116
45 117
45 122
45 123
46 0
46 2
46 9
46 11
46 12
46 25
46 27
46 34
46 35
46 36
46 39
46 42
46 43
46 45
46 51
46 53
46 54
46 58
46 62
46 67
46 68
46 69
46 74
46 79
46 80
46 82
46 90
46 92
46 94
46 97
46 100
46 102
46 104
46 106
46 107
46 108
46 109
46 111
46 113
46 115
46 116
46 123
46 124
46 127
47 0
47 6
47 9
47 16
47 20
47 22
47 39
47 41
47 45
47 50
47 59
47 60
47 62
47 65
47 69
47 71
47 75
47 78
47 79
47 87
47 88
47 89
47 92
47 94
47 99
47 104
47 105
47 111
47 119
47 123
48 0
48 1
48 7
48 8
48 10
48 13
48 15
48 28
48 33
48 34
48 37
48 43
48 46
48 48
48 49
48 52
48 57
48 59
48 60
48 61
48 64
48 65
48 68
48 75
48 78
48 79
48 81
48 82
48 86
48 90
48 93
48 101
48 105
48 113
48 116
48 120
48 126
48 127
49 3
49 4
49 5
49 6
49 7
49 9
49 20
49 22
49 31
49 33
49 41
49 48
49 55
49 58
49 62
49 65
49 66
49 70
49 72
49 73
49 80
49 82
49 87
49 89
49 100
49 101
49 104
49 107
49 110
49 112
49 114
49 120
49 127
50 3
50 7
50 12
50 15
50 16
50 18
50 25
50 30
50 36
50 47
50 49
50 50
50 54
50 55
50 59
50 74
50 75
50 79
50 82
50 83
50 87
50 93
50 98
50 100
50 104
50 110
50 113
50 118
50 122
50 125
50 126
50 127
51 0
51 5
51 6
51 9
51 10
51 19
51 22
51 30
51 33
51 34
51 36
51 39
51 42
51 48
51 50
51 52
51 53
51 54
51 55
51 57
51 60
51 64
51 65
51 69
51 70
51 71
51 76
51 77
51 83
51 85
51 86
51 94
51 96
51 97
51 98
51 101
51 102
51 107
51 109
51 112
51 113
51 114
51 122
51 125
52 0
52 1
52 2
52 18
52 20
52 27
52 29
52 30
52 32
52 33
52 34
52 36
52 40
52 47
52 53
52 55
52 59
52 61
52 66
52 70
52 76
52 77
52 79
52 87
52 88
52 89
52 91
52 94
52 100
52 106
52 107
52 108
52 110
52 111
52 120
52 121
52 127
53 0
53 3
53 7
53 8
53 14
53 18
53 19
53 20
53 22
53 24
53 27
53 29
53 30
53 36
53 39
53 41
53 49
53 52
53 58
53 61
53 62
53 63
53 70
53 77
53 84
53 87
53 90
53 94
53 96
53 99
53 101
53 102
53 110
53 113
53 114
53 120
53 124
53 125
53 127
54 6
54 10
54 14
54 16
54 20
54 27
54 34
54 45
54 46
54 51
54 52
54 54
54 57
54 58
54 61
54 76
54 77
54 78
54 80
54 82
54 90
54 91
54 92
54 94
54 95
54 99
54 101
54 105
54 107
54 108
54 112
54 117
54 120
54 124
55 8
55 10
55 11
55 12
55 13
55 16
55 19
55 23
55 25
55 28
55 31
55 34
55 47
55 48
55 50
55 55
55 57
55 60
55 61
55 68
55 75
55 77
55 79
55 87
55 89
55 93
55 94
55 99
55 104
55 105
55 116
55 118
55 120
55 124
55 125
56 0
56 1
56 4
56 9
56 13
56 16
56 17
56 18
56 25
56 26
56 31
56 35
56 42
56 44
56 45
56 49
56 58
56 60
56 61
56 62
56 67
56 73
56 80
56 87
56 91
56 93
56 95
56 98
56 103
56 104
56 107
56 109
56 114
56 116
56 119
57 1
57 2
57 3
57 4
57 6
57 13
57 17
57 19
57 21
57 23
57 27
57 33
57 35
57 37
57 42
57 43
57 44
57 51
57 52
57 54
57 58
57 59
57 64
57 65
57 66
57 71
57 72
57 73
57 75
57 76
57 78
57 86
57 88
57 89
57 97
57 101
57 106
57 115
57 119
57 121
57 127
58 0
58 1
58 2
58 3
58 4
58 6
58 8
58 11
58 13
58 14
58 17
58 24
58 27
58 34
58 38
58 40
58 45
58 62
58 64
58 67
58 70
58 73
58 74
58 75
58 81
58 85
58 87
58 90
58 97
58 101
58 107
58 111
58 113
58 119
58 125
58 127
59 7
59 8
59 14
59 19
59 20
59 21
59 31
59 36
59 41
59 43
59 45
59 47
59 48
59 52
59 57
59 60
59 61
59 64
59 66
59 72
59 73
59 77
59 78
59 80
59 82
59 83
59 89
59 90
59 91
59 93
59 95
59 104
59 105
59 106
59 109
59 111
59 113
59 114
59 121
60 1
60 3
60 4
60 7
60 8
60 10
60 14
60 16
60 18
60 20
60 29
60 30
60 33
60 34
60 37
60 39
60 41
60 42
60 45
60 51
60 52
60 57
60 58
60 70
60 71
60 72
60 74
60 80
60 82
60 83
60 88
60 91
60 94
60 97
60 100
60 102
60 105
60 107
60 111
60 113
60 114
60 116
60 117
60 118
60 119
60 122
60 123
61 3
61 4
61 6
61 9
61 10
61 11
61 14
61 15
61 16
61 22
61 23
61 24
61 25
61 27
61 28
61 31
61 32
61 37
61 47
61 48
61 50
61 52
61 54
61 58
61 66
61 70
61 73
61 75
61 77
61 78
61 82
61 88
61 89
61 100
61 108
61 110
61 111
61 113
61 114
61 115
61 116
61 118
61 121
61 126
61 127
62 4
62 5
62 6
62 8
62 9
62 14
62 15
62 21
62 22
62 23
62 26
62 28
62 34
62 35
62 36
62 37
62 38
62 48
62 49
62 55
62 56
62 59
62 60
62 61
62 68
62 73
62 75
62 77
62 79
62 82
62 84
62 86
62 87
62 88
62 91
62 92
62 104
62 110
62 112
62 119
62 126
63 3
63 13
63 14
63 15
63 19
63 21
63 28
63 29
63 31
63 34
63 35
63 36
63 38
63 39
63 43
63 56
63 59
63 61
63 62
63 66
63 67
63 74
63 75
63 77
63 89
63 95
63 105
63 107
63 111
63 117
63 123
63 124
63 127
64 0
64 4
64 6
64 7
64 8
64 12
64 14
64 15
64 17
64 19
64 23
64 24
64 28
64 29
64 30
64 31
64 32
64 34
64 37
64 41
64 45
64 46
64 49
64 52
64 53
64 58
64 60
64 62
64 67
64 68
64 69
64 71
64 77
64 78
64 80
64 81
64 82
64 87
64 88
64 100
64 108
64 112
64 113
64 114
64 118
64 121
64 122
65 17
65 18
65 22
65 24
65 27
65 29
65 32
65 33
65 36
65 38
65 39
65 40
65 45
65 48
65 51
65 56
65 57
65 64
65 67
65 69
65 70
65 72
65 75
65 79
65 89
65 92
65 94
65 96
65 99
65 100
65 103
65 106
65 113
65 114
65 116
65 117
65 118
65 119
65 120
66 0
66 6
66 10
66 13
66 14
66 20
66 32
66 36
66 38
66 42
66 51
66 53
66 55
66 56
66 71
66 75
66 76
66 88
66 107
66 108
66 113
66 122
66 126
66 127
67 1
67 2
67 7
67 9
67 10
67 12
67 15
67 19
67 25
67 28
67 29
67 31
67 32
67 33
67 43
67 44
67 52
67 56
67 68
67 76
67 77
67 81
67 82
67 83
67 86
67 89
67 95
67 98
67 101
67 106
67 110
67 111
67 113
67 116
67 117
67 123
67 124
67 126
68 0
68 6
68 10
68 14
68 21
68 25
68 27
68 33
68 36
68 37
68 39
68 40
68 49
68 51
68 53
68 55
68 61
68 64
68 67
68 68
68 71
68 72
68 76
68 77
68 82
68 84
68 91
68 102
68 103
68 104
68 105
68 111
68 118
68 124
69 0
69 7
69 10
69 14
69 15
69 17
69 21
69 23
69 24
69 28
69 29
69 31
69 34
69 36
69 37
69 42
69 45
69 46
69 48
69 50
69 52
69 55
69 63
69 72
69 73
69 76
69 82
69 85
69 87
69 89
69 94
69 96
69 102
69 103
69 107
69 108
69 109
69 112
69 113
69 114
69 115
69 118
69 122
69 125
69 126
69 127
70 4
70 12
70 13
70 18
70 20
70 27
70 28
70 43
70 47
70 48
70 52
70 58
70 59
70 63
70 67
70 74
70 81
70 112
70 118
70 120
70 124
71 3
71 12
71 15
71 16
71 18
71 26
71 27
71 34
71 36
71 43
71 45
71 46
71 55
71 56
71 59
71 64
71 65
71 68
71 71
71 73
71 78
71 84
71 85
71 87
71 89
71 91
71 94
71 102
71 112
71 113
71 114
71 115
71 116
71 121
72 11
72 13
72 15
72 16
72 21
72 27
72 28
72 38
72 41
72 52
72 54
72 56
72 63
72 65
72 71
72 77
72 79
72 80
72 81
72 82
72 86
72 93
72 94
72 96
72 97
72 98
72 100
72 103
72 104
72 105
72 108
72 112
72 113
72 114
72 116
72 117
72 118
72 121
72 123
72 125
73 7
73 9
73 14
73 27
73 28
73 29
73 30
73 40
73 45
73 50
73 53
73 56
73 57
73 63
73 67
73 68
73 71
73 76
73 79
73 90
73 92
73 94
73 96
73 99
73 101
73 104
73 105
73 111
73 113
73 114
73 116
73 118
73 122
73 127
74 1
74 11
74 27
74 29
74 39
74 42
74 46
74 48
74 52
74 57
74 61
74 64
74 70
74 71
74 73
74 74
74 77
74 78
74 79
74 84
74 86
74 87
74 88
74 90
74 99
74 101
74 102
74 103
74 112
74 116
74 118
74 120
74 127
75 1
75 3
75 11
75 13
75 17
75 18
75 19
75 31
75 32
75 33
75 37
75 39
75 40
75 41
75 44
75 46
75 48
75 49
75 55
75 56
75 63
75 68
75 72
75 85
75 86
75 93
75 97
75 98
75 99
75 101
75 108
75 115
75 118
76 0
76 4
76 5
76 6
76 8
76 9
76 13
76 18
76 19
76 24
76 28
76 29
76 33
76 37
76 40
76 44
76 46
76 54
76 64
76 69
76 76
76 90
76 91
76 93
76 98
76 99
76 100
76 101
76 102
76 104
76 111
76 112
76 113
76 116
76 117
76 124
77 0
77 5
77 7
77 16
77 22
77 23
77 25
77 28
77 32
77 34
77 38
77 40
77 41
77 43
77 46
77 47
77 48
77 49
77 52
77 53
77 56
77 63
77 64
77 72
77 75
77 77
77 81
77 85
77 89
77 99
77 100
77 104
77 110
77 119
77 121
77 124
78 1
78 6
78 8
78 9
78 13
78 14
78 16
78 19
78 23
78 35
78 40
78 44
78 45
78 49
78 56
78 65
78 69
78 70
78 72
78 77
78 79
78 85
78 86
78 88
78 92
78 94
78 99
78 102
78 103
78 104
78 105
78 111
78 115
78 119
78 121
78 124
78 126
79 4
79 8
79 10
79 19
79 23
79 32
79 39
79 45
79 47
79 48
79 56
79 58
79 60
79 63
79 68
79 71
79 72
79 73
79 86
79 87
79 88
79 89
79 90
79 91
79 94
79 95
79 98
79 100
79 106
79 108
79 109
79 115
79 120
79 121
79 123
79 126
80 2
80 3
80 6
80 12
80 13
80 16
80 18
80 20
80 23
80 27
80 29
80 30
80 31
80 32
80 35
80 40
80 44
80 45
80 48
80 49
80 50
80 52
80 54
80 56
80 57
80 61
80 65
80 74
80 86
80 87
80 89
80 92
80 96
80 103
80 104
80 110
80 111
80 112
80 115
80 119
80 121
80 125
81 5
81 11
81 12
81 13
81 14
81 16
81 23
81 24
81 30
81 36
81 44
81 47
81 49
81 51
81 55
81 56
81 57
81 62
81 63
81 69
81 70
81 76
81 81
81 85
81 87
81 96
81 97
81 98
81 105
81 109
81 118
81 119
81 125
81 127
82 4
82 6
82 10
82 14
82 17
82 20
82 26
82 36
82 38
82 40
82 41
82 42
82 43
82 53
82 56
82 57
82 59
82 63
82 67
82 69
82 77
82 80
82 81
82 94
82 101
82 102
82 109
82 110
82 112
82 121
82 122
82 123
82 124
82 127
83 11
83 13
83 15
83 16
83 20
83 22
83 23
83 24
83 25
83 26
83 30
83 31
83 36
83 37
83 42
83 46
83 47
83 54
83 68
83 69
83 71
83 72
83 76
83 78
83 83
83 85
83 88
83 101
83 104
83 105
83 110
83 111
83 119
83 121
83 123
83 126
83 127
84 0
84 1
84 7
84 8
84 11
84 20
84 23
84 25
84 28
84 31
84 36
84 41
84 46
84 47
84 49
84 62
84 64
84 65
84 69
84 77
84 79
84 81
84 84
84 87
84 88
84 92
84 93
84 94
84 98
84 99
84 103
84 104
84 111
84 116
84 119
84 120
84 122
84 123
84 125
85 14
85 30
85 32
85 35
85 37
85 47
85 53
85 56
85 57
85 59
85 61
85 65
85 66
85 69
85 70
85 78
85 85
85 87
85 88
85 93
85 94
85 96
85 99
85 101
85 102
85 107
85 111
85 114
85 116
85 117
85 122
85 127
86 3
86 6
86 12
86 17
86 18
86 20
86 21
86 25
86 27
86 33
86 38
86 39
86 41
86 50
86 58
86 68
86 69
86 70
86 81
86 86
86 92
86 93
86 95
86 98
86 101
86 107
86 109
86 111
86 119
86 125
86 126
87 1
87 6
87 13
87 19
87 21
87 24
87 26
87 33
87 34
87 35
87 37
87 38
87 40
87 41
87 45
87 46
87 51
87 57
87 63
87 73
87 75
87 76
87 77
87 79
87 81
87 83
87 86
87 87
87 88
87 91
87 93
87 94
87 95
87 100
87 104
87 105
87 112
87 115
87 118
87 119
87 121
87 122
87 127
88 0
88 4
88 5
88 6
88 7
88 22
88 26
88 30
88 34
88 35
88 44
88 50
88 51
88 52
88 56
88 61
88 70
88 73
88 76
88 79
88 84
88 85
88 94
88 96
88 98
88 101
88 102
88 109
88 113
88 124
88 125
89 0
89 3
89 9
89 11
89 27
89 37
89 41
89 43
89 45
89 46
89 54
89 63
89 67
89 73
89 76
89 77
89 80
89 85
89 86
89 87
89 88
89 89
89 90
89 91
89 93
89 97
89 102
89 104
89 105
89 108
89 114
89 118
89 120
89 121
89 124
90 2
90 3
90 7
90 11
90 12
90 18
90 24
90 27
90 32
90 33
90 36
90 40
90 41
90 43
90 46
90 59
90 61
90 62
90 63
90 67
90 69
90 70
90 72
90 86
90 87
90 93
90 100
90 103
90 104
90 106
90 116
90 117
90 118
90 119
90 124
90 127
91 10
91 14
91 20
91 27
91 28
91 29
91 35
91 38
91 41
91 44
91 52
91 54
91 65
91 67
91 70
91 73
91 75
91 78
91 84
91 89
91 99
91 101
91 104
91 117
91 125
92 3
92 4
92 5
92 10
92 12
92 13
92 17
92 18
92 21
92 22
92 27
92 35
92 36
92 37
92 45
92 46
92 50
92 52
92 55
92 56
92 64
92 68
92 70
92 74
92 77
92 78
92 80
92 84
92 87
92 93
92 97
92 99
92 100
92 102
92 104
92 111
92 116
92 118
92 120
92 123
92 124
93 0
93 3
93 6
93 7
93 10
93 11
93 13
93 14
93 23
93 24
93 31
93 33
93 34
93 35
93 36
93 43
93 44
93 49
93 50
93 51
93 52
93 61
93 62
93 65
93 74
93 76
93 77
93 88
93 95
93 106
93 110
93 111
93 112
93 113
93 121
93 127
94 0
94 2
94 15
94 19
94 28
94 30
94 36
94 44
94 48
94 54
94 61
94 62
94 64
94 66
94 69
94 73
94 74
94 75
94 79
94 87
94 88
94 91
94 92
94 94
94 97
94 98
94 101
94 103
94 109
94 113
94 115
94 117
95 6
95 8
95 9
95 17
95 20
95 23
95 24
95 25
95 28
95 32
95 34
95 40
95 41
95 47
95 48
95 49
95 53
95 54
95 60
95 63
95 66
95 70
95 73
95 82
95 84
95 86
95 93
95 94
95 99
95 102
95 106
95 107
95 111
95 114
95 116
95 117
95 118
95 119
95 123
95 124
96 0
96 1
96 6
96 8
96 11
96 14
96 15
96 16
96 17
96 18
96 21
96 24
96 29
96 31
96 34
96 36
96 38
96 43
96 49
96 51
96 52
96 53
96 56
96 57
96 60
96 62
96 65
96 71
96 74
96 78
96 80
96 81
96 83
96 84
96 88
96 90
96 95
96 97
96 98
96 99
96 100
96 103
96 105
96 106
96 107
96 113
96 114
96 115
96 116
96 122
96 126
97 0
97 5
97 6
97 7
97 9
97 16
97 20
97 21
97 22
97 28
97 30
97 44
97 46
97 48
97 64
97 68
97 70
97 72
97 76
97 78
97 80
97 81
97 83
97 84
97 85
97 86
97 87
97 90
97 91
97 92
97 94
97 98
97 105
97 106
97 114
97 117
97 121
97 127
98 7
98 9
98 11
98 13
98 14
98 15
98 16
98 27
98 29
98 31
98 34
98 38
98 40
98 54
98 60
98 65
98 71
98 78
98 84
98 85
98 88
98 92
98 93
98 94
98 95
98 98
98 100
98 103
98 106
98 109
98 111
98 114
98 117
98 118
98 119
98 121
98 124
99 9
99 10
99 11
99 12
99 14
99 25
99 28
99 32
99 34
99 36
99 39
99 46
99 47
99 50
99 52
99 57
99 60
99 65
99 69
99 70
99 72
99 75
99 76
99 78
99 83
99 85
99 89
99 91
99 93
99 94
99 95
99 96
99 97
99 99
99 105
99 112
99 114
99 118
99 120
99 122
99 127
100 3
100 5
100 7
100 11
100 14
100 16
100 20
100 24
100 25
100 27
100 32
100 33
100 34
100 38
100 39
100 40
100 41
100 44
100 46
100 47
100 49
100 52
100 54
100 55
100 56
100 57
100 62
100 64
100 65
100 67
100 71
100 74
100 77
100 80
100 84
100 85
100 92
100 93
100 98
100 102
100 104
100 106
100 108
100 109
100 115
100 126
100 127
101 0
101 6
101 7
101 10
101 13
101 15
101 16
101 17
101 19
101 20
101 22
101 25
101 28
101 31
101 32
101 33
101 41
101 42
101 48
101 49
101 50
101 57
101 59
101 61
101 63
101 64
101 66
101 67
101 69
101 70
101 72
101 82
101 83
101 85
101 87
101 89
101 93
101 95
101 96
101 98
101 99
101 100
101 102
101 103
101 108
101 111
101 118
101 122
101 123
101 124
102 3
102 4
102 5
102 9
102 10
102 15
102 16
102 21
102 25
102 29
102 30
102 51
102 57
102 70
102 72
102 74
102 78
102 83
102 87
102 88
102 96
102 98
102 101
102 105
102 110
102 111
102 114
102 116
102 119
102 123
103 3
103 6
103 7
103 9
103 10
103 11
103 12
103 16
103 17
103 20
103 21
103 23
103 25
103 29
103 30
103 31
103 32
103 33
103 51
103 53
103 62
103 64
103 68
103 71
103 73
103 76
103 82
103 83
103 85
103 86
103 87
103 88
103 90
103 95
103 99
103 101
103 106
103 107
103 110
103 111
103 114
103 116
103 117
103 124
103 127
104 1
104 5
104 10
104 16
104 18
104 21
104 25
104 26
104 28
104 30
104 31
104 32
104 33
104 36
104 41
104 44
104 45
104 53
104 54
104 55
104 58
104 59
104 62
104 65
104 68
104 70
104 73
104 74
104 77
104 79
104 82
104 89
104 90
104 91
104 95
104 97
104 99
104 100
104 105
104 109
104 114
104 115
104 118
104 120
104 123
104 124
104 125
104 126
104 127
105 3
105 9
105 14
105 16
105 17
105 24
105 35
105 36
105 44
105 45
105 48
105 53
105 55
105 56
105 57
105 71
105 72
105 75
105 77
105 78
105 79
105 80
105 82
105 88
105 98
105 103
105 106
105 110
105 112
105 113
105 116
105 117
105 118
106 4
106 5
106 6
106 13
106 15
106 21
106 25
106 34
106 43
106 44
106 49
106 56
106 57
106 58
106 59
106 61
106 62
106 67
106 69
106 71
106 74
106 76
106 79
106 80
106 85
106 86
106 88
106 93
106 95
106 103
106 104
106 108
106 111
106 112
106 116
106 122
106 124
107 4
107 7
107 10
107 11
107 12
107 18
107 20
107 22
107 26
107 28
107 31
107 32
107 38
107 39
107 41
107 43
107 44
107 47
107 51
107 52
107 57
107 62
107 64
107 65
107 66
107 69
107 71
107 75
107 76
107 78
107 79
107 85
107 88
107 89
107 91
107 92
107 95
107 96
107 101
107 103
107 104
107 109
107 110
107 111
107 112
107 118
107 120
107 123
107 124
107 125
107 126
107 127
108 2
108 5
108 7
108 8
108 11
108 17
108 19
108 25
108 29
108 30
108 31
108 33
108 35
108 39
108 41
108 45
108 55
108 61
108 63
108 64
108 70
108 74
108 75
108 78
108 81
108 82
108 87
108 90
108 97
108 100
108 103
108 107
108 109
108 116
108 121
108 122
108 125
108 127
109 0
109 3
109 8
109 9
109 10
109 19
109 21
109 22
109 24
109 29
109 33
109 38
109 43
109 50
109 52
109 53
109 56
109 61
109 62
109 70
109 71
109 72
109 73
109 76
109 77
109 82
109 84
109 85
109 98
109 99
109 107
109 121
109 123
109 124
109 125
109 126
109 127
110 1
110 2
110 4
110 13
110 15
110 16
110 28
110 30
110 41
110 51
110 52
110 53
110 59
110 61
110 64
110 65
110 67
110 69
110 73
110 76
110 77
110 79
110 87
110 91
110 96
110 98
110 99
110 105
110 115
110 120
110 122
110 126
111 1
111 4
111 8
111 9
111 14
111 19
111 25
111 30
111 35
111 41
111 47
111 50
111 52
111 54
111 61
111 62
111 65
111 77
111 83
111 85
111 87
111 89
111 97
111 100
111 102
111 107
111 120
112 0
112 5
112 7
112 16
112 17
112 21
112 27
112 36
112 39
112 41
112 44
112 49
112 51
112 60
112 63
112 66
112 68
112 69
112 73
112 76
112 77
112 79
112 81
112 84
112 90
112 91
112 94
112 98
112 99
112 104
112 106
112 110
112 111
112 118
112 119
112 120
112 123
112 124
112 125
112 127
113 2
113 4
113 5
113 7
113 9
113 11
113 14
113 23
113 33
113 37
113 38
113 42
113 43
113 48
113 52
113 54
113 59
113 61
113 63
113 67
113 70
113 74
113 76
113 77
113 78
113 82
113 85
113 87
113 92
113 95
113 101
113 108
113 114
113 116
113 118
113 120
113 123
113 124
114 0
114 2
114 4
114 5
114 14
114 19
114 22
114 27
114 30
114 34
114 37
114 41
114 42
114 47
114 48
114 49
114 52
114 53
114 54
114 66
114 68
114 70
114 73
114 75
114 77
114 83
114 87
114 94
114 97
114 99
114 100
114 101
114 105
114 106
114 107
114 110
114 111
114 114
114 117
114 120
114 121
115 4
115 6
115 7
115 14
115 16
115 17
115 24
115 32
115 33
115 43
115 48
115 53
115 66
115 67
115 68
115 70
115 74
115 77
115 81
115 84
115 87
115 88
115 89
115 90
115 91
115 96
115 102
115 103
115 104
115 111
115 115
115 121
116 2
116 3
116 4
116 6
116 8
116 9
116 11
116 13
116 20
116 21
116 22
116 24
116 25
116 26
116 28
116 29
116 30
116 31
116 47
116 49
116 50
116 53
116 56
116 57
116 58
116 59
116 60
116 62
116 63
116 64
116 65
116 68
116 69
116 72
116 73
116 74
116 78
116 90
116 94
116 96
116 100
116 101
116 103
116 107
116 108
116 111
116 115
116 119
116 121
116 122
117 1
117 4
117 6
117 7
117 9
117 13
117 16
117 17
117 23
117 25
117 27
117 30
117 38
117 40
117 43
117 45
117 50
117 51
117 58
117 60
117 65
117 66
117 67
117 69
117 70
117 72
117 73
117 75
117 76
117 79
117 80
117 83
117 85
117 86
117 88
117 97
117 98
117 103
117 109
117 111
117 118
117 119
117 121
118 2
118 3
118 9
118 13
118 16
118 18
118 20
118 24
118 25
118 27
118 33
118 34
118 35
118 36
118 42
118 49
118 50
118 53
118 58
118 61
118 76
118 77
118 78
118 80
118 81
118 82
118 83
118 87
118 92
118 101
118 103
118 108
118 109
118 110
118 112
118 120
118 122
119 4
119 7
119 8
119 11
119 14
119 15
119 19
119 27
119 37
119 38
119 39
119 44
119 47
119 48
119 50
119 52
119 53
119 54
119 56
119 61
119 64
119 73
119 76
119 77
119 78
119 79
119 80
119 82
119 90
119 94
119 95
119 97
119 100
119 104
119 106
119 108
119 109
119 113
119 116
119 125
119 127
120 2
120 3
120 18
120 22
120 23
120 30
120 32
120 37
120 38
120 39
120 43
120 52
120 54
120 61
120 62
120 63
120 70
120 71
120 75
120 76
120 79
120 84
120 85
120 89
120 96
120 100
120 102
120 110
120 113
120 114
120 123
121 0
121 5
121 6
121 9
121 10
121 11
121 14
121 19
121 21
121 23
121 24
121 26
121 27
121 33
121 37
121 40
121 48
121 49
121 52
121 56
121 57
121 58
121 63
121 64
121 71
121 75
121 76
121 77
121 78
121 80
121 82
121 86
121 91
121 93
121 97
121 99
121 100
121 102
121 105
121 109
121 112
121 115
121 116
121 121
121 126
121 127
122 1
122 3
122 4
122 5
122 7
122 8
122 12
122 13
122 15
122 22
122 24
122 28
122 29
122 30
122 39
122 40
122 42
122 43
122 47
122 53
122 54
122 59
122 63
122 64
122 69
122 70
122 83
122 85
122 88
122 91
122 97
122 103
122 104
122 105
122 106
122 107
122 112
122 119
122 123
122 124
122 125
122 126
122 127
123 3
123 5
123 9
123 10
123 16
123 21
123 22
123 26
123 28
123 30
123 35
123 39
123 40
123 42
123 44
123 59
123 60
123 61
123 69
123 70
123 75
123 80
123 82
123 83
123 90
123 96
123 98
123 102
123 106
123 113
123 120
123 121
123 123
123 124
124 7
124 12
124 19
124 21
124 22
124 23
124 29
124 38
124 39
124 41
124 44
124 50
124 51
124 53
124 56
124 57
124 62
124 68
124 71
124 72
124 73
124 81
124 82
124 85
124 94
124 102
124 103
124 104
124 107
124 109
124 110
124 118
124 120
124 121
125 5
125 6
125 7
125 10
125 11
125 14
125 20
125 24
125 32
125 34
125 35
125 40
125 43
125 47
125 55
125 57
125 58
125 61
125 63
125 67
125 68
125 72
125 77
125 78
125 80
125 90
125 91
125 93
125 96
125 100
125 105
125 109
125 111
125 113
125 114
125 119
125 121
125 125
126 3
126 4
126 5
126 8
126 9
126 14
126 18
126 20
126 32
126 33
126 38
126 40
126 42
126 43
126 44
126 46
126 49
126 52
126 56
126 57
126 58
126 67
126 75
126 76
126 82
126 85
126 86
126 96
126 98
126 101
126 104
126 105
126 113
126 114
126 119
126 121
126 126
127 3
127 5
127 8
127 9
127 11
127 13
127 17
127 20
127 23
127 28
127 34
127 36
127 38
127 42
127 44
127 49
127 52
127 53
127 55
127 59
127 61
127 63
127 64
127 71
127 72
127 76
127 81
127 86
127 93
127 98
127 99
127 101
127 105
127 107
127 110
127 111
127 112
127 113
127 116
127 118
127 126
