0 0
0 59
0 71
0 123
0 124
1 14
1 55
1 74
1 85
1 87
1 91
2 35
2 65
2 83
2 110
2 115
2 123
2 124
3 18
3 28
3 37
3 40
3 94
3 98
4 4
4 79
4 101
4 113
5 5
5 21
5 27
5 44
5 55
5 78
5 82
5 124
6 21
6 32
6 43
6 56
6 57
6 63
6 76
7 19
7 30
7 32
7 39
7 45
7 58
7 81
7 120
8 5
8 23
8 43
8 49
8 67
8 86
8 103
8 115
8 116
9 2
9 39
9 64
9 66
9 76
9 81
9 101
9 105
9 121
9 124
10 0
10 82
10 91
10 121
11 43
11 77
11 93
11 112
12 1
12 20
12 25
12 28
12 30
12 36
12 86
12 98
12 102
13 14
13 27
13 40
13 49
13 55
13 71
13 116
14 17
14 21
14 26
14 36
14 53
14 58
14 124
15 50
15 71
15 76
15 92
15 112
16 31
16 45
16 50
16 80
16 101
16 123
17 3
17 9
17 49
17 82
17 85
17 110
18 1
18 10
18 15
18 17
18 21
18 23
18 46
18 49
18 59
18 71
18 82
18 95
18 97
19 2
19 16
19 44
19 46
19 70
19 71
19 84
19 102
19 105
20 10
20 25
20 30
20 62
20 80
20 107
21 18
21 43
21 53
21 66
21 70
22 20
22 25
22 49
22 55
22 64
22 79
22 85
22 98
22 100
22 123
23 15
23 46
23 56
23 63
23 83
24 4
24 12
24 19
24 22
24 26
24 62
24 114
25 0
25 3
25 6
25 59
25 61
25 66
25 74
25 92
25 95
25 110
26 13
26 15
26 33
26 35
26 121
27 14
27 29
27 32
27 53
27 55
27 97
27 122
28 12
28 27
28 71
28 72
28 74
28 100
28 127
29 19
29 44
29 56
29 77
29 83
29 88
29 90
29 96
30 19
30 29
30 51
30 54
31 47
31 88
31 94
31 118
32 0
32 10
32 42
32 59
32 62
32 70
32 92
32 104
32 119
33 21
33 41
33 47
33 49
33 51
33 58
33 107
33 109
33 111
34 5
34 32
34 124
35 6
35 23
35 35
35 86
35 117
35 126
36 0
36 2
36 10
36 11
36 13
36 22
36 38
36 89
36 96
36 100
36 122
37 59
37 70
37 72
37 82
37 86
37 91
38 14
38 16
38 22
38 55
38 74
38 97
39 5
39 10
39 12
39 31
39 34
39 58
39 79
39 112
39 124
40 2
40 4
40 19
40 21
40 28
40 56
40 71
40 121
41 0
41 1
41 24
41 64
41 88
41 90
41 103
42 11
42 12
42 23
42 52
42 59
42 65
42 67
42 68
42 69
42 71
42 72
42 84
42 103
42 110
42 111
42 115
43 89
43 95
44 15
44 44
44 53
44 60
44 61
44 74
44 90
44 111
44 124
45 2
45 19
45 29
45 36
45 59
45 80
45 89
45 95
45 111
46 56
46 65
46 85
46 90
46 94
46 103
47 5
47 12
47 75
47 85
47 103
48 29
48 35
48 38
48 53
48 59
48 70
48 83
48 90
48 122
49 0
49 38
49 57
49 86
49 89
49 120
49 124
50 21
50 39
50 46
50 68
50 92
51 13
51 62
51 64
51 67
51 124
52 17
52 48
52 58
52 64
52 72
52 88
53 24
53 36
53 48
53 52
53 66
53 70
53 95
53 101
53 108
54 8
54 66
54 85
54 90
54 101
54 104
54 117
54 125
55 32
55 62
55 83
55 84
55 94
55 117
55 120
56 11
56 24
56 30
56 80
56 85
56 90
56 110
56 124
57 3
57 44
57 63
57 66
57 112
58 43
58 63
58 72
58 89
58 97
58 104
58 114
59 0
59 6
59 22
59 23
59 26
59 27
59 51
59 62
59 67
59 74
59 103
59 107
59 120
59 123
59 124
60 0
60 59
60 74
60 84
60 102
60 104
61 13
61 20
61 40
61 44
61 93
61 109
61 114
62 11
62 23
62 25
62 33
62 52
62 64
62 73
62 76
62 80
62 127
63 15
63 22
63 30
63 33
63 50
63 69
63 91
63 124
64 1
64 18
64 28
64 53
64 108
64 111
64 112
65 0
65 16
65 55
65 58
65 72
65 83
65 91
65 106
66 28
66 52
66 77
66 84
66 91
66 101
66 121
67 3
67 10
67 16
67 17
67 100
68 8
68 30
68 42
68 51
68 98
68 99
68 117
68 122
69 2
69 4
69 19
69 29
69 43
69 57
69 70
69 76
69 77
69 84
69 109
70 2
70 4
70 7
70 63
71 0
71 10
71 11
71 12
71 29
71 75
71 96
71 107
71 108
71 113
72 19
72 36
72 42
72 68
72 74
72 77
72 81
72 83
72 86
72 119
73 4
73 15
73 41
73 91
73 96
73 115
74 2
74 6
74 20
74 24
74 29
74 48
74 84
74 103
74 108
74 115
74 121
75 2
75 4
75 20
75 39
75 54
75 62
75 70
75 71
75 79
75 89
75 108
75 115
76 6
76 21
76 29
76 45
76 73
76 95
76 97
76 109
76 111
77 6
77 17
77 55
77 71
77 112
77 124
78 9
78 25
78 54
78 63
78 65
78 100
78 103
78 108
78 111
79 36
79 37
79 43
79 50
79 55
79 56
79 74
79 94
79 102
79 104
79 110
79 121
79 124
80 4
80 5
80 50
80 79
80 86
80 97
80 109
80 117
81 2
81 16
81 31
81 78
81 100
81 127
82 0
82 10
82 11
82 30
82 69
82 78
82 95
82 103
82 114
83 2
83 23
83 60
84 18
84 30
84 36
84 47
84 64
84 68
84 69
84 79
84 84
84 97
84 106
84 117
84 126
85 9
85 28
85 43
85 61
85 69
85 98
85 126
86 20
86 22
86 52
86 60
86 70
86 92
86 114
86 126
87 6
87 13
87 17
87 39
87 69
87 81
87 100
87 109
87 110
87 112
87 123
88 2
88 35
88 37
88 65
88 70
88 74
88 101
88 108
89 27
89 29
89 55
89 60
89 70
89 76
89 101
90 6
90 17
90 26
90 73
90 96
90 97
90 98
90 109
90 110
90 119
91 12
91 27
91 28
91 43
91 55
91 66
91 67
91 68
91 70
91 78
91 82
91 104
91 125
92 32
92 65
92 77
92 95
92 113
92 118
92 125
93 3
93 6
93 9
93 13
93 23
93 34
93 54
93 71
93 94
93 104
93 108
93 127
94 33
94 52
94 92
95 5
95 18
95 24
95 34
95 35
95 36
95 49
95 60
95 63
95 66
95 69
95 77
95 78
95 79
95 94
95 106
95 126
96 14
96 25
96 47
96 58
96 68
96 105
96 116
96 120
96 123
97 23
97 32
97 40
97 41
97 69
97 84
97 95
98 41
98 49
98 76
98 90
98 96
99 10
99 12
99 22
99 28
99 34
99 44
99 54
99 58
99 75
99 98
99 113
100 5
100 38
100 54
100 67
100 75
100 79
100 84
100 86
100 89
100 90
100 112
100 120
100 125
101 2
101 10
101 11
101 45
101 52
101 66
101 67
101 77
101 82
101 95
101 101
102 2
102 3
102 8
102 10
102 13
102 17
102 29
102 38
102 39
102 48
102 78
102 88
102 94
102 105
102 106
103 4
103 13
103 71
103 80
103 90
103 93
103 103
103 120
104 14
104 45
104 78
104 83
104 103
104 112
105 39
105 100
105 117
106 0
106 13
106 60
106 85
106 121
107 7
107 15
107 27
107 31
107 33
107 53
107 55
107 58
107 74
107 75
107 88
107 92
107 102
107 125
108 6
108 13
108 25
108 73
108 76
108 81
108 100
108 126
109 6
109 20
109 29
109 49
109 85
109 95
109 98
109 102
110 9
110 38
110 48
110 121
111 14
111 18
111 26
111 49
111 81
111 92
111 93
111 107
111 113
111 122
112 19
112 27
112 75
112 86
113 47
113 69
113 72
113 79
113 84
113 95
113 114
114 11
114 34
114 36
114 50
114 54
114 83
114 112
114 119
114 120
115 58
115 74
115 90
115 107
115 124
115 126
116 9
116 23
116 35
116 40
116 44
116 46
116 56
116 63
116 64
116 75
116 81
116 87
116 94
116 101
116 106
116 115
116 122
116 124
117 7
117 14
117 22
117 27
117 29
117 31
117 49
117 56
117 61
117 81
117 90
117 101
118 0
118 26
118 60
118 94
118 102
118 106
119 12
119 38
119 51
119 70
119 101
119 117
120 2
120 14
120 21
120 23
120 40
120 90
120 105
120 108
120 116
120 117
121 28
121 60
121 79
121 81
121 90
121 93
121 97
122 2
122 38
122 56
122 68
122 96
122 106
122 125
123 24
123 66
123 103
123 123
123 124
124 10
124 68
124 100
125 16
125 41
125 47
125 53
125 108
125 119
126 7
126 18
126 34
126 58
126 62
126 66
126 68
126 120
127 4
127 8
127 20
127 22
127 43
127 55
127 92
127 97
127 108
127 111
