0 0
0 2
0 4
0 6
0 7
0 10
0 12
0 18
0 23
0 24
0 30
0 31
0 32
0 37
0 44
0 45
0 48
0 57
0 58
0 60
0 64
0 66
0 70
0 73
0 78
0 80
0 81
0 83
0 85
0 88
0 90
0 92
0 94
0 96
0 97
0 100
0 102
0 105
0 109
0 113
0 115
0 118
0 120
0 123
0 124
0 127
1 1
1 5
1 6
1 9
1 14
1 17
1 18
1 21
1 22
1 24
1 31
1 32
1 36
1 42
1 43
1 44
1 46
1 50
1 53
1 54
1 56
1 57
1 63
1 66
1 68
1 75
1 76
1 96
1 98
1 100
1 104
1 107
1 111
1 114
1 116
1 117
1 120
1 123
1 124
1 126
2 6
2 8
2 10
2 11
2 12
2 14
2 15
2 17
2 23
2 24
2 28
2 35
2 40
2 46
2 50
2 53
2 55
2 60
2 64
2 68
2 69
2 70
2 71
2 75
2 76
2 77
2 79
2 81
2 83
2 88
2 91
2 96
2 97
2 99
2 101
2 104
2 105
2 108
2 110
2 111
2 113
2 114
2 115
2 116
2 119
2 125
2 126
3 0
3 3
3 6
3 7
3 14
3 15
3 16
3 23
3 26
3 34
3 41
3 46
3 48
3 49
3 50
3 51
3 54
3 56
3 57
3 59
3 62
3 65
3 66
3 69
3 71
3 72
3 73
3 77
3 80
3 85
3 87
3 89
3 92
3 94
3 95
3 96
3 97
3 99
3 100
3 102
3 105
3 108
3 116
3 117
3 118
3 119
3 127
4 4
4 6
4 10
4 11
4 18
4 19
4 29
4 30
4 32
4 38
4 42
4 47
4 48
4 52
4 55
4 56
4 59
4 61
4 64
4 70
4 77
4 78
4 79
4 82
4 83
4 89
4 95
4 97
4 100
4 110
4 117
4 118
4 120
4 123
4 124
4 125
4 127
5 2
5 4
5 8
5 9
5 11
5 12
5 19
5 22
5 25
5 27
5 31
5 32
5 37
5 40
5 57
5 59
5 61
5 63
5 68
5 70
5 72
5 80
5 88
5 89
5 90
5 91
5 97
5 99
5 101
5 102
5 105
5 117
5 123
5 126
6 1
6 2
6 3
6 5
6 8
6 11
6 13
6 14
6 17
6 24
6 27
6 30
6 39
6 40
6 41
6 43
6 44
6 51
6 52
6 54
6 55
6 56
6 60
6 62
6 70
6 75
6 78
6 79
6 81
6 92
6 94
6 99
6 107
6 112
6 120
6 124
6 125
7 1
7 3
7 4
7 6
7 7
7 10
7 11
7 14
7 20
7 23
7 24
7 25
7 29
7 39
7 44
7 47
7 54
7 57
7 60
7 61
7 62
7 83
7 84
7 88
7 92
7 94
7 106
7 112
7 115
7 121
7 123
8 0
8 4
8 5
8 9
8 13
8 18
8 24
8 31
8 34
8 36
8 37
8 42
8 45
8 49
8 51
8 56
8 59
8 62
8 64
8 66
8 67
8 68
8 71
8 73
8 80
8 81
8 82
8 89
8 90
8 95
8 97
8 102
8 104
8 107
8 109
8 110
8 117
8 124
8 125
9 0
9 5
9 9
9 11
9 12
9 14
9 15
9 25
9 29
9 31
9 32
9 37
9 42
9 43
9 48
9 49
9 50
9 60
9 65
9 68
9 70
9 73
9 84
9 86
9 87
9 88
9 89
9 93
9 95
9 96
9 97
9 101
9 102
9 103
9 112
9 115
9 127
10 2
10 4
10 5
10 9
10 10
10 11
10 15
10 20
10 23
10 25
10 26
10 27
10 30
10 31
10 39
10 41
10 45
10 56
10 58
10 61
10 66
10 73
10 81
10 91
10 93
10 103
10 105
10 111
10 112
10 116
10 117
10 126
11 1
11 4
11 6
11 8
11 12
11 16
11 17
11 18
11 23
11 30
11 36
11 37
11 40
11 42
11 43
11 50
11 53
11 54
11 55
11 59
11 61
11 71
11 72
11 79
11 82
11 84
11 85
11 86
11 87
11 89
11 97
11 98
11 100
11 105
11 111
11 112
11 114
11 116
11 121
12 2
12 4
12 5
12 6
12 18
12 19
12 20
12 24
12 26
12 33
12 34
12 38
12 45
12 49
12 57
12 59
12 60
12 64
12 65
12 69
12 71
12 72
12 77
12 79
12 96
12 105
12 106
12 111
12 112
12 123
12 124
12 127
13 5
13 13
13 16
13 17
13 23
13 27
13 30
13 33
13 36
13 37
13 38
13 41
13 42
13 47
13 48
13 50
13 53
13 61
13 66
13 67
13 74
13 77
13 78
13 82
13 84
13 88
13 89
13 92
13 94
13 98
13 100
13 104
13 106
13 107
13 110
13 115
13 117
13 118
13 119
14 0
14 1
14 7
14 8
14 10
14 16
14 20
14 22
14 23
14 27
14 34
14 37
14 45
14 51
14 53
14 56
14 62
14 74
14 77
14 79
14 82
14 86
14 87
14 89
14 91
14 95
14 97
14 101
14 102
14 113
14 114
14 116
14 119
14 120
14 127
15 0
15 4
15 5
15 6
15 10
15 19
15 28
15 29
15 31
15 42
15 46
15 49
15 50
15 56
15 57
15 60
15 62
15 65
15 67
15 74
15 75
15 77
15 79
15 80
15 83
15 85
15 87
15 103
15 108
15 118
15 126
16 2
16 16
16 23
16 27
16 31
16 40
16 43
16 44
16 46
16 49
16 52
16 55
16 61
16 62
16 66
16 67
16 69
16 72
16 77
16 80
16 83
16 84
16 86
16 92
16 95
16 99
16 108
16 109
16 111
16 112
16 118
16 121
17 3
17 5
17 8
17 10
17 12
17 19
17 25
17 28
17 29
17 32
17 36
17 37
17 39
17 47
17 55
17 59
17 62
17 64
17 67
17 74
17 80
17 81
17 82
17 83
17 89
17 91
17 92
17 96
17 105
17 106
17 107
17 110
17 114
17 116
17 119
17 122
17 123
17 125
17 127
18 2
18 3
18 5
18 7
18 10
18 11
18 12
18 21
18 25
18 34
18 41
18 46
18 53
18 59
18 60
18 62
18 63
18 64
18 68
18 76
18 80
18 84
18 91
18 93
18 94
18 99
18 100
18 104
18 106
18 110
18 112
18 116
18 118
18 120
18 123
18 124
18 127
19 0
19 7
19 10
19 11
19 15
19 16
19 24
19 31
19 32
19 33
19 34
19 38
19 41
19 45
19 47
19 48
19 50
19 52
19 54
19 65
19 67
19 70
19 77
19 79
19 80
19 81
19 97
19 98
19 103
19 104
19 106
19 115
19 116
19 118
19 121
19 126
20 2
20 4
20 5
20 7
20 9
20 12
20 15
20 16
20 17
20 22
20 25
20 26
20 29
20 30
20 34
20 42
20 43
20 44
20 45
20 49
20 52
20 56
20 65
20 67
20 71
20 75
20 78
20 79
20 80
20 81
20 82
20 83
20 86
20 87
20 89
20 94
20 99
20 100
20 101
20 107
20 117
20 118
20 120
20 121
20 123
21 1
21 4
21 8
21 12
21 14
21 24
21 25
21 26
21 27
21 32
21 34
21 35
21 37
21 38
21 43
21 45
21 48
21 62
21 65
21 67
21 68
21 73
21 81
21 90
21 91
21 94
21 95
21 97
21 98
21 100
21 105
21 106
21 108
21 109
21 111
21 113
21 117
21 119
21 120
21 124
22 3
22 6
22 12
22 16
22 19
22 20
22 21
22 22
22 24
22 33
22 34
22 35
22 36
22 40
22 45
22 47
22 48
22 50
22 52
22 56
22 59
22 61
22 62
22 67
22 69
22 70
22 75
22 78
22 80
22 82
22 84
22 89
22 90
22 97
22 102
22 107
22 109
22 112
22 113
22 115
22 118
22 119
22 120
22 121
22 125
22 127
23 1
23 5
23 10
23 12
23 15
23 16
23 17
23 18
23 19
23 20
23 23
23 27
23 28
23 31
23 33
23 40
23 44
23 47
23 48
23 49
23 51
23 53
23 56
23 58
23 64
23 66
23 68
23 73
23 78
23 80
23 81
23 84
23 87
23 91
23 92
23 93
23 100
23 103
23 105
23 107
23 108
23 114
23 124
23 125
23 127
24 1
24 2
24 3
24 6
24 9
24 13
24 14
24 15
24 18
24 19
24 21
24 24
24 27
24 29
24 34
24 38
24 39
24 42
24 43
24 49
24 55
24 57
24 62
24 65
24 66
24 73
24 77
24 78
24 83
24 84
24 85
24 87
24 92
24 96
24 107
24 110
24 111
24 112
24 119
25 3
25 4
25 6
25 8
25 10
25 11
25 14
25 15
25 21
25 22
25 25
25 34
25 35
25 36
25 44
25 51
25 56
25 57
25 59
25 60
25 61
25 64
25 67
25 68
25 69
25 74
25 75
25 78
25 80
25 85
25 93
25 95
25 99
25 100
25 101
25 102
25 110
25 111
25 116
25 120
25 124
26 8
26 9
26 21
26 23
26 24
26 25
26 26
26 28
26 38
26 39
26 40
26 45
26 47
26 51
26 53
26 56
26 63
26 69
26 72
26 73
26 74
26 75
26 76
26 79
26 80
26 82
26 83
26 88
26 89
26 92
26 95
26 96
26 98
26 107
26 109
26 112
26 114
26 116
26 118
26 119
26 120
26 124
26 125
27 1
27 6
27 7
27 8
27 11
27 13
27 14
27 15
27 18
27 22
27 30
27 33
27 36
27 37
27 38
27 39
27 40
27 43
27 47
27 50
27 53
27 55
27 57
27 60
27 70
27 72
27 73
27 75
27 76
27 77
27 82
27 83
27 84
27 91
27 98
27 103
27 108
27 109
27 111
27 112
27 118
27 119
27 123
27 125
27 127
28 2
28 6
28 7
28 8
28 10
28 13
28 16
28 24
28 26
28 27
28 28
28 29
28 31
28 36
28 40
28 41
28 46
28 48
28 49
28 52
28 59
28 61
28 62
28 63
28 64
28 66
28 68
28 69
28 71
28 79
28 82
28 84
28 96
28 99
28 100
28 105
28 116
28 120
28 126
29 2
29 3
29 8
29 9
29 10
29 11
29 12
29 22
29 23
29 25
29 26
29 28
29 34
29 36
29 41
29 44
29 45
29 46
29 49
29 52
29 56
29 57
29 58
29 59
29 61
29 63
29 65
29 67
29 69
29 73
29 75
29 76
29 77
29 79
29 84
29 85
29 86
29 92
29 97
29 100
29 104
29 106
29 109
29 115
29 118
29 120
29 121
29 123
29 127
30 0
30 5
30 16
30 17
30 18
30 25
30 26
30 29
30 36
30 37
30 39
30 40
30 42
30 44
30 45
30 46
30 47
30 48
30 52
30 54
30 59
30 60
30 61
30 62
30 71
30 72
30 73
30 83
30 86
30 87
30 96
30 106
30 110
30 115
30 119
30 122
30 126
31 0
31 1
31 2
31 9
31 11
31 23
31 26
31 27
31 36
31 40
31 42
31 47
31 49
31 50
31 52
31 80
31 86
31 87
31 90
31 91
31 98
31 99
31 100
31 104
31 105
31 109
31 111
31 118
32 11
32 16
32 19
32 20
32 22
32 24
32 34
32 35
32 36
32 42
32 44
32 47
32 50
32 54
32 63
32 65
32 66
32 68
32 73
32 74
32 78
32 81
32 82
32 84
32 85
32 87
32 99
32 103
32 108
32 110
32 111
32 112
32 118
33 0
33 1
33 4
33 6
33 8
33 13
33 15
33 17
33 25
33 31
33 37
33 38
33 42
33 45
33 46
33 47
33 49
33 56
33 60
33 62
33 64
33 72
33 73
33 77
33 80
33 84
33 88
33 89
33 91
33 92
33 101
33 102
33 105
33 113
33 119
33 121
34 1
34 4
34 5
34 7
34 8
34 15
34 18
34 30
34 31
34 32
34 37
34 38
34 39
34 40
34 41
34 43
34 46
34 50
34 54
34 56
34 58
34 60
34 61
34 63
34 68
34 72
34 77
34 79
34 82
34 85
34 86
34 88
34 89
34 90
34 92
34 97
34 99
34 110
34 112
34 113
34 115
34 116
34 121
34 126
35 6
35 8
35 13
35 21
35 22
35 23
35 24
35 31
35 33
35 35
35 40
35 41
35 43
35 44
35 45
35 51
35 54
35 57
35 65
35 67
35 68
35 72
35 73
35 75
35 82
35 83
35 89
35 92
35 96
35 102
35 106
35 109
35 110
35 116
35 125
36 0
36 1
36 3
36 5
36 6
36 10
36 14
36 18
36 19
36 22
36 23
36 25
36 26
36 28
36 30
36 32
36 36
36 38
36 39
36 52
36 54
36 57
36 65
36 77
36 79
36 80
36 83
36 86
36 88
36 89
36 91
36 98
36 99
36 103
36 105
36 109
36 111
36 120
36 122
36 127
37 5
37 8
37 11
37 18
37 21
37 25
37 29
37 30
37 32
37 33
37 36
37 39
37 41
37 43
37 45
37 46
37 52
37 54
37 55
37 56
37 57
37 58
37 62
37 63
37 64
37 65
37 73
37 75
37 77
37 78
37 80
37 85
37 86
37 87
37 92
37 95
37 97
37 104
37 110
37 113
37 114
37 118
37 125
37 126
37 127
38 4
38 5
38 7
38 8
38 10
38 12
38 19
38 24
38 25
38 32
38 38
38 41
38 43
38 48
38 55
38 56
38 58
38 63
38 66
38 68
38 70
38 71
38 74
38 79
38 81
38 91
38 92
38 95
38 96
38 98
38 102
38 107
38 110
38 111
38 113
38 114
38 118
38 121
38 122
38 124
38 127
39 0
39 4
39 7
39 11
39 24
39 29
39 30
39 33
39 35
39 36
39 39
39 50
39 53
39 58
39 60
39 61
39 65
39 68
39 69
39 78
39 80
39 83
39 90
39 91
39 93
39 107
39 120
39 121
39 122
39 127
40 8
40 10
40 15
40 17
40 19
40 20
40 27
40 28
40 30
40 33
40 35
40 37
40 41
40 46
40 49
40 51
40 56
40 58
40 61
40 62
40 63
40 67
40 70
40 71
40 74
40 75
40 87
40 89
40 92
40 97
40 99
40 103
40 105
40 106
40 108
40 114
40 116
40 117
40 118
41 3
41 9
41 11
41 13
41 14
41 24
41 26
41 27
41 29
41 34
41 35
41 36
41 37
41 38
41 40
41 45
41 46
41 49
41 56
41 58
41 60
41 61
41 62
41 65
41 68
41 69
41 70
41 86
41 93
41 95
41 99
41 100
41 112
41 116
41 120
41 121
41 123
41 126
42 10
42 21
42 25
42 26
42 29
42 31
42 32
42 33
42 34
42 38
42 39
42 43
42 45
42 47
42 50
42 59
42 61
42 65
42 66
42 68
42 69
42 70
42 73
42 74
42 79
42 84
42 85
42 86
42 89
42 92
42 97
42 101
42 107
42 115
42 119
42 120
42 121
42 123
43 0
43 2
43 11
43 13
43 25
43 27
43 31
43 33
43 45
43 46
43 49
43 51
43 55
43 64
43 68
43 71
43 76
43 79
43 83
43 89
43 93
43 95
43 96
43 97
43 101
43 104
43 112
43 113
43 119
43 121
43 125
43 126
43 127
44 5
44 10
44 14
44 20
44 25
44 34
44 46
44 53
44 60
44 61
44 62
44 64
44 65
44 67
44 81
44 84
44 86
44 89
44 97
44 100
44 108
44 111
44 113
44 115
44 117
44 119
44 121
44 122
44 123
45 4
45 5
45 7
45 12
45 13
45 18
45 21
45 23
45 24
45 25
45 26
45 27
45 29
45 32
45 33
45 38
45 44
45 49
45 63
45 64
45 65
45 67
45 68
45 70
45 73
45 76
45 82
45 84
45 87
45 93
45 96
45 97
45 106
45 112
45 116
46 5
46 6
46 7
46 8
46 9
46 11
46 13
46 14
46 15
46 20
46 26
46 27
46 29
46 32
46 34
46 35
46 36
46 37
46 39
46 45
46 55
46 56
46 57
46 63
46 67
46 70
46 72
46 78
46 79
46 80
46 81
46 83
46 85
46 87
46 89
46 92
46 93
46 95
46 97
46 100
46 101
46 103
46 108
46 115
46 118
46 119
46 124
47 5
47 12
47 13
47 19
47 34
47 35
47 38
47 42
47 43
47 44
47 49
47 50
47 52
47 55
47 58
47 59
47 60
47 61
47 64
47 65
47 68
47 74
47 77
47 78
47 82
47 83
47 85
47 89
47 91
47 94
47 100
47 101
47 102
47 109
47 114
47 117
47 123
47 125
47 126
48 1
48 2
48 9
48 11
48 13
48 14
48 18
48 24
48 25
48 31
48 32
48 34
48 37
48 40
48 49
48 50
48 57
48 59
48 61
48 77
48 78
48 79
48 84
48 85
48 87
48 92
48 93
48 95
48 96
48 98
48 100
48 101
48 107
48 108
48 109
48 111
48 114
48 117
48 118
48 126
49 1
49 2
49 4
49 5
49 6
49 8
49 14
49 18
49 22
49 26
49 29
49 30
49 36
49 39
49 43
49 47
49 49
49 50
49 54
49 59
49 64
49 66
49 73
49 74
49 75
49 77
49 85
49 88
49 90
49 93
49 96
49 107
49 118
49 120
49 121
50 0
50 2
50 9
50 11
50 18
50 20
50 21
50 22
50 25
50 29
50 30
50 31
50 32
50 33
50 38
50 40
50 42
50 45
50 50
50 51
50 54
50 61
50 65
50 66
50 69
50 71
50 75
50 78
50 85
50 90
50 94
50 101
50 102
50 105
50 107
50 112
50 114
50 122
50 125
50 127
51 0
51 5
51 11
51 13
51 21
51 22
51 24
51 25
51 26
51 27
51 29
51 32
51 38
51 40
51 44
51 45
51 46
51 48
51 49
51 50
51 52
51 54
51 59
51 62
51 64
51 65
51 67
51 68
51 69
51 71
51 72
51 73
51 74
51 89
51 92
51 93
51 96
51 99
51 118
51 122
51 123
52 1
52 6
52 7
52 8
52 10
52 11
52 12
52 17
52 18
52 26
52 29
52 35
52 41
52 42
52 46
52 50
52 51
52 52
52 56
52 57
52 60
52 62
52 63
52 66
52 70
52 71
52 77
52 85
52 94
52 96
52 97
52 99
52 104
52 110
52 119
52 120
52 121
52 124
52 126
53 0
53 4
53 6
53 10
53 11
53 12
53 15
53 17
53 21
53 23
53 25
53 36
53 39
53 41
53 51
53 53
53 65
53 68
53 74
53 75
53 78
53 80
53 83
53 87
53 89
53 91
53 93
53 96
53 97
53 102
53 105
53 109
53 111
53 112
53 113
53 115
53 116
53 120
53 126
54 0
54 3
54 15
54 16
54 17
54 18
54 21
54 23
54 24
54 26
54 31
54 32
54 33
54 34
54 39
54 43
54 44
54 47
54 52
54 53
54 55
54 58
54 61
54 65
54 71
54 72
54 73
54 83
54 88
54 91
54 94
54 95
54 97
54 102
54 104
54 115
54 121
54 124
54 125
54 126
55 0
55 1
55 2
55 6
55 7
55 9
55 12
55 16
55 18
55 21
55 22
55 26
55 35
55 36
55 37
55 41
55 42
55 43
55 47
55 59
55 62
55 66
55 68
55 70
55 74
55 75
55 76
55 77
55 85
55 86
55 87
55 90
55 98
55 101
55 104
55 107
55 109
55 110
55 111
55 112
55 118
56 1
56 5
56 7
56 10
56 12
56 13
56 15
56 19
56 27
56 42
56 43
56 44
56 48
56 66
56 70
56 72
56 74
56 75
56 76
56 77
56 80
56 82
56 83
56 86
56 87
56 93
56 96
56 98
56 101
56 102
56 103
56 108
56 112
56 113
56 123
56 124
57 5
57 7
57 11
57 20
57 21
57 23
57 28
57 30
57 31
57 35
57 36
57 37
57 39
57 40
57 42
57 45
57 48
57 52
57 53
57 55
57 57
57 64
57 76
57 80
57 81
57 82
57 90
57 91
57 94
57 97
57 102
57 104
57 107
57 108
57 112
57 114
57 116
57 119
57 123
57 124
57 127
58 1
58 7
58 9
58 13
58 19
58 20
58 24
58 30
58 31
58 33
58 34
58 35
58 36
58 37
58 40
58 45
58 47
58 52
58 53
58 60
58 61
58 72
58 75
58 76
58 79
58 80
58 81
58 84
58 89
58 90
58 91
58 92
58 95
58 97
58 102
58 104
58 106
58 111
58 113
58 115
58 116
58 118
58 119
58 123
59 11
59 12
59 14
59 16
59 18
59 20
59 21
59 26
59 31
59 32
59 33
59 34
59 37
59 41
59 44
59 55
59 59
59 61
59 63
59 71
59 77
59 80
59 81
59 83
59 86
59 90
59 91
59 93
59 99
59 101
59 107
59 108
59 109
59 110
59 112
59 113
59 115
59 121
59 122
59 124
59 125
59 126
60 2
60 10
60 13
60 16
60 26
60 33
60 36
60 37
60 53
60 55
60 56
60 60
60 62
60 69
60 73
60 76
60 79
60 85
60 89
60 90
60 94
60 95
60 97
60 99
60 101
60 109
60 111
60 112
60 116
60 118
60 127
61 1
61 4
61 6
61 7
61 8
61 9
61 14
61 22
61 30
61 35
61 44
61 47
61 49
61 51
61 58
61 69
61 70
61 82
61 83
61 85
61 93
61 105
61 106
61 109
61 110
61 111
61 113
61 116
61 117
61 124
61 125
61 127
62 0
62 6
62 9
62 10
62 13
62 17
62 18
62 21
62 24
62 32
62 36
62 37
62 38
62 41
62 43
62 45
62 49
62 50
62 51
62 55
62 56
62 59
62 65
62 67
62 68
62 71
62 72
62 76
62 77
62 78
62 79
62 80
62 81
62 82
62 92
62 102
62 104
62 105
62 109
62 118
62 123
62 126
63 2
63 3
63 4
63 6
63 10
63 11
63 13
63 16
63 23
63 24
63 25
63 32
63 33
63 39
63 48
63 51
63 60
63 64
63 68
63 69
63 73
63 78
63 79
63 83
63 84
63 89
63 93
63 97
63 102
63 104
63 109
63 112
63 115
63 118
63 124
64 3
64 5
64 6
64 7
64 12
64 14
64 23
64 25
64 26
64 28
64 29
64 30
64 33
64 43
64 48
64 60
64 69
64 70
64 73
64 74
64 77
64 80
64 83
64 84
64 85
64 91
64 96
64 99
64 100
64 109
64 114
64 115
64 116
64 118
64 119
64 122
65 4
65 7
65 10
65 11
65 12
65 14
65 17
65 18
65 20
65 22
65 26
65 27
65 30
65 31
65 32
65 33
65 34
65 35
65 36
65 39
65 45
65 49
65 53
65 54
65 58
65 60
65 61
65 62
65 64
65 65
65 67
65 68
65 69
65 73
65 75
65 76
65 77
65 79
65 81
65 84
65 87
65 91
65 93
65 97
65 100
65 101
65 102
65 104
65 106
65 107
65 110
65 115
65 116
65 117
65 119
65 122
65 125
65 126
66 5
66 9
66 11
66 13
66 16
66 21
66 24
66 28
66 30
66 35
66 47
66 50
66 52
66 53
66 55
66 57
66 61
66 62
66 65
66 76
66 89
66 92
66 93
66 97
66 100
66 101
66 115
66 125
66 127
67 2
67 12
67 13
67 14
67 20
67 21
67 22
67 23
67 27
67 34
67 36
67 38
67 40
67 42
67 44
67 50
67 52
67 55
67 66
67 68
67 70
67 72
67 77
67 78
67 83
67 84
67 89
67 91
67 94
67 96
67 97
67 100
67 101
67 105
67 107
67 108
67 109
67 112
67 114
67 116
67 125
68 0
68 8
68 10
68 13
68 14
68 16
68 20
68 25
68 32
68 33
68 36
68 39
68 42
68 46
68 53
68 54
68 57
68 66
68 69
68 74
68 78
68 84
68 88
68 89
68 91
68 103
68 104
68 106
68 109
68 113
68 116
68 117
68 120
68 123
69 3
69 5
69 11
69 13
69 15
69 26
69 27
69 32
69 33
69 35
69 37
69 39
69 45
69 47
69 48
69 50
69 53
69 58
69 60
69 64
69 67
69 68
69 70
69 75
69 78
69 85
69 89
69 91
69 99
69 105
69 109
69 110
69 115
69 118
69 123
69 124
70 10
70 19
70 25
70 28
70 34
70 35
70 36
70 37
70 38
70 41
70 42
70 44
70 50
70 53
70 54
70 55
70 61
70 63
70 71
70 72
70 76
70 77
70 79
70 91
70 93
70 94
70 97
70 99
70 100
70 101
70 104
70 109
70 112
70 113
70 114
70 116
70 117
70 122
71 0
71 2
71 6
71 12
71 15
71 20
71 26
71 28
71 37
71 38
71 45
71 47
71 55
71 56
71 57
71 58
71 66
71 72
71 74
71 87
71 92
71 94
71 101
71 103
71 110
71 111
71 112
71 116
71 118
71 120
71 121
72 5
72 7
72 8
72 10
72 11
72 12
72 13
72 16
72 17
72 18
72 23
72 26
72 27
72 32
72 34
72 38
72 41
72 59
72 67
72 72
72 74
72 81
72 88
72 89
72 92
72 93
72 94
72 98
72 102
72 104
72 105
72 110
72 111
72 115
72 116
72 117
72 118
72 121
72 122
72 123
72 125
73 4
73 12
73 23
73 25
73 30
73 32
73 34
73 44
73 47
73 48
73 53
73 59
73 60
73 62
73 64
73 69
73 72
73 79
73 80
73 82
73 84
73 89
73 96
73 99
73 104
73 105
73 108
73 113
73 118
73 124
73 126
73 127
74 0
74 1
74 2
74 4
74 7
74 11
74 12
74 18
74 20
74 25
74 27
74 28
74 29
74 32
74 35
74 36
74 38
74 40
74 41
74 45
74 49
74 50
74 51
74 55
74 57
74 60
74 62
74 63
74 69
74 74
74 78
74 82
74 86
74 87
74 90
74 92
74 93
74 100
74 106
74 114
74 115
74 116
74 117
74 122
74 123
74 124
75 1
75 3
75 5
75 9
75 11
75 13
75 14
75 17
75 20
75 25
75 27
75 33
75 37
75 39
75 43
75 46
75 47
75 55
75 57
75 58
75 60
75 61
75 68
75 70
75 74
75 76
75 88
75 93
75 94
75 98
75 101
75 103
75 112
75 116
75 119
75 120
75 121
75 123
75 125
76 0
76 8
76 14
76 15
76 22
76 23
76 24
76 25
76 27
76 28
76 34
76 46
76 47
76 48
76 52
76 53
76 54
76 58
76 59
76 62
76 63
76 64
76 70
76 80
76 82
76 85
76 87
76 88
76 89
76 92
76 93
76 96
76 105
76 107
76 115
76 117
76 118
76 120
76 122
76 123
76 125
76 126
77 0
77 1
77 4
77 10
77 12
77 13
77 15
77 20
77 25
77 28
77 31
77 32
77 35
77 36
77 38
77 40
77 43
77 51
77 52
77 55
77 57
77 58
77 67
77 69
77 70
77 76
77 82
77 86
77 88
77 89
77 92
77 97
77 102
77 104
77 106
77 107
77 109
77 110
77 111
77 114
77 115
77 116
77 124
77 125
78 8
78 15
78 17
78 19
78 24
78 26
78 28
78 30
78 36
78 37
78 39
78 64
78 65
78 66
78 67
78 73
78 74
78 78
78 81
78 83
78 84
78 86
78 89
78 91
78 94
78 96
78 99
78 101
78 106
78 112
78 113
78 116
78 117
78 118
78 125
79 0
79 2
79 3
79 4
79 5
79 18
79 26
79 37
79 43
79 45
79 46
79 47
79 52
79 58
79 70
79 71
79 80
79 82
79 84
79 86
79 89
79 90
79 93
79 97
79 98
79 100
79 101
79 103
79 105
79 112
79 113
79 114
79 118
79 122
79 127
80 0
80 3
80 10
80 11
80 14
80 17
80 20
80 32
80 33
80 35
80 39
80 43
80 47
80 49
80 50
80 52
80 57
80 60
80 61
80 64
80 66
80 68
80 73
80 74
80 76
80 80
80 82
80 89
80 92
80 94
80 99
80 101
80 102
80 104
80 105
80 111
80 112
80 118
80 119
81 0
81 2
81 3
81 4
81 7
81 13
81 14
81 15
81 19
81 20
81 21
81 26
81 27
81 31
81 35
81 38
81 41
81 56
81 57
81 60
81 62
81 65
81 68
81 75
81 76
81 81
81 83
81 88
81 89
81 99
81 105
81 113
81 114
81 118
81 120
81 122
82 4
82 7
82 8
82 10
82 12
82 16
82 18
82 19
82 28
82 30
82 32
82 40
82 42
82 44
82 45
82 46
82 47
82 53
82 54
82 57
82 61
82 70
82 73
82 74
82 76
82 80
82 83
82 86
82 88
82 93
82 104
82 105
82 117
82 119
82 120
82 124
83 1
83 5
83 7
83 9
83 12
83 16
83 18
83 19
83 23
83 31
83 32
83 33
83 36
83 37
83 38
83 40
83 42
83 44
83 45
83 55
83 56
83 61
83 63
83 65
83 66
83 68
83 71
83 72
83 75
83 76
83 77
83 83
83 87
83 89
83 90
83 95
83 98
83 101
83 102
83 103
83 106
83 108
83 117
83 118
83 119
83 123
83 124
83 125
83 126
84 0
84 7
84 8
84 9
84 12
84 14
84 17
84 20
84 28
84 30
84 32
84 33
84 35
84 40
84 43
84 49
84 52
84 55
84 56
84 65
84 72
84 73
84 74
84 75
84 77
84 85
84 90
84 93
84 96
84 97
84 99
84 101
84 102
84 103
84 113
84 114
84 120
84 126
85 0
85 8
85 9
85 11
85 12
85 13
85 14
85 15
85 17
85 20
85 21
85 22
85 29
85 31
85 32
85 34
85 38
85 41
85 43
85 48
85 52
85 55
85 61
85 62
85 63
85 64
85 66
85 69
85 72
85 74
85 77
85 79
85 80
85 82
85 83
85 85
85 86
85 88
85 91
85 92
85 95
85 96
85 104
85 107
85 109
85 115
85 116
85 121
85 123
85 124
86 0
86 6
86 8
86 10
86 16
86 18
86 19
86 21
86 23
86 24
86 25
86 27
86 36
86 40
86 42
86 46
86 47
86 51
86 54
86 56
86 57
86 58
86 64
86 66
86 71
86 72
86 73
86 80
86 81
86 82
86 85
86 88
86 90
86 93
86 95
86 101
86 103
86 104
86 106
86 107
86 112
86 114
86 115
86 119
86 122
86 123
86 125
86 127
87 1
87 3
87 4
87 6
87 14
87 17
87 18
87 23
87 24
87 33
87 34
87 36
87 37
87 41
87 45
87 52
87 56
87 57
87 59
87 70
87 72
87 79
87 83
87 102
87 103
87 107
87 112
87 116
87 118
87 119
87 124
87 126
88 2
88 3
88 5
88 7
88 8
88 9
88 10
88 13
88 19
88 20
88 35
88 44
88 45
88 51
88 52
88 57
88 58
88 60
88 62
88 66
88 72
88 96
88 106
88 113
88 116
89 2
89 6
89 7
89 8
89 14
89 15
89 16
89 24
89 30
89 38
89 40
89 43
89 45
89 51
89 56
89 68
89 75
89 76
89 78
89 83
89 87
89 89
89 90
89 94
89 96
89 100
89 103
89 107
89 111
89 115
89 117
89 119
89 120
89 126
90 3
90 5
90 6
90 7
90 10
90 11
90 19
90 23
90 28
90 30
90 31
90 32
90 45
90 52
90 58
90 59
90 61
90 63
90 68
90 69
90 82
90 84
90 87
90 90
90 100
90 103
90 105
90 107
90 109
90 111
90 112
90 113
90 114
90 115
90 123
91 1
91 2
91 4
91 6
91 11
91 15
91 16
91 19
91 23
91 24
91 30
91 31
91 32
91 33
91 40
91 41
91 44
91 46
91 51
91 54
91 61
91 67
91 68
91 72
91 80
91 81
91 82
91 83
91 87
91 89
91 90
91 92
91 95
91 99
91 106
91 107
91 111
91 112
92 0
92 1
92 14
92 19
92 20
92 26
92 30
92 32
92 37
92 38
92 39
92 44
92 47
92 49
92 52
92 55
92 56
92 60
92 71
92 76
92 82
92 84
92 89
92 93
92 94
92 97
92 100
92 102
92 104
92 105
92 107
92 110
92 111
92 113
92 119
92 122
92 127
93 1
93 4
93 11
93 12
93 15
93 18
93 22
93 23
93 32
93 34
93 38
93 39
93 40
93 46
93 52
93 55
93 57
93 61
93 68
93 69
93 73
93 78
93 80
93 81
93 82
93 87
93 90
93 91
93 93
93 95
93 96
93 98
93 99
93 102
93 103
93 106
93 112
93 120
93 124
93 126
93 127
94 3
94 10
94 12
94 13
94 14
94 15
94 17
94 18
94 20
94 24
94 27
94 36
94 39
94 40
94 43
94 49
94 59
94 64
94 70
94 71
94 74
94 78
94 79
94 82
94 84
94 85
94 86
94 89
94 97
94 98
94 107
94 110
94 112
94 118
94 120
94 122
94 125
95 3
95 6
95 7
95 11
95 12
95 15
95 17
95 26
95 29
95 32
95 33
95 34
95 36
95 42
95 45
95 61
95 63
95 66
95 67
95 72
95 73
95 74
95 76
95 78
95 81
95 87
95 92
95 93
95 95
95 98
95 102
95 105
95 111
95 113
95 116
95 120
95 122
95 126
96 5
96 6
96 8
96 11
96 12
96 14
96 15
96 30
96 34
96 37
96 41
96 45
96 46
96 51
96 60
96 67
96 69
96 70
96 73
96 81
96 83
96 97
96 99
96 105
96 110
96 112
96 115
96 116
96 117
96 120
96 123
96 127
97 0
97 3
97 9
97 11
97 22
97 23
97 24
97 28
97 32
97 34
97 39
97 40
97 44
97 47
97 49
97 51
97 52
97 55
97 57
97 62
97 63
97 65
97 66
97 70
97 75
97 76
97 78
97 82
97 84
97 90
97 92
97 95
97 102
97 123
97 124
97 127
98 6
98 9
98 13
98 17
98 30
98 31
98 43
98 46
98 47
98 48
98 50
98 51
98 52
98 55
98 59
98 62
98 65
98 67
98 71
98 72
98 73
98 74
98 75
98 79
98 81
98 85
98 89
98 90
98 106
98 117
98 120
98 123
99 6
99 14
99 19
99 24
99 26
99 29
99 37
99 38
99 39
99 40
99 41
99 44
99 45
99 51
99 54
99 56
99 63
99 67
99 68
99 73
99 74
99 83
99 84
99 89
99 90
99 95
99 98
99 99
99 103
99 106
99 110
99 117
99 119
99 122
99 125
100 3
100 4
100 5
100 15
100 24
100 25
100 26
100 30
100 32
100 35
100 37
100 38
100 39
100 40
100 41
100 45
100 57
100 59
100 63
100 64
100 70
100 72
100 74
100 78
100 79
100 80
100 84
100 87
100 90
100 95
100 96
100 97
100 99
100 101
100 104
100 106
100 108
100 112
100 115
100 121
100 123
100 126
100 127
101 4
101 13
101 16
101 18
101 25
101 27
101 30
101 33
101 34
101 36
101 39
101 45
101 48
101 52
101 54
101 61
101 63
101 65
101 66
101 68
101 69
101 70
101 74
101 75
101 79
101 80
101 82
101 85
101 86
101 87
101 90
101 95
101 96
101 98
101 104
101 108
101 109
101 110
102 1
102 6
102 13
102 17
102 19
102 21
102 23
102 25
102 30
102 38
102 42
102 45
102 46
102 47
102 67
102 70
102 76
102 78
102 79
102 80
102 88
102 89
102 93
102 94
102 96
102 97
102 99
102 102
102 104
102 108
102 112
102 115
102 119
102 120
102 126
103 3
103 4
103 6
103 17
103 21
103 24
103 27
103 31
103 32
103 35
103 36
103 37
103 39
103 56
103 65
103 70
103 76
103 86
103 87
103 88
103 93
103 95
103 96
103 97
103 100
103 102
103 104
103 110
103 115
103 119
103 122
103 123
103 126
104 9
104 11
104 12
104 16
104 25
104 28
104 30
104 45
104 47
104 48
104 54
104 57
104 59
104 60
104 62
104 67
104 70
104 80
104 88
104 89
104 92
104 94
104 95
104 97
104 107
104 108
104 110
104 111
104 116
104 122
105 2
105 13
105 16
105 17
105 18
105 20
105 21
105 24
105 31
105 32
105 33
105 38
105 39
105 40
105 42
105 47
105 50
105 52
105 53
105 54
105 59
105 60
105 61
105 64
105 68
105 70
105 76
105 80
105 88
105 90
105 91
105 92
105 93
105 94
105 95
105 105
105 108
105 110
105 111
105 114
105 121
105 123
106 2
106 3
106 8
106 11
106 13
106 14
106 16
106 18
106 20
106 21
106 22
106 23
106 27
106 30
106 33
106 35
106 36
106 38
106 39
106 41
106 45
106 46
106 53
106 62
106 67
106 71
106 73
106 76
106 79
106 86
106 90
106 93
106 100
106 107
106 110
106 111
106 115
106 119
106 121
106 123
107 2
107 5
107 6
107 8
107 10
107 13
107 14
107 15
107 16
107 17
107 19
107 25
107 28
107 29
107 31
107 32
107 33
107 34
107 35
107 39
107 41
107 44
107 46
107 48
107 49
107 52
107 56
107 57
107 61
107 63
107 65
107 67
107 69
107 70
107 73
107 74
107 83
107 90
107 93
107 97
107 101
107 102
107 105
107 106
107 108
107 114
107 115
107 119
108 1
108 3
108 5
108 7
108 9
108 11
108 12
108 14
108 18
108 22
108 23
108 25
108 31
108 33
108 35
108 36
108 38
108 41
108 44
108 55
108 58
108 65
108 67
108 71
108 76
108 77
108 79
108 88
108 89
108 90
108 93
108 98
108 100
108 102
108 106
108 108
108 109
108 115
108 116
108 117
108 120
108 123
108 126
109 2
109 3
109 4
109 7
109 9
109 24
109 26
109 30
109 39
109 45
109 48
109 51
109 56
109 57
109 59
109 60
109 62
109 63
109 66
109 67
109 69
109 74
109 80
109 89
109 93
109 97
109 98
109 100
109 101
109 103
109 108
109 109
109 110
109 112
109 115
109 118
109 121
110 5
110 14
110 16
110 21
110 22
110 24
110 25
110 33
110 35
110 38
110 39
110 40
110 42
110 44
110 46
110 47
110 55
110 56
110 62
110 67
110 78
110 83
110 85
110 92
110 98
110 103
110 105
110 109
110 111
110 115
110 118
110 126
111 2
111 5
111 6
111 7
111 9
111 14
111 15
111 18
111 20
111 21
111 22
111 25
111 26
111 27
111 33
111 36
111 40
111 42
111 44
111 47
111 48
111 50
111 54
111 62
111 64
111 66
111 72
111 75
111 76
111 80
111 81
111 84
111 89
111 95
111 103
111 117
111 122
111 123
111 124
112 1
112 2
112 4
112 5
112 6
112 9
112 12
112 13
112 15
112 16
112 26
112 29
112 34
112 36
112 37
112 39
112 40
112 41
112 46
112 47
112 49
112 50
112 52
112 53
112 56
112 64
112 68
112 74
112 75
112 77
112 79
112 88
112 95
112 96
112 99
112 101
112 103
112 108
112 111
112 114
112 121
112 122
112 125
112 126
112 127
113 1
113 3
113 4
113 9
113 11
113 12
113 17
113 22
113 25
113 26
113 27
113 28
113 32
113 41
113 46
113 55
113 56
113 61
113 63
113 65
113 66
113 67
113 68
113 71
113 74
113 85
113 92
113 95
113 104
113 105
113 108
113 111
113 114
113 119
113 121
113 122
113 123
113 124
114 2
114 8
114 9
114 10
114 11
114 16
114 21
114 23
114 25
114 26
114 29
114 32
114 36
114 37
114 39
114 41
114 44
114 50
114 56
114 60
114 64
114 66
114 70
114 71
114 82
114 85
114 87
114 88
114 90
114 91
114 100
114 102
114 108
114 109
114 114
114 121
114 122
114 125
114 127
115 2
115 7
115 11
115 15
115 16
115 17
115 20
115 21
115 32
115 36
115 37
115 44
115 53
115 60
115 62
115 67
115 68
115 70
115 72
115 75
115 76
115 82
115 90
115 91
115 92
115 95
115 97
115 101
115 103
115 108
115 110
115 112
115 116
115 121
115 124
115 125
116 1
116 9
116 18
116 22
116 24
116 41
116 42
116 43
116 44
116 45
116 50
116 52
116 54
116 63
116 68
116 70
116 75
116 76
116 83
116 88
116 89
116 92
116 93
116 100
116 101
116 102
116 108
116 112
116 115
116 117
116 125
117 3
117 8
117 11
117 15
117 25
117 26
117 35
117 36
117 37
117 49
117 61
117 64
117 68
117 70
117 71
117 73
117 78
117 82
117 84
117 90
117 91
117 93
117 94
117 99
117 100
117 104
117 105
117 108
117 110
117 112
117 113
117 119
117 120
117 126
118 1
118 3
118 5
118 7
118 9
118 10
118 14
118 15
118 19
118 21
118 27
118 28
118 30
118 33
118 36
118 44
118 46
118 48
118 50
118 54
118 56
118 59
118 61
118 67
118 73
118 75
118 84
118 95
118 96
118 98
118 105
118 109
118 111
118 115
118 118
118 125
119 2
119 3
119 4
119 12
119 18
119 20
119 27
119 30
119 32
119 40
119 41
119 42
119 43
119 49
119 51
119 54
119 63
119 66
119 67
119 69
119 75
119 77
119 78
119 86
119 88
119 89
119 91
119 97
119 98
119 104
119 107
119 108
119 109
119 110
119 111
119 114
119 120
119 121
119 123
119 125
119 126
120 2
120 3
120 8
120 14
120 16
120 17
120 18
120 26
120 30
120 32
120 33
120 38
120 43
120 45
120 49
120 51
120 53
120 55
120 59
120 64
120 70
120 71
120 73
120 77
120 90
120 91
120 93
120 97
120 100
120 103
120 104
120 110
120 111
120 117
120 118
120 124
121 2
121 7
121 12
121 13
121 14
121 17
121 30
121 32
121 36
121 37
121 40
121 48
121 49
121 52
121 54
121 55
121 56
121 58
121 59
121 64
121 66
121 68
121 70
121 71
121 72
121 77
121 78
121 80
121 82
121 83
121 90
121 95
121 96
121 98
121 105
121 113
121 118
121 119
121 120
121 123
121 127
122 0
122 2
122 8
122 11
122 14
122 15
122 19
122 24
122 26
122 28
122 31
122 32
122 36
122 37
122 40
122 41
122 44
122 47
122 48
122 49
122 51
122 54
122 56
122 59
122 60
122 62
122 63
122 65
122 67
122 73
122 81
122 83
122 85
122 90
122 92
122 99
122 102
122 105
122 106
122 108
122 112
122 126
123 1
123 2
123 3
123 5
123 8
123 9
123 16
123 19
123 20
123 34
123 40
123 42
123 43
123 48
123 49
123 50
123 51
123 52
123 53
123 56
123 60
123 65
123 66
123 73
123 74
123 75
123 78
123 85
123 86
123 88
123 92
123 93
123 100
123 101
123 107
123 114
123 118
123 119
123 124
124 3
124 5
124 9
124 15
124 21
124 24
124 27
124 33
124 35
124 39
124 43
124 52
124 56
124 57
124 61
124 65
124 75
124 81
124 84
124 86
124 89
124 90
124 94
124 95
124 103
124 105
124 106
124 112
124 113
124 118
124 122
124 124
124 125
124 126
125 0
125 2
125 4
125 6
125 7
125 13
125 18
125 19
125 22
125 26
125 30
125 32
125 33
125 34
125 36
125 37
125 38
125 40
125 42
125 43
125 45
125 47
125 52
125 53
125 54
125 61
125 62
125 63
125 68
125 70
125 72
125 74
125 82
125 84
125 88
125 95
125 96
125 99
125 104
125 106
125 107
125 109
125 110
125 111
125 116
125 117
125 121
125 125
125 126
125 127
126 1
126 2
126 7
126 22
126 25
126 26
126 27
126 29
126 34
126 42
126 43
126 44
126 47
126 50
126 52
126 54
126 58
126 60
126 61
126 67
126 69
126 71
126 76
126 78
126 79
126 81
126 88
126 91
126 96
126 98
126 101
126 102
126 103
126 109
126 110
126 111
126 113
126 115
126 121
126 126
126 127
127 3
127 5
127 6
127 9
127 10
127 11
127 13
127 16
127 18
127 19
127 22
127 25
127 30
127 33
127 34
127 35
127 38
127 41
127 42
127 46
127 47
127 54
127 55
127 62
127 71
127 73
127 74
127 79
127 81
127 82
127 85
127 91
127 100
127 104
127 106
127 108
127 111
127 115
127 116
127 117
127 124
127 125
127 127
