0 23
0 25
0 37
0 58
0 65
0 68
0 111
0 118
1 21
1 23
1 26
1 30
1 46
1 47
1 59
1 81
1 101
1 114
2 1
2 48
2 55
2 68
2 81
2 94
2 108
2 125
3 3
3 23
3 28
3 32
3 43
4 8
4 9
4 27
4 34
4 44
4 54
4 58
4 73
4 77
4 110
4 112
4 119
4 125
4 126
5 15
5 24
5 34
5 54
5 62
5 63
5 72
5 100
5 106
5 115
6 0
6 25
6 41
6 44
6 111
6 119
6 123
7 12
7 37
7 82
7 83
7 86
7 112
8 65
8 67
8 91
8 99
8 110
9 0
9 34
9 52
10 27
10 29
10 63
10 78
10 124
10 125
11 1
11 13
11 20
11 31
11 36
11 54
11 95
11 120
12 41
12 46
12 47
12 66
12 72
12 83
12 90
13 8
13 9
13 19
13 26
13 35
13 42
13 52
13 56
13 63
13 76
13 98
13 123
14 12
14 17
14 72
14 77
14 87
14 110
14 126
15 22
15 35
15 39
15 52
15 58
15 61
15 67
15 84
15 89
15 126
16 12
16 15
16 24
16 34
16 40
16 50
16 54
16 78
16 84
16 89
16 105
17 5
17 9
17 11
17 37
17 42
17 43
17 59
17 63
17 64
17 69
18 13
18 40
18 49
18 63
18 92
18 110
19 6
19 92
19 94
19 119
20 11
20 29
20 91
20 109
21 6
21 35
21 41
21 55
21 73
21 85
21 94
22 5
22 34
22 48
22 59
22 61
22 89
22 97
22 100
22 102
23 5
23 15
23 18
23 36
23 48
23 63
23 64
23 73
23 79
23 82
23 85
23 123
24 10
24 21
24 24
24 39
24 48
24 64
24 80
25 7
25 57
25 77
25 99
25 126
26 11
26 92
26 125
27 6
27 28
27 35
27 38
27 44
27 58
27 71
28 2
28 44
28 61
28 66
28 71
28 78
28 102
28 107
28 109
28 120
29 58
29 79
29 92
29 100
29 107
30 11
30 20
30 44
30 45
30 57
30 114
30 119
31 5
31 29
31 31
31 41
31 43
31 60
31 99
31 114
31 116
31 118
32 9
32 20
32 35
32 37
32 48
32 56
32 86
32 89
32 104
32 107
32 109
33 6
33 36
33 45
33 51
33 118
33 127
34 0
34 38
34 44
34 58
34 83
34 119
34 120
35 50
35 56
35 76
35 107
35 110
36 27
36 32
36 39
36 67
36 88
36 93
36 94
37 16
37 21
37 38
37 43
37 51
37 80
37 85
37 105
37 114
38 10
38 24
38 35
38 63
38 73
38 76
39 20
39 45
39 52
39 62
39 63
39 64
39 70
39 96
39 103
39 107
39 115
39 118
40 73
40 83
40 100
40 103
40 121
41 60
41 80
41 94
41 106
41 123
42 0
42 10
42 12
42 14
42 16
42 21
42 25
42 35
42 77
42 83
42 97
42 110
43 51
43 53
43 57
43 80
43 98
43 116
43 125
44 8
44 18
44 54
44 57
44 67
44 108
44 116
45 0
45 46
45 68
45 69
45 76
45 82
45 87
46 2
46 3
46 38
46 87
46 90
46 93
46 95
46 99
47 29
47 33
47 81
47 93
47 116
48 6
48 15
48 28
48 38
48 49
48 51
48 61
48 75
48 95
48 104
48 108
48 113
48 127
49 2
49 10
49 29
49 49
49 53
49 84
49 97
49 118
50 41
50 102
50 103
51 26
51 52
51 57
51 80
51 89
51 93
51 101
51 118
51 122
52 13
52 23
52 47
52 59
52 76
52 77
52 96
52 106
52 120
53 8
53 40
53 58
53 61
53 73
53 79
53 81
53 99
53 116
53 120
54 39
54 51
54 66
54 71
54 104
54 111
55 5
55 23
55 26
55 40
55 81
55 102
55 104
56 9
56 18
56 38
56 48
56 82
56 86
57 26
57 32
57 40
57 59
57 61
57 64
57 93
57 95
57 123
58 5
58 24
58 32
58 42
58 86
59 13
59 68
59 70
59 85
59 93
60 12
60 86
60 99
60 126
61 5
61 26
61 63
61 108
62 0
62 17
62 35
62 55
62 56
62 64
62 66
62 101
62 112
62 118
63 3
63 18
63 27
63 34
63 40
63 42
63 64
63 72
63 80
63 95
64 19
64 24
64 25
64 31
64 41
64 49
64 67
64 68
64 79
64 90
64 105
64 113
64 115
65 73
65 75
65 96
66 11
66 28
66 35
66 45
66 55
66 116
66 125
66 126
67 0
67 1
67 3
67 4
67 17
67 63
67 66
67 85
67 96
67 103
67 106
67 109
67 113
68 1
68 18
68 49
68 51
68 85
68 98
68 100
69 1
69 10
69 40
69 44
69 48
69 53
69 75
69 116
70 8
70 45
70 71
70 81
70 83
71 5
71 67
71 70
71 103
71 112
71 118
71 119
72 1
72 5
72 6
72 9
72 11
72 18
72 33
72 52
72 84
72 120
72 126
73 76
73 79
73 81
73 106
73 110
73 112
74 11
74 17
74 30
74 31
74 55
74 91
74 93
74 114
75 9
75 31
75 35
75 56
75 60
75 81
75 115
76 9
76 20
76 50
76 61
76 76
76 93
76 115
77 23
77 50
77 68
77 97
77 104
77 115
78 9
78 17
78 28
78 42
79 29
79 32
79 78
79 116
80 5
80 11
80 12
80 40
80 69
80 74
80 87
80 114
80 123
81 25
81 26
81 46
81 48
81 50
81 56
81 58
81 72
81 74
81 109
81 118
81 126
82 2
82 22
82 31
82 32
82 52
82 54
82 71
82 75
82 87
82 94
82 101
83 26
83 27
83 36
83 77
83 96
83 102
84 32
84 84
84 89
84 98
84 127
85 1
85 13
85 46
85 67
85 68
85 69
85 71
85 73
85 86
85 126
86 14
86 28
86 32
86 60
86 98
86 99
86 112
86 119
87 11
87 14
87 17
87 38
87 44
87 46
87 47
87 65
87 72
87 75
87 91
87 108
87 109
87 126
88 41
88 65
88 67
88 123
89 7
89 18
89 33
89 50
89 51
89 68
89 71
89 75
89 89
89 126
90 10
90 53
90 59
90 90
90 127
91 45
91 46
91 75
91 83
91 89
91 116
92 2
92 4
92 31
92 47
92 101
92 103
92 119
93 10
93 24
93 27
93 33
93 70
93 73
93 77
93 92
93 93
93 97
93 115
94 19
94 24
94 38
94 48
94 67
94 80
94 100
94 120
95 5
95 29
95 37
95 41
95 45
95 47
95 72
95 73
95 79
95 107
96 19
96 52
96 53
96 62
96 67
96 75
96 83
96 100
96 120
97 21
97 30
97 52
97 56
97 66
97 83
97 91
97 108
97 116
98 34
98 59
98 62
98 63
98 76
98 83
98 84
98 114
98 124
99 15
99 27
99 51
99 62
99 84
99 123
99 125
100 31
100 40
100 44
100 49
100 53
100 88
100 89
100 101
101 49
101 68
101 69
101 77
101 111
102 41
102 54
102 55
102 83
102 99
102 110
102 112
103 45
103 53
103 59
103 101
104 11
104 13
104 21
104 25
104 36
104 43
104 45
104 49
104 72
104 80
104 89
104 112
104 121
105 83
105 110
105 120
106 9
106 10
106 19
106 21
106 31
106 36
106 77
106 80
106 115
106 121
106 126
106 127
107 12
107 15
107 30
107 35
107 59
107 79
107 85
107 94
107 104
108 0
108 2
108 40
108 45
108 49
108 70
108 110
108 127
109 6
109 39
109 46
109 53
109 98
109 99
109 100
109 104
109 109
110 0
110 1
110 10
110 22
110 43
110 54
110 58
110 101
110 105
110 106
110 112
111 8
111 15
111 25
111 56
111 64
111 73
111 76
111 77
111 87
112 29
112 33
112 46
112 51
112 58
112 70
112 80
112 102
113 1
113 15
113 19
113 23
113 34
113 35
113 49
113 65
113 69
113 74
113 98
113 118
114 6
114 10
114 28
114 57
114 86
114 88
114 102
114 104
114 119
115 31
115 56
115 64
115 70
115 87
115 101
115 103
115 106
116 27
116 59
116 69
116 85
116 88
116 97
116 117
117 74
117 120
117 124
118 15
118 29
118 36
118 51
118 79
118 127
119 22
119 30
119 38
119 40
119 49
119 67
119 76
119 83
119 111
120 2
120 17
120 84
120 106
120 107
120 111
121 1
121 22
121 25
121 54
121 65
121 118
122 16
122 22
122 30
122 90
122 116
122 124
123 3
123 22
123 24
123 27
123 28
123 39
123 47
123 99
123 111
123 113
123 118
123 119
123 121
123 124
124 5
124 7
124 9
124 47
124 81
124 91
124 92
124 109
125 6
125 15
125 28
125 32
125 43
125 76
125 92
125 93
125 113
125 122
126 5
126 6
126 13
126 16
126 29
126 38
126 56
126 93
126 97
126 113
126 120
127 1
127 3
127 44
127 46
127 47
127 70
127 79
127 81
127 91
127 93
127 96
127 97
