0 6
0 14
0 15
0 17
0 20
0 21
0 29
0 30
0 34
0 38
0 39
0 43
0 53
0 55
0 57
0 60
0 65
0 68
0 74
0 84
0 91
0 93
0 95
0 96
0 97
0 98
0 104
0 111
0 113
0 115
0 120
0 123
0 125
1 7
1 11
1 20
1 21
1 22
1 24
1 25
1 27
1 28
1 40
1 50
1 54
1 60
1 61
1 62
1 65
1 74
1 75
1 84
1 90
1 91
1 92
1 96
1 98
1 100
1 101
1 110
1 113
1 122
1 125
1 127
2 0
2 9
2 10
2 15
2 23
2 27
2 30
2 38
2 48
2 63
2 70
2 73
2 77
2 79
2 80
2 81
2 83
2 85
2 87
2 89
2 92
2 96
2 97
2 99
2 102
2 105
2 106
2 108
2 113
2 114
2 116
2 117
2 119
2 121
2 122
2 123
2 127
3 2
3 4
3 9
3 10
3 14
3 15
3 17
3 18
3 19
3 20
3 27
3 34
3 37
3 39
3 40
3 43
3 49
3 50
3 51
3 55
3 58
3 61
3 72
3 79
3 83
3 85
3 86
3 88
3 96
3 105
3 108
3 109
3 111
3 115
3 116
3 118
3 122
3 127
4 5
4 13
4 17
4 37
4 43
4 52
4 54
4 55
4 57
4 60
4 63
4 68
4 69
4 76
4 77
4 84
4 87
4 90
4 91
4 93
4 94
4 103
4 105
4 110
4 111
4 115
4 117
4 120
4 121
5 1
5 2
5 3
5 4
5 5
5 8
5 10
5 12
5 13
5 16
5 23
5 24
5 25
5 36
5 37
5 38
5 41
5 43
5 47
5 49
5 52
5 54
5 57
5 60
5 63
5 67
5 68
5 69
5 70
5 73
5 80
5 82
5 83
5 88
5 89
5 91
5 104
5 105
5 106
5 112
5 114
5 122
5 123
6 1
6 6
6 23
6 24
6 27
6 30
6 37
6 41
6 45
6 49
6 54
6 61
6 64
6 65
6 68
6 70
6 71
6 75
6 76
6 79
6 81
6 83
6 85
6 86
6 88
6 89
6 94
6 96
6 97
6 103
6 108
6 110
6 116
6 120
6 121
6 122
6 123
6 126
6 127
7 3
7 6
7 16
7 17
7 21
7 24
7 27
7 29
7 31
7 33
7 36
7 39
7 41
7 46
7 51
7 55
7 59
7 67
7 78
7 82
7 83
7 88
7 89
7 90
7 93
7 100
7 102
7 108
7 112
7 113
7 116
7 118
7 120
7 121
7 124
7 125
7 127
8 0
8 1
8 6
8 8
8 13
8 19
8 20
8 21
8 23
8 24
8 26
8 27
8 33
8 36
8 38
8 41
8 42
8 45
8 46
8 48
8 51
8 56
8 60
8 61
8 63
8 66
8 72
8 76
8 80
8 85
8 87
8 89
8 90
8 91
8 94
8 96
8 107
8 112
8 113
8 121
8 122
8 126
9 1
9 3
9 5
9 7
9 8
9 15
9 18
9 24
9 25
9 27
9 28
9 29
9 31
9 33
9 39
9 43
9 47
9 50
9 51
9 53
9 54
9 57
9 60
9 66
9 78
9 80
9 82
9 84
9 85
9 86
9 91
9 101
9 108
9 113
9 118
9 124
10 0
10 1
10 4
10 5
10 6
10 7
10 8
10 9
10 14
10 18
10 24
10 28
10 31
10 36
10 38
10 40
10 47
10 53
10 57
10 59
10 62
10 63
10 64
10 66
10 73
10 75
10 80
10 81
10 82
10 83
10 84
10 85
10 87
10 89
10 91
10 92
10 99
10 101
10 102
10 104
10 111
10 112
10 115
10 116
10 119
10 122
10 123
11 0
11 3
11 9
11 15
11 18
11 20
11 25
11 28
11 30
11 33
11 34
11 37
11 40
11 44
11 48
11 49
11 51
11 55
11 56
11 58
11 59
11 62
11 69
11 71
11 81
11 87
11 90
11 91
11 93
11 103
11 107
11 110
11 112
11 115
11 119
11 122
12 1
12 9
12 10
12 11
12 13
12 17
12 18
12 19
12 23
12 24
12 25
12 26
12 29
12 30
12 31
12 35
12 38
12 39
12 40
12 41
12 50
12 51
12 52
12 54
12 55
12 60
12 61
12 64
12 66
12 68
12 70
12 72
12 75
12 76
12 77
12 78
12 84
12 86
12 88
12 92
12 96
12 97
12 98
12 100
12 101
12 102
12 104
12 106
12 113
12 115
12 119
13 1
13 2
13 5
13 9
13 14
13 17
13 21
13 23
13 24
13 27
13 28
13 32
13 33
13 34
13 39
13 43
13 44
13 45
13 47
13 55
13 56
13 62
13 67
13 70
13 76
13 77
13 80
13 83
13 90
13 93
13 95
13 103
13 105
13 106
13 110
13 114
13 117
13 118
13 124
14 2
14 13
14 14
14 15
14 16
14 19
14 21
14 22
14 23
14 26
14 28
14 30
14 31
14 36
14 40
14 42
14 44
14 49
14 57
14 58
14 59
14 60
14 62
14 64
14 68
14 71
14 72
14 75
14 76
14 78
14 80
14 81
14 89
14 93
14 96
14 98
14 100
14 105
14 113
14 117
14 120
14 124
15 6
15 24
15 27
15 28
15 36
15 44
15 47
15 50
15 51
15 58
15 59
15 63
15 67
15 69
15 70
15 75
15 83
15 97
15 100
15 102
15 104
15 105
15 106
15 109
15 111
15 113
15 115
15 118
15 123
15 124
15 126
16 3
16 4
16 5
16 10
16 15
16 16
16 18
16 19
16 22
16 24
16 36
16 40
16 43
16 44
16 50
16 51
16 65
16 70
16 71
16 72
16 74
16 76
16 82
16 83
16 88
16 90
16 92
16 94
16 100
16 106
16 109
16 112
16 113
16 115
16 116
16 117
16 123
17 0
17 2
17 4
17 8
17 12
17 14
17 15
17 18
17 26
17 29
17 30
17 47
17 50
17 51
17 53
17 55
17 59
17 67
17 75
17 90
17 93
17 94
17 96
17 98
17 106
17 107
17 112
17 116
17 117
17 118
17 122
17 123
17 125
18 1
18 4
18 5
18 6
18 11
18 12
18 16
18 23
18 28
18 35
18 37
18 39
18 41
18 44
18 45
18 47
18 48
18 50
18 53
18 55
18 60
18 61
18 70
18 73
18 74
18 75
18 77
18 79
18 82
18 83
18 85
18 88
18 89
18 94
18 100
18 115
18 120
18 121
18 126
18 127
19 9
19 12
19 13
19 16
19 19
19 20
19 22
19 23
19 24
19 26
19 28
19 33
19 39
19 42
19 46
19 50
19 53
19 60
19 61
19 63
19 64
19 66
19 68
19 72
19 79
19 83
19 85
19 86
19 87
19 88
19 94
19 104
19 107
19 110
19 114
19 116
19 121
19 122
19 125
19 126
20 1
20 2
20 4
20 7
20 12
20 15
20 29
20 31
20 32
20 38
20 39
20 41
20 44
20 47
20 49
20 50
20 52
20 54
20 57
20 63
20 68
20 74
20 78
20 83
20 84
20 85
20 86
20 95
20 97
20 99
20 101
20 112
20 113
20 116
20 117
20 122
21 2
21 3
21 5
21 8
21 10
21 11
21 13
21 15
21 22
21 27
21 28
21 29
21 30
21 37
21 39
21 41
21 43
21 47
21 49
21 51
21 53
21 56
21 65
21 66
21 70
21 79
21 83
21 84
21 86
21 88
21 89
21 90
21 97
21 114
21 117
21 120
21 123
21 124
21 127
22 4
22 9
22 11
22 20
22 24
22 29
22 30
22 31
22 32
22 35
22 36
22 40
22 41
22 45
22 47
22 48
22 50
22 53
22 54
22 55
22 66
22 69
22 70
22 73
22 80
22 83
22 89
22 91
22 95
22 101
22 102
22 109
22 110
22 112
22 113
22 114
22 117
22 118
22 119
22 120
22 121
22 123
22 126
23 7
23 8
23 9
23 10
23 15
23 22
23 27
23 30
23 31
23 33
23 37
23 42
23 43
23 47
23 54
23 60
23 69
23 70
23 73
23 75
23 76
23 80
23 81
23 83
23 92
23 93
23 95
23 97
23 98
23 102
23 106
23 111
23 116
23 118
23 123
24 0
24 1
24 4
24 13
24 20
24 23
24 24
24 27
24 29
24 31
24 33
24 36
24 39
24 41
24 43
24 44
24 47
24 50
24 51
24 53
24 57
24 62
24 63
24 67
24 72
24 74
24 77
24 83
24 85
24 86
24 89
24 91
24 93
24 96
24 100
24 104
24 105
24 106
24 112
24 120
24 122
24 123
24 124
24 126
24 127
25 3
25 4
25 6
25 7
25 8
25 9
25 11
25 17
25 21
25 32
25 37
25 38
25 42
25 44
25 46
25 49
25 50
25 52
25 53
25 57
25 63
25 66
25 68
25 69
25 71
25 73
25 94
25 95
25 96
25 97
25 99
25 101
25 107
25 111
25 114
25 116
25 118
25 122
25 123
25 126
26 2
26 3
26 6
26 11
26 17
26 20
26 22
26 31
26 32
26 34
26 44
26 45
26 52
26 53
26 54
26 56
26 57
26 63
26 66
26 67
26 69
26 74
26 75
26 76
26 78
26 79
26 80
26 81
26 82
26 84
26 88
26 89
26 90
26 91
26 96
26 102
26 103
26 104
26 106
26 110
26 111
26 114
26 118
26 121
26 122
26 124
27 2
27 3
27 7
27 14
27 20
27 21
27 27
27 31
27 36
27 38
27 40
27 42
27 44
27 46
27 54
27 57
27 66
27 67
27 75
27 77
27 79
27 81
27 86
27 88
27 89
27 91
27 95
27 98
27 100
27 103
27 106
27 107
27 115
27 122
28 0
28 3
28 8
28 10
28 14
28 17
28 20
28 21
28 26
28 31
28 36
28 38
28 42
28 43
28 44
28 48
28 50
28 52
28 54
28 57
28 60
28 62
28 65
28 68
28 78
28 82
28 84
28 86
28 87
28 91
28 92
28 94
28 103
28 110
28 117
28 118
28 119
28 120
28 121
28 125
28 126
28 127
29 1
29 3
29 5
29 7
29 10
29 11
29 13
29 14
29 15
29 16
29 17
29 20
29 23
29 24
29 26
29 27
29 30
29 32
29 34
29 36
29 37
29 48
29 50
29 52
29 60
29 65
29 74
29 75
29 82
29 86
29 87
29 90
29 95
29 96
29 97
29 102
29 105
29 111
29 116
29 118
29 123
29 124
30 1
30 14
30 16
30 19
30 20
30 23
30 24
30 25
30 26
30 29
30 31
30 34
30 41
30 56
30 63
30 70
30 72
30 73
30 80
30 81
30 84
30 85
30 86
30 91
30 93
30 94
30 97
30 98
30 99
30 101
30 104
30 108
30 110
30 111
30 115
30 116
30 119
30 120
30 123
30 124
31 3
31 4
31 7
31 11
31 13
31 16
31 28
31 30
31 33
31 36
31 41
31 43
31 44
31 45
31 47
31 53
31 54
31 61
31 64
31 65
31 73
31 74
31 83
31 87
31 91
31 92
31 93
31 95
31 97
31 105
31 106
31 107
31 108
31 111
31 113
31 115
31 120
31 126
32 3
32 5
32 16
32 19
32 29
32 33
32 37
32 49
32 51
32 53
32 54
32 57
32 59
32 63
32 64
32 68
32 74
32 75
32 80
32 81
32 84
32 86
32 94
32 111
32 112
32 119
32 120
32 121
32 122
32 123
33 5
33 10
33 12
33 16
33 23
33 25
33 29
33 30
33 35
33 36
33 37
33 40
33 41
33 46
33 49
33 56
33 58
33 62
33 63
33 71
33 72
33 74
33 82
33 87
33 88
33 89
33 94
33 96
33 101
33 102
33 104
33 107
33 108
33 110
33 112
33 119
33 121
33 122
34 8
34 9
34 11
34 14
34 21
34 23
34 24
34 25
34 26
34 31
34 32
34 39
34 45
34 48
34 50
34 51
34 53
34 56
34 57
34 59
34 60
34 62
34 66
34 67
34 68
34 69
34 72
34 81
34 88
34 90
34 92
34 101
34 107
34 116
34 118
34 127
35 2
35 6
35 7
35 8
35 9
35 13
35 18
35 21
35 24
35 32
35 36
35 37
35 38
35 39
35 42
35 48
35 51
35 54
35 60
35 61
35 62
35 66
35 68
35 71
35 76
35 85
35 88
35 89
35 92
35 93
35 100
35 104
35 106
35 112
35 115
35 116
35 117
35 122
36 2
36 5
36 7
36 9
36 14
36 18
36 23
36 26
36 28
36 29
36 31
36 32
36 34
36 35
36 42
36 47
36 49
36 50
36 55
36 57
36 58
36 59
36 60
36 70
36 71
36 81
36 89
36 90
36 92
36 93
36 96
36 97
36 99
36 106
36 108
36 109
36 112
36 113
36 120
36 122
36 123
37 0
37 1
37 2
37 4
37 8
37 10
37 15
37 25
37 27
37 28
37 29
37 32
37 33
37 34
37 37
37 44
37 52
37 54
37 64
37 66
37 72
37 75
37 76
37 83
37 85
37 86
37 95
37 98
37 102
37 103
37 104
37 109
37 111
37 114
37 116
37 118
37 120
37 121
37 122
38 2
38 6
38 7
38 13
38 14
38 20
38 22
38 24
38 26
38 32
38 35
38 40
38 42
38 43
38 44
38 45
38 46
38 49
38 54
38 62
38 67
38 80
38 81
38 83
38 95
38 97
38 103
38 106
38 108
38 110
38 113
38 114
38 116
38 117
38 123
38 125
38 127
39 0
39 2
39 5
39 6
39 7
39 8
39 16
39 21
39 22
39 24
39 26
39 28
39 49
39 51
39 53
39 56
39 57
39 58
39 59
39 60
39 68
39 70
39 71
39 72
39 78
39 79
39 84
39 85
39 86
39 89
39 96
39 97
39 100
39 101
39 102
39 103
39 105
39 106
39 110
39 111
39 114
39 115
39 117
39 124
39 126
40 1
40 3
40 4
40 6
40 14
40 31
40 34
40 37
40 41
40 42
40 44
40 46
40 47
40 50
40 55
40 62
40 63
40 64
40 66
40 67
40 73
40 74
40 75
40 76
40 80
40 82
40 83
40 84
40 89
40 90
40 92
40 93
40 96
40 98
40 99
40 100
40 101
40 102
40 108
40 109
40 111
40 113
40 116
40 117
40 119
40 120
40 123
40 124
40 127
41 2
41 5
41 10
41 12
41 16
41 17
41 18
41 19
41 22
41 24
41 28
41 29
41 30
41 34
41 44
41 50
41 51
41 53
41 54
41 58
41 60
41 61
41 72
41 73
41 80
41 84
41 102
41 103
41 111
41 112
41 117
41 124
42 5
42 6
42 14
42 15
42 17
42 19
42 23
42 24
42 35
42 37
42 39
42 40
42 43
42 46
42 47
42 49
42 50
42 54
42 55
42 58
42 61
42 68
42 70
42 71
42 74
42 78
42 80
42 82
42 83
42 84
42 85
42 88
42 90
42 97
42 104
42 110
42 111
42 112
42 113
42 114
42 121
42 123
42 124
42 126
43 5
43 8
43 9
43 10
43 11
43 13
43 14
43 15
43 21
43 22
43 26
43 36
43 38
43 41
43 44
43 47
43 49
43 50
43 53
43 58
43 62
43 63
43 67
43 69
43 71
43 74
43 78
43 83
43 85
43 88
43 89
43 97
43 99
43 100
43 102
43 104
43 115
43 116
43 117
43 120
43 126
44 4
44 5
44 6
44 11
44 19
44 21
44 23
44 31
44 32
44 33
44 39
44 44
44 50
44 57
44 59
44 63
44 64
44 70
44 72
44 76
44 77
44 81
44 82
44 84
44 86
44 89
44 93
44 95
44 97
44 98
44 114
44 116
44 120
44 127
45 0
45 3
45 7
45 8
45 9
45 14
45 26
45 28
45 30
45 33
45 35
45 36
45 37
45 38
45 40
45 50
45 55
45 56
45 57
45 58
45 59
45 62
45 63
45 68
45 73
45 77
45 78
45 79
45 80
45 81
45 82
45 84
45 88
45 93
45 95
45 101
45 103
45 105
45 106
45 107
46 3
46 4
46 7
46 9
46 17
46 18
46 21
46 23
46 27
46 32
46 34
46 37
46 38
46 41
46 44
46 48
46 49
46 55
46 56
46 57
46 59
46 61
46 74
46 79
46 80
46 85
46 87
46 93
46 96
46 98
46 99
46 105
46 107
46 109
46 119
46 120
46 122
46 123
46 124
46 125
46 127
47 1
47 13
47 17
47 18
47 22
47 23
47 26
47 27
47 35
47 37
47 39
47 40
47 43
47 47
47 50
47 58
47 70
47 71
47 73
47 74
47 75
47 78
47 79
47 80
47 81
47 83
47 94
47 98
47 100
47 102
47 105
47 106
47 110
47 113
47 115
47 116
47 118
47 126
48 8
48 15
48 18
48 20
48 22
48 28
48 38
48 48
48 59
48 60
48 61
48 62
48 67
48 74
48 77
48 83
48 96
48 97
48 103
48 105
48 108
48 109
48 111
48 113
48 115
48 117
48 121
48 122
48 123
49 6
49 8
49 15
49 17
49 23
49 34
49 39
49 41
49 51
49 52
49 55
49 58
49 61
49 67
49 74
49 76
49 79
49 83
49 84
49 85
49 90
49 93
49 94
49 102
49 103
49 105
49 108
49 110
49 111
49 112
49 114
49 115
49 119
49 121
49 124
50 0
50 2
50 3
50 4
50 8
50 13
50 16
50 19
50 20
50 22
50 24
50 26
50 32
50 41
50 44
50 46
50 50
50 51
50 60
50 65
50 68
50 69
50 71
50 72
50 74
50 77
50 79
50 81
50 84
50 86
50 90
50 93
50 94
50 97
50 101
50 106
50 112
50 114
50 115
50 117
50 119
50 120
50 123
50 127
51 0
51 1
51 4
51 7
51 9
51 11
51 12
51 14
51 15
51 17
51 18
51 24
51 25
51 26
51 34
51 35
51 36
51 37
51 41
51 42
51 45
51 48
51 49
51 50
51 53
51 55
51 57
51 59
51 61
51 65
51 69
51 70
51 80
51 81
51 87
51 98
51 99
51 106
51 109
51 111
51 113
51 115
51 124
51 125
52 4
52 13
52 16
52 18
52 25
52 29
52 31
52 38
52 39
52 44
52 62
52 63
52 68
52 69
52 73
52 76
52 83
52 84
52 85
52 88
52 90
52 93
52 106
52 113
52 115
52 116
52 119
52 120
52 122
52 124
53 1
53 7
53 8
53 12
53 13
53 18
53 20
53 22
53 26
53 32
53 34
53 37
53 38
53 46
53 51
53 53
53 62
53 72
53 84
53 88
53 90
53 95
53 99
53 103
53 105
53 106
53 111
53 121
53 122
53 125
54 1
54 2
54 4
54 7
54 12
54 15
54 21
54 51
54 52
54 54
54 56
54 58
54 62
54 64
54 65
54 66
54 71
54 72
54 77
54 88
54 89
54 96
54 97
54 103
54 107
54 109
54 114
54 117
54 118
54 119
54 121
54 122
54 124
55 0
55 2
55 4
55 6
55 9
55 10
55 18
55 21
55 28
55 32
55 33
55 38
55 39
55 42
55 44
55 55
55 57
55 61
55 62
55 64
55 65
55 66
55 71
55 74
55 75
55 76
55 88
55 92
55 93
55 96
55 103
55 110
55 122
56 2
56 7
56 9
56 11
56 13
56 17
56 19
56 21
56 25
56 26
56 27
56 29
56 37
56 39
56 40
56 42
56 49
56 52
56 63
56 68
56 72
56 74
56 79
56 80
56 82
56 95
56 97
56 101
56 104
56 106
56 110
56 111
56 112
56 113
56 114
56 119
56 124
56 125
56 127
57 0
57 1
57 5
57 12
57 28
57 32
57 37
57 38
57 45
57 48
57 51
57 56
57 57
57 58
57 60
57 62
57 63
57 64
57 66
57 69
57 71
57 72
57 78
57 81
57 82
57 86
57 88
57 92
57 100
57 107
57 108
57 111
57 112
57 115
57 116
57 124
57 127
58 2
58 3
58 8
58 12
58 15
58 17
58 23
58 25
58 30
58 31
58 32
58 33
58 35
58 39
58 40
58 41
58 50
58 53
58 54
58 56
58 57
58 62
58 65
58 66
58 67
58 70
58 71
58 75
58 76
58 82
58 85
58 88
58 89
58 91
58 93
58 97
58 98
58 102
58 103
58 104
58 108
58 111
58 114
58 116
58 117
58 122
58 123
58 126
59 5
59 6
59 7
59 10
59 11
59 12
59 15
59 16
59 17
59 18
59 19
59 21
59 24
59 25
59 26
59 27
59 28
59 32
59 34
59 38
59 47
59 50
59 53
59 65
59 66
59 69
59 72
59 79
59 80
59 85
59 93
59 98
59 101
59 107
59 114
59 117
59 118
59 121
59 122
59 123
59 124
59 125
59 126
60 1
60 6
60 10
60 11
60 14
60 16
60 18
60 19
60 22
60 23
60 33
60 34
60 35
60 42
60 43
60 46
60 49
60 71
60 76
60 77
60 79
60 81
60 82
60 85
60 86
60 94
60 95
60 99
60 101
60 112
60 117
60 120
61 0
61 2
61 3
61 6
61 11
61 12
61 13
61 18
61 19
61 20
61 21
61 22
61 24
61 31
61 38
61 48
61 54
61 57
61 61
61 68
61 71
61 72
61 77
61 78
61 79
61 80
61 83
61 85
61 88
61 94
61 96
61 97
61 101
61 102
61 106
61 110
61 112
61 119
61 123
62 0
62 4
62 8
62 10
62 11
62 13
62 18
62 20
62 26
62 27
62 29
62 32
62 34
62 35
62 40
62 50
62 52
62 53
62 55
62 57
62 63
62 65
62 67
62 71
62 72
62 75
62 83
62 87
62 89
62 102
62 110
62 116
62 117
62 119
62 123
63 1
63 3
63 11
63 14
63 17
63 19
63 22
63 27
63 28
63 31
63 32
63 33
63 38
63 39
63 47
63 53
63 64
63 65
63 73
63 75
63 76
63 77
63 78
63 87
63 88
63 95
63 96
63 98
63 107
63 108
63 110
63 113
63 118
63 120
63 121
63 122
63 123
63 125
63 127
64 0
64 2
64 6
64 9
64 13
64 14
64 21
64 22
64 23
64 28
64 32
64 35
64 40
64 43
64 48
64 51
64 52
64 57
64 61
64 63
64 66
64 71
64 74
64 78
64 79
64 84
64 86
64 87
64 88
64 89
64 92
64 94
64 95
64 98
64 99
64 100
64 105
64 106
64 112
64 117
64 119
64 127
65 14
65 17
65 18
65 22
65 23
65 24
65 37
65 42
65 43
65 46
65 51
65 52
65 55
65 57
65 59
65 60
65 61
65 62
65 64
65 76
65 81
65 82
65 83
65 84
65 87
65 89
65 97
65 98
65 101
65 102
65 105
65 106
65 107
65 110
65 114
65 115
65 116
65 122
65 127
66 0
66 1
66 2
66 3
66 7
66 15
66 19
66 20
66 22
66 24
66 25
66 29
66 30
66 35
66 45
66 46
66 47
66 49
66 55
66 56
66 59
66 67
66 70
66 74
66 78
66 80
66 85
66 93
66 96
66 103
66 108
66 109
66 113
66 114
66 115
66 120
66 121
66 123
66 126
67 1
67 2
67 3
67 4
67 8
67 9
67 11
67 15
67 16
67 25
67 26
67 28
67 33
67 35
67 36
67 40
67 42
67 43
67 45
67 48
67 55
67 60
67 61
67 63
67 67
67 69
67 73
67 74
67 79
67 88
67 89
67 90
67 91
67 95
67 96
67 98
67 101
67 105
67 106
67 107
67 110
67 111
67 113
67 115
67 121
67 122
67 123
67 127
68 1
68 3
68 4
68 6
68 8
68 12
68 14
68 16
68 28
68 30
68 35
68 36
68 37
68 42
68 58
68 60
68 62
68 64
68 65
68 68
68 72
68 73
68 74
68 75
68 76
68 80
68 83
68 89
68 90
68 91
68 92
68 94
68 97
68 100
68 101
68 102
68 105
68 107
68 113
68 116
68 123
68 126
69 3
69 4
69 6
69 9
69 18
69 19
69 20
69 25
69 36
69 38
69 47
69 48
69 49
69 52
69 54
69 55
69 56
69 58
69 64
69 65
69 68
69 72
69 73
69 74
69 78
69 80
69 82
69 86
69 89
69 90
69 93
69 94
69 97
69 102
69 107
69 110
69 116
69 117
69 120
69 122
70 1
70 13
70 15
70 18
70 19
70 20
70 28
70 30
70 31
70 35
70 36
70 40
70 42
70 46
70 47
70 49
70 51
70 52
70 56
70 61
70 64
70 81
70 83
70 87
70 90
70 91
70 94
70 98
70 102
70 105
70 106
70 115
70 116
70 121
70 124
70 126
70 127
71 1
71 3
71 5
71 7
71 9
71 10
71 11
71 13
71 19
71 20
71 25
71 27
71 28
71 33
71 40
71 41
71 46
71 47
71 49
71 52
71 55
71 59
71 65
71 66
71 70
71 88
71 92
71 96
71 98
71 115
71 116
71 117
71 121
72 3
72 7
72 8
72 10
72 12
72 13
72 16
72 21
72 23
72 25
72 26
72 29
72 32
72 33
72 34
72 35
72 41
72 45
72 56
72 60
72 62
72 68
72 71
72 80
72 87
72 90
72 92
72 95
72 97
72 99
72 100
72 104
72 109
72 110
72 113
72 114
72 115
72 116
72 119
72 121
72 126
73 2
73 4
73 6
73 7
73 8
73 17
73 18
73 21
73 23
73 25
73 26
73 30
73 32
73 34
73 36
73 38
73 40
73 44
73 46
73 49
73 57
73 58
73 60
73 65
73 66
73 69
73 71
73 74
73 81
73 86
73 90
73 91
73 95
73 97
73 100
73 102
73 103
73 106
73 114
73 121
73 123
74 0
74 2
74 5
74 6
74 12
74 13
74 15
74 16
74 17
74 18
74 20
74 25
74 27
74 31
74 33
74 34
74 36
74 38
74 41
74 48
74 49
74 53
74 57
74 59
74 61
74 64
74 65
74 69
74 73
74 78
74 83
74 86
74 98
74 99
74 105
74 108
74 111
74 113
74 115
74 116
75 3
75 5
75 6
75 8
75 12
75 14
75 16
75 18
75 20
75 25
75 29
75 32
75 34
75 39
75 43
75 44
75 49
75 53
75 58
75 61
75 63
75 64
75 66
75 69
75 70
75 71
75 74
75 77
75 78
75 81
75 84
75 87
75 88
75 101
75 104
75 113
75 118
75 119
75 123
75 124
75 126
76 1
76 2
76 3
76 4
76 6
76 8
76 12
76 18
76 22
76 26
76 33
76 34
76 39
76 43
76 44
76 45
76 47
76 49
76 51
76 52
76 54
76 57
76 61
76 64
76 65
76 69
76 74
76 78
76 80
76 88
76 91
76 92
76 94
76 95
76 99
76 101
76 106
76 110
76 111
76 119
76 121
76 122
77 0
77 3
77 4
77 6
77 9
77 14
77 18
77 19
77 20
77 22
77 23
77 24
77 28
77 32
77 33
77 34
77 39
77 41
77 47
77 48
77 51
77 53
77 58
77 67
77 68
77 81
77 83
77 93
77 94
77 96
77 97
77 101
77 105
77 109
77 116
77 120
77 126
78 2
78 3
78 6
78 9
78 27
78 28
78 30
78 35
78 37
78 38
78 45
78 46
78 47
78 56
78 59
78 60
78 64
78 69
78 72
78 73
78 74
78 84
78 90
78 98
78 99
78 101
78 104
78 107
78 108
78 112
78 116
78 119
78 123
79 0
79 2
79 3
79 11
79 15
79 17
79 19
79 20
79 21
79 23
79 31
79 32
79 36
79 38
79 40
79 44
79 49
79 53
79 62
79 63
79 64
79 71
79 76
79 77
79 78
79 80
79 83
79 85
79 89
79 91
79 98
79 103
79 104
79 105
79 111
79 114
79 116
79 122
79 124
80 0
80 2
80 3
80 5
80 10
80 15
80 20
80 24
80 25
80 39
80 41
80 46
80 52
80 53
80 60
80 61
80 63
80 64
80 66
80 72
80 74
80 75
80 79
80 82
80 84
80 95
80 96
80 101
80 103
80 106
80 109
80 111
80 112
80 120
80 123
81 2
81 3
81 4
81 5
81 6
81 8
81 13
81 20
81 23
81 25
81 29
81 35
81 36
81 38
81 39
81 40
81 42
81 53
81 55
81 60
81 62
81 69
81 71
81 79
81 80
81 84
81 87
81 92
81 93
81 94
81 102
81 104
81 107
81 108
81 110
81 113
81 114
81 119
81 121
81 124
81 127
82 0
82 2
82 8
82 10
82 25
82 26
82 27
82 32
82 34
82 37
82 41
82 49
82 52
82 53
82 57
82 58
82 59
82 62
82 63
82 71
82 72
82 74
82 77
82 78
82 79
82 81
82 82
82 85
82 86
82 89
82 93
82 95
82 97
82 98
82 99
82 104
82 109
82 111
82 112
82 115
82 118
82 120
82 122
82 123
82 125
83 0
83 2
83 9
83 16
83 20
83 22
83 23
83 27
83 31
83 32
83 35
83 39
83 42
83 43
83 47
83 51
83 52
83 54
83 63
83 67
83 68
83 69
83 70
83 76
83 81
83 88
83 89
83 101
83 107
83 108
83 110
83 112
83 113
83 114
83 115
83 116
83 122
84 3
84 4
84 8
84 9
84 10
84 13
84 16
84 26
84 27
84 28
84 33
84 39
84 40
84 42
84 44
84 45
84 46
84 51
84 52
84 54
84 62
84 64
84 66
84 70
84 73
84 74
84 79
84 81
84 82
84 83
84 84
84 96
84 101
84 103
84 105
84 109
84 113
84 114
84 116
84 120
84 121
84 126
85 3
85 4
85 6
85 8
85 11
85 12
85 15
85 17
85 18
85 20
85 38
85 39
85 40
85 45
85 46
85 52
85 57
85 58
85 60
85 61
85 66
85 67
85 69
85 77
85 78
85 83
85 85
85 86
85 88
85 90
85 92
85 99
85 103
85 107
85 108
85 122
85 124
85 125
86 7
86 10
86 15
86 20
86 31
86 34
86 39
86 40
86 41
86 42
86 43
86 46
86 48
86 51
86 52
86 56
86 57
86 61
86 62
86 72
86 75
86 78
86 80
86 88
86 89
86 90
86 91
86 94
86 95
86 97
86 99
86 101
86 107
86 109
86 110
86 111
86 112
86 113
86 119
86 121
86 122
86 126
86 127
87 2
87 3
87 5
87 10
87 11
87 17
87 19
87 21
87 24
87 25
87 28
87 33
87 38
87 39
87 41
87 45
87 51
87 52
87 55
87 60
87 61
87 67
87 71
87 74
87 87
87 90
87 94
87 95
87 97
87 98
87 101
87 102
87 105
87 108
87 113
87 114
87 119
87 127
88 3
88 4
88 7
88 10
88 11
88 13
88 14
88 16
88 20
88 25
88 26
88 32
88 35
88 38
88 41
88 44
88 55
88 56
88 61
88 66
88 72
88 74
88 78
88 90
88 94
88 101
88 103
88 112
88 114
88 115
88 119
88 121
88 122
88 123
88 127
89 2
89 3
89 4
89 25
89 30
89 31
89 41
89 44
89 48
89 49
89 50
89 51
89 53
89 59
89 61
89 62
89 74
89 76
89 77
89 79
89 80
89 84
89 88
89 93
89 94
89 97
89 98
89 101
89 103
89 104
89 107
89 109
89 110
89 114
89 118
90 10
90 18
90 22
90 24
90 32
90 36
90 41
90 42
90 52
90 53
90 63
90 65
90 68
90 70
90 72
90 75
90 76
90 77
90 84
90 86
90 87
90 88
90 99
90 110
90 112
90 114
90 116
90 119
90 123
90 126
91 3
91 11
91 13
91 14
91 15
91 19
91 22
91 24
91 26
91 31
91 32
91 35
91 38
91 57
91 65
91 70
91 71
91 77
91 84
91 89
91 91
91 95
91 99
91 100
91 104
91 110
91 112
91 118
91 122
91 127
92 0
92 3
92 6
92 12
92 13
92 18
92 23
92 24
92 29
92 31
92 32
92 34
92 35
92 41
92 43
92 52
92 54
92 55
92 61
92 63
92 68
92 69
92 72
92 85
92 89
92 90
92 91
92 92
92 98
92 99
92 112
92 116
92 120
92 125
92 126
93 2
93 3
93 4
93 5
93 7
93 11
93 14
93 17
93 20
93 29
93 31
93 33
93 35
93 36
93 40
93 41
93 46
93 48
93 49
93 53
93 55
93 61
93 63
93 65
93 68
93 69
93 77
93 79
93 81
93 82
93 83
93 88
93 89
93 91
93 92
93 94
93 96
93 100
93 107
93 108
93 109
93 117
93 122
94 1
94 12
94 15
94 16
94 17
94 18
94 22
94 27
94 28
94 29
94 32
94 33
94 34
94 40
94 43
94 44
94 46
94 52
94 58
94 64
94 70
94 72
94 79
94 84
94 86
94 91
94 104
94 106
94 107
94 110
94 112
94 113
94 114
94 116
94 120
94 121
94 124
94 125
94 126
95 2
95 3
95 4
95 6
95 8
95 13
95 18
95 19
95 21
95 22
95 23
95 26
95 27
95 29
95 36
95 39
95 40
95 41
95 42
95 44
95 45
95 46
95 50
95 57
95 58
95 60
95 62
95 63
95 66
95 68
95 72
95 74
95 77
95 78
95 83
95 85
95 89
95 91
95 92
95 97
95 113
95 117
95 120
95 121
95 123
96 6
96 7
96 12
96 17
96 20
96 22
96 29
96 32
96 38
96 42
96 43
96 54
96 58
96 64
96 67
96 72
96 75
96 76
96 79
96 86
96 93
96 94
96 97
96 103
96 107
96 108
96 109
96 110
96 112
96 113
96 114
96 115
96 120
96 121
96 122
96 123
96 127
97 1
97 5
97 6
97 9
97 11
97 14
97 27
97 32
97 35
97 38
97 39
97 40
97 43
97 50
97 51
97 52
97 59
97 61
97 70
97 74
97 83
97 84
97 86
97 87
97 91
97 93
97 104
97 105
97 106
97 108
97 110
97 116
97 119
97 124
97 126
97 127
98 0
98 8
98 9
98 16
98 17
98 18
98 21
98 25
98 28
98 35
98 38
98 46
98 48
98 52
98 53
98 55
98 57
98 59
98 66
98 67
98 69
98 72
98 73
98 74
98 77
98 79
98 81
98 90
98 96
98 99
98 102
98 104
98 105
98 108
98 109
98 111
98 112
98 115
98 118
98 122
98 123
98 124
98 125
98 127
99 0
99 3
99 11
99 15
99 16
99 19
99 21
99 24
99 25
99 29
99 32
99 35
99 37
99 45
99 46
99 47
99 48
99 49
99 53
99 61
99 66
99 69
99 73
99 77
99 78
99 80
99 83
99 84
99 85
99 90
99 92
99 97
99 98
99 101
99 105
99 107
99 108
99 109
99 114
99 116
99 120
99 121
99 124
99 126
100 5
100 13
100 17
100 33
100 34
100 37
100 39
100 52
100 53
100 58
100 59
100 63
100 64
100 66
100 67
100 68
100 69
100 70
100 71
100 72
100 73
100 84
100 89
100 90
100 92
100 98
100 101
100 102
100 111
100 116
100 121
100 122
100 123
100 126
101 0
101 2
101 3
101 5
101 10
101 13
101 15
101 19
101 28
101 29
101 30
101 33
101 36
101 37
101 47
101 51
101 53
101 60
101 63
101 65
101 67
101 72
101 74
101 75
101 78
101 83
101 84
101 85
101 89
101 92
101 93
101 95
101 99
101 102
101 104
101 105
101 109
101 110
101 114
101 115
101 116
101 119
101 120
101 121
101 122
101 123
101 124
101 125
102 0
102 1
102 3
102 5
102 9
102 10
102 13
102 17
102 19
102 23
102 25
102 36
102 43
102 48
102 54
102 57
102 59
102 61
102 65
102 66
102 67
102 68
102 69
102 71
102 72
102 77
102 86
102 98
102 99
102 100
102 108
102 111
102 113
102 117
102 121
103 3
103 5
103 6
103 14
103 23
103 24
103 28
103 30
103 31
103 32
103 36
103 37
103 39
103 42
103 49
103 50
103 56
103 61
103 68
103 69
103 78
103 79
103 80
103 81
103 83
103 84
103 85
103 86
103 88
103 93
103 95
103 96
103 102
103 110
103 112
103 113
103 118
103 123
104 1
104 3
104 7
104 10
104 11
104 13
104 15
104 24
104 25
104 26
104 29
104 32
104 39
104 41
104 42
104 43
104 47
104 49
104 51
104 56
104 57
104 60
104 61
104 65
104 66
104 71
104 73
104 74
104 76
104 79
104 82
104 85
104 87
104 90
104 104
104 106
104 108
104 113
104 116
104 118
104 123
104 127
105 1
105 5
105 10
105 13
105 18
105 20
105 21
105 24
105 31
105 41
105 44
105 45
105 46
105 49
105 51
105 53
105 57
105 69
105 71
105 75
105 78
105 87
105 88
105 93
105 99
105 100
105 101
105 103
105 116
105 118
105 120
105 125
106 2
106 7
106 10
106 12
106 13
106 14
106 18
106 21
106 22
106 23
106 25
106 26
106 28
106 35
106 37
106 51
106 52
106 54
106 57
106 60
106 62
106 63
106 69
106 70
106 72
106 78
106 81
106 85
106 91
106 92
106 98
106 100
106 102
106 108
106 110
106 111
106 113
106 124
106 126
107 0
107 1
107 2
107 5
107 6
107 10
107 11
107 20
107 21
107 24
107 28
107 29
107 37
107 38
107 41
107 44
107 48
107 53
107 56
107 59
107 60
107 61
107 74
107 79
107 80
107 81
107 86
107 90
107 91
107 92
107 94
107 96
107 99
107 102
107 109
107 112
107 115
107 122
107 127
108 0
108 2
108 5
108 21
108 22
108 23
108 31
108 33
108 37
108 39
108 41
108 43
108 44
108 48
108 53
108 54
108 62
108 64
108 66
108 68
108 69
108 71
108 79
108 84
108 87
108 91
108 94
108 95
108 102
108 103
108 105
108 110
108 113
108 114
108 118
108 119
108 120
108 121
108 126
109 0
109 3
109 5
109 6
109 10
109 13
109 14
109 15
109 18
109 20
109 22
109 24
109 26
109 27
109 40
109 42
109 44
109 48
109 59
109 62
109 64
109 65
109 66
109 69
109 71
109 72
109 77
109 87
109 88
109 89
109 91
109 93
109 95
109 98
109 101
109 103
109 105
109 111
109 113
109 114
109 115
109 117
109 127
110 1
110 2
110 8
110 17
110 19
110 25
110 32
110 35
110 42
110 49
110 50
110 51
110 53
110 56
110 66
110 75
110 77
110 78
110 83
110 86
110 93
110 100
110 104
110 112
110 114
110 120
110 121
110 126
111 3
111 7
111 8
111 17
111 19
111 24
111 25
111 26
111 29
111 37
111 40
111 41
111 44
111 45
111 47
111 52
111 54
111 57
111 60
111 61
111 62
111 63
111 66
111 67
111 74
111 80
111 81
111 82
111 86
111 89
111 92
111 96
111 104
111 108
111 112
111 113
111 114
111 115
111 117
111 119
111 122
111 123
112 0
112 3
112 10
112 11
112 14
112 16
112 24
112 26
112 30
112 32
112 34
112 36
112 39
112 41
112 46
112 47
112 50
112 53
112 54
112 65
112 75
112 79
112 86
112 87
112 89
112 91
112 92
112 95
112 100
112 105
112 106
112 107
112 112
112 122
112 124
113 2
113 5
113 6
113 9
113 13
113 18
113 19
113 20
113 25
113 28
113 29
113 41
113 42
113 43
113 49
113 52
113 56
113 58
113 59
113 61
113 62
113 64
113 65
113 68
113 71
113 88
113 93
113 94
113 97
113 99
113 101
113 103
113 109
113 110
113 114
113 115
113 117
113 118
113 121
114 3
114 6
114 11
114 13
114 18
114 19
114 20
114 23
114 27
114 34
114 36
114 37
114 38
114 39
114 42
114 45
114 47
114 52
114 54
114 56
114 60
114 69
114 73
114 75
114 76
114 83
114 88
114 89
114 90
114 98
114 100
114 101
114 104
114 105
114 106
114 109
114 110
114 111
114 113
114 116
114 120
114 126
115 0
115 2
115 3
115 8
115 14
115 21
115 24
115 25
115 26
115 28
115 31
115 34
115 44
115 45
115 57
115 59
115 64
115 66
115 67
115 70
115 82
115 83
115 86
115 89
115 93
115 96
115 97
115 98
115 102
115 104
115 110
115 111
115 117
115 118
115 127
116 0
116 2
116 5
116 17
116 18
116 21
116 23
116 27
116 30
116 31
116 35
116 36
116 38
116 43
116 47
116 48
116 51
116 53
116 57
116 58
116 61
116 62
116 68
116 72
116 85
116 94
116 99
116 100
116 112
116 113
116 114
116 121
116 122
116 123
117 8
117 9
117 10
117 11
117 15
117 19
117 39
117 40
117 41
117 45
117 46
117 48
117 49
117 52
117 54
117 56
117 59
117 60
117 63
117 65
117 68
117 72
117 73
117 76
117 77
117 79
117 80
117 84
117 86
117 87
117 90
117 93
117 97
117 100
117 101
117 102
117 103
117 114
117 116
117 117
117 121
117 123
118 1
118 2
118 3
118 4
118 13
118 17
118 19
118 21
118 22
118 30
118 31
118 32
118 34
118 36
118 45
118 47
118 50
118 60
118 61
118 62
118 63
118 65
118 66
118 70
118 72
118 75
118 79
118 90
118 91
118 95
118 104
118 105
118 108
118 111
118 114
118 115
118 116
118 118
118 122
118 124
118 125
118 127
119 9
119 13
119 15
119 31
119 35
119 39
119 43
119 44
119 46
119 54
119 64
119 67
119 69
119 74
119 80
119 88
119 90
119 93
119 95
119 97
119 98
119 103
119 104
119 105
119 113
119 115
119 117
119 119
119 120
119 121
120 8
120 14
120 15
120 26
120 30
120 32
120 33
120 39
120 40
120 41
120 45
120 51
120 52
120 59
120 64
120 65
120 68
120 69
120 71
120 76
120 85
120 86
120 89
120 91
120 92
120 98
120 101
120 103
120 106
120 108
120 110
120 114
120 117
120 121
120 122
121 0
121 2
121 3
121 8
121 9
121 18
121 21
121 22
121 25
121 29
121 33
121 34
121 38
121 40
121 45
121 51
121 71
121 73
121 74
121 77
121 78
121 79
121 82
121 83
121 85
121 87
121 92
121 94
121 103
121 105
121 116
121 117
121 121
121 122
121 124
121 126
121 127
122 9
122 10
122 14
122 18
122 21
122 23
122 30
122 31
122 35
122 36
122 37
122 39
122 41
122 49
122 50
122 55
122 59
122 60
122 61
122 67
122 69
122 72
122 73
122 78
122 79
122 81
122 85
122 89
122 92
122 93
122 95
122 96
122 98
122 104
122 116
122 117
122 120
122 124
122 127
123 4
123 8
123 12
123 15
123 16
123 21
123 22
123 24
123 25
123 27
123 28
123 34
123 36
123 45
123 47
123 50
123 52
123 54
123 58
123 62
123 65
123 69
123 72
123 74
123 75
123 80
123 81
123 82
123 83
123 85
123 92
123 96
123 98
123 103
123 107
123 111
123 114
123 119
123 120
123 127
124 0
124 3
124 5
124 8
124 9
124 13
124 15
124 17
124 23
124 24
124 25
124 26
124 29
124 32
124 36
124 38
124 40
124 41
124 45
124 46
124 47
124 48
124 54
124 59
124 60
124 65
124 66
124 70
124 71
124 78
124 80
124 82
124 88
124 89
124 93
124 96
124 104
124 105
124 106
124 107
124 111
124 112
124 118
124 121
125 1
125 2
125 6
125 9
125 16
125 20
125 22
125 25
125 29
125 33
125 35
125 39
125 40
125 44
125 46
125 50
125 52
125 55
125 58
125 60
125 62
125 63
125 66
125 68
125 73
125 82
125 85
125 88
125 90
125 97
125 98
125 100
125 107
125 120
125 126
126 1
126 8
126 9
126 13
126 23
126 26
126 29
126 31
126 34
126 35
126 42
126 44
126 46
126 48
126 49
126 50
126 57
126 58
126 60
126 67
126 70
126 72
126 76
126 78
126 81
126 87
126 99
126 108
126 109
126 110
126 111
126 112
126 113
126 115
127 2
127 6
127 14
127 15
127 17
127 22
127 25
127 28
127 33
127 35
127 36
127 40
127 42
127 44
127 49
127 59
127 61
127 68
127 72
127 78
127 86
127 87
127 89
127 94
127 98
127 102
127 105
127 109
127 112
127 115
127 116
127 117
127 119
