0 59
1 35
1 91
2 28
4 44
4 63
4 85
6 92
9 81
12 101
13 67
13 73
13 112
14 118
15 76
18 57
21 15
21 118
22 113
26 19
26 106
27 43
28 11
29 61
31 106
32 62
38 23
41 108
42 6
42 41
42 62
43 53
43 108
44 18
44 46
46 14
48 4
51 39
52 39
54 33
54 119
55 29
55 32
62 60
64 20
64 93
65 1
66 50
67 104
69 36
69 94
70 121
71 15
71 127
73 4
74 20
74 69
75 60
76 119
78 3
78 105
80 114
81 46
83 59
84 57
87 13
87 75
88 59
88 65
89 17
89 52
89 56
90 109
93 61
97 99
97 120
98 119
99 115
102 50
102 126
105 65
106 52
107 27
110 74
110 80
111 95
114 58
116 101
117 32
117 55
118 97
119 5
120 74
120 81
121 2
121 44
121 96
121 100
123 18
127 97
