0 9
0 30
0 31
0 40
0 42
0 49
0 51
0 56
0 94
0 99
0 112
0 122
1 20
1 25
1 26
1 29
1 36
1 41
1 50
1 56
1 57
1 59
1 61
1 73
1 74
1 76
1 83
1 86
1 98
1 104
1 113
1 116
1 125
2 6
2 9
2 11
2 23
2 31
2 42
2 49
2 53
2 57
2 58
2 70
2 76
2 88
2 95
2 98
2 99
2 101
2 104
2 111
2 113
3 3
3 11
3 12
3 16
3 31
3 32
3 34
3 41
3 66
3 79
3 90
3 97
3 106
3 107
3 108
3 126
4 12
4 13
4 17
4 23
4 26
4 27
4 30
4 74
4 77
4 85
4 87
4 102
4 105
4 107
4 112
4 117
4 127
5 7
5 11
5 14
5 16
5 19
5 25
5 28
5 32
5 38
5 58
5 64
5 70
5 75
5 79
5 82
5 94
5 95
5 104
5 118
5 119
5 124
5 126
6 3
6 4
6 14
6 15
6 18
6 20
6 26
6 29
6 30
6 32
6 33
6 43
6 49
6 54
6 55
6 58
6 60
6 62
6 77
6 79
6 84
6 94
6 99
6 109
6 110
6 113
6 115
6 124
7 15
7 32
7 40
7 41
7 43
7 48
7 54
7 60
7 71
7 73
7 89
7 91
7 96
7 110
7 121
7 126
8 5
8 7
8 15
8 25
8 40
8 44
8 59
8 62
8 68
8 81
8 82
8 85
8 91
8 95
8 113
8 114
8 115
9 10
9 27
9 35
9 38
9 48
9 49
9 51
9 54
9 55
9 76
9 78
9 85
9 87
9 99
9 109
9 118
9 127
10 1
10 5
10 12
10 16
10 21
10 32
10 34
10 38
10 45
10 47
10 49
10 51
10 53
10 56
10 57
10 59
10 77
10 81
10 92
10 96
10 105
10 112
10 125
10 126
11 1
11 19
11 23
11 36
11 52
11 54
11 56
11 59
11 63
11 77
11 84
11 96
11 103
11 113
11 125
12 1
12 25
12 29
12 38
12 45
12 54
12 64
12 65
12 67
12 72
12 76
12 77
12 84
12 85
12 112
12 117
12 126
13 5
13 12
13 16
13 17
13 19
13 26
13 31
13 40
13 42
13 45
13 51
13 56
13 63
13 64
13 65
13 71
13 85
13 101
13 117
13 122
14 5
14 8
14 22
14 27
14 28
14 38
14 44
14 52
14 61
14 70
14 79
14 83
14 84
14 91
14 105
14 106
14 121
14 123
14 126
15 6
15 8
15 16
15 19
15 25
15 27
15 30
15 39
15 44
15 48
15 52
15 55
15 56
15 68
15 94
15 96
15 101
15 102
15 112
15 123
15 125
15 126
16 6
16 12
16 16
16 17
16 22
16 25
16 26
16 27
16 37
16 43
16 55
16 58
16 64
16 66
16 82
16 85
16 114
16 122
17 13
17 14
17 41
17 52
17 58
17 67
17 70
17 71
17 74
17 76
17 84
17 85
17 87
17 90
17 98
17 99
17 101
17 105
17 107
17 110
17 122
17 126
18 33
18 58
18 59
18 63
18 74
18 83
18 88
18 94
18 100
18 102
18 103
18 111
18 113
18 127
19 3
19 15
19 25
19 28
19 36
19 42
19 44
19 45
19 46
19 55
19 65
19 68
19 77
19 94
19 99
19 111
19 127
20 6
20 15
20 18
20 29
20 38
20 56
20 81
20 82
20 84
20 90
20 99
20 102
20 106
20 111
20 121
20 126
21 10
21 12
21 19
21 25
21 26
21 29
21 45
21 50
21 60
21 71
21 85
21 86
21 97
21 103
21 107
21 126
22 0
22 7
22 14
22 19
22 20
22 26
22 28
22 36
22 39
22 42
22 56
22 64
22 67
22 74
22 79
22 87
22 100
22 119
23 12
23 15
23 30
23 48
23 52
23 53
23 56
23 70
23 71
23 74
23 78
23 87
23 104
23 115
23 121
23 124
24 10
24 22
24 37
24 39
24 50
24 58
24 60
24 74
24 82
24 87
24 89
24 110
24 123
24 125
24 126
24 127
25 20
25 22
25 32
25 44
25 47
25 59
25 63
25 64
25 67
25 70
25 74
25 79
25 80
25 86
25 88
25 103
25 105
25 110
26 2
26 12
26 13
26 20
26 25
26 26
26 33
26 38
26 50
26 54
26 59
26 61
26 65
26 72
26 73
26 86
26 88
26 98
26 102
26 104
26 118
26 119
27 3
27 10
27 16
27 31
27 33
27 34
27 55
27 57
27 58
27 62
27 67
27 70
27 71
27 73
27 75
27 77
27 88
27 92
27 100
27 101
27 107
27 108
28 10
28 16
28 37
28 41
28 56
28 57
28 63
28 71
28 73
28 81
28 86
28 95
28 98
28 100
28 101
28 109
28 112
28 114
28 115
28 116
28 118
29 4
29 8
29 10
29 16
29 31
29 41
29 48
29 51
29 56
29 57
29 59
29 60
29 69
29 78
29 87
29 89
29 91
29 92
29 108
29 109
29 113
29 119
29 126
30 1
30 2
30 13
30 23
30 26
30 27
30 28
30 30
30 35
30 53
30 54
30 57
30 58
30 68
30 70
30 73
30 84
30 97
30 100
30 101
30 114
30 117
31 2
31 9
31 22
31 31
31 34
31 43
31 48
31 51
31 57
31 60
31 62
31 73
31 93
31 96
31 97
31 103
31 108
31 111
31 115
31 120
31 123
32 3
32 6
32 7
32 9
32 18
32 19
32 21
32 26
32 29
32 32
32 39
32 40
32 48
32 49
32 60
32 61
32 62
32 64
32 71
32 75
32 76
32 82
32 92
32 101
32 102
32 104
32 112
32 117
32 126
33 0
33 1
33 5
33 6
33 16
33 27
33 33
33 34
33 39
33 45
33 58
33 61
33 66
33 69
33 90
33 98
33 110
34 17
34 25
34 41
34 42
34 49
34 53
34 62
34 64
34 75
34 78
34 84
34 86
34 94
34 112
34 115
34 120
34 125
34 126
35 3
35 4
35 7
35 16
35 18
35 22
35 26
35 28
35 37
35 41
35 45
35 59
35 60
35 66
35 71
35 72
35 87
35 103
35 105
35 127
36 0
36 13
36 27
36 46
36 51
36 56
36 59
36 64
36 74
36 79
36 81
36 83
36 88
36 97
36 106
36 107
36 117
37 11
37 25
37 50
37 56
37 60
37 70
37 78
37 85
37 89
37 99
37 103
37 104
37 108
37 119
38 12
38 20
38 22
38 49
38 60
38 64
38 65
38 67
38 71
38 74
38 108
38 109
38 111
38 112
39 3
39 14
39 29
39 36
39 44
39 84
39 85
39 99
39 119
40 3
40 18
40 26
40 28
40 33
40 46
40 48
40 59
40 65
40 73
40 78
40 80
40 87
40 91
40 92
40 97
40 103
40 106
41 29
41 33
41 37
41 42
41 51
41 70
41 76
41 80
41 83
41 84
41 96
41 101
41 107
41 117
41 118
41 120
42 0
42 9
42 15
42 20
42 22
42 24
42 31
42 43
42 45
42 47
42 55
42 65
42 81
42 82
42 91
42 92
42 94
42 95
42 113
43 3
43 14
43 20
43 25
43 30
43 45
43 51
43 60
43 64
43 77
43 85
43 89
43 94
43 104
43 110
43 123
43 127
44 0
44 4
44 9
44 11
44 17
44 19
44 25
44 34
44 36
44 46
44 56
44 58
44 69
44 70
44 73
44 82
44 87
44 94
44 99
45 8
45 16
45 40
45 44
45 63
45 75
45 85
45 90
45 103
45 104
45 109
45 113
45 124
46 1
46 3
46 5
46 8
46 11
46 20
46 24
46 35
46 40
46 45
46 50
46 59
46 64
46 79
46 91
46 92
46 96
46 105
46 106
46 120
46 124
47 15
47 19
47 26
47 31
47 36
47 37
47 41
47 45
47 48
47 63
47 73
47 84
47 87
47 91
47 106
47 111
47 115
47 119
48 5
48 23
48 31
48 43
48 44
48 55
48 57
48 69
48 70
48 75
48 80
48 82
48 94
48 97
48 99
48 101
48 110
48 118
48 120
49 5
49 6
49 15
49 16
49 18
49 22
49 24
49 29
49 34
49 35
49 40
49 48
49 54
49 89
49 91
49 92
49 97
49 100
49 108
49 110
49 120
49 122
50 5
50 14
50 16
50 18
50 41
50 42
50 49
50 51
50 70
50 75
50 83
50 88
50 108
50 109
50 118
50 123
51 4
51 5
51 10
51 26
51 29
51 30
51 39
51 43
51 45
51 46
51 50
51 64
51 66
51 69
51 71
51 74
51 77
51 80
51 86
51 93
51 95
51 97
51 127
52 4
52 7
52 9
52 12
52 13
52 14
52 30
52 36
52 37
52 38
52 41
52 47
52 51
52 53
52 62
52 78
52 82
52 86
52 96
52 100
52 101
52 117
53 0
53 4
53 9
53 14
53 15
53 28
53 42
53 56
53 59
53 65
53 69
53 76
53 77
53 87
53 88
53 91
53 96
53 100
53 111
54 0
54 3
54 7
54 19
54 20
54 21
54 25
54 27
54 42
54 44
54 45
54 55
54 60
54 73
54 75
54 83
54 88
54 95
54 105
54 108
54 121
55 1
55 5
55 10
55 23
55 24
55 29
55 32
55 35
55 40
55 41
55 49
55 50
55 56
55 64
55 69
55 70
55 72
55 80
55 87
55 90
55 99
55 101
55 125
56 12
56 22
56 27
56 29
56 33
56 35
56 39
56 40
56 45
56 53
56 55
56 61
56 69
56 74
56 76
56 77
56 78
56 88
56 99
56 108
56 110
56 115
56 120
56 121
56 122
57 1
57 10
57 21
57 28
57 43
57 45
57 46
57 54
57 64
57 73
57 75
57 82
57 87
57 91
57 100
57 102
57 109
57 116
57 123
58 6
58 8
58 16
58 19
58 23
58 28
58 34
58 35
58 39
58 53
58 54
58 69
58 81
58 87
58 93
58 102
58 104
58 122
58 127
59 3
59 16
59 24
59 58
59 60
59 62
59 80
59 93
59 94
59 95
59 96
59 98
59 107
59 109
59 111
59 113
59 115
59 126
59 127
60 5
60 6
60 8
60 12
60 21
60 30
60 32
60 39
60 42
60 62
60 63
60 64
60 69
60 71
60 80
60 86
60 92
60 95
60 97
60 99
60 111
60 113
60 115
60 116
60 117
60 119
60 123
60 125
61 6
61 8
61 11
61 27
61 32
61 45
61 48
61 50
61 52
61 78
61 99
61 107
61 127
62 3
62 14
62 15
62 23
62 24
62 31
62 37
62 39
62 49
62 51
62 53
62 54
62 59
62 65
62 68
62 88
62 90
62 97
62 99
62 100
62 102
62 103
62 123
62 126
62 127
63 9
63 10
63 11
63 24
63 27
63 32
63 36
63 42
63 46
63 53
63 55
63 56
63 59
63 68
63 94
63 112
63 113
63 115
63 124
63 127
64 0
64 2
64 5
64 18
64 22
64 29
64 46
64 53
64 59
64 66
64 79
64 89
64 98
64 99
64 101
64 103
64 106
64 109
64 111
64 114
64 116
64 121
64 126
64 127
65 2
65 7
65 10
65 15
65 18
65 19
65 25
65 26
65 28
65 29
65 31
65 32
65 54
65 63
65 72
65 75
65 77
65 81
65 91
65 97
65 100
65 108
65 111
65 120
65 122
65 126
66 2
66 17
66 36
66 38
66 40
66 42
66 49
66 61
66 62
66 69
66 71
66 73
66 76
66 86
66 90
66 100
66 117
66 120
66 121
66 126
67 9
67 10
67 14
67 15
67 19
67 32
67 35
67 41
67 59
67 65
67 82
67 88
67 97
67 108
67 112
67 117
68 10
68 16
68 33
68 47
68 49
68 56
68 60
68 61
68 63
68 70
68 78
68 79
68 89
68 91
68 93
68 100
68 108
68 109
68 110
68 113
68 118
68 123
68 124
69 6
69 26
69 35
69 38
69 50
69 55
69 56
69 57
69 60
69 64
69 66
69 68
69 72
69 77
69 78
69 85
69 92
69 99
69 105
69 106
69 122
69 123
70 1
70 14
70 32
70 34
70 44
70 51
70 66
70 72
70 73
70 75
70 77
70 79
70 99
70 100
70 101
71 2
71 5
71 9
71 15
71 23
71 29
71 33
71 35
71 36
71 43
71 51
71 60
71 94
71 99
71 105
71 106
71 110
71 115
71 121
71 123
72 6
72 19
72 35
72 45
72 56
72 58
72 66
72 73
72 81
72 85
72 95
72 97
72 99
72 108
72 110
72 115
73 9
73 25
73 29
73 35
73 39
73 54
73 56
73 61
73 63
73 65
73 71
73 79
73 90
73 98
73 100
73 101
73 116
74 2
74 5
74 18
74 20
74 30
74 36
74 39
74 42
74 53
74 57
74 84
74 88
74 91
74 93
74 103
74 104
74 106
74 117
75 5
75 15
75 47
75 60
75 63
75 65
75 69
75 76
75 82
75 90
75 93
75 94
75 95
75 103
75 111
76 3
76 13
76 15
76 18
76 21
76 23
76 28
76 34
76 40
76 47
76 77
76 89
76 100
76 111
76 114
76 118
76 119
76 121
77 6
77 12
77 26
77 27
77 63
77 67
77 68
77 71
77 75
77 78
77 80
77 82
77 87
77 89
77 95
77 97
77 101
77 102
77 108
77 111
77 114
77 127
78 10
78 12
78 15
78 16
78 23
78 27
78 37
78 38
78 39
78 49
78 51
78 56
78 58
78 62
78 63
78 67
78 72
78 75
78 77
78 79
78 80
78 81
78 86
78 106
78 116
78 127
79 4
79 22
79 24
79 28
79 31
79 43
79 52
79 54
79 58
79 69
79 78
79 80
79 101
80 1
80 7
80 23
80 36
80 37
80 38
80 62
80 63
80 66
80 69
80 73
80 75
80 82
80 85
80 88
80 103
80 111
80 112
80 114
80 123
81 2
81 7
81 11
81 16
81 35
81 38
81 47
81 49
81 58
81 63
81 77
81 92
81 94
81 107
81 122
82 6
82 16
82 20
82 32
82 36
82 37
82 50
82 51
82 52
82 74
82 86
82 107
82 109
82 118
82 127
83 0
83 15
83 23
83 31
83 39
83 42
83 48
83 55
83 68
83 78
83 79
83 83
83 91
83 101
83 103
83 106
83 112
83 114
83 122
84 20
84 26
84 27
84 30
84 54
84 69
84 74
84 75
84 79
84 101
84 116
84 118
85 4
85 22
85 23
85 32
85 36
85 38
85 48
85 53
85 55
85 74
85 83
85 84
85 108
85 119
85 121
85 122
86 17
86 20
86 24
86 27
86 42
86 47
86 58
86 69
86 73
86 74
86 82
86 83
86 90
86 98
86 102
86 103
86 106
86 117
86 119
86 121
86 122
86 124
86 127
87 3
87 5
87 9
87 10
87 14
87 19
87 22
87 39
87 42
87 46
87 59
87 88
87 90
87 98
87 105
87 111
88 2
88 17
88 42
88 49
88 55
88 58
88 66
88 72
88 74
88 77
88 98
88 99
88 106
88 119
88 121
88 125
89 5
89 7
89 13
89 18
89 23
89 29
89 33
89 34
89 43
89 48
89 55
89 57
89 65
89 68
89 75
89 81
89 90
89 91
89 104
89 108
89 110
89 115
89 118
90 3
90 12
90 45
90 48
90 70
90 71
90 76
90 77
90 80
90 81
90 82
90 83
90 89
90 90
90 95
90 102
90 104
90 108
90 111
90 115
90 116
90 126
90 127
91 4
91 7
91 16
91 19
91 22
91 26
91 30
91 34
91 54
91 63
91 64
91 74
91 75
91 76
91 91
91 92
91 94
91 99
91 100
91 102
91 106
91 107
91 108
91 113
91 126
92 8
92 9
92 11
92 16
92 34
92 47
92 53
92 54
92 60
92 70
92 77
92 87
92 88
92 90
92 92
92 96
92 106
92 113
92 118
92 120
92 125
93 8
93 11
93 21
93 27
93 29
93 30
93 31
93 45
93 50
93 53
93 63
93 79
93 80
93 88
93 93
93 114
93 115
93 123
94 15
94 27
94 29
94 30
94 51
94 53
94 56
94 62
94 71
94 83
94 85
94 93
94 94
94 97
94 101
94 103
94 108
94 109
94 123
94 126
95 5
95 11
95 23
95 25
95 26
95 31
95 43
95 47
95 63
95 68
95 69
95 71
95 75
95 80
95 84
95 88
95 91
95 94
95 104
95 110
95 111
95 113
95 117
95 122
95 124
96 14
96 17
96 21
96 34
96 50
96 51
96 53
96 54
96 55
96 62
96 70
96 82
96 85
96 113
96 117
97 4
97 6
97 8
97 9
97 18
97 21
97 23
97 24
97 26
97 27
97 28
97 34
97 48
97 51
97 54
97 64
97 65
97 67
97 72
97 79
97 80
97 87
97 92
97 93
97 97
97 102
97 107
97 126
98 3
98 10
98 14
98 22
98 26
98 29
98 30
98 33
98 39
98 41
98 44
98 47
98 50
98 55
98 64
98 86
98 88
98 98
98 104
98 105
98 110
98 113
98 118
98 122
98 127
99 26
99 27
99 38
99 50
99 53
99 58
99 60
99 76
99 88
99 89
99 98
99 99
99 100
99 102
99 106
99 109
99 112
99 120
99 126
100 0
100 3
100 4
100 6
100 8
100 9
100 15
100 19
100 20
100 31
100 32
100 33
100 39
100 59
100 68
100 86
100 108
100 109
100 115
100 119
100 121
101 4
101 18
101 20
101 36
101 61
101 65
101 79
101 88
101 96
101 108
101 112
101 114
101 119
102 1
102 14
102 23
102 26
102 31
102 33
102 42
102 43
102 52
102 78
102 80
102 83
102 86
102 87
102 89
102 111
102 116
102 120
102 124
103 14
103 27
103 51
103 53
103 54
103 55
103 70
103 72
103 73
103 78
103 85
103 95
103 96
103 105
103 109
104 7
104 15
104 17
104 20
104 29
104 49
104 52
104 57
104 60
104 63
104 70
104 76
104 88
104 93
104 109
104 111
104 116
104 120
105 1
105 2
105 11
105 16
105 18
105 25
105 52
105 58
105 61
105 65
105 66
105 71
105 76
105 81
105 101
105 105
105 108
106 2
106 4
106 9
106 10
106 13
106 22
106 27
106 39
106 42
106 43
106 44
106 52
106 55
106 56
106 61
106 66
106 90
106 92
106 103
106 108
106 110
106 127
107 1
107 8
107 11
107 12
107 18
107 45
107 48
107 57
107 69
107 71
107 72
107 101
107 103
107 106
107 109
107 111
107 112
107 113
107 118
108 2
108 11
108 13
108 23
108 24
108 38
108 46
108 52
108 57
108 60
108 70
108 79
108 84
108 93
108 100
108 101
108 114
108 119
109 33
109 38
109 54
109 61
109 67
109 85
109 91
109 120
109 123
109 125
110 1
110 2
110 15
110 21
110 23
110 32
110 33
110 34
110 35
110 44
110 49
110 53
110 58
110 62
110 69
110 73
110 75
110 85
110 89
110 118
110 122
111 8
111 15
111 24
111 26
111 31
111 37
111 56
111 60
111 68
111 75
111 80
111 89
111 92
111 98
111 109
111 119
111 121
111 125
112 8
112 11
112 15
112 17
112 21
112 24
112 26
112 41
112 47
112 51
112 58
112 62
112 67
112 70
112 72
112 79
112 82
112 86
112 99
112 100
112 105
112 106
112 108
112 117
112 120
113 0
113 5
113 12
113 17
113 21
113 28
113 34
113 36
113 50
113 57
113 65
113 73
113 87
113 94
113 96
113 103
113 109
113 114
113 121
113 125
113 127
114 1
114 16
114 31
114 40
114 42
114 55
114 61
114 68
114 73
114 74
114 76
114 77
114 79
114 93
114 108
114 109
114 113
114 115
114 119
114 121
114 125
115 0
115 2
115 7
115 15
115 30
115 32
115 33
115 50
115 55
115 58
115 62
115 66
115 74
115 76
115 84
115 88
115 90
115 94
115 110
115 115
115 118
116 2
116 19
116 50
116 54
116 65
116 68
116 69
116 70
116 77
116 78
116 88
116 95
116 100
116 108
116 119
116 121
117 4
117 11
117 17
117 28
117 38
117 39
117 49
117 60
117 73
117 74
117 76
117 79
117 89
117 91
117 100
117 102
117 105
117 107
117 109
117 120
118 14
118 18
118 25
118 26
118 37
118 45
118 48
118 51
118 53
118 55
118 59
118 74
118 82
118 88
118 90
118 91
118 92
118 93
118 102
118 118
119 8
119 17
119 18
119 23
119 29
119 41
119 49
119 55
119 68
119 72
119 82
119 84
119 87
119 91
119 93
119 96
119 104
119 124
120 4
120 16
120 20
120 21
120 26
120 32
120 35
120 36
120 37
120 38
120 56
120 57
120 64
120 70
120 72
120 73
120 86
120 94
120 100
121 1
121 5
121 13
121 32
121 35
121 46
121 52
121 55
121 57
121 59
121 78
121 81
121 84
121 97
121 100
121 121
122 7
122 14
122 16
122 17
122 26
122 40
122 49
122 50
122 53
122 66
122 78
122 80
122 82
122 105
122 106
122 114
122 115
122 117
122 125
122 127
123 0
123 1
123 2
123 4
123 15
123 17
123 20
123 26
123 27
123 35
123 36
123 40
123 43
123 53
123 55
123 56
123 66
123 69
123 72
123 75
123 79
123 80
123 85
123 95
123 102
123 109
123 114
123 116
123 117
124 1
124 4
124 16
124 20
124 24
124 27
124 45
124 58
124 61
124 66
124 68
124 73
124 76
124 80
124 84
124 101
124 107
124 127
125 0
125 1
125 14
125 26
125 29
125 31
125 32
125 33
125 39
125 53
125 54
125 66
125 70
125 75
125 81
125 91
125 95
125 100
125 105
125 111
125 114
126 1
126 7
126 10
126 11
126 21
126 22
126 23
126 24
126 28
126 35
126 41
126 54
126 65
126 66
126 70
126 84
126 89
126 91
126 96
126 99
126 101
126 110
126 121
126 122
126 125
127 9
127 13
127 27
127 28
127 29
127 40
127 66
127 68
127 104
127 105
127 106
127 108
127 110
127 112
127 113
