0 3
0 4
0 9
0 10
0 13
0 15
0 21
0 25
0 26
0 28
0 30
0 38
0 44
0 46
0 47
0 55
0 56
0 59
0 64
0 66
0 67
0 69
0 75
0 81
0 84
0 89
0 97
0 100
0 101
0 102
0 103
0 106
0 110
0 119
0 121
1 0
1 1
1 18
1 23
1 25
1 26
1 29
1 31
1 34
1 35
1 37
1 46
1 48
1 53
1 55
1 56
1 57
1 60
1 66
1 67
1 70
1 73
1 78
1 82
1 86
1 88
1 89
1 90
1 94
1 95
1 96
1 101
1 102
1 104
1 109
1 110
1 113
1 122
1 123
1 124
1 125
2 0
2 3
2 6
2 8
2 14
2 21
2 38
2 39
2 41
2 44
2 47
2 49
2 54
2 57
2 58
2 59
2 61
2 62
2 64
2 68
2 69
2 72
2 79
2 82
2 86
2 87
2 88
2 89
2 92
2 93
2 94
2 99
2 101
2 103
2 107
2 110
2 122
2 126
3 0
3 2
3 8
3 11
3 12
3 13
3 14
3 16
3 17
3 20
3 34
3 36
3 39
3 46
3 47
3 48
3 55
3 57
3 60
3 61
3 66
3 69
3 70
3 74
3 78
3 86
3 92
3 93
3 97
3 102
3 106
3 107
3 110
3 117
3 120
4 1
4 3
4 4
4 12
4 13
4 14
4 20
4 30
4 31
4 33
4 38
4 40
4 41
4 42
4 44
4 54
4 56
4 58
4 60
4 63
4 68
4 70
4 72
4 74
4 76
4 82
4 90
4 92
4 93
4 95
4 101
4 102
4 104
4 107
4 108
4 109
4 115
4 117
4 118
4 119
4 120
4 122
5 0
5 4
5 7
5 14
5 17
5 18
5 22
5 25
5 27
5 32
5 33
5 44
5 45
5 49
5 52
5 55
5 59
5 65
5 68
5 70
5 77
5 78
5 83
5 87
5 92
5 95
5 96
5 103
5 105
5 110
5 111
5 117
5 118
5 120
5 121
5 122
5 123
6 1
6 7
6 9
6 12
6 13
6 15
6 17
6 18
6 21
6 22
6 29
6 30
6 34
6 45
6 46
6 47
6 57
6 59
6 62
6 65
6 68
6 73
6 75
6 76
6 77
6 80
6 84
6 85
6 89
6 92
6 94
6 97
6 98
6 101
6 102
6 106
6 108
6 112
6 116
6 121
7 0
7 1
7 7
7 9
7 11
7 12
7 13
7 15
7 20
7 28
7 31
7 33
7 34
7 38
7 43
7 47
7 54
7 56
7 57
7 58
7 64
7 71
7 77
7 78
7 84
7 86
7 92
7 99
7 101
7 107
7 108
7 109
7 111
7 117
7 118
7 121
7 126
8 3
8 8
8 11
8 13
8 19
8 20
8 24
8 26
8 28
8 31
8 35
8 39
8 45
8 48
8 49
8 50
8 60
8 65
8 73
8 74
8 76
8 80
8 83
8 87
8 96
8 97
8 98
8 102
8 103
8 105
8 106
8 108
8 109
8 111
8 112
8 117
8 119
8 120
8 122
8 123
8 126
9 2
9 3
9 4
9 6
9 13
9 14
9 15
9 20
9 21
9 24
9 26
9 28
9 35
9 41
9 42
9 43
9 44
9 46
9 47
9 52
9 53
9 57
9 60
9 61
9 66
9 67
9 68
9 75
9 78
9 80
9 83
9 85
9 86
9 91
9 92
9 96
9 102
9 103
9 104
9 106
9 107
9 114
9 116
9 122
9 124
10 2
10 5
10 6
10 8
10 9
10 10
10 14
10 17
10 25
10 26
10 28
10 32
10 33
10 39
10 40
10 41
10 44
10 45
10 55
10 56
10 58
10 59
10 66
10 68
10 69
10 70
10 72
10 78
10 79
10 93
10 100
10 103
10 107
10 109
10 110
10 112
10 113
10 114
10 119
10 120
10 121
10 127
11 3
11 17
11 18
11 19
11 20
11 23
11 26
11 29
11 40
11 42
11 43
11 54
11 58
11 61
11 64
11 67
11 70
11 72
11 75
11 76
11 78
11 82
11 83
11 84
11 94
11 95
11 98
11 99
11 100
11 104
11 107
11 111
11 121
11 122
12 0
12 2
12 3
12 4
12 10
12 11
12 22
12 29
12 34
12 39
12 42
12 43
12 47
12 49
12 52
12 53
12 54
12 56
12 58
12 61
12 68
12 69
12 72
12 75
12 79
12 84
12 89
12 90
12 100
12 101
12 102
12 103
12 106
12 112
12 115
12 118
12 121
12 122
12 124
13 0
13 3
13 8
13 11
13 12
13 15
13 19
13 20
13 21
13 29
13 30
13 40
13 42
13 46
13 54
13 58
13 59
13 60
13 63
13 65
13 70
13 71
13 76
13 77
13 81
13 90
13 91
13 94
13 96
13 97
13 98
13 100
13 101
13 102
13 104
13 113
13 116
13 117
13 120
13 122
13 123
13 127
14 1
14 3
14 8
14 12
14 13
14 19
14 22
14 29
14 33
14 35
14 44
14 46
14 52
14 60
14 64
14 70
14 82
14 84
14 86
14 93
14 96
14 99
14 101
14 105
14 107
14 108
14 109
14 111
14 112
14 116
14 120
14 121
14 122
14 126
15 0
15 6
15 7
15 8
15 9
15 11
15 13
15 14
15 16
15 18
15 21
15 27
15 29
15 30
15 37
15 40
15 43
15 45
15 47
15 50
15 55
15 56
15 59
15 61
15 62
15 70
15 72
15 79
15 88
15 91
15 96
15 98
15 99
15 100
15 105
15 115
15 116
15 117
15 119
15 121
15 124
15 125
16 10
16 16
16 18
16 19
16 24
16 25
16 26
16 31
16 34
16 40
16 41
16 44
16 45
16 48
16 53
16 54
16 56
16 61
16 62
16 63
16 64
16 68
16 75
16 77
16 81
16 82
16 87
16 90
16 95
16 96
16 98
16 101
16 106
16 108
16 111
16 118
17 3
17 4
17 5
17 7
17 11
17 12
17 17
17 28
17 35
17 41
17 45
17 48
17 49
17 51
17 54
17 55
17 61
17 64
17 68
17 72
17 74
17 77
17 83
17 90
17 92
17 94
17 96
17 100
17 102
17 113
17 114
17 118
17 122
18 1
18 17
18 21
18 22
18 27
18 31
18 34
18 35
18 36
18 42
18 43
18 45
18 55
18 60
18 61
18 65
18 67
18 72
18 77
18 85
18 88
18 91
18 94
18 102
18 107
18 109
18 117
18 123
18 127
19 0
19 3
19 5
19 8
19 12
19 20
19 22
19 38
19 42
19 44
19 51
19 55
19 56
19 57
19 63
19 64
19 68
19 70
19 71
19 72
19 73
19 76
19 77
19 87
19 88
19 89
19 93
19 100
19 102
19 105
19 106
19 110
19 115
19 117
19 120
19 122
19 123
19 126
20 3
20 7
20 8
20 12
20 19
20 23
20 25
20 26
20 30
20 32
20 35
20 42
20 48
20 49
20 50
20 53
20 57
20 64
20 70
20 73
20 75
20 79
20 81
20 86
20 87
20 88
20 89
20 95
20 109
20 111
20 112
20 116
20 118
20 121
20 124
21 8
21 10
21 12
21 13
21 15
21 16
21 17
21 21
21 22
21 27
21 28
21 32
21 37
21 44
21 51
21 52
21 54
21 56
21 58
21 59
21 63
21 68
21 72
21 74
21 79
21 83
21 86
21 87
21 88
21 89
21 98
21 103
21 104
21 106
21 113
21 114
21 115
21 116
21 119
21 122
22 5
22 7
22 10
22 14
22 16
22 21
22 27
22 30
22 34
22 40
22 41
22 42
22 43
22 44
22 48
22 50
22 53
22 54
22 69
22 70
22 71
22 77
22 79
22 83
22 85
22 88
22 90
22 91
22 92
22 96
22 97
22 99
22 100
22 103
22 107
22 112
22 115
22 118
22 120
22 123
22 127
23 3
23 6
23 7
23 8
23 9
23 16
23 24
23 27
23 32
23 37
23 41
23 43
23 45
23 47
23 48
23 50
23 51
23 55
23 56
23 63
23 64
23 71
23 76
23 78
23 81
23 84
23 86
23 88
23 90
23 95
23 97
23 98
23 99
23 100
23 103
23 104
23 110
23 112
23 114
23 117
23 119
23 121
23 123
23 124
23 127
24 0
24 3
24 6
24 10
24 12
24 13
24 14
24 16
24 18
24 19
24 20
24 31
24 35
24 39
24 41
24 42
24 45
24 54
24 57
24 58
24 63
24 66
24 67
24 68
24 69
24 71
24 75
24 76
24 79
24 82
24 85
24 88
24 89
24 92
24 98
24 99
24 101
24 103
24 108
24 111
24 112
24 113
24 114
24 116
24 117
24 118
24 120
24 123
24 124
24 127
25 3
25 5
25 7
25 8
25 9
25 12
25 14
25 15
25 17
25 18
25 20
25 24
25 33
25 57
25 61
25 62
25 63
25 64
25 65
25 66
25 67
25 87
25 94
25 101
25 103
25 106
25 111
25 113
25 114
25 115
25 127
26 0
26 6
26 7
26 9
26 12
26 14
26 18
26 19
26 23
26 28
26 34
26 40
26 41
26 42
26 46
26 51
26 52
26 53
26 54
26 58
26 59
26 61
26 67
26 70
26 71
26 72
26 76
26 78
26 83
26 95
26 96
26 98
26 99
26 109
26 110
26 116
26 120
26 121
26 125
26 127
27 3
27 4
27 5
27 6
27 8
27 11
27 13
27 22
27 23
27 29
27 32
27 33
27 35
27 36
27 39
27 40
27 41
27 47
27 49
27 53
27 55
27 56
27 63
27 64
27 68
27 72
27 77
27 79
27 82
27 86
27 88
27 89
27 93
27 94
27 100
27 106
27 116
27 117
27 120
27 123
27 124
27 125
27 126
27 127
28 1
28 9
28 11
28 18
28 19
28 26
28 27
28 28
28 29
28 31
28 40
28 43
28 46
28 48
28 49
28 50
28 53
28 60
28 62
28 63
28 67
28 69
28 73
28 74
28 75
28 90
28 95
28 96
28 101
28 102
28 109
28 112
28 116
28 120
28 121
28 124
28 126
28 127
29 1
29 3
29 4
29 5
29 6
29 8
29 14
29 16
29 21
29 25
29 33
29 43
29 45
29 51
29 53
29 54
29 57
29 58
29 62
29 63
29 68
29 71
29 76
29 78
29 82
29 83
29 90
29 91
29 108
29 110
29 111
29 112
29 117
29 120
29 126
30 0
30 2
30 7
30 11
30 17
30 23
30 28
30 29
30 30
30 34
30 36
30 39
30 40
30 41
30 42
30 44
30 51
30 57
30 69
30 70
30 71
30 73
30 75
30 77
30 86
30 87
30 88
30 93
30 96
30 97
30 100
30 103
30 106
30 111
30 114
30 115
30 116
30 119
30 120
30 121
30 123
30 127
31 22
31 23
31 36
31 37
31 41
31 43
31 44
31 47
31 49
31 53
31 61
31 62
31 65
31 66
31 67
31 71
31 75
31 76
31 82
31 84
31 86
31 89
31 90
31 96
31 97
31 100
31 104
31 108
31 111
31 113
31 114
31 115
31 119
32 0
32 2
32 3
32 6
32 9
32 14
32 15
32 17
32 19
32 27
32 28
32 29
32 33
32 34
32 38
32 43
32 46
32 47
32 60
32 63
32 64
32 72
32 75
32 77
32 80
32 84
32 85
32 86
32 87
32 88
32 91
32 92
32 94
32 100
32 102
32 105
32 108
32 114
32 116
32 119
32 120
33 3
33 10
33 13
33 18
33 24
33 27
33 28
33 31
33 32
33 35
33 38
33 43
33 48
33 50
33 53
33 66
33 69
33 77
33 80
33 84
33 86
33 87
33 93
33 101
33 104
33 108
33 111
33 118
33 119
33 121
34 13
34 23
34 24
34 26
34 32
34 33
34 38
34 49
34 51
34 54
34 65
34 70
34 74
34 75
34 77
34 82
34 83
34 84
34 88
34 92
34 93
34 94
34 98
34 100
34 101
34 102
34 104
34 107
34 118
34 120
34 123
34 126
35 0
35 1
35 3
35 4
35 6
35 8
35 14
35 19
35 25
35 28
35 33
35 35
35 37
35 38
35 39
35 40
35 42
35 46
35 47
35 52
35 54
35 59
35 61
35 63
35 64
35 65
35 66
35 68
35 72
35 73
35 76
35 81
35 82
35 83
35 87
35 91
35 93
35 95
35 97
35 101
35 102
35 106
35 107
35 108
35 115
35 116
35 117
35 119
35 124
36 3
36 4
36 5
36 6
36 7
36 8
36 19
36 25
36 27
36 29
36 30
36 33
36 35
36 36
36 37
36 41
36 42
36 43
36 44
36 55
36 57
36 58
36 68
36 80
36 85
36 89
36 91
36 93
36 94
36 102
36 108
36 110
36 115
36 116
36 117
36 125
37 6
37 8
37 9
37 10
37 12
37 16
37 18
37 19
37 21
37 25
37 27
37 32
37 41
37 44
37 50
37 52
37 53
37 56
37 58
37 61
37 62
37 65
37 66
37 67
37 69
37 72
37 73
37 76
37 77
37 80
37 83
37 84
37 85
37 91
37 95
37 101
37 103
37 106
37 107
37 109
37 122
37 124
38 7
38 9
38 10
38 16
38 20
38 21
38 22
38 23
38 24
38 34
38 42
38 45
38 46
38 47
38 48
38 50
38 52
38 56
38 59
38 60
38 62
38 78
38 83
38 89
38 90
38 96
38 97
38 105
38 106
38 108
38 111
38 115
38 116
38 121
38 127
39 0
39 14
39 16
39 19
39 20
39 21
39 22
39 29
39 33
39 35
39 39
39 41
39 43
39 47
39 48
39 57
39 59
39 61
39 62
39 66
39 69
39 78
39 80
39 87
39 88
39 90
39 93
39 95
39 99
39 102
39 111
39 114
39 115
39 116
39 122
39 126
40 3
40 4
40 7
40 8
40 12
40 22
40 23
40 28
40 30
40 37
40 39
40 46
40 47
40 50
40 53
40 54
40 60
40 67
40 70
40 71
40 80
40 90
40 91
40 94
40 96
40 103
40 104
40 110
40 111
40 116
40 125
41 3
41 5
41 8
41 14
41 18
41 20
41 24
41 27
41 31
41 32
41 34
41 38
41 40
41 43
41 45
41 48
41 50
41 54
41 55
41 56
41 59
41 63
41 64
41 68
41 70
41 71
41 72
41 78
41 86
41 89
41 91
41 92
41 93
41 95
41 96
41 97
41 98
41 99
41 100
41 111
41 117
41 118
41 122
41 123
41 124
41 127
42 0
42 1
42 12
42 14
42 19
42 20
42 21
42 26
42 27
42 32
42 34
42 37
42 38
42 40
42 41
42 42
42 45
42 51
42 57
42 59
42 62
42 64
42 66
42 69
42 70
42 75
42 76
42 89
42 91
42 92
42 95
42 97
42 100
42 101
42 105
42 107
42 108
42 109
42 112
42 114
42 119
42 120
42 123
42 124
43 2
43 3
43 9
43 13
43 14
43 17
43 18
43 19
43 31
43 38
43 39
43 40
43 47
43 48
43 49
43 50
43 52
43 55
43 58
43 60
43 61
43 62
43 63
43 65
43 66
43 67
43 68
43 69
43 74
43 75
43 81
43 82
43 86
43 88
43 96
43 97
43 101
43 102
43 103
43 109
43 111
43 114
43 116
43 118
43 121
43 126
44 7
44 11
44 17
44 19
44 21
44 23
44 40
44 48
44 56
44 59
44 61
44 62
44 63
44 65
44 66
44 67
44 69
44 77
44 79
44 80
44 84
44 89
44 91
44 92
44 100
44 101
44 102
44 103
44 105
44 108
44 109
44 114
44 115
44 116
44 122
44 127
45 1
45 4
45 5
45 6
45 12
45 15
45 17
45 20
45 21
45 25
45 29
45 30
45 32
45 33
45 37
45 38
45 44
45 45
45 46
45 52
45 55
45 58
45 61
45 72
45 77
45 81
45 88
45 89
45 91
45 92
45 93
45 94
45 98
45 102
45 103
45 106
45 115
45 119
45 121
46 3
46 7
46 9
46 10
46 13
46 16
46 24
46 26
46 27
46 35
46 41
46 49
46 54
46 59
46 63
46 67
46 69
46 70
46 72
46 76
46 83
46 84
46 85
46 89
46 92
46 93
46 98
46 99
46 101
46 104
46 107
46 109
46 111
46 118
46 119
46 120
47 2
47 3
47 9
47 11
47 12
47 13
47 16
47 19
47 20
47 21
47 24
47 31
47 38
47 40
47 41
47 50
47 55
47 56
47 59
47 67
47 68
47 72
47 74
47 76
47 80
47 84
47 86
47 92
47 95
47 96
47 97
47 98
47 100
47 101
47 103
47 104
47 109
47 112
47 113
47 116
47 117
47 118
47 121
47 123
48 4
48 5
48 10
48 11
48 21
48 27
48 29
48 36
48 41
48 42
48 44
48 48
48 49
48 50
48 53
48 54
48 55
48 56
48 57
48 58
48 64
48 70
48 71
48 74
48 82
48 88
48 89
48 94
48 97
48 98
48 99
48 100
48 103
48 114
48 120
48 125
48 126
49 1
49 5
49 6
49 7
49 10
49 12
49 13
49 15
49 23
49 24
49 25
49 28
49 33
49 40
49 41
49 42
49 43
49 44
49 45
49 47
49 48
49 50
49 56
49 61
49 62
49 65
49 66
49 68
49 74
49 78
49 79
49 80
49 81
49 82
49 91
49 96
49 97
49 99
49 101
49 106
49 118
49 121
49 123
49 124
50 8
50 10
50 12
50 23
50 24
50 29
50 31
50 41
50 43
50 46
50 51
50 52
50 54
50 55
50 56
50 60
50 63
50 72
50 74
50 76
50 78
50 79
50 80
50 83
50 84
50 86
50 90
50 97
50 113
50 119
50 121
51 3
51 6
51 10
51 13
51 14
51 15
51 18
51 19
51 20
51 22
51 23
51 27
51 29
51 32
51 34
51 35
51 39
51 41
51 45
51 57
51 59
51 60
51 63
51 67
51 68
51 71
51 75
51 77
51 78
51 79
51 83
51 84
51 87
51 88
51 92
51 104
51 105
51 108
51 112
51 114
51 115
51 118
51 121
51 126
51 127
52 3
52 7
52 13
52 19
52 23
52 24
52 31
52 32
52 42
52 43
52 46
52 50
52 58
52 59
52 61
52 62
52 63
52 68
52 72
52 74
52 83
52 94
52 101
52 103
52 110
52 112
52 113
52 115
52 117
52 119
52 120
52 125
52 126
53 8
53 16
53 22
53 24
53 29
53 30
53 32
53 34
53 35
53 47
53 54
53 55
53 58
53 60
53 64
53 67
53 76
53 80
53 85
53 86
53 89
53 93
53 95
53 96
53 100
53 106
53 109
53 111
53 112
53 113
53 114
53 117
53 122
53 125
54 2
54 8
54 9
54 10
54 11
54 14
54 21
54 24
54 30
54 38
54 40
54 47
54 50
54 54
54 56
54 62
54 67
54 69
54 70
54 71
54 73
54 74
54 76
54 83
54 88
54 90
54 95
54 99
54 102
54 103
54 106
54 107
54 108
54 119
54 121
54 124
55 8
55 11
55 12
55 14
55 18
55 20
55 22
55 23
55 25
55 27
55 30
55 33
55 34
55 37
55 38
55 40
55 42
55 43
55 52
55 54
55 60
55 61
55 64
55 65
55 67
55 68
55 74
55 81
55 91
55 94
55 98
55 100
55 106
55 107
55 112
55 118
55 127
56 4
56 8
56 13
56 16
56 21
56 29
56 31
56 33
56 36
56 40
56 44
56 47
56 49
56 53
56 55
56 56
56 62
56 71
56 78
56 79
56 82
56 83
56 85
56 86
56 89
56 90
56 91
56 94
56 100
56 109
56 110
56 114
56 118
56 124
57 1
57 7
57 12
57 18
57 19
57 21
57 27
57 33
57 35
57 37
57 50
57 51
57 59
57 62
57 65
57 67
57 69
57 74
57 76
57 83
57 85
57 86
57 89
57 90
57 94
57 96
57 97
57 100
57 104
57 107
57 112
57 114
57 116
57 123
57 126
58 0
58 4
58 5
58 13
58 14
58 17
58 20
58 21
58 26
58 31
58 34
58 35
58 41
58 44
58 50
58 51
58 54
58 61
58 65
58 66
58 71
58 72
58 77
58 79
58 82
58 84
58 86
58 88
58 89
58 92
58 95
58 97
58 99
58 101
58 102
58 104
58 107
58 113
58 114
58 116
58 120
59 1
59 4
59 5
59 6
59 10
59 15
59 17
59 28
59 29
59 41
59 43
59 47
59 48
59 50
59 54
59 58
59 59
59 69
59 71
59 76
59 77
59 78
59 81
59 85
59 86
59 87
59 90
59 93
59 102
59 105
59 111
59 120
59 121
59 123
59 125
60 3
60 4
60 5
60 8
60 9
60 14
60 23
60 40
60 45
60 59
60 61
60 62
60 66
60 67
60 77
60 79
60 80
60 82
60 84
60 87
60 88
60 91
60 93
60 94
60 95
60 96
60 100
60 107
60 108
60 109
60 111
60 112
60 116
60 121
60 124
61 2
61 3
61 6
61 8
61 9
61 10
61 14
61 17
61 18
61 28
61 33
61 38
61 47
61 50
61 54
61 58
61 59
61 60
61 61
61 62
61 65
61 66
61 67
61 69
61 73
61 80
61 81
61 83
61 86
61 96
61 103
61 106
61 111
61 116
61 117
61 121
61 127
62 0
62 1
62 3
62 9
62 10
62 18
62 22
62 31
62 35
62 40
62 46
62 47
62 48
62 57
62 58
62 70
62 72
62 73
62 76
62 79
62 87
62 89
62 93
62 100
62 103
62 104
62 106
62 112
62 116
62 122
62 123
62 127
63 1
63 4
63 10
63 16
63 17
63 22
63 37
63 42
63 44
63 49
63 53
63 59
63 61
63 62
63 66
63 67
63 68
63 74
63 79
63 81
63 84
63 92
63 94
63 96
63 99
63 101
63 104
63 105
63 109
63 114
63 117
63 121
63 125
63 127
64 1
64 6
64 11
64 16
64 19
64 22
64 24
64 25
64 26
64 28
64 34
64 35
64 37
64 38
64 46
64 48
64 49
64 52
64 61
64 64
64 67
64 68
64 79
64 83
64 86
64 90
64 93
64 96
64 99
64 102
64 103
64 104
64 106
64 109
64 113
64 117
64 121
65 1
65 6
65 7
65 8
65 18
65 19
65 21
65 22
65 27
65 28
65 30
65 33
65 35
65 36
65 39
65 42
65 43
65 49
65 51
65 54
65 63
65 66
65 71
65 72
65 74
65 75
65 83
65 88
65 91
65 94
65 96
65 98
65 99
65 100
65 103
65 108
65 109
65 114
65 115
65 117
65 118
65 123
65 124
66 0
66 1
66 3
66 5
66 8
66 10
66 13
66 15
66 17
66 20
66 21
66 26
66 28
66 30
66 32
66 34
66 37
66 43
66 44
66 45
66 49
66 50
66 52
66 53
66 55
66 56
66 60
66 62
66 75
66 82
66 84
66 85
66 86
66 87
66 94
66 96
66 105
66 110
66 116
66 120
66 125
67 3
67 6
67 8
67 9
67 10
67 20
67 23
67 30
67 31
67 41
67 48
67 50
67 55
67 58
67 62
67 64
67 68
67 69
67 72
67 73
67 75
67 83
67 86
67 87
67 88
67 92
67 94
67 100
67 102
67 108
67 109
67 112
67 115
67 121
67 123
67 125
68 13
68 15
68 16
68 20
68 21
68 22
68 39
68 41
68 42
68 43
68 46
68 55
68 66
68 70
68 71
68 73
68 76
68 86
68 98
68 100
68 117
68 121
68 124
68 127
69 5
69 6
69 10
69 11
69 12
69 18
69 23
69 24
69 27
69 33
69 37
69 41
69 45
69 46
69 47
69 49
69 50
69 52
69 53
69 54
69 55
69 59
69 63
69 64
69 66
69 67
69 69
69 71
69 76
69 77
69 78
69 79
69 84
69 89
69 93
69 97
69 99
69 108
69 110
69 113
69 114
69 118
69 119
69 126
70 1
70 3
70 6
70 7
70 8
70 10
70 12
70 18
70 19
70 20
70 23
70 24
70 26
70 31
70 35
70 37
70 40
70 44
70 46
70 56
70 59
70 64
70 69
70 70
70 77
70 79
70 80
70 87
70 93
70 95
70 102
70 104
70 105
70 107
70 109
70 127
71 3
71 13
71 14
71 15
71 16
71 20
71 24
71 27
71 31
71 33
71 36
71 39
71 41
71 42
71 43
71 45
71 50
71 56
71 57
71 59
71 61
71 71
71 73
71 76
71 77
71 79
71 88
71 91
71 93
71 95
71 100
71 103
71 104
71 105
71 106
71 110
71 111
71 113
71 122
71 125
71 126
72 0
72 1
72 2
72 5
72 6
72 12
72 15
72 16
72 17
72 21
72 26
72 27
72 32
72 34
72 35
72 36
72 40
72 41
72 49
72 60
72 62
72 71
72 75
72 76
72 81
72 85
72 87
72 88
72 95
72 96
72 99
72 105
72 113
72 117
72 118
72 124
73 0
73 1
73 2
73 4
73 5
73 6
73 7
73 15
73 16
73 17
73 18
73 23
73 25
73 27
73 33
73 34
73 36
73 37
73 39
73 42
73 47
73 48
73 58
73 59
73 68
73 70
73 73
73 77
73 80
73 81
73 84
73 85
73 88
73 90
73 96
73 99
73 107
73 108
73 110
73 112
73 117
73 118
73 119
73 121
74 0
74 3
74 4
74 5
74 10
74 14
74 19
74 21
74 31
74 32
74 33
74 34
74 35
74 39
74 45
74 49
74 50
74 56
74 61
74 65
74 67
74 70
74 72
74 75
74 76
74 77
74 81
74 82
74 95
74 102
74 111
74 112
74 122
74 123
74 124
74 125
75 0
75 1
75 2
75 3
75 8
75 9
75 10
75 19
75 25
75 26
75 28
75 29
75 32
75 33
75 35
75 36
75 37
75 40
75 42
75 44
75 49
75 53
75 54
75 55
75 56
75 59
75 62
75 64
75 75
75 79
75 82
75 90
75 91
75 92
75 94
75 99
75 100
75 103
75 110
75 112
75 115
75 117
75 119
75 124
75 126
76 2
76 8
76 9
76 17
76 18
76 20
76 22
76 24
76 26
76 28
76 31
76 34
76 37
76 38
76 39
76 40
76 41
76 43
76 47
76 51
76 52
76 53
76 55
76 58
76 59
76 60
76 62
76 64
76 65
76 66
76 68
76 69
76 72
76 73
76 74
76 75
76 78
76 86
76 87
76 89
76 91
76 92
76 94
76 95
76 98
76 99
76 100
76 104
76 107
76 109
76 110
76 111
76 112
76 115
76 119
76 123
76 124
76 125
76 126
76 127
77 3
77 8
77 9
77 14
77 21
77 24
77 26
77 30
77 31
77 39
77 43
77 44
77 46
77 50
77 54
77 56
77 59
77 62
77 63
77 64
77 67
77 75
77 88
77 90
77 98
77 102
77 106
77 107
77 108
77 110
77 116
77 117
77 126
78 2
78 4
78 8
78 14
78 16
78 19
78 21
78 25
78 26
78 31
78 34
78 40
78 49
78 50
78 51
78 56
78 60
78 63
78 65
78 70
78 72
78 73
78 74
78 77
78 82
78 85
78 86
78 88
78 90
78 91
78 92
78 95
78 100
78 103
78 106
78 108
78 110
78 111
78 113
78 115
78 120
78 125
78 126
79 2
79 7
79 9
79 11
79 19
79 27
79 28
79 31
79 32
79 40
79 41
79 42
79 43
79 47
79 53
79 56
79 66
79 69
79 71
79 85
79 89
79 96
79 100
79 108
79 111
79 114
79 120
79 124
79 125
79 126
80 3
80 7
80 9
80 10
80 13
80 21
80 25
80 26
80 28
80 33
80 35
80 40
80 42
80 44
80 46
80 50
80 51
80 53
80 60
80 68
80 71
80 72
80 74
80 75
80 77
80 80
80 81
80 83
80 94
80 99
80 102
80 104
80 105
80 110
80 111
80 113
80 114
80 118
80 119
80 120
80 125
80 127
81 3
81 4
81 6
81 8
81 12
81 17
81 20
81 33
81 35
81 37
81 49
81 53
81 55
81 56
81 61
81 62
81 64
81 68
81 81
81 84
81 87
81 89
81 91
81 94
81 97
81 101
81 104
81 107
81 108
81 121
81 124
81 125
82 0
82 2
82 3
82 5
82 6
82 7
82 10
82 13
82 14
82 15
82 16
82 20
82 30
82 31
82 33
82 34
82 35
82 36
82 37
82 38
82 42
82 47
82 48
82 56
82 61
82 63
82 71
82 73
82 77
82 78
82 85
82 93
82 94
82 95
82 97
82 98
82 102
82 105
82 107
82 108
82 110
82 127
83 9
83 12
83 14
83 15
83 20
83 22
83 23
83 24
83 32
83 35
83 36
83 39
83 40
83 42
83 48
83 52
83 54
83 60
83 64
83 65
83 66
83 68
83 71
83 73
83 75
83 79
83 82
83 84
83 87
83 89
83 90
83 93
83 94
83 95
83 97
83 99
83 104
83 105
83 106
83 118
83 119
83 120
83 123
83 126
83 127
84 2
84 3
84 5
84 12
84 13
84 15
84 17
84 22
84 24
84 25
84 28
84 33
84 34
84 42
84 45
84 52
84 53
84 54
84 58
84 60
84 61
84 62
84 64
84 69
84 70
84 72
84 73
84 80
84 84
84 86
84 87
84 90
84 92
84 97
84 98
84 99
84 100
84 102
84 104
84 105
84 109
84 119
84 123
84 124
84 126
85 0
85 6
85 8
85 10
85 12
85 16
85 17
85 18
85 21
85 22
85 24
85 25
85 26
85 28
85 29
85 30
85 39
85 43
85 50
85 56
85 58
85 65
85 68
85 69
85 70
85 72
85 73
85 77
85 78
85 80
85 85
85 87
85 98
85 99
85 105
85 110
85 112
85 117
85 119
85 120
85 124
86 2
86 8
86 9
86 14
86 16
86 17
86 20
86 23
86 31
86 43
86 44
86 51
86 52
86 55
86 61
86 63
86 65
86 67
86 68
86 69
86 76
86 79
86 80
86 84
86 88
86 92
86 94
86 97
86 102
86 105
86 113
86 114
86 115
86 117
86 118
86 120
86 123
86 125
86 127
87 4
87 7
87 10
87 17
87 18
87 19
87 21
87 22
87 28
87 29
87 31
87 33
87 39
87 42
87 44
87 45
87 48
87 52
87 53
87 55
87 58
87 59
87 60
87 68
87 70
87 71
87 75
87 76
87 82
87 85
87 89
87 91
87 99
87 102
87 103
87 104
87 105
87 106
87 109
87 114
87 121
87 122
87 124
88 1
88 8
88 12
88 13
88 17
88 18
88 19
88 23
88 24
88 27
88 28
88 30
88 31
88 33
88 37
88 39
88 43
88 44
88 45
88 50
88 54
88 57
88 60
88 61
88 67
88 68
88 74
88 81
88 86
88 95
88 98
88 100
88 102
88 103
88 115
88 119
88 122
88 123
89 0
89 8
89 9
89 12
89 14
89 27
89 29
89 36
89 37
89 39
89 41
89 42
89 46
89 51
89 52
89 55
89 57
89 60
89 61
89 64
89 73
89 77
89 79
89 81
89 89
89 94
89 97
89 98
89 100
89 102
89 104
89 105
89 107
89 114
89 117
89 120
89 121
89 125
90 3
90 10
90 17
90 19
90 21
90 25
90 26
90 27
90 28
90 31
90 33
90 35
90 36
90 42
90 43
90 44
90 46
90 50
90 51
90 58
90 59
90 62
90 64
90 73
90 80
90 94
90 99
90 101
90 106
90 108
90 111
90 117
90 119
91 0
91 5
91 8
91 10
91 11
91 13
91 24
91 25
91 30
91 33
91 44
91 46
91 48
91 58
91 62
91 66
91 79
91 81
91 85
91 86
91 96
91 97
91 100
91 103
91 106
91 109
91 110
91 113
91 120
92 1
92 3
92 5
92 7
92 12
92 18
92 19
92 26
92 30
92 34
92 35
92 37
92 42
92 56
92 58
92 59
92 64
92 65
92 66
92 68
92 69
92 75
92 77
92 83
92 84
92 86
92 89
92 93
92 96
92 97
92 110
92 112
92 114
92 116
92 121
92 123
92 125
92 127
93 3
93 4
93 12
93 16
93 17
93 21
93 26
93 32
93 34
93 46
93 55
93 57
93 58
93 60
93 64
93 66
93 68
93 72
93 74
93 84
93 85
93 86
93 89
93 104
93 106
93 116
93 119
93 120
93 124
93 125
94 0
94 1
94 4
94 7
94 9
94 15
94 16
94 23
94 24
94 25
94 28
94 29
94 32
94 37
94 41
94 56
94 59
94 62
94 65
94 66
94 73
94 74
94 79
94 83
94 87
94 88
94 90
94 100
94 105
94 106
94 109
94 110
94 113
94 118
94 119
94 121
94 123
94 124
94 125
94 127
95 1
95 8
95 10
95 17
95 18
95 19
95 20
95 31
95 32
95 34
95 35
95 37
95 38
95 40
95 41
95 43
95 51
95 52
95 54
95 57
95 63
95 64
95 67
95 69
95 74
95 75
95 76
95 77
95 81
95 94
95 95
95 98
95 100
95 107
95 110
95 111
95 113
95 116
95 119
95 122
95 123
96 2
96 4
96 8
96 9
96 13
96 16
96 17
96 18
96 20
96 22
96 29
96 30
96 37
96 40
96 41
96 43
96 53
96 55
96 59
96 66
96 72
96 74
96 79
96 87
96 94
96 97
96 98
96 99
96 103
96 104
96 106
96 112
96 113
96 116
96 119
96 120
96 125
96 126
96 127
97 6
97 8
97 15
97 22
97 23
97 24
97 27
97 29
97 32
97 38
97 39
97 45
97 49
97 53
97 54
97 57
97 60
97 66
97 67
97 71
97 72
97 74
97 76
97 80
97 82
97 84
97 88
97 89
97 108
97 110
97 113
97 119
98 5
98 12
98 13
98 16
98 17
98 18
98 20
98 21
98 23
98 27
98 28
98 32
98 34
98 38
98 40
98 54
98 57
98 61
98 62
98 74
98 78
98 81
98 82
98 88
98 90
98 92
98 99
98 100
98 101
98 110
98 111
98 116
98 117
98 122
99 6
99 7
99 8
99 11
99 12
99 13
99 14
99 16
99 19
99 20
99 21
99 22
99 23
99 27
99 31
99 32
99 41
99 42
99 45
99 52
99 53
99 56
99 62
99 69
99 78
99 81
99 84
99 88
99 89
99 93
99 95
99 98
99 105
99 106
99 112
99 119
99 122
100 0
100 2
100 4
100 8
100 9
100 12
100 13
100 18
100 20
100 28
100 33
100 36
100 37
100 38
100 39
100 43
100 44
100 45
100 52
100 54
100 57
100 58
100 76
100 81
100 87
100 92
100 96
100 97
100 99
100 102
100 105
100 107
100 112
100 113
100 114
100 118
100 122
100 126
101 3
101 6
101 7
101 12
101 16
101 17
101 19
101 21
101 22
101 35
101 38
101 43
101 45
101 47
101 49
101 50
101 52
101 54
101 57
101 58
101 59
101 60
101 65
101 69
101 70
101 75
101 76
101 78
101 79
101 80
101 83
101 92
101 95
101 99
101 100
101 103
101 105
101 107
101 110
101 114
101 116
101 117
101 121
101 122
101 127
102 1
102 8
102 12
102 13
102 14
102 15
102 18
102 21
102 24
102 25
102 27
102 28
102 34
102 39
102 40
102 41
102 49
102 51
102 54
102 56
102 61
102 63
102 64
102 66
102 69
102 75
102 81
102 84
102 93
102 102
102 104
102 111
102 112
102 116
102 117
102 121
102 124
102 126
103 0
103 7
103 16
103 17
103 21
103 23
103 24
103 25
103 28
103 31
103 33
103 35
103 44
103 51
103 52
103 54
103 58
103 59
103 60
103 62
103 64
103 69
103 73
103 78
103 79
103 81
103 83
103 86
103 98
103 100
103 101
103 107
103 108
103 109
103 111
103 112
103 116
103 117
103 119
103 120
103 126
104 0
104 7
104 11
104 12
104 21
104 26
104 28
104 29
104 32
104 33
104 37
104 39
104 42
104 43
104 44
104 45
104 49
104 50
104 51
104 52
104 56
104 58
104 62
104 63
104 66
104 69
104 75
104 77
104 80
104 81
104 82
104 84
104 88
104 90
104 91
104 99
104 103
104 104
104 106
104 109
104 114
104 119
104 125
105 4
105 6
105 12
105 15
105 20
105 26
105 29
105 30
105 35
105 39
105 41
105 43
105 45
105 50
105 52
105 54
105 57
105 62
105 65
105 68
105 76
105 77
105 79
105 85
105 86
105 87
105 88
105 92
105 98
105 99
105 102
105 107
105 108
105 109
105 111
105 113
105 116
105 120
105 121
105 122
105 123
105 125
106 7
106 12
106 15
106 18
106 19
106 22
106 25
106 27
106 28
106 30
106 35
106 37
106 41
106 44
106 48
106 50
106 57
106 58
106 60
106 69
106 70
106 71
106 72
106 73
106 77
106 79
106 80
106 82
106 83
106 88
106 91
106 98
106 111
106 112
106 113
106 114
106 120
106 123
106 124
106 126
107 3
107 7
107 9
107 11
107 14
107 15
107 19
107 25
107 27
107 29
107 40
107 41
107 49
107 54
107 55
107 56
107 58
107 65
107 66
107 68
107 82
107 84
107 90
107 91
107 92
107 96
107 97
107 98
107 99
107 107
107 110
107 111
107 114
107 118
107 119
107 120
107 123
107 126
108 1
108 8
108 10
108 14
108 16
108 17
108 19
108 24
108 26
108 27
108 30
108 31
108 34
108 35
108 37
108 38
108 41
108 42
108 43
108 61
108 64
108 65
108 69
108 86
108 88
108 90
108 91
108 97
108 105
108 110
108 111
108 120
108 122
109 0
109 2
109 5
109 7
109 13
109 14
109 15
109 17
109 21
109 22
109 24
109 25
109 35
109 39
109 46
109 50
109 51
109 56
109 61
109 65
109 76
109 82
109 83
109 84
109 87
109 94
109 97
109 98
109 102
109 106
109 109
109 110
109 112
109 116
109 119
109 124
109 126
110 6
110 13
110 14
110 22
110 23
110 25
110 28
110 32
110 34
110 36
110 42
110 43
110 45
110 46
110 48
110 49
110 50
110 55
110 58
110 68
110 75
110 76
110 79
110 80
110 83
110 87
110 90
110 91
110 92
110 93
110 95
110 97
110 99
110 103
110 104
110 116
110 118
110 119
110 126
111 0
111 4
111 5
111 10
111 13
111 15
111 17
111 19
111 22
111 30
111 32
111 34
111 35
111 37
111 45
111 50
111 54
111 62
111 69
111 70
111 74
111 75
111 78
111 80
111 83
111 89
111 91
111 92
111 95
111 96
111 98
111 99
111 101
111 108
111 109
111 113
111 114
111 116
111 118
111 119
111 122
111 124
111 127
112 2
112 6
112 8
112 13
112 17
112 19
112 23
112 26
112 29
112 33
112 34
112 37
112 39
112 40
112 48
112 54
112 55
112 74
112 76
112 77
112 78
112 79
112 83
112 84
112 96
112 103
112 106
112 111
112 114
112 117
112 118
112 120
113 0
113 4
113 9
113 10
113 15
113 21
113 24
113 25
113 26
113 30
113 31
113 32
113 34
113 35
113 36
113 40
113 41
113 45
113 46
113 47
113 48
113 49
113 50
113 51
113 56
113 57
113 59
113 60
113 61
113 62
113 66
113 69
113 72
113 75
113 82
113 83
113 86
113 87
113 88
113 90
113 91
113 97
113 98
113 101
113 102
113 105
113 112
113 114
113 115
113 119
113 120
113 122
113 124
113 127
114 4
114 6
114 8
114 9
114 10
114 11
114 28
114 40
114 43
114 44
114 46
114 47
114 48
114 50
114 54
114 56
114 57
114 65
114 66
114 67
114 69
114 70
114 73
114 76
114 78
114 82
114 84
114 85
114 86
114 87
114 88
114 92
114 96
114 99
114 104
114 111
114 113
114 114
114 117
114 119
114 121
114 125
114 127
115 9
115 12
115 16
115 23
115 24
115 25
115 27
115 29
115 30
115 32
115 37
115 43
115 45
115 49
115 59
115 60
115 64
115 65
115 68
115 70
115 72
115 74
115 78
115 80
115 83
115 88
115 91
115 93
115 99
115 100
115 106
115 108
115 109
115 114
115 116
115 119
115 123
115 126
116 2
116 3
116 6
116 8
116 9
116 11
116 12
116 17
116 18
116 21
116 32
116 34
116 37
116 39
116 40
116 41
116 46
116 48
116 50
116 51
116 52
116 55
116 58
116 64
116 66
116 69
116 70
116 75
116 79
116 84
116 86
116 88
116 91
116 95
116 98
116 103
116 106
116 108
116 109
116 111
116 114
116 116
116 117
116 118
116 120
116 122
116 126
117 1
117 3
117 5
117 6
117 15
117 16
117 22
117 34
117 36
117 38
117 39
117 41
117 46
117 58
117 60
117 65
117 71
117 74
117 76
117 77
117 83
117 84
117 97
117 99
117 104
117 107
117 109
117 115
117 118
117 120
117 127
118 3
118 4
118 5
118 8
118 20
118 21
118 23
118 25
118 26
118 31
118 35
118 36
118 46
118 47
118 49
118 50
118 53
118 56
118 57
118 61
118 69
118 76
118 77
118 79
118 87
118 92
118 95
118 97
118 102
118 103
118 107
118 109
118 114
118 116
118 119
118 122
118 127
119 6
119 7
119 8
119 9
119 11
119 19
119 21
119 27
119 29
119 35
119 40
119 49
119 51
119 54
119 55
119 61
119 62
119 64
119 65
119 71
119 72
119 82
119 83
119 84
119 92
119 96
119 98
119 107
119 108
119 109
119 115
119 116
119 122
120 2
120 7
120 8
120 13
120 14
120 26
120 29
120 35
120 36
120 39
120 40
120 42
120 43
120 51
120 54
120 55
120 56
120 59
120 62
120 64
120 65
120 70
120 72
120 77
120 79
120 81
120 82
120 84
120 94
120 97
120 98
120 99
120 103
120 105
120 111
120 114
120 115
120 118
120 120
120 121
120 127
121 0
121 11
121 18
121 30
121 38
121 39
121 42
121 43
121 44
121 45
121 48
121 49
121 52
121 57
121 62
121 63
121 66
121 70
121 71
121 72
121 83
121 85
121 95
121 98
121 99
121 100
121 105
121 109
121 110
121 111
121 113
121 117
121 118
121 119
121 120
121 125
121 127
122 0
122 3
122 5
122 9
122 14
122 16
122 20
122 21
122 22
122 23
122 32
122 36
122 38
122 39
122 40
122 48
122 49
122 54
122 59
122 66
122 72
122 73
122 80
122 86
122 90
122 94
122 96
122 97
122 99
122 103
122 106
122 107
122 109
122 110
122 113
122 117
122 122
122 123
122 126
122 127
123 5
123 7
123 8
123 11
123 12
123 13
123 18
123 19
123 20
123 21
123 22
123 24
123 26
123 31
123 32
123 33
123 54
123 63
123 69
123 75
123 77
123 82
123 85
123 87
123 88
123 90
123 91
123 93
123 94
123 98
123 100
123 103
123 107
123 109
123 110
123 116
123 122
123 126
124 4
124 12
124 14
124 16
124 19
124 22
124 23
124 24
124 26
124 27
124 31
124 33
124 35
124 40
124 42
124 45
124 48
124 50
124 58
124 70
124 71
124 72
124 73
124 79
124 81
124 88
124 89
124 90
124 91
124 93
124 95
124 96
124 102
124 104
124 105
124 110
124 112
124 115
124 120
124 122
124 124
124 125
124 126
124 127
125 0
125 5
125 13
125 15
125 18
125 26
125 29
125 34
125 35
125 41
125 44
125 46
125 47
125 50
125 53
125 56
125 60
125 62
125 63
125 66
125 67
125 69
125 70
125 78
125 89
125 95
125 99
125 102
125 104
125 106
125 109
125 110
125 115
125 117
125 118
126 7
126 9
126 11
126 12
126 14
126 17
126 19
126 25
126 28
126 30
126 31
126 32
126 33
126 41
126 42
126 46
126 47
126 55
126 58
126 61
126 62
126 69
126 84
126 85
126 90
126 92
126 95
126 96
126 101
126 106
126 107
126 109
126 115
126 120
126 123
126 125
127 4
127 7
127 8
127 12
127 22
127 26
127 27
127 30
127 38
127 39
127 44
127 49
127 50
127 52
127 54
127 66
127 68
127 70
127 85
127 92
127 93
127 94
127 96
127 101
127 102
127 109
127 112
127 117
