0 23
0 27
0 36
0 42
0 44
0 52
0 57
0 69
0 95
0 107
0 122
0 123
1 3
1 24
1 32
1 36
1 46
1 63
1 66
1 68
1 84
1 85
1 88
1 91
1 95
1 118
1 127
2 0
2 13
2 15
2 16
2 64
2 71
2 78
2 79
2 85
2 99
2 120
2 123
3 14
3 40
3 48
3 55
3 63
3 69
3 82
3 83
3 103
3 112
4 13
4 14
4 18
4 22
4 23
4 29
4 41
4 57
4 60
4 62
4 72
4 93
4 114
4 116
4 117
4 122
5 20
5 25
5 28
5 51
5 59
5 60
5 63
5 69
5 72
5 74
5 78
5 84
5 86
5 87
5 93
5 106
5 120
6 16
6 19
6 23
6 27
6 31
6 56
6 58
6 64
6 69
6 97
6 105
7 0
7 5
7 7
7 15
7 18
7 24
7 37
7 44
7 66
7 68
7 69
7 70
7 72
7 108
8 19
8 25
8 33
8 90
8 102
8 114
8 116
8 118
8 122
9 21
9 29
9 39
9 78
9 79
9 83
9 101
10 21
10 26
10 42
10 44
10 48
10 68
10 88
10 92
10 96
10 106
10 118
10 121
10 127
11 7
11 11
11 26
11 35
11 45
11 53
11 60
11 67
11 74
11 93
12 10
12 15
12 24
12 42
12 44
12 50
12 65
12 69
12 80
12 84
12 85
12 124
13 6
13 15
13 18
13 45
13 52
13 61
13 73
13 99
13 105
13 110
14 9
14 24
14 35
14 48
14 70
14 72
14 75
14 115
14 127
15 23
15 24
15 55
15 58
15 59
15 76
15 84
15 100
15 105
15 106
15 108
15 113
15 117
15 121
15 123
16 26
16 38
16 43
16 50
16 87
16 98
16 100
16 107
16 113
16 114
16 122
16 126
17 10
17 43
17 45
17 47
17 50
17 63
17 86
17 93
17 105
17 121
17 123
18 19
18 23
18 30
18 35
18 44
18 48
18 52
18 60
18 61
18 63
18 101
18 115
19 16
19 17
19 18
19 24
19 34
19 52
19 69
19 75
19 78
19 99
19 115
19 120
20 1
20 11
20 15
20 16
20 73
20 80
20 95
20 101
20 115
20 121
21 12
21 19
21 37
21 42
21 54
21 61
21 64
21 108
22 10
22 11
22 13
22 15
22 19
22 38
22 49
22 52
22 59
22 62
22 64
22 68
22 73
22 100
22 114
22 119
23 5
23 29
23 31
23 35
23 36
23 38
23 39
23 40
23 48
23 57
23 80
23 104
23 110
24 9
24 20
24 34
24 44
24 83
24 93
24 101
24 109
24 120
24 125
25 4
25 6
25 9
25 10
25 17
25 18
25 38
25 52
25 56
25 57
25 59
25 60
25 74
25 99
25 105
25 121
25 122
26 3
26 10
26 17
26 33
26 51
26 53
26 84
26 106
26 108
26 110
27 4
27 12
27 20
27 45
27 46
27 57
27 68
27 73
27 78
27 82
27 99
27 120
28 13
28 16
28 22
28 41
28 47
28 67
28 70
28 71
28 80
28 102
28 111
29 5
29 21
29 23
29 30
29 37
29 42
29 70
29 71
29 80
29 82
29 89
29 95
29 97
29 105
29 110
29 122
29 125
30 11
30 19
30 38
30 39
30 40
30 49
30 80
30 93
30 117
31 23
31 24
31 29
31 32
31 44
31 55
31 60
31 62
31 89
31 96
31 112
31 121
31 123
31 127
32 2
32 8
32 9
32 15
32 21
32 52
32 79
32 87
32 91
32 105
32 114
33 9
33 16
33 27
33 36
33 39
33 41
33 57
33 114
33 116
33 124
34 24
34 26
34 28
34 50
34 64
34 66
34 67
34 69
34 73
34 83
34 87
34 98
34 102
34 106
34 107
34 119
35 11
35 32
35 40
35 41
35 57
35 69
35 102
35 115
35 118
35 124
36 3
36 14
36 21
36 27
36 63
36 72
36 87
36 88
36 96
36 108
36 110
37 16
37 24
37 25
37 29
37 45
37 55
37 62
37 74
37 110
37 112
37 117
38 1
38 10
38 21
38 24
38 26
38 38
38 39
38 43
38 47
38 51
38 64
38 73
38 79
38 85
38 99
39 1
39 35
39 43
39 63
39 84
39 126
40 14
40 35
40 56
40 62
40 67
40 77
40 96
40 104
40 120
41 3
41 4
41 9
41 27
41 32
41 44
41 55
41 108
41 116
41 121
42 5
42 44
42 53
42 99
42 102
42 122
43 42
43 48
43 49
43 53
43 96
43 115
44 28
44 52
44 54
44 61
44 62
44 71
44 73
44 77
44 93
44 95
44 119
44 120
44 125
45 5
45 36
45 41
45 51
45 86
45 99
45 104
45 109
46 3
46 4
46 13
46 17
46 27
46 31
46 56
46 61
46 68
46 76
46 81
46 104
46 105
46 111
47 6
47 8
47 39
47 40
47 50
47 63
47 64
47 68
47 83
47 92
47 101
47 109
47 126
48 16
48 24
48 37
48 40
48 42
48 43
48 44
48 60
48 70
48 83
48 85
48 88
48 91
48 101
48 109
48 111
48 126
49 18
49 27
49 28
49 40
49 63
49 95
49 110
50 18
50 20
50 25
50 36
50 39
50 45
50 47
50 48
50 59
50 61
50 72
50 74
50 83
50 86
50 109
50 112
50 118
50 127
51 11
51 18
51 19
51 21
51 36
51 64
51 74
51 75
51 88
51 116
51 117
51 126
52 31
52 37
52 53
52 63
52 72
52 78
52 99
52 100
52 101
52 106
52 108
52 119
53 2
53 7
53 18
53 34
53 47
53 58
53 64
53 65
53 90
53 97
53 99
53 108
53 112
53 113
53 115
54 14
54 19
54 27
54 46
54 47
54 63
54 65
54 68
54 71
54 75
54 111
54 117
55 4
55 34
55 44
55 47
55 52
55 55
55 59
55 66
55 91
55 94
55 97
55 103
55 106
55 112
56 0
56 2
56 15
56 18
56 19
56 25
56 32
56 44
56 55
56 62
56 70
56 75
56 78
56 110
57 1
57 14
57 16
57 25
57 26
57 53
57 63
57 95
57 98
57 123
57 127
58 0
58 21
58 36
58 37
58 38
58 65
58 67
58 68
58 76
58 84
58 93
58 94
58 99
58 113
58 127
59 4
59 10
59 17
59 35
59 39
59 56
59 83
59 87
59 89
59 96
60 25
60 35
60 44
60 84
60 93
60 106
60 108
60 120
61 1
61 18
61 42
61 58
61 68
61 73
61 84
61 85
61 115
61 118
62 31
62 32
62 43
62 53
62 62
62 80
62 86
62 95
62 107
62 113
62 119
63 17
63 20
63 30
63 44
63 60
63 106
63 111
63 112
63 119
64 1
64 2
64 18
64 23
64 39
64 42
64 58
64 63
64 104
64 109
64 112
65 11
65 15
65 21
65 26
65 30
65 34
65 38
65 40
65 50
65 55
65 81
65 82
65 94
65 116
65 127
66 6
66 9
66 19
66 23
66 36
66 37
66 48
66 64
66 68
66 70
66 72
66 74
66 78
66 81
66 86
66 100
66 110
66 122
67 38
67 70
67 91
67 98
67 120
67 125
68 0
68 1
68 20
68 38
68 54
68 74
68 85
68 103
68 113
68 120
68 127
69 0
69 4
69 11
69 13
69 15
69 27
69 32
69 36
69 41
69 63
69 65
69 86
69 104
69 107
69 110
69 125
70 4
70 5
70 8
70 16
70 81
70 85
70 98
70 99
70 108
70 109
71 1
71 4
71 10
71 15
71 17
71 26
71 33
71 48
71 68
71 69
71 71
71 105
71 109
72 8
72 11
72 19
72 40
72 58
72 73
72 78
72 79
72 83
72 103
72 122
73 19
73 21
73 34
73 35
73 53
73 61
73 71
73 78
73 81
73 83
73 85
73 96
73 122
74 4
74 6
74 12
74 16
74 25
74 37
74 41
74 44
74 66
74 67
74 69
74 74
74 78
74 92
74 96
74 111
74 125
75 37
75 45
75 61
75 76
75 78
75 89
75 94
75 97
76 1
76 5
76 22
76 24
76 26
76 39
76 46
76 53
76 85
76 94
76 124
77 8
77 10
77 13
77 14
77 23
77 39
77 87
77 99
77 106
77 124
78 12
78 28
78 47
78 52
78 59
78 68
78 70
78 78
78 85
78 93
78 108
78 112
78 122
78 123
79 9
79 22
79 76
79 84
79 94
79 102
79 118
80 2
80 6
80 9
80 20
80 27
80 31
80 34
80 60
80 79
80 83
80 91
80 106
80 110
80 120
81 2
81 31
81 32
81 42
81 49
81 94
81 110
81 117
82 37
82 41
82 42
82 82
82 103
83 15
83 33
83 42
83 49
83 57
83 62
83 68
83 94
83 113
83 115
83 127
84 25
84 41
84 49
84 51
84 55
84 70
84 74
84 80
84 84
84 86
84 109
85 2
85 12
85 19
85 51
85 52
85 73
85 75
85 80
85 82
85 85
85 86
85 88
85 93
85 126
86 6
86 17
86 30
86 46
86 60
86 65
86 66
86 69
86 79
86 84
86 87
86 92
86 98
86 103
86 109
86 123
87 0
87 26
87 40
87 41
87 46
87 51
87 59
87 72
87 88
87 121
87 122
88 6
88 39
88 45
88 61
88 74
88 90
88 91
88 99
88 103
88 113
89 6
89 7
89 31
89 34
89 37
89 73
89 77
89 81
89 115
89 116
89 118
90 1
90 6
90 17
90 40
90 43
90 46
90 89
90 92
90 97
90 101
90 124
91 7
91 12
91 37
91 40
91 42
91 48
91 50
91 55
91 58
91 73
92 1
92 14
92 19
92 51
92 54
92 86
92 88
92 99
92 100
92 105
93 4
93 7
93 29
93 30
93 39
93 51
93 57
93 80
93 87
93 96
93 106
93 111
93 113
94 11
94 33
94 53
94 81
94 98
94 105
94 107
94 110
94 112
94 115
95 8
95 11
95 15
95 18
95 33
95 37
95 38
95 49
95 67
95 89
95 101
95 109
96 9
96 20
96 21
96 30
96 33
96 43
96 48
96 98
96 103
96 113
96 122
97 21
97 33
97 35
97 46
97 72
97 81
98 17
98 19
98 23
98 29
98 36
98 39
98 46
98 53
98 68
98 77
98 79
98 119
99 3
99 28
99 29
99 35
99 44
99 58
99 65
99 75
99 84
99 89
99 109
99 117
100 21
100 22
100 32
100 37
100 43
100 47
100 50
100 52
100 84
100 95
100 96
100 105
100 118
100 124
101 0
101 18
101 22
101 27
101 29
101 39
101 47
101 68
101 76
101 77
101 108
101 123
101 126
102 13
102 17
102 18
102 22
102 37
102 45
102 50
102 51
102 66
102 70
102 75
102 79
102 82
102 99
102 100
102 102
102 104
102 105
102 110
102 120
103 7
103 17
103 23
103 24
103 42
103 46
103 48
103 57
103 59
103 76
103 89
103 90
103 93
103 94
103 120
103 127
104 11
104 21
104 31
104 34
104 44
104 58
104 64
104 76
104 77
104 95
104 108
105 4
105 6
105 15
105 45
105 52
105 64
105 79
105 110
105 112
105 115
106 27
106 30
106 32
106 37
106 54
106 64
106 99
106 112
106 116
107 14
107 32
107 33
107 48
107 52
107 59
107 82
107 99
107 102
107 104
107 119
107 122
108 4
108 7
108 22
108 49
108 56
108 69
108 73
108 82
108 122
109 8
109 9
109 22
109 23
109 25
109 32
109 40
109 58
109 81
109 100
109 112
109 115
109 121
109 125
110 14
110 47
110 55
110 74
110 84
110 85
110 86
110 101
110 114
110 117
110 126
111 1
111 20
111 38
111 59
111 70
111 78
111 93
111 100
111 116
112 4
112 15
112 37
112 57
112 66
112 79
112 105
112 110
112 125
113 8
113 22
113 30
113 60
113 83
113 86
113 87
113 97
113 121
113 124
113 125
114 28
114 29
114 33
114 43
114 46
114 66
114 78
114 82
114 87
114 93
114 95
114 112
115 1
115 4
115 16
115 39
115 40
115 46
115 51
115 76
115 88
115 100
115 108
115 117
116 31
116 45
116 54
116 60
116 62
116 90
116 102
116 112
116 116
116 123
116 125
117 10
117 15
117 17
117 33
117 47
117 51
117 53
117 57
117 83
117 89
117 96
118 0
118 14
118 15
118 30
118 35
118 54
118 73
118 84
118 85
118 92
119 6
119 38
119 42
119 53
119 78
119 79
119 80
119 122
120 1
120 3
120 8
120 14
120 25
120 42
120 45
120 54
120 61
120 62
120 73
120 87
120 88
120 97
120 105
120 118
121 5
121 7
121 20
121 27
121 32
121 67
121 70
121 81
121 84
121 103
121 111
121 112
122 2
122 17
122 22
122 26
122 52
122 53
122 57
122 62
122 72
122 80
122 85
122 104
122 112
122 121
123 5
123 13
123 42
123 47
123 83
123 96
123 114
123 115
123 116
123 119
123 121
123 122
123 124
124 4
124 6
124 29
124 41
124 42
124 43
124 55
124 61
124 66
124 85
124 87
124 89
124 112
124 117
124 119
124 123
125 28
125 43
125 44
125 71
125 73
125 75
125 79
125 82
125 88
125 89
125 122
126 1
126 6
126 16
126 40
126 48
126 51
126 65
126 71
126 100
126 111
126 119
126 124
127 1
127 15
127 30
127 48
127 49
127 52
127 68
127 77
127 78
127 79
127 99
127 106
127 112
127 120
127 125
