0 0
0 1
0 2
0 5
0 6
0 9
0 10
0 16
0 23
0 27
0 32
0 33
0 37
0 40
0 41
0 42
0 45
0 47
0 50
0 52
0 54
0 59
0 60
0 63
0 64
0 69
0 75
0 76
0 79
0 81
0 85
0 87
0 89
0 90
0 92
0 96
0 98
0 99
0 103
0 106
0 111
0 112
0 113
0 117
0 124
0 127
1 0
1 1
1 3
1 6
1 8
1 9
1 11
1 16
1 23
1 25
1 33
1 35
1 37
1 39
1 41
1 44
1 45
1 48
1 49
1 50
1 53
1 55
1 56
1 57
1 63
1 65
1 68
1 69
1 71
1 72
1 74
1 80
1 81
1 86
1 92
1 97
1 99
1 105
1 107
1 109
1 110
1 111
1 114
1 115
1 117
1 118
1 120
1 123
1 124
1 126
2 5
2 9
2 11
2 15
2 20
2 22
2 34
2 41
2 42
2 43
2 47
2 48
2 57
2 61
2 62
2 63
2 64
2 65
2 66
2 67
2 70
2 71
2 79
2 81
2 82
2 85
2 86
2 89
2 92
2 94
2 96
2 99
2 100
2 102
2 109
2 112
2 114
2 121
2 123
2 125
3 3
3 9
3 12
3 13
3 14
3 17
3 18
3 23
3 24
3 27
3 30
3 33
3 36
3 37
3 39
3 40
3 43
3 47
3 48
3 50
3 51
3 54
3 56
3 59
3 61
3 63
3 65
3 71
3 73
3 74
3 78
3 79
3 82
3 88
3 89
3 90
3 92
3 93
3 98
3 99
3 100
3 104
3 106
3 109
3 115
3 116
3 117
3 118
3 119
3 121
3 123
3 125
3 126
3 127
4 1
4 2
4 4
4 8
4 10
4 14
4 19
4 21
4 22
4 23
4 24
4 26
4 30
4 32
4 34
4 39
4 44
4 49
4 50
4 52
4 54
4 56
4 64
4 67
4 75
4 78
4 79
4 81
4 86
4 88
4 91
4 94
4 98
4 99
4 106
4 107
4 109
4 110
4 112
4 117
4 118
4 124
4 126
5 4
5 5
5 16
5 19
5 20
5 21
5 24
5 27
5 28
5 31
5 34
5 45
5 47
5 53
5 59
5 60
5 63
5 65
5 67
5 71
5 75
5 76
5 79
5 84
5 89
5 91
5 92
5 94
5 97
5 102
5 104
5 105
5 109
5 113
5 116
5 119
5 120
5 127
6 3
6 6
6 8
6 11
6 18
6 22
6 31
6 34
6 35
6 36
6 39
6 48
6 50
6 61
6 63
6 64
6 65
6 68
6 73
6 74
6 75
6 76
6 79
6 80
6 81
6 82
6 84
6 85
6 88
6 89
6 93
6 97
6 98
6 101
6 106
6 112
6 114
6 117
6 120
6 121
6 122
6 123
6 127
7 0
7 5
7 9
7 10
7 11
7 13
7 15
7 22
7 24
7 25
7 26
7 27
7 28
7 29
7 37
7 39
7 41
7 45
7 49
7 50
7 51
7 53
7 54
7 55
7 57
7 60
7 66
7 68
7 69
7 70
7 73
7 75
7 76
7 78
7 81
7 84
7 88
7 93
7 99
7 102
7 104
7 106
7 109
7 110
7 112
7 118
7 120
7 121
7 122
7 125
7 126
8 2
8 9
8 10
8 12
8 13
8 14
8 24
8 25
8 27
8 30
8 34
8 35
8 37
8 40
8 41
8 44
8 45
8 46
8 48
8 56
8 60
8 62
8 67
8 70
8 72
8 73
8 75
8 78
8 79
8 80
8 81
8 83
8 86
8 87
8 89
8 93
8 99
8 101
8 106
8 107
8 108
8 109
8 112
8 114
8 115
8 118
9 0
9 1
9 2
9 3
9 5
9 6
9 8
9 11
9 14
9 15
9 16
9 19
9 22
9 24
9 25
9 27
9 29
9 31
9 32
9 36
9 39
9 40
9 42
9 43
9 44
9 47
9 51
9 52
9 53
9 54
9 55
9 58
9 64
9 65
9 69
9 71
9 74
9 75
9 76
9 78
9 79
9 81
9 90
9 93
9 95
9 96
9 104
9 106
9 109
9 112
9 113
9 118
9 121
9 122
9 124
9 125
9 126
10 6
10 7
10 8
10 9
10 11
10 13
10 14
10 15
10 17
10 18
10 22
10 23
10 24
10 25
10 34
10 39
10 40
10 42
10 45
10 47
10 51
10 54
10 56
10 59
10 64
10 68
10 75
10 77
10 79
10 80
10 81
10 82
10 83
10 89
10 90
10 91
10 93
10 98
10 104
10 108
10 114
10 116
10 120
10 121
10 124
10 125
10 127
11 2
11 3
11 4
11 6
11 7
11 9
11 15
11 16
11 19
11 21
11 22
11 27
11 28
11 31
11 36
11 40
11 49
11 55
11 58
11 61
11 62
11 63
11 68
11 69
11 72
11 79
11 80
11 81
11 86
11 87
11 89
11 91
11 93
11 94
11 95
11 102
11 107
11 109
11 110
11 125
12 0
12 3
12 5
12 6
12 7
12 10
12 16
12 19
12 23
12 28
12 29
12 31
12 36
12 38
12 41
12 42
12 44
12 45
12 46
12 48
12 49
12 51
12 52
12 53
12 54
12 56
12 58
12 63
12 65
12 67
12 70
12 71
12 72
12 79
12 81
12 84
12 86
12 88
12 92
12 96
12 101
12 117
12 120
12 122
12 125
13 1
13 2
13 6
13 7
13 8
13 13
13 16
13 17
13 21
13 23
13 27
13 28
13 29
13 37
13 41
13 42
13 46
13 51
13 53
13 54
13 56
13 57
13 58
13 59
13 60
13 62
13 66
13 69
13 70
13 71
13 73
13 74
13 76
13 77
13 78
13 82
13 83
13 85
13 87
13 89
13 92
13 94
13 99
13 102
13 106
13 107
13 110
13 111
13 113
13 117
13 124
13 125
13 127
14 6
14 10
14 14
14 18
14 21
14 22
14 26
14 27
14 30
14 31
14 32
14 36
14 38
14 41
14 42
14 43
14 46
14 50
14 52
14 54
14 67
14 69
14 75
14 79
14 80
14 82
14 83
14 85
14 87
14 90
14 94
14 96
14 97
14 99
14 100
14 102
14 103
14 105
14 107
14 108
14 113
14 114
14 119
14 122
14 127
15 3
15 5
15 7
15 8
15 12
15 15
15 18
15 19
15 27
15 29
15 30
15 31
15 32
15 34
15 37
15 43
15 44
15 49
15 51
15 53
15 56
15 58
15 59
15 60
15 65
15 67
15 68
15 69
15 70
15 71
15 74
15 75
15 76
15 77
15 80
15 84
15 88
15 90
15 93
15 95
15 96
15 97
15 99
15 100
15 103
15 104
15 109
15 111
15 118
15 119
15 121
15 126
15 127
16 0
16 7
16 9
16 11
16 15
16 18
16 21
16 27
16 29
16 31
16 36
16 37
16 38
16 39
16 40
16 41
16 42
16 46
16 47
16 48
16 51
16 52
16 54
16 56
16 58
16 61
16 63
16 67
16 69
16 76
16 77
16 78
16 82
16 85
16 89
16 90
16 91
16 94
16 96
16 100
16 105
16 111
16 112
16 118
16 119
16 121
16 122
16 126
17 0
17 5
17 6
17 7
17 9
17 13
17 15
17 17
17 18
17 21
17 25
17 26
17 33
17 38
17 39
17 40
17 44
17 45
17 46
17 49
17 52
17 57
17 65
17 68
17 69
17 71
17 72
17 73
17 74
17 75
17 76
17 78
17 79
17 80
17 81
17 84
17 86
17 88
17 93
17 98
17 100
17 104
17 105
17 108
17 110
17 111
17 112
17 118
17 120
17 121
17 122
17 126
18 0
18 2
18 4
18 6
18 13
18 14
18 15
18 16
18 17
18 21
18 22
18 23
18 32
18 36
18 38
18 40
18 42
18 47
18 50
18 51
18 52
18 55
18 56
18 60
18 68
18 69
18 76
18 77
18 78
18 80
18 84
18 89
18 93
18 94
18 95
18 97
18 98
18 102
18 105
18 107
18 110
18 111
18 114
18 115
18 118
18 120
18 122
18 126
19 4
19 5
19 6
19 7
19 8
19 13
19 14
19 22
19 23
19 24
19 26
19 29
19 32
19 37
19 40
19 48
19 60
19 64
19 68
19 69
19 74
19 76
19 78
19 79
19 80
19 86
19 88
19 89
19 91
19 95
19 97
19 98
19 108
19 110
19 111
19 112
19 117
19 118
19 120
19 125
19 127
20 7
20 8
20 9
20 14
20 18
20 24
20 27
20 28
20 31
20 35
20 36
20 39
20 50
20 52
20 56
20 57
20 58
20 59
20 62
20 64
20 66
20 67
20 69
20 70
20 71
20 72
20 74
20 78
20 79
20 84
20 85
20 91
20 94
20 99
20 108
20 110
20 111
20 112
20 115
20 118
20 121
20 122
20 123
21 2
21 9
21 12
21 13
21 14
21 16
21 24
21 27
21 28
21 30
21 31
21 33
21 45
21 46
21 54
21 55
21 57
21 58
21 59
21 60
21 64
21 65
21 76
21 79
21 80
21 84
21 85
21 87
21 90
21 92
21 94
21 99
21 100
21 101
21 102
21 104
21 106
21 107
21 108
21 116
21 125
21 127
22 0
22 1
22 2
22 10
22 11
22 16
22 18
22 20
22 23
22 25
22 27
22 38
22 39
22 40
22 43
22 45
22 46
22 47
22 48
22 54
22 55
22 58
22 61
22 62
22 69
22 70
22 72
22 74
22 78
22 83
22 86
22 87
22 88
22 89
22 92
22 98
22 100
22 104
22 112
22 114
22 116
22 118
22 120
22 121
22 123
22 125
22 126
23 0
23 1
23 6
23 7
23 8
23 9
23 12
23 19
23 20
23 26
23 34
23 36
23 45
23 56
23 60
23 62
23 63
23 64
23 68
23 70
23 72
23 74
23 75
23 76
23 80
23 81
23 83
23 85
23 86
23 87
23 92
23 93
23 94
23 96
23 98
23 103
23 105
23 106
23 108
23 109
23 110
23 111
23 114
23 122
23 123
23 124
23 126
24 1
24 2
24 4
24 11
24 14
24 21
24 24
24 26
24 27
24 29
24 30
24 32
24 33
24 35
24 37
24 42
24 46
24 48
24 50
24 53
24 54
24 59
24 60
24 65
24 68
24 71
24 72
24 74
24 75
24 76
24 77
24 78
24 79
24 81
24 82
24 89
24 90
24 94
24 95
24 96
24 98
24 100
24 101
24 104
24 108
24 111
24 112
24 114
24 118
24 122
24 124
24 125
24 126
25 1
25 5
25 7
25 10
25 11
25 14
25 16
25 19
25 20
25 22
25 24
25 27
25 28
25 33
25 35
25 36
25 37
25 39
25 40
25 44
25 47
25 48
25 56
25 58
25 60
25 61
25 65
25 69
25 74
25 75
25 76
25 85
25 86
25 90
25 92
25 97
25 98
25 101
25 105
25 108
25 111
25 117
25 118
25 123
25 124
25 125
26 6
26 12
26 14
26 15
26 18
26 19
26 20
26 23
26 24
26 26
26 27
26 28
26 30
26 34
26 35
26 38
26 41
26 44
26 45
26 47
26 52
26 54
26 68
26 72
26 74
26 76
26 77
26 87
26 88
26 92
26 93
26 103
26 107
26 109
26 122
26 123
27 0
27 5
27 6
27 7
27 8
27 11
27 16
27 17
27 19
27 23
27 28
27 30
27 34
27 35
27 38
27 39
27 43
27 47
27 49
27 53
27 54
27 57
27 60
27 61
27 63
27 64
27 68
27 69
27 77
27 81
27 82
27 86
27 88
27 90
27 94
27 102
27 106
27 112
27 117
27 120
27 121
27 122
27 125
27 126
28 0
28 4
28 7
28 14
28 17
28 18
28 20
28 23
28 30
28 31
28 34
28 35
28 38
28 39
28 40
28 41
28 44
28 46
28 48
28 52
28 56
28 59
28 60
28 63
28 67
28 72
28 85
28 88
28 93
28 94
28 108
28 111
28 112
28 113
28 118
28 119
28 127
29 0
29 2
29 3
29 7
29 9
29 16
29 17
29 18
29 19
29 22
29 25
29 26
29 28
29 29
29 30
29 38
29 42
29 48
29 49
29 51
29 52
29 54
29 55
29 57
29 58
29 60
29 63
29 65
29 68
29 69
29 70
29 76
29 79
29 80
29 84
29 87
29 90
29 91
29 93
29 94
29 95
29 98
29 99
29 101
29 102
29 103
29 105
29 107
29 109
29 110
29 113
29 117
29 120
29 121
29 126
30 1
30 2
30 3
30 10
30 11
30 12
30 14
30 18
30 20
30 21
30 26
30 28
30 29
30 30
30 31
30 32
30 35
30 37
30 42
30 47
30 52
30 53
30 56
30 57
30 59
30 61
30 67
30 69
30 72
30 78
30 79
30 87
30 89
30 91
30 93
30 95
30 99
30 101
30 104
30 107
30 112
30 117
30 120
30 122
31 0
31 7
31 8
31 12
31 17
31 18
31 21
31 22
31 25
31 29
31 34
31 35
31 36
31 37
31 43
31 48
31 50
31 51
31 54
31 58
31 61
31 62
31 64
31 68
31 70
31 71
31 72
31 74
31 75
31 77
31 81
31 87
31 90
31 94
31 97
31 101
31 104
31 108
31 111
31 113
31 116
31 120
31 124
32 4
32 6
32 16
32 20
32 23
32 24
32 27
32 28
32 29
32 30
32 31
32 34
32 35
32 40
32 43
32 45
32 46
32 47
32 54
32 55
32 56
32 65
32 73
32 76
32 81
32 82
32 84
32 94
32 97
32 107
32 112
32 113
32 114
32 118
32 122
32 125
33 1
33 6
33 8
33 12
33 16
33 18
33 19
33 20
33 21
33 23
33 24
33 25
33 26
33 27
33 29
33 32
33 34
33 36
33 40
33 46
33 48
33 53
33 60
33 62
33 63
33 74
33 76
33 77
33 78
33 79
33 82
33 90
33 93
33 96
33 97
33 98
33 103
33 106
33 107
33 110
33 112
33 113
33 118
33 119
33 120
33 122
33 124
33 127
34 0
34 1
34 2
34 4
34 8
34 11
34 15
34 16
34 18
34 23
34 24
34 26
34 28
34 30
34 34
34 39
34 40
34 49
34 50
34 51
34 53
34 56
34 57
34 58
34 63
34 65
34 71
34 72
34 76
34 80
34 81
34 82
34 83
34 89
34 92
34 103
34 104
34 109
34 113
34 114
34 116
34 119
34 121
34 124
34 126
34 127
35 0
35 2
35 3
35 6
35 7
35 8
35 11
35 14
35 20
35 22
35 24
35 26
35 29
35 30
35 31
35 32
35 33
35 34
35 37
35 40
35 48
35 50
35 53
35 57
35 60
35 62
35 63
35 65
35 66
35 67
35 69
35 70
35 72
35 77
35 78
35 80
35 81
35 82
35 84
35 86
35 91
35 92
35 93
35 94
35 96
35 108
35 110
35 111
35 112
35 124
35 126
36 1
36 2
36 3
36 5
36 7
36 9
36 10
36 11
36 14
36 17
36 25
36 26
36 28
36 29
36 30
36 31
36 37
36 41
36 45
36 47
36 51
36 55
36 57
36 63
36 64
36 65
36 68
36 69
36 71
36 73
36 74
36 76
36 80
36 84
36 85
36 87
36 88
36 95
36 96
36 101
36 104
36 109
36 113
36 115
36 123
36 125
37 0
37 1
37 3
37 4
37 10
37 12
37 18
37 19
37 21
37 27
37 32
37 33
37 34
37 37
37 40
37 41
37 42
37 45
37 47
37 59
37 67
37 69
37 73
37 76
37 78
37 89
37 90
37 91
37 93
37 95
37 96
37 101
37 102
37 104
37 106
37 109
37 112
37 113
37 114
37 119
37 122
37 123
37 124
38 0
38 1
38 3
38 8
38 9
38 12
38 14
38 16
38 18
38 19
38 23
38 24
38 29
38 30
38 32
38 34
38 38
38 40
38 43
38 44
38 48
38 54
38 56
38 58
38 61
38 66
38 67
38 68
38 73
38 75
38 76
38 78
38 81
38 82
38 85
38 87
38 89
38 92
38 93
38 94
38 96
38 97
38 99
38 100
38 101
38 102
38 104
38 107
38 110
38 116
38 122
38 124
38 125
38 126
39 5
39 12
39 18
39 19
39 22
39 27
39 29
39 30
39 35
39 38
39 39
39 40
39 42
39 47
39 50
39 58
39 78
39 87
39 92
39 97
39 99
39 100
39 102
39 105
39 106
39 109
39 110
39 112
39 113
39 118
39 120
39 121
39 125
39 126
40 0
40 1
40 9
40 16
40 18
40 20
40 21
40 22
40 23
40 29
40 34
40 36
40 41
40 43
40 44
40 46
40 49
40 50
40 51
40 60
40 64
40 66
40 67
40 69
40 70
40 71
40 77
40 79
40 80
40 84
40 85
40 86
40 88
40 90
40 95
40 97
40 100
40 104
40 106
40 112
40 115
40 120
40 122
40 126
40 127
41 2
41 7
41 13
41 15
41 16
41 19
41 23
41 24
41 30
41 31
41 33
41 38
41 41
41 42
41 43
41 47
41 48
41 50
41 57
41 61
41 64
41 67
41 72
41 75
41 79
41 81
41 82
41 90
41 91
41 98
41 100
41 101
41 103
41 111
41 114
41 118
41 123
41 124
41 125
42 9
42 13
42 14
42 15
42 17
42 20
42 21
42 22
42 27
42 31
42 32
42 38
42 39
42 41
42 50
42 51
42 53
42 57
42 62
42 64
42 66
42 68
42 75
42 76
42 80
42 81
42 85
42 95
42 96
42 99
42 103
42 108
42 110
42 112
42 113
42 119
42 120
42 123
42 124
43 4
43 5
43 10
43 14
43 20
43 23
43 25
43 26
43 27
43 31
43 33
43 37
43 38
43 41
43 44
43 46
43 47
43 49
43 57
43 61
43 62
43 63
43 66
43 68
43 71
43 72
43 77
43 82
43 85
43 87
43 92
43 93
43 94
43 98
43 103
43 106
43 109
43 110
43 111
43 113
43 125
44 2
44 3
44 5
44 9
44 11
44 15
44 18
44 19
44 23
44 28
44 31
44 36
44 37
44 40
44 41
44 43
44 47
44 55
44 57
44 60
44 65
44 67
44 68
44 72
44 76
44 78
44 83
44 87
44 90
44 92
44 93
44 97
44 99
44 100
44 109
44 112
45 6
45 8
45 11
45 13
45 14
45 17
45 19
45 20
45 21
45 26
45 36
45 38
45 45
45 48
45 49
45 51
45 52
45 53
45 54
45 58
45 59
45 63
45 65
45 70
45 75
45 76
45 88
45 89
45 97
45 101
45 102
45 104
45 105
45 110
45 112
45 118
45 120
45 121
45 122
45 124
45 126
45 127
46 0
46 4
46 6
46 8
46 12
46 13
46 15
46 16
46 17
46 27
46 32
46 34
46 36
46 39
46 41
46 43
46 44
46 45
46 46
46 52
46 56
46 57
46 62
46 68
46 71
46 73
46 79
46 80
46 82
46 83
46 86
46 90
46 92
46 101
46 102
46 104
46 111
46 112
46 114
46 117
46 120
46 121
46 122
46 124
46 127
47 11
47 12
47 14
47 15
47 16
47 17
47 24
47 25
47 28
47 31
47 35
47 37
47 41
47 46
47 48
47 49
47 52
47 53
47 63
47 71
47 75
47 76
47 78
47 79
47 80
47 82
47 83
47 84
47 86
47 90
47 95
47 99
47 103
47 105
47 108
47 109
47 112
47 115
47 116
47 117
47 119
47 120
47 123
47 127
48 5
48 8
48 11
48 13
48 14
48 18
48 21
48 24
48 27
48 29
48 30
48 36
48 42
48 50
48 51
48 52
48 54
48 55
48 57
48 63
48 64
48 69
48 72
48 73
48 77
48 79
48 81
48 84
48 86
48 88
48 92
48 94
48 96
48 97
48 100
48 102
48 106
48 107
48 110
48 114
48 115
48 118
48 120
48 122
48 125
48 127
49 2
49 3
49 6
49 12
49 13
49 14
49 15
49 18
49 19
49 22
49 23
49 24
49 25
49 26
49 33
49 39
49 44
49 45
49 48
49 53
49 54
49 55
49 59
49 66
49 67
49 71
49 74
49 79
49 80
49 82
49 84
49 86
49 87
49 94
49 99
49 106
49 110
49 118
49 120
49 121
49 122
50 0
50 5
50 6
50 7
50 9
50 12
50 15
50 23
50 24
50 26
50 27
50 31
50 32
50 35
50 36
50 38
50 40
50 47
50 50
50 54
50 55
50 59
50 60
50 64
50 69
50 73
50 75
50 79
50 80
50 81
50 82
50 93
50 99
50 100
50 101
50 102
50 103
50 104
50 105
50 106
50 111
50 116
50 117
50 118
50 124
50 125
50 126
51 4
51 5
51 9
51 11
51 12
51 14
51 19
51 23
51 24
51 30
51 31
51 32
51 38
51 42
51 45
51 46
51 51
51 52
51 53
51 54
51 56
51 57
51 60
51 62
51 63
51 65
51 66
51 71
51 73
51 75
51 78
51 81
51 87
51 93
51 96
51 106
51 111
51 115
51 119
51 121
51 125
51 126
51 127
52 0
52 3
52 4
52 9
52 10
52 12
52 16
52 18
52 26
52 31
52 32
52 33
52 35
52 40
52 43
52 44
52 45
52 48
52 49
52 52
52 55
52 61
52 64
52 68
52 71
52 72
52 73
52 75
52 77
52 78
52 80
52 85
52 86
52 88
52 91
52 98
52 99
52 100
52 101
52 104
52 108
52 109
52 110
52 111
52 113
52 115
52 118
52 123
52 125
52 126
53 1
53 4
53 7
53 9
53 10
53 12
53 14
53 15
53 17
53 19
53 22
53 30
53 31
53 34
53 35
53 36
53 37
53 44
53 47
53 48
53 54
53 57
53 58
53 59
53 62
53 64
53 67
53 75
53 78
53 80
53 82
53 86
53 93
53 94
53 95
53 98
53 99
53 102
53 104
53 106
53 109
53 114
53 118
53 121
53 122
53 123
54 4
54 14
54 16
54 17
54 20
54 23
54 25
54 29
54 31
54 33
54 37
54 39
54 43
54 44
54 46
54 47
54 54
54 56
54 58
54 60
54 66
54 67
54 68
54 70
54 71
54 72
54 74
54 76
54 81
54 87
54 88
54 89
54 91
54 98
54 101
54 102
54 105
54 108
54 110
54 112
54 113
54 116
54 117
54 123
54 124
55 11
55 15
55 17
55 18
55 26
55 31
55 34
55 35
55 37
55 38
55 49
55 50
55 51
55 52
55 53
55 55
55 57
55 58
55 63
55 64
55 65
55 67
55 68
55 69
55 71
55 73
55 74
55 75
55 77
55 81
55 86
55 88
55 90
55 92
55 97
55 100
55 101
55 103
55 105
55 116
55 119
55 123
55 124
55 126
55 127
56 1
56 9
56 10
56 11
56 12
56 14
56 24
56 28
56 31
56 35
56 36
56 41
56 45
56 50
56 52
56 53
56 55
56 56
56 58
56 59
56 61
56 62
56 66
56 67
56 70
56 71
56 72
56 73
56 75
56 77
56 81
56 83
56 92
56 95
56 96
56 97
56 98
56 103
56 104
56 106
56 114
56 115
56 116
56 125
56 126
57 0
57 5
57 8
57 10
57 14
57 15
57 17
57 26
57 30
57 34
57 36
57 38
57 39
57 40
57 43
57 47
57 51
57 55
57 57
57 58
57 60
57 63
57 64
57 66
57 71
57 72
57 82
57 83
57 85
57 103
57 107
57 108
57 109
57 114
57 115
57 118
57 122
57 124
57 125
57 126
57 127
58 0
58 3
58 4
58 5
58 6
58 7
58 8
58 9
58 20
58 23
58 25
58 26
58 27
58 28
58 38
58 39
58 51
58 60
58 63
58 65
58 69
58 72
58 73
58 78
58 81
58 83
58 84
58 88
58 89
58 94
58 100
58 103
58 104
58 108
58 112
58 114
58 124
58 125
58 126
58 127
59 2
59 4
59 6
59 8
59 10
59 15
59 20
59 21
59 28
59 29
59 31
59 32
59 35
59 39
59 40
59 41
59 45
59 51
59 53
59 54
59 55
59 56
59 59
59 63
59 71
59 78
59 79
59 81
59 88
59 92
59 97
59 99
59 102
59 106
59 108
59 110
59 111
59 115
59 117
59 119
59 126
59 127
60 1
60 15
60 17
60 23
60 26
60 27
60 28
60 30
60 32
60 34
60 37
60 42
60 43
60 46
60 50
60 51
60 54
60 56
60 58
60 60
60 61
60 63
60 69
60 73
60 74
60 76
60 77
60 80
60 81
60 82
60 84
60 85
60 87
60 88
60 92
60 94
60 96
60 97
60 99
60 103
60 110
60 114
60 115
60 116
60 118
60 126
60 127
61 2
61 4
61 9
61 13
61 16
61 17
61 20
61 22
61 26
61 27
61 28
61 32
61 36
61 37
61 47
61 49
61 50
61 55
61 56
61 61
61 63
61 65
61 66
61 68
61 69
61 75
61 78
61 79
61 83
61 86
61 87
61 92
61 94
61 95
61 98
61 101
61 103
61 111
61 112
61 117
61 119
61 126
62 0
62 2
62 4
62 7
62 8
62 12
62 13
62 15
62 16
62 18
62 19
62 21
62 24
62 28
62 35
62 36
62 37
62 47
62 50
62 53
62 56
62 58
62 59
62 60
62 66
62 67
62 68
62 69
62 71
62 72
62 74
62 75
62 83
62 93
62 96
62 97
62 101
62 106
62 107
62 109
62 114
62 115
62 116
62 118
62 120
62 122
62 123
63 1
63 3
63 7
63 8
63 13
63 19
63 21
63 23
63 29
63 30
63 31
63 32
63 33
63 35
63 36
63 43
63 53
63 57
63 58
63 60
63 62
63 63
63 69
63 72
63 73
63 74
63 76
63 78
63 81
63 87
63 88
63 89
63 92
63 95
63 96
63 101
63 104
63 106
63 109
63 110
63 113
63 115
63 121
63 122
63 127
64 1
64 2
64 3
64 6
64 11
64 14
64 15
64 17
64 18
64 21
64 29
64 33
64 34
64 45
64 48
64 53
64 54
64 55
64 59
64 60
64 62
64 63
64 66
64 68
64 69
64 75
64 76
64 77
64 81
64 82
64 83
64 90
64 91
64 96
64 97
64 98
64 108
64 116
64 118
64 119
64 120
64 121
64 123
64 124
64 126
64 127
65 0
65 4
65 9
65 12
65 13
65 15
65 16
65 17
65 19
65 21
65 22
65 25
65 26
65 27
65 28
65 30
65 32
65 33
65 38
65 40
65 41
65 43
65 46
65 49
65 50
65 53
65 54
65 55
65 56
65 61
65 62
65 63
65 68
65 71
65 72
65 77
65 82
65 83
65 84
65 87
65 89
65 92
65 93
65 95
65 100
65 102
65 104
65 105
65 106
65 108
65 110
65 111
65 113
65 114
65 118
65 119
65 120
65 122
66 0
66 1
66 3
66 4
66 5
66 7
66 8
66 11
66 12
66 14
66 22
66 25
66 29
66 31
66 35
66 39
66 40
66 43
66 45
66 46
66 53
66 56
66 60
66 63
66 64
66 68
66 72
66 73
66 79
66 83
66 84
66 85
66 89
66 91
66 94
66 100
66 105
66 106
66 107
66 108
66 109
66 112
66 114
66 117
66 118
67 2
67 6
67 13
67 16
67 22
67 25
67 26
67 28
67 31
67 32
67 33
67 35
67 37
67 39
67 40
67 52
67 54
67 56
67 58
67 59
67 61
67 64
67 65
67 68
67 72
67 74
67 75
67 77
67 80
67 82
67 83
67 85
67 92
67 94
67 95
67 96
67 99
67 100
67 101
67 103
67 104
67 106
67 107
67 108
67 112
67 118
67 125
67 127
68 3
68 8
68 11
68 12
68 13
68 16
68 21
68 25
68 26
68 29
68 30
68 33
68 36
68 37
68 39
68 43
68 45
68 48
68 51
68 57
68 58
68 64
68 66
68 70
68 72
68 77
68 80
68 81
68 85
68 86
68 93
68 96
68 101
68 102
68 103
68 106
68 120
68 121
68 122
68 126
69 1
69 2
69 3
69 4
69 6
69 7
69 11
69 19
69 21
69 23
69 26
69 35
69 39
69 42
69 44
69 45
69 46
69 47
69 48
69 55
69 56
69 60
69 61
69 62
69 68
69 69
69 70
69 72
69 77
69 79
69 87
69 92
69 95
69 99
69 113
69 116
69 118
69 121
69 122
69 125
70 0
70 3
70 5
70 6
70 8
70 10
70 13
70 15
70 16
70 23
70 25
70 28
70 29
70 35
70 38
70 39
70 40
70 41
70 43
70 46
70 52
70 56
70 61
70 65
70 68
70 69
70 72
70 76
70 77
70 81
70 82
70 84
70 86
70 91
70 95
70 97
70 98
70 99
70 101
70 107
70 112
70 116
70 118
70 119
70 121
70 123
70 124
70 127
71 0
71 5
71 7
71 13
71 16
71 23
71 26
71 29
71 30
71 34
71 36
71 37
71 40
71 41
71 42
71 44
71 45
71 52
71 54
71 55
71 56
71 57
71 59
71 61
71 71
71 72
71 75
71 79
71 83
71 87
71 88
71 92
71 93
71 95
71 98
71 99
71 100
71 101
71 102
71 105
71 107
71 109
71 110
71 112
71 120
71 124
71 126
72 2
72 6
72 7
72 10
72 12
72 14
72 15
72 17
72 22
72 24
72 26
72 29
72 31
72 32
72 33
72 40
72 43
72 45
72 46
72 47
72 53
72 61
72 62
72 66
72 67
72 71
72 73
72 75
72 76
72 77
72 79
72 82
72 83
72 84
72 87
72 93
72 95
72 99
72 101
72 110
72 114
72 115
72 117
72 121
73 3
73 10
73 12
73 13
73 15
73 18
73 19
73 22
73 25
73 26
73 27
73 32
73 35
73 38
73 40
73 44
73 46
73 47
73 49
73 57
73 58
73 59
73 63
73 71
73 72
73 77
73 81
73 85
73 86
73 95
73 99
73 107
73 109
73 110
73 115
73 117
73 121
73 123
73 125
73 126
73 127
74 5
74 6
74 10
74 13
74 15
74 16
74 18
74 19
74 27
74 30
74 33
74 38
74 47
74 49
74 51
74 59
74 63
74 64
74 66
74 68
74 73
74 79
74 81
74 87
74 88
74 90
74 92
74 95
74 99
74 103
74 104
74 106
74 107
74 108
74 115
74 116
74 120
74 121
74 123
74 127
75 1
75 3
75 6
75 10
75 12
75 15
75 17
75 19
75 20
75 21
75 26
75 27
75 28
75 30
75 31
75 33
75 34
75 35
75 36
75 37
75 38
75 39
75 43
75 45
75 48
75 52
75 54
75 56
75 58
75 63
75 65
75 66
75 68
75 81
75 82
75 84
75 88
75 97
75 108
75 109
75 110
75 113
75 117
75 122
75 124
76 3
76 7
76 9
76 10
76 20
76 23
76 24
76 25
76 34
76 37
76 40
76 49
76 50
76 52
76 54
76 55
76 59
76 60
76 68
76 73
76 74
76 84
76 85
76 86
76 87
76 88
76 90
76 91
76 94
76 99
76 101
76 103
76 106
76 109
76 110
76 112
76 116
76 121
76 123
76 124
76 125
77 0
77 5
77 6
77 9
77 10
77 11
77 12
77 16
77 24
77 25
77 27
77 30
77 38
77 39
77 42
77 44
77 47
77 49
77 53
77 57
77 58
77 60
77 65
77 67
77 69
77 71
77 73
77 77
77 78
77 82
77 84
77 90
77 91
77 92
77 93
77 94
77 97
77 98
77 100
77 101
77 102
77 103
77 104
77 106
77 107
77 108
77 109
77 112
77 114
77 116
77 119
77 120
77 122
77 124
77 126
78 0
78 3
78 12
78 13
78 14
78 15
78 17
78 20
78 29
78 31
78 32
78 33
78 38
78 39
78 42
78 45
78 47
78 52
78 53
78 58
78 59
78 60
78 62
78 63
78 67
78 70
78 71
78 72
78 73
78 75
78 78
78 80
78 82
78 83
78 85
78 91
78 96
78 98
78 102
78 113
78 114
78 123
78 124
78 126
78 127
79 0
79 1
79 2
79 5
79 6
79 10
79 12
79 15
79 16
79 17
79 21
79 26
79 27
79 31
79 35
79 37
79 38
79 42
79 43
79 46
79 48
79 49
79 51
79 52
79 56
79 57
79 59
79 63
79 64
79 65
79 67
79 70
79 72
79 75
79 80
79 81
79 82
79 83
79 84
79 86
79 87
79 89
79 90
79 91
79 92
79 98
79 99
79 100
79 104
79 107
79 110
79 112
79 115
79 116
79 120
79 125
79 126
80 2
80 5
80 13
80 14
80 16
80 17
80 19
80 25
80 27
80 29
80 32
80 42
80 45
80 48
80 50
80 58
80 60
80 61
80 63
80 64
80 66
80 73
80 76
80 77
80 78
80 79
80 86
80 87
80 94
80 96
80 98
80 99
80 100
80 103
80 106
80 108
80 109
80 111
80 112
80 113
80 114
80 116
80 117
80 120
80 121
80 123
80 124
81 5
81 6
81 7
81 10
81 14
81 24
81 29
81 32
81 45
81 47
81 51
81 55
81 57
81 61
81 62
81 64
81 67
81 69
81 73
81 78
81 80
81 83
81 87
81 88
81 91
81 94
81 97
81 101
81 107
81 108
81 110
81 115
81 117
81 123
81 124
82 3
82 5
82 9
82 13
82 15
82 17
82 19
82 23
82 27
82 32
82 33
82 34
82 36
82 41
82 42
82 43
82 45
82 48
82 49
82 50
82 51
82 62
82 71
82 73
82 78
82 81
82 87
82 88
82 89
82 93
82 95
82 97
82 99
82 105
82 106
82 107
82 108
82 112
82 115
82 120
82 126
83 2
83 3
83 6
83 9
83 11
83 18
83 25
83 30
83 34
83 37
83 39
83 40
83 41
83 42
83 46
83 48
83 51
83 55
83 58
83 61
83 68
83 69
83 70
83 74
83 75
83 80
83 81
83 82
83 84
83 85
83 91
83 93
83 94
83 100
83 103
83 104
83 107
83 109
83 113
83 114
83 117
83 118
83 123
83 124
84 2
84 6
84 7
84 8
84 11
84 14
84 16
84 17
84 19
84 25
84 28
84 29
84 37
84 40
84 43
84 60
84 62
84 64
84 67
84 75
84 80
84 85
84 87
84 89
84 92
84 94
84 98
84 99
84 101
84 106
84 107
84 108
84 117
84 120
84 121
84 123
84 124
85 1
85 5
85 6
85 7
85 12
85 15
85 16
85 18
85 21
85 22
85 25
85 31
85 34
85 35
85 37
85 38
85 40
85 41
85 42
85 44
85 45
85 46
85 47
85 51
85 56
85 57
85 58
85 62
85 66
85 75
85 76
85 79
85 82
85 86
85 91
85 92
85 93
85 98
85 99
85 101
85 103
85 104
85 108
85 117
85 118
85 119
85 120
85 123
85 125
86 0
86 1
86 11
86 13
86 16
86 28
86 29
86 32
86 35
86 39
86 42
86 45
86 47
86 48
86 49
86 52
86 53
86 54
86 57
86 58
86 62
86 63
86 67
86 68
86 74
86 82
86 86
86 87
86 89
86 92
86 94
86 95
86 97
86 98
86 99
86 100
86 101
86 103
86 104
86 111
86 112
86 117
86 118
86 125
86 126
86 127
87 0
87 1
87 2
87 4
87 6
87 8
87 12
87 17
87 18
87 19
87 21
87 24
87 25
87 29
87 30
87 32
87 34
87 39
87 42
87 43
87 44
87 45
87 50
87 51
87 60
87 64
87 65
87 66
87 70
87 74
87 83
87 86
87 91
87 92
87 100
87 101
87 105
87 106
87 115
87 116
87 117
87 118
87 120
87 123
87 124
88 5
88 6
88 7
88 9
88 10
88 12
88 16
88 17
88 18
88 19
88 20
88 24
88 25
88 34
88 37
88 38
88 39
88 42
88 45
88 46
88 49
88 53
88 54
88 55
88 60
88 62
88 65
88 66
88 67
88 69
88 70
88 73
88 78
88 83
88 84
88 85
88 86
88 88
88 89
88 90
88 92
88 93
88 94
88 96
88 102
88 106
88 107
88 108
88 116
88 121
88 123
89 1
89 4
89 9
89 12
89 13
89 15
89 16
89 18
89 19
89 23
89 25
89 32
89 36
89 39
89 44
89 48
89 49
89 50
89 52
89 54
89 55
89 56
89 58
89 65
89 69
89 76
89 77
89 78
89 79
89 87
89 90
89 92
89 93
89 98
89 105
89 108
89 110
89 111
89 117
90 2
90 8
90 9
90 10
90 13
90 14
90 15
90 19
90 24
90 25
90 30
90 34
90 35
90 38
90 39
90 41
90 42
90 46
90 51
90 54
90 55
90 58
90 60
90 62
90 68
90 69
90 70
90 72
90 74
90 77
90 80
90 81
90 84
90 85
90 87
90 89
90 92
90 99
90 113
90 115
90 121
90 126
91 2
91 5
91 7
91 17
91 18
91 19
91 20
91 21
91 24
91 29
91 37
91 38
91 42
91 44
91 45
91 46
91 48
91 53
91 55
91 57
91 58
91 66
91 69
91 72
91 74
91 81
91 82
91 84
91 87
91 92
91 97
91 98
91 100
91 101
91 102
91 104
91 105
91 107
91 109
91 110
91 111
91 112
91 121
92 1
92 3
92 5
92 6
92 8
92 9
92 11
92 12
92 15
92 16
92 17
92 19
92 21
92 22
92 24
92 25
92 26
92 28
92 31
92 32
92 36
92 37
92 49
92 53
92 56
92 61
92 62
92 63
92 64
92 65
92 66
92 71
92 73
92 81
92 83
92 86
92 89
92 90
92 95
92 96
92 99
92 100
92 105
92 108
92 109
92 112
92 115
92 116
92 117
92 125
93 2
93 4
93 5
93 10
93 11
93 15
93 19
93 24
93 31
93 33
93 34
93 35
93 39
93 42
93 44
93 45
93 49
93 58
93 59
93 60
93 61
93 65
93 66
93 68
93 69
93 70
93 71
93 73
93 74
93 79
93 86
93 89
93 91
93 93
93 95
93 99
93 102
93 106
93 112
93 117
93 120
93 125
93 127
94 7
94 8
94 18
94 19
94 20
94 23
94 25
94 27
94 29
94 30
94 31
94 33
94 35
94 37
94 38
94 39
94 45
94 49
94 54
94 55
94 56
94 57
94 61
94 64
94 66
94 67
94 72
94 78
94 79
94 80
94 81
94 84
94 87
94 90
94 91
94 94
94 97
94 101
94 104
94 105
94 109
94 110
94 115
94 117
94 123
94 126
95 0
95 8
95 11
95 13
95 21
95 22
95 23
95 28
95 32
95 34
95 35
95 36
95 41
95 47
95 48
95 51
95 55
95 57
95 58
95 62
95 63
95 65
95 66
95 69
95 71
95 80
95 85
95 87
95 88
95 90
95 91
95 96
95 97
95 98
95 100
95 106
95 110
95 112
95 113
95 114
95 117
95 124
95 125
96 0
96 1
96 5
96 12
96 17
96 19
96 21
96 22
96 24
96 25
96 27
96 33
96 35
96 38
96 42
96 43
96 48
96 55
96 60
96 64
96 65
96 72
96 73
96 74
96 80
96 81
96 88
96 90
96 95
96 96
96 97
96 100
96 105
96 107
96 109
96 120
96 124
96 125
96 126
96 127
97 1
97 3
97 6
97 7
97 8
97 10
97 16
97 17
97 25
97 29
97 34
97 36
97 42
97 45
97 48
97 54
97 57
97 59
97 60
97 62
97 64
97 66
97 67
97 68
97 70
97 72
97 78
97 80
97 81
97 84
97 86
97 87
97 93
97 97
97 98
97 101
97 108
97 109
97 110
97 111
97 120
97 123
97 125
98 2
98 5
98 9
98 12
98 14
98 15
98 18
98 21
98 24
98 25
98 27
98 28
98 29
98 36
98 42
98 44
98 48
98 52
98 53
98 54
98 56
98 59
98 60
98 61
98 64
98 66
98 68
98 69
98 71
98 74
98 81
98 82
98 83
98 84
98 86
98 91
98 93
98 94
98 95
98 96
98 99
98 100
98 103
98 108
98 110
98 112
98 113
98 122
98 123
99 0
99 3
99 6
99 7
99 9
99 21
99 27
99 28
99 30
99 32
99 35
99 36
99 38
99 39
99 42
99 44
99 47
99 59
99 63
99 66
99 67
99 74
99 75
99 77
99 79
99 83
99 84
99 92
99 93
99 94
99 95
99 98
99 99
99 102
99 106
99 107
99 110
99 115
99 116
99 119
99 123
100 3
100 4
100 6
100 7
100 8
100 11
100 13
100 16
100 18
100 22
100 25
100 30
100 32
100 36
100 41
100 44
100 45
100 47
100 48
100 49
100 50
100 52
100 54
100 56
100 60
100 63
100 65
100 70
100 74
100 76
100 82
100 85
100 86
100 88
100 90
100 92
100 96
100 97
100 98
100 104
100 105
100 107
100 109
100 112
100 120
100 121
100 125
100 127
101 1
101 2
101 4
101 5
101 8
101 10
101 15
101 19
101 21
101 22
101 25
101 29
101 30
101 35
101 38
101 40
101 42
101 45
101 54
101 56
101 57
101 61
101 66
101 68
101 69
101 76
101 78
101 81
101 83
101 91
101 96
101 97
101 98
101 100
101 104
101 108
101 111
101 116
101 120
101 121
101 122
101 123
101 124
101 125
102 2
102 10
102 12
102 15
102 18
102 19
102 23
102 25
102 27
102 28
102 31
102 33
102 40
102 41
102 48
102 52
102 53
102 55
102 60
102 61
102 63
102 65
102 66
102 69
102 70
102 71
102 75
102 76
102 78
102 79
102 81
102 84
102 85
102 88
102 92
102 97
102 100
102 101
102 102
102 104
102 106
102 108
102 112
102 114
102 117
102 119
102 120
102 122
102 125
102 127
103 1
103 6
103 10
103 11
103 19
103 21
103 23
103 26
103 27
103 36
103 41
103 42
103 43
103 44
103 46
103 48
103 54
103 55
103 57
103 58
103 60
103 63
103 64
103 66
103 67
103 72
103 74
103 77
103 80
103 82
103 86
103 87
103 88
103 89
103 90
103 93
103 99
103 100
103 107
103 108
103 110
103 114
103 118
103 127
104 6
104 8
104 11
104 12
104 13
104 14
104 18
104 19
104 22
104 23
104 26
104 27
104 29
104 30
104 33
104 39
104 40
104 42
104 43
104 45
104 47
104 48
104 50
104 51
104 53
104 54
104 55
104 57
104 59
104 61
104 72
104 76
104 79
104 80
104 87
104 89
104 93
104 100
104 108
104 113
104 115
104 116
104 118
104 122
104 123
104 124
104 125
104 126
105 1
105 2
105 5
105 6
105 9
105 10
105 13
105 14
105 17
105 20
105 24
105 25
105 26
105 28
105 30
105 33
105 35
105 37
105 39
105 40
105 43
105 44
105 47
105 49
105 62
105 63
105 65
105 66
105 69
105 70
105 72
105 73
105 78
105 84
105 85
105 86
105 87
105 89
105 93
105 94
105 95
105 97
105 98
105 99
105 101
105 103
105 105
105 109
105 113
105 115
105 117
105 118
105 120
105 124
105 125
106 5
106 6
106 10
106 11
106 15
106 19
106 20
106 23
106 25
106 29
106 30
106 31
106 37
106 38
106 42
106 43
106 44
106 50
106 52
106 55
106 58
106 60
106 61
106 67
106 68
106 73
106 74
106 77
106 79
106 81
106 82
106 86
106 87
106 92
106 95
106 96
106 101
106 102
106 105
106 109
106 110
106 116
106 120
106 127
107 0
107 1
107 2
107 3
107 4
107 5
107 7
107 15
107 17
107 24
107 25
107 26
107 27
107 28
107 29
107 32
107 35
107 38
107 39
107 41
107 43
107 44
107 45
107 49
107 51
107 52
107 56
107 57
107 58
107 59
107 71
107 74
107 79
107 82
107 83
107 84
107 88
107 89
107 98
107 99
107 100
107 106
107 111
107 113
107 115
107 116
107 119
107 125
107 126
108 0
108 7
108 11
108 13
108 14
108 20
108 21
108 24
108 25
108 27
108 32
108 36
108 38
108 40
108 42
108 44
108 45
108 47
108 48
108 49
108 55
108 59
108 63
108 64
108 69
108 70
108 72
108 73
108 75
108 76
108 79
108 83
108 87
108 90
108 93
108 95
108 96
108 97
108 101
108 105
108 107
108 108
108 111
108 112
108 116
108 119
108 123
109 3
109 4
109 8
109 12
109 14
109 23
109 24
109 28
109 29
109 39
109 44
109 45
109 49
109 52
109 54
109 59
109 64
109 65
109 67
109 72
109 80
109 85
109 89
109 94
109 100
109 103
109 105
109 106
109 109
109 110
109 119
109 120
109 126
110 0
110 3
110 4
110 11
110 16
110 27
110 28
110 36
110 41
110 42
110 63
110 64
110 67
110 68
110 69
110 70
110 78
110 80
110 84
110 87
110 90
110 91
110 92
110 97
110 98
110 99
110 100
110 101
110 103
110 104
110 106
110 114
110 115
110 116
110 122
110 124
110 125
110 127
111 1
111 2
111 8
111 11
111 14
111 16
111 18
111 20
111 21
111 25
111 34
111 39
111 40
111 42
111 50
111 54
111 57
111 58
111 60
111 61
111 63
111 68
111 71
111 72
111 73
111 74
111 75
111 76
111 77
111 78
111 81
111 82
111 91
111 92
111 97
111 99
111 100
111 105
111 109
111 111
111 112
111 113
111 115
111 116
111 118
111 119
111 123
112 1
112 2
112 3
112 6
112 8
112 11
112 12
112 14
112 16
112 30
112 33
112 34
112 38
112 39
112 42
112 43
112 47
112 52
112 54
112 55
112 56
112 57
112 59
112 61
112 62
112 69
112 74
112 75
112 80
112 83
112 90
112 92
112 95
112 96
112 98
112 101
112 103
112 105
112 108
112 110
112 111
112 116
112 117
112 119
112 120
112 122
112 125
113 1
113 3
113 8
113 9
113 11
113 13
113 14
113 17
113 20
113 22
113 26
113 28
113 30
113 34
113 35
113 39
113 41
113 43
113 44
113 50
113 53
113 54
113 55
113 56
113 57
113 59
113 65
113 66
113 68
113 69
113 72
113 74
113 75
113 77
113 79
113 83
113 92
113 93
113 105
113 110
113 114
113 118
113 119
113 123
113 125
113 126
114 1
114 3
114 6
114 8
114 10
114 11
114 17
114 19
114 21
114 23
114 27
114 29
114 30
114 33
114 35
114 48
114 50
114 52
114 53
114 57
114 64
114 71
114 79
114 81
114 85
114 87
114 91
114 92
114 94
114 99
114 100
114 102
114 105
114 109
114 111
114 112
114 113
114 114
114 116
114 118
114 120
114 121
114 126
115 4
115 7
115 18
115 19
115 20
115 21
115 24
115 25
115 31
115 32
115 34
115 38
115 39
115 42
115 44
115 45
115 46
115 47
115 54
115 56
115 58
115 59
115 61
115 62
115 63
115 64
115 65
115 68
115 69
115 75
115 78
115 80
115 83
115 85
115 88
115 90
115 95
115 98
115 99
115 100
115 101
115 105
115 109
115 122
115 127
116 0
116 2
116 7
116 10
116 12
116 20
116 25
116 28
116 39
116 50
116 53
116 54
116 55
116 56
116 62
116 63
116 64
116 65
116 66
116 72
116 74
116 77
116 80
116 84
116 87
116 89
116 93
116 94
116 95
116 98
116 99
116 103
116 106
116 114
116 121
117 0
117 3
117 5
117 6
117 7
117 8
117 11
117 13
117 16
117 17
117 18
117 19
117 20
117 21
117 24
117 26
117 28
117 30
117 37
117 39
117 42
117 45
117 46
117 47
117 49
117 50
117 52
117 54
117 58
117 64
117 67
117 70
117 71
117 76
117 78
117 80
117 82
117 85
117 89
117 91
117 96
117 97
117 103
117 104
117 109
117 116
117 119
117 125
118 2
118 3
118 12
118 18
118 24
118 27
118 28
118 29
118 30
118 32
118 33
118 34
118 43
118 45
118 48
118 49
118 52
118 53
118 55
118 59
118 60
118 61
118 66
118 67
118 75
118 87
118 88
118 89
118 93
118 94
118 96
118 97
118 98
118 102
118 111
118 113
118 115
118 116
118 119
118 121
118 123
118 125
118 127
119 1
119 4
119 8
119 12
119 14
119 18
119 21
119 23
119 24
119 28
119 34
119 37
119 38
119 42
119 44
119 46
119 49
119 53
119 54
119 57
119 58
119 60
119 62
119 65
119 69
119 72
119 76
119 77
119 79
119 81
119 87
119 89
119 92
119 96
119 97
119 102
119 103
119 104
119 113
119 114
119 117
119 120
119 124
119 126
119 127
120 0
120 10
120 12
120 13
120 16
120 18
120 21
120 22
120 24
120 25
120 27
120 28
120 30
120 33
120 35
120 46
120 50
120 52
120 53
120 58
120 65
120 66
120 69
120 70
120 71
120 78
120 81
120 85
120 86
120 87
120 92
120 96
120 99
120 100
120 101
120 105
120 109
120 112
120 114
120 118
120 121
120 123
120 126
120 127
121 4
121 8
121 10
121 15
121 17
121 20
121 23
121 25
121 29
121 30
121 31
121 35
121 38
121 41
121 45
121 47
121 48
121 49
121 50
121 51
121 52
121 53
121 54
121 58
121 63
121 67
121 68
121 75
121 76
121 79
121 83
121 91
121 95
121 96
121 97
121 99
121 100
121 102
121 110
121 112
121 114
121 118
121 123
121 124
121 125
122 1
122 3
122 4
122 6
122 9
122 12
122 17
122 29
122 36
122 38
122 40
122 41
122 43
122 44
122 50
122 52
122 54
122 55
122 56
122 58
122 62
122 71
122 75
122 76
122 80
122 81
122 83
122 84
122 85
122 91
122 95
122 98
122 102
122 104
122 105
122 111
122 114
122 116
122 120
122 122
122 124
122 125
123 0
123 1
123 5
123 7
123 8
123 9
123 12
123 15
123 21
123 24
123 36
123 38
123 42
123 47
123 50
123 52
123 63
123 64
123 68
123 71
123 72
123 73
123 75
123 77
123 78
123 83
123 84
123 86
123 88
123 90
123 92
123 93
123 95
123 100
123 101
123 103
123 108
123 111
123 112
123 113
123 115
123 117
123 120
123 121
123 124
123 126
124 13
124 14
124 16
124 17
124 20
124 29
124 34
124 35
124 43
124 44
124 45
124 46
124 48
124 52
124 54
124 56
124 57
124 60
124 61
124 62
124 65
124 66
124 67
124 73
124 75
124 77
124 79
124 80
124 84
124 88
124 90
124 92
124 96
124 98
124 99
124 101
124 102
124 108
124 110
124 112
124 113
124 114
124 120
124 121
124 123
124 125
124 126
125 3
125 4
125 8
125 11
125 14
125 18
125 29
125 36
125 37
125 39
125 40
125 45
125 50
125 52
125 54
125 58
125 59
125 60
125 64
125 67
125 68
125 69
125 70
125 78
125 82
125 84
125 85
125 87
125 92
125 93
125 94
125 105
125 108
125 112
125 116
125 118
125 120
125 121
125 123
125 124
125 125
126 0
126 2
126 3
126 9
126 14
126 15
126 16
126 17
126 18
126 19
126 21
126 23
126 24
126 25
126 26
126 30
126 33
126 34
126 35
126 39
126 42
126 48
126 49
126 52
126 54
126 60
126 63
126 64
126 68
126 74
126 77
126 78
126 81
126 88
126 97
126 104
126 106
126 110
126 114
126 119
126 121
126 126
126 127
127 1
127 6
127 11
127 12
127 15
127 16
127 17
127 32
127 37
127 39
127 41
127 43
127 48
127 49
127 57
127 61
127 64
127 65
127 68
127 70
127 73
127 78
127 80
127 84
127 87
127 93
127 95
127 101
127 105
127 109
127 114
127 115
127 117
127 124
127 126
