0 0
0 2
0 3
0 6
0 8
0 13
0 15
0 16
0 17
0 18
0 19
0 23
0 24
0 27
0 28
0 29
0 30
0 31
0 35
0 36
0 37
0 38
0 39
0 40
0 42
0 43
0 45
0 50
0 52
0 54
0 56
0 57
0 58
0 59
0 60
0 62
0 64
0 65
0 68
0 70
0 71
0 72
0 76
0 77
0 79
0 82
0 83
0 85
0 86
0 87
0 88
0 89
0 91
0 94
0 96
0 98
0 100
0 101
0 102
0 105
0 110
0 111
0 112
0 114
0 116
0 117
0 122
0 124
0 127
1 2
1 3
1 5
1 8
1 9
1 14
1 16
1 17
1 18
1 19
1 21
1 22
1 23
1 26
1 27
1 28
1 29
1 32
1 34
1 37
1 38
1 40
1 42
1 43
1 47
1 49
1 50
1 52
1 54
1 55
1 56
1 57
1 58
1 60
1 63
1 64
1 65
1 68
1 71
1 72
1 73
1 74
1 75
1 81
1 85
1 89
1 93
1 94
1 99
1 100
1 101
1 104
1 105
1 108
1 110
1 113
1 114
1 115
1 117
1 119
1 121
1 123
1 124
2 1
2 2
2 5
2 6
2 8
2 9
2 11
2 15
2 17
2 19
2 21
2 22
2 23
2 24
2 25
2 27
2 29
2 32
2 33
2 34
2 35
2 39
2 42
2 46
2 47
2 49
2 51
2 53
2 54
2 59
2 62
2 63
2 64
2 68
2 69
2 71
2 72
2 73
2 74
2 78
2 79
2 83
2 84
2 90
2 91
2 93
2 94
2 95
2 96
2 103
2 105
2 106
2 108
2 110
2 112
2 113
2 115
2 116
2 117
2 119
2 123
3 0
3 4
3 6
3 7
3 10
3 11
3 14
3 15
3 18
3 19
3 20
3 21
3 22
3 27
3 30
3 32
3 34
3 35
3 36
3 37
3 40
3 41
3 42
3 44
3 45
3 53
3 54
3 55
3 59
3 61
3 63
3 64
3 66
3 67
3 68
3 69
3 70
3 71
3 72
3 77
3 84
3 85
3 87
3 88
3 91
3 92
3 93
3 94
3 98
3 100
3 101
3 105
3 106
3 108
3 109
3 111
3 114
3 119
3 120
3 121
3 122
3 123
3 125
3 127
4 0
4 1
4 2
4 3
4 4
4 7
4 8
4 9
4 13
4 15
4 16
4 18
4 19
4 20
4 21
4 22
4 23
4 24
4 25
4 31
4 38
4 39
4 40
4 42
4 43
4 46
4 47
4 49
4 50
4 51
4 52
4 54
4 63
4 64
4 65
4 66
4 67
4 70
4 72
4 74
4 78
4 79
4 80
4 81
4 82
4 84
4 89
4 97
4 98
4 99
4 101
4 102
4 103
4 104
4 106
4 109
4 110
4 111
4 112
4 113
4 114
4 116
4 118
4 120
4 122
4 124
4 125
4 126
4 127
5 0
5 1
5 2
5 3
5 5
5 9
5 10
5 11
5 12
5 13
5 14
5 18
5 20
5 23
5 25
5 26
5 28
5 29
5 31
5 32
5 34
5 35
5 37
5 38
5 43
5 44
5 45
5 46
5 47
5 48
5 51
5 52
5 53
5 55
5 57
5 60
5 63
5 66
5 67
5 70
5 72
5 77
5 81
5 85
5 86
5 87
5 89
5 92
5 94
5 95
5 97
5 98
5 99
5 100
5 101
5 103
5 104
5 106
5 107
5 110
5 113
5 115
5 117
5 118
5 119
5 120
5 121
6 0
6 2
6 3
6 5
6 8
6 9
6 12
6 14
6 16
6 20
6 21
6 22
6 23
6 26
6 27
6 31
6 32
6 33
6 39
6 41
6 42
6 43
6 46
6 48
6 50
6 51
6 53
6 54
6 60
6 63
6 64
6 65
6 66
6 68
6 69
6 72
6 74
6 76
6 78
6 79
6 80
6 83
6 84
6 85
6 86
6 87
6 89
6 93
6 94
6 95
6 96
6 97
6 100
6 102
6 103
6 105
6 111
6 112
6 113
6 116
6 122
6 123
6 125
7 0
7 2
7 3
7 5
7 6
7 10
7 12
7 13
7 14
7 16
7 17
7 19
7 21
7 27
7 29
7 31
7 34
7 40
7 43
7 48
7 49
7 51
7 52
7 54
7 55
7 56
7 58
7 59
7 61
7 64
7 65
7 69
7 77
7 78
7 79
7 82
7 83
7 85
7 86
7 87
7 91
7 93
7 96
7 99
7 101
7 104
7 106
7 107
7 112
7 114
7 116
7 118
7 122
7 125
7 126
7 127
8 0
8 3
8 7
8 13
8 14
8 15
8 17
8 18
8 20
8 24
8 26
8 27
8 28
8 29
8 30
8 32
8 41
8 42
8 43
8 46
8 49
8 50
8 52
8 54
8 56
8 57
8 58
8 59
8 61
8 66
8 67
8 68
8 69
8 70
8 72
8 73
8 77
8 80
8 90
8 92
8 93
8 95
8 96
8 100
8 103
8 106
8 111
8 113
8 114
8 115
8 116
8 119
8 120
8 123
8 124
8 126
8 127
9 0
9 1
9 2
9 3
9 5
9 6
9 7
9 8
9 14
9 15
9 17
9 18
9 19
9 24
9 25
9 26
9 29
9 31
9 33
9 37
9 38
9 39
9 40
9 42
9 43
9 44
9 45
9 46
9 47
9 48
9 49
9 53
9 54
9 55
9 58
9 61
9 66
9 67
9 70
9 73
9 75
9 78
9 80
9 83
9 84
9 86
9 87
9 88
9 95
9 96
9 98
9 102
9 104
9 105
9 106
9 107
9 108
9 112
9 116
9 122
9 123
9 124
10 3
10 5
10 6
10 7
10 9
10 10
10 12
10 16
10 18
10 20
10 21
10 26
10 30
10 31
10 32
10 34
10 35
10 41
10 43
10 45
10 47
10 49
10 50
10 51
10 52
10 53
10 55
10 58
10 59
10 60
10 62
10 66
10 67
10 68
10 69
10 74
10 75
10 77
10 83
10 84
10 85
10 91
10 96
10 98
10 100
10 102
10 105
10 106
10 107
10 110
10 111
10 112
10 114
10 115
10 116
10 117
10 118
10 121
10 122
10 123
10 125
10 126
10 127
11 0
11 2
11 3
11 5
11 6
11 10
11 11
11 12
11 15
11 16
11 21
11 22
11 25
11 30
11 33
11 34
11 35
11 40
11 42
11 43
11 44
11 45
11 46
11 48
11 50
11 51
11 52
11 53
11 54
11 55
11 61
11 62
11 69
11 75
11 77
11 82
11 84
11 85
11 86
11 91
11 92
11 94
11 98
11 99
11 103
11 105
11 107
11 109
11 110
11 111
11 114
11 115
11 117
11 120
11 124
11 127
12 0
12 3
12 5
12 7
12 11
12 12
12 15
12 16
12 17
12 18
12 20
12 21
12 23
12 24
12 25
12 31
12 32
12 33
12 34
12 35
12 36
12 37
12 38
12 40
12 41
12 42
12 44
12 45
12 46
12 47
12 48
12 49
12 51
12 52
12 57
12 59
12 60
12 63
12 64
12 65
12 74
12 75
12 77
12 80
12 81
12 83
12 85
12 86
12 89
12 90
12 91
12 92
12 94
12 95
12 98
12 99
12 102
12 106
12 107
12 109
12 112
12 113
12 114
12 115
12 116
12 119
12 121
12 123
12 125
12 127
13 0
13 6
13 7
13 9
13 12
13 13
13 14
13 16
13 17
13 18
13 19
13 20
13 21
13 23
13 29
13 31
13 32
13 34
13 35
13 37
13 41
13 42
13 45
13 46
13 50
13 51
13 53
13 55
13 57
13 58
13 61
13 63
13 64
13 65
13 66
13 70
13 71
13 72
13 73
13 76
13 77
13 80
13 84
13 85
13 87
13 88
13 89
13 91
13 92
13 93
13 94
13 97
13 98
13 100
13 101
13 104
13 105
13 107
13 108
13 110
13 113
13 117
13 120
13 121
13 122
13 127
14 0
14 1
14 6
14 7
14 8
14 9
14 12
14 14
14 15
14 24
14 25
14 26
14 27
14 28
14 29
14 31
14 33
14 34
14 36
14 37
14 39
14 40
14 41
14 42
14 44
14 46
14 47
14 50
14 51
14 52
14 54
14 55
14 58
14 60
14 61
14 64
14 65
14 67
14 70
14 72
14 73
14 74
14 75
14 78
14 86
14 87
14 89
14 96
14 97
14 98
14 102
14 104
14 105
14 106
14 107
14 109
14 110
14 112
14 114
14 115
14 117
14 118
14 121
14 123
14 124
14 125
14 127
15 1
15 2
15 4
15 5
15 6
15 7
15 9
15 11
15 12
15 14
15 15
15 16
15 17
15 18
15 19
15 20
15 21
15 29
15 30
15 31
15 34
15 39
15 41
15 43
15 44
15 46
15 47
15 50
15 53
15 56
15 57
15 58
15 59
15 60
15 64
15 65
15 67
15 70
15 71
15 72
15 73
15 74
15 75
15 76
15 78
15 79
15 80
15 82
15 83
15 90
15 92
15 97
15 98
15 99
15 101
15 102
15 103
15 107
15 109
15 110
15 111
15 115
15 116
15 118
15 121
15 123
15 124
15 127
16 0
16 1
16 2
16 3
16 4
16 6
16 9
16 11
16 13
16 15
16 16
16 17
16 19
16 20
16 24
16 26
16 27
16 29
16 30
16 34
16 35
16 37
16 38
16 40
16 41
16 44
16 46
16 49
16 52
16 54
16 56
16 57
16 59
16 62
16 63
16 65
16 67
16 68
16 70
16 72
16 73
16 75
16 77
16 78
16 86
16 87
16 88
16 91
16 92
16 93
16 99
16 100
16 109
16 112
16 113
16 114
16 117
16 124
16 126
17 1
17 3
17 4
17 14
17 19
17 26
17 28
17 29
17 33
17 34
17 36
17 37
17 40
17 41
17 42
17 45
17 46
17 47
17 48
17 52
17 56
17 57
17 61
17 62
17 63
17 64
17 67
17 68
17 69
17 70
17 71
17 74
17 75
17 78
17 81
17 84
17 85
17 86
17 88
17 89
17 90
17 91
17 92
17 94
17 98
17 99
17 101
17 102
17 103
17 104
17 105
17 106
17 107
17 109
17 110
17 111
17 112
17 113
17 115
17 118
17 119
17 120
17 121
17 123
17 126
17 127
18 8
18 9
18 10
18 11
18 12
18 13
18 19
18 22
18 25
18 27
18 28
18 29
18 32
18 33
18 36
18 38
18 39
18 40
18 47
18 53
18 55
18 60
18 61
18 64
18 67
18 70
18 71
18 76
18 77
18 78
18 79
18 80
18 83
18 86
18 87
18 88
18 90
18 91
18 92
18 93
18 95
18 97
18 99
18 100
18 104
18 105
18 108
18 109
18 110
18 111
18 113
18 119
18 120
18 121
18 122
18 125
18 126
19 1
19 3
19 4
19 5
19 6
19 7
19 8
19 9
19 10
19 13
19 15
19 16
19 17
19 18
19 19
19 20
19 21
19 22
19 23
19 24
19 26
19 27
19 30
19 32
19 37
19 39
19 40
19 42
19 44
19 45
19 46
19 47
19 48
19 49
19 50
19 51
19 54
19 55
19 59
19 61
19 63
19 64
19 65
19 69
19 71
19 72
19 74
19 75
19 77
19 78
19 79
19 81
19 86
19 87
19 88
19 89
19 90
19 92
19 93
19 95
19 96
19 97
19 98
19 101
19 103
19 105
19 106
19 110
19 111
19 112
19 114
19 115
19 117
19 119
19 122
19 123
19 125
19 126
19 127
20 1
20 2
20 9
20 11
20 12
20 14
20 15
20 17
20 20
20 22
20 23
20 28
20 31
20 32
20 33
20 34
20 35
20 36
20 39
20 42
20 44
20 46
20 47
20 51
20 53
20 54
20 55
20 58
20 60
20 61
20 62
20 63
20 65
20 66
20 67
20 69
20 70
20 72
20 76
20 85
20 88
20 89
20 90
20 91
20 92
20 93
20 94
20 96
20 97
20 99
20 103
20 105
20 106
20 107
20 109
20 110
20 111
20 112
20 113
20 115
20 118
20 120
20 122
20 125
20 126
20 127
21 4
21 5
21 6
21 7
21 12
21 13
21 14
21 16
21 20
21 21
21 25
21 27
21 31
21 36
21 37
21 41
21 44
21 45
21 46
21 48
21 49
21 51
21 52
21 56
21 57
21 61
21 62
21 64
21 66
21 67
21 68
21 70
21 71
21 72
21 73
21 75
21 82
21 84
21 85
21 86
21 87
21 88
21 90
21 91
21 92
21 93
21 96
21 99
21 101
21 102
21 104
21 105
21 106
21 107
21 109
21 110
21 115
21 119
21 120
21 121
21 122
21 123
21 124
21 125
21 126
22 2
22 5
22 6
22 8
22 10
22 12
22 15
22 17
22 20
22 25
22 26
22 28
22 29
22 31
22 32
22 33
22 34
22 35
22 37
22 38
22 39
22 41
22 42
22 45
22 48
22 49
22 54
22 57
22 60
22 62
22 65
22 66
22 67
22 68
22 71
22 72
22 74
22 75
22 79
22 81
22 83
22 84
22 85
22 86
22 88
22 90
22 98
22 100
22 101
22 104
22 108
22 109
22 115
22 116
22 119
22 121
22 122
22 123
22 125
22 127
23 2
23 3
23 4
23 7
23 8
23 15
23 17
23 18
23 22
23 25
23 26
23 28
23 29
23 31
23 33
23 34
23 35
23 36
23 38
23 39
23 44
23 45
23 46
23 47
23 49
23 50
23 51
23 52
23 53
23 54
23 55
23 57
23 58
23 59
23 60
23 62
23 63
23 64
23 65
23 66
23 68
23 69
23 71
23 72
23 73
23 74
23 77
23 78
23 80
23 83
23 85
23 86
23 87
23 88
23 90
23 94
23 97
23 98
23 99
23 100
23 101
23 102
23 103
23 107
23 109
23 110
23 119
23 121
24 0
24 1
24 2
24 4
24 6
24 12
24 13
24 16
24 18
24 21
24 22
24 24
24 33
24 34
24 35
24 38
24 47
24 48
24 49
24 50
24 51
24 52
24 54
24 55
24 58
24 60
24 61
24 63
24 64
24 69
24 70
24 74
24 81
24 83
24 84
24 85
24 86
24 92
24 94
24 95
24 96
24 98
24 100
24 103
24 104
24 105
24 106
24 108
24 111
24 114
24 117
24 118
24 119
24 120
24 123
24 125
24 126
25 3
25 4
25 5
25 6
25 7
25 8
25 9
25 11
25 12
25 13
25 16
25 17
25 19
25 20
25 24
25 25
25 28
25 29
25 30
25 33
25 34
25 35
25 36
25 38
25 40
25 41
25 43
25 44
25 46
25 47
25 48
25 49
25 51
25 54
25 55
25 57
25 58
25 60
25 61
25 62
25 64
25 65
25 69
25 70
25 71
25 72
25 74
25 76
25 77
25 78
25 79
25 80
25 82
25 84
25 85
25 91
25 93
25 95
25 98
25 99
25 100
25 102
25 104
25 106
25 109
25 110
25 112
25 117
25 119
25 121
25 122
25 124
25 126
26 0
26 2
26 4
26 9
26 10
26 11
26 15
26 16
26 17
26 18
26 20
26 23
26 24
26 25
26 28
26 31
26 35
26 36
26 39
26 41
26 44
26 45
26 46
26 48
26 53
26 55
26 59
26 63
26 64
26 65
26 66
26 67
26 68
26 69
26 73
26 74
26 75
26 77
26 78
26 79
26 82
26 83
26 84
26 85
26 86
26 87
26 89
26 90
26 91
26 92
26 95
26 96
26 99
26 103
26 105
26 107
26 108
26 109
26 110
26 113
26 114
26 115
26 118
26 120
26 121
26 123
26 124
27 0
27 1
27 3
27 6
27 9
27 13
27 15
27 20
27 22
27 23
27 25
27 26
27 27
27 30
27 32
27 33
27 34
27 35
27 36
27 37
27 40
27 41
27 42
27 43
27 47
27 48
27 52
27 53
27 56
27 58
27 66
27 71
27 72
27 73
27 78
27 79
27 82
27 84
27 87
27 89
27 92
27 94
27 95
27 97
27 99
27 102
27 104
27 107
27 108
27 109
27 112
27 113
27 114
27 116
27 118
27 120
27 121
27 122
27 123
27 124
27 126
27 127
28 0
28 1
28 2
28 3
28 4
28 6
28 8
28 9
28 13
28 14
28 15
28 16
28 17
28 18
28 19
28 21
28 25
28 30
28 32
28 34
28 36
28 37
28 41
28 43
28 45
28 47
28 50
28 55
28 59
28 65
28 66
28 67
28 68
28 72
28 73
28 74
28 75
28 76
28 77
28 78
28 80
28 83
28 87
28 88
28 90
28 91
28 92
28 93
28 94
28 95
28 96
28 97
28 101
28 102
28 103
28 105
28 106
28 109
28 111
28 113
28 114
28 119
28 122
28 123
28 127
29 2
29 4
29 5
29 8
29 11
29 14
29 16
29 17
29 18
29 21
29 22
29 23
29 24
29 25
29 28
29 30
29 31
29 35
29 36
29 39
29 41
29 42
29 43
29 45
29 46
29 49
29 50
29 54
29 56
29 57
29 60
29 61
29 64
29 65
29 66
29 69
29 72
29 73
29 77
29 78
29 80
29 81
29 82
29 83
29 86
29 87
29 88
29 89
29 90
29 91
29 93
29 94
29 95
29 98
29 99
29 100
29 101
29 102
29 103
29 104
29 105
29 107
29 108
29 114
29 116
29 119
29 121
29 123
29 124
29 125
29 126
29 127
30 2
30 4
30 7
30 8
30 9
30 12
30 18
30 19
30 20
30 23
30 24
30 25
30 26
30 29
30 31
30 32
30 36
30 37
30 39
30 40
30 41
30 42
30 43
30 44
30 46
30 55
30 56
30 59
30 60
30 64
30 65
30 66
30 70
30 71
30 74
30 77
30 78
30 79
30 80
30 83
30 84
30 89
30 90
30 91
30 98
30 100
30 101
30 102
30 105
30 106
30 108
30 109
30 110
30 115
30 116
30 117
30 119
30 122
30 123
30 125
30 127
31 1
31 2
31 3
31 5
31 8
31 9
31 11
31 12
31 14
31 17
31 19
31 20
31 23
31 24
31 25
31 28
31 31
31 33
31 34
31 35
31 37
31 40
31 41
31 44
31 46
31 47
31 49
31 50
31 51
31 53
31 55
31 56
31 57
31 58
31 59
31 60
31 61
31 65
31 67
31 69
31 70
31 71
31 73
31 74
31 76
31 77
31 81
31 83
31 84
31 85
31 87
31 93
31 94
31 99
31 100
31 105
31 107
31 108
31 114
31 116
31 119
31 120
31 122
32 2
32 4
32 7
32 13
32 14
32 17
32 21
32 23
32 25
32 27
32 28
32 30
32 31
32 32
32 33
32 34
32 36
32 37
32 38
32 39
32 42
32 43
32 45
32 46
32 48
32 50
32 51
32 52
32 53
32 54
32 57
32 58
32 59
32 65
32 68
32 69
32 71
32 72
32 73
32 74
32 76
32 78
32 81
32 82
32 86
32 87
32 88
32 93
32 98
32 99
32 100
32 101
32 102
32 103
32 105
32 106
32 107
32 108
32 112
32 113
32 114
32 115
32 119
32 120
32 121
32 123
32 126
33 1
33 3
33 5
33 9
33 10
33 11
33 12
33 14
33 19
33 20
33 21
33 27
33 29
33 30
33 31
33 32
33 33
33 34
33 35
33 36
33 37
33 39
33 40
33 42
33 43
33 49
33 50
33 53
33 54
33 55
33 58
33 60
33 63
33 65
33 68
33 69
33 71
33 72
33 73
33 75
33 76
33 80
33 82
33 83
33 86
33 89
33 91
33 93
33 95
33 96
33 98
33 105
33 107
33 108
33 111
33 112
33 113
33 119
33 120
33 122
33 125
33 126
34 0
34 1
34 2
34 3
34 4
34 6
34 12
34 13
34 16
34 19
34 20
34 21
34 22
34 24
34 29
34 30
34 36
34 37
34 41
34 46
34 48
34 49
34 52
34 54
34 55
34 59
34 62
34 63
34 64
34 65
34 73
34 74
34 75
34 77
34 81
34 82
34 83
34 85
34 89
34 90
34 92
34 93
34 94
34 95
34 96
34 97
34 99
34 100
34 102
34 104
34 105
34 106
34 107
34 108
34 110
34 112
34 114
34 119
34 120
34 124
34 125
35 0
35 1
35 2
35 3
35 4
35 6
35 9
35 12
35 14
35 16
35 17
35 18
35 21
35 22
35 25
35 31
35 34
35 37
35 38
35 43
35 44
35 45
35 54
35 56
35 63
35 66
35 68
35 71
35 72
35 73
35 74
35 75
35 76
35 78
35 86
35 87
35 89
35 95
35 96
35 97
35 99
35 102
35 106
35 109
35 110
35 118
35 120
35 121
35 123
35 127
36 2
36 3
36 5
36 7
36 8
36 10
36 14
36 17
36 18
36 22
36 25
36 28
36 29
36 30
36 36
36 38
36 43
36 45
36 46
36 47
36 48
36 50
36 53
36 54
36 55
36 56
36 58
36 61
36 62
36 64
36 69
36 71
36 72
36 73
36 75
36 77
36 80
36 82
36 83
36 85
36 88
36 89
36 91
36 92
36 94
36 95
36 96
36 99
36 102
36 105
36 106
36 107
36 108
36 109
36 112
36 114
36 115
36 116
36 118
36 120
36 122
36 124
36 125
37 0
37 2
37 4
37 5
37 6
37 7
37 10
37 11
37 12
37 14
37 16
37 18
37 24
37 25
37 26
37 28
37 33
37 34
37 36
37 37
37 39
37 42
37 45
37 48
37 49
37 50
37 51
37 53
37 55
37 56
37 57
37 60
37 62
37 63
37 65
37 67
37 68
37 70
37 72
37 74
37 76
37 78
37 79
37 80
37 81
37 86
37 87
37 88
37 89
37 90
37 93
37 98
37 102
37 103
37 107
37 108
37 113
37 117
37 118
37 123
37 125
37 127
38 0
38 3
38 5
38 6
38 9
38 12
38 13
38 14
38 17
38 19
38 21
38 22
38 23
38 24
38 26
38 31
38 33
38 34
38 35
38 36
38 37
38 40
38 47
38 48
38 50
38 52
38 54
38 56
38 57
38 58
38 64
38 65
38 66
38 70
38 72
38 75
38 76
38 78
38 81
38 84
38 85
38 86
38 87
38 89
38 90
38 91
38 94
38 95
38 96
38 101
38 105
38 106
38 109
38 111
38 114
38 118
38 120
38 121
38 122
38 123
38 125
39 0
39 1
39 3
39 4
39 9
39 10
39 11
39 12
39 15
39 17
39 20
39 23
39 25
39 27
39 29
39 30
39 34
39 35
39 40
39 44
39 46
39 47
39 49
39 52
39 54
39 56
39 57
39 58
39 62
39 63
39 67
39 71
39 72
39 74
39 76
39 77
39 78
39 82
39 85
39 88
39 90
39 92
39 94
39 100
39 101
39 102
39 105
39 108
39 110
39 112
39 114
39 115
39 117
39 118
39 119
39 120
39 122
39 123
39 124
40 0
40 4
40 6
40 8
40 9
40 12
40 13
40 15
40 16
40 17
40 19
40 21
40 23
40 25
40 26
40 27
40 30
40 32
40 33
40 34
40 37
40 38
40 39
40 43
40 45
40 46
40 50
40 51
40 52
40 55
40 57
40 58
40 59
40 60
40 62
40 64
40 65
40 71
40 76
40 77
40 78
40 79
40 80
40 83
40 84
40 85
40 87
40 88
40 89
40 94
40 95
40 96
40 97
40 98
40 99
40 101
40 103
40 104
40 105
40 107
40 108
40 110
40 111
40 112
40 114
40 115
40 116
40 117
40 118
40 120
40 122
40 123
40 124
40 125
40 126
40 127
41 0
41 2
41 3
41 4
41 5
41 6
41 7
41 11
41 12
41 15
41 19
41 21
41 26
41 29
41 30
41 31
41 33
41 34
41 37
41 38
41 39
41 40
41 41
41 43
41 44
41 46
41 47
41 49
41 50
41 51
41 52
41 53
41 55
41 60
41 62
41 63
41 64
41 68
41 70
41 72
41 73
41 80
41 81
41 82
41 84
41 87
41 88
41 89
41 90
41 91
41 92
41 95
41 96
41 97
41 99
41 101
41 102
41 103
41 108
41 111
41 113
41 116
41 118
41 120
41 121
41 122
41 123
42 0
42 5
42 6
42 14
42 18
42 20
42 23
42 24
42 25
42 32
42 34
42 35
42 36
42 37
42 38
42 39
42 41
42 43
42 44
42 46
42 51
42 52
42 53
42 54
42 55
42 56
42 58
42 61
42 62
42 63
42 67
42 68
42 69
42 70
42 73
42 75
42 76
42 77
42 78
42 79
42 80
42 83
42 86
42 87
42 88
42 89
42 90
42 91
42 93
42 95
42 98
42 99
42 100
42 101
42 103
42 104
42 105
42 109
42 110
42 111
42 112
42 116
42 117
42 118
42 119
42 123
42 125
43 0
43 1
43 4
43 5
43 7
43 8
43 9
43 14
43 15
43 16
43 17
43 18
43 19
43 25
43 26
43 27
43 29
43 32
43 33
43 34
43 35
43 36
43 37
43 38
43 44
43 45
43 46
43 47
43 48
43 50
43 51
43 52
43 54
43 57
43 60
43 63
43 64
43 67
43 68
43 69
43 71
43 72
43 75
43 77
43 78
43 80
43 83
43 85
43 86
43 90
43 92
43 93
43 95
43 100
43 101
43 104
43 105
43 107
43 108
43 112
43 113
43 114
43 116
43 117
43 118
43 119
43 120
43 122
43 124
43 125
43 127
44 0
44 1
44 2
44 3
44 4
44 7
44 8
44 9
44 10
44 11
44 14
44 16
44 17
44 18
44 21
44 22
44 25
44 26
44 29
44 30
44 31
44 33
44 43
44 47
44 49
44 50
44 51
44 52
44 56
44 58
44 59
44 62
44 63
44 64
44 66
44 67
44 68
44 69
44 73
44 79
44 82
44 84
44 88
44 90
44 92
44 93
44 94
44 96
44 99
44 103
44 107
44 108
44 114
44 115
44 116
44 117
44 119
44 122
44 124
44 125
45 3
45 4
45 8
45 16
45 17
45 18
45 19
45 21
45 22
45 23
45 24
45 29
45 30
45 31
45 32
45 34
45 35
45 36
45 38
45 39
45 40
45 41
45 43
45 44
45 45
45 48
45 50
45 54
45 55
45 56
45 58
45 64
45 65
45 66
45 67
45 69
45 70
45 72
45 75
45 76
45 77
45 78
45 79
45 84
45 86
45 87
45 88
45 90
45 91
45 92
45 93
45 94
45 95
45 101
45 105
45 106
45 107
45 108
45 109
45 111
45 115
45 118
45 119
45 121
45 122
45 123
45 125
46 1
46 2
46 4
46 8
46 9
46 10
46 12
46 13
46 14
46 15
46 16
46 21
46 24
46 25
46 26
46 27
46 28
46 31
46 32
46 33
46 35
46 37
46 38
46 42
46 43
46 44
46 46
46 48
46 49
46 51
46 53
46 54
46 55
46 56
46 57
46 60
46 62
46 66
46 67
46 68
46 69
46 70
46 71
46 72
46 73
46 74
46 75
46 76
46 77
46 78
46 79
46 80
46 81
46 85
46 89
46 92
46 93
46 94
46 100
46 102
46 105
46 106
46 107
46 109
46 116
46 118
46 119
46 122
46 124
46 125
46 126
47 1
47 3
47 4
47 6
47 8
47 10
47 12
47 15
47 17
47 20
47 22
47 24
47 25
47 26
47 27
47 28
47 29
47 30
47 33
47 35
47 37
47 44
47 45
47 46
47 47
47 49
47 50
47 53
47 54
47 55
47 56
47 58
47 61
47 62
47 64
47 65
47 66
47 70
47 71
47 72
47 74
47 75
47 79
47 81
47 82
47 85
47 86
47 89
47 91
47 93
47 96
47 97
47 98
47 99
47 100
47 101
47 102
47 105
47 106
47 107
47 109
47 110
47 114
47 115
47 117
47 119
47 120
47 121
47 126
48 4
48 5
48 6
48 7
48 8
48 12
48 13
48 15
48 16
48 17
48 18
48 19
48 20
48 21
48 24
48 28
48 29
48 30
48 40
48 41
48 42
48 52
48 55
48 56
48 60
48 62
48 63
48 66
48 67
48 69
48 70
48 73
48 74
48 78
48 81
48 82
48 83
48 87
48 88
48 90
48 91
48 92
48 93
48 94
48 96
48 102
48 106
48 108
48 110
48 111
48 114
48 119
48 120
48 121
48 125
48 127
49 0
49 1
49 2
49 6
49 7
49 9
49 13
49 17
49 19
49 20
49 21
49 24
49 29
49 30
49 31
49 33
49 35
49 39
49 43
49 44
49 45
49 46
49 47
49 49
49 50
49 52
49 54
49 55
49 56
49 57
49 58
49 59
49 60
49 62
49 66
49 67
49 71
49 74
49 75
49 76
49 79
49 80
49 85
49 86
49 93
49 94
49 95
49 96
49 97
49 99
49 100
49 101
49 102
49 103
49 104
49 105
49 107
49 109
49 111
49 113
49 117
49 118
49 124
49 125
49 126
50 1
50 4
50 7
50 9
50 10
50 12
50 14
50 15
50 16
50 17
50 20
50 23
50 24
50 25
50 30
50 31
50 33
50 36
50 39
50 40
50 44
50 48
50 49
50 51
50 56
50 59
50 60
50 61
50 62
50 63
50 65
50 66
50 68
50 69
50 73
50 74
50 75
50 76
50 77
50 80
50 81
50 85
50 86
50 87
50 90
50 91
50 92
50 96
50 98
50 100
50 101
50 103
50 106
50 109
50 110
50 112
50 114
50 117
50 118
50 119
50 120
50 121
50 122
50 123
50 124
50 125
50 126
50 127
51 0
51 4
51 5
51 7
51 10
51 11
51 13
51 14
51 15
51 18
51 19
51 23
51 24
51 26
51 27
51 29
51 31
51 32
51 34
51 36
51 37
51 39
51 42
51 43
51 45
51 46
51 55
51 56
51 57
51 58
51 62
51 65
51 66
51 67
51 69
51 72
51 73
51 75
51 77
51 78
51 81
51 82
51 84
51 85
51 93
51 95
51 97
51 98
51 103
51 107
51 109
51 111
51 117
51 118
51 121
51 123
51 124
52 0
52 1
52 4
52 7
52 8
52 9
52 11
52 14
52 17
52 18
52 21
52 23
52 28
52 30
52 34
52 35
52 36
52 37
52 38
52 39
52 40
52 42
52 44
52 45
52 46
52 47
52 48
52 49
52 50
52 51
52 52
52 55
52 59
52 60
52 61
52 62
52 65
52 66
52 68
52 69
52 70
52 72
52 73
52 77
52 78
52 84
52 86
52 88
52 89
52 92
52 95
52 96
52 97
52 99
52 101
52 104
52 107
52 110
52 112
52 113
52 116
52 120
52 123
52 126
53 0
53 1
53 2
53 4
53 7
53 8
53 11
53 14
53 15
53 17
53 23
53 30
53 31
53 32
53 35
53 36
53 37
53 39
53 40
53 42
53 43
53 47
53 50
53 52
53 54
53 57
53 62
53 63
53 64
53 72
53 74
53 76
53 77
53 80
53 84
53 85
53 86
53 87
53 88
53 90
53 91
53 92
53 93
53 96
53 100
53 103
53 105
53 107
53 108
53 110
53 115
53 117
53 119
53 121
53 123
53 125
53 126
53 127
54 0
54 1
54 3
54 4
54 6
54 7
54 11
54 12
54 15
54 20
54 21
54 22
54 29
54 36
54 38
54 40
54 42
54 45
54 48
54 49
54 50
54 53
54 54
54 56
54 58
54 63
54 65
54 66
54 67
54 69
54 73
54 74
54 77
54 78
54 88
54 91
54 95
54 96
54 97
54 99
54 101
54 105
54 108
54 109
54 111
54 112
54 113
54 114
54 117
54 118
54 120
54 124
54 125
54 127
55 0
55 1
55 2
55 5
55 6
55 7
55 9
55 10
55 17
55 18
55 19
55 23
55 24
55 26
55 28
55 29
55 31
55 32
55 34
55 35
55 37
55 39
55 40
55 43
55 45
55 47
55 48
55 52
55 53
55 54
55 55
55 68
55 69
55 71
55 72
55 74
55 78
55 80
55 84
55 86
55 91
55 101
55 102
55 103
55 104
55 106
55 107
55 112
55 115
55 116
55 120
55 123
55 124
55 126
55 127
56 2
56 4
56 5
56 7
56 8
56 11
56 14
56 16
56 17
56 18
56 20
56 21
56 23
56 25
56 26
56 27
56 28
56 29
56 32
56 35
56 38
56 39
56 40
56 44
56 48
56 50
56 51
56 53
56 56
56 57
56 58
56 59
56 60
56 61
56 62
56 64
56 65
56 66
56 68
56 72
56 74
56 75
56 78
56 83
56 84
56 85
56 86
56 87
56 90
56 91
56 96
56 98
56 100
56 103
56 104
56 105
56 108
56 110
56 111
56 114
56 116
56 117
56 118
56 121
56 122
56 123
56 124
57 0
57 1
57 2
57 3
57 4
57 5
57 6
57 8
57 14
57 15
57 16
57 18
57 20
57 22
57 23
57 24
57 25
57 27
57 28
57 29
57 30
57 31
57 32
57 36
57 40
57 41
57 42
57 47
57 50
57 51
57 53
57 59
57 60
57 62
57 67
57 68
57 69
57 70
57 71
57 72
57 74
57 75
57 76
57 78
57 80
57 81
57 82
57 83
57 84
57 85
57 86
57 88
57 89
57 90
57 92
57 93
57 94
57 96
57 97
57 99
57 102
57 103
57 106
57 112
57 113
57 114
57 116
57 118
57 123
57 126
58 2
58 4
58 5
58 7
58 10
58 11
58 12
58 13
58 16
58 17
58 18
58 20
58 21
58 22
58 23
58 24
58 25
58 30
58 31
58 34
58 35
58 36
58 37
58 38
58 39
58 40
58 41
58 45
58 46
58 48
58 49
58 50
58 51
58 53
58 54
58 58
58 63
58 64
58 66
58 68
58 69
58 70
58 72
58 73
58 74
58 75
58 76
58 77
58 78
58 83
58 85
58 86
58 88
58 89
58 90
58 92
58 93
58 94
58 95
58 97
58 98
58 99
58 102
58 103
58 104
58 106
58 107
58 108
58 110
58 112
58 113
58 118
58 122
58 125
59 0
59 1
59 2
59 7
59 8
59 9
59 10
59 14
59 16
59 18
59 20
59 22
59 25
59 26
59 28
59 29
59 31
59 33
59 37
59 38
59 39
59 42
59 44
59 50
59 51
59 53
59 54
59 55
59 56
59 57
59 60
59 61
59 65
59 66
59 69
59 70
59 73
59 74
59 75
59 78
59 79
59 81
59 83
59 84
59 86
59 87
59 91
59 97
59 98
59 100
59 101
59 102
59 103
59 105
59 108
59 110
59 112
59 113
59 114
59 117
59 118
59 120
59 122
59 126
60 1
60 2
60 3
60 4
60 8
60 12
60 15
60 16
60 17
60 18
60 20
60 21
60 22
60 24
60 27
60 29
60 30
60 31
60 32
60 33
60 37
60 39
60 40
60 41
60 42
60 45
60 46
60 47
60 48
60 49
60 50
60 51
60 53
60 54
60 55
60 58
60 60
60 61
60 62
60 64
60 65
60 66
60 68
60 69
60 70
60 72
60 73
60 74
60 80
60 82
60 83
60 86
60 87
60 88
60 93
60 94
60 97
60 98
60 100
60 103
60 105
60 106
60 109
60 110
60 111
60 113
60 114
60 115
60 116
60 119
60 121
60 122
60 123
60 124
60 126
61 0
61 2
61 3
61 5
61 6
61 9
61 10
61 11
61 12
61 14
61 16
61 23
61 24
61 25
61 29
61 30
61 32
61 34
61 35
61 36
61 41
61 42
61 43
61 44
61 45
61 46
61 48
61 49
61 51
61 56
61 58
61 61
61 65
61 67
61 69
61 72
61 74
61 76
61 78
61 86
61 88
61 89
61 90
61 92
61 93
61 99
61 101
61 102
61 104
61 111
61 113
61 116
61 118
61 120
61 121
61 122
61 124
61 125
61 126
62 3
62 4
62 7
62 8
62 10
62 11
62 17
62 19
62 20
62 21
62 23
62 24
62 26
62 27
62 29
62 31
62 33
62 34
62 35
62 36
62 39
62 42
62 45
62 46
62 49
62 50
62 52
62 53
62 59
62 60
62 63
62 67
62 68
62 69
62 70
62 71
62 72
62 73
62 77
62 78
62 80
62 81
62 82
62 85
62 86
62 87
62 88
62 89
62 90
62 93
62 94
62 95
62 100
62 101
62 103
62 104
62 106
62 108
62 110
62 111
62 113
62 115
62 118
62 121
62 126
63 2
63 4
63 6
63 8
63 10
63 15
63 16
63 17
63 21
63 22
63 24
63 26
63 27
63 28
63 30
63 33
63 37
63 38
63 39
63 40
63 46
63 47
63 48
63 49
63 53
63 56
63 57
63 58
63 60
63 61
63 63
63 65
63 66
63 67
63 69
63 71
63 74
63 76
63 78
63 79
63 81
63 82
63 84
63 86
63 87
63 89
63 90
63 93
63 94
63 95
63 96
63 97
63 98
63 99
63 101
63 102
63 104
63 106
63 108
63 109
63 119
63 122
63 123
63 124
63 126
64 0
64 2
64 5
64 7
64 10
64 12
64 14
64 15
64 16
64 17
64 18
64 19
64 20
64 22
64 23
64 25
64 29
64 31
64 33
64 34
64 37
64 38
64 40
64 41
64 42
64 48
64 50
64 52
64 56
64 57
64 58
64 59
64 60
64 61
64 62
64 63
64 70
64 71
64 73
64 75
64 76
64 77
64 78
64 79
64 80
64 82
64 83
64 84
64 87
64 88
64 89
64 90
64 92
64 93
64 97
64 100
64 101
64 104
64 105
64 106
64 107
64 109
64 113
64 114
64 115
64 116
64 117
64 118
64 120
64 125
64 126
65 0
65 2
65 4
65 6
65 7
65 9
65 10
65 14
65 16
65 17
65 19
65 24
65 25
65 26
65 27
65 28
65 31
65 36
65 38
65 41
65 42
65 43
65 44
65 47
65 52
65 55
65 57
65 58
65 59
65 62
65 65
65 67
65 69
65 70
65 71
65 73
65 74
65 76
65 77
65 78
65 81
65 87
65 88
65 91
65 93
65 95
65 96
65 103
65 106
65 108
65 110
65 111
65 113
65 116
65 117
65 119
65 121
65 123
65 125
65 126
65 127
66 4
66 7
66 8
66 9
66 10
66 12
66 14
66 16
66 17
66 19
66 22
66 24
66 25
66 26
66 27
66 28
66 29
66 35
66 36
66 37
66 41
66 42
66 47
66 48
66 50
66 52
66 53
66 55
66 57
66 58
66 59
66 60
66 63
66 68
66 69
66 71
66 72
66 73
66 74
66 75
66 76
66 78
66 81
66 82
66 83
66 84
66 91
66 92
66 94
66 95
66 96
66 98
66 99
66 100
66 102
66 108
66 110
66 111
66 112
66 113
66 115
66 116
66 118
66 119
66 120
66 123
66 125
66 127
67 0
67 1
67 4
67 5
67 7
67 9
67 10
67 12
67 13
67 14
67 15
67 16
67 19
67 22
67 25
67 27
67 32
67 33
67 35
67 37
67 43
67 44
67 45
67 50
67 51
67 52
67 53
67 55
67 57
67 58
67 59
67 60
67 63
67 64
67 65
67 66
67 67
67 69
67 71
67 72
67 73
67 78
67 80
67 81
67 82
67 84
67 85
67 89
67 90
67 92
67 93
67 95
67 96
67 97
67 102
67 103
67 104
67 105
67 106
67 107
67 108
67 110
67 112
67 113
67 118
67 120
67 121
67 122
67 123
67 125
67 126
68 0
68 4
68 6
68 7
68 8
68 10
68 12
68 13
68 14
68 15
68 22
68 24
68 27
68 29
68 32
68 33
68 34
68 39
68 41
68 47
68 48
68 49
68 50
68 51
68 52
68 57
68 58
68 60
68 61
68 62
68 63
68 65
68 73
68 76
68 77
68 78
68 79
68 87
68 88
68 89
68 91
68 93
68 94
68 95
68 98
68 99
68 100
68 102
68 105
68 106
68 107
68 109
68 111
68 113
68 114
68 115
68 118
68 119
68 120
68 121
68 122
68 123
68 125
68 126
69 0
69 1
69 2
69 4
69 5
69 6
69 8
69 9
69 18
69 19
69 20
69 21
69 26
69 28
69 30
69 32
69 33
69 40
69 42
69 45
69 47
69 50
69 53
69 54
69 55
69 58
69 59
69 60
69 61
69 62
69 63
69 64
69 65
69 67
69 70
69 71
69 72
69 75
69 76
69 77
69 78
69 79
69 81
69 82
69 83
69 84
69 85
69 87
69 88
69 92
69 93
69 95
69 96
69 101
69 102
69 103
69 109
69 110
69 111
69 112
69 114
69 115
69 117
69 120
69 122
69 123
69 124
69 126
69 127
70 0
70 1
70 2
70 8
70 11
70 13
70 15
70 16
70 18
70 20
70 21
70 23
70 25
70 26
70 29
70 30
70 31
70 34
70 35
70 36
70 37
70 39
70 40
70 42
70 43
70 44
70 46
70 48
70 50
70 51
70 53
70 54
70 55
70 58
70 60
70 61
70 62
70 63
70 64
70 68
70 71
70 72
70 75
70 76
70 77
70 78
70 80
70 81
70 82
70 84
70 86
70 94
70 96
70 97
70 99
70 103
70 104
70 107
70 109
70 110
70 111
70 113
70 120
70 121
70 122
70 124
71 0
71 2
71 3
71 6
71 14
71 16
71 18
71 19
71 20
71 21
71 24
71 25
71 26
71 27
71 28
71 29
71 31
71 33
71 35
71 36
71 37
71 41
71 43
71 50
71 53
71 58
71 61
71 62
71 63
71 64
71 67
71 68
71 72
71 74
71 75
71 77
71 78
71 79
71 81
71 83
71 84
71 86
71 89
71 92
71 93
71 94
71 95
71 97
71 99
71 100
71 101
71 103
71 104
71 105
71 108
71 110
71 111
71 114
71 115
71 118
71 119
71 120
71 121
71 125
71 127
72 1
72 3
72 6
72 11
72 14
72 15
72 16
72 17
72 19
72 22
72 23
72 24
72 25
72 26
72 29
72 30
72 33
72 34
72 37
72 40
72 41
72 43
72 44
72 46
72 50
72 53
72 56
72 58
72 59
72 60
72 61
72 64
72 66
72 67
72 68
72 70
72 72
72 74
72 77
72 80
72 83
72 85
72 86
72 87
72 89
72 92
72 93
72 94
72 98
72 99
72 100
72 101
72 102
72 104
72 105
72 106
72 110
72 111
72 112
72 113
72 121
72 125
72 127
73 0
73 1
73 3
73 5
73 7
73 10
73 11
73 12
73 15
73 16
73 18
73 19
73 20
73 24
73 25
73 28
73 29
73 30
73 32
73 38
73 41
73 42
73 43
73 44
73 45
73 46
73 50
73 51
73 52
73 55
73 57
73 58
73 59
73 60
73 61
73 62
73 66
73 67
73 68
73 71
73 72
73 73
73 74
73 75
73 77
73 81
73 82
73 86
73 87
73 88
73 95
73 97
73 99
73 100
73 105
73 112
73 113
73 118
73 120
73 124
73 125
73 126
74 4
74 6
74 7
74 8
74 9
74 10
74 13
74 14
74 15
74 16
74 18
74 23
74 25
74 26
74 27
74 30
74 32
74 33
74 36
74 37
74 38
74 39
74 40
74 41
74 42
74 44
74 45
74 47
74 49
74 53
74 54
74 55
74 57
74 58
74 59
74 62
74 64
74 66
74 67
74 71
74 73
74 74
74 75
74 80
74 82
74 83
74 84
74 86
74 87
74 89
74 91
74 92
74 98
74 105
74 106
74 107
74 108
74 109
74 111
74 113
74 116
74 119
74 122
74 123
74 125
74 127
75 0
75 2
75 3
75 4
75 7
75 8
75 9
75 11
75 13
75 15
75 17
75 19
75 22
75 23
75 24
75 26
75 27
75 28
75 30
75 32
75 36
75 38
75 40
75 43
75 44
75 45
75 47
75 50
75 52
75 53
75 54
75 56
75 57
75 60
75 62
75 63
75 65
75 71
75 73
75 75
75 76
75 79
75 80
75 81
75 82
75 84
75 86
75 89
75 90
75 91
75 92
75 94
75 95
75 97
75 100
75 101
75 104
75 105
75 106
75 107
75 110
75 115
75 118
75 119
75 120
75 123
75 125
75 126
75 127
76 7
76 10
76 19
76 22
76 27
76 29
76 30
76 31
76 33
76 34
76 36
76 37
76 38
76 41
76 42
76 43
76 44
76 45
76 48
76 49
76 51
76 52
76 54
76 55
76 58
76 59
76 61
76 63
76 64
76 66
76 67
76 68
76 69
76 70
76 74
76 75
76 78
76 79
76 83
76 84
76 85
76 86
76 90
76 92
76 97
76 98
76 103
76 104
76 111
76 113
76 114
76 117
76 118
76 119
76 122
76 123
76 126
76 127
77 1
77 3
77 6
77 9
77 11
77 13
77 14
77 15
77 16
77 18
77 21
77 23
77 26
77 27
77 31
77 32
77 33
77 34
77 36
77 37
77 39
77 40
77 50
77 51
77 52
77 53
77 54
77 55
77 56
77 57
77 60
77 61
77 62
77 63
77 67
77 68
77 71
77 73
77 75
77 76
77 78
77 79
77 81
77 83
77 84
77 86
77 93
77 95
77 97
77 100
77 101
77 102
77 103
77 113
77 116
77 118
77 121
77 126
77 127
78 1
78 2
78 9
78 11
78 14
78 16
78 18
78 19
78 20
78 23
78 25
78 27
78 28
78 29
78 32
78 35
78 41
78 42
78 46
78 48
78 50
78 52
78 54
78 55
78 56
78 57
78 60
78 61
78 66
78 69
78 70
78 72
78 73
78 75
78 79
78 80
78 81
78 82
78 84
78 85
78 86
78 87
78 93
78 94
78 95
78 98
78 103
78 106
78 108
78 110
78 113
78 115
78 118
78 119
78 122
78 123
78 124
78 125
78 126
78 127
79 0
79 2
79 3
79 5
79 6
79 20
79 24
79 26
79 28
79 30
79 33
79 34
79 37
79 38
79 41
79 43
79 44
79 45
79 46
79 49
79 50
79 52
79 54
79 55
79 56
79 57
79 59
79 60
79 62
79 63
79 64
79 66
79 67
79 70
79 71
79 73
79 75
79 76
79 79
79 85
79 86
79 90
79 91
79 94
79 95
79 97
79 98
79 99
79 101
79 102
79 103
79 104
79 105
79 107
79 111
79 112
79 114
79 115
79 117
79 118
79 121
79 122
79 124
79 125
79 127
80 1
80 4
80 6
80 8
80 10
80 12
80 14
80 15
80 17
80 25
80 26
80 29
80 30
80 31
80 36
80 37
80 39
80 40
80 41
80 45
80 46
80 48
80 49
80 50
80 51
80 52
80 53
80 57
80 59
80 60
80 63
80 66
80 73
80 74
80 76
80 78
80 79
80 81
80 82
80 83
80 84
80 85
80 87
80 88
80 90
80 91
80 93
80 94
80 96
80 97
80 98
80 100
80 102
80 104
80 105
80 109
80 112
80 115
80 116
80 119
81 0
81 1
81 3
81 7
81 12
81 16
81 20
81 21
81 23
81 24
81 26
81 27
81 29
81 30
81 31
81 33
81 34
81 36
81 38
81 39
81 44
81 45
81 46
81 48
81 49
81 50
81 51
81 58
81 60
81 61
81 62
81 68
81 71
81 72
81 73
81 74
81 78
81 82
81 84
81 89
81 92
81 94
81 97
81 98
81 99
81 101
81 102
81 103
81 104
81 105
81 106
81 108
81 109
81 113
81 114
81 116
81 117
81 118
81 119
81 120
81 122
81 127
82 0
82 1
82 3
82 9
82 10
82 11
82 12
82 13
82 14
82 15
82 17
82 22
82 25
82 26
82 27
82 29
82 31
82 33
82 35
82 36
82 39
82 40
82 41
82 42
82 43
82 46
82 49
82 51
82 52
82 53
82 56
82 57
82 58
82 59
82 60
82 62
82 66
82 67
82 69
82 71
82 72
82 73
82 76
82 78
82 84
82 87
82 91
82 96
82 97
82 98
82 101
82 103
82 104
82 105
82 108
82 109
82 110
82 111
82 116
82 119
82 120
82 123
82 124
82 126
82 127
83 1
83 2
83 3
83 5
83 9
83 15
83 18
83 20
83 21
83 24
83 26
83 29
83 30
83 33
83 38
83 40
83 41
83 42
83 43
83 45
83 46
83 47
83 48
83 49
83 53
83 55
83 57
83 60
83 65
83 69
83 71
83 73
83 76
83 81
83 83
83 91
83 92
83 94
83 96
83 99
83 100
83 101
83 111
83 114
83 117
83 118
83 122
83 123
83 124
83 125
84 2
84 6
84 7
84 9
84 12
84 14
84 15
84 16
84 17
84 18
84 20
84 21
84 22
84 24
84 25
84 26
84 28
84 29
84 32
84 37
84 38
84 41
84 42
84 45
84 49
84 51
84 54
84 56
84 58
84 60
84 61
84 62
84 63
84 65
84 66
84 67
84 68
84 71
84 72
84 73
84 75
84 80
84 81
84 82
84 85
84 86
84 88
84 89
84 90
84 99
84 102
84 103
84 104
84 105
84 106
84 108
84 109
84 110
84 114
84 118
84 119
84 120
84 123
84 125
84 126
85 0
85 2
85 3
85 5
85 9
85 10
85 13
85 14
85 18
85 20
85 21
85 23
85 24
85 27
85 29
85 30
85 33
85 35
85 36
85 38
85 39
85 45
85 46
85 47
85 48
85 49
85 52
85 53
85 55
85 58
85 62
85 63
85 67
85 68
85 71
85 72
85 74
85 79
85 83
85 84
85 86
85 87
85 88
85 89
85 92
85 94
85 95
85 97
85 99
85 101
85 102
85 105
85 106
85 107
85 110
85 114
85 119
85 121
85 124
85 125
85 126
86 0
86 6
86 7
86 9
86 11
86 13
86 14
86 15
86 16
86 20
86 24
86 25
86 28
86 30
86 31
86 32
86 34
86 35
86 36
86 38
86 39
86 40
86 41
86 44
86 45
86 56
86 57
86 60
86 61
86 62
86 63
86 66
86 67
86 69
86 75
86 79
86 82
86 83
86 84
86 85
86 86
86 88
86 90
86 93
86 94
86 96
86 98
86 101
86 102
86 103
86 104
86 106
86 107
86 108
86 109
86 111
86 112
86 116
86 117
86 118
86 121
86 122
86 123
86 124
87 2
87 6
87 7
87 8
87 9
87 11
87 13
87 14
87 15
87 17
87 18
87 19
87 20
87 21
87 23
87 27
87 29
87 32
87 35
87 36
87 37
87 38
87 40
87 41
87 46
87 49
87 50
87 53
87 55
87 59
87 60
87 62
87 63
87 65
87 68
87 75
87 76
87 77
87 86
87 87
87 90
87 94
87 97
87 98
87 100
87 101
87 104
87 105
87 106
87 107
87 109
87 113
87 115
87 117
87 118
87 119
87 122
87 123
87 124
87 125
88 2
88 3
88 4
88 7
88 9
88 10
88 14
88 15
88 17
88 20
88 21
88 25
88 30
88 31
88 33
88 42
88 43
88 44
88 45
88 46
88 47
88 48
88 50
88 52
88 53
88 54
88 56
88 58
88 61
88 62
88 63
88 64
88 65
88 66
88 67
88 68
88 69
88 71
88 73
88 74
88 78
88 79
88 82
88 85
88 87
88 88
88 89
88 91
88 93
88 96
88 97
88 98
88 100
88 101
88 102
88 105
88 107
88 109
88 110
88 112
88 114
88 116
88 119
88 120
88 124
89 0
89 2
89 3
89 5
89 8
89 9
89 11
89 13
89 15
89 16
89 21
89 22
89 26
89 30
89 33
89 34
89 35
89 36
89 37
89 41
89 43
89 44
89 45
89 46
89 48
89 49
89 51
89 52
89 56
89 57
89 59
89 60
89 62
89 63
89 68
89 74
89 76
89 77
89 79
89 80
89 82
89 83
89 89
89 90
89 93
89 98
89 99
89 104
89 105
89 106
89 108
89 109
89 111
89 112
89 113
89 114
89 117
89 121
90 0
90 1
90 2
90 5
90 6
90 14
90 16
90 17
90 18
90 19
90 20
90 24
90 26
90 29
90 30
90 33
90 36
90 38
90 39
90 41
90 43
90 45
90 48
90 49
90 50
90 51
90 52
90 54
90 56
90 57
90 58
90 62
90 63
90 65
90 66
90 67
90 73
90 75
90 77
90 78
90 79
90 82
90 85
90 88
90 90
90 91
90 92
90 95
90 98
90 99
90 101
90 105
90 106
90 107
90 110
90 112
90 115
90 117
90 118
90 120
90 121
90 123
90 127
91 1
91 3
91 4
91 8
91 9
91 10
91 11
91 12
91 14
91 15
91 16
91 18
91 21
91 22
91 23
91 24
91 25
91 29
91 30
91 31
91 38
91 39
91 40
91 41
91 47
91 52
91 55
91 56
91 57
91 58
91 63
91 66
91 68
91 69
91 70
91 72
91 75
91 77
91 78
91 80
91 81
91 83
91 87
91 88
91 89
91 90
91 91
91 92
91 93
91 94
91 96
91 100
91 101
91 103
91 106
91 107
91 110
91 111
91 112
91 114
91 115
91 116
91 117
91 119
91 121
91 122
91 125
91 126
91 127
92 1
92 3
92 4
92 7
92 8
92 13
92 14
92 15
92 16
92 17
92 18
92 19
92 21
92 22
92 23
92 29
92 30
92 31
92 34
92 37
92 38
92 39
92 41
92 45
92 48
92 50
92 52
92 54
92 55
92 56
92 59
92 63
92 64
92 65
92 67
92 70
92 77
92 79
92 80
92 82
92 83
92 84
92 86
92 87
92 89
92 90
92 91
92 92
92 93
92 97
92 98
92 101
92 105
92 108
92 110
92 111
92 113
92 115
92 116
92 118
92 119
92 125
92 126
92 127
93 0
93 2
93 3
93 9
93 10
93 12
93 13
93 14
93 16
93 17
93 18
93 19
93 21
93 22
93 28
93 29
93 30
93 31
93 32
93 37
93 39
93 40
93 41
93 46
93 47
93 48
93 50
93 51
93 52
93 53
93 56
93 57
93 59
93 61
93 64
93 65
93 66
93 67
93 69
93 70
93 71
93 73
93 74
93 75
93 77
93 78
93 80
93 81
93 82
93 83
93 85
93 86
93 94
93 96
93 97
93 98
93 99
93 100
93 101
93 103
93 105
93 106
93 107
93 110
93 112
93 113
93 114
93 115
93 116
93 119
93 120
93 121
93 123
93 126
94 0
94 1
94 2
94 4
94 7
94 8
94 11
94 12
94 13
94 14
94 16
94 17
94 22
94 25
94 26
94 28
94 31
94 32
94 36
94 37
94 38
94 40
94 41
94 42
94 43
94 45
94 47
94 49
94 50
94 56
94 60
94 63
94 64
94 66
94 67
94 69
94 74
94 75
94 81
94 82
94 83
94 84
94 85
94 89
94 90
94 91
94 94
94 98
94 102
94 107
94 109
94 110
94 112
94 113
94 114
94 115
94 117
94 120
94 122
94 124
94 125
94 126
94 127
95 3
95 7
95 8
95 10
95 14
95 15
95 16
95 18
95 20
95 21
95 22
95 23
95 25
95 27
95 29
95 30
95 31
95 32
95 33
95 35
95 40
95 48
95 52
95 57
95 58
95 60
95 61
95 63
95 64
95 66
95 67
95 68
95 73
95 74
95 76
95 79
95 80
95 83
95 86
95 87
95 88
95 89
95 91
95 92
95 93
95 94
95 95
95 99
95 102
95 103
95 104
95 106
95 107
95 109
95 117
95 119
95 122
95 123
95 127
96 0
96 3
96 6
96 10
96 11
96 13
96 15
96 21
96 24
96 26
96 32
96 34
96 35
96 38
96 39
96 42
96 44
96 45
96 53
96 56
96 57
96 59
96 60
96 63
96 64
96 70
96 80
96 82
96 83
96 86
96 87
96 88
96 92
96 95
96 96
96 97
96 99
96 102
96 104
96 107
96 110
96 111
96 112
96 113
96 115
96 116
96 117
96 118
96 119
96 123
96 125
96 127
97 1
97 2
97 3
97 9
97 12
97 13
97 18
97 19
97 20
97 21
97 22
97 23
97 27
97 28
97 29
97 30
97 31
97 32
97 36
97 38
97 39
97 41
97 43
97 45
97 46
97 48
97 50
97 51
97 53
97 55
97 56
97 61
97 63
97 65
97 66
97 68
97 69
97 71
97 76
97 77
97 81
97 83
97 85
97 86
97 87
97 88
97 89
97 91
97 94
97 95
97 101
97 102
97 103
97 104
97 105
97 107
97 108
97 109
97 112
97 114
97 117
97 120
97 122
97 124
97 125
97 126
97 127
98 1
98 2
98 3
98 4
98 6
98 7
98 17
98 21
98 23
98 24
98 26
98 27
98 29
98 30
98 32
98 33
98 34
98 37
98 38
98 39
98 40
98 41
98 45
98 49
98 50
98 52
98 53
98 57
98 58
98 60
98 61
98 62
98 63
98 64
98 65
98 68
98 71
98 74
98 75
98 76
98 82
98 85
98 86
98 87
98 89
98 91
98 92
98 93
98 95
98 97
98 98
98 101
98 103
98 108
98 110
98 112
98 113
98 117
98 118
98 120
98 122
98 124
98 125
98 126
99 2
99 6
99 7
99 10
99 12
99 16
99 17
99 19
99 23
99 24
99 25
99 26
99 27
99 29
99 30
99 32
99 36
99 38
99 40
99 43
99 46
99 47
99 48
99 50
99 52
99 55
99 56
99 58
99 59
99 62
99 63
99 64
99 66
99 68
99 69
99 75
99 76
99 78
99 79
99 82
99 86
99 88
99 90
99 92
99 94
99 97
99 98
99 100
99 101
99 104
99 105
99 106
99 107
99 109
99 114
99 116
99 117
99 119
99 120
99 125
99 127
100 1
100 2
100 5
100 7
100 8
100 9
100 13
100 16
100 18
100 19
100 21
100 24
100 26
100 27
100 28
100 31
100 34
100 35
100 37
100 38
100 39
100 40
100 41
100 42
100 43
100 47
100 51
100 53
100 54
100 55
100 57
100 59
100 62
100 65
100 67
100 72
100 75
100 80
100 82
100 86
100 87
100 88
100 89
100 90
100 91
100 94
100 95
100 96
100 98
100 99
100 100
100 107
100 108
100 109
100 110
100 113
100 115
100 118
100 119
100 120
100 121
100 122
100 124
100 125
100 126
101 7
101 9
101 10
101 13
101 15
101 17
101 20
101 22
101 23
101 26
101 27
101 28
101 29
101 30
101 32
101 35
101 36
101 37
101 38
101 39
101 41
101 42
101 44
101 45
101 46
101 47
101 48
101 49
101 51
101 53
101 55
101 59
101 60
101 63
101 65
101 67
101 71
101 73
101 75
101 85
101 87
101 88
101 90
101 93
101 94
101 95
101 96
101 98
101 99
101 104
101 105
101 106
101 107
101 112
101 114
101 117
101 122
101 124
101 125
101 126
102 0
102 4
102 9
102 11
102 12
102 13
102 16
102 17
102 18
102 19
102 24
102 25
102 29
102 31
102 32
102 33
102 34
102 35
102 36
102 38
102 39
102 40
102 41
102 42
102 43
102 46
102 48
102 49
102 51
102 53
102 55
102 58
102 59
102 60
102 62
102 63
102 67
102 69
102 71
102 72
102 73
102 76
102 77
102 80
102 83
102 84
102 87
102 88
102 91
102 92
102 94
102 95
102 96
102 99
102 100
102 104
102 105
102 106
102 108
102 109
102 110
102 114
102 117
102 118
102 122
102 124
102 125
102 126
102 127
103 0
103 2
103 5
103 7
103 8
103 10
103 11
103 13
103 15
103 17
103 21
103 22
103 27
103 33
103 35
103 37
103 41
103 45
103 46
103 47
103 48
103 49
103 53
103 56
103 57
103 59
103 61
103 62
103 66
103 68
103 70
103 71
103 72
103 73
103 75
103 76
103 81
103 82
103 83
103 84
103 86
103 90
103 93
103 94
103 95
103 96
103 97
103 98
103 100
103 107
103 109
103 111
103 113
103 114
103 115
103 118
103 123
103 125
103 126
104 0
104 5
104 6
104 7
104 9
104 11
104 16
104 19
104 20
104 21
104 22
104 26
104 35
104 36
104 37
104 40
104 41
104 42
104 43
104 44
104 48
104 51
104 53
104 54
104 55
104 58
104 59
104 61
104 62
104 67
104 70
104 73
104 74
104 75
104 77
104 79
104 80
104 81
104 83
104 84
104 87
104 90
104 92
104 94
104 97
104 103
104 104
104 108
104 109
104 111
104 112
104 113
104 115
104 117
104 118
104 119
104 120
104 123
104 124
105 0
105 2
105 3
105 5
105 7
105 9
105 18
105 20
105 22
105 24
105 25
105 26
105 28
105 29
105 30
105 31
105 32
105 33
105 35
105 36
105 37
105 40
105 42
105 43
105 49
105 52
105 54
105 55
105 57
105 58
105 59
105 62
105 63
105 65
105 69
105 72
105 74
105 79
105 80
105 82
105 83
105 85
105 90
105 91
105 93
105 94
105 95
105 99
105 100
105 102
105 103
105 107
105 108
105 109
105 111
105 113
105 114
105 115
105 117
105 120
105 121
105 122
105 123
106 0
106 2
106 3
106 5
106 8
106 9
106 11
106 15
106 18
106 22
106 24
106 25
106 26
106 28
106 31
106 33
106 34
106 35
106 40
106 41
106 42
106 45
106 46
106 48
106 50
106 51
106 55
106 56
106 57
106 58
106 63
106 64
106 65
106 66
106 71
106 72
106 73
106 75
106 77
106 84
106 86
106 88
106 92
106 94
106 97
106 101
106 102
106 108
106 110
106 111
106 114
106 115
106 116
106 117
106 118
106 120
106 122
106 123
106 125
106 126
107 3
107 5
107 8
107 11
107 12
107 15
107 16
107 17
107 19
107 22
107 23
107 26
107 27
107 29
107 32
107 34
107 35
107 39
107 40
107 41
107 42
107 43
107 44
107 45
107 46
107 49
107 50
107 51
107 53
107 55
107 56
107 58
107 62
107 65
107 66
107 67
107 71
107 73
107 74
107 75
107 79
107 81
107 85
107 86
107 87
107 88
107 91
107 92
107 93
107 94
107 96
107 98
107 102
107 104
107 105
107 107
107 108
107 109
107 111
107 112
107 113
107 114
107 116
107 118
107 119
107 120
107 121
107 123
107 125
107 127
108 0
108 2
108 7
108 8
108 13
108 16
108 17
108 20
108 21
108 22
108 25
108 27
108 29
108 32
108 33
108 35
108 39
108 42
108 46
108 47
108 49
108 50
108 51
108 57
108 60
108 64
108 67
108 68
108 69
108 70
108 76
108 77
108 78
108 81
108 82
108 84
108 86
108 87
108 89
108 90
108 91
108 92
108 94
108 95
108 96
108 98
108 100
108 102
108 106
108 107
108 110
108 111
108 117
108 118
108 119
108 121
108 122
108 123
108 124
108 127
109 1
109 2
109 3
109 5
109 6
109 8
109 13
109 14
109 15
109 16
109 17
109 18
109 21
109 23
109 26
109 28
109 29
109 30
109 31
109 32
109 33
109 34
109 37
109 38
109 39
109 40
109 41
109 42
109 44
109 46
109 48
109 49
109 51
109 53
109 54
109 55
109 58
109 60
109 62
109 63
109 64
109 67
109 68
109 70
109 72
109 74
109 76
109 79
109 80
109 82
109 85
109 86
109 90
109 91
109 92
109 93
109 94
109 96
109 103
109 104
109 107
109 108
109 110
109 111
109 117
109 118
109 119
109 122
109 124
109 125
109 127
110 0
110 2
110 4
110 6
110 8
110 9
110 11
110 13
110 15
110 17
110 18
110 19
110 20
110 22
110 25
110 27
110 28
110 34
110 37
110 42
110 43
110 44
110 45
110 47
110 49
110 50
110 51
110 52
110 53
110 56
110 58
110 60
110 61
110 63
110 64
110 65
110 66
110 74
110 75
110 79
110 80
110 81
110 83
110 86
110 87
110 89
110 90
110 91
110 92
110 94
110 95
110 97
110 98
110 99
110 108
110 109
110 112
110 115
110 116
110 118
110 119
110 120
110 122
110 125
110 126
110 127
111 1
111 3
111 5
111 6
111 11
111 12
111 13
111 15
111 18
111 20
111 21
111 23
111 25
111 26
111 29
111 30
111 32
111 33
111 34
111 40
111 43
111 46
111 48
111 50
111 51
111 54
111 55
111 56
111 57
111 59
111 61
111 62
111 65
111 67
111 72
111 73
111 79
111 84
111 86
111 89
111 90
111 92
111 93
111 95
111 96
111 98
111 100
111 102
111 103
111 107
111 109
111 111
111 112
111 116
111 117
111 123
111 126
112 0
112 2
112 3
112 5
112 7
112 8
112 10
112 11
112 15
112 16
112 20
112 21
112 22
112 23
112 26
112 29
112 30
112 32
112 35
112 40
112 41
112 42
112 44
112 46
112 49
112 50
112 51
112 52
112 54
112 55
112 57
112 60
112 61
112 64
112 65
112 66
112 68
112 69
112 70
112 75
112 77
112 78
112 82
112 85
112 90
112 91
112 92
112 95
112 96
112 98
112 99
112 100
112 101
112 103
112 104
112 106
112 107
112 110
112 113
112 116
112 118
112 123
112 126
113 0
113 1
113 2
113 3
113 6
113 7
113 8
113 10
113 12
113 13
113 14
113 15
113 16
113 19
113 21
113 22
113 23
113 28
113 29
113 30
113 32
113 33
113 36
113 39
113 40
113 41
113 43
113 44
113 45
113 53
113 59
113 60
113 61
113 62
113 63
113 65
113 70
113 72
113 74
113 76
113 78
113 84
113 86
113 87
113 88
113 89
113 90
113 93
113 96
113 98
113 99
113 101
113 102
113 109
113 111
113 113
113 114
113 118
113 119
113 121
113 122
113 123
113 124
113 125
113 126
114 1
114 5
114 6
114 9
114 11
114 13
114 15
114 17
114 18
114 19
114 21
114 22
114 23
114 29
114 32
114 33
114 34
114 35
114 36
114 38
114 40
114 43
114 45
114 46
114 50
114 52
114 54
114 55
114 56
114 57
114 58
114 60
114 64
114 65
114 67
114 70
114 74
114 76
114 77
114 78
114 80
114 83
114 84
114 87
114 90
114 92
114 93
114 94
114 95
114 96
114 98
114 101
114 103
114 106
114 107
114 109
114 110
114 111
114 112
114 114
114 115
114 117
114 118
114 119
114 122
114 124
114 125
114 126
115 0
115 1
115 5
115 9
115 11
115 12
115 14
115 15
115 16
115 17
115 18
115 19
115 20
115 21
115 23
115 25
115 27
115 29
115 30
115 34
115 35
115 36
115 37
115 44
115 49
115 50
115 51
115 52
115 57
115 61
115 62
115 64
115 67
115 68
115 70
115 73
115 75
115 77
115 78
115 79
115 82
115 83
115 85
115 87
115 89
115 93
115 95
115 96
115 97
115 98
115 99
115 100
115 101
115 102
115 103
115 108
115 113
115 114
115 115
115 117
115 119
115 122
115 123
115 125
115 126
115 127
116 0
116 1
116 4
116 5
116 7
116 10
116 12
116 13
116 14
116 19
116 21
116 24
116 26
116 28
116 29
116 33
116 34
116 37
116 38
116 40
116 41
116 42
116 43
116 44
116 46
116 50
116 51
116 55
116 58
116 59
116 60
116 61
116 62
116 63
116 66
116 68
116 69
116 70
116 71
116 73
116 75
116 76
116 77
116 78
116 79
116 80
116 82
116 83
116 85
116 88
116 90
116 92
116 93
116 94
116 95
116 98
116 99
116 100
116 101
116 104
116 105
116 110
116 112
116 114
116 115
116 116
116 117
116 119
116 120
116 122
116 123
116 124
116 126
117 2
117 3
117 7
117 9
117 10
117 11
117 12
117 14
117 15
117 18
117 20
117 25
117 26
117 27
117 28
117 32
117 34
117 35
117 36
117 37
117 38
117 39
117 41
117 42
117 44
117 46
117 47
117 48
117 49
117 50
117 54
117 55
117 57
117 59
117 62
117 64
117 67
117 69
117 71
117 76
117 77
117 78
117 79
117 81
117 82
117 83
117 84
117 85
117 86
117 90
117 91
117 93
117 94
117 95
117 97
117 98
117 99
117 100
117 101
117 102
117 103
117 104
117 106
117 108
117 110
117 112
117 113
117 115
117 120
117 121
117 122
117 123
117 125
117 126
118 2
118 3
118 4
118 8
118 9
118 13
118 14
118 18
118 20
118 21
118 26
118 28
118 29
118 31
118 32
118 33
118 34
118 38
118 39
118 44
118 48
118 52
118 54
118 61
118 63
118 64
118 67
118 68
118 69
118 71
118 72
118 73
118 74
118 75
118 76
118 77
118 78
118 80
118 85
118 87
118 88
118 89
118 93
118 94
118 95
118 96
118 97
118 98
118 100
118 102
118 106
118 108
118 109
118 110
118 112
118 113
118 114
118 117
118 118
118 123
118 124
118 125
118 127
119 1
119 2
119 4
119 5
119 7
119 12
119 13
119 15
119 17
119 19
119 20
119 23
119 24
119 26
119 33
119 35
119 36
119 37
119 43
119 44
119 45
119 46
119 47
119 50
119 51
119 52
119 54
119 55
119 56
119 57
119 60
119 63
119 64
119 66
119 68
119 69
119 72
119 74
119 76
119 77
119 78
119 83
119 84
119 86
119 88
119 89
119 90
119 91
119 94
119 96
119 99
119 100
119 104
119 106
119 109
119 111
119 114
119 120
119 121
119 123
119 125
119 127
120 0
120 1
120 6
120 8
120 10
120 11
120 12
120 13
120 14
120 15
120 16
120 17
120 19
120 20
120 26
120 29
120 30
120 34
120 37
120 38
120 39
120 41
120 42
120 44
120 45
120 47
120 49
120 50
120 52
120 54
120 55
120 56
120 57
120 59
120 60
120 61
120 63
120 65
120 66
120 67
120 68
120 72
120 74
120 77
120 80
120 81
120 84
120 85
120 92
120 94
120 96
120 97
120 100
120 101
120 102
120 103
120 106
120 110
120 111
120 112
120 116
120 117
120 119
120 121
120 126
120 127
121 1
121 2
121 4
121 6
121 7
121 8
121 9
121 10
121 18
121 19
121 21
121 23
121 25
121 26
121 28
121 33
121 34
121 35
121 37
121 40
121 43
121 48
121 54
121 55
121 58
121 60
121 63
121 65
121 66
121 68
121 69
121 70
121 73
121 74
121 78
121 79
121 80
121 89
121 90
121 92
121 94
121 98
121 102
121 103
121 104
121 106
121 107
121 108
121 109
121 110
121 111
121 112
121 114
121 116
121 117
121 118
121 119
121 122
121 123
121 125
121 126
122 1
122 2
122 4
122 5
122 6
122 7
122 11
122 15
122 16
122 17
122 20
122 21
122 23
122 24
122 26
122 27
122 28
122 30
122 31
122 34
122 35
122 37
122 38
122 39
122 40
122 42
122 44
122 45
122 46
122 47
122 48
122 49
122 50
122 51
122 52
122 53
122 55
122 59
122 60
122 61
122 64
122 66
122 67
122 68
122 69
122 70
122 74
122 75
122 77
122 79
122 82
122 83
122 85
122 86
122 89
122 97
122 102
122 103
122 104
122 108
122 109
122 111
122 112
122 113
122 115
122 116
122 117
122 119
122 121
122 122
122 123
122 124
122 125
122 126
123 2
123 3
123 5
123 6
123 7
123 10
123 12
123 13
123 15
123 17
123 20
123 21
123 24
123 25
123 30
123 31
123 33
123 34
123 36
123 37
123 38
123 41
123 42
123 45
123 47
123 50
123 52
123 55
123 56
123 57
123 58
123 62
123 65
123 67
123 68
123 72
123 73
123 74
123 78
123 81
123 85
123 91
123 94
123 97
123 103
123 105
123 106
123 107
123 108
123 111
123 112
123 118
123 121
123 122
123 123
123 124
123 125
123 126
123 127
124 6
124 11
124 15
124 17
124 21
124 22
124 23
124 25
124 28
124 32
124 35
124 38
124 39
124 40
124 43
124 44
124 47
124 48
124 49
124 50
124 52
124 53
124 54
124 57
124 59
124 60
124 62
124 64
124 71
124 77
124 79
124 80
124 85
124 86
124 88
124 89
124 90
124 91
124 92
124 95
124 97
124 100
124 102
124 103
124 109
124 110
124 111
124 115
124 117
124 120
124 122
124 123
124 127
125 0
125 1
125 3
125 4
125 5
125 6
125 8
125 10
125 15
125 17
125 19
125 24
125 25
125 26
125 27
125 28
125 29
125 30
125 31
125 32
125 36
125 38
125 39
125 41
125 42
125 44
125 47
125 48
125 53
125 58
125 60
125 62
125 63
125 65
125 68
125 75
125 76
125 78
125 81
125 83
125 84
125 85
125 87
125 89
125 90
125 91
125 93
125 94
125 95
125 96
125 97
125 98
125 102
125 105
125 110
125 113
125 115
125 117
125 118
125 119
125 120
125 124
125 125
125 126
126 2
126 3
126 6
126 9
126 10
126 12
126 15
126 17
126 21
126 23
126 25
126 27
126 29
126 31
126 34
126 36
126 37
126 38
126 43
126 44
126 45
126 46
126 47
126 48
126 49
126 53
126 54
126 55
126 65
126 66
126 67
126 68
126 71
126 72
126 74
126 75
126 76
126 78
126 80
126 82
126 84
126 88
126 90
126 91
126 92
126 93
126 95
126 98
126 102
126 106
126 107
126 108
126 109
126 111
126 112
126 113
126 114
126 116
126 117
126 123
126 124
126 125
126 127
127 2
127 5
127 6
127 10
127 11
127 12
127 13
127 15
127 16
127 17
127 19
127 20
127 24
127 26
127 29
127 30
127 33
127 34
127 36
127 37
127 38
127 41
127 44
127 46
127 47
127 48
127 51
127 52
127 53
127 57
127 59
127 60
127 61
127 62
127 64
127 65
127 66
127 67
127 72
127 74
127 75
127 80
127 82
127 83
127 87
127 88
127 89
127 90
127 91
127 95
127 96
127 97
127 101
127 102
127 107
127 111
127 112
127 113
127 114
127 115
127 116
127 119
127 120
127 122
127 123
127 125
