0 4
0 5
0 8
0 11
0 16
0 18
0 21
0 28
0 31
0 32
0 34
0 38
0 39
0 41
0 46
0 47
0 51
0 53
0 55
0 60
0 61
0 72
0 74
0 82
0 89
0 91
0 95
0 97
0 101
0 103
0 106
0 112
0 115
0 120
0 122
0 123
0 126
1 3
1 8
1 9
1 10
1 11
1 12
1 17
1 19
1 21
1 22
1 28
1 30
1 31
1 32
1 38
1 39
1 41
1 46
1 50
1 52
1 53
1 62
1 65
1 70
1 75
1 78
1 86
1 94
1 95
1 96
1 97
1 98
1 99
1 101
1 105
1 106
1 108
1 111
1 114
1 117
1 118
1 119
1 122
1 126
2 3
2 13
2 17
2 20
2 22
2 24
2 27
2 32
2 36
2 37
2 38
2 50
2 51
2 53
2 60
2 65
2 66
2 73
2 76
2 82
2 83
2 93
2 94
2 96
2 98
2 99
2 100
2 109
2 111
2 112
2 117
2 120
3 5
3 6
3 9
3 22
3 23
3 24
3 27
3 29
3 35
3 37
3 39
3 42
3 44
3 46
3 47
3 49
3 50
3 58
3 59
3 60
3 62
3 63
3 71
3 74
3 76
3 79
3 85
3 94
3 95
3 97
3 101
3 102
3 104
3 107
3 108
3 109
3 111
3 112
3 113
3 114
3 116
3 117
3 120
3 124
3 125
4 0
4 4
4 6
4 7
4 13
4 21
4 23
4 25
4 28
4 35
4 38
4 40
4 42
4 46
4 52
4 54
4 56
4 57
4 59
4 63
4 64
4 65
4 70
4 73
4 78
4 79
4 80
4 86
4 87
4 91
4 97
4 99
4 109
4 110
4 111
4 112
4 116
4 118
4 120
4 122
5 0
5 1
5 2
5 5
5 8
5 9
5 10
5 13
5 17
5 20
5 24
5 28
5 29
5 34
5 43
5 44
5 50
5 51
5 53
5 56
5 59
5 61
5 62
5 65
5 66
5 72
5 75
5 76
5 78
5 82
5 86
5 88
5 89
5 91
5 96
5 100
5 104
5 105
5 109
5 113
5 114
5 121
5 122
5 123
5 127
6 3
6 4
6 11
6 16
6 18
6 19
6 20
6 21
6 24
6 25
6 26
6 32
6 33
6 35
6 37
6 43
6 44
6 48
6 52
6 55
6 60
6 63
6 68
6 78
6 80
6 85
6 91
6 96
6 102
6 104
6 105
6 106
6 108
6 114
6 118
6 119
6 122
6 125
6 127
7 3
7 11
7 12
7 17
7 18
7 21
7 23
7 25
7 30
7 31
7 33
7 34
7 35
7 40
7 46
7 47
7 52
7 53
7 57
7 64
7 65
7 66
7 67
7 69
7 72
7 77
7 80
7 89
7 90
7 91
7 92
7 95
7 97
7 101
7 106
7 109
7 116
7 119
7 123
8 6
8 9
8 14
8 17
8 18
8 19
8 21
8 22
8 37
8 41
8 42
8 46
8 50
8 51
8 53
8 59
8 61
8 62
8 68
8 69
8 70
8 81
8 83
8 85
8 100
8 102
8 111
8 115
8 117
9 4
9 6
9 8
9 10
9 19
9 20
9 21
9 27
9 31
9 32
9 33
9 36
9 38
9 40
9 45
9 47
9 56
9 61
9 62
9 73
9 76
9 77
9 79
9 80
9 82
9 83
9 85
9 96
9 102
9 103
9 106
9 107
9 109
9 110
9 116
9 123
9 127
10 2
10 3
10 4
10 8
10 9
10 13
10 22
10 23
10 24
10 25
10 27
10 29
10 30
10 34
10 35
10 42
10 48
10 49
10 50
10 56
10 57
10 59
10 60
10 62
10 64
10 65
10 66
10 70
10 73
10 74
10 75
10 76
10 80
10 82
10 88
10 92
10 94
10 96
10 104
10 105
10 110
10 111
10 116
10 119
10 121
10 122
10 123
10 127
11 2
11 4
11 5
11 10
11 14
11 21
11 23
11 24
11 27
11 32
11 34
11 36
11 43
11 44
11 46
11 48
11 52
11 53
11 66
11 69
11 70
11 72
11 77
11 79
11 80
11 83
11 84
11 87
11 96
11 105
11 107
11 114
11 119
11 124
12 8
12 11
12 16
12 20
12 34
12 38
12 40
12 46
12 48
12 51
12 53
12 56
12 57
12 63
12 68
12 71
12 73
12 76
12 80
12 81
12 93
12 96
12 106
12 109
12 110
12 115
12 122
12 123
12 126
13 6
13 7
13 9
13 12
13 14
13 17
13 18
13 20
13 22
13 25
13 32
13 33
13 39
13 41
13 51
13 53
13 57
13 58
13 60
13 61
13 63
13 64
13 70
13 76
13 78
13 82
13 88
13 92
13 93
13 96
13 98
13 100
13 101
13 102
13 104
13 111
13 119
13 122
13 123
13 126
13 127
14 0
14 1
14 4
14 8
14 14
14 21
14 22
14 26
14 27
14 30
14 37
14 40
14 44
14 45
14 50
14 53
14 56
14 65
14 71
14 72
14 73
14 78
14 79
14 80
14 81
14 82
14 89
14 92
14 93
14 95
14 99
14 103
14 104
14 105
14 110
14 112
14 113
14 114
14 115
14 120
14 124
14 125
14 127
15 3
15 4
15 11
15 13
15 14
15 16
15 17
15 19
15 21
15 22
15 23
15 24
15 42
15 43
15 44
15 46
15 47
15 59
15 61
15 62
15 64
15 68
15 74
15 75
15 77
15 78
15 79
15 84
15 85
15 93
15 94
15 97
15 98
15 99
15 102
15 104
15 106
15 108
15 109
15 110
15 111
15 117
15 127
16 0
16 11
16 12
16 17
16 22
16 25
16 28
16 37
16 42
16 46
16 47
16 48
16 50
16 56
16 58
16 60
16 62
16 67
16 70
16 82
16 83
16 84
16 87
16 89
16 92
16 94
16 96
16 97
16 111
16 122
16 126
17 0
17 6
17 10
17 19
17 21
17 24
17 25
17 28
17 29
17 31
17 34
17 36
17 37
17 38
17 39
17 42
17 46
17 50
17 55
17 57
17 60
17 64
17 66
17 67
17 69
17 73
17 77
17 78
17 79
17 83
17 84
17 92
17 93
17 97
17 100
17 101
17 103
17 105
17 109
17 110
17 115
17 123
18 2
18 4
18 8
18 12
18 18
18 21
18 23
18 30
18 32
18 34
18 40
18 44
18 46
18 54
18 64
18 68
18 70
18 77
18 78
18 81
18 83
18 84
18 89
18 90
18 91
18 94
18 97
18 98
18 100
18 104
18 109
18 110
18 115
18 117
18 120
18 121
18 125
18 126
19 3
19 5
19 6
19 11
19 14
19 17
19 20
19 27
19 34
19 38
19 39
19 49
19 51
19 52
19 55
19 56
19 57
19 59
19 62
19 68
19 89
19 92
19 93
19 94
19 98
19 99
19 100
19 105
19 106
19 111
19 113
19 121
19 123
20 0
20 3
20 6
20 11
20 16
20 19
20 22
20 23
20 35
20 37
20 55
20 56
20 60
20 63
20 67
20 68
20 69
20 73
20 78
20 79
20 92
20 97
20 98
20 99
20 101
20 105
20 119
20 122
20 124
21 1
21 2
21 3
21 9
21 10
21 13
21 16
21 19
21 20
21 22
21 23
21 24
21 33
21 35
21 37
21 42
21 45
21 47
21 48
21 51
21 53
21 54
21 55
21 56
21 59
21 60
21 64
21 65
21 68
21 69
21 79
21 80
21 82
21 84
21 86
21 87
21 94
21 100
21 101
21 102
21 104
21 112
21 115
21 118
22 0
22 3
22 4
22 7
22 14
22 16
22 19
22 22
22 23
22 29
22 30
22 32
22 37
22 38
22 43
22 47
22 48
22 60
22 64
22 66
22 68
22 71
22 73
22 76
22 79
22 89
22 94
22 102
22 103
22 105
22 107
22 110
22 120
22 123
22 125
22 126
22 127
23 0
23 1
23 3
23 5
23 10
23 11
23 14
23 16
23 18
23 19
23 21
23 22
23 27
23 28
23 29
23 31
23 34
23 35
23 42
23 51
23 60
23 66
23 68
23 70
23 71
23 77
23 80
23 81
23 84
23 88
23 98
23 105
23 106
23 107
23 108
23 115
23 118
24 2
24 6
24 14
24 17
24 22
24 32
24 40
24 43
24 44
24 47
24 48
24 50
24 52
24 64
24 71
24 73
24 74
24 79
24 81
24 83
24 84
24 85
24 88
24 90
24 91
24 98
24 99
24 105
24 107
24 108
24 114
24 116
24 125
25 2
25 4
25 16
25 17
25 21
25 22
25 23
25 24
25 25
25 26
25 28
25 35
25 47
25 49
25 60
25 71
25 73
25 81
25 82
25 83
25 84
25 87
25 88
25 89
25 93
25 94
25 96
25 99
25 103
25 107
25 111
25 115
25 121
25 125
25 126
26 0
26 2
26 3
26 4
26 6
26 8
26 12
26 16
26 24
26 26
26 28
26 35
26 40
26 42
26 46
26 48
26 52
26 53
26 56
26 60
26 64
26 66
26 75
26 76
26 77
26 78
26 79
26 81
26 86
26 89
26 90
26 91
26 98
26 99
26 101
26 109
26 113
26 120
27 0
27 3
27 13
27 14
27 16
27 18
27 19
27 20
27 21
27 23
27 24
27 42
27 47
27 50
27 52
27 54
27 55
27 56
27 57
27 58
27 59
27 64
27 66
27 72
27 74
27 78
27 80
27 81
27 88
27 92
27 95
27 104
27 105
27 106
27 108
27 112
27 113
27 116
27 119
27 124
28 1
28 2
28 5
28 12
28 13
28 14
28 19
28 20
28 22
28 25
28 27
28 29
28 31
28 33
28 34
28 36
28 40
28 43
28 48
28 49
28 54
28 57
28 59
28 62
28 64
28 70
28 74
28 75
28 77
28 79
28 81
28 85
28 86
28 90
28 92
28 94
28 97
28 98
28 101
28 102
28 103
28 115
28 118
28 121
28 122
28 123
28 124
28 127
29 1
29 14
29 16
29 17
29 25
29 27
29 31
29 36
29 41
29 49
29 51
29 52
29 57
29 58
29 59
29 64
29 65
29 67
29 68
29 71
29 75
29 78
29 84
29 85
29 88
29 89
29 100
29 103
29 106
29 107
29 110
29 112
29 120
29 121
29 125
30 0
30 1
30 10
30 13
30 18
30 21
30 23
30 26
30 29
30 30
30 32
30 34
30 35
30 41
30 42
30 44
30 47
30 52
30 62
30 64
30 65
30 71
30 76
30 77
30 78
30 79
30 81
30 83
30 90
30 92
30 101
30 106
30 111
30 112
30 114
30 118
30 123
30 126
31 1
31 5
31 6
31 8
31 11
31 20
31 22
31 24
31 26
31 27
31 30
31 36
31 45
31 52
31 62
31 64
31 65
31 67
31 68
31 69
31 71
31 76
31 77
31 84
31 90
31 92
31 98
31 99
31 100
31 102
31 109
31 110
31 116
31 127
32 0
32 1
32 3
32 5
32 9
32 10
32 12
32 17
32 20
32 22
32 26
32 27
32 29
32 30
32 35
32 37
32 38
32 40
32 42
32 46
32 50
32 51
32 54
32 58
32 60
32 64
32 68
32 70
32 73
32 75
32 80
32 82
32 87
32 94
32 98
32 101
32 103
32 111
32 113
32 119
32 120
32 121
32 123
32 126
33 2
33 4
33 12
33 16
33 19
33 23
33 26
33 31
33 33
33 37
33 42
33 49
33 52
33 55
33 59
33 81
33 85
33 90
33 91
33 92
33 97
33 100
33 101
33 102
33 103
33 106
33 107
33 109
33 111
33 116
33 122
34 6
34 8
34 10
34 14
34 19
34 20
34 24
34 25
34 27
34 28
34 34
34 35
34 40
34 42
34 43
34 44
34 46
34 48
34 49
34 56
34 58
34 62
34 66
34 69
34 75
34 76
34 79
34 84
34 85
34 89
34 90
34 95
34 96
34 101
34 102
34 106
34 112
34 113
34 115
34 116
34 119
34 123
35 0
35 2
35 4
35 5
35 7
35 9
35 10
35 15
35 17
35 21
35 22
35 23
35 24
35 27
35 28
35 30
35 36
35 37
35 41
35 45
35 50
35 51
35 54
35 57
35 59
35 63
35 65
35 70
35 72
35 74
35 76
35 77
35 84
35 85
35 86
35 89
35 92
35 94
35 97
35 99
35 120
35 124
35 127
36 2
36 14
36 18
36 20
36 21
36 22
36 28
36 29
36 32
36 34
36 35
36 39
36 41
36 51
36 52
36 54
36 59
36 67
36 73
36 75
36 76
36 77
36 85
36 86
36 87
36 91
36 93
36 102
36 108
36 111
36 113
36 114
36 122
36 125
36 127
37 2
37 4
37 10
37 14
37 18
37 19
37 23
37 24
37 35
37 38
37 40
37 41
37 48
37 50
37 52
37 54
37 58
37 63
37 66
37 68
37 70
37 72
37 81
37 82
37 85
37 87
37 89
37 92
37 97
37 101
37 102
37 104
37 106
37 112
37 115
37 116
37 119
37 120
37 121
37 122
37 127
38 1
38 5
38 6
38 7
38 9
38 14
38 15
38 17
38 20
38 30
38 31
38 37
38 41
38 45
38 52
38 60
38 61
38 63
38 68
38 71
38 74
38 75
38 77
38 78
38 80
38 87
38 92
38 94
38 99
38 104
38 105
38 108
38 113
38 117
38 118
38 121
38 126
39 0
39 2
39 7
39 11
39 16
39 21
39 23
39 26
39 34
39 36
39 38
39 39
39 44
39 46
39 58
39 59
39 66
39 71
39 73
39 80
39 85
39 87
39 90
39 95
39 98
39 99
39 100
39 103
39 104
39 106
39 108
39 114
39 121
39 126
40 2
40 4
40 8
40 10
40 11
40 15
40 16
40 26
40 27
40 28
40 29
40 31
40 34
40 36
40 37
40 41
40 42
40 49
40 51
40 54
40 59
40 60
40 62
40 67
40 70
40 75
40 77
40 80
40 90
40 91
40 100
40 102
40 103
40 107
40 113
40 119
40 122
41 5
41 6
41 9
41 10
41 16
41 20
41 21
41 25
41 26
41 32
41 33
41 39
41 40
41 45
41 47
41 51
41 54
41 56
41 59
41 60
41 61
41 62
41 65
41 69
41 73
41 77
41 78
41 79
41 82
41 91
41 102
41 103
41 105
41 112
41 117
41 119
41 121
41 126
42 1
42 12
42 15
42 16
42 21
42 22
42 27
42 29
42 32
42 43
42 44
42 47
42 48
42 50
42 55
42 56
42 59
42 61
42 63
42 68
42 76
42 81
42 82
42 87
42 90
42 96
42 98
42 100
42 102
42 103
42 105
42 109
42 112
42 114
42 115
42 119
42 120
43 1
43 3
43 5
43 12
43 13
43 16
43 20
43 22
43 24
43 25
43 27
43 28
43 33
43 34
43 36
43 37
43 40
43 46
43 51
43 53
43 54
43 57
43 60
43 63
43 66
43 67
43 69
43 80
43 85
43 86
43 87
43 88
43 90
43 91
43 92
43 94
43 99
43 103
43 107
43 112
43 113
43 117
43 118
43 122
44 1
44 7
44 8
44 11
44 12
44 14
44 18
44 19
44 22
44 24
44 28
44 32
44 36
44 41
44 45
44 46
44 48
44 49
44 51
44 54
44 56
44 60
44 62
44 66
44 68
44 69
44 72
44 75
44 77
44 81
44 85
44 89
44 96
44 98
44 103
44 111
44 119
44 122
44 127
45 4
45 6
45 7
45 12
45 19
45 20
45 21
45 23
45 24
45 25
45 26
45 33
45 34
45 35
45 37
45 42
45 44
45 48
45 49
45 50
45 51
45 57
45 59
45 62
45 64
45 70
45 72
45 74
45 75
45 78
45 82
45 83
45 84
45 85
45 86
45 90
45 95
45 101
45 102
45 110
45 111
45 112
45 113
45 114
45 117
45 122
45 124
46 0
46 4
46 17
46 21
46 24
46 26
46 31
46 33
46 34
46 37
46 48
46 52
46 54
46 59
46 61
46 63
46 67
46 68
46 70
46 75
46 78
46 79
46 84
46 89
46 91
46 93
46 101
46 103
46 107
46 113
46 116
46 121
46 122
46 123
46 126
47 1
47 4
47 16
47 19
47 20
47 27
47 32
47 34
47 38
47 43
47 45
47 47
47 49
47 51
47 55
47 58
47 61
47 66
47 68
47 70
47 76
47 81
47 82
47 84
47 86
47 87
47 88
47 89
47 92
47 94
47 97
47 99
47 101
47 105
47 106
47 107
47 111
47 114
47 115
47 126
48 7
48 10
48 17
48 24
48 26
48 28
48 45
48 49
48 50
48 51
48 54
48 56
48 59
48 64
48 72
48 77
48 78
48 79
48 82
48 84
48 93
48 99
48 105
48 106
48 107
48 110
48 112
48 119
48 121
48 124
48 126
49 0
49 3
49 4
49 7
49 18
49 19
49 29
49 33
49 34
49 36
49 40
49 45
49 60
49 65
49 67
49 68
49 73
49 74
49 76
49 77
49 78
49 84
49 89
49 90
49 92
49 103
49 104
49 109
49 113
49 115
49 123
49 124
49 126
50 1
50 4
50 6
50 8
50 12
50 19
50 22
50 26
50 27
50 29
50 30
50 36
50 37
50 40
50 41
50 44
50 46
50 51
50 52
50 55
50 58
50 64
50 66
50 68
50 71
50 77
50 80
50 81
50 87
50 93
50 96
50 97
50 99
50 101
50 105
50 109
50 114
50 118
50 121
50 124
50 125
51 1
51 11
51 15
51 16
51 17
51 18
51 19
51 21
51 22
51 24
51 30
51 31
51 34
51 43
51 45
51 68
51 69
51 74
51 76
51 78
51 79
51 80
51 81
51 82
51 88
51 91
51 106
51 109
51 111
51 115
51 116
51 117
51 121
51 122
51 126
51 127
52 1
52 2
52 9
52 11
52 12
52 27
52 30
52 31
52 33
52 34
52 35
52 36
52 38
52 40
52 42
52 44
52 45
52 52
52 61
52 66
52 71
52 79
52 85
52 86
52 95
52 99
52 100
52 105
52 107
52 109
52 110
52 112
52 113
52 114
52 115
52 120
52 125
53 3
53 7
53 8
53 9
53 10
53 13
53 18
53 24
53 34
53 46
53 47
53 54
53 66
53 70
53 71
53 74
53 75
53 83
53 85
53 86
53 88
53 92
53 93
53 97
53 98
53 99
53 102
53 105
53 119
53 122
53 127
54 3
54 5
54 7
54 10
54 12
54 13
54 18
54 21
54 22
54 25
54 27
54 32
54 34
54 36
54 38
54 39
54 42
54 43
54 46
54 54
54 57
54 61
54 64
54 70
54 73
54 75
54 80
54 83
54 86
54 103
54 106
54 109
54 110
54 112
54 116
54 118
54 119
54 123
54 124
55 3
55 9
55 10
55 15
55 16
55 22
55 24
55 29
55 31
55 33
55 38
55 39
55 45
55 46
55 47
55 50
55 58
55 62
55 63
55 69
55 72
55 78
55 80
55 83
55 87
55 88
55 96
55 97
55 98
55 106
55 112
55 113
55 114
55 121
55 124
55 126
56 0
56 3
56 5
56 6
56 12
56 15
56 16
56 21
56 23
56 24
56 31
56 33
56 35
56 39
56 50
56 52
56 57
56 58
56 59
56 61
56 64
56 67
56 77
56 83
56 85
56 95
56 97
56 102
56 104
56 107
56 109
56 112
56 115
56 116
56 120
56 122
56 125
56 127
57 2
57 9
57 10
57 12
57 17
57 19
57 20
57 21
57 24
57 27
57 29
57 30
57 31
57 32
57 33
57 39
57 41
57 43
57 44
57 47
57 48
57 53
57 54
57 55
57 58
57 69
57 70
57 71
57 73
57 75
57 76
57 77
57 78
57 79
57 82
57 86
57 87
57 91
57 93
57 94
57 97
57 99
57 104
57 110
57 116
57 119
57 121
57 124
57 127
58 3
58 7
58 8
58 10
58 16
58 18
58 20
58 21
58 22
58 29
58 35
58 36
58 38
58 39
58 40
58 45
58 48
58 55
58 60
58 66
58 72
58 73
58 84
58 85
58 86
58 88
58 92
58 94
58 95
58 96
58 101
58 104
58 108
58 109
58 110
58 114
58 116
58 127
59 1
59 2
59 4
59 5
59 6
59 11
59 15
59 16
59 24
59 25
59 26
59 30
59 31
59 33
59 34
59 35
59 38
59 39
59 41
59 44
59 49
59 53
59 56
59 59
59 60
59 65
59 67
59 68
59 69
59 71
59 79
59 85
59 100
59 103
59 104
59 105
59 106
59 109
59 110
59 115
59 121
59 122
59 123
59 125
59 126
59 127
60 5
60 6
60 7
60 8
60 11
60 13
60 19
60 32
60 34
60 38
60 40
60 43
60 44
60 47
60 48
60 52
60 58
60 67
60 69
60 77
60 79
60 81
60 84
60 85
60 88
60 97
60 102
60 105
60 108
60 113
60 114
60 116
60 118
60 121
61 0
61 1
61 5
61 6
61 7
61 11
61 15
61 25
61 30
61 35
61 37
61 39
61 40
61 45
61 47
61 53
61 57
61 60
61 61
61 67
61 74
61 77
61 79
61 82
61 90
61 91
61 93
61 95
61 102
61 112
61 114
61 117
61 124
62 0
62 1
62 10
62 12
62 13
62 16
62 18
62 22
62 23
62 25
62 29
62 31
62 33
62 34
62 35
62 36
62 40
62 42
62 46
62 55
62 61
62 62
62 63
62 65
62 74
62 75
62 77
62 79
62 80
62 82
62 83
62 84
62 92
62 96
62 98
62 100
62 102
62 107
62 108
62 109
62 117
62 119
62 122
62 125
62 127
63 0
63 2
63 3
63 5
63 6
63 11
63 16
63 18
63 20
63 24
63 26
63 33
63 35
63 37
63 38
63 39
63 40
63 41
63 42
63 46
63 53
63 54
63 56
63 57
63 58
63 70
63 74
63 83
63 86
63 87
63 88
63 89
63 91
63 98
63 102
63 105
63 108
63 111
63 114
63 119
63 122
63 123
63 125
64 3
64 4
64 6
64 9
64 11
64 16
64 18
64 20
64 21
64 24
64 26
64 27
64 30
64 37
64 38
64 41
64 45
64 46
64 49
64 52
64 54
64 55
64 57
64 61
64 63
64 66
64 71
64 74
64 79
64 81
64 85
64 86
64 88
64 91
64 99
64 100
64 101
64 105
64 110
64 115
64 117
64 124
64 126
64 127
65 3
65 4
65 7
65 12
65 15
65 18
65 21
65 23
65 27
65 28
65 29
65 33
65 36
65 45
65 46
65 53
65 54
65 57
65 59
65 62
65 63
65 68
65 70
65 71
65 74
65 77
65 87
65 93
65 95
65 97
65 98
65 100
65 108
65 109
65 118
65 120
65 125
66 1
66 3
66 6
66 8
66 9
66 12
66 14
66 20
66 21
66 24
66 27
66 39
66 50
66 57
66 62
66 66
66 75
66 76
66 86
66 91
66 93
66 95
66 100
66 104
66 106
66 108
66 109
66 112
66 118
66 120
66 121
66 123
66 126
66 127
67 1
67 4
67 10
67 12
67 13
67 16
67 17
67 23
67 30
67 31
67 33
67 39
67 40
67 42
67 43
67 51
67 52
67 53
67 57
67 61
67 65
67 67
67 71
67 73
67 78
67 82
67 83
67 86
67 88
67 91
67 94
67 99
67 102
67 104
67 108
67 110
67 113
67 120
67 123
68 1
68 5
68 7
68 9
68 10
68 13
68 15
68 26
68 30
68 31
68 40
68 42
68 45
68 50
68 56
68 58
68 62
68 68
68 69
68 71
68 75
68 87
68 91
68 93
68 97
68 98
68 101
68 102
68 104
68 106
68 118
68 120
68 122
68 124
68 127
69 3
69 6
69 11
69 12
69 14
69 15
69 16
69 19
69 30
69 31
69 36
69 38
69 39
69 45
69 47
69 48
69 59
69 64
69 66
69 69
69 76
69 83
69 84
69 89
69 92
69 93
69 96
69 98
69 100
69 106
69 107
69 108
69 111
69 112
69 115
69 122
69 124
70 1
70 2
70 5
70 6
70 8
70 9
70 16
70 20
70 21
70 23
70 24
70 26
70 28
70 29
70 30
70 31
70 33
70 35
70 36
70 45
70 47
70 49
70 55
70 68
70 71
70 72
70 73
70 76
70 78
70 79
70 81
70 83
70 86
70 91
70 92
70 93
70 98
70 99
70 100
70 108
70 111
70 112
70 116
70 117
70 118
70 120
70 123
70 124
71 1
71 3
71 5
71 6
71 12
71 13
71 21
71 23
71 28
71 31
71 32
71 35
71 36
71 37
71 38
71 50
71 51
71 52
71 53
71 60
71 62
71 69
71 70
71 73
71 75
71 76
71 77
71 78
71 80
71 81
71 85
71 86
71 88
71 90
71 96
71 97
71 102
71 103
71 110
71 111
71 112
71 114
71 117
71 122
71 123
72 0
72 2
72 6
72 9
72 13
72 15
72 20
72 21
72 30
72 39
72 43
72 45
72 46
72 47
72 57
72 60
72 65
72 66
72 67
72 68
72 70
72 80
72 86
72 89
72 95
72 100
72 115
72 117
72 120
72 122
72 127
73 0
73 4
73 13
73 15
73 16
73 25
73 31
73 34
73 36
73 41
73 47
73 54
73 55
73 56
73 57
73 58
73 62
73 63
73 66
73 69
73 70
73 71
73 78
73 85
73 86
73 90
73 92
73 95
73 99
73 100
73 101
73 103
73 111
73 116
73 120
74 4
74 6
74 8
74 23
74 28
74 29
74 31
74 34
74 37
74 40
74 45
74 46
74 48
74 50
74 52
74 56
74 63
74 66
74 68
74 69
74 70
74 73
74 77
74 82
74 83
74 88
74 89
74 90
74 94
74 95
74 103
74 107
74 110
74 111
74 112
74 116
74 119
74 122
74 127
75 1
75 2
75 5
75 7
75 13
75 18
75 21
75 23
75 31
75 32
75 33
75 34
75 36
75 39
75 44
75 45
75 51
75 52
75 55
75 59
75 70
75 75
75 76
75 80
75 81
75 83
75 87
75 92
75 93
75 95
75 96
75 99
75 107
75 108
75 109
75 110
75 111
75 114
75 117
75 119
75 126
76 2
76 5
76 15
76 16
76 17
76 18
76 22
76 24
76 25
76 42
76 50
76 60
76 61
76 63
76 64
76 72
76 78
76 80
76 85
76 87
76 100
76 105
76 107
76 115
76 116
76 118
76 119
76 123
77 3
77 5
77 6
77 19
77 20
77 21
77 22
77 25
77 27
77 28
77 31
77 36
77 40
77 42
77 47
77 48
77 49
77 54
77 55
77 58
77 68
77 70
77 71
77 73
77 74
77 76
77 83
77 84
77 85
77 89
77 90
77 91
77 94
77 105
77 106
77 116
77 125
77 126
78 2
78 4
78 5
78 6
78 8
78 11
78 13
78 17
78 21
78 22
78 24
78 29
78 31
78 37
78 39
78 45
78 46
78 51
78 53
78 55
78 56
78 61
78 67
78 68
78 76
78 78
78 91
78 99
78 105
78 108
78 111
78 112
78 118
78 119
79 2
79 5
79 10
79 11
79 19
79 20
79 23
79 24
79 26
79 27
79 35
79 38
79 44
79 46
79 50
79 56
79 57
79 60
79 62
79 68
79 77
79 78
79 79
79 82
79 83
79 84
79 87
79 89
79 94
79 103
79 106
79 107
79 114
79 116
79 120
79 121
79 123
80 1
80 6
80 9
80 14
80 23
80 31
80 32
80 34
80 35
80 37
80 48
80 56
80 65
80 67
80 68
80 71
80 76
80 78
80 79
80 81
80 82
80 85
80 95
80 96
80 112
80 114
80 117
80 120
80 121
80 122
80 125
80 126
81 0
81 6
81 10
81 11
81 13
81 14
81 17
81 23
81 24
81 25
81 26
81 30
81 32
81 36
81 40
81 42
81 43
81 44
81 47
81 48
81 49
81 52
81 56
81 59
81 66
81 68
81 75
81 79
81 83
81 84
81 85
81 87
81 89
81 90
81 96
81 98
81 101
81 102
81 107
81 108
81 111
81 112
81 118
81 121
81 123
81 125
81 126
82 1
82 4
82 6
82 11
82 13
82 22
82 25
82 35
82 45
82 48
82 49
82 54
82 58
82 67
82 69
82 71
82 73
82 76
82 79
82 80
82 81
82 84
82 85
82 92
82 93
82 94
82 97
82 100
82 101
82 104
82 106
82 110
82 118
82 119
82 120
82 122
82 126
83 1
83 4
83 10
83 11
83 15
83 16
83 19
83 25
83 31
83 36
83 42
83 43
83 44
83 46
83 59
83 63
83 64
83 68
83 74
83 76
83 77
83 78
83 79
83 81
83 82
83 83
83 84
83 88
83 89
83 92
83 95
83 96
83 98
83 104
83 111
83 113
83 114
83 115
83 116
83 120
83 122
83 123
83 125
84 1
84 2
84 3
84 7
84 9
84 10
84 12
84 20
84 21
84 24
84 25
84 31
84 34
84 37
84 43
84 48
84 54
84 57
84 58
84 59
84 61
84 62
84 63
84 64
84 68
84 69
84 75
84 80
84 83
84 87
84 88
84 96
84 99
84 103
84 108
84 110
84 114
84 117
84 118
84 121
84 125
85 3
85 4
85 5
85 8
85 10
85 14
85 16
85 21
85 22
85 23
85 26
85 29
85 32
85 35
85 51
85 54
85 56
85 68
85 70
85 72
85 80
85 81
85 83
85 84
85 87
85 91
85 93
85 97
85 98
85 108
85 119
85 121
85 127
86 8
86 14
86 18
86 29
86 32
86 37
86 43
86 45
86 54
86 55
86 58
86 60
86 61
86 63
86 70
86 73
86 76
86 81
86 83
86 94
86 95
86 101
86 107
86 110
86 111
86 116
86 119
86 121
86 123
86 124
86 125
86 127
87 11
87 12
87 21
87 25
87 26
87 47
87 48
87 50
87 51
87 52
87 55
87 57
87 63
87 70
87 78
87 79
87 80
87 82
87 84
87 86
87 87
87 94
87 97
87 100
87 117
87 119
87 120
87 122
87 126
87 127
88 1
88 5
88 11
88 17
88 21
88 27
88 36
88 43
88 49
88 50
88 51
88 53
88 56
88 74
88 75
88 79
88 81
88 82
88 83
88 88
88 95
88 96
88 99
88 104
88 106
88 115
88 119
88 121
89 3
89 7
89 9
89 14
89 18
89 22
89 23
89 24
89 25
89 27
89 29
89 30
89 32
89 35
89 36
89 39
89 42
89 48
89 49
89 52
89 53
89 55
89 59
89 60
89 63
89 64
89 69
89 72
89 73
89 78
89 89
89 90
89 91
89 92
89 93
89 94
89 95
89 96
89 97
89 101
89 104
89 105
89 106
89 107
89 112
89 114
89 123
89 125
89 126
90 0
90 6
90 7
90 11
90 15
90 16
90 21
90 22
90 24
90 27
90 28
90 31
90 35
90 39
90 45
90 48
90 50
90 51
90 53
90 55
90 56
90 59
90 65
90 66
90 68
90 69
90 72
90 73
90 79
90 80
90 92
90 93
90 103
90 105
90 118
90 122
90 123
90 124
91 0
91 4
91 8
91 13
91 14
91 16
91 18
91 24
91 25
91 30
91 31
91 38
91 39
91 41
91 49
91 50
91 52
91 53
91 54
91 59
91 64
91 65
91 69
91 71
91 74
91 76
91 77
91 81
91 83
91 84
91 86
91 92
91 97
91 98
91 99
91 103
91 112
91 113
91 116
91 119
91 125
91 127
92 1
92 5
92 8
92 10
92 18
92 32
92 36
92 38
92 40
92 43
92 46
92 49
92 50
92 51
92 56
92 58
92 59
92 61
92 65
92 67
92 68
92 69
92 70
92 72
92 73
92 74
92 77
92 78
92 79
92 80
92 84
92 87
92 107
92 111
92 117
92 120
93 2
93 3
93 5
93 12
93 13
93 16
93 19
93 21
93 23
93 27
93 30
93 34
93 37
93 38
93 39
93 41
93 42
93 50
93 53
93 56
93 59
93 63
93 69
93 73
93 76
93 80
93 83
93 84
93 85
93 95
93 97
93 98
93 107
93 108
93 110
93 111
93 113
93 116
93 118
93 127
94 3
94 7
94 11
94 12
94 14
94 17
94 19
94 24
94 25
94 29
94 32
94 36
94 37
94 42
94 45
94 50
94 55
94 58
94 61
94 67
94 68
94 71
94 72
94 73
94 74
94 81
94 82
94 84
94 87
94 88
94 89
94 91
94 92
94 95
94 103
94 108
94 111
94 112
94 118
94 120
94 125
94 126
95 2
95 6
95 8
95 11
95 18
95 19
95 20
95 22
95 24
95 26
95 28
95 31
95 34
95 35
95 40
95 41
95 42
95 50
95 52
95 54
95 60
95 61
95 65
95 66
95 72
95 80
95 82
95 85
95 90
95 92
95 93
95 97
95 101
95 102
95 103
95 105
95 106
95 107
95 112
95 116
95 120
95 126
96 1
96 4
96 5
96 6
96 8
96 10
96 11
96 12
96 13
96 14
96 16
96 19
96 22
96 23
96 25
96 27
96 31
96 35
96 38
96 40
96 43
96 50
96 51
96 52
96 55
96 56
96 64
96 65
96 76
96 78
96 87
96 88
96 98
96 104
96 109
96 110
96 113
96 115
96 116
96 117
96 119
96 121
96 127
97 1
97 9
97 11
97 12
97 14
97 15
97 18
97 19
97 23
97 26
97 32
97 33
97 35
97 36
97 38
97 40
97 42
97 43
97 46
97 48
97 49
97 66
97 67
97 68
97 72
97 73
97 75
97 76
97 82
97 85
97 89
97 98
97 114
97 116
97 122
97 126
98 0
98 1
98 5
98 7
98 9
98 12
98 16
98 22
98 24
98 26
98 30
98 34
98 35
98 37
98 39
98 42
98 45
98 46
98 50
98 56
98 58
98 62
98 67
98 71
98 72
98 74
98 76
98 78
98 79
98 80
98 83
98 84
98 85
98 87
98 93
98 94
98 100
98 101
98 104
98 107
98 108
98 109
98 111
98 112
98 116
98 119
98 120
98 121
98 123
98 124
99 7
99 8
99 9
99 14
99 18
99 20
99 21
99 23
99 29
99 34
99 37
99 39
99 40
99 45
99 49
99 55
99 59
99 68
99 73
99 87
99 92
99 94
99 96
99 99
99 100
99 101
99 103
99 112
99 114
99 118
99 122
99 123
100 2
100 5
100 8
100 11
100 12
100 14
100 20
100 22
100 25
100 26
100 30
100 32
100 33
100 39
100 40
100 45
100 47
100 49
100 52
100 60
100 71
100 72
100 74
100 75
100 76
100 77
100 78
100 81
100 83
100 88
100 93
100 96
100 97
100 98
100 99
100 101
100 102
100 104
100 105
100 106
100 108
100 109
100 110
100 123
100 125
100 127
101 0
101 1
101 3
101 4
101 5
101 6
101 7
101 11
101 15
101 16
101 26
101 28
101 33
101 35
101 38
101 40
101 42
101 49
101 51
101 55
101 62
101 63
101 64
101 69
101 72
101 74
101 79
101 81
101 89
101 90
101 91
101 94
101 97
101 99
101 100
101 101
101 111
101 113
101 114
101 115
101 125
102 0
102 1
102 2
102 7
102 8
102 9
102 11
102 17
102 18
102 20
102 21
102 24
102 25
102 28
102 29
102 35
102 46
102 48
102 50
102 52
102 53
102 56
102 59
102 60
102 67
102 68
102 71
102 72
102 73
102 74
102 76
102 81
102 83
102 85
102 88
102 89
102 94
102 97
102 99
102 101
102 104
102 105
102 107
102 111
102 112
102 114
102 119
102 126
103 0
103 2
103 3
103 5
103 6
103 7
103 8
103 9
103 11
103 17
103 19
103 21
103 27
103 34
103 37
103 40
103 49
103 52
103 58
103 60
103 61
103 63
103 73
103 76
103 77
103 78
103 79
103 80
103 83
103 87
103 88
103 95
103 96
103 99
103 103
103 108
103 114
103 120
103 127
104 0
104 1
104 2
104 4
104 6
104 9
104 12
104 16
104 19
104 22
104 25
104 29
104 30
104 36
104 42
104 49
104 50
104 52
104 56
104 57
104 68
104 70
104 72
104 74
104 78
104 79
104 80
104 82
104 90
104 98
104 99
104 103
104 110
104 113
104 114
104 115
104 120
104 121
104 124
104 126
105 4
105 11
105 12
105 16
105 18
105 22
105 23
105 24
105 28
105 29
105 30
105 31
105 33
105 37
105 39
105 40
105 41
105 49
105 52
105 68
105 85
105 86
105 91
105 93
105 95
105 96
105 98
105 101
105 104
105 106
105 107
105 111
105 114
105 118
105 119
105 121
105 122
105 124
105 126
106 13
106 14
106 16
106 17
106 18
106 21
106 22
106 23
106 28
106 39
106 44
106 48
106 49
106 50
106 51
106 57
106 61
106 65
106 72
106 74
106 76
106 85
106 90
106 95
106 99
106 101
106 102
106 106
106 109
106 110
106 112
106 113
106 116
106 117
106 120
106 122
106 124
106 126
107 0
107 1
107 10
107 12
107 15
107 18
107 20
107 23
107 26
107 29
107 37
107 46
107 53
107 56
107 64
107 66
107 67
107 68
107 73
107 79
107 82
107 86
107 87
107 88
107 94
107 95
107 96
107 97
107 100
107 111
107 112
107 120
107 123
108 3
108 9
108 12
108 13
108 16
108 34
108 37
108 39
108 41
108 43
108 45
108 47
108 48
108 63
108 69
108 71
108 72
108 75
108 78
108 88
108 91
108 95
108 100
108 105
108 107
108 108
108 111
108 112
108 119
108 125
108 127
109 1
109 2
109 9
109 10
109 14
109 18
109 20
109 25
109 28
109 29
109 30
109 31
109 32
109 36
109 37
109 38
109 41
109 44
109 45
109 51
109 53
109 55
109 56
109 61
109 66
109 71
109 72
109 86
109 87
109 88
109 92
109 104
109 106
109 107
109 109
109 110
109 111
109 115
109 117
109 118
109 121
109 126
110 2
110 3
110 4
110 7
110 11
110 14
110 15
110 19
110 21
110 25
110 28
110 32
110 35
110 40
110 44
110 46
110 47
110 48
110 49
110 51
110 54
110 55
110 56
110 59
110 72
110 76
110 78
110 79
110 81
110 85
110 114
110 115
110 120
111 10
111 14
111 17
111 19
111 24
111 25
111 26
111 28
111 29
111 42
111 43
111 54
111 55
111 56
111 59
111 60
111 65
111 67
111 70
111 72
111 74
111 76
111 77
111 78
111 81
111 82
111 89
111 91
111 94
111 95
111 97
111 98
111 100
111 105
111 106
111 107
111 114
111 117
111 119
111 125
112 0
112 5
112 6
112 12
112 18
112 19
112 20
112 39
112 42
112 50
112 53
112 54
112 55
112 61
112 68
112 70
112 72
112 75
112 79
112 82
112 85
112 86
112 87
112 91
112 95
112 97
112 109
112 111
112 113
112 115
112 119
112 122
112 125
113 0
113 4
113 7
113 9
113 13
113 23
113 27
113 28
113 33
113 38
113 41
113 42
113 45
113 49
113 53
113 54
113 59
113 62
113 64
113 66
113 68
113 70
113 77
113 79
113 80
113 85
113 88
113 96
113 99
113 101
113 105
113 106
113 107
113 113
113 115
113 118
113 120
114 0
114 10
114 16
114 22
114 23
114 28
114 30
114 31
114 34
114 43
114 50
114 56
114 57
114 58
114 60
114 61
114 64
114 67
114 75
114 76
114 79
114 80
114 83
114 85
114 86
114 87
114 89
114 91
114 94
114 96
114 97
114 101
114 102
114 105
114 106
114 110
114 112
114 115
114 118
114 120
114 123
114 127
115 2
115 3
115 5
115 10
115 14
115 15
115 26
115 41
115 42
115 44
115 46
115 49
115 56
115 60
115 63
115 65
115 71
115 74
115 75
115 80
115 81
115 89
115 94
115 100
115 104
115 105
115 109
115 116
115 118
115 120
115 121
115 122
115 124
115 125
116 2
116 6
116 9
116 24
116 27
116 37
116 38
116 40
116 49
116 51
116 53
116 55
116 59
116 61
116 62
116 64
116 81
116 85
116 86
116 87
116 91
116 92
116 94
116 97
116 100
116 103
116 107
116 108
116 113
116 120
116 121
116 123
117 0
117 7
117 15
117 21
117 42
117 43
117 48
117 50
117 51
117 53
117 54
117 59
117 68
117 69
117 72
117 73
117 74
117 75
117 76
117 77
117 85
117 86
117 92
117 93
117 100
117 102
117 104
117 105
117 108
117 111
117 123
118 6
118 7
118 8
118 10
118 12
118 21
118 23
118 25
118 27
118 32
118 34
118 40
118 43
118 49
118 52
118 53
118 54
118 56
118 68
118 69
118 71
118 72
118 76
118 79
118 81
118 90
118 96
118 97
118 99
118 101
118 104
118 105
118 107
118 109
118 111
118 115
118 118
118 122
118 126
119 0
119 6
119 15
119 27
119 29
119 32
119 39
119 41
119 44
119 46
119 48
119 50
119 56
119 57
119 69
119 70
119 76
119 77
119 78
119 79
119 80
119 83
119 86
119 90
119 93
119 96
119 99
119 102
119 103
119 104
119 108
119 110
119 111
119 112
119 116
119 117
119 119
119 125
120 2
120 6
120 10
120 11
120 17
120 18
120 20
120 21
120 22
120 25
120 26
120 28
120 32
120 33
120 34
120 35
120 43
120 44
120 50
120 57
120 58
120 60
120 63
120 66
120 70
120 72
120 78
120 79
120 86
120 91
120 98
120 99
120 101
120 104
120 107
120 113
120 114
120 116
120 126
120 127
121 5
121 10
121 11
121 13
121 16
121 20
121 21
121 22
121 25
121 26
121 29
121 30
121 34
121 35
121 36
121 42
121 48
121 52
121 53
121 60
121 61
121 62
121 71
121 76
121 85
121 92
121 100
121 106
121 107
121 108
121 117
121 123
121 124
121 127
122 2
122 5
122 7
122 9
122 11
122 14
122 30
122 41
122 45
122 49
122 52
122 54
122 55
122 60
122 61
122 63
122 68
122 76
122 77
122 79
122 84
122 86
122 87
122 93
122 96
122 100
122 101
122 103
122 104
122 107
122 108
122 112
122 114
122 115
122 116
122 119
122 120
122 121
122 122
122 124
122 125
122 127
123 1
123 5
123 11
123 15
123 22
123 25
123 28
123 34
123 35
123 38
123 40
123 41
123 47
123 49
123 51
123 54
123 55
123 57
123 59
123 66
123 70
123 74
123 75
123 76
123 79
123 81
123 87
123 89
123 93
123 95
123 100
123 102
123 103
123 106
123 109
123 111
123 114
123 115
123 116
123 118
123 122
123 123
123 125
123 127
124 0
124 1
124 5
124 10
124 20
124 21
124 27
124 32
124 33
124 35
124 36
124 41
124 43
124 44
124 49
124 50
124 58
124 62
124 63
124 64
124 67
124 74
124 75
124 77
124 82
124 85
124 86
124 88
124 93
124 95
124 98
124 102
124 103
124 104
124 106
124 107
124 108
124 110
124 114
124 117
124 118
124 119
124 121
124 124
124 125
125 1
125 2
125 3
125 5
125 6
125 10
125 14
125 17
125 19
125 23
125 24
125 29
125 37
125 38
125 44
125 45
125 62
125 64
125 69
125 71
125 73
125 75
125 76
125 77
125 79
125 84
125 87
125 88
125 90
125 91
125 96
125 99
125 101
125 106
125 108
125 109
125 111
125 113
125 115
125 118
125 125
126 7
126 12
126 17
126 18
126 21
126 32
126 34
126 39
126 40
126 41
126 52
126 55
126 57
126 58
126 61
126 63
126 70
126 73
126 74
126 76
126 77
126 92
126 96
126 100
126 105
126 107
126 109
126 110
126 113
126 114
126 116
126 121
126 124
126 127
127 0
127 2
127 4
127 6
127 7
127 10
127 12
127 13
127 15
127 16
127 17
127 18
127 20
127 21
127 25
127 26
127 31
127 32
127 34
127 35
127 36
127 40
127 46
127 48
127 51
127 54
127 57
127 62
127 63
127 64
127 66
127 70
127 73
127 76
127 80
127 83
127 86
127 89
127 93
127 101
127 103
127 105
127 106
127 109
127 111
127 112
127 114
127 115
127 116
127 118
127 120
127 121
127 124
