0 6
0 25
0 27
0 28
0 29
0 31
0 32
0 33
0 60
0 61
0 73
0 75
0 77
0 81
0 87
0 90
0 106
0 109
0 117
0 119
0 120
1 17
1 18
1 20
1 31
1 46
1 52
1 63
1 66
1 68
1 72
1 76
1 83
1 85
1 92
1 96
1 97
1 98
1 103
1 104
2 2
2 7
2 13
2 14
2 22
2 28
2 37
2 54
2 56
2 62
2 64
2 70
2 75
2 76
2 83
2 86
2 100
2 103
2 106
2 112
3 0
3 6
3 9
3 11
3 24
3 25
3 33
3 44
3 60
3 63
3 72
3 95
3 106
3 111
3 115
3 119
3 122
4 3
4 24
4 33
4 36
4 38
4 41
4 45
4 47
4 48
4 62
4 63
4 67
4 71
4 78
4 98
4 102
4 104
4 106
4 107
4 122
5 6
5 8
5 9
5 10
5 20
5 34
5 39
5 41
5 44
5 52
5 54
5 63
5 70
5 71
5 77
5 86
5 94
5 98
5 99
5 104
5 110
5 112
5 119
5 123
6 5
6 7
6 8
6 10
6 15
6 23
6 25
6 26
6 29
6 37
6 41
6 53
6 56
6 58
6 60
6 72
6 74
6 77
6 93
6 100
6 101
6 107
6 113
6 115
6 119
7 1
7 6
7 9
7 15
7 22
7 29
7 43
7 63
7 86
7 92
7 97
7 104
7 109
7 110
7 122
7 123
7 124
7 125
8 1
8 19
8 24
8 25
8 28
8 31
8 34
8 43
8 50
8 55
8 57
8 58
8 64
8 67
8 79
8 92
8 95
8 125
9 1
9 8
9 10
9 14
9 16
9 25
9 32
9 40
9 49
9 51
9 61
9 80
9 82
9 88
9 93
9 98
9 102
9 107
10 7
10 9
10 10
10 22
10 37
10 48
10 54
10 56
10 57
10 61
10 66
10 68
10 75
10 82
10 90
10 99
10 120
10 124
10 126
11 45
11 52
11 53
11 64
11 67
11 70
11 72
11 79
11 87
11 94
11 97
11 98
11 101
11 110
11 127
12 2
12 7
12 18
12 20
12 30
12 35
12 46
12 53
12 56
12 70
12 80
12 83
12 115
12 117
13 5
13 7
13 13
13 21
13 22
13 32
13 40
13 42
13 52
13 59
13 67
13 80
13 82
13 91
13 97
13 100
13 102
13 114
13 118
13 122
14 2
14 3
14 8
14 9
14 13
14 15
14 17
14 25
14 38
14 40
14 44
14 46
14 50
14 54
14 55
14 56
14 67
14 70
14 71
14 76
14 82
14 83
14 85
14 86
14 88
14 102
14 115
14 127
15 2
15 3
15 5
15 13
15 22
15 24
15 35
15 36
15 45
15 49
15 68
15 71
15 88
15 91
15 93
15 97
15 103
15 106
15 109
15 110
15 124
16 4
16 15
16 16
16 27
16 34
16 37
16 42
16 47
16 51
16 53
16 60
16 77
16 78
16 88
16 90
16 93
16 103
16 122
16 123
16 126
17 2
17 4
17 6
17 20
17 24
17 42
17 55
17 56
17 57
17 61
17 67
17 68
17 71
17 75
17 77
17 83
17 86
17 87
17 100
17 101
17 108
17 109
17 112
18 10
18 17
18 20
18 26
18 27
18 33
18 34
18 39
18 42
18 43
18 51
18 70
18 88
18 91
18 102
18 105
18 106
18 107
18 118
19 1
19 7
19 13
19 17
19 23
19 24
19 32
19 33
19 35
19 38
19 48
19 53
19 54
19 60
19 67
19 77
19 80
19 88
19 94
19 117
19 126
20 4
20 10
20 17
20 22
20 29
20 32
20 40
20 41
20 47
20 48
20 58
20 62
20 63
20 65
20 75
20 81
20 84
20 86
20 96
20 99
20 106
20 111
20 119
20 123
20 124
20 127
21 7
21 10
21 34
21 42
21 43
21 47
21 54
21 80
21 83
21 85
21 100
21 106
21 113
21 127
22 4
22 16
22 18
22 20
22 23
22 25
22 26
22 27
22 31
22 33
22 41
22 50
22 58
22 59
22 61
22 65
22 68
22 72
22 76
22 82
22 86
22 97
22 109
22 117
22 123
22 124
22 125
23 9
23 10
23 19
23 28
23 29
23 41
23 44
23 50
23 58
23 65
23 93
23 101
23 113
23 116
24 4
24 7
24 9
24 13
24 23
24 24
24 34
24 37
24 54
24 63
24 70
24 75
24 89
24 91
24 97
24 106
24 112
24 115
24 120
24 122
24 126
25 14
25 18
25 20
25 27
25 30
25 56
25 59
25 60
25 64
25 67
25 73
25 81
25 88
25 98
25 99
25 100
25 118
25 120
25 127
26 4
26 7
26 11
26 12
26 15
26 20
26 31
26 33
26 49
26 53
26 59
26 70
26 75
26 91
26 93
26 94
26 98
26 103
26 104
26 123
26 125
26 127
27 0
27 8
27 9
27 12
27 15
27 30
27 41
27 42
27 43
27 48
27 49
27 50
27 58
27 62
27 66
27 67
27 75
27 79
27 83
27 90
27 110
27 111
27 112
27 113
27 116
28 3
28 4
28 5
28 10
28 26
28 62
28 64
28 65
28 67
28 77
28 82
28 91
28 93
28 96
28 98
28 117
28 118
28 124
29 6
29 16
29 18
29 28
29 33
29 46
29 53
29 55
29 62
29 81
29 83
29 92
29 106
29 111
29 114
30 3
30 10
30 11
30 19
30 28
30 33
30 36
30 42
30 47
30 50
30 54
30 55
30 63
30 64
30 72
30 76
30 78
30 114
30 115
30 116
30 127
31 1
31 4
31 11
31 12
31 22
31 23
31 27
31 29
31 43
31 46
31 48
31 57
31 61
31 63
31 96
31 101
31 110
31 124
32 14
32 15
32 16
32 19
32 27
32 28
32 30
32 33
32 43
32 60
32 64
32 65
32 67
32 74
32 91
32 98
32 100
32 103
32 106
32 113
32 114
33 5
33 11
33 14
33 17
33 26
33 33
33 36
33 49
33 53
33 54
33 57
33 58
33 60
33 79
33 86
33 89
33 94
33 96
33 104
33 108
33 119
33 120
33 121
33 126
34 2
34 7
34 17
34 26
34 28
34 34
34 48
34 51
34 53
34 60
34 70
34 76
34 81
34 89
34 104
34 105
34 112
34 116
34 124
34 125
35 8
35 17
35 19
35 21
35 31
35 33
35 34
35 42
35 43
35 46
35 49
35 53
35 56
35 69
35 86
35 93
35 94
35 113
35 116
35 123
35 124
36 3
36 12
36 14
36 16
36 23
36 28
36 32
36 45
36 46
36 58
36 61
36 66
36 74
36 84
36 88
36 99
36 101
36 121
36 124
36 125
37 8
37 19
37 21
37 25
37 29
37 38
37 39
37 43
37 58
37 60
37 61
37 69
37 75
37 85
37 86
37 94
37 97
37 104
37 108
37 111
37 113
37 125
38 2
38 7
38 15
38 17
38 18
38 20
38 21
38 23
38 24
38 28
38 50
38 70
38 78
38 91
38 98
38 103
39 3
39 21
39 28
39 30
39 37
39 45
39 50
39 58
39 59
39 61
39 69
39 71
39 78
39 86
39 89
39 95
39 98
39 105
39 112
40 7
40 22
40 24
40 26
40 28
40 56
40 62
40 64
40 83
40 94
40 101
40 116
40 119
41 1
41 7
41 11
41 16
41 23
41 39
41 45
41 52
41 53
41 54
41 59
41 87
41 101
41 103
41 113
41 114
41 123
42 0
42 3
42 11
42 18
42 24
42 29
42 31
42 33
42 40
42 59
42 60
42 70
42 80
42 90
42 92
42 93
42 97
42 98
42 99
42 101
42 103
42 108
42 122
42 125
43 4
43 16
43 19
43 26
43 29
43 39
43 58
43 63
43 64
43 67
43 69
43 71
43 72
43 83
43 90
43 93
43 94
43 103
43 113
43 117
43 119
43 120
44 1
44 5
44 22
44 23
44 27
44 33
44 41
44 45
44 47
44 62
44 81
44 86
44 88
44 99
44 106
45 2
45 13
45 22
45 26
45 28
45 39
45 40
45 41
45 63
45 65
45 83
45 85
45 89
45 94
45 98
45 114
45 116
45 123
45 127
46 0
46 7
46 9
46 11
46 16
46 21
46 23
46 32
46 35
46 40
46 49
46 60
46 65
46 66
46 93
46 108
46 122
47 2
47 14
47 20
47 26
47 28
47 39
47 56
47 59
47 65
47 72
47 74
47 77
47 80
47 81
47 86
47 92
47 94
47 95
47 103
47 115
47 121
48 1
48 2
48 5
48 6
48 13
48 18
48 23
48 27
48 28
48 29
48 39
48 41
48 45
48 69
48 70
48 84
48 87
48 95
48 103
48 107
48 113
48 124
49 17
49 19
49 24
49 34
49 37
49 40
49 49
49 51
49 55
49 65
49 71
49 73
49 76
49 80
49 83
49 95
49 97
49 104
49 106
49 108
49 111
49 118
50 5
50 8
50 13
50 18
50 25
50 31
50 43
50 70
50 71
50 72
50 73
50 82
50 86
50 90
50 94
50 124
51 2
51 5
51 11
51 25
51 32
51 40
51 44
51 46
51 49
51 51
51 63
51 69
51 75
51 77
51 81
51 84
51 100
51 106
51 115
51 118
51 119
51 123
52 2
52 5
52 8
52 9
52 15
52 26
52 41
52 43
52 60
52 66
52 71
52 74
52 79
52 99
52 115
53 7
53 21
53 29
53 37
53 40
53 46
53 48
53 60
53 63
53 71
53 74
53 106
53 112
53 123
54 26
54 50
54 53
54 60
54 88
54 89
54 99
54 109
54 119
54 122
55 8
55 18
55 28
55 31
55 42
55 46
55 47
55 49
55 67
55 75
55 94
55 95
55 103
55 106
55 107
55 119
55 121
55 122
56 18
56 27
56 28
56 31
56 34
56 36
56 41
56 45
56 52
56 56
56 60
56 66
56 79
56 85
56 91
56 98
56 102
56 116
56 119
56 121
56 126
57 8
57 19
57 20
57 22
57 30
57 31
57 32
57 35
57 46
57 62
57 67
57 74
57 96
57 99
57 114
57 118
58 4
58 6
58 16
58 20
58 31
58 32
58 35
58 40
58 43
58 48
58 58
58 59
58 60
58 61
58 64
58 69
58 70
58 75
58 81
58 91
58 92
58 94
58 126
58 127
59 2
59 9
59 15
59 25
59 42
59 48
59 49
59 64
59 91
59 119
59 125
60 2
60 7
60 8
60 12
60 19
60 20
60 26
60 38
60 46
60 57
60 58
60 70
60 89
60 98
60 106
60 110
60 120
60 125
60 126
61 2
61 14
61 18
61 27
61 34
61 37
61 48
61 55
61 56
61 64
61 68
61 71
61 76
61 96
61 97
61 104
61 107
61 111
61 113
61 124
61 126
61 127
62 1
62 3
62 12
62 27
62 30
62 32
62 33
62 39
62 43
62 44
62 47
62 55
62 56
62 57
62 60
62 79
62 81
62 86
62 87
62 91
62 92
62 97
62 114
62 118
62 120
62 126
62 127
63 4
63 9
63 10
63 13
63 33
63 34
63 59
63 67
63 73
63 86
63 89
63 97
63 100
63 102
63 106
63 108
63 119
63 120
64 3
64 6
64 12
64 15
64 28
64 43
64 63
64 66
64 70
64 72
64 73
64 90
64 122
65 6
65 12
65 13
65 14
65 24
65 25
65 36
65 49
65 56
65 61
65 65
65 68
65 70
65 73
65 75
65 101
65 113
65 114
65 123
65 124
66 7
66 10
66 15
66 17
66 25
66 33
66 44
66 50
66 54
66 59
66 68
66 72
66 93
66 95
66 99
66 121
67 6
67 11
67 31
67 34
67 39
67 45
67 48
67 52
67 61
67 64
67 67
67 84
67 93
67 103
67 122
67 127
68 2
68 9
68 13
68 27
68 28
68 34
68 36
68 46
68 49
68 60
68 71
68 72
68 79
68 89
68 100
68 121
69 4
69 6
69 9
69 12
69 13
69 14
69 20
69 26
69 37
69 39
69 43
69 45
69 52
69 57
69 61
69 68
69 74
69 90
69 98
69 117
69 121
69 126
70 0
70 5
70 12
70 13
70 25
70 30
70 47
70 49
70 56
70 62
70 68
70 76
70 93
70 100
71 5
71 14
71 29
71 44
71 48
71 61
71 62
71 67
71 72
71 74
71 82
71 90
71 97
71 113
71 118
71 126
72 2
72 7
72 13
72 20
72 27
72 34
72 35
72 38
72 45
72 46
72 48
72 51
72 53
72 54
72 57
72 58
72 60
72 66
72 68
72 73
72 76
72 77
72 111
72 117
72 122
72 124
73 0
73 4
73 5
73 8
73 10
73 12
73 30
73 39
73 44
73 52
73 58
73 71
73 84
73 91
73 92
73 97
73 103
73 111
73 114
74 9
74 14
74 19
74 21
74 36
74 40
74 43
74 44
74 49
74 74
74 76
74 77
74 78
74 81
74 88
74 97
74 106
74 108
74 112
74 116
74 119
75 0
75 12
75 16
75 17
75 18
75 22
75 23
75 27
75 28
75 30
75 34
75 37
75 46
75 49
75 53
75 57
75 69
75 74
75 75
75 78
75 87
75 102
75 112
75 113
75 126
76 1
76 11
76 14
76 15
76 37
76 41
76 43
76 45
76 60
76 62
76 67
76 71
76 73
76 79
76 80
76 84
76 86
76 100
76 103
76 115
76 122
76 124
77 4
77 6
77 18
77 59
77 63
77 73
77 80
77 87
77 97
77 102
77 104
77 107
77 110
77 119
77 126
78 8
78 11
78 28
78 37
78 38
78 50
78 58
78 62
78 65
78 82
78 95
78 103
78 106
78 118
79 7
79 12
79 15
79 20
79 23
79 26
79 29
79 30
79 33
79 40
79 49
79 50
79 57
79 58
79 86
79 98
79 101
79 114
79 125
80 18
80 27
80 29
80 35
80 36
80 37
80 38
80 41
80 46
80 49
80 52
80 55
80 58
80 79
80 86
80 100
80 110
81 2
81 7
81 14
81 18
81 22
81 43
81 45
81 46
81 50
81 55
81 66
81 68
81 75
81 76
81 78
81 81
81 83
81 86
81 101
81 102
81 103
81 123
82 2
82 14
82 25
82 35
82 52
82 58
82 65
82 74
82 83
82 88
82 100
82 104
82 107
82 108
82 121
82 124
82 125
83 14
83 20
83 26
83 31
83 33
83 40
83 41
83 49
83 67
83 71
83 73
83 75
83 79
83 80
83 85
83 96
83 116
83 119
83 122
83 124
84 4
84 23
84 24
84 60
84 63
84 71
84 74
84 83
84 84
84 88
84 93
84 113
84 114
84 123
84 127
85 5
85 10
85 18
85 21
85 24
85 25
85 26
85 37
85 61
85 62
85 71
85 72
85 78
85 87
85 90
85 91
85 105
85 113
85 117
85 121
85 122
86 8
86 9
86 14
86 15
86 32
86 36
86 46
86 50
86 51
86 70
86 75
86 88
86 89
86 90
86 94
86 106
86 107
86 113
87 6
87 12
87 26
87 30
87 39
87 63
87 92
87 100
87 111
87 114
87 124
87 125
88 4
88 8
88 12
88 40
88 42
88 45
88 46
88 47
88 48
88 51
88 52
88 55
88 59
88 75
88 81
88 87
88 90
88 95
88 100
88 113
88 116
88 118
88 125
89 3
89 11
89 14
89 16
89 20
89 36
89 37
89 41
89 47
89 55
89 65
89 66
89 69
89 90
89 91
89 95
89 101
89 105
89 118
90 3
90 4
90 6
90 12
90 20
90 50
90 59
90 75
90 79
90 87
90 90
90 100
90 101
90 106
90 116
90 121
90 123
91 1
91 8
91 19
91 20
91 26
91 28
91 36
91 39
91 51
91 53
91 56
91 60
91 64
91 94
91 96
91 101
91 104
91 110
92 1
92 6
92 11
92 20
92 38
92 42
92 46
92 47
92 50
92 52
92 57
92 69
92 71
92 83
92 92
92 103
92 110
92 116
92 120
93 4
93 6
93 14
93 20
93 34
93 40
93 47
93 70
93 76
93 90
93 94
93 95
93 102
93 105
93 108
93 116
93 117
93 124
94 30
94 39
94 40
94 42
94 43
94 45
94 50
94 55
94 60
94 61
94 63
94 75
94 87
94 90
94 91
94 92
94 94
94 99
94 102
94 103
94 111
94 112
94 115
94 123
95 6
95 11
95 12
95 18
95 25
95 27
95 36
95 38
95 43
95 48
95 60
95 65
95 67
95 69
95 78
95 85
95 99
95 103
95 104
95 105
95 120
95 126
96 8
96 10
96 14
96 31
96 43
96 54
96 60
96 64
96 69
96 78
96 80
96 81
96 89
96 103
96 114
96 116
96 125
97 2
97 5
97 6
97 11
97 14
97 25
97 32
97 42
97 44
97 49
97 53
97 58
97 61
97 66
97 74
97 87
97 91
97 104
97 107
97 113
97 118
97 122
98 7
98 11
98 14
98 15
98 36
98 44
98 48
98 61
98 64
98 66
98 76
98 79
98 95
98 98
98 101
98 107
98 112
99 18
99 20
99 21
99 23
99 24
99 26
99 29
99 34
99 50
99 59
99 76
99 85
99 86
99 104
99 110
99 124
100 0
100 1
100 14
100 21
100 28
100 29
100 30
100 36
100 42
100 47
100 55
100 60
100 62
100 67
100 79
100 90
100 91
100 98
100 100
100 101
100 104
100 106
100 121
100 122
100 127
101 5
101 30
101 32
101 34
101 41
101 55
101 61
101 65
101 69
101 78
101 86
101 93
101 94
101 97
101 101
101 105
101 107
101 108
101 109
101 116
101 120
101 122
102 24
102 33
102 49
102 52
102 57
102 58
102 59
102 60
102 61
102 71
102 85
102 91
102 97
102 99
102 102
102 103
102 107
102 111
102 124
103 0
103 6
103 7
103 13
103 22
103 27
103 35
103 50
103 66
103 70
103 76
103 78
103 80
103 85
103 86
103 89
103 106
103 107
103 109
103 112
103 121
103 122
103 126
104 3
104 4
104 21
104 28
104 29
104 48
104 51
104 56
104 57
104 69
104 70
104 77
104 86
104 89
104 94
104 98
104 106
104 114
104 121
104 123
105 4
105 5
105 11
105 22
105 26
105 30
105 37
105 43
105 50
105 51
105 69
105 70
105 72
105 81
105 86
105 95
105 103
105 105
105 107
105 110
105 114
105 121
106 13
106 24
106 25
106 26
106 27
106 28
106 31
106 38
106 43
106 51
106 54
106 66
106 68
106 75
106 76
106 87
106 93
106 101
106 103
106 111
106 112
106 119
106 120
106 126
107 1
107 25
107 40
107 41
107 46
107 48
107 49
107 56
107 59
107 63
107 73
107 75
107 91
107 94
107 96
107 100
107 102
107 103
107 104
107 105
107 120
108 6
108 15
108 20
108 27
108 45
108 48
108 52
108 59
108 63
108 81
108 83
108 87
108 90
108 104
108 105
108 106
108 115
108 116
108 119
108 127
109 0
109 5
109 17
109 27
109 45
109 46
109 51
109 53
109 55
109 72
109 76
109 79
109 94
109 95
110 0
110 4
110 5
110 9
110 10
110 30
110 41
110 46
110 53
110 65
110 80
110 89
110 96
110 113
110 118
110 124
110 126
111 2
111 5
111 9
111 10
111 22
111 27
111 39
111 49
111 50
111 60
111 75
111 87
111 93
111 97
111 102
111 105
111 117
111 119
111 120
111 122
112 0
112 8
112 34
112 54
112 59
112 60
112 64
112 65
112 67
112 74
112 96
112 103
112 106
112 115
112 116
113 3
113 9
113 18
113 22
113 38
113 39
113 42
113 45
113 56
113 59
113 60
113 74
113 75
113 79
113 83
113 86
113 90
113 109
113 112
113 118
113 123
113 127
114 3
114 8
114 15
114 20
114 27
114 30
114 36
114 51
114 61
114 62
114 99
114 106
114 110
114 120
114 125
115 14
115 24
115 31
115 32
115 33
115 34
115 38
115 48
115 49
115 54
115 57
115 68
115 70
115 72
115 74
115 77
115 87
115 92
115 95
115 103
115 111
115 117
116 0
116 4
116 7
116 9
116 26
116 35
116 46
116 66
116 71
116 73
116 77
116 85
116 92
116 96
116 116
116 118
116 119
117 4
117 10
117 29
117 51
117 52
117 56
117 57
117 58
117 60
117 100
117 102
117 106
117 107
117 113
117 117
117 125
118 11
118 14
118 18
118 32
118 43
118 46
118 50
118 62
118 65
118 66
118 71
118 85
118 86
118 91
118 92
118 114
118 117
119 10
119 12
119 17
119 26
119 48
119 49
119 50
119 59
119 60
119 64
119 79
119 118
119 124
120 1
120 5
120 15
120 16
120 20
120 27
120 32
120 33
120 34
120 36
120 37
120 42
120 54
120 64
120 65
120 78
120 86
120 88
120 97
120 108
120 109
120 110
120 113
120 125
121 27
121 30
121 44
121 49
121 51
121 52
121 56
121 60
121 67
121 73
121 96
121 105
121 113
121 116
121 119
122 0
122 1
122 9
122 10
122 20
122 35
122 40
122 59
122 73
122 75
122 79
122 80
122 90
122 93
122 101
122 106
122 119
122 125
123 3
123 4
123 7
123 13
123 23
123 25
123 29
123 31
123 32
123 55
123 59
123 66
123 74
123 86
123 101
123 125
124 1
124 27
124 28
124 38
124 44
124 53
124 60
124 65
124 66
124 74
124 75
124 76
124 79
124 83
124 86
124 87
124 98
124 101
124 108
124 112
124 120
124 122
124 126
125 2
125 6
125 7
125 11
125 16
125 24
125 45
125 56
125 61
125 62
125 69
125 75
125 85
125 90
125 91
125 95
125 103
125 124
126 0
126 6
126 12
126 13
126 21
126 29
126 40
126 46
126 58
126 65
126 67
126 72
126 84
126 88
126 90
126 103
126 110
126 116
126 117
126 118
127 1
127 7
127 13
127 16
127 23
127 24
127 25
127 26
127 28
127 30
127 34
127 36
127 45
127 50
127 70
127 75
127 96
127 100
127 105
127 107
127 111
127 112
127 121
127 123
