0 1
0 2
0 8
0 13
0 19
0 35
0 36
0 40
0 42
0 47
0 60
0 84
0 86
0 95
0 96
0 105
0 110
0 112
0 123
0 124
0 127
1 3
1 5
1 8
1 13
1 24
1 33
1 35
1 46
1 47
1 54
1 57
1 58
1 67
1 69
1 84
1 86
1 91
1 107
1 108
1 112
1 123
1 125
2 6
2 25
2 48
2 50
2 56
2 63
2 71
2 72
2 80
2 81
2 83
2 85
2 92
2 97
2 100
2 102
2 103
2 107
3 0
3 3
3 7
3 8
3 10
3 17
3 19
3 27
3 35
3 71
3 78
3 79
3 86
3 90
3 104
3 113
3 126
4 10
4 14
4 17
4 23
4 36
4 40
4 46
4 50
4 53
4 55
4 60
4 64
4 70
4 84
4 85
4 86
4 87
4 94
4 103
4 105
4 114
5 7
5 10
5 19
5 23
5 28
5 30
5 44
5 49
5 56
5 63
5 72
5 74
5 75
5 84
5 88
5 90
5 94
5 99
5 102
5 104
5 108
5 119
6 6
6 8
6 13
6 16
6 27
6 28
6 33
6 65
6 66
6 77
6 89
6 91
6 93
6 96
6 106
6 110
6 117
6 125
7 8
7 12
7 27
7 47
7 58
7 61
7 67
7 80
7 88
7 91
7 92
7 104
7 109
7 110
7 117
8 6
8 19
8 20
8 21
8 27
8 31
8 33
8 34
8 38
8 43
8 49
8 55
8 56
8 57
8 62
8 63
8 67
8 71
8 74
8 75
8 86
8 87
8 91
8 98
8 105
8 107
8 112
8 116
8 119
8 125
9 1
9 7
9 18
9 19
9 20
9 21
9 32
9 33
9 34
9 49
9 50
9 55
9 56
9 62
9 74
9 90
9 91
9 100
9 109
9 124
10 1
10 5
10 6
10 7
10 18
10 30
10 41
10 49
10 58
10 65
10 69
10 72
10 81
10 93
10 97
10 105
10 115
10 118
10 122
11 9
11 25
11 29
11 30
11 31
11 36
11 44
11 51
11 58
11 59
11 75
11 101
11 102
11 103
11 114
11 115
11 124
11 126
11 127
12 2
12 7
12 20
12 37
12 43
12 44
12 51
12 54
12 64
12 77
12 78
12 86
12 90
12 96
12 105
12 106
12 111
12 117
12 119
12 122
12 127
13 8
13 16
13 33
13 60
13 63
13 67
13 74
13 86
13 105
13 110
13 112
13 114
13 120
13 121
13 123
13 124
13 125
13 127
14 2
14 7
14 11
14 12
14 53
14 57
14 59
14 76
14 86
14 120
14 122
15 4
15 12
15 14
15 15
15 22
15 64
15 66
15 72
15 80
15 96
15 97
15 100
15 110
15 112
15 113
15 126
16 4
16 14
16 27
16 39
16 40
16 52
16 55
16 56
16 62
16 67
16 71
16 78
16 79
16 81
16 86
16 89
16 93
16 98
16 112
16 115
16 117
16 119
17 11
17 25
17 38
17 39
17 43
17 67
17 73
17 88
17 95
17 98
17 115
17 120
17 124
17 127
18 8
18 19
18 25
18 27
18 44
18 51
18 56
18 71
18 72
18 73
18 76
18 83
18 86
18 90
18 91
18 93
18 94
18 99
18 117
18 125
19 8
19 12
19 18
19 19
19 20
19 27
19 30
19 31
19 37
19 46
19 52
19 53
19 62
19 74
19 90
19 98
19 100
19 103
19 109
20 0
20 1
20 10
20 18
20 22
20 25
20 35
20 36
20 48
20 59
20 61
20 66
20 68
20 69
20 73
20 77
20 84
20 89
20 104
20 109
20 113
20 116
20 125
20 127
21 4
21 7
21 16
21 22
21 30
21 33
21 34
21 39
21 42
21 49
21 51
21 52
21 58
21 68
21 72
21 76
21 93
21 103
21 106
21 110
21 114
21 115
21 123
21 125
22 2
22 7
22 19
22 20
22 21
22 29
22 32
22 33
22 34
22 36
22 37
22 63
22 64
22 72
22 76
22 79
22 109
22 115
22 122
23 0
23 3
23 9
23 18
23 21
23 22
23 25
23 36
23 49
23 54
23 56
23 60
23 69
23 72
23 85
23 105
23 120
23 121
24 7
24 11
24 12
24 13
24 14
24 15
24 19
24 24
24 27
24 32
24 35
24 45
24 64
24 70
24 73
24 79
24 80
24 84
24 92
24 93
24 96
24 98
24 103
24 107
24 118
24 126
25 13
25 20
25 39
25 45
25 48
25 50
25 54
25 62
25 70
25 74
25 79
25 81
25 100
25 104
25 107
25 118
26 7
26 8
26 11
26 15
26 29
26 36
26 39
26 48
26 62
26 78
26 94
26 99
26 116
26 118
27 4
27 8
27 9
27 17
27 21
27 28
27 30
27 41
27 44
27 54
27 56
27 60
27 63
27 72
27 75
27 77
27 89
27 98
27 102
27 126
28 7
28 12
28 15
28 18
28 21
28 30
28 36
28 40
28 45
28 52
28 56
28 64
28 67
28 71
28 74
28 80
28 81
28 90
28 92
28 94
28 100
28 101
28 110
28 114
28 124
28 126
29 3
29 5
29 7
29 14
29 23
29 27
29 28
29 38
29 41
29 45
29 46
29 48
29 53
29 61
29 65
29 68
29 69
29 95
29 100
29 102
29 104
29 110
29 119
30 0
30 1
30 5
30 24
30 39
30 45
30 57
30 61
30 66
30 76
30 82
30 87
30 88
30 92
30 96
30 116
30 117
30 123
31 1
31 3
31 8
31 10
31 11
31 48
31 58
31 63
31 77
31 80
31 84
31 89
31 97
31 100
31 107
31 117
31 119
31 123
32 12
32 23
32 25
32 33
32 42
32 48
32 49
32 50
32 51
32 54
32 55
32 74
32 75
32 77
32 78
32 85
32 89
32 92
32 93
32 98
32 101
32 107
32 108
32 114
33 5
33 19
33 22
33 31
33 47
33 54
33 55
33 62
33 67
33 72
33 80
33 87
33 88
33 91
33 96
33 99
33 124
34 6
34 14
34 26
34 33
34 35
34 56
34 62
34 65
34 70
34 72
34 77
34 82
34 92
34 94
34 97
34 98
34 100
34 107
34 111
34 117
34 121
35 1
35 10
35 13
35 25
35 32
35 44
35 46
35 61
35 68
35 79
35 82
35 84
35 88
35 98
35 105
35 125
35 126
36 5
36 19
36 20
36 23
36 25
36 26
36 28
36 31
36 35
36 42
36 47
36 51
36 56
36 59
36 65
36 70
36 78
36 79
36 80
36 81
36 82
36 95
36 96
36 99
36 111
36 112
37 2
37 10
37 16
37 17
37 22
37 23
37 25
37 27
37 37
37 41
37 55
37 57
37 63
37 65
37 70
37 92
37 107
37 119
38 25
38 31
38 39
38 47
38 48
38 52
38 61
38 70
38 73
38 77
38 84
38 87
38 91
38 101
38 102
38 110
38 115
38 124
38 126
39 5
39 10
39 21
39 22
39 31
39 35
39 38
39 50
39 51
39 58
39 60
39 92
39 96
39 99
39 102
39 108
40 3
40 14
40 16
40 17
40 20
40 22
40 30
40 33
40 34
40 45
40 56
40 62
40 78
40 81
40 82
40 83
40 88
40 90
40 91
40 103
40 110
40 115
41 6
41 17
41 19
41 27
41 29
41 36
41 38
41 42
41 44
41 51
41 53
41 56
41 61
41 63
41 76
41 86
41 95
41 109
41 110
41 113
41 119
42 9
42 11
42 19
42 21
42 27
42 34
42 35
42 41
42 45
42 52
42 54
42 57
42 59
42 60
42 65
42 69
42 70
42 71
42 111
42 113
42 115
43 7
43 9
43 24
43 25
43 39
43 44
43 46
43 51
43 54
43 61
43 67
43 78
43 79
43 82
43 85
43 102
43 105
43 108
43 112
43 121
43 125
43 127
44 2
44 4
44 9
44 19
44 26
44 28
44 32
44 44
44 53
44 55
44 61
44 82
44 89
44 110
44 111
44 112
44 113
44 119
45 2
45 5
45 6
45 9
45 19
45 28
45 29
45 31
45 35
45 42
45 44
45 47
45 54
45 57
45 65
45 70
45 72
45 75
45 82
45 87
45 101
45 104
45 110
45 111
45 114
45 121
45 123
46 37
46 47
46 50
46 63
46 65
46 69
46 71
46 73
46 85
46 89
46 96
46 98
46 113
47 16
47 19
47 23
47 25
47 30
47 32
47 40
47 42
47 55
47 56
47 64
47 74
47 83
47 85
47 86
47 105
47 127
48 4
48 13
48 31
48 38
48 45
48 48
48 53
48 56
48 66
48 68
48 75
48 76
48 78
48 79
48 87
48 91
48 98
48 106
48 126
49 1
49 4
49 14
49 27
49 28
49 29
49 35
49 44
49 47
49 49
49 51
49 64
49 83
49 90
49 97
49 102
49 103
49 117
49 125
50 6
50 7
50 10
50 15
50 35
50 36
50 56
50 70
50 77
50 78
50 90
50 93
50 95
50 99
50 101
50 103
50 110
51 6
51 7
51 16
51 25
51 30
51 31
51 34
51 35
51 38
51 42
51 49
51 52
51 58
51 59
51 60
51 68
51 75
51 82
51 83
51 91
51 98
51 100
51 101
51 103
51 104
51 111
51 114
51 124
51 126
52 2
52 5
52 12
52 18
52 20
52 28
52 30
52 35
52 41
52 42
52 58
52 60
52 61
52 75
52 77
52 88
52 93
52 101
52 103
52 112
52 114
52 121
53 8
53 13
53 20
53 22
53 23
53 27
53 36
53 71
53 76
53 77
53 88
53 89
53 102
53 107
53 108
53 109
53 114
53 117
53 122
54 4
54 11
54 15
54 18
54 25
54 36
54 40
54 49
54 61
54 73
54 75
54 77
54 100
54 105
54 109
54 111
54 120
54 121
54 125
55 1
55 2
55 12
55 13
55 17
55 19
55 21
55 40
55 45
55 47
55 48
55 49
55 55
55 65
55 68
55 90
55 92
55 94
55 110
55 112
55 113
55 114
55 116
55 119
55 121
56 3
56 11
56 32
56 37
56 38
56 41
56 42
56 47
56 48
56 51
56 54
56 82
56 89
56 91
56 99
56 103
56 104
56 107
56 113
56 124
57 5
57 19
57 38
57 40
57 45
57 48
57 53
57 59
57 67
57 76
57 78
57 85
57 87
57 91
57 98
57 111
57 113
57 115
57 120
57 122
57 126
58 5
58 12
58 18
58 22
58 32
58 43
58 44
58 48
58 49
58 60
58 71
58 75
58 77
58 79
58 84
58 87
58 88
58 98
58 99
58 101
58 117
58 119
58 127
59 16
59 25
59 28
59 29
59 33
59 36
59 58
59 64
59 89
59 91
59 92
59 98
59 117
59 124
60 14
60 17
60 30
60 33
60 39
60 42
60 45
60 56
60 69
60 70
60 72
60 85
60 89
60 95
60 98
60 121
60 123
60 125
61 8
61 10
61 12
61 15
61 34
61 38
61 62
61 64
61 66
61 79
61 82
61 89
61 92
61 94
62 7
62 12
62 13
62 20
62 30
62 31
62 35
62 56
62 59
62 81
62 89
62 95
62 103
62 114
62 116
62 123
63 3
63 9
63 23
63 24
63 26
63 27
63 34
63 35
63 45
63 53
63 55
63 58
63 60
63 61
63 67
63 70
63 75
63 76
63 77
63 82
63 84
63 85
63 89
63 91
63 92
63 111
63 118
63 125
63 127
64 4
64 11
64 19
64 23
64 28
64 30
64 41
64 43
64 60
64 62
64 63
64 64
64 67
64 90
64 91
64 92
64 100
64 108
64 110
64 126
65 0
65 1
65 15
65 24
65 26
65 31
65 35
65 43
65 46
65 53
65 54
65 61
65 75
65 79
65 81
65 86
65 92
65 94
65 95
65 99
65 105
65 107
65 108
65 120
65 121
65 122
66 13
66 28
66 31
66 40
66 43
66 59
66 64
66 65
66 71
66 73
66 78
66 83
66 101
66 108
66 112
66 117
67 29
67 31
67 48
67 49
67 50
67 53
67 72
67 76
67 77
67 82
67 83
67 87
67 90
67 97
67 101
67 106
67 114
67 119
67 126
68 3
68 15
68 21
68 25
68 44
68 46
68 67
68 72
68 84
68 88
68 94
68 100
68 108
68 111
68 124
68 127
69 5
69 29
69 38
69 41
69 43
69 51
69 56
69 61
69 67
69 71
69 75
69 82
69 85
69 93
69 95
69 104
69 111
69 115
69 118
69 120
69 126
70 13
70 22
70 29
70 35
70 36
70 38
70 47
70 49
70 52
70 60
70 63
70 77
70 84
70 85
70 92
70 94
70 95
70 96
70 108
70 110
71 2
71 4
71 5
71 18
71 19
71 22
71 26
71 37
71 46
71 47
71 53
71 57
71 64
71 87
71 91
71 94
71 101
71 118
71 121
71 123
72 1
72 8
72 14
72 16
72 17
72 19
72 34
72 42
72 52
72 55
72 58
72 59
72 63
72 67
72 80
72 87
72 106
72 107
73 5
73 6
73 11
73 19
73 22
73 23
73 24
73 38
73 52
73 56
73 65
73 71
73 84
73 85
73 89
73 91
73 94
73 112
73 115
73 125
74 8
74 14
74 17
74 18
74 29
74 30
74 50
74 69
74 72
74 73
74 77
74 90
74 95
74 102
74 111
74 113
74 114
75 7
75 14
75 29
75 50
75 53
75 62
75 76
75 86
75 89
75 91
75 111
75 118
75 120
75 124
76 0
76 18
76 23
76 29
76 30
76 32
76 34
76 40
76 54
76 57
76 66
76 81
76 90
76 108
77 1
77 12
77 15
77 38
77 43
77 49
77 50
77 55
77 57
77 60
77 78
77 86
77 87
77 88
77 96
77 113
77 116
77 117
77 120
77 122
77 124
77 126
78 4
78 10
78 14
78 28
78 43
78 50
78 60
78 62
78 79
78 83
78 91
78 93
78 95
78 97
78 106
78 108
78 112
78 117
78 126
79 8
79 11
79 15
79 20
79 21
79 29
79 44
79 56
79 59
79 62
79 66
79 75
79 96
79 102
79 111
79 117
79 124
79 126
80 16
80 24
80 27
80 37
80 42
80 44
80 52
80 64
80 66
80 70
80 72
80 74
80 89
80 98
80 111
80 120
80 126
81 1
81 7
81 9
81 12
81 16
81 25
81 38
81 59
81 75
81 79
81 84
81 92
81 102
81 104
81 113
81 116
81 125
82 5
82 8
82 14
82 15
82 16
82 22
82 26
82 38
82 48
82 57
82 71
82 75
82 82
82 84
82 94
82 109
82 119
82 126
83 7
83 11
83 17
83 19
83 20
83 24
83 28
83 53
83 64
83 67
83 71
83 74
83 75
83 82
83 83
83 84
83 85
83 88
83 90
83 91
83 92
83 95
83 97
83 102
83 110
83 113
83 117
83 119
83 122
83 123
83 126
84 3
84 4
84 6
84 7
84 20
84 34
84 41
84 43
84 44
84 60
84 64
84 70
84 80
84 81
84 94
84 98
84 102
84 105
84 114
85 5
85 59
85 60
85 69
85 71
85 79
85 81
85 91
85 96
85 103
85 115
85 116
85 119
85 124
85 125
86 9
86 17
86 22
86 23
86 29
86 36
86 40
86 48
86 73
86 89
86 93
86 95
86 111
87 10
87 15
87 22
87 27
87 33
87 38
87 46
87 51
87 60
87 63
87 64
87 85
87 90
87 96
87 102
87 107
87 109
87 110
87 113
87 118
88 9
88 14
88 35
88 49
88 53
88 57
88 64
88 79
88 84
88 90
88 95
88 108
88 112
88 115
88 119
88 122
88 123
88 125
89 3
89 5
89 6
89 8
89 19
89 25
89 31
89 44
89 47
89 53
89 56
89 76
89 79
89 80
89 81
89 105
89 106
89 109
89 117
89 124
89 125
90 4
90 7
90 8
90 9
90 14
90 18
90 20
90 23
90 25
90 26
90 30
90 49
90 57
90 84
90 100
90 106
90 110
90 112
90 113
90 114
90 116
91 5
91 19
91 23
91 24
91 28
91 29
91 59
91 67
91 69
91 77
91 78
91 81
91 83
91 93
91 100
91 108
91 111
91 114
92 1
92 3
92 6
92 17
92 27
92 30
92 31
92 35
92 37
92 53
92 57
92 58
92 68
92 70
92 77
92 88
92 98
92 100
92 109
92 111
92 120
92 124
93 7
93 9
93 13
93 38
93 41
93 46
93 58
93 62
93 66
93 77
93 80
93 87
93 104
93 120
94 5
94 9
94 10
94 25
94 28
94 30
94 44
94 50
94 71
94 101
94 105
94 107
94 119
94 124
95 0
95 3
95 10
95 31
95 34
95 40
95 44
95 47
95 50
95 56
95 57
95 62
95 66
95 67
95 72
95 73
95 76
95 84
95 93
95 97
95 98
95 104
95 106
95 118
95 121
95 123
95 126
96 1
96 2
96 3
96 24
96 26
96 29
96 33
96 36
96 39
96 48
96 51
96 54
96 56
96 57
96 59
96 63
96 70
96 75
96 87
96 88
96 94
96 97
96 104
96 107
96 108
96 118
96 127
97 3
97 4
97 7
97 11
97 16
97 28
97 29
97 32
97 36
97 48
97 61
97 67
97 76
97 77
97 83
97 98
97 102
97 116
97 118
97 123
97 125
97 127
98 4
98 9
98 16
98 21
98 25
98 36
98 43
98 44
98 53
98 59
98 60
98 63
98 64
98 65
98 70
98 74
98 78
98 82
98 85
98 86
98 94
98 112
98 121
98 123
98 126
99 0
99 5
99 19
99 31
99 35
99 38
99 42
99 49
99 55
99 57
99 85
99 87
99 88
99 90
99 110
99 111
99 120
100 0
100 7
100 14
100 21
100 30
100 32
100 60
100 64
100 85
100 102
100 120
100 126
100 127
101 10
101 13
101 36
101 40
101 42
101 43
101 44
101 47
101 51
101 57
101 59
101 71
101 97
101 104
101 117
102 2
102 4
102 15
102 20
102 21
102 24
102 31
102 44
102 45
102 53
102 55
102 60
102 65
102 67
102 70
102 74
102 79
102 86
102 90
102 91
102 124
103 9
103 15
103 17
103 40
103 43
103 44
103 49
103 55
103 68
103 71
103 73
103 79
103 96
103 97
103 100
103 106
103 110
103 114
104 3
104 11
104 14
104 16
104 19
104 30
104 34
104 37
104 40
104 43
104 47
104 57
104 66
104 68
104 84
104 94
104 106
104 108
104 127
105 3
105 10
105 14
105 15
105 18
105 21
105 29
105 35
105 36
105 41
105 54
105 57
105 63
105 75
105 80
105 87
105 96
105 108
105 109
105 112
105 114
105 118
105 126
106 2
106 10
106 26
106 28
106 29
106 39
106 51
106 52
106 60
106 68
106 70
106 75
106 101
106 104
106 120
106 121
106 125
107 0
107 4
107 14
107 35
107 37
107 39
107 50
107 60
107 64
107 65
107 73
107 86
107 92
107 96
107 97
107 98
107 109
107 113
107 116
108 18
108 21
108 23
108 24
108 28
108 35
108 37
108 41
108 44
108 48
108 69
108 70
108 71
108 73
108 81
108 85
108 89
108 98
108 102
108 108
108 115
109 2
109 21
109 34
109 38
109 41
109 60
109 67
109 72
109 98
109 101
109 109
109 118
109 121
110 1
110 4
110 13
110 19
110 27
110 28
110 30
110 31
110 32
110 34
110 35
110 43
110 45
110 66
110 76
110 77
110 81
110 84
110 98
110 104
110 105
110 120
111 0
111 4
111 16
111 20
111 21
111 24
111 33
111 51
111 53
111 92
111 96
111 99
111 103
111 104
111 110
111 115
111 117
112 0
112 4
112 10
112 19
112 21
112 24
112 25
112 39
112 41
112 44
112 49
112 61
112 65
112 67
112 77
112 83
112 90
112 101
112 125
113 4
113 7
113 9
113 15
113 16
113 22
113 52
113 65
113 80
113 97
113 100
113 101
113 103
113 104
113 117
113 120
113 121
113 125
114 1
114 17
114 26
114 45
114 57
114 62
114 64
114 65
114 80
114 103
114 113
114 123
115 11
115 12
115 21
115 40
115 54
115 63
115 72
115 76
115 86
115 89
115 91
115 96
115 99
115 112
115 114
115 124
115 125
115 127
116 2
116 15
116 20
116 21
116 28
116 37
116 46
116 56
116 72
116 74
116 89
116 94
116 97
116 105
116 117
117 2
117 10
117 15
117 34
117 37
117 40
117 43
117 44
117 55
117 57
117 64
117 95
117 105
117 113
117 125
118 6
118 8
118 9
118 10
118 11
118 13
118 14
118 20
118 27
118 31
118 36
118 40
118 43
118 51
118 53
118 60
118 63
118 69
118 72
118 75
118 93
118 103
118 113
119 5
119 10
119 14
119 16
119 33
119 50
119 58
119 65
119 69
119 74
119 76
119 77
119 105
120 23
120 25
120 31
120 34
120 36
120 40
120 62
120 64
120 70
120 72
120 77
120 80
120 94
120 105
120 106
120 109
120 121
120 123
121 10
121 15
121 16
121 30
121 41
121 48
121 50
121 54
121 58
121 65
121 85
121 86
121 91
121 98
121 105
121 106
121 108
121 111
121 112
121 120
122 3
122 5
122 7
122 10
122 11
122 12
122 22
122 33
122 35
122 42
122 61
122 69
122 77
122 100
122 111
122 115
122 126
123 13
123 16
123 18
123 24
123 25
123 31
123 37
123 42
123 47
123 50
123 51
123 62
123 67
123 82
123 85
123 109
123 125
123 127
124 12
124 15
124 23
124 28
124 49
124 51
124 57
124 67
124 82
124 86
124 93
124 102
124 104
124 116
124 121
125 0
125 1
125 14
125 15
125 16
125 21
125 23
125 46
125 52
125 58
125 63
125 66
125 75
125 87
125 88
125 98
125 107
125 113
125 117
125 118
125 127
126 47
126 54
126 58
126 66
126 81
126 83
126 87
126 89
126 98
126 113
126 114
126 119
126 124
127 0
127 2
127 11
127 20
127 21
127 25
127 33
127 43
127 67
127 76
127 99
127 101
127 106
127 107
127 111
127 113
127 127
