0 2
0 6
0 9
0 13
0 14
0 19
0 21
0 23
0 25
0 30
0 32
0 33
0 37
0 38
0 39
0 40
0 42
0 44
0 45
0 53
0 58
0 59
0 60
0 65
0 67
0 70
0 74
0 77
0 78
0 79
0 80
0 81
0 88
0 89
0 92
0 93
0 94
0 98
0 100
0 102
0 104
0 106
0 108
0 110
0 111
0 115
0 116
0 120
0 123
1 1
1 7
1 11
1 12
1 18
1 19
1 20
1 21
1 24
1 29
1 34
1 38
1 43
1 48
1 50
1 53
1 56
1 58
1 61
1 63
1 66
1 67
1 68
1 73
1 75
1 77
1 82
1 83
1 84
1 85
1 86
1 90
1 93
1 95
1 98
1 100
1 101
1 104
1 108
1 115
1 123
1 126
2 7
2 8
2 13
2 15
2 16
2 18
2 19
2 20
2 22
2 24
2 25
2 33
2 47
2 49
2 50
2 52
2 65
2 71
2 74
2 76
2 80
2 83
2 86
2 87
2 95
2 96
2 97
2 99
2 103
2 110
2 114
2 116
2 118
2 120
2 121
2 122
2 125
3 9
3 10
3 14
3 15
3 18
3 21
3 23
3 25
3 26
3 27
3 29
3 32
3 34
3 36
3 42
3 44
3 47
3 49
3 59
3 62
3 63
3 64
3 67
3 68
3 71
3 80
3 83
3 84
3 85
3 86
3 88
3 90
3 92
3 97
3 100
3 101
3 107
3 111
3 112
3 115
3 120
3 122
3 123
3 124
3 126
4 0
4 3
4 8
4 11
4 15
4 22
4 23
4 24
4 30
4 31
4 37
4 47
4 48
4 52
4 54
4 60
4 64
4 65
4 66
4 67
4 68
4 70
4 72
4 74
4 75
4 76
4 78
4 81
4 85
4 87
4 89
4 90
4 91
4 95
4 98
4 101
4 102
4 103
4 104
4 106
4 112
4 113
4 115
4 116
4 119
4 121
4 122
4 123
4 127
5 0
5 3
5 7
5 9
5 10
5 13
5 15
5 16
5 17
5 18
5 19
5 22
5 23
5 25
5 26
5 27
5 30
5 32
5 33
5 35
5 37
5 42
5 45
5 46
5 48
5 50
5 51
5 52
5 53
5 55
5 56
5 60
5 61
5 62
5 63
5 67
5 68
5 73
5 74
5 75
5 76
5 78
5 83
5 85
5 89
5 92
5 94
5 98
5 99
5 100
5 102
5 103
5 105
5 114
5 115
5 117
5 118
5 120
5 122
5 123
5 126
5 127
6 5
6 7
6 16
6 17
6 21
6 28
6 34
6 35
6 38
6 40
6 41
6 44
6 49
6 50
6 54
6 59
6 63
6 67
6 69
6 70
6 73
6 75
6 79
6 80
6 81
6 87
6 89
6 91
6 93
6 95
6 97
6 104
6 107
6 109
6 111
6 112
6 116
6 118
6 121
6 123
6 124
6 126
7 0
7 4
7 5
7 7
7 8
7 12
7 14
7 15
7 23
7 24
7 25
7 29
7 34
7 38
7 40
7 42
7 43
7 44
7 49
7 50
7 52
7 53
7 55
7 58
7 61
7 64
7 65
7 66
7 74
7 76
7 79
7 86
7 90
7 91
7 95
7 101
7 102
7 103
7 106
7 107
7 108
7 109
7 111
7 115
7 118
7 119
7 124
7 126
8 1
8 2
8 3
8 5
8 8
8 18
8 20
8 23
8 25
8 26
8 31
8 32
8 34
8 35
8 36
8 40
8 42
8 45
8 46
8 50
8 52
8 57
8 59
8 62
8 63
8 64
8 65
8 72
8 74
8 79
8 82
8 83
8 84
8 86
8 89
8 91
8 93
8 94
8 96
8 106
8 110
8 112
8 114
8 115
8 118
9 0
9 1
9 3
9 5
9 6
9 7
9 8
9 9
9 10
9 13
9 19
9 22
9 24
9 25
9 28
9 29
9 30
9 31
9 37
9 41
9 52
9 54
9 55
9 56
9 57
9 69
9 71
9 72
9 73
9 75
9 76
9 78
9 79
9 80
9 81
9 94
9 96
9 97
9 103
9 104
9 106
9 108
9 110
9 113
10 0
10 4
10 6
10 8
10 12
10 18
10 25
10 28
10 30
10 31
10 32
10 39
10 41
10 42
10 48
10 50
10 51
10 56
10 58
10 60
10 62
10 65
10 69
10 74
10 80
10 84
10 86
10 87
10 89
10 91
10 95
10 98
10 99
10 102
10 103
10 104
10 105
10 108
10 109
10 111
10 112
10 113
10 116
10 118
10 119
10 125
10 126
11 0
11 3
11 4
11 7
11 11
11 13
11 14
11 16
11 19
11 21
11 22
11 31
11 34
11 35
11 40
11 41
11 42
11 44
11 49
11 53
11 56
11 58
11 61
11 63
11 64
11 67
11 73
11 75
11 82
11 83
11 87
11 98
11 107
11 108
11 111
11 112
11 114
11 115
11 117
11 118
11 119
11 120
11 122
11 123
11 126
12 2
12 4
12 11
12 14
12 15
12 17
12 24
12 27
12 28
12 32
12 33
12 35
12 36
12 37
12 40
12 45
12 50
12 51
12 52
12 54
12 56
12 58
12 59
12 63
12 66
12 67
12 68
12 72
12 73
12 76
12 77
12 78
12 83
12 85
12 86
12 87
12 91
12 93
12 101
12 103
12 107
12 108
12 109
12 111
12 113
12 114
12 115
12 116
12 119
12 122
12 123
12 127
13 1
13 2
13 3
13 4
13 6
13 7
13 20
13 21
13 24
13 28
13 29
13 30
13 35
13 36
13 37
13 39
13 40
13 42
13 46
13 48
13 51
13 56
13 61
13 66
13 67
13 71
13 74
13 82
13 83
13 89
13 92
13 95
13 104
13 107
13 111
13 112
13 115
13 117
13 118
13 119
13 120
13 122
13 124
13 127
14 3
14 4
14 5
14 7
14 10
14 11
14 14
14 17
14 24
14 25
14 31
14 32
14 33
14 40
14 42
14 47
14 48
14 49
14 50
14 52
14 59
14 60
14 63
14 75
14 77
14 79
14 80
14 81
14 88
14 90
14 95
14 99
14 102
14 106
14 107
14 108
14 114
14 115
14 116
14 120
14 122
15 1
15 4
15 5
15 6
15 9
15 10
15 11
15 15
15 16
15 22
15 23
15 24
15 26
15 30
15 32
15 38
15 41
15 42
15 47
15 49
15 50
15 55
15 59
15 60
15 65
15 66
15 70
15 75
15 77
15 78
15 81
15 84
15 85
15 86
15 94
15 96
15 97
15 99
15 102
15 104
15 105
15 109
15 117
15 118
15 121
15 124
15 127
16 0
16 4
16 7
16 8
16 9
16 12
16 13
16 16
16 20
16 38
16 41
16 42
16 50
16 51
16 52
16 56
16 57
16 58
16 65
16 69
16 71
16 78
16 81
16 82
16 83
16 89
16 90
16 94
16 98
16 102
16 104
16 107
16 108
16 110
16 116
16 119
16 120
16 123
16 125
16 126
17 2
17 4
17 6
17 9
17 10
17 20
17 21
17 22
17 23
17 28
17 32
17 40
17 41
17 43
17 44
17 47
17 56
17 59
17 60
17 61
17 64
17 65
17 69
17 72
17 75
17 81
17 82
17 86
17 88
17 90
17 91
17 94
17 105
17 109
17 111
17 114
17 118
17 119
17 122
17 123
17 125
17 126
18 5
18 8
18 10
18 14
18 15
18 16
18 18
18 19
18 23
18 26
18 31
18 32
18 33
18 40
18 41
18 42
18 43
18 44
18 48
18 49
18 52
18 55
18 56
18 58
18 60
18 61
18 68
18 71
18 74
18 75
18 78
18 82
18 84
18 85
18 87
18 88
18 90
18 91
18 96
18 98
18 101
18 102
18 111
18 114
18 115
18 116
18 122
18 123
18 126
18 127
19 5
19 9
19 11
19 12
19 13
19 14
19 17
19 18
19 19
19 21
19 25
19 26
19 27
19 28
19 32
19 35
19 36
19 40
19 42
19 43
19 45
19 50
19 51
19 53
19 55
19 58
19 59
19 65
19 67
19 74
19 75
19 76
19 77
19 79
19 83
19 86
19 90
19 91
19 93
19 94
19 96
19 99
19 100
19 103
19 108
19 109
19 112
19 113
19 115
19 118
19 120
19 127
20 0
20 8
20 11
20 22
20 24
20 29
20 35
20 36
20 37
20 40
20 41
20 46
20 48
20 49
20 51
20 53
20 60
20 65
20 67
20 74
20 76
20 77
20 84
20 92
20 94
20 98
20 101
20 102
20 103
20 105
20 106
20 108
20 112
20 114
20 115
20 116
20 121
20 126
21 2
21 7
21 8
21 10
21 11
21 13
21 16
21 17
21 21
21 23
21 40
21 42
21 43
21 44
21 46
21 50
21 52
21 53
21 56
21 59
21 66
21 67
21 71
21 81
21 87
21 94
21 95
21 101
21 104
21 105
21 106
21 107
21 108
21 110
21 112
21 114
21 118
21 120
22 3
22 4
22 5
22 6
22 10
22 13
22 14
22 16
22 17
22 18
22 20
22 22
22 27
22 33
22 34
22 35
22 38
22 45
22 48
22 52
22 54
22 55
22 56
22 57
22 60
22 62
22 63
22 65
22 69
22 73
22 77
22 78
22 79
22 87
22 89
22 90
22 93
22 96
22 97
22 99
22 101
22 105
22 110
22 111
22 117
22 120
22 122
22 125
23 6
23 9
23 10
23 12
23 14
23 15
23 21
23 24
23 25
23 28
23 31
23 36
23 38
23 39
23 41
23 46
23 50
23 53
23 57
23 63
23 77
23 84
23 85
23 89
23 91
23 94
23 96
23 102
23 103
23 104
23 116
23 119
23 122
23 123
23 125
23 126
24 1
24 4
24 6
24 10
24 11
24 13
24 23
24 26
24 28
24 32
24 35
24 37
24 38
24 46
24 51
24 52
24 53
24 54
24 57
24 66
24 69
24 70
24 73
24 86
24 88
24 90
24 97
24 98
24 103
24 105
24 108
24 112
24 114
24 119
24 122
24 124
24 126
24 127
25 3
25 11
25 13
25 26
25 29
25 30
25 32
25 35
25 41
25 42
25 50
25 51
25 52
25 62
25 66
25 68
25 71
25 72
25 73
25 75
25 77
25 78
25 83
25 86
25 88
25 92
25 93
25 96
25 97
25 98
25 100
25 101
25 103
25 107
25 109
25 111
25 113
25 119
25 126
26 1
26 6
26 15
26 19
26 22
26 23
26 24
26 25
26 27
26 34
26 35
26 42
26 43
26 44
26 48
26 50
26 52
26 57
26 60
26 63
26 64
26 67
26 68
26 69
26 71
26 75
26 78
26 80
26 87
26 88
26 89
26 90
26 94
26 102
26 104
26 109
26 110
26 111
26 112
26 116
26 118
26 123
26 125
27 0
27 1
27 2
27 7
27 12
27 14
27 16
27 22
27 26
27 29
27 33
27 35
27 45
27 49
27 50
27 51
27 53
27 55
27 56
27 58
27 59
27 61
27 64
27 68
27 69
27 72
27 73
27 74
27 76
27 80
27 81
27 86
27 87
27 88
27 89
27 91
27 94
27 95
27 96
27 98
27 99
27 101
27 103
27 104
27 106
27 113
27 114
27 118
27 119
27 121
27 125
27 126
28 3
28 4
28 10
28 18
28 22
28 23
28 24
28 25
28 30
28 35
28 36
28 37
28 38
28 39
28 41
28 44
28 47
28 48
28 49
28 50
28 54
28 59
28 65
28 66
28 69
28 71
28 73
28 79
28 81
28 85
28 87
28 88
28 90
28 91
28 93
28 107
28 109
28 110
28 112
28 113
28 114
28 116
28 117
28 124
29 0
29 9
29 10
29 11
29 12
29 13
29 17
29 21
29 22
29 34
29 36
29 39
29 40
29 45
29 46
29 47
29 48
29 53
29 55
29 60
29 61
29 65
29 66
29 70
29 73
29 76
29 77
29 81
29 85
29 86
29 87
29 91
29 96
29 97
29 98
29 101
29 102
29 103
29 105
29 106
29 107
29 115
29 117
29 121
29 122
29 123
29 124
30 3
30 4
30 6
30 8
30 9
30 14
30 16
30 23
30 25
30 28
30 34
30 38
30 41
30 49
30 51
30 53
30 55
30 58
30 59
30 63
30 64
30 69
30 70
30 72
30 73
30 75
30 78
30 79
30 80
30 81
30 83
30 88
30 89
30 91
30 94
30 96
30 97
30 101
30 103
30 105
30 108
30 109
30 117
30 119
30 123
31 2
31 5
31 7
31 8
31 11
31 12
31 17
31 21
31 26
31 30
31 33
31 34
31 40
31 45
31 53
31 58
31 59
31 68
31 69
31 77
31 78
31 79
31 80
31 84
31 86
31 90
31 91
31 93
31 94
31 95
31 96
31 98
31 99
31 100
31 102
31 105
31 107
31 116
31 121
31 122
31 126
31 127
32 0
32 3
32 11
32 13
32 17
32 22
32 24
32 26
32 28
32 30
32 41
32 48
32 51
32 52
32 54
32 57
32 63
32 64
32 65
32 68
32 72
32 74
32 76
32 78
32 88
32 89
32 92
32 94
32 96
32 100
32 105
32 109
32 115
32 117
32 118
32 119
32 120
32 123
32 124
32 125
32 126
32 127
33 3
33 14
33 16
33 23
33 27
33 28
33 29
33 31
33 32
33 43
33 45
33 49
33 50
33 53
33 56
33 58
33 60
33 67
33 69
33 70
33 72
33 74
33 75
33 77
33 85
33 88
33 90
33 99
33 100
33 102
33 108
33 109
33 110
33 113
33 117
33 118
33 119
33 122
33 123
33 124
33 127
34 0
34 3
34 13
34 14
34 15
34 20
34 21
34 25
34 27
34 28
34 29
34 32
34 33
34 36
34 37
34 38
34 42
34 43
34 46
34 47
34 48
34 49
34 57
34 59
34 63
34 65
34 68
34 72
34 74
34 76
34 79
34 85
34 86
34 87
34 90
34 92
34 94
34 95
34 96
34 99
34 102
34 104
34 108
34 113
34 117
34 119
34 120
34 124
35 0
35 1
35 3
35 4
35 7
35 8
35 9
35 13
35 17
35 19
35 20
35 26
35 33
35 36
35 40
35 43
35 45
35 46
35 48
35 51
35 55
35 56
35 57
35 58
35 60
35 63
35 64
35 66
35 69
35 73
35 76
35 79
35 80
35 85
35 87
35 89
35 92
35 94
35 96
35 97
35 101
35 103
35 107
35 108
35 110
35 117
35 119
35 120
35 127
36 0
36 2
36 4
36 9
36 11
36 12
36 13
36 17
36 18
36 20
36 25
36 28
36 29
36 31
36 35
36 38
36 40
36 41
36 46
36 47
36 51
36 53
36 56
36 57
36 58
36 59
36 63
36 64
36 67
36 68
36 74
36 76
36 78
36 80
36 83
36 84
36 85
36 86
36 92
36 95
36 96
36 100
36 104
36 113
36 116
36 117
36 118
36 120
36 121
36 123
37 2
37 4
37 6
37 8
37 12
37 15
37 17
37 20
37 24
37 27
37 32
37 34
37 37
37 45
37 47
37 48
37 50
37 52
37 57
37 59
37 66
37 68
37 70
37 72
37 73
37 75
37 76
37 77
37 79
37 80
37 82
37 83
37 84
37 85
37 88
37 94
37 96
37 99
37 100
37 103
37 104
37 106
37 108
37 109
37 111
37 114
37 115
37 119
37 125
37 127
38 1
38 3
38 11
38 14
38 18
38 34
38 36
38 45
38 46
38 50
38 53
38 55
38 56
38 57
38 58
38 59
38 60
38 61
38 63
38 73
38 78
38 79
38 82
38 84
38 85
38 88
38 90
38 91
38 94
38 101
38 102
38 103
38 108
38 110
38 112
38 114
38 115
38 117
38 119
38 126
38 127
39 0
39 2
39 4
39 13
39 15
39 16
39 18
39 19
39 21
39 25
39 26
39 28
39 32
39 33
39 34
39 35
39 39
39 44
39 53
39 54
39 62
39 66
39 73
39 74
39 75
39 77
39 78
39 80
39 83
39 87
39 88
39 91
39 92
39 96
39 97
39 99
39 104
39 105
39 107
39 112
39 113
39 116
39 119
39 121
39 125
39 126
40 2
40 7
40 10
40 15
40 18
40 20
40 21
40 22
40 23
40 31
40 33
40 35
40 38
40 39
40 40
40 44
40 49
40 50
40 51
40 53
40 55
40 59
40 64
40 70
40 73
40 74
40 76
40 77
40 80
40 85
40 88
40 90
40 91
40 92
40 94
40 96
40 97
40 98
40 100
40 106
40 109
40 111
40 112
40 115
40 116
40 121
40 123
40 126
40 127
41 5
41 8
41 12
41 22
41 27
41 28
41 29
41 30
41 34
41 36
41 40
41 42
41 43
41 45
41 46
41 49
41 52
41 54
41 57
41 60
41 61
41 63
41 65
41 67
41 79
41 80
41 81
41 82
41 87
41 89
41 90
41 93
41 94
41 96
41 97
41 100
41 108
41 110
41 114
41 115
41 121
41 123
42 3
42 4
42 9
42 10
42 11
42 13
42 17
42 18
42 19
42 22
42 24
42 29
42 30
42 31
42 37
42 39
42 41
42 42
42 44
42 49
42 60
42 61
42 64
42 66
42 67
42 68
42 69
42 77
42 80
42 81
42 84
42 86
42 90
42 94
42 97
42 102
42 105
42 107
42 111
42 114
42 117
42 121
42 123
42 125
42 126
43 2
43 4
43 5
43 6
43 7
43 11
43 12
43 14
43 16
43 17
43 22
43 23
43 25
43 27
43 32
43 34
43 40
43 41
43 47
43 48
43 51
43 57
43 59
43 64
43 67
43 69
43 76
43 78
43 79
43 83
43 85
43 88
43 89
43 93
43 99
43 100
43 101
43 103
43 107
43 110
43 121
43 122
43 125
43 126
43 127
44 0
44 2
44 4
44 12
44 13
44 16
44 18
44 23
44 26
44 28
44 29
44 30
44 32
44 49
44 56
44 58
44 61
44 66
44 67
44 69
44 71
44 76
44 77
44 79
44 86
44 93
44 97
44 99
44 104
44 106
44 109
44 111
44 113
44 115
44 116
44 124
44 126
44 127
45 4
45 9
45 10
45 13
45 14
45 15
45 17
45 19
45 20
45 27
45 28
45 32
45 35
45 37
45 42
45 43
45 44
45 45
45 46
45 47
45 48
45 49
45 50
45 51
45 55
45 59
45 63
45 65
45 66
45 73
45 76
45 85
45 86
45 90
45 95
45 98
45 99
45 101
45 102
45 103
45 104
45 105
45 107
45 109
45 110
45 116
45 118
45 124
45 127
46 2
46 3
46 15
46 19
46 20
46 22
46 24
46 25
46 26
46 27
46 33
46 35
46 36
46 39
46 40
46 41
46 43
46 54
46 55
46 56
46 60
46 61
46 65
46 66
46 67
46 68
46 71
46 72
46 74
46 76
46 77
46 79
46 81
46 84
46 86
46 89
46 90
46 93
46 95
46 97
46 101
46 105
46 106
46 107
46 109
46 110
46 115
46 124
47 2
47 3
47 4
47 5
47 9
47 17
47 20
47 23
47 31
47 33
47 37
47 40
47 42
47 43
47 44
47 45
47 48
47 49
47 50
47 55
47 56
47 57
47 68
47 69
47 75
47 78
47 84
47 85
47 87
47 90
47 91
47 93
47 94
47 96
47 97
47 104
47 108
47 110
47 124
48 3
48 5
48 6
48 11
48 13
48 15
48 16
48 17
48 20
48 21
48 24
48 30
48 31
48 34
48 40
48 47
48 48
48 51
48 54
48 55
48 59
48 63
48 66
48 68
48 76
48 78
48 85
48 93
48 94
48 95
48 96
48 100
48 108
48 109
48 110
48 116
48 120
48 124
48 127
49 1
49 7
49 13
49 24
49 33
49 34
49 35
49 36
49 39
49 40
49 45
49 49
49 51
49 56
49 58
49 60
49 62
49 63
49 64
49 65
49 68
49 69
49 71
49 73
49 81
49 82
49 83
49 90
49 93
49 98
49 103
49 107
49 108
49 111
49 112
49 116
49 117
49 122
49 124
49 125
49 127
50 4
50 6
50 7
50 14
50 16
50 25
50 27
50 28
50 31
50 32
50 33
50 37
50 38
50 40
50 42
50 43
50 53
50 54
50 55
50 57
50 64
50 65
50 71
50 73
50 75
50 76
50 78
50 80
50 86
50 88
50 90
50 92
50 95
50 96
50 97
50 98
50 103
50 106
50 108
50 109
50 114
50 118
50 122
50 125
50 126
51 2
51 3
51 4
51 6
51 11
51 12
51 20
51 21
51 22
51 24
51 25
51 28
51 29
51 31
51 35
51 36
51 38
51 40
51 41
51 42
51 46
51 47
51 53
51 56
51 59
51 61
51 62
51 63
51 65
51 70
51 73
51 77
51 82
51 85
51 89
51 92
51 94
51 95
51 97
51 98
51 102
51 104
51 106
51 107
51 108
51 111
51 113
51 120
51 121
51 122
51 123
51 125
51 126
52 1
52 2
52 3
52 7
52 10
52 16
52 17
52 18
52 19
52 22
52 23
52 24
52 25
52 30
52 31
52 35
52 38
52 39
52 41
52 43
52 48
52 52
52 56
52 57
52 58
52 62
52 64
52 65
52 66
52 67
52 68
52 72
52 74
52 77
52 78
52 80
52 85
52 86
52 88
52 90
52 94
52 95
52 99
52 102
52 104
52 111
52 112
52 114
52 118
52 119
52 120
52 125
53 0
53 6
53 7
53 8
53 9
53 16
53 17
53 22
53 23
53 24
53 26
53 29
53 32
53 42
53 45
53 50
53 55
53 56
53 57
53 59
53 60
53 61
53 62
53 66
53 84
53 86
53 87
53 92
53 93
53 100
53 110
53 111
53 112
53 116
53 120
53 121
53 126
54 2
54 3
54 5
54 8
54 10
54 16
54 18
54 28
54 31
54 32
54 38
54 43
54 44
54 45
54 48
54 49
54 52
54 55
54 58
54 66
54 69
54 76
54 78
54 79
54 80
54 82
54 84
54 85
54 86
54 88
54 92
54 93
54 97
54 100
54 101
54 103
54 110
54 114
54 121
54 123
55 2
55 4
55 6
55 7
55 9
55 13
55 19
55 20
55 24
55 26
55 28
55 30
55 36
55 38
55 41
55 42
55 44
55 46
55 48
55 52
55 57
55 58
55 59
55 60
55 62
55 64
55 65
55 67
55 69
55 70
55 73
55 76
55 84
55 86
55 89
55 95
55 96
55 101
55 117
55 119
55 121
55 124
55 126
55 127
56 1
56 4
56 5
56 7
56 8
56 12
56 14
56 16
56 20
56 24
56 30
56 31
56 32
56 35
56 37
56 39
56 40
56 41
56 42
56 43
56 44
56 46
56 47
56 51
56 55
56 56
56 57
56 61
56 63
56 65
56 66
56 69
56 70
56 78
56 79
56 85
56 87
56 90
56 92
56 98
56 105
56 111
56 112
56 113
56 116
56 118
56 121
56 123
56 125
57 2
57 10
57 13
57 14
57 16
57 20
57 23
57 26
57 29
57 30
57 31
57 37
57 41
57 43
57 45
57 48
57 50
57 53
57 56
57 59
57 62
57 64
57 66
57 69
57 72
57 76
57 80
57 81
57 84
57 86
57 90
57 97
57 98
57 99
57 101
57 105
57 106
57 109
57 110
57 111
57 112
57 113
57 115
57 117
57 118
57 121
57 127
58 1
58 4
58 5
58 10
58 11
58 15
58 19
58 20
58 22
58 25
58 28
58 33
58 35
58 36
58 39
58 42
58 44
58 48
58 58
58 60
58 62
58 69
58 70
58 78
58 79
58 81
58 85
58 86
58 88
58 90
58 94
58 99
58 100
58 101
58 103
58 108
58 113
58 116
58 119
58 121
58 122
58 123
59 2
59 4
59 6
59 8
59 10
59 11
59 14
59 19
59 20
59 22
59 24
59 32
59 33
59 34
59 35
59 37
59 40
59 41
59 42
59 47
59 54
59 61
59 68
59 74
59 76
59 80
59 86
59 93
59 95
59 98
59 102
59 104
59 105
59 106
59 107
59 110
59 111
59 114
59 117
59 119
59 124
59 126
60 0
60 1
60 3
60 5
60 11
60 12
60 13
60 16
60 23
60 24
60 30
60 31
60 33
60 34
60 40
60 41
60 48
60 49
60 52
60 58
60 61
60 63
60 65
60 67
60 70
60 71
60 74
60 75
60 79
60 80
60 83
60 90
60 92
60 94
60 95
60 97
60 100
60 107
60 108
60 113
60 114
60 115
60 118
60 121
60 124
60 127
61 2
61 4
61 7
61 8
61 10
61 11
61 12
61 13
61 14
61 19
61 20
61 21
61 22
61 26
61 33
61 36
61 37
61 42
61 46
61 47
61 49
61 50
61 53
61 59
61 61
61 63
61 65
61 66
61 68
61 69
61 74
61 78
61 79
61 81
61 82
61 89
61 90
61 91
61 92
61 94
61 96
61 99
61 112
61 113
61 114
61 118
61 120
61 121
62 0
62 1
62 6
62 8
62 12
62 17
62 19
62 21
62 23
62 26
62 30
62 31
62 34
62 36
62 37
62 38
62 45
62 47
62 50
62 52
62 54
62 60
62 61
62 62
62 65
62 69
62 72
62 73
62 75
62 78
62 80
62 83
62 84
62 88
62 90
62 92
62 94
62 95
62 98
62 100
62 101
62 106
62 112
62 113
62 118
62 126
63 0
63 4
63 5
63 7
63 9
63 16
63 17
63 18
63 19
63 22
63 25
63 27
63 28
63 30
63 31
63 45
63 51
63 52
63 53
63 55
63 56
63 58
63 62
63 63
63 74
63 78
63 85
63 86
63 90
63 92
63 96
63 102
63 108
63 110
63 111
63 113
63 116
63 117
63 122
63 124
64 1
64 5
64 6
64 7
64 11
64 13
64 15
64 17
64 19
64 21
64 29
64 32
64 39
64 41
64 43
64 47
64 49
64 55
64 63
64 65
64 68
64 69
64 72
64 78
64 79
64 83
64 87
64 88
64 89
64 90
64 95
64 96
64 101
64 103
64 108
64 110
64 112
64 114
64 117
64 120
64 121
64 123
64 124
65 4
65 5
65 16
65 19
65 21
65 22
65 26
65 29
65 30
65 32
65 33
65 35
65 38
65 39
65 41
65 42
65 43
65 45
65 49
65 51
65 53
65 54
65 56
65 59
65 63
65 64
65 74
65 76
65 78
65 79
65 81
65 83
65 89
65 90
65 97
65 98
65 103
65 104
65 107
65 108
65 112
65 113
65 116
65 119
65 121
66 4
66 7
66 9
66 14
66 19
66 20
66 21
66 28
66 30
66 35
66 36
66 37
66 38
66 39
66 42
66 45
66 52
66 58
66 63
66 66
66 67
66 69
66 80
66 84
66 85
66 87
66 88
66 90
66 92
66 93
66 97
66 98
66 102
66 103
66 104
66 111
66 117
66 118
66 119
66 120
66 122
66 123
66 125
66 126
67 0
67 1
67 3
67 4
67 14
67 15
67 17
67 19
67 30
67 31
67 32
67 33
67 37
67 39
67 40
67 42
67 44
67 45
67 46
67 48
67 53
67 54
67 55
67 58
67 59
67 60
67 70
67 74
67 77
67 78
67 79
67 82
67 84
67 85
67 86
67 88
67 93
67 94
67 96
67 98
67 99
67 101
67 104
67 106
67 108
67 110
67 111
67 116
67 119
67 121
67 122
67 124
68 4
68 5
68 8
68 10
68 14
68 15
68 17
68 22
68 25
68 28
68 29
68 33
68 35
68 45
68 46
68 49
68 53
68 54
68 55
68 57
68 62
68 63
68 65
68 66
68 69
68 70
68 72
68 75
68 76
68 79
68 81
68 84
68 86
68 88
68 90
68 94
68 98
68 99
68 101
68 102
68 104
68 105
68 107
68 110
68 111
68 112
68 121
68 122
68 123
68 124
68 126
68 127
69 2
69 8
69 9
69 10
69 12
69 17
69 18
69 21
69 28
69 29
69 34
69 36
69 39
69 41
69 45
69 46
69 48
69 50
69 51
69 52
69 53
69 54
69 59
69 60
69 62
69 64
69 68
69 70
69 75
69 78
69 85
69 86
69 87
69 89
69 90
69 91
69 94
69 100
69 102
69 104
69 114
69 115
69 116
69 117
69 122
69 123
69 127
70 1
70 5
70 11
70 12
70 14
70 17
70 19
70 24
70 28
70 32
70 37
70 45
70 51
70 55
70 57
70 64
70 70
70 73
70 76
70 81
70 85
70 95
70 101
70 102
70 107
70 111
70 112
70 116
70 121
70 122
70 125
70 127
71 0
71 3
71 7
71 12
71 13
71 14
71 16
71 17
71 20
71 26
71 28
71 31
71 33
71 37
71 39
71 43
71 45
71 51
71 52
71 54
71 56
71 57
71 58
71 63
71 67
71 68
71 70
71 72
71 73
71 74
71 75
71 76
71 77
71 79
71 82
71 84
71 88
71 90
71 93
71 96
71 97
71 98
71 99
71 107
71 110
71 111
71 115
71 116
71 117
71 119
71 124
71 126
72 8
72 10
72 12
72 16
72 21
72 22
72 27
72 28
72 29
72 32
72 34
72 36
72 37
72 39
72 42
72 45
72 50
72 52
72 53
72 57
72 60
72 63
72 64
72 65
72 66
72 67
72 72
72 77
72 80
72 81
72 85
72 93
72 94
72 95
72 101
72 102
72 105
72 115
72 116
72 119
72 123
73 0
73 2
73 3
73 7
73 9
73 10
73 11
73 16
73 17
73 21
73 26
73 31
73 34
73 39
73 41
73 44
73 45
73 48
73 51
73 54
73 58
73 59
73 60
73 65
73 70
73 72
73 73
73 75
73 76
73 78
73 80
73 81
73 84
73 85
73 87
73 88
73 90
73 92
73 100
73 102
73 104
73 111
73 117
73 118
73 119
73 124
73 125
74 0
74 1
74 2
74 3
74 6
74 10
74 13
74 20
74 26
74 27
74 30
74 32
74 43
74 53
74 60
74 68
74 71
74 73
74 74
74 75
74 76
74 79
74 81
74 87
74 89
74 97
74 100
74 102
74 107
74 108
74 109
74 110
74 112
74 113
74 117
74 126
75 0
75 6
75 7
75 10
75 15
75 19
75 20
75 21
75 22
75 23
75 27
75 38
75 40
75 43
75 44
75 45
75 46
75 51
75 53
75 54
75 58
75 59
75 61
75 65
75 66
75 69
75 71
75 72
75 75
75 79
75 82
75 84
75 86
75 87
75 88
75 89
75 91
75 96
75 99
75 100
75 101
75 102
75 103
75 105
75 106
75 107
75 108
75 110
75 112
75 123
76 2
76 3
76 4
76 5
76 9
76 10
76 16
76 17
76 21
76 23
76 24
76 25
76 28
76 30
76 31
76 33
76 34
76 39
76 41
76 43
76 58
76 62
76 63
76 77
76 82
76 84
76 85
76 87
76 91
76 93
76 94
76 100
76 108
76 111
76 114
76 117
76 118
76 120
76 124
76 125
77 0
77 1
77 6
77 10
77 12
77 13
77 14
77 17
77 18
77 25
77 26
77 33
77 37
77 40
77 48
77 49
77 53
77 59
77 60
77 61
77 62
77 67
77 68
77 77
77 80
77 81
77 82
77 88
77 96
77 98
77 110
77 111
77 114
77 123
77 124
77 126
78 2
78 5
78 6
78 8
78 9
78 10
78 12
78 14
78 15
78 17
78 20
78 22
78 23
78 30
78 33
78 35
78 37
78 40
78 41
78 47
78 55
78 56
78 61
78 62
78 67
78 68
78 69
78 72
78 73
78 76
78 79
78 81
78 82
78 85
78 86
78 87
78 90
78 94
78 98
78 100
78 101
78 102
78 109
78 110
78 112
78 114
78 120
78 123
78 124
78 126
78 127
79 1
79 2
79 4
79 5
79 6
79 12
79 17
79 20
79 21
79 27
79 30
79 31
79 32
79 33
79 39
79 40
79 43
79 44
79 52
79 56
79 57
79 66
79 70
79 71
79 72
79 76
79 77
79 78
79 80
79 83
79 86
79 91
79 92
79 94
79 97
79 102
79 106
79 107
79 108
79 110
79 114
79 115
79 118
79 120
79 127
80 0
80 2
80 3
80 5
80 6
80 7
80 8
80 11
80 18
80 22
80 25
80 26
80 27
80 28
80 30
80 35
80 37
80 38
80 43
80 44
80 47
80 54
80 55
80 59
80 62
80 64
80 68
80 71
80 75
80 76
80 77
80 81
80 84
80 88
80 94
80 96
80 97
80 101
80 107
80 116
80 117
80 122
80 127
81 7
81 14
81 16
81 19
81 23
81 25
81 26
81 33
81 40
81 41
81 44
81 52
81 57
81 62
81 63
81 67
81 68
81 69
81 72
81 73
81 78
81 79
81 85
81 88
81 89
81 90
81 93
81 96
81 97
81 99
81 105
81 108
81 109
81 110
81 113
81 117
81 119
81 121
81 123
81 126
82 4
82 5
82 7
82 8
82 10
82 13
82 14
82 18
82 20
82 21
82 22
82 23
82 31
82 32
82 33
82 39
82 42
82 44
82 46
82 47
82 50
82 52
82 56
82 60
82 61
82 62
82 63
82 64
82 65
82 66
82 70
82 71
82 72
82 76
82 78
82 79
82 82
82 83
82 85
82 87
82 88
82 96
82 97
82 98
82 100
82 105
82 109
82 121
82 124
82 125
83 1
83 3
83 8
83 9
83 10
83 12
83 14
83 18
83 21
83 23
83 27
83 29
83 36
83 41
83 44
83 46
83 49
83 50
83 54
83 55
83 56
83 58
83 61
83 62
83 67
83 69
83 70
83 72
83 78
83 85
83 91
83 94
83 98
83 103
83 104
83 107
83 112
83 121
84 1
84 5
84 7
84 10
84 11
84 14
84 17
84 18
84 19
84 20
84 23
84 26
84 27
84 28
84 30
84 32
84 36
84 38
84 44
84 48
84 51
84 57
84 61
84 62
84 66
84 67
84 74
84 78
84 79
84 81
84 85
84 87
84 93
84 98
84 102
84 104
84 106
84 109
84 115
84 116
84 118
84 120
84 121
84 127
85 0
85 1
85 4
85 7
85 9
85 12
85 13
85 14
85 17
85 19
85 31
85 33
85 43
85 44
85 48
85 51
85 58
85 59
85 63
85 64
85 65
85 71
85 74
85 77
85 79
85 84
85 86
85 87
85 94
85 95
85 97
85 98
85 110
85 115
85 116
85 119
85 120
85 121
85 122
85 125
85 126
86 2
86 3
86 6
86 9
86 11
86 12
86 14
86 19
86 22
86 23
86 27
86 31
86 34
86 35
86 38
86 44
86 48
86 50
86 58
86 59
86 63
86 64
86 65
86 66
86 68
86 69
86 73
86 74
86 76
86 80
86 83
86 89
86 91
86 94
86 95
86 100
86 104
86 105
86 106
86 108
86 110
86 112
86 116
86 119
86 124
86 125
86 126
86 127
87 3
87 5
87 7
87 9
87 10
87 11
87 17
87 18
87 19
87 21
87 26
87 28
87 33
87 35
87 46
87 47
87 55
87 56
87 57
87 59
87 61
87 63
87 64
87 70
87 71
87 73
87 74
87 75
87 78
87 79
87 87
87 88
87 89
87 90
87 91
87 99
87 101
87 102
87 104
87 111
87 113
87 115
87 116
87 117
87 120
88 13
88 19
88 25
88 27
88 29
88 30
88 33
88 37
88 40
88 41
88 43
88 49
88 51
88 55
88 57
88 58
88 71
88 73
88 74
88 81
88 82
88 84
88 85
88 86
88 90
88 94
88 95
88 97
88 108
88 110
88 113
88 117
88 120
88 122
88 123
88 126
89 5
89 10
89 11
89 12
89 14
89 15
89 16
89 18
89 21
89 22
89 33
89 36
89 53
89 56
89 58
89 61
89 64
89 67
89 73
89 74
89 75
89 76
89 88
89 91
89 92
89 93
89 95
89 96
89 97
89 98
89 101
89 103
89 104
89 110
89 114
89 118
89 119
89 120
89 127
90 1
90 6
90 7
90 9
90 11
90 13
90 14
90 24
90 26
90 30
90 35
90 37
90 43
90 45
90 48
90 58
90 59
90 60
90 61
90 68
90 70
90 72
90 75
90 76
90 78
90 85
90 86
90 95
90 98
90 107
90 110
90 111
90 115
90 122
90 123
90 124
90 125
90 127
91 3
91 6
91 8
91 9
91 10
91 11
91 22
91 26
91 27
91 34
91 35
91 47
91 48
91 49
91 50
91 54
91 57
91 62
91 63
91 64
91 66
91 75
91 79
91 81
91 84
91 87
91 88
91 89
91 90
91 94
91 95
91 97
91 101
91 103
91 111
91 113
91 120
91 121
91 125
91 126
92 0
92 2
92 5
92 6
92 10
92 14
92 15
92 16
92 18
92 19
92 24
92 27
92 28
92 31
92 32
92 37
92 38
92 39
92 40
92 42
92 48
92 50
92 51
92 52
92 53
92 55
92 56
92 62
92 65
92 66
92 67
92 68
92 70
92 71
92 72
92 74
92 80
92 84
92 86
92 87
92 90
92 94
92 98
92 99
92 100
92 102
92 103
92 105
92 106
92 110
92 115
92 118
92 119
92 120
92 123
92 125
92 127
93 2
93 3
93 8
93 11
93 12
93 17
93 18
93 22
93 25
93 29
93 31
93 37
93 38
93 39
93 43
93 49
93 50
93 51
93 55
93 57
93 61
93 62
93 63
93 64
93 65
93 66
93 69
93 73
93 75
93 79
93 81
93 86
93 88
93 89
93 91
93 93
93 96
93 97
93 99
93 101
93 106
93 107
93 112
93 113
93 114
93 117
93 119
93 120
93 125
93 127
94 0
94 1
94 4
94 7
94 8
94 10
94 11
94 12
94 13
94 16
94 18
94 22
94 23
94 32
94 33
94 37
94 38
94 39
94 41
94 46
94 47
94 48
94 49
94 50
94 51
94 53
94 54
94 55
94 57
94 60
94 67
94 68
94 71
94 74
94 78
94 82
94 85
94 86
94 90
94 91
94 92
94 102
94 103
94 106
94 107
94 109
94 112
94 113
94 114
94 116
94 120
94 121
94 123
94 124
95 3
95 4
95 6
95 7
95 10
95 13
95 21
95 25
95 37
95 45
95 46
95 47
95 49
95 54
95 55
95 58
95 64
95 72
95 75
95 81
95 82
95 83
95 86
95 89
95 90
95 91
95 92
95 93
95 94
95 96
95 98
95 101
95 103
95 104
95 105
95 107
95 112
95 113
95 121
95 123
95 124
95 125
96 1
96 2
96 6
96 7
96 8
96 10
96 11
96 14
96 17
96 18
96 19
96 20
96 22
96 24
96 25
96 27
96 30
96 33
96 34
96 37
96 46
96 54
96 58
96 64
96 67
96 71
96 72
96 75
96 76
96 78
96 79
96 81
96 82
96 83
96 88
96 94
96 95
96 98
96 99
96 100
96 104
96 106
96 108
96 113
96 116
96 117
96 119
96 123
96 124
96 125
96 126
96 127
97 3
97 7
97 8
97 9
97 11
97 18
97 20
97 24
97 28
97 29
97 30
97 33
97 35
97 39
97 45
97 47
97 48
97 49
97 52
97 57
97 64
97 66
97 67
97 71
97 78
97 79
97 82
97 85
97 86
97 90
97 94
97 96
97 100
97 106
97 115
97 116
97 122
97 124
97 125
98 0
98 3
98 8
98 9
98 13
98 15
98 17
98 20
98 22
98 23
98 24
98 25
98 26
98 29
98 32
98 42
98 43
98 49
98 56
98 60
98 61
98 62
98 67
98 68
98 69
98 71
98 72
98 73
98 76
98 78
98 79
98 80
98 83
98 85
98 86
98 87
98 88
98 91
98 92
98 98
98 100
98 103
98 106
98 108
98 109
98 111
98 113
98 115
98 116
98 118
98 120
98 121
98 122
99 5
99 6
99 8
99 10
99 15
99 21
99 22
99 24
99 27
99 28
99 35
99 36
99 40
99 45
99 46
99 49
99 50
99 55
99 60
99 63
99 64
99 66
99 67
99 72
99 74
99 82
99 87
99 89
99 91
99 93
99 95
99 103
99 112
99 114
99 116
99 117
99 118
99 120
99 122
99 124
99 125
99 127
100 0
100 1
100 2
100 4
100 8
100 11
100 13
100 14
100 15
100 19
100 23
100 26
100 32
100 33
100 38
100 45
100 46
100 48
100 49
100 53
100 55
100 59
100 62
100 68
100 69
100 72
100 73
100 79
100 81
100 84
100 88
100 91
100 92
100 94
100 95
100 99
100 100
100 103
100 104
100 109
100 110
100 112
100 113
100 116
100 117
100 126
100 127
101 0
101 1
101 3
101 4
101 6
101 7
101 10
101 13
101 15
101 18
101 21
101 22
101 24
101 27
101 28
101 29
101 31
101 38
101 42
101 45
101 48
101 50
101 51
101 52
101 59
101 61
101 63
101 66
101 67
101 73
101 75
101 76
101 77
101 80
101 81
101 83
101 86
101 87
101 88
101 89
101 90
101 91
101 92
101 97
101 100
101 101
101 102
101 107
101 111
101 115
101 116
101 120
101 121
101 124
101 125
102 3
102 6
102 8
102 10
102 15
102 17
102 23
102 27
102 29
102 37
102 38
102 39
102 43
102 47
102 48
102 49
102 58
102 59
102 63
102 65
102 68
102 72
102 76
102 77
102 81
102 83
102 84
102 86
102 88
102 89
102 90
102 93
102 97
102 98
102 103
102 106
102 111
102 112
102 120
102 122
102 124
103 2
103 4
103 8
103 9
103 10
103 12
103 17
103 18
103 22
103 23
103 24
103 25
103 27
103 32
103 33
103 45
103 46
103 48
103 51
103 53
103 55
103 56
103 58
103 59
103 60
103 64
103 66
103 67
103 68
103 79
103 80
103 85
103 90
103 91
103 96
103 97
103 104
103 108
103 109
103 110
103 112
103 119
103 121
103 125
103 126
104 2
104 7
104 11
104 14
104 15
104 18
104 21
104 23
104 26
104 27
104 28
104 30
104 33
104 34
104 36
104 40
104 41
104 42
104 43
104 44
104 45
104 49
104 52
104 59
104 60
104 62
104 63
104 64
104 67
104 68
104 70
104 72
104 73
104 75
104 77
104 83
104 86
104 88
104 89
104 97
104 105
104 110
104 111
104 112
104 118
104 120
104 126
105 3
105 8
105 9
105 10
105 11
105 12
105 19
105 22
105 25
105 31
105 33
105 35
105 40
105 43
105 45
105 53
105 58
105 62
105 68
105 69
105 71
105 73
105 74
105 81
105 85
105 87
105 88
105 91
105 93
105 95
105 96
105 98
105 99
105 101
105 106
105 111
105 112
105 113
105 115
105 117
105 120
105 121
105 123
106 0
106 1
106 4
106 13
106 16
106 17
106 18
106 23
106 24
106 26
106 27
106 33
106 34
106 36
106 43
106 44
106 45
106 46
106 48
106 49
106 50
106 55
106 56
106 57
106 62
106 66
106 68
106 70
106 74
106 75
106 76
106 77
106 83
106 86
106 87
106 88
106 96
106 103
106 104
106 106
106 108
106 113
106 114
106 117
106 120
106 121
106 125
107 1
107 3
107 12
107 14
107 16
107 17
107 18
107 19
107 23
107 26
107 34
107 40
107 41
107 42
107 43
107 45
107 51
107 54
107 56
107 64
107 66
107 69
107 71
107 73
107 74
107 81
107 83
107 86
107 90
107 92
107 93
107 94
107 97
107 103
107 112
107 113
107 121
107 122
107 123
107 126
108 4
108 8
108 15
108 16
108 17
108 19
108 22
108 23
108 28
108 32
108 34
108 35
108 39
108 43
108 48
108 49
108 50
108 56
108 57
108 58
108 60
108 69
108 74
108 75
108 76
108 80
108 81
108 88
108 92
108 99
108 100
108 101
108 102
108 103
108 104
108 109
108 111
108 112
108 114
108 123
109 0
109 2
109 4
109 8
109 17
109 26
109 33
109 35
109 36
109 37
109 41
109 42
109 45
109 46
109 47
109 48
109 50
109 53
109 55
109 56
109 59
109 60
109 62
109 63
109 65
109 66
109 68
109 69
109 71
109 74
109 75
109 76
109 80
109 81
109 82
109 85
109 88
109 89
109 91
109 93
109 95
109 96
109 97
109 100
109 101
109 103
109 105
109 108
109 113
109 117
109 119
109 121
109 125
109 126
109 127
110 2
110 3
110 5
110 6
110 7
110 9
110 14
110 17
110 19
110 20
110 24
110 27
110 32
110 33
110 40
110 41
110 45
110 49
110 50
110 51
110 52
110 53
110 54
110 55
110 56
110 61
110 62
110 64
110 68
110 70
110 71
110 72
110 73
110 74
110 75
110 87
110 91
110 92
110 95
110 105
110 107
110 108
110 110
110 112
110 116
110 117
110 119
110 121
110 123
110 124
110 126
111 0
111 2
111 6
111 7
111 9
111 12
111 14
111 15
111 27
111 30
111 35
111 40
111 44
111 45
111 46
111 48
111 49
111 50
111 52
111 53
111 57
111 59
111 61
111 67
111 69
111 70
111 79
111 80
111 82
111 86
111 95
111 96
111 98
111 99
111 100
111 103
111 106
111 107
111 108
111 109
111 110
111 111
111 114
111 115
111 116
111 120
111 121
111 124
112 9
112 11
112 13
112 19
112 20
112 22
112 25
112 27
112 29
112 30
112 33
112 38
112 39
112 40
112 44
112 46
112 48
112 53
112 61
112 63
112 67
112 68
112 69
112 72
112 73
112 74
112 75
112 76
112 79
112 87
112 88
112 92
112 94
112 97
112 99
112 101
112 102
112 104
112 111
112 112
112 115
112 117
112 123
112 126
113 1
113 2
113 4
113 6
113 8
113 11
113 12
113 13
113 17
113 19
113 23
113 25
113 29
113 31
113 32
113 37
113 39
113 42
113 56
113 57
113 58
113 62
113 66
113 73
113 75
113 77
113 78
113 80
113 82
113 85
113 88
113 91
113 93
113 106
113 112
113 113
113 116
113 117
113 121
113 122
113 123
113 124
113 125
114 0
114 5
114 6
114 9
114 14
114 17
114 22
114 23
114 27
114 29
114 36
114 39
114 40
114 44
114 45
114 47
114 48
114 52
114 54
114 56
114 58
114 60
114 63
114 64
114 65
114 70
114 76
114 78
114 84
114 90
114 94
114 98
114 101
114 102
114 103
114 104
114 111
114 115
114 117
114 120
114 122
115 10
115 12
115 15
115 16
115 18
115 21
115 30
115 31
115 35
115 37
115 41
115 42
115 44
115 46
115 51
115 54
115 55
115 57
115 58
115 62
115 63
115 64
115 65
115 66
115 68
115 70
115 71
115 72
115 74
115 76
115 80
115 82
115 83
115 85
115 86
115 88
115 92
115 93
115 98
115 101
115 102
115 112
115 118
115 119
116 0
116 8
116 13
116 14
116 19
116 20
116 21
116 23
116 24
116 28
116 30
116 33
116 38
116 48
116 52
116 54
116 55
116 58
116 62
116 66
116 68
116 71
116 73
116 76
116 77
116 80
116 83
116 84
116 85
116 86
116 88
116 90
116 93
116 94
116 95
116 97
116 98
116 100
116 108
116 115
116 116
116 119
116 121
116 124
116 125
116 126
116 127
117 3
117 4
117 7
117 9
117 18
117 21
117 27
117 32
117 36
117 38
117 39
117 40
117 42
117 43
117 44
117 45
117 49
117 50
117 51
117 53
117 54
117 55
117 61
117 68
117 72
117 76
117 83
117 84
117 86
117 89
117 93
117 100
117 101
117 102
117 107
117 108
117 111
117 113
117 116
117 126
118 5
118 6
118 10
118 15
118 18
118 20
118 21
118 24
118 28
118 36
118 39
118 40
118 41
118 42
118 45
118 46
118 49
118 53
118 56
118 57
118 58
118 64
118 65
118 68
118 73
118 75
118 78
118 82
118 84
118 91
118 94
118 96
118 99
118 100
118 102
118 104
118 106
118 107
118 108
118 112
118 113
118 114
118 120
118 125
119 0
119 3
119 5
119 6
119 13
119 15
119 16
119 20
119 22
119 23
119 24
119 25
119 31
119 32
119 35
119 46
119 48
119 54
119 62
119 64
119 65
119 66
119 67
119 68
119 73
119 76
119 80
119 82
119 83
119 84
119 87
119 88
119 90
119 92
119 93
119 95
119 97
119 99
119 100
119 101
119 102
119 111
119 112
119 114
119 119
119 121
119 122
119 125
119 126
120 0
120 2
120 3
120 4
120 8
120 9
120 10
120 11
120 12
120 14
120 16
120 19
120 22
120 24
120 27
120 30
120 34
120 35
120 36
120 38
120 48
120 49
120 57
120 59
120 67
120 68
120 69
120 70
120 74
120 75
120 76
120 79
120 80
120 81
120 82
120 91
120 92
120 94
120 95
120 97
120 99
120 100
120 101
120 103
120 104
120 109
120 112
120 113
120 121
120 126
121 3
121 7
121 14
121 15
121 20
121 22
121 23
121 31
121 37
121 46
121 57
121 59
121 61
121 62
121 68
121 69
121 74
121 75
121 77
121 81
121 83
121 84
121 87
121 89
121 92
121 95
121 96
121 98
121 100
121 114
121 118
121 121
121 122
121 123
121 125
121 126
122 2
122 6
122 10
122 16
122 17
122 20
122 22
122 23
122 25
122 28
122 31
122 36
122 39
122 40
122 41
122 42
122 47
122 52
122 53
122 56
122 57
122 58
122 60
122 65
122 72
122 74
122 77
122 78
122 81
122 82
122 83
122 91
122 92
122 104
122 105
122 108
122 109
122 112
122 114
122 117
122 118
122 119
122 121
122 127
123 0
123 1
123 2
123 3
123 4
123 5
123 6
123 7
123 8
123 12
123 15
123 16
123 18
123 19
123 21
123 23
123 26
123 28
123 30
123 31
123 35
123 39
123 45
123 48
123 50
123 51
123 55
123 56
123 57
123 63
123 64
123 66
123 76
123 81
123 83
123 84
123 85
123 87
123 89
123 90
123 93
123 110
123 111
123 113
123 114
123 115
123 119
123 120
123 125
123 126
124 2
124 5
124 8
124 9
124 10
124 11
124 14
124 16
124 19
124 20
124 21
124 22
124 27
124 33
124 34
124 40
124 41
124 44
124 47
124 48
124 53
124 57
124 61
124 63
124 64
124 70
124 73
124 74
124 75
124 76
124 83
124 87
124 88
124 90
124 92
124 94
124 97
124 102
124 103
124 105
124 117
124 120
124 121
124 124
124 126
125 0
125 4
125 5
125 10
125 11
125 13
125 14
125 17
125 18
125 21
125 22
125 25
125 28
125 33
125 35
125 42
125 44
125 46
125 58
125 60
125 61
125 63
125 66
125 67
125 71
125 79
125 80
125 82
125 84
125 92
125 93
125 94
125 96
125 101
125 102
125 103
125 109
125 113
125 117
125 119
125 124
126 1
126 3
126 7
126 8
126 12
126 13
126 18
126 20
126 31
126 32
126 33
126 36
126 38
126 41
126 42
126 46
126 51
126 52
126 54
126 60
126 61
126 62
126 63
126 65
126 68
126 71
126 75
126 80
126 83
126 86
126 89
126 91
126 94
126 95
126 98
126 101
126 104
126 106
126 107
126 111
126 113
126 117
126 118
126 119
126 124
126 127
127 3
127 4
127 5
127 8
127 11
127 12
127 13
127 20
127 21
127 22
127 24
127 30
127 34
127 36
127 45
127 49
127 53
127 55
127 57
127 61
127 64
127 67
127 69
127 72
127 77
127 78
127 86
127 89
127 90
127 91
127 93
127 95
127 98
127 100
127 107
127 111
127 112
127 117
127 119
127 122
127 126
