0 0
0 2
0 3
0 4
0 5
0 6
0 10
0 15
0 16
0 28
0 32
0 34
0 40
0 47
0 53
0 56
0 59
0 62
0 64
0 69
0 70
0 75
0 76
0 77
0 79
0 80
0 87
0 91
0 99
0 101
0 102
0 103
0 112
0 115
0 119
0 123
1 3
1 12
1 15
1 19
1 22
1 23
1 29
1 33
1 34
1 35
1 37
1 42
1 44
1 51
1 52
1 56
1 61
1 63
1 64
1 74
1 98
1 99
1 103
1 106
1 109
1 113
1 121
1 122
1 123
1 124
2 1
2 5
2 12
2 14
2 17
2 21
2 27
2 29
2 32
2 33
2 34
2 37
2 41
2 43
2 45
2 46
2 49
2 51
2 55
2 56
2 68
2 75
2 84
2 85
2 86
2 92
2 96
2 102
2 105
2 110
2 112
2 115
2 116
2 119
2 123
3 1
3 3
3 5
3 8
3 12
3 13
3 14
3 16
3 20
3 21
3 29
3 31
3 32
3 33
3 36
3 37
3 38
3 40
3 48
3 50
3 59
3 60
3 66
3 69
3 70
3 72
3 74
3 76
3 79
3 81
3 94
3 98
3 100
3 103
3 105
3 110
3 117
3 119
3 121
3 123
3 127
4 4
4 5
4 9
4 14
4 21
4 26
4 27
4 28
4 29
4 30
4 32
4 38
4 40
4 44
4 46
4 48
4 53
4 56
4 61
4 62
4 66
4 67
4 69
4 71
4 75
4 76
4 77
4 78
4 79
4 80
4 85
4 86
4 97
4 98
4 100
4 107
4 109
4 111
4 117
4 118
4 121
4 122
4 124
5 0
5 2
5 3
5 5
5 10
5 18
5 21
5 22
5 24
5 29
5 31
5 36
5 37
5 39
5 45
5 46
5 48
5 51
5 54
5 61
5 67
5 71
5 74
5 76
5 77
5 78
5 87
5 90
5 94
5 96
5 97
5 98
5 100
5 101
5 103
5 104
5 106
5 107
5 108
5 110
5 111
5 112
5 113
5 120
5 126
6 0
6 2
6 6
6 8
6 11
6 13
6 22
6 24
6 27
6 29
6 34
6 40
6 44
6 45
6 47
6 53
6 59
6 60
6 61
6 64
6 65
6 67
6 68
6 70
6 71
6 74
6 76
6 77
6 82
6 85
6 86
6 92
6 96
6 101
6 102
6 106
6 109
6 113
6 118
6 121
6 123
7 1
7 5
7 6
7 9
7 10
7 11
7 12
7 15
7 17
7 18
7 19
7 21
7 22
7 23
7 28
7 31
7 35
7 37
7 38
7 39
7 40
7 42
7 46
7 47
7 49
7 51
7 56
7 62
7 64
7 65
7 80
7 82
7 87
7 88
7 89
7 90
7 92
7 96
7 98
7 99
7 102
7 104
7 105
7 109
7 112
7 113
7 114
7 115
7 116
7 119
7 127
8 5
8 6
8 10
8 11
8 13
8 15
8 16
8 19
8 24
8 35
8 37
8 38
8 41
8 49
8 50
8 51
8 56
8 59
8 63
8 64
8 65
8 67
8 70
8 72
8 75
8 76
8 78
8 81
8 82
8 94
8 96
8 100
8 103
8 104
8 110
8 111
8 115
8 118
8 121
8 122
9 6
9 7
9 8
9 12
9 15
9 16
9 19
9 20
9 28
9 31
9 37
9 38
9 39
9 42
9 45
9 51
9 53
9 54
9 58
9 60
9 64
9 66
9 68
9 69
9 73
9 74
9 76
9 77
9 78
9 81
9 82
9 83
9 87
9 88
9 92
9 100
9 104
9 105
9 107
9 109
9 115
9 116
9 117
9 120
9 122
9 124
10 5
10 7
10 8
10 11
10 18
10 19
10 20
10 22
10 30
10 35
10 38
10 43
10 48
10 52
10 56
10 59
10 60
10 63
10 72
10 73
10 75
10 78
10 83
10 84
10 87
10 88
10 92
10 93
10 107
10 111
10 112
10 114
10 118
10 122
10 126
11 1
11 2
11 8
11 10
11 12
11 14
11 17
11 18
11 19
11 28
11 29
11 32
11 36
11 38
11 42
11 56
11 63
11 65
11 72
11 73
11 76
11 77
11 81
11 83
11 87
11 96
11 100
11 101
11 102
11 104
11 108
11 109
11 114
11 115
11 119
11 121
11 127
12 1
12 4
12 6
12 8
12 9
12 12
12 15
12 16
12 20
12 26
12 29
12 30
12 32
12 33
12 34
12 37
12 41
12 47
12 51
12 54
12 57
12 60
12 69
12 72
12 75
12 85
12 87
12 89
12 91
12 93
12 96
12 107
12 110
12 111
12 113
12 118
12 124
12 125
12 127
13 1
13 2
13 10
13 11
13 12
13 14
13 16
13 19
13 24
13 26
13 34
13 35
13 43
13 50
13 51
13 53
13 55
13 61
13 63
13 64
13 68
13 71
13 79
13 80
13 82
13 83
13 85
13 86
13 92
13 95
13 97
13 99
13 100
13 102
13 103
13 104
13 109
13 118
13 119
13 122
13 124
14 3
14 4
14 5
14 6
14 10
14 16
14 19
14 23
14 26
14 29
14 31
14 32
14 33
14 34
14 35
14 37
14 47
14 48
14 51
14 55
14 57
14 60
14 62
14 63
14 67
14 68
14 69
14 78
14 79
14 86
14 89
14 92
14 94
14 99
14 103
14 104
14 108
14 109
14 117
14 118
14 120
14 126
15 0
15 2
15 4
15 11
15 12
15 13
15 15
15 16
15 25
15 27
15 29
15 31
15 32
15 37
15 42
15 44
15 52
15 53
15 60
15 63
15 64
15 65
15 67
15 70
15 78
15 83
15 88
15 89
15 91
15 93
15 102
15 104
15 106
15 111
15 117
15 121
15 126
15 127
16 2
16 3
16 7
16 14
16 15
16 18
16 20
16 22
16 24
16 25
16 38
16 41
16 46
16 47
16 54
16 55
16 57
16 70
16 73
16 75
16 78
16 81
16 84
16 88
16 92
16 93
16 97
16 99
16 102
16 103
16 105
16 108
17 6
17 8
17 9
17 10
17 11
17 14
17 19
17 21
17 23
17 25
17 28
17 33
17 46
17 52
17 57
17 58
17 63
17 74
17 75
17 76
17 79
17 81
17 91
17 92
17 99
17 104
17 106
17 112
17 113
17 115
17 118
17 121
17 123
17 124
17 127
18 0
18 1
18 9
18 11
18 13
18 17
18 22
18 23
18 30
18 34
18 36
18 41
18 42
18 43
18 45
18 48
18 50
18 51
18 64
18 68
18 75
18 80
18 86
18 87
18 91
18 92
18 96
18 99
18 108
18 109
18 112
18 116
18 120
18 124
19 2
19 5
19 7
19 9
19 11
19 13
19 17
19 19
19 21
19 31
19 40
19 44
19 45
19 48
19 54
19 57
19 62
19 65
19 72
19 73
19 74
19 82
19 84
19 85
19 87
19 92
19 93
19 98
19 99
19 101
19 110
19 111
19 116
19 119
19 122
19 124
20 0
20 2
20 3
20 4
20 5
20 11
20 12
20 17
20 18
20 20
20 25
20 27
20 31
20 32
20 33
20 35
20 38
20 45
20 46
20 48
20 56
20 59
20 62
20 65
20 67
20 70
20 71
20 74
20 77
20 79
20 87
20 90
20 95
20 101
20 102
20 104
20 106
20 107
20 109
20 117
20 119
20 124
20 126
21 9
21 10
21 23
21 27
21 28
21 30
21 31
21 32
21 37
21 39
21 43
21 45
21 46
21 51
21 57
21 71
21 75
21 76
21 91
21 94
21 97
21 103
21 105
21 109
21 110
21 111
21 114
21 116
21 120
22 1
22 6
22 8
22 11
22 16
22 17
22 20
22 21
22 28
22 37
22 38
22 39
22 50
22 57
22 63
22 64
22 69
22 74
22 75
22 79
22 80
22 83
22 85
22 93
22 97
22 98
22 102
22 103
22 104
22 108
22 109
22 114
22 115
22 117
22 125
23 0
23 7
23 12
23 14
23 24
23 25
23 26
23 31
23 33
23 34
23 37
23 40
23 42
23 45
23 49
23 53
23 58
23 60
23 62
23 63
23 69
23 70
23 72
23 74
23 76
23 77
23 79
23 86
23 91
23 92
23 93
23 104
23 105
23 111
23 113
23 116
23 120
23 126
24 8
24 9
24 19
24 20
24 25
24 32
24 34
24 37
24 43
24 45
24 48
24 50
24 51
24 53
24 54
24 58
24 61
24 63
24 66
24 71
24 73
24 74
24 75
24 78
24 81
24 82
24 83
24 85
24 87
24 88
24 92
24 95
24 96
24 97
24 104
24 105
24 107
24 109
24 115
24 119
24 121
25 1
25 6
25 10
25 16
25 17
25 18
25 21
25 25
25 27
25 30
25 32
25 35
25 43
25 45
25 49
25 51
25 53
25 57
25 60
25 61
25 64
25 66
25 67
25 68
25 70
25 73
25 74
25 75
25 78
25 84
25 87
25 91
25 92
25 94
25 96
25 101
25 103
25 106
25 113
25 115
25 116
25 118
25 120
25 123
25 124
26 0
26 4
26 15
26 19
26 21
26 22
26 24
26 25
26 32
26 34
26 37
26 38
26 42
26 47
26 48
26 49
26 55
26 63
26 69
26 75
26 77
26 82
26 85
26 87
26 89
26 93
26 98
26 100
26 101
26 105
26 106
26 110
26 113
26 121
26 125
27 1
27 2
27 4
27 5
27 6
27 7
27 10
27 11
27 15
27 17
27 21
27 31
27 33
27 44
27 45
27 47
27 48
27 50
27 51
27 56
27 57
27 58
27 59
27 60
27 64
27 68
27 72
27 75
27 76
27 79
27 80
27 89
27 93
27 107
27 108
27 110
27 111
27 113
27 115
27 116
27 118
27 120
27 124
27 125
28 1
28 6
28 7
28 10
28 13
28 14
28 15
28 19
28 28
28 29
28 32
28 34
28 36
28 38
28 40
28 42
28 44
28 45
28 49
28 50
28 55
28 56
28 57
28 67
28 69
28 74
28 75
28 76
28 81
28 84
28 88
28 89
28 97
28 100
28 115
28 116
28 123
29 2
29 9
29 14
29 16
29 19
29 24
29 26
29 29
29 33
29 34
29 36
29 37
29 38
29 39
29 42
29 43
29 47
29 48
29 49
29 55
29 56
29 57
29 59
29 62
29 64
29 73
29 76
29 77
29 83
29 85
29 86
29 91
29 98
29 100
29 109
29 112
29 113
29 116
29 122
29 124
29 126
29 127
30 11
30 18
30 19
30 26
30 32
30 39
30 40
30 41
30 50
30 51
30 61
30 62
30 70
30 72
30 79
30 81
30 85
30 88
30 90
30 96
30 103
30 111
30 116
30 117
30 124
30 127
31 0
31 4
31 6
31 15
31 17
31 19
31 33
31 36
31 37
31 45
31 51
31 52
31 61
31 73
31 79
31 81
31 93
31 97
31 100
31 105
31 107
31 112
31 116
31 118
31 120
31 123
31 125
31 126
32 2
32 4
32 7
32 8
32 11
32 12
32 24
32 29
32 32
32 33
32 34
32 38
32 40
32 41
32 43
32 45
32 46
32 47
32 49
32 51
32 57
32 58
32 59
32 61
32 62
32 67
32 74
32 76
32 78
32 80
32 81
32 87
32 90
32 92
32 95
32 109
32 110
32 114
32 119
32 120
32 122
33 1
33 7
33 8
33 12
33 13
33 17
33 20
33 22
33 23
33 24
33 28
33 32
33 34
33 40
33 43
33 45
33 51
33 54
33 64
33 66
33 72
33 82
33 86
33 101
33 102
33 107
33 108
33 109
33 111
33 113
33 115
33 118
33 120
33 127
34 6
34 8
34 11
34 15
34 17
34 35
34 42
34 49
34 56
34 59
34 60
34 65
34 70
34 72
34 74
34 77
34 87
34 88
34 89
34 93
34 96
34 97
34 101
34 104
34 109
34 110
34 113
34 115
34 117
34 122
34 123
35 2
35 6
35 7
35 12
35 16
35 23
35 24
35 26
35 32
35 33
35 35
35 40
35 48
35 49
35 50
35 53
35 54
35 62
35 64
35 70
35 71
35 72
35 73
35 74
35 81
35 85
35 88
35 91
35 95
35 97
35 99
35 100
35 101
35 103
35 104
35 107
35 112
35 113
35 119
35 120
35 124
35 127
36 2
36 3
36 9
36 14
36 17
36 22
36 28
36 30
36 38
36 42
36 43
36 47
36 50
36 52
36 64
36 65
36 68
36 69
36 74
36 79
36 81
36 82
36 83
36 86
36 89
36 97
36 99
36 100
36 104
36 107
36 110
36 111
36 115
36 118
36 119
37 3
37 6
37 11
37 15
37 16
37 17
37 19
37 22
37 24
37 25
37 33
37 35
37 37
37 38
37 39
37 40
37 41
37 42
37 43
37 46
37 52
37 56
37 60
37 69
37 73
37 74
37 77
37 78
37 82
37 92
37 93
37 96
37 100
37 110
37 114
37 115
38 5
38 16
38 19
38 22
38 23
38 24
38 26
38 30
38 33
38 34
38 35
38 37
38 42
38 44
38 45
38 46
38 48
38 51
38 57
38 74
38 82
38 85
38 86
38 87
38 90
38 94
38 97
38 107
38 108
38 113
38 117
38 119
38 120
38 125
39 1
39 7
39 9
39 11
39 12
39 25
39 29
39 31
39 32
39 40
39 42
39 48
39 50
39 54
39 58
39 63
39 64
39 66
39 70
39 71
39 72
39 73
39 82
39 83
39 91
39 100
39 102
39 105
39 112
39 120
39 127
40 1
40 4
40 5
40 9
40 19
40 20
40 23
40 29
40 31
40 34
40 37
40 47
40 49
40 51
40 52
40 54
40 56
40 59
40 69
40 76
40 77
40 80
40 81
40 83
40 84
40 87
40 95
40 96
40 99
40 100
40 106
40 107
40 108
40 111
40 114
40 121
40 124
40 127
41 5
41 7
41 8
41 11
41 13
41 15
41 17
41 18
41 21
41 22
41 23
41 29
41 33
41 34
41 37
41 46
41 49
41 51
41 55
41 65
41 68
41 69
41 70
41 74
41 77
41 78
41 81
41 83
41 85
41 86
41 103
41 110
41 111
41 114
41 118
41 122
41 124
41 125
42 4
42 9
42 11
42 13
42 16
42 17
42 19
42 20
42 23
42 29
42 35
42 36
42 41
42 46
42 56
42 59
42 60
42 64
42 71
42 72
42 76
42 77
42 78
42 79
42 84
42 87
42 88
42 89
42 90
42 104
42 105
42 109
42 112
42 115
42 117
42 121
43 4
43 6
43 14
43 15
43 16
43 17
43 18
43 22
43 25
43 28
43 33
43 36
43 42
43 43
43 45
43 48
43 52
43 60
43 63
43 67
43 69
43 72
43 78
43 86
43 90
43 92
43 95
43 102
43 107
43 110
43 111
43 113
43 121
43 123
44 4
44 6
44 11
44 12
44 13
44 22
44 23
44 25
44 27
44 28
44 30
44 31
44 32
44 33
44 35
44 40
44 44
44 49
44 53
44 59
44 64
44 71
44 72
44 73
44 75
44 77
44 78
44 79
44 82
44 84
44 86
44 91
44 94
44 95
44 96
44 101
44 105
44 106
44 108
44 109
44 111
44 113
44 120
44 121
44 122
44 126
44 127
45 6
45 7
45 10
45 12
45 16
45 19
45 20
45 22
45 23
45 25
45 27
45 32
45 34
45 38
45 41
45 43
45 47
45 52
45 63
45 65
45 66
45 68
45 72
45 73
45 77
45 78
45 79
45 80
45 83
45 85
45 86
45 93
45 96
45 99
45 105
45 106
45 108
45 109
45 121
46 3
46 4
46 9
46 21
46 22
46 23
46 28
46 32
46 33
46 35
46 40
46 58
46 74
46 75
46 77
46 85
46 88
46 90
46 91
46 95
46 96
46 98
46 102
46 103
46 109
46 114
46 121
46 122
46 125
47 0
47 2
47 4
47 5
47 8
47 9
47 10
47 12
47 14
47 18
47 19
47 21
47 25
47 28
47 30
47 35
47 36
47 38
47 42
47 45
47 47
47 49
47 50
47 51
47 52
47 58
47 61
47 65
47 66
47 79
47 84
47 86
47 91
47 92
47 99
47 100
47 101
47 105
47 106
47 108
47 114
47 118
47 120
47 122
48 8
48 9
48 12
48 26
48 27
48 37
48 39
48 40
48 47
48 48
48 58
48 60
48 63
48 65
48 70
48 82
48 85
48 90
48 95
48 96
48 102
48 103
48 111
48 115
48 116
48 117
48 121
48 122
48 125
48 127
49 3
49 4
49 9
49 10
49 12
49 13
49 22
49 23
49 26
49 32
49 38
49 41
49 43
49 45
49 46
49 48
49 50
49 52
49 54
49 63
49 64
49 65
49 66
49 67
49 70
49 71
49 75
49 76
49 81
49 84
49 90
49 91
49 94
49 96
49 102
49 103
49 104
49 108
49 110
49 111
49 113
49 115
49 116
49 118
49 120
49 121
49 124
49 126
50 2
50 4
50 6
50 16
50 18
50 20
50 23
50 25
50 29
50 33
50 37
50 39
50 44
50 48
50 49
50 51
50 61
50 65
50 68
50 73
50 75
50 78
50 80
50 81
50 84
50 94
50 96
50 99
50 104
50 110
50 111
50 113
50 120
50 126
50 127
51 0
51 2
51 7
51 10
51 11
51 18
51 19
51 24
51 27
51 30
51 34
51 39
51 40
51 42
51 46
51 48
51 49
51 50
51 56
51 57
51 59
51 63
51 64
51 66
51 68
51 69
51 70
51 72
51 75
51 79
51 82
51 83
51 84
51 86
51 92
51 97
51 104
51 106
51 108
51 110
51 111
51 124
51 126
52 1
52 7
52 10
52 13
52 14
52 21
52 22
52 24
52 26
52 32
52 35
52 43
52 45
52 47
52 52
52 56
52 64
52 73
52 75
52 76
52 79
52 82
52 84
52 85
52 88
52 93
52 94
52 95
52 103
52 105
52 110
52 112
52 122
52 126
53 1
53 6
53 7
53 8
53 14
53 15
53 23
53 26
53 27
53 39
53 41
53 42
53 44
53 50
53 52
53 55
53 59
53 60
53 66
53 68
53 70
53 72
53 74
53 75
53 76
53 80
53 83
53 84
53 89
53 90
53 91
53 98
53 106
53 109
53 112
53 118
53 119
54 1
54 2
54 10
54 11
54 18
54 24
54 26
54 28
54 31
54 37
54 39
54 42
54 47
54 49
54 54
54 65
54 68
54 70
54 74
54 76
54 77
54 81
54 84
54 100
54 106
54 118
54 120
54 123
54 125
54 127
55 3
55 4
55 10
55 12
55 15
55 18
55 20
55 29
55 37
55 40
55 42
55 45
55 48
55 52
55 54
55 60
55 63
55 70
55 72
55 75
55 83
55 84
55 87
55 90
55 92
55 93
55 95
55 96
55 97
55 103
55 104
55 109
55 111
55 112
55 114
55 116
55 119
55 127
56 0
56 7
56 9
56 10
56 13
56 21
56 25
56 26
56 27
56 31
56 32
56 34
56 36
56 43
56 44
56 45
56 47
56 49
56 52
56 54
56 58
56 63
56 64
56 65
56 66
56 68
56 72
56 82
56 91
56 92
56 94
56 97
56 98
56 100
56 112
56 114
56 119
56 121
57 1
57 6
57 7
57 10
57 14
57 15
57 16
57 17
57 18
57 19
57 22
57 26
57 30
57 31
57 34
57 37
57 42
57 45
57 55
57 59
57 62
57 68
57 71
57 73
57 77
57 79
57 81
57 83
57 85
57 87
57 89
57 91
57 93
57 97
57 98
57 100
57 102
57 104
57 106
57 111
57 119
57 120
57 124
58 0
58 1
58 2
58 3
58 12
58 18
58 21
58 23
58 26
58 30
58 31
58 41
58 44
58 46
58 49
58 51
58 53
58 57
58 58
58 59
58 63
58 65
58 70
58 76
58 79
58 84
58 89
58 90
58 91
58 92
58 98
58 101
58 103
58 108
58 109
58 110
58 117
58 121
58 123
58 125
59 0
59 4
59 13
59 16
59 18
59 20
59 21
59 24
59 27
59 28
59 38
59 41
59 43
59 44
59 47
59 48
59 51
59 54
59 55
59 56
59 57
59 64
59 70
59 71
59 76
59 77
59 82
59 83
59 84
59 86
59 89
59 90
59 91
59 92
59 93
59 94
59 96
59 97
59 102
59 109
59 114
59 115
59 117
59 122
59 123
59 124
59 126
60 1
60 4
60 8
60 11
60 23
60 29
60 35
60 36
60 37
60 38
60 39
60 41
60 42
60 50
60 59
60 61
60 66
60 73
60 75
60 78
60 79
60 80
60 97
60 100
60 105
60 113
60 118
60 125
60 126
60 127
61 0
61 3
61 6
61 7
61 8
61 11
61 19
61 21
61 23
61 26
61 29
61 31
61 33
61 35
61 37
61 38
61 39
61 40
61 42
61 43
61 48
61 49
61 52
61 56
61 58
61 60
61 64
61 66
61 71
61 76
61 78
61 80
61 86
61 90
61 91
61 93
61 94
61 98
61 99
61 104
61 108
61 109
61 110
61 114
61 116
61 125
62 0
62 5
62 8
62 13
62 14
62 15
62 17
62 19
62 25
62 30
62 38
62 39
62 42
62 48
62 49
62 50
62 54
62 57
62 60
62 70
62 72
62 76
62 77
62 81
62 84
62 85
62 88
62 97
62 99
62 101
62 106
62 107
62 108
62 109
62 111
62 112
62 113
62 117
62 118
62 123
62 126
62 127
63 2
63 8
63 9
63 14
63 17
63 19
63 21
63 24
63 25
63 26
63 29
63 31
63 43
63 52
63 58
63 62
63 67
63 72
63 75
63 77
63 79
63 83
63 107
63 110
63 111
63 112
63 113
63 116
63 121
63 126
64 1
64 8
64 10
64 12
64 15
64 20
64 23
64 29
64 31
64 34
64 36
64 39
64 40
64 47
64 49
64 52
64 54
64 55
64 62
64 64
64 67
64 74
64 79
64 80
64 81
64 82
64 87
64 93
64 96
64 98
64 107
64 108
64 112
64 113
64 115
64 122
64 124
65 1
65 3
65 6
65 9
65 11
65 15
65 17
65 20
65 21
65 22
65 25
65 28
65 31
65 32
65 34
65 37
65 42
65 43
65 46
65 55
65 58
65 66
65 67
65 68
65 70
65 72
65 73
65 81
65 82
65 83
65 86
65 88
65 96
65 98
65 102
65 104
65 106
65 108
65 109
65 122
65 123
65 127
66 2
66 4
66 25
66 27
66 31
66 34
66 40
66 45
66 50
66 51
66 61
66 65
66 72
66 79
66 81
66 86
66 87
66 90
66 91
66 97
66 98
66 104
66 114
66 115
66 118
66 119
66 121
66 124
66 125
67 2
67 3
67 5
67 13
67 14
67 15
67 34
67 44
67 45
67 46
67 49
67 53
67 54
67 59
67 68
67 86
67 88
67 90
67 96
67 98
67 99
67 100
67 103
67 105
67 112
67 117
67 119
67 120
67 121
68 5
68 11
68 14
68 21
68 22
68 26
68 27
68 30
68 33
68 34
68 35
68 39
68 42
68 51
68 52
68 53
68 54
68 58
68 60
68 64
68 79
68 80
68 82
68 84
68 87
68 89
68 92
68 93
68 99
68 108
68 110
68 112
68 114
68 115
68 116
68 118
68 120
68 124
68 127
69 4
69 6
69 8
69 11
69 13
69 16
69 18
69 19
69 21
69 22
69 24
69 25
69 26
69 29
69 32
69 34
69 39
69 40
69 41
69 42
69 48
69 50
69 52
69 54
69 63
69 66
69 70
69 72
69 75
69 76
69 77
69 90
69 94
69 96
69 102
69 109
69 110
69 111
69 112
69 116
69 117
69 121
69 122
69 123
69 125
69 126
70 1
70 6
70 7
70 14
70 16
70 17
70 18
70 22
70 25
70 27
70 28
70 29
70 31
70 33
70 34
70 39
70 42
70 44
70 45
70 56
70 59
70 60
70 62
70 65
70 69
70 72
70 78
70 79
70 80
70 85
70 86
70 88
70 89
70 90
70 93
70 95
70 96
70 99
70 102
70 104
70 105
70 106
70 113
70 115
70 120
70 122
70 125
71 0
71 4
71 5
71 11
71 14
71 15
71 16
71 29
71 30
71 37
71 38
71 41
71 43
71 44
71 47
71 51
71 55
71 60
71 61
71 63
71 66
71 73
71 74
71 76
71 81
71 83
71 87
71 89
71 91
71 94
71 95
71 99
71 102
71 104
71 112
71 113
71 116
71 118
71 119
71 120
71 121
71 124
71 125
71 126
72 2
72 4
72 7
72 10
72 18
72 20
72 24
72 25
72 34
72 37
72 40
72 41
72 43
72 44
72 45
72 49
72 51
72 52
72 53
72 55
72 56
72 58
72 65
72 66
72 69
72 73
72 75
72 76
72 77
72 79
72 80
72 86
72 87
72 89
72 93
72 96
72 97
72 98
72 99
72 105
72 112
72 113
72 114
72 120
72 121
72 122
73 0
73 3
73 6
73 10
73 17
73 19
73 21
73 28
73 33
73 34
73 36
73 37
73 39
73 45
73 46
73 47
73 52
73 53
73 58
73 68
73 74
73 75
73 76
73 77
73 82
73 87
73 91
73 98
73 100
73 101
73 106
73 108
73 112
73 113
73 115
73 122
73 126
74 3
74 5
74 8
74 9
74 13
74 14
74 18
74 19
74 24
74 26
74 28
74 34
74 35
74 38
74 49
74 50
74 51
74 57
74 58
74 62
74 66
74 67
74 68
74 72
74 76
74 77
74 80
74 81
74 83
74 87
74 89
74 91
74 92
74 95
74 97
74 106
74 112
74 123
74 126
74 127
75 0
75 3
75 4
75 5
75 9
75 12
75 15
75 20
75 21
75 23
75 26
75 30
75 31
75 35
75 38
75 40
75 43
75 55
75 56
75 57
75 58
75 68
75 72
75 73
75 74
75 80
75 88
75 89
75 90
75 98
75 102
75 108
75 110
75 113
75 114
75 116
75 119
75 121
75 122
75 123
75 125
75 126
75 127
76 0
76 1
76 2
76 8
76 11
76 12
76 13
76 14
76 17
76 18
76 19
76 24
76 29
76 30
76 34
76 35
76 36
76 38
76 39
76 40
76 45
76 47
76 49
76 56
76 57
76 60
76 69
76 76
76 78
76 79
76 84
76 93
76 95
76 98
76 99
76 102
76 104
76 107
76 109
76 110
76 111
76 116
76 117
76 119
76 124
76 126
77 0
77 1
77 2
77 7
77 8
77 12
77 13
77 15
77 17
77 18
77 21
77 28
77 29
77 30
77 31
77 34
77 35
77 37
77 39
77 41
77 52
77 53
77 58
77 63
77 67
77 68
77 69
77 70
77 78
77 80
77 82
77 86
77 89
77 91
77 94
77 96
77 97
77 98
77 103
77 108
77 109
77 114
77 115
77 122
77 124
77 125
78 3
78 5
78 6
78 7
78 9
78 11
78 14
78 17
78 19
78 26
78 28
78 34
78 40
78 42
78 45
78 49
78 53
78 55
78 59
78 60
78 61
78 63
78 66
78 69
78 70
78 71
78 81
78 83
78 84
78 87
78 89
78 90
78 92
78 94
78 95
78 97
78 102
78 103
78 119
78 121
78 122
78 127
79 0
79 1
79 2
79 4
79 8
79 9
79 11
79 13
79 14
79 15
79 20
79 23
79 25
79 27
79 28
79 30
79 31
79 35
79 42
79 43
79 45
79 47
79 49
79 50
79 51
79 53
79 54
79 61
79 64
79 67
79 68
79 73
79 74
79 75
79 80
79 81
79 85
79 86
79 89
79 91
79 95
79 97
79 99
79 100
79 103
79 107
79 110
79 111
79 116
79 117
79 120
79 124
79 127
80 4
80 5
80 9
80 13
80 17
80 18
80 20
80 26
80 27
80 29
80 31
80 33
80 34
80 37
80 42
80 44
80 47
80 48
80 49
80 54
80 55
80 59
80 62
80 65
80 66
80 69
80 73
80 74
80 77
80 81
80 83
80 84
80 86
80 95
80 96
80 99
80 102
80 107
80 109
80 110
80 114
80 119
80 122
80 124
80 126
81 5
81 9
81 12
81 19
81 21
81 26
81 28
81 33
81 34
81 41
81 44
81 47
81 51
81 54
81 55
81 57
81 60
81 62
81 63
81 64
81 66
81 68
81 69
81 72
81 83
81 84
81 88
81 91
81 93
81 96
81 101
81 102
81 105
81 113
81 115
81 117
81 118
81 122
81 123
81 126
82 4
82 5
82 6
82 8
82 9
82 10
82 11
82 12
82 15
82 16
82 17
82 19
82 20
82 24
82 27
82 29
82 36
82 37
82 40
82 42
82 45
82 47
82 49
82 51
82 53
82 62
82 64
82 66
82 68
82 70
82 74
82 78
82 90
82 96
82 97
82 100
82 102
82 108
82 110
82 113
82 114
82 116
82 117
82 124
82 127
83 1
83 3
83 7
83 8
83 11
83 14
83 17
83 24
83 26
83 27
83 29
83 39
83 45
83 54
83 58
83 59
83 64
83 67
83 69
83 70
83 75
83 80
83 82
83 87
83 89
83 93
83 95
83 100
83 101
83 103
83 105
83 107
83 108
83 111
83 112
83 115
83 117
83 121
83 123
83 125
84 1
84 4
84 10
84 16
84 17
84 18
84 31
84 32
84 34
84 37
84 39
84 45
84 46
84 48
84 49
84 53
84 58
84 63
84 69
84 70
84 71
84 73
84 74
84 75
84 77
84 81
84 83
84 84
84 85
84 87
84 89
84 96
84 101
84 102
84 106
84 110
84 112
84 114
84 118
84 120
84 121
84 126
84 127
85 3
85 6
85 9
85 12
85 19
85 31
85 32
85 34
85 36
85 46
85 65
85 66
85 68
85 71
85 76
85 79
85 82
85 86
85 91
85 102
85 104
85 107
85 108
85 109
85 110
85 111
85 118
85 126
85 127
86 2
86 15
86 20
86 28
86 30
86 31
86 34
86 38
86 41
86 45
86 47
86 48
86 50
86 58
86 66
86 68
86 75
86 84
86 86
86 87
86 88
86 89
86 91
86 95
86 103
86 105
86 110
86 114
86 115
86 118
86 119
86 120
86 121
87 0
87 1
87 4
87 10
87 14
87 15
87 18
87 20
87 24
87 30
87 31
87 33
87 35
87 37
87 39
87 41
87 47
87 48
87 52
87 55
87 57
87 62
87 63
87 69
87 71
87 78
87 82
87 83
87 84
87 89
87 103
87 115
87 116
87 123
87 124
87 127
88 1
88 3
88 4
88 5
88 6
88 8
88 9
88 10
88 11
88 15
88 17
88 18
88 25
88 30
88 32
88 34
88 35
88 39
88 42
88 46
88 47
88 50
88 51
88 65
88 67
88 72
88 74
88 77
88 78
88 80
88 87
88 92
88 95
88 96
88 97
88 100
88 103
88 106
88 107
88 111
88 119
88 120
88 121
88 123
88 124
88 125
89 2
89 4
89 7
89 13
89 21
89 22
89 23
89 29
89 32
89 39
89 40
89 42
89 46
89 49
89 54
89 56
89 57
89 63
89 65
89 67
89 68
89 71
89 74
89 78
89 79
89 80
89 82
89 92
89 97
89 103
89 110
89 114
89 115
89 117
89 118
89 119
89 120
89 123
89 124
89 127
90 1
90 2
90 4
90 5
90 14
90 15
90 18
90 19
90 20
90 23
90 29
90 35
90 42
90 45
90 48
90 54
90 60
90 70
90 74
90 77
90 78
90 79
90 80
90 92
90 96
90 100
90 113
90 115
90 119
90 120
90 123
90 126
90 127
91 1
91 3
91 13
91 14
91 19
91 23
91 26
91 28
91 31
91 33
91 34
91 41
91 42
91 43
91 47
91 48
91 50
91 53
91 56
91 59
91 60
91 61
91 63
91 66
91 67
91 69
91 81
91 82
91 84
91 85
91 89
91 100
91 103
91 104
91 109
91 120
91 124
91 126
92 2
92 4
92 7
92 8
92 12
92 20
92 21
92 23
92 25
92 26
92 32
92 37
92 38
92 42
92 51
92 54
92 56
92 59
92 62
92 66
92 67
92 69
92 74
92 75
92 81
92 83
92 92
92 102
92 111
92 119
92 122
93 4
93 6
93 9
93 12
93 17
93 23
93 28
93 37
93 39
93 43
93 48
93 56
93 57
93 60
93 61
93 64
93 65
93 67
93 70
93 71
93 73
93 75
93 76
93 77
93 78
93 88
93 90
93 91
93 93
93 94
93 97
93 98
93 100
93 104
93 107
93 111
93 119
93 120
93 125
93 126
93 127
94 3
94 7
94 11
94 12
94 13
94 16
94 17
94 24
94 27
94 32
94 33
94 34
94 35
94 40
94 43
94 44
94 46
94 51
94 54
94 56
94 58
94 65
94 70
94 71
94 75
94 79
94 84
94 87
94 89
94 91
94 92
94 94
94 97
94 98
94 102
94 107
94 109
94 111
94 113
94 116
94 121
94 125
94 127
95 0
95 9
95 13
95 15
95 18
95 22
95 24
95 28
95 30
95 34
95 36
95 37
95 38
95 47
95 48
95 50
95 51
95 61
95 63
95 64
95 69
95 70
95 78
95 83
95 87
95 88
95 91
95 102
95 107
95 108
95 112
95 116
95 119
95 127
96 4
96 6
96 8
96 11
96 12
96 16
96 24
96 27
96 32
96 34
96 37
96 40
96 46
96 53
96 61
96 62
96 67
96 69
96 71
96 76
96 79
96 85
96 87
96 93
96 95
96 97
96 98
96 101
96 104
96 106
96 107
96 110
96 113
96 118
96 120
96 121
96 122
96 123
97 1
97 4
97 6
97 11
97 13
97 14
97 15
97 18
97 24
97 25
97 26
97 27
97 33
97 35
97 41
97 42
97 51
97 61
97 62
97 64
97 68
97 69
97 75
97 83
97 85
97 91
97 99
97 103
97 104
97 116
97 119
97 127
98 5
98 6
98 12
98 20
98 21
98 23
98 29
98 30
98 31
98 39
98 42
98 45
98 47
98 51
98 53
98 54
98 55
98 60
98 69
98 74
98 82
98 86
98 88
98 90
98 93
98 97
98 100
98 101
98 105
98 110
98 118
98 125
98 126
99 11
99 12
99 13
99 14
99 17
99 18
99 20
99 27
99 29
99 31
99 35
99 42
99 44
99 46
99 47
99 49
99 55
99 58
99 59
99 61
99 63
99 69
99 75
99 76
99 80
99 81
99 84
99 86
99 88
99 89
99 90
99 93
99 96
99 99
99 100
99 101
99 103
99 105
99 106
99 113
99 114
99 119
100 1
100 4
100 5
100 9
100 19
100 21
100 23
100 28
100 31
100 32
100 34
100 37
100 39
100 42
100 44
100 51
100 55
100 59
100 63
100 65
100 67
100 70
100 85
100 87
100 88
100 93
100 97
100 101
100 103
100 105
100 107
100 108
100 111
100 113
100 116
100 119
100 123
100 126
101 0
101 3
101 4
101 6
101 7
101 9
101 15
101 18
101 19
101 23
101 24
101 25
101 26
101 29
101 31
101 32
101 36
101 37
101 41
101 43
101 45
101 46
101 47
101 52
101 57
101 61
101 62
101 67
101 72
101 73
101 74
101 82
101 84
101 85
101 87
101 89
101 100
101 101
101 110
101 112
101 114
101 116
101 121
101 123
101 124
102 5
102 8
102 10
102 16
102 17
102 22
102 23
102 26
102 29
102 33
102 35
102 37
102 38
102 40
102 41
102 42
102 46
102 50
102 53
102 55
102 62
102 64
102 69
102 72
102 78
102 80
102 82
102 91
102 97
102 98
102 104
102 105
102 108
102 109
102 110
102 114
102 119
102 121
102 125
102 127
103 0
103 5
103 6
103 8
103 10
103 11
103 12
103 14
103 15
103 17
103 22
103 24
103 26
103 27
103 36
103 38
103 42
103 43
103 45
103 48
103 58
103 62
103 64
103 67
103 68
103 70
103 77
103 79
103 85
103 93
103 94
103 96
103 97
103 99
103 102
103 105
103 106
103 107
103 109
103 111
103 112
103 114
103 115
103 116
103 118
103 120
103 121
103 124
103 125
103 126
103 127
104 4
104 10
104 12
104 20
104 21
104 23
104 31
104 36
104 41
104 43
104 44
104 46
104 48
104 53
104 59
104 60
104 68
104 70
104 74
104 76
104 78
104 79
104 81
104 83
104 84
104 86
104 91
104 93
104 95
104 96
104 98
104 100
104 102
104 106
104 107
104 118
104 119
104 120
104 125
105 1
105 6
105 9
105 13
105 14
105 18
105 26
105 29
105 31
105 40
105 41
105 46
105 50
105 55
105 56
105 64
105 66
105 72
105 73
105 78
105 82
105 86
105 88
105 91
105 92
105 93
105 95
105 97
105 99
105 102
105 110
105 112
105 113
105 117
105 118
105 119
105 122
105 124
105 126
106 0
106 3
106 10
106 11
106 13
106 15
106 16
106 17
106 20
106 27
106 34
106 37
106 39
106 41
106 49
106 52
106 53
106 62
106 66
106 72
106 80
106 82
106 83
106 86
106 87
106 88
106 91
106 94
106 98
106 99
106 100
106 101
106 103
106 104
106 110
106 114
106 117
106 118
106 120
107 0
107 1
107 2
107 3
107 5
107 7
107 11
107 13
107 16
107 17
107 21
107 22
107 24
107 26
107 30
107 37
107 38
107 39
107 49
107 50
107 52
107 62
107 65
107 66
107 68
107 70
107 74
107 78
107 80
107 85
107 94
107 95
107 102
107 104
107 106
107 110
107 123
107 124
107 126
108 0
108 11
108 20
108 21
108 31
108 36
108 37
108 42
108 49
108 50
108 54
108 56
108 63
108 64
108 68
108 72
108 77
108 79
108 82
108 84
108 88
108 99
108 102
108 110
108 112
108 114
108 116
108 117
108 127
109 5
109 10
109 12
109 17
109 22
109 34
109 35
109 36
109 37
109 47
109 51
109 56
109 58
109 61
109 62
109 63
109 65
109 66
109 68
109 73
109 75
109 79
109 80
109 83
109 85
109 87
109 91
109 95
109 96
109 99
109 115
109 118
109 122
109 126
110 3
110 7
110 14
110 19
110 24
110 25
110 30
110 34
110 36
110 39
110 42
110 43
110 50
110 55
110 58
110 60
110 61
110 62
110 64
110 68
110 75
110 79
110 81
110 85
110 87
110 93
110 94
110 99
110 103
110 106
110 108
110 110
110 114
110 120
111 1
111 3
111 7
111 14
111 15
111 17
111 18
111 24
111 25
111 28
111 32
111 33
111 37
111 39
111 42
111 48
111 49
111 51
111 59
111 64
111 65
111 73
111 76
111 77
111 79
111 81
111 82
111 92
111 95
111 96
111 97
111 99
111 101
111 103
111 105
111 108
111 116
111 119
111 122
111 123
112 0
112 7
112 10
112 11
112 20
112 25
112 27
112 29
112 30
112 31
112 32
112 36
112 41
112 43
112 49
112 51
112 53
112 56
112 58
112 60
112 61
112 64
112 65
112 66
112 75
112 78
112 80
112 82
112 83
112 85
112 93
112 95
112 99
112 102
112 108
112 109
112 118
112 125
113 0
113 3
113 4
113 6
113 7
113 9
113 12
113 16
113 19
113 20
113 23
113 26
113 27
113 29
113 30
113 32
113 34
113 38
113 41
113 52
113 54
113 56
113 57
113 58
113 59
113 72
113 73
113 76
113 77
113 86
113 88
113 92
113 93
113 97
113 114
113 120
113 123
113 126
114 1
114 3
114 5
114 10
114 11
114 16
114 19
114 28
114 30
114 34
114 42
114 44
114 46
114 51
114 57
114 59
114 61
114 72
114 73
114 77
114 82
114 83
114 87
114 89
114 90
114 101
114 109
114 112
114 119
114 125
114 126
115 4
115 6
115 10
115 12
115 14
115 15
115 17
115 19
115 20
115 32
115 33
115 37
115 42
115 48
115 51
115 52
115 58
115 63
115 67
115 69
115 70
115 71
115 78
115 79
115 80
115 81
115 82
115 87
115 93
115 94
115 99
115 100
115 103
115 108
115 109
115 113
115 117
115 121
116 8
116 18
116 22
116 38
116 39
116 41
116 47
116 53
116 54
116 55
116 56
116 59
116 67
116 69
116 72
116 73
116 75
116 79
116 80
116 83
116 84
116 86
116 93
116 94
116 95
116 96
116 97
116 99
116 102
116 109
116 110
116 111
116 113
116 117
116 124
116 125
116 127
117 0
117 1
117 2
117 5
117 7
117 14
117 15
117 17
117 18
117 21
117 23
117 25
117 26
117 30
117 31
117 40
117 43
117 45
117 47
117 52
117 54
117 57
117 59
117 62
117 65
117 66
117 67
117 70
117 72
117 75
117 77
117 82
117 85
117 86
117 87
117 89
117 101
117 105
117 107
117 110
117 111
117 127
118 2
118 7
118 10
118 14
118 19
118 20
118 26
118 31
118 33
118 36
118 38
118 39
118 42
118 44
118 51
118 55
118 58
118 66
118 68
118 77
118 80
118 84
118 86
118 88
118 98
118 102
118 103
118 104
118 105
118 106
118 114
118 118
118 125
119 9
119 10
119 13
119 16
119 17
119 20
119 25
119 30
119 33
119 34
119 41
119 44
119 45
119 50
119 52
119 54
119 60
119 62
119 63
119 64
119 65
119 66
119 68
119 71
119 73
119 76
119 78
119 79
119 82
119 84
119 92
119 93
119 94
119 96
119 97
119 98
119 103
119 105
119 106
119 107
119 113
119 115
119 116
119 120
119 122
119 124
120 1
120 9
120 14
120 15
120 19
120 24
120 25
120 30
120 33
120 38
120 43
120 46
120 49
120 64
120 65
120 67
120 68
120 75
120 83
120 84
120 86
120 89
120 93
120 97
120 105
120 106
120 111
120 113
120 115
120 116
120 119
120 120
120 121
120 126
121 5
121 7
121 9
121 10
121 11
121 13
121 21
121 22
121 23
121 24
121 28
121 30
121 32
121 38
121 40
121 45
121 48
121 53
121 54
121 55
121 56
121 57
121 71
121 74
121 78
121 83
121 86
121 87
121 90
121 96
121 97
121 106
121 109
121 112
121 113
121 120
121 121
121 123
121 125
122 0
122 7
122 10
122 11
122 13
122 14
122 15
122 19
122 21
122 29
122 37
122 39
122 43
122 44
122 50
122 53
122 61
122 75
122 77
122 79
122 83
122 86
122 88
122 90
122 95
122 96
122 98
122 99
122 101
122 106
122 108
122 112
122 116
122 121
122 122
122 127
123 3
123 7
123 11
123 16
123 17
123 23
123 33
123 41
123 43
123 46
123 48
123 58
123 67
123 71
123 72
123 74
123 77
123 84
123 99
123 102
123 103
123 105
123 109
123 111
123 112
123 114
123 115
123 117
123 118
124 6
124 12
124 17
124 18
124 20
124 21
124 23
124 26
124 34
124 35
124 37
124 46
124 49
124 51
124 58
124 59
124 66
124 69
124 76
124 84
124 86
124 92
124 94
124 105
124 108
124 109
124 112
124 115
124 119
124 120
124 122
125 0
125 2
125 4
125 10
125 17
125 27
125 35
125 37
125 38
125 40
125 41
125 42
125 49
125 50
125 51
125 52
125 54
125 62
125 66
125 67
125 69
125 70
125 71
125 75
125 78
125 83
125 87
125 88
125 95
125 98
125 101
125 106
125 107
125 109
125 113
125 114
125 119
125 121
125 123
125 127
126 0
126 4
126 7
126 10
126 14
126 17
126 18
126 25
126 26
126 29
126 32
126 33
126 44
126 45
126 49
126 50
126 53
126 55
126 56
126 57
126 62
126 67
126 69
126 72
126 73
126 74
126 75
126 80
126 81
126 83
126 84
126 89
126 91
126 92
126 94
126 97
126 98
126 101
126 104
126 106
126 108
126 109
126 113
126 116
126 118
126 120
126 123
126 127
127 2
127 7
127 14
127 15
127 18
127 29
127 32
127 37
127 38
127 39
127 40
127 41
127 42
127 46
127 52
127 53
127 62
127 64
127 66
127 73
127 76
127 79
127 80
127 84
127 88
127 91
127 94
127 95
127 98
127 102
127 104
127 105
127 106
127 108
127 110
127 114
127 117
127 123
127 125
127 127
