0 12
0 28
0 29
0 41
0 54
0 75
0 86
0 101
0 115
1 14
1 29
1 32
1 39
1 98
1 111
1 113
2 2
2 34
2 38
2 43
2 56
2 64
2 69
2 74
2 76
2 78
2 102
2 119
2 126
3 15
3 28
3 47
3 50
3 51
3 55
3 61
3 68
3 79
4 17
4 19
4 22
4 42
4 44
4 61
4 70
4 78
4 94
4 110
4 111
4 114
4 119
5 14
5 23
5 53
5 87
5 91
6 11
6 17
6 37
6 41
6 63
6 64
6 92
6 109
7 2
7 12
7 33
7 91
7 122
8 7
8 33
8 41
8 47
8 113
8 125
9 4
9 26
9 42
9 58
9 116
10 3
10 21
10 26
10 41
10 51
10 74
10 95
10 111
11 0
11 2
11 19
11 48
11 56
11 70
11 97
11 101
11 124
12 0
12 59
12 90
12 96
12 110
12 118
12 122
13 12
13 40
13 50
13 66
13 69
13 73
13 89
13 101
13 116
13 126
14 5
14 35
14 42
14 45
14 51
14 71
14 96
15 6
15 19
15 29
15 32
15 55
15 73
15 81
15 86
15 96
16 26
16 32
16 68
16 69
16 71
16 93
17 15
17 22
17 47
17 61
17 63
17 82
17 90
17 91
17 102
17 105
17 107
18 19
18 21
18 42
18 48
18 69
18 80
18 88
18 113
18 116
18 117
18 126
19 4
19 15
19 26
19 27
19 36
19 40
19 45
19 50
19 54
19 55
19 80
19 98
19 99
19 111
19 112
19 114
20 1
20 30
20 48
20 73
20 96
20 119
21 7
21 53
21 91
21 101
21 106
21 110
22 0
22 8
22 31
22 39
22 45
22 56
22 63
22 80
22 82
22 90
22 94
23 0
23 9
23 15
23 60
23 61
23 65
23 80
23 93
23 124
24 73
24 77
24 82
24 103
24 120
25 1
25 6
25 14
25 38
25 39
25 47
25 52
25 56
25 82
25 95
25 119
25 124
26 10
26 43
26 46
26 48
26 98
26 101
26 112
27 6
27 8
27 27
27 31
27 32
27 37
27 64
27 70
27 80
27 82
27 124
27 127
28 8
28 15
28 20
28 32
28 48
28 72
28 81
28 101
28 106
28 116
28 127
29 5
29 16
29 32
29 96
29 126
30 4
30 29
30 46
30 96
30 98
30 109
30 111
30 116
30 123
31 15
31 17
31 61
31 95
31 97
31 120
32 15
32 35
32 63
32 86
32 116
32 119
33 0
33 26
33 35
33 89
33 103
33 123
33 127
34 42
34 93
34 127
35 43
35 44
35 64
35 89
35 106
36 69
36 78
36 80
36 98
36 121
36 124
37 1
37 14
37 24
37 25
37 46
37 68
37 72
37 75
37 88
37 115
37 127
38 14
38 15
38 19
38 21
38 31
38 41
38 47
38 71
38 77
38 81
38 92
38 96
38 104
39 1
39 35
39 120
40 48
40 54
40 59
40 79
40 92
40 98
40 126
41 3
41 17
41 27
41 30
41 81
41 83
41 116
41 121
42 4
42 33
42 48
42 56
42 60
42 70
42 75
42 110
42 111
42 113
42 117
42 120
43 11
43 24
43 59
43 75
43 80
43 82
43 93
43 97
43 99
44 4
44 16
44 36
44 41
44 60
44 61
44 107
44 116
45 15
45 70
45 73
45 87
45 93
45 96
45 100
45 102
46 32
46 47
46 52
46 54
46 82
46 106
46 121
46 122
47 3
47 10
47 26
48 2
48 13
48 16
48 19
48 29
48 32
48 58
48 94
48 115
49 13
49 40
49 52
49 54
49 78
50 20
50 22
50 61
50 72
50 77
50 99
51 8
51 17
51 26
51 29
51 40
51 51
51 57
52 21
52 34
52 63
52 65
52 89
53 0
53 6
53 10
53 37
53 52
53 83
53 88
53 101
53 109
53 120
53 126
54 7
54 9
54 66
54 72
54 85
54 127
55 0
55 77
55 92
55 105
56 5
56 46
56 47
56 48
56 81
56 93
56 95
56 104
56 113
57 11
57 20
57 26
57 35
57 38
57 63
57 69
57 75
57 85
57 88
57 124
58 65
58 114
58 115
58 116
58 123
59 22
59 25
59 26
59 28
59 30
59 34
59 94
59 103
59 110
60 7
60 31
60 38
60 54
60 73
60 79
60 83
60 115
61 1
61 10
61 15
61 34
61 45
61 48
61 79
61 116
62 11
62 62
62 68
62 98
62 106
62 123
63 66
63 71
63 72
63 74
63 85
64 5
64 25
64 37
64 97
64 105
64 111
64 116
64 118
65 1
65 25
65 62
65 66
65 76
65 80
65 84
65 107
65 115
65 127
66 7
66 23
66 27
66 58
66 74
66 81
66 93
66 110
67 3
67 7
67 9
67 15
67 18
67 33
67 80
67 84
67 91
67 106
67 111
67 127
68 28
68 37
68 66
68 94
68 123
69 10
69 33
69 76
69 86
69 113
70 18
70 28
70 36
70 47
70 52
70 73
70 88
70 94
70 96
70 97
70 102
70 112
71 41
71 52
71 72
71 85
72 4
72 14
72 16
72 19
72 32
72 36
72 52
72 72
72 87
72 98
73 1
73 6
73 64
73 89
73 95
73 100
74 9
74 15
74 19
74 23
74 30
74 68
74 73
74 75
74 80
74 123
74 124
75 12
75 31
75 44
75 117
75 124
75 125
75 126
76 5
76 23
76 37
76 42
76 67
76 80
76 86
76 95
76 100
76 121
77 14
77 36
77 46
77 60
77 81
77 82
77 107
77 120
77 124
78 9
78 25
78 32
78 39
78 106
78 121
79 5
79 22
79 24
79 26
79 28
79 43
79 105
79 113
80 10
80 18
80 35
80 37
80 44
80 77
80 89
80 102
80 106
81 8
81 39
81 40
81 77
81 84
81 98
81 105
81 110
82 24
82 54
83 13
83 22
83 32
83 67
83 71
83 82
83 85
83 112
84 20
84 32
84 51
84 64
84 92
84 94
84 112
84 120
85 30
85 47
85 65
85 68
85 74
85 76
85 91
85 112
86 22
86 35
86 68
86 121
87 35
87 39
87 43
87 54
87 68
87 76
87 110
87 111
87 112
87 124
88 8
88 23
88 31
88 50
88 86
88 90
88 105
89 24
89 28
89 85
89 101
90 0
90 3
90 8
90 28
90 44
90 50
90 86
90 93
90 106
90 112
91 9
91 13
91 65
91 68
91 74
92 6
92 11
92 23
92 34
92 61
92 66
92 70
92 75
92 91
92 93
92 103
92 120
93 10
93 24
93 81
93 118
94 15
94 51
94 52
94 73
94 85
94 91
94 107
94 112
94 127
95 33
95 47
95 54
95 55
95 60
95 63
95 101
95 104
96 4
96 102
96 108
97 8
97 28
97 36
97 39
97 40
97 47
97 51
97 58
97 80
98 0
98 9
98 18
98 52
98 60
98 61
98 64
98 88
98 107
98 111
99 35
99 42
99 68
99 74
99 79
99 96
99 101
99 117
100 5
100 30
100 41
100 54
100 69
100 74
100 76
100 113
101 44
101 73
101 74
101 84
101 112
101 125
102 2
102 69
102 75
102 84
102 91
102 101
102 122
103 3
103 16
103 19
103 84
103 127
104 4
104 36
104 62
104 98
104 111
105 6
105 21
105 30
105 51
105 80
105 108
105 113
106 10
106 22
106 36
106 54
106 66
106 74
106 100
106 101
106 110
107 9
107 15
107 58
107 60
107 67
107 73
107 78
108 22
108 45
108 66
108 99
108 106
108 116
108 127
109 7
109 12
109 15
109 35
109 36
109 37
110 12
110 14
110 30
110 32
110 55
110 78
110 82
110 89
110 96
110 97
110 100
110 115
110 123
111 6
111 15
111 26
111 42
111 45
111 50
111 51
111 72
111 82
111 86
111 92
112 21
112 40
112 53
112 62
112 70
112 79
112 119
113 13
113 23
113 29
113 30
113 42
113 43
113 87
113 92
113 93
113 96
113 106
113 116
114 52
114 74
114 108
114 109
114 117
115 9
115 13
115 48
115 91
115 102
115 105
115 110
115 121
116 1
116 12
116 15
116 26
116 53
116 61
116 87
116 88
116 90
117 15
117 31
117 44
117 55
117 61
117 64
117 90
117 96
117 116
118 38
118 77
118 89
118 92
118 98
118 103
118 113
118 121
118 123
119 8
119 52
119 53
119 100
120 37
120 40
120 45
120 55
120 70
120 74
120 98
120 99
120 101
120 107
120 111
120 116
120 118
120 124
121 7
121 14
121 15
121 27
121 61
121 78
121 90
121 94
122 25
122 31
122 34
122 70
122 86
122 91
122 114
122 117
122 124
123 39
123 68
123 113
123 119
124 13
124 101
124 106
124 119
125 29
125 34
125 48
125 53
125 61
125 80
125 82
125 90
125 94
125 118
126 8
126 14
126 18
126 36
126 44
126 58
126 67
126 91
126 99
126 106
126 120
127 3
127 24
127 43
127 48
127 106
