0 2
0 9
0 24
0 29
0 96
0 101
0 119
0 120
1 5
1 12
1 15
1 21
1 55
1 76
1 95
1 102
1 108
1 112
1 116
1 117
2 14
2 38
2 54
2 63
2 71
2 83
2 88
2 90
2 100
2 113
2 127
3 14
3 25
3 29
3 50
3 56
3 60
3 93
3 97
3 107
3 111
3 121
4 25
4 27
4 30
4 50
4 53
4 57
4 61
4 65
4 69
4 81
4 86
4 88
4 104
4 109
5 3
5 6
5 13
5 15
5 19
5 29
5 40
5 42
5 61
5 64
5 75
5 89
5 90
5 105
5 118
5 121
6 25
6 33
6 37
6 51
6 59
6 67
6 86
6 88
6 97
6 99
6 100
6 112
6 113
6 114
6 118
7 0
7 5
7 21
7 23
7 24
7 37
7 42
7 51
7 53
7 60
7 66
7 82
7 102
7 103
7 107
7 109
7 121
7 123
7 126
8 20
8 37
8 72
8 77
8 92
8 102
8 106
8 120
9 22
9 28
9 29
9 35
9 45
9 56
9 58
9 66
9 68
9 88
9 97
9 105
9 118
10 5
10 6
10 10
10 16
10 18
10 29
10 49
10 71
10 110
10 111
10 116
10 117
10 120
10 127
11 0
11 16
11 25
11 36
11 47
11 49
11 70
11 101
11 119
12 54
12 57
12 58
12 61
12 72
12 75
12 84
12 94
12 99
12 126
13 9
13 22
13 25
13 33
13 42
13 46
13 58
13 59
13 65
13 86
13 105
13 108
13 111
13 119
13 125
13 126
14 24
14 43
14 86
14 91
14 108
14 112
14 113
15 5
15 18
15 24
15 32
15 47
15 49
15 67
15 101
15 109
15 111
15 126
16 11
16 20
16 25
16 29
16 36
16 43
16 57
16 69
16 72
16 73
16 75
16 76
16 86
16 87
16 89
16 91
16 107
16 127
17 12
17 17
17 38
17 57
17 62
17 87
17 89
17 90
17 91
17 93
17 109
17 117
17 123
17 126
18 15
18 21
18 34
18 35
18 70
18 87
18 110
19 5
19 16
19 30
19 48
19 63
19 77
19 81
19 82
19 85
19 95
19 98
19 103
19 105
19 115
20 7
20 9
20 15
20 19
20 39
20 62
20 74
20 77
20 79
20 82
20 91
20 94
20 95
20 101
20 114
20 115
21 11
21 13
21 15
21 26
21 28
21 29
21 37
21 57
21 75
21 82
21 83
21 91
21 99
21 102
21 105
21 109
21 113
21 115
22 2
22 9
22 12
22 36
22 60
22 80
22 104
22 119
23 31
23 32
23 64
23 78
23 93
24 0
24 3
24 15
24 26
24 32
24 43
24 52
24 58
24 68
24 92
24 100
24 107
24 113
24 114
24 116
24 119
24 120
25 11
25 18
25 23
25 26
25 27
25 49
25 70
25 77
25 92
25 95
25 110
26 13
26 18
26 19
26 31
26 61
26 65
26 69
26 70
26 108
26 119
26 123
27 11
27 12
27 20
27 47
27 59
27 67
27 74
27 90
27 93
27 95
27 107
27 112
27 122
28 0
28 4
28 25
28 33
28 35
28 37
28 57
28 71
28 91
28 96
28 97
29 17
29 40
29 41
29 44
29 51
29 75
29 78
29 79
29 108
29 118
29 120
30 12
30 23
30 28
30 31
30 45
30 69
30 105
30 108
30 116
31 2
31 14
31 16
31 19
31 35
31 46
31 56
31 59
31 92
31 97
31 110
31 111
31 112
31 122
31 124
32 0
32 26
32 57
32 64
32 74
32 88
32 89
32 102
32 123
32 124
33 2
33 5
33 6
33 47
33 54
33 63
33 83
33 85
33 120
34 7
34 18
34 20
34 77
34 114
34 117
34 119
34 127
35 0
35 52
35 53
35 55
35 72
35 86
35 88
35 94
35 111
35 119
35 121
36 6
36 22
36 23
36 43
36 44
36 94
36 119
36 121
36 127
37 5
37 11
37 20
37 21
37 26
37 30
37 31
37 45
37 113
37 119
38 0
38 14
38 35
38 39
38 79
38 80
38 98
38 107
38 121
38 124
39 0
39 2
39 5
39 11
39 21
39 23
39 30
39 39
39 55
39 61
39 64
39 96
39 102
39 116
39 125
39 127
40 0
40 6
40 18
40 20
40 42
40 55
40 90
40 97
40 119
41 19
41 31
41 41
41 60
41 64
41 75
41 76
41 106
41 108
41 111
42 16
42 18
42 26
42 28
42 73
42 98
42 120
42 122
42 126
43 5
43 9
43 10
43 29
43 38
43 72
43 74
43 85
43 90
43 98
43 102
43 107
43 116
43 122
44 10
44 31
44 42
44 48
44 69
44 70
44 73
44 78
44 81
44 85
44 87
44 89
44 95
44 102
44 109
45 2
45 10
45 16
45 45
45 80
45 82
45 91
45 98
46 11
46 12
46 23
46 36
46 47
46 60
46 62
46 101
46 108
46 110
46 123
47 13
47 14
47 24
47 27
47 32
47 40
47 51
47 53
47 55
47 79
47 92
47 111
48 17
48 25
48 37
48 43
48 47
48 57
48 81
48 103
48 112
48 122
49 0
49 5
49 11
49 15
49 35
49 50
49 72
49 104
49 116
50 12
50 24
50 46
50 56
50 65
50 67
50 91
50 114
50 115
51 14
51 21
51 24
51 29
51 49
51 58
51 73
51 120
51 124
52 19
52 22
52 30
52 42
52 59
52 76
52 102
52 112
52 113
52 120
53 16
53 22
53 31
53 36
53 49
53 50
53 75
53 77
53 79
53 82
53 94
53 97
53 122
54 3
54 9
54 13
54 18
54 27
54 33
54 66
54 93
54 105
54 120
54 121
55 1
55 2
55 3
55 43
55 44
55 46
55 50
55 82
55 91
55 97
56 15
56 18
56 19
56 21
56 22
56 24
56 29
56 31
56 37
56 40
56 47
56 50
56 71
56 84
56 85
56 109
56 113
56 114
56 115
56 121
57 3
57 14
57 34
57 35
57 42
57 54
57 57
57 60
57 94
57 102
57 121
57 122
58 14
58 23
58 30
58 34
58 44
58 47
58 48
58 51
58 53
58 54
58 78
58 82
58 84
58 90
58 114
59 37
59 53
59 54
59 56
59 64
59 91
59 108
59 112
60 1
60 9
60 23
60 41
60 43
60 67
60 69
60 74
60 75
60 89
60 103
60 106
60 113
61 2
61 4
61 10
61 17
61 18
61 22
61 23
61 28
61 32
61 38
61 40
61 43
61 45
61 58
61 59
61 81
61 97
61 101
61 107
62 7
62 11
62 21
62 29
62 30
62 32
62 35
62 36
62 40
62 83
62 96
62 103
62 109
62 120
62 123
63 2
63 6
63 9
63 16
63 34
63 50
63 54
63 87
63 101
63 108
63 115
63 117
63 120
64 7
64 15
64 16
64 37
64 58
64 68
64 74
64 88
64 110
64 115
65 6
65 17
65 18
65 28
65 38
65 53
65 74
65 90
65 118
65 122
66 1
66 3
66 29
66 53
66 75
66 91
66 95
66 107
66 123
66 127
67 0
67 11
67 19
67 28
67 41
67 45
67 49
67 58
67 64
67 67
67 71
67 74
67 75
67 96
67 97
67 107
67 124
68 0
68 8
68 15
68 21
68 24
68 27
68 40
68 46
68 47
68 48
68 51
68 52
68 80
68 83
68 98
68 105
68 125
69 2
69 29
69 41
69 60
69 83
69 86
69 96
69 102
69 104
69 106
69 118
69 121
70 0
70 3
70 8
70 12
70 43
70 58
70 65
70 66
70 76
70 78
70 100
70 105
70 124
71 3
71 22
71 29
71 45
71 63
71 69
71 86
71 94
71 101
71 108
71 114
72 5
72 8
72 12
72 26
72 32
72 38
72 58
72 92
72 102
72 104
72 109
72 119
73 18
73 20
73 23
73 66
73 73
73 92
73 93
74 38
74 43
74 49
74 59
74 67
74 75
74 89
74 115
75 1
75 7
75 9
75 10
75 19
75 22
75 38
75 55
75 57
75 80
75 96
75 115
76 18
76 31
76 32
76 64
76 67
76 68
76 75
76 89
76 90
76 92
76 94
76 106
76 108
76 115
76 126
76 127
77 8
77 23
77 61
77 102
77 107
77 115
77 116
78 1
78 2
78 9
78 24
78 61
78 71
78 76
78 82
78 91
78 99
78 108
78 126
79 8
79 12
79 17
79 21
79 62
79 75
79 80
79 86
79 109
79 126
80 7
80 18
80 48
80 57
80 65
80 70
80 76
80 123
81 0
81 5
81 12
81 18
81 54
81 75
81 92
81 116
81 120
81 124
82 4
82 5
82 8
82 37
82 39
82 75
82 78
82 83
82 85
82 87
82 92
82 112
82 115
82 118
83 20
83 22
83 26
83 27
83 29
83 39
83 64
83 70
83 79
83 82
83 94
83 111
83 112
84 10
84 12
84 19
84 33
84 36
84 38
84 48
84 50
84 74
84 88
84 93
84 105
84 112
85 22
85 24
85 25
85 34
85 48
85 54
85 56
85 57
85 69
85 97
85 119
85 121
85 122
85 123
86 0
86 7
86 28
86 40
86 50
86 61
86 99
86 101
86 104
86 113
87 4
87 7
87 20
87 32
87 36
87 37
87 40
87 55
87 62
87 73
87 79
87 89
87 90
87 103
87 113
88 2
88 10
88 16
88 20
88 57
88 59
88 75
88 76
88 77
88 80
88 83
88 92
88 120
88 121
89 37
89 45
89 46
89 72
89 90
89 104
89 105
89 116
90 15
90 21
90 24
90 50
90 82
90 83
91 9
91 32
91 54
91 59
91 67
91 84
91 117
91 118
92 1
92 9
92 11
92 30
92 32
92 45
92 53
92 73
92 75
92 82
92 94
92 102
92 109
92 110
92 117
92 123
93 0
93 16
93 30
93 35
93 36
93 40
93 76
93 84
93 97
93 104
93 115
94 3
94 15
94 18
94 34
94 44
94 50
94 55
94 61
94 75
94 76
94 91
94 93
94 100
94 111
94 116
94 119
94 123
95 12
95 19
95 38
95 58
95 72
95 74
95 83
95 85
95 87
95 113
96 4
96 30
96 109
96 110
96 116
96 120
97 21
97 24
97 37
97 57
97 64
97 71
97 81
97 106
98 2
98 5
98 20
98 33
98 51
98 52
98 62
98 70
98 71
98 75
98 94
98 111
99 8
99 27
99 32
99 35
99 80
99 81
99 89
99 96
99 97
99 98
99 100
100 5
100 6
100 32
100 51
100 56
100 62
100 73
100 108
100 110
101 12
101 13
101 20
101 52
101 64
101 66
101 73
101 86
101 89
101 96
101 101
102 10
102 13
102 17
102 31
102 45
102 54
102 55
102 57
102 74
102 84
102 91
102 92
102 97
102 104
102 126
103 1
103 20
103 31
103 56
103 63
103 81
103 90
103 93
103 94
103 100
103 103
103 120
103 121
103 125
104 6
104 7
104 10
104 14
104 23
104 52
104 56
104 57
104 67
104 72
104 74
104 88
104 97
105 5
105 30
105 31
105 41
105 44
105 50
105 53
105 61
105 70
105 71
105 80
105 86
105 88
105 101
105 116
105 122
106 0
106 4
106 10
106 18
106 26
106 45
106 91
106 114
106 124
107 4
107 13
107 15
107 29
107 39
107 54
107 65
107 78
107 99
107 117
107 124
108 9
108 12
108 19
108 22
108 28
108 29
108 30
108 38
108 42
108 87
108 99
108 126
109 6
109 25
109 32
109 96
109 118
109 119
109 126
109 127
110 20
110 24
110 74
110 81
110 82
110 94
110 101
110 103
110 105
110 109
110 110
110 120
111 13
111 46
111 49
111 50
111 69
111 79
111 87
111 88
111 89
111 97
111 104
112 9
112 69
112 89
112 91
112 104
113 14
113 30
113 31
113 32
113 42
113 53
113 70
113 71
113 73
113 74
113 93
113 96
114 1
114 19
114 31
114 35
114 38
114 53
114 56
114 63
114 65
114 68
114 73
114 74
114 90
114 92
114 117
115 4
115 11
115 13
115 55
115 72
115 82
115 86
115 99
115 103
115 109
116 9
116 26
116 52
116 72
116 91
116 101
116 104
116 113
116 119
117 0
117 2
117 29
117 45
117 50
117 58
117 67
117 71
117 80
117 104
117 105
117 106
117 124
117 127
118 2
118 10
118 14
118 15
118 29
118 35
118 39
118 40
118 48
118 69
118 77
118 91
118 116
119 0
119 29
119 45
119 50
119 70
119 71
119 118
119 120
119 126
120 6
120 8
120 18
120 20
120 42
120 56
120 59
120 63
120 79
120 99
120 100
120 101
120 108
120 118
121 4
121 6
121 24
121 33
121 35
121 60
121 63
121 74
121 77
121 80
121 81
121 87
121 96
121 97
121 106
121 118
121 125
122 0
122 5
122 18
122 23
122 27
122 39
122 42
122 67
122 81
122 83
122 92
122 93
122 96
122 97
122 98
122 99
122 104
122 107
123 0
123 2
123 9
123 15
123 36
123 43
123 46
123 49
123 73
123 84
123 93
123 97
123 101
123 102
123 110
123 127
124 0
124 13
124 19
124 30
124 33
124 39
124 62
124 71
124 88
124 91
125 9
125 18
125 59
125 69
125 72
125 73
125 89
125 92
125 97
125 121
126 30
126 40
126 61
126 69
126 79
126 84
126 92
126 98
126 107
126 112
126 120
126 122
127 27
127 40
127 54
127 71
127 109
127 119
127 120
127 123
