0 3
0 4
0 5
0 6
0 9
0 12
0 13
0 15
0 18
0 25
0 29
0 37
0 38
0 42
0 44
0 46
0 57
0 61
0 63
0 67
0 71
0 72
0 74
0 75
0 80
0 88
0 90
0 93
0 95
0 98
0 99
0 102
0 105
0 110
0 112
0 113
0 116
0 126
1 1
1 4
1 5
1 8
1 15
1 18
1 27
1 28
1 30
1 32
1 34
1 36
1 37
1 38
1 41
1 42
1 43
1 44
1 45
1 49
1 51
1 53
1 59
1 66
1 67
1 72
1 73
1 74
1 75
1 85
1 86
1 88
1 89
1 94
1 96
1 97
1 98
1 102
1 107
1 113
1 114
1 118
1 120
1 121
1 122
1 124
2 1
2 3
2 5
2 8
2 19
2 21
2 24
2 26
2 27
2 28
2 35
2 36
2 40
2 41
2 44
2 52
2 56
2 62
2 63
2 64
2 66
2 69
2 72
2 76
2 83
2 85
2 90
2 91
2 94
2 96
2 99
2 100
2 101
2 103
2 104
2 106
2 107
2 108
2 109
2 111
2 112
2 116
2 119
2 120
2 123
2 126
3 4
3 6
3 9
3 10
3 12
3 15
3 16
3 17
3 21
3 22
3 23
3 24
3 29
3 30
3 41
3 44
3 45
3 47
3 52
3 57
3 62
3 69
3 71
3 73
3 80
3 81
3 86
3 88
3 96
3 100
3 107
3 108
3 119
3 122
3 127
4 1
4 2
4 11
4 14
4 16
4 18
4 19
4 20
4 21
4 22
4 23
4 25
4 26
4 28
4 30
4 31
4 32
4 33
4 36
4 47
4 48
4 49
4 51
4 53
4 55
4 56
4 61
4 62
4 65
4 66
4 68
4 70
4 71
4 72
4 76
4 81
4 82
4 89
4 90
4 91
4 92
4 97
4 99
4 102
4 104
4 105
4 106
4 108
4 113
4 120
4 124
4 127
5 2
5 6
5 8
5 9
5 15
5 17
5 20
5 21
5 25
5 28
5 41
5 44
5 46
5 51
5 53
5 56
5 57
5 58
5 60
5 61
5 62
5 65
5 69
5 72
5 76
5 77
5 78
5 79
5 83
5 84
5 87
5 88
5 92
5 94
5 96
5 98
5 99
5 104
5 110
5 112
5 114
5 116
5 117
5 118
5 121
5 126
6 1
6 3
6 7
6 11
6 12
6 13
6 14
6 15
6 18
6 25
6 30
6 32
6 42
6 49
6 50
6 52
6 55
6 58
6 59
6 60
6 63
6 67
6 68
6 71
6 73
6 75
6 84
6 85
6 87
6 89
6 91
6 94
6 96
6 97
6 103
6 105
6 109
6 114
6 119
6 121
6 124
6 125
7 0
7 2
7 6
7 9
7 13
7 15
7 21
7 23
7 27
7 29
7 36
7 37
7 39
7 42
7 43
7 46
7 53
7 55
7 56
7 59
7 65
7 68
7 69
7 74
7 76
7 80
7 81
7 82
7 86
7 87
7 92
7 93
7 95
7 103
7 105
7 112
7 117
7 119
7 120
7 124
7 126
8 0
8 2
8 4
8 15
8 19
8 22
8 23
8 25
8 28
8 29
8 30
8 33
8 34
8 45
8 48
8 51
8 53
8 54
8 55
8 58
8 59
8 61
8 62
8 63
8 65
8 69
8 73
8 74
8 81
8 87
8 90
8 91
8 93
8 94
8 95
8 96
8 98
8 100
8 110
8 112
8 116
8 118
8 121
8 123
8 127
9 0
9 4
9 5
9 9
9 12
9 13
9 16
9 23
9 24
9 25
9 27
9 31
9 35
9 37
9 39
9 45
9 47
9 50
9 62
9 63
9 65
9 68
9 69
9 71
9 74
9 78
9 80
9 82
9 87
9 89
9 90
9 91
9 92
9 93
9 95
9 101
9 106
9 109
9 110
9 111
9 113
9 119
9 124
9 126
10 1
10 6
10 7
10 11
10 12
10 16
10 18
10 19
10 20
10 21
10 22
10 23
10 31
10 32
10 33
10 37
10 39
10 40
10 44
10 45
10 47
10 49
10 62
10 68
10 70
10 72
10 77
10 78
10 82
10 86
10 87
10 89
10 92
10 93
10 94
10 103
10 104
10 105
10 106
10 108
10 109
10 110
10 112
10 117
10 120
10 122
11 1
11 4
11 9
11 10
11 11
11 18
11 19
11 22
11 23
11 24
11 28
11 29
11 32
11 33
11 34
11 35
11 36
11 37
11 41
11 42
11 43
11 44
11 45
11 52
11 57
11 58
11 59
11 63
11 70
11 73
11 76
11 80
11 81
11 82
11 89
11 90
11 93
11 96
11 99
11 100
11 102
11 104
11 107
11 110
11 116
11 117
11 118
11 122
11 125
11 127
12 1
12 13
12 14
12 15
12 19
12 20
12 21
12 27
12 29
12 31
12 32
12 34
12 41
12 42
12 43
12 44
12 45
12 46
12 48
12 53
12 63
12 64
12 71
12 73
12 77
12 79
12 80
12 84
12 86
12 87
12 89
12 90
12 91
12 92
12 93
12 95
12 96
12 102
12 103
12 104
12 109
12 111
12 114
12 117
12 122
12 123
12 126
13 8
13 11
13 12
13 19
13 21
13 22
13 26
13 31
13 32
13 33
13 34
13 35
13 38
13 39
13 44
13 47
13 49
13 56
13 57
13 64
13 65
13 68
13 72
13 77
13 82
13 85
13 86
13 88
13 92
13 100
13 104
13 106
13 112
13 119
13 126
13 127
14 1
14 11
14 15
14 16
14 18
14 20
14 21
14 40
14 42
14 43
14 45
14 47
14 51
14 57
14 58
14 59
14 61
14 63
14 66
14 67
14 70
14 71
14 78
14 81
14 82
14 84
14 85
14 88
14 89
14 105
14 109
14 110
14 117
14 124
14 126
14 127
15 0
15 2
15 3
15 5
15 10
15 11
15 28
15 30
15 32
15 33
15 40
15 43
15 44
15 46
15 49
15 51
15 59
15 62
15 72
15 78
15 79
15 80
15 83
15 85
15 87
15 88
15 89
15 92
15 94
15 96
15 101
15 106
15 107
15 108
15 109
15 110
15 111
15 114
15 116
15 117
15 122
15 125
16 0
16 3
16 4
16 5
16 6
16 7
16 12
16 13
16 15
16 16
16 17
16 18
16 20
16 21
16 24
16 25
16 27
16 33
16 35
16 38
16 50
16 56
16 58
16 59
16 63
16 65
16 66
16 68
16 70
16 73
16 75
16 78
16 81
16 82
16 84
16 88
16 89
16 90
16 93
16 97
16 98
16 103
16 104
16 107
16 109
16 111
16 115
16 116
16 119
16 120
16 122
16 124
17 1
17 4
17 7
17 9
17 11
17 13
17 15
17 16
17 17
17 20
17 23
17 24
17 28
17 31
17 37
17 39
17 40
17 43
17 45
17 49
17 56
17 61
17 65
17 67
17 69
17 71
17 79
17 80
17 87
17 88
17 89
17 90
17 92
17 93
17 95
17 96
17 97
17 107
17 108
17 109
17 111
17 112
17 114
17 115
17 117
17 118
17 124
17 125
18 3
18 4
18 5
18 7
18 12
18 13
18 15
18 16
18 21
18 26
18 27
18 28
18 30
18 32
18 33
18 34
18 35
18 37
18 39
18 40
18 41
18 43
18 46
18 47
18 54
18 56
18 60
18 62
18 63
18 66
18 69
18 70
18 74
18 76
18 77
18 81
18 83
18 87
18 88
18 89
18 91
18 92
18 93
18 95
18 97
18 100
18 101
18 103
18 112
18 113
18 116
18 118
18 119
18 120
18 121
18 122
18 125
18 126
18 127
19 0
19 6
19 7
19 8
19 10
19 13
19 15
19 16
19 17
19 18
19 21
19 23
19 25
19 26
19 28
19 30
19 36
19 39
19 42
19 46
19 51
19 53
19 57
19 63
19 65
19 68
19 69
19 73
19 75
19 79
19 88
19 90
19 91
19 94
19 95
19 96
19 101
19 105
19 106
19 108
19 118
19 123
19 127
20 3
20 5
20 6
20 7
20 8
20 11
20 14
20 16
20 19
20 20
20 22
20 24
20 25
20 26
20 27
20 28
20 30
20 33
20 37
20 38
20 40
20 41
20 42
20 45
20 48
20 50
20 58
20 60
20 61
20 63
20 64
20 66
20 67
20 71
20 75
20 77
20 78
20 81
20 84
20 85
20 90
20 92
20 93
20 94
20 95
20 97
20 99
20 101
20 102
20 103
20 106
20 107
20 110
20 113
20 115
20 117
20 118
20 119
20 124
20 126
21 1
21 7
21 13
21 14
21 18
21 19
21 24
21 25
21 26
21 35
21 45
21 49
21 51
21 60
21 61
21 68
21 69
21 72
21 77
21 79
21 85
21 87
21 91
21 92
21 95
21 96
21 97
21 99
21 100
21 103
21 106
21 111
21 115
21 116
21 117
21 119
21 120
21 122
21 124
21 127
22 3
22 8
22 12
22 13
22 14
22 16
22 17
22 18
22 20
22 21
22 23
22 24
22 25
22 26
22 29
22 32
22 34
22 35
22 38
22 39
22 40
22 42
22 44
22 50
22 51
22 53
22 54
22 57
22 59
22 64
22 67
22 68
22 73
22 78
22 82
22 83
22 84
22 91
22 95
22 96
22 102
22 111
22 112
22 114
22 117
22 118
22 119
22 121
22 123
22 124
22 127
23 0
23 2
23 5
23 6
23 7
23 13
23 14
23 16
23 19
23 22
23 24
23 26
23 28
23 29
23 32
23 34
23 35
23 37
23 38
23 40
23 44
23 49
23 51
23 52
23 53
23 55
23 58
23 64
23 68
23 69
23 70
23 77
23 82
23 83
23 85
23 87
23 90
23 94
23 96
23 103
23 109
23 111
23 112
23 115
23 116
23 121
23 123
23 124
23 127
24 0
24 3
24 7
24 13
24 14
24 19
24 21
24 29
24 36
24 37
24 40
24 42
24 45
24 46
24 50
24 51
24 53
24 55
24 64
24 66
24 69
24 70
24 72
24 74
24 78
24 80
24 86
24 88
24 89
24 94
24 100
24 102
24 103
24 104
24 109
24 110
24 111
24 118
24 120
24 121
24 123
24 124
24 125
25 2
25 4
25 9
25 14
25 18
25 20
25 21
25 23
25 30
25 34
25 36
25 39
25 51
25 53
25 54
25 55
25 62
25 65
25 66
25 68
25 73
25 80
25 81
25 83
25 87
25 89
25 91
25 93
25 95
25 96
25 97
25 101
25 102
25 104
25 105
25 110
25 111
25 112
25 113
25 117
25 124
25 126
25 127
26 1
26 3
26 11
26 13
26 20
26 22
26 25
26 27
26 29
26 31
26 33
26 35
26 36
26 37
26 39
26 40
26 41
26 49
26 51
26 54
26 56
26 57
26 59
26 60
26 61
26 62
26 63
26 67
26 78
26 83
26 84
26 86
26 94
26 96
26 97
26 98
26 100
26 101
26 103
26 108
26 109
26 110
26 111
26 113
26 114
26 116
26 117
26 124
27 1
27 10
27 12
27 14
27 15
27 17
27 19
27 20
27 21
27 22
27 25
27 29
27 30
27 34
27 41
27 42
27 45
27 47
27 48
27 49
27 51
27 60
27 69
27 74
27 75
27 80
27 81
27 88
27 89
27 92
27 97
27 101
27 102
27 104
27 110
27 112
27 113
27 117
27 120
27 121
27 123
27 125
27 126
27 127
28 4
28 5
28 7
28 8
28 10
28 11
28 12
28 16
28 17
28 18
28 24
28 25
28 26
28 27
28 29
28 33
28 34
28 36
28 38
28 42
28 46
28 49
28 55
28 57
28 60
28 63
28 64
28 68
28 72
28 79
28 82
28 84
28 86
28 90
28 91
28 92
28 93
28 96
28 97
28 100
28 101
28 102
28 103
28 109
28 110
28 111
28 124
28 125
29 0
29 1
29 6
29 7
29 8
29 11
29 15
29 16
29 18
29 19
29 26
29 27
29 28
29 30
29 31
29 38
29 42
29 43
29 48
29 49
29 54
29 58
29 60
29 64
29 67
29 68
29 70
29 80
29 82
29 86
29 87
29 88
29 89
29 92
29 96
29 99
29 100
29 105
29 107
29 111
29 113
29 117
29 118
29 119
29 120
29 121
29 122
29 124
29 126
30 2
30 3
30 6
30 10
30 11
30 12
30 26
30 28
30 29
30 30
30 32
30 34
30 35
30 36
30 37
30 41
30 44
30 55
30 56
30 57
30 58
30 59
30 62
30 63
30 64
30 65
30 67
30 72
30 74
30 76
30 79
30 81
30 82
30 86
30 94
30 96
30 97
30 99
30 100
30 102
30 103
30 104
30 106
30 109
30 111
30 112
30 117
30 121
30 123
30 125
30 126
31 2
31 5
31 6
31 7
31 9
31 14
31 15
31 18
31 19
31 25
31 27
31 28
31 33
31 35
31 36
31 39
31 41
31 44
31 45
31 49
31 50
31 52
31 57
31 59
31 61
31 65
31 66
31 68
31 69
31 70
31 75
31 77
31 78
31 82
31 84
31 90
31 93
31 94
31 95
31 96
31 99
31 101
31 102
31 104
31 105
31 106
31 110
31 111
31 112
31 116
31 118
31 119
31 121
31 124
31 125
32 2
32 3
32 5
32 6
32 8
32 9
32 10
32 12
32 17
32 18
32 19
32 22
32 25
32 26
32 33
32 35
32 36
32 39
32 42
32 49
32 54
32 55
32 56
32 63
32 64
32 65
32 67
32 74
32 78
32 82
32 86
32 92
32 93
32 100
32 103
32 106
32 107
32 110
32 111
32 113
32 114
32 120
32 122
32 126
33 0
33 1
33 2
33 3
33 13
33 16
33 20
33 23
33 25
33 26
33 28
33 29
33 33
33 34
33 36
33 37
33 39
33 40
33 41
33 44
33 45
33 49
33 50
33 53
33 55
33 56
33 57
33 58
33 59
33 62
33 65
33 67
33 68
33 70
33 71
33 73
33 77
33 79
33 84
33 90
33 92
33 94
33 96
33 97
33 101
33 103
33 104
33 114
33 118
33 120
33 121
33 125
34 0
34 6
34 7
34 12
34 14
34 17
34 19
34 25
34 29
34 33
34 34
34 35
34 38
34 41
34 42
34 45
34 49
34 51
34 56
34 60
34 61
34 64
34 66
34 73
34 79
34 80
34 81
34 82
34 84
34 88
34 92
34 93
34 94
34 95
34 96
34 97
34 98
34 101
34 102
34 104
34 105
34 108
34 109
34 112
34 114
34 118
34 122
34 124
34 126
35 0
35 2
35 5
35 8
35 9
35 11
35 15
35 19
35 21
35 28
35 31
35 32
35 36
35 37
35 40
35 46
35 47
35 48
35 50
35 52
35 55
35 57
35 64
35 67
35 69
35 70
35 71
35 78
35 80
35 82
35 83
35 86
35 88
35 89
35 90
35 91
35 93
35 95
35 98
35 99
35 100
35 102
35 103
35 104
35 108
35 109
35 110
35 123
36 3
36 5
36 7
36 8
36 15
36 23
36 26
36 27
36 34
36 35
36 45
36 49
36 55
36 59
36 65
36 67
36 68
36 70
36 71
36 75
36 81
36 82
36 86
36 87
36 88
36 92
36 95
36 96
36 99
36 100
36 102
36 103
36 105
36 107
36 108
36 110
36 113
36 114
36 116
36 120
36 123
36 124
37 0
37 3
37 4
37 5
37 7
37 16
37 17
37 24
37 28
37 31
37 35
37 36
37 38
37 47
37 53
37 55
37 60
37 63
37 64
37 65
37 68
37 70
37 72
37 73
37 74
37 80
37 82
37 84
37 92
37 94
37 98
37 99
37 101
37 102
37 105
37 106
37 107
37 110
37 112
37 116
37 119
37 126
37 127
38 0
38 3
38 8
38 9
38 13
38 15
38 16
38 17
38 21
38 23
38 25
38 29
38 30
38 36
38 38
38 42
38 43
38 44
38 47
38 50
38 56
38 58
38 59
38 61
38 62
38 63
38 65
38 67
38 70
38 73
38 78
38 80
38 83
38 91
38 94
38 97
38 98
38 99
38 102
38 103
38 106
38 109
38 112
38 115
38 119
38 122
38 124
38 126
38 127
39 1
39 2
39 5
39 9
39 13
39 18
39 20
39 21
39 23
39 25
39 26
39 27
39 31
39 32
39 33
39 34
39 42
39 44
39 46
39 47
39 52
39 53
39 58
39 64
39 66
39 67
39 69
39 70
39 72
39 73
39 78
39 80
39 81
39 83
39 84
39 85
39 86
39 89
39 91
39 95
39 100
39 102
39 106
39 108
39 109
39 111
39 114
39 117
39 120
39 123
39 127
40 11
40 12
40 13
40 14
40 18
40 19
40 20
40 21
40 28
40 29
40 32
40 35
40 36
40 38
40 41
40 42
40 46
40 47
40 49
40 53
40 57
40 62
40 68
40 69
40 73
40 74
40 75
40 86
40 87
40 90
40 91
40 97
40 101
40 106
40 108
40 111
40 114
40 115
40 116
40 118
40 120
40 121
40 122
40 123
40 124
40 127
41 0
41 4
41 5
41 6
41 8
41 11
41 13
41 14
41 16
41 18
41 19
41 22
41 26
41 28
41 29
41 36
41 45
41 46
41 48
41 50
41 54
41 57
41 59
41 62
41 69
41 71
41 80
41 86
41 89
41 92
41 96
41 99
41 108
41 109
41 110
41 113
41 116
41 120
41 123
41 125
41 126
42 0
42 1
42 2
42 3
42 5
42 6
42 17
42 18
42 19
42 21
42 22
42 26
42 30
42 34
42 39
42 42
42 43
42 44
42 46
42 63
42 67
42 72
42 75
42 76
42 82
42 86
42 87
42 90
42 91
42 92
42 93
42 101
42 107
42 108
42 112
42 113
42 114
42 118
42 119
42 120
42 122
42 123
42 127
43 0
43 2
43 4
43 6
43 8
43 9
43 12
43 15
43 18
43 32
43 35
43 36
43 37
43 38
43 40
43 43
43 46
43 48
43 52
43 53
43 57
43 59
43 60
43 64
43 68
43 69
43 75
43 76
43 78
43 80
43 84
43 85
43 89
43 90
43 91
43 92
43 93
43 94
43 96
43 104
43 107
43 114
43 117
43 124
43 126
44 7
44 18
44 19
44 20
44 22
44 26
44 34
44 35
44 36
44 37
44 38
44 39
44 41
44 42
44 43
44 45
44 48
44 49
44 52
44 53
44 60
44 63
44 64
44 65
44 72
44 73
44 77
44 78
44 83
44 86
44 88
44 89
44 91
44 92
44 94
44 104
44 108
44 110
44 112
44 113
44 116
44 117
44 120
44 123
44 124
45 0
45 1
45 2
45 3
45 4
45 8
45 10
45 11
45 15
45 17
45 18
45 27
45 28
45 29
45 30
45 32
45 33
45 34
45 38
45 40
45 47
45 49
45 50
45 55
45 61
45 63
45 67
45 73
45 77
45 79
45 81
45 84
45 86
45 88
45 92
45 94
45 97
45 98
45 100
45 101
45 103
45 104
45 105
45 106
45 108
45 113
45 114
45 115
45 122
45 123
45 124
45 125
45 127
46 0
46 1
46 3
46 9
46 10
46 11
46 12
46 17
46 28
46 33
46 37
46 39
46 41
46 43
46 44
46 46
46 47
46 48
46 51
46 53
46 58
46 60
46 65
46 68
46 74
46 78
46 80
46 87
46 88
46 93
46 96
46 97
46 101
46 103
46 107
46 109
46 111
46 116
46 118
46 120
46 121
46 123
46 126
47 2
47 5
47 12
47 13
47 14
47 15
47 17
47 18
47 22
47 26
47 29
47 33
47 35
47 41
47 42
47 45
47 52
47 54
47 57
47 61
47 63
47 64
47 67
47 72
47 74
47 78
47 79
47 87
47 89
47 90
47 91
47 96
47 98
47 103
47 104
47 105
47 106
47 107
47 109
47 111
47 112
47 113
47 120
47 122
47 124
48 0
48 2
48 6
48 13
48 22
48 24
48 25
48 34
48 43
48 44
48 46
48 48
48 53
48 56
48 57
48 58
48 60
48 66
48 68
48 70
48 71
48 80
48 81
48 85
48 88
48 89
48 90
48 95
48 98
48 99
48 101
48 104
48 106
48 107
48 110
48 112
48 113
48 114
48 115
48 121
48 124
48 126
49 7
49 8
49 9
49 11
49 13
49 14
49 15
49 21
49 23
49 24
49 29
49 33
49 35
49 40
49 41
49 45
49 51
49 56
49 59
49 65
49 67
49 69
49 71
49 73
49 74
49 78
49 79
49 81
49 84
49 85
49 86
49 90
49 92
49 101
49 102
49 108
49 115
49 118
49 119
49 125
49 127
50 1
50 5
50 7
50 15
50 19
50 23
50 24
50 26
50 27
50 28
50 30
50 32
50 34
50 36
50 39
50 40
50 49
50 54
50 61
50 66
50 70
50 72
50 73
50 80
50 81
50 89
50 90
50 91
50 94
50 96
50 98
50 104
50 109
50 110
50 112
50 114
50 120
50 123
50 125
50 126
51 2
51 3
51 6
51 11
51 17
51 19
51 21
51 24
51 33
51 34
51 36
51 37
51 38
51 40
51 49
51 56
51 58
51 59
51 62
51 63
51 66
51 68
51 70
51 71
51 74
51 77
51 80
51 82
51 83
51 89
51 90
51 91
51 95
51 96
51 98
51 104
51 108
51 109
51 110
51 114
51 115
51 121
51 123
51 124
51 125
52 4
52 5
52 7
52 8
52 13
52 16
52 20
52 26
52 28
52 35
52 38
52 39
52 42
52 43
52 45
52 47
52 48
52 50
52 53
52 57
52 59
52 60
52 61
52 62
52 75
52 77
52 80
52 81
52 83
52 85
52 86
52 87
52 89
52 90
52 91
52 94
52 95
52 97
52 101
52 109
52 111
52 115
52 116
52 117
52 118
52 123
52 126
53 1
53 4
53 6
53 12
53 16
53 28
53 29
53 32
53 33
53 34
53 39
53 42
53 44
53 46
53 48
53 49
53 50
53 53
53 55
53 56
53 59
53 60
53 63
53 65
53 66
53 68
53 69
53 70
53 74
53 75
53 78
53 81
53 84
53 90
53 94
53 95
53 97
53 100
53 101
53 102
53 112
53 113
53 115
53 118
53 119
53 122
53 124
53 125
54 2
54 3
54 6
54 7
54 8
54 12
54 15
54 21
54 23
54 25
54 26
54 28
54 33
54 35
54 37
54 40
54 41
54 42
54 44
54 46
54 47
54 48
54 50
54 53
54 54
54 56
54 58
54 59
54 61
54 64
54 65
54 66
54 71
54 81
54 88
54 90
54 95
54 97
54 103
54 105
54 106
54 107
54 109
54 113
54 114
54 115
54 116
54 122
54 123
54 127
55 5
55 6
55 7
55 9
55 10
55 14
55 18
55 19
55 20
55 21
55 23
55 25
55 26
55 28
55 35
55 36
55 38
55 42
55 46
55 48
55 49
55 51
55 53
55 56
55 58
55 61
55 63
55 70
55 73
55 76
55 78
55 79
55 81
55 83
55 84
55 85
55 86
55 87
55 92
55 94
55 96
55 97
55 98
55 101
55 103
55 108
55 110
55 113
55 116
55 117
55 120
55 121
56 1
56 3
56 12
56 13
56 22
56 27
56 29
56 30
56 33
56 36
56 37
56 39
56 43
56 45
56 47
56 48
56 49
56 53
56 55
56 58
56 63
56 65
56 70
56 71
56 73
56 74
56 77
56 79
56 81
56 82
56 85
56 86
56 95
56 96
56 102
56 109
56 112
56 116
56 117
56 120
56 122
56 123
56 124
56 126
57 0
57 5
57 9
57 11
57 16
57 18
57 24
57 25
57 27
57 28
57 30
57 31
57 35
57 36
57 40
57 43
57 51
57 52
57 53
57 54
57 58
57 59
57 66
57 68
57 71
57 73
57 75
57 77
57 79
57 80
57 84
57 85
57 87
57 92
57 93
57 98
57 99
57 100
57 103
57 106
57 108
57 109
57 110
57 113
57 114
57 115
58 0
58 2
58 3
58 14
58 16
58 27
58 28
58 29
58 33
58 34
58 36
58 37
58 41
58 42
58 43
58 48
58 50
58 52
58 54
58 55
58 63
58 66
58 67
58 69
58 70
58 72
58 77
58 81
58 93
58 94
58 101
58 103
58 105
58 108
58 109
58 111
58 113
58 115
58 117
58 118
58 119
58 123
58 125
58 127
59 1
59 4
59 12
59 14
59 15
59 16
59 17
59 18
59 22
59 23
59 25
59 26
59 28
59 32
59 34
59 40
59 45
59 46
59 50
59 51
59 55
59 56
59 57
59 58
59 60
59 63
59 67
59 70
59 72
59 75
59 78
59 81
59 83
59 85
59 87
59 88
59 89
59 90
59 93
59 94
59 96
59 98
59 101
59 103
59 105
59 107
59 109
59 114
59 116
59 118
60 8
60 12
60 13
60 16
60 19
60 20
60 21
60 25
60 28
60 30
60 33
60 34
60 36
60 37
60 38
60 39
60 40
60 51
60 54
60 55
60 56
60 57
60 59
60 62
60 65
60 70
60 72
60 75
60 76
60 77
60 79
60 87
60 90
60 91
60 94
60 97
60 102
60 104
60 105
60 114
60 122
60 124
61 0
61 2
61 4
61 5
61 11
61 16
61 17
61 22
61 23
61 25
61 26
61 27
61 29
61 30
61 42
61 45
61 48
61 52
61 54
61 56
61 58
61 60
61 61
61 65
61 66
61 69
61 70
61 71
61 74
61 79
61 80
61 81
61 84
61 85
61 86
61 91
61 93
61 94
61 98
61 101
61 103
61 104
61 108
61 111
61 112
61 113
61 115
61 121
61 125
62 1
62 3
62 5
62 15
62 17
62 18
62 19
62 24
62 25
62 28
62 35
62 38
62 40
62 43
62 45
62 46
62 50
62 57
62 67
62 72
62 73
62 78
62 84
62 85
62 86
62 97
62 98
62 101
62 102
62 103
62 105
62 106
62 108
62 109
62 116
62 117
62 120
62 124
62 125
62 126
63 15
63 18
63 19
63 21
63 22
63 28
63 33
63 38
63 40
63 41
63 44
63 46
63 52
63 54
63 60
63 66
63 70
63 71
63 74
63 79
63 88
63 91
63 94
63 103
63 104
63 109
63 114
63 116
63 118
63 119
63 123
63 124
63 125
63 126
64 5
64 7
64 9
64 10
64 11
64 12
64 21
64 22
64 25
64 28
64 31
64 33
64 45
64 46
64 49
64 52
64 55
64 56
64 57
64 58
64 60
64 61
64 68
64 69
64 72
64 73
64 85
64 91
64 92
64 94
64 97
64 98
64 103
64 106
64 113
64 118
64 119
64 123
64 124
65 0
65 3
65 4
65 7
65 12
65 15
65 26
65 27
65 29
65 30
65 32
65 33
65 38
65 39
65 40
65 42
65 47
65 55
65 57
65 71
65 72
65 77
65 80
65 81
65 82
65 83
65 84
65 86
65 87
65 90
65 95
65 97
65 101
65 104
65 107
65 108
65 113
65 115
65 118
65 121
65 124
65 126
65 127
66 0
66 5
66 8
66 13
66 14
66 15
66 20
66 29
66 33
66 38
66 41
66 44
66 46
66 49
66 51
66 53
66 58
66 60
66 63
66 69
66 71
66 73
66 74
66 76
66 77
66 89
66 90
66 92
66 96
66 99
66 103
66 104
66 105
66 114
66 116
66 119
66 127
67 1
67 6
67 7
67 8
67 9
67 10
67 12
67 24
67 26
67 29
67 33
67 34
67 35
67 45
67 49
67 51
67 55
67 56
67 60
67 61
67 63
67 66
67 69
67 70
67 71
67 75
67 77
67 80
67 82
67 87
67 88
67 90
67 91
67 93
67 96
67 97
67 100
67 101
67 105
67 107
67 111
67 112
67 113
67 118
67 121
67 123
67 126
67 127
68 3
68 4
68 5
68 12
68 13
68 15
68 16
68 17
68 19
68 20
68 22
68 23
68 24
68 25
68 26
68 27
68 41
68 42
68 50
68 51
68 62
68 65
68 70
68 74
68 75
68 76
68 77
68 78
68 79
68 80
68 82
68 84
68 88
68 93
68 94
68 95
68 99
68 102
68 109
68 112
68 115
68 117
68 118
68 121
68 123
68 126
69 2
69 4
69 6
69 9
69 10
69 15
69 16
69 17
69 19
69 22
69 23
69 25
69 26
69 28
69 31
69 34
69 35
69 39
69 41
69 43
69 46
69 47
69 49
69 50
69 53
69 55
69 56
69 59
69 60
69 61
69 63
69 65
69 70
69 74
69 75
69 81
69 83
69 85
69 88
69 89
69 91
69 92
69 93
69 95
69 96
69 99
69 100
69 103
69 108
69 109
69 110
69 111
69 114
69 116
69 120
69 126
69 127
70 2
70 4
70 10
70 12
70 15
70 16
70 17
70 18
70 19
70 21
70 24
70 26
70 30
70 35
70 38
70 41
70 45
70 47
70 48
70 51
70 52
70 55
70 56
70 57
70 58
70 62
70 63
70 64
70 66
70 70
70 73
70 74
70 77
70 78
70 80
70 81
70 83
70 84
70 86
70 87
70 88
70 91
70 98
70 100
70 102
70 115
70 117
70 120
70 122
70 124
70 127
71 1
71 4
71 6
71 8
71 11
71 14
71 18
71 20
71 22
71 24
71 25
71 26
71 27
71 28
71 29
71 33
71 36
71 39
71 49
71 51
71 52
71 54
71 58
71 59
71 60
71 63
71 75
71 76
71 80
71 82
71 85
71 89
71 93
71 94
71 97
71 103
71 106
71 108
71 110
71 112
71 114
71 119
71 121
71 123
71 126
72 0
72 4
72 13
72 14
72 15
72 23
72 24
72 36
72 37
72 39
72 40
72 41
72 42
72 44
72 45
72 48
72 51
72 52
72 53
72 57
72 58
72 60
72 61
72 63
72 68
72 73
72 81
72 83
72 85
72 90
72 92
72 93
72 95
72 97
72 101
72 103
72 104
72 107
72 110
72 113
72 116
72 125
73 4
73 5
73 8
73 11
73 12
73 22
73 23
73 24
73 28
73 33
73 36
73 42
73 43
73 45
73 48
73 53
73 59
73 60
73 62
73 68
73 70
73 73
73 81
73 82
73 84
73 87
73 88
73 89
73 92
73 95
73 97
73 101
73 102
73 105
73 112
73 118
73 121
73 123
74 5
74 8
74 10
74 11
74 13
74 17
74 19
74 23
74 26
74 27
74 34
74 42
74 44
74 45
74 48
74 53
74 55
74 60
74 67
74 68
74 75
74 82
74 83
74 90
74 92
74 96
74 100
74 108
74 112
74 114
74 116
74 124
74 126
75 2
75 4
75 8
75 9
75 10
75 11
75 32
75 33
75 35
75 36
75 38
75 39
75 45
75 49
75 53
75 54
75 56
75 57
75 59
75 62
75 66
75 68
75 69
75 73
75 74
75 79
75 80
75 81
75 84
75 88
75 90
75 91
75 92
75 93
75 94
75 95
75 96
75 99
75 108
75 110
75 112
75 113
75 114
75 116
75 117
75 118
75 119
75 121
75 122
75 124
75 126
75 127
76 5
76 6
76 7
76 9
76 12
76 13
76 21
76 29
76 38
76 40
76 42
76 45
76 58
76 61
76 62
76 63
76 65
76 66
76 68
76 69
76 71
76 72
76 73
76 81
76 82
76 85
76 87
76 90
76 91
76 93
76 96
76 97
76 98
76 100
76 103
76 104
76 105
76 107
76 108
76 111
76 112
76 113
76 114
76 115
76 117
76 119
76 120
76 121
76 124
77 5
77 6
77 9
77 16
77 18
77 19
77 21
77 26
77 29
77 34
77 36
77 38
77 40
77 51
77 58
77 64
77 71
77 73
77 76
77 77
77 78
77 79
77 80
77 87
77 91
77 99
77 100
77 102
77 103
77 104
77 106
77 110
77 112
77 114
77 118
77 119
77 122
77 123
77 124
78 0
78 2
78 14
78 15
78 19
78 20
78 25
78 28
78 30
78 31
78 33
78 34
78 35
78 41
78 42
78 43
78 44
78 47
78 50
78 54
78 57
78 67
78 69
78 71
78 72
78 79
78 80
78 81
78 84
78 90
78 91
78 95
78 99
78 100
78 105
78 108
78 109
78 112
78 123
79 0
79 2
79 4
79 5
79 9
79 10
79 11
79 12
79 13
79 14
79 15
79 18
79 19
79 20
79 23
79 25
79 27
79 28
79 33
79 36
79 37
79 40
79 41
79 42
79 43
79 45
79 47
79 48
79 49
79 62
79 65
79 72
79 73
79 74
79 80
79 82
79 83
79 87
79 88
79 91
79 93
79 95
79 99
79 100
79 102
79 103
79 104
79 105
79 107
79 113
79 114
79 119
79 122
79 124
79 125
80 7
80 8
80 9
80 13
80 18
80 20
80 28
80 31
80 33
80 37
80 40
80 41
80 42
80 44
80 49
80 54
80 56
80 64
80 73
80 75
80 81
80 82
80 84
80 89
80 90
80 91
80 96
80 101
80 109
80 110
80 111
80 113
80 117
80 120
80 121
80 123
80 125
81 4
81 5
81 7
81 12
81 13
81 16
81 18
81 20
81 22
81 23
81 24
81 26
81 29
81 30
81 33
81 34
81 39
81 45
81 48
81 50
81 52
81 67
81 70
81 72
81 75
81 77
81 85
81 88
81 91
81 92
81 93
81 95
81 96
81 97
81 98
81 99
81 101
81 104
81 107
81 108
81 109
81 110
81 116
81 117
81 119
81 124
81 125
82 2
82 3
82 5
82 14
82 17
82 21
82 22
82 25
82 26
82 27
82 31
82 34
82 38
82 40
82 41
82 43
82 48
82 51
82 52
82 62
82 63
82 64
82 65
82 66
82 67
82 70
82 71
82 75
82 80
82 81
82 85
82 89
82 90
82 91
82 93
82 96
82 101
82 102
82 103
82 104
82 105
82 108
82 114
82 116
82 119
82 121
82 122
82 123
83 0
83 12
83 18
83 25
83 26
83 27
83 34
83 39
83 43
83 45
83 48
83 55
83 58
83 59
83 60
83 61
83 63
83 64
83 66
83 69
83 70
83 71
83 72
83 73
83 74
83 78
83 80
83 81
83 82
83 88
83 91
83 93
83 97
83 99
83 106
83 108
83 112
83 113
83 119
83 122
83 124
83 126
83 127
84 0
84 4
84 7
84 11
84 13
84 14
84 19
84 23
84 24
84 25
84 27
84 28
84 29
84 35
84 36
84 42
84 43
84 47
84 54
84 58
84 59
84 62
84 65
84 80
84 88
84 89
84 96
84 106
84 107
84 112
84 114
84 117
84 118
84 119
84 121
84 122
84 124
85 0
85 3
85 4
85 9
85 12
85 15
85 16
85 17
85 21
85 23
85 24
85 28
85 30
85 31
85 33
85 35
85 40
85 42
85 43
85 45
85 47
85 48
85 55
85 57
85 59
85 65
85 71
85 75
85 78
85 84
85 86
85 89
85 94
85 96
85 98
85 99
85 100
85 101
85 102
85 104
85 107
85 108
85 109
85 111
85 112
85 117
85 119
85 120
85 124
85 125
85 126
86 5
86 9
86 15
86 16
86 19
86 22
86 25
86 26
86 31
86 33
86 38
86 42
86 43
86 47
86 53
86 54
86 59
86 62
86 65
86 76
86 77
86 79
86 86
86 92
86 93
86 96
86 104
86 105
86 106
86 108
86 119
87 1
87 3
87 4
87 9
87 13
87 24
87 25
87 26
87 37
87 40
87 41
87 45
87 48
87 49
87 51
87 56
87 57
87 58
87 61
87 64
87 66
87 69
87 79
87 84
87 90
87 91
87 94
87 99
87 101
87 102
87 103
87 104
87 107
87 110
87 112
87 114
87 115
87 118
87 122
87 125
88 0
88 5
88 6
88 13
88 14
88 18
88 20
88 21
88 25
88 26
88 29
88 30
88 34
88 38
88 42
88 43
88 46
88 50
88 52
88 54
88 57
88 64
88 65
88 66
88 67
88 74
88 77
88 81
88 87
88 89
88 101
88 102
88 106
88 107
88 112
88 113
88 115
88 116
88 122
88 125
88 126
88 127
89 1
89 5
89 6
89 7
89 9
89 12
89 13
89 14
89 15
89 16
89 18
89 20
89 24
89 27
89 29
89 33
89 37
89 42
89 44
89 45
89 46
89 47
89 48
89 49
89 55
89 60
89 62
89 66
89 70
89 72
89 74
89 82
89 83
89 85
89 86
89 87
89 88
89 90
89 92
89 95
89 96
89 97
89 100
89 102
89 103
89 105
89 107
89 108
89 109
89 110
89 113
89 115
89 119
89 121
89 122
89 123
90 0
90 3
90 5
90 16
90 17
90 23
90 27
90 28
90 30
90 32
90 33
90 39
90 40
90 41
90 42
90 45
90 46
90 48
90 54
90 58
90 59
90 61
90 64
90 66
90 68
90 70
90 71
90 73
90 75
90 77
90 78
90 80
90 83
90 86
90 88
90 96
90 100
90 101
90 102
90 104
90 105
90 107
90 108
90 110
90 111
90 113
90 119
90 121
90 122
90 123
90 124
90 125
91 1
91 5
91 6
91 10
91 17
91 21
91 26
91 27
91 28
91 29
91 32
91 33
91 34
91 35
91 44
91 46
91 47
91 52
91 55
91 56
91 61
91 62
91 73
91 77
91 79
91 80
91 83
91 84
91 86
91 87
91 89
91 90
91 92
91 93
91 98
91 99
91 102
91 103
91 105
91 107
91 110
91 117
91 118
91 120
91 121
91 124
92 1
92 2
92 4
92 5
92 12
92 16
92 18
92 19
92 25
92 27
92 31
92 34
92 35
92 36
92 40
92 45
92 47
92 49
92 57
92 58
92 60
92 61
92 62
92 64
92 66
92 68
92 77
92 86
92 87
92 88
92 89
92 91
92 93
92 95
92 97
92 98
92 100
92 108
92 112
92 117
92 120
92 121
92 123
92 126
93 1
93 2
93 4
93 6
93 10
93 16
93 18
93 21
93 29
93 30
93 34
93 39
93 40
93 43
93 48
93 51
93 52
93 54
93 56
93 64
93 70
93 71
93 77
93 79
93 80
93 94
93 97
93 108
93 110
93 111
93 113
93 118
93 121
93 123
93 126
94 9
94 10
94 11
94 12
94 15
94 17
94 23
94 24
94 28
94 30
94 32
94 33
94 35
94 36
94 40
94 44
94 47
94 48
94 49
94 54
94 57
94 59
94 60
94 64
94 66
94 68
94 70
94 72
94 73
94 77
94 80
94 82
94 83
94 84
94 85
94 90
94 94
94 100
94 102
94 105
94 107
94 109
94 110
94 112
94 113
94 116
94 121
94 122
94 125
95 2
95 3
95 8
95 9
95 12
95 15
95 16
95 17
95 18
95 20
95 30
95 32
95 38
95 39
95 43
95 45
95 47
95 48
95 51
95 52
95 55
95 56
95 58
95 61
95 69
95 72
95 74
95 75
95 77
95 79
95 83
95 84
95 85
95 98
95 105
95 109
95 112
95 115
95 116
95 123
96 0
96 1
96 2
96 5
96 8
96 11
96 18
96 22
96 23
96 26
96 33
96 37
96 38
96 43
96 50
96 52
96 53
96 54
96 56
96 60
96 63
96 71
96 75
96 77
96 78
96 79
96 80
96 92
96 94
96 99
96 102
96 110
96 114
96 117
96 118
96 120
96 124
97 1
97 5
97 6
97 7
97 9
97 17
97 18
97 19
97 23
97 26
97 28
97 32
97 34
97 35
97 37
97 38
97 39
97 40
97 44
97 45
97 46
97 49
97 50
97 56
97 57
97 58
97 60
97 61
97 63
97 71
97 73
97 75
97 77
97 82
97 83
97 88
97 89
97 91
97 92
97 93
97 97
97 98
97 107
97 108
97 111
97 116
97 120
97 121
97 123
97 127
98 0
98 4
98 7
98 12
98 13
98 18
98 23
98 24
98 31
98 32
98 34
98 36
98 39
98 40
98 41
98 45
98 47
98 55
98 56
98 59
98 60
98 62
98 63
98 64
98 67
98 72
98 77
98 79
98 81
98 83
98 85
98 86
98 87
98 88
98 97
98 103
98 106
98 107
98 110
98 111
98 112
98 118
98 119
98 122
98 123
98 126
99 2
99 10
99 13
99 19
99 23
99 30
99 31
99 32
99 37
99 38
99 39
99 42
99 44
99 46
99 47
99 48
99 53
99 54
99 55
99 56
99 57
99 60
99 62
99 64
99 68
99 70
99 71
99 72
99 73
99 75
99 83
99 89
99 92
99 93
99 97
99 99
99 101
99 104
99 107
99 109
99 111
99 114
99 115
99 119
99 123
99 124
99 126
100 2
100 5
100 6
100 7
100 9
100 10
100 18
100 21
100 26
100 27
100 30
100 31
100 36
100 40
100 41
100 42
100 43
100 46
100 56
100 57
100 59
100 66
100 77
100 91
100 92
100 93
100 96
100 97
100 100
100 104
100 105
100 106
100 109
100 110
100 116
100 121
100 123
100 124
100 125
100 126
100 127
101 9
101 11
101 28
101 32
101 34
101 35
101 40
101 45
101 50
101 51
101 56
101 59
101 64
101 65
101 67
101 75
101 77
101 84
101 93
101 95
101 103
101 107
101 108
101 109
101 110
101 111
101 115
101 116
101 117
101 119
101 122
101 124
101 126
102 0
102 11
102 12
102 14
102 15
102 16
102 25
102 26
102 28
102 29
102 30
102 32
102 37
102 47
102 48
102 51
102 52
102 53
102 55
102 58
102 61
102 65
102 71
102 72
102 75
102 80
102 84
102 91
102 95
102 96
102 98
102 100
102 102
102 109
102 110
102 111
102 112
102 113
102 114
102 115
102 116
102 117
102 120
102 125
102 126
103 4
103 5
103 8
103 9
103 13
103 14
103 21
103 22
103 26
103 29
103 33
103 34
103 43
103 44
103 45
103 49
103 50
103 51
103 54
103 55
103 56
103 57
103 61
103 62
103 64
103 68
103 69
103 71
103 74
103 75
103 79
103 83
103 87
103 91
103 93
103 94
103 95
103 96
103 97
103 101
103 102
103 108
103 109
103 110
103 111
103 114
103 116
103 120
103 124
103 125
104 2
104 4
104 5
104 11
104 15
104 16
104 19
104 20
104 23
104 26
104 31
104 32
104 36
104 48
104 51
104 52
104 57
104 60
104 61
104 65
104 72
104 77
104 78
104 79
104 90
104 95
104 96
104 97
104 99
104 101
104 103
104 105
104 111
104 117
104 118
104 120
104 121
104 125
104 126
105 0
105 1
105 2
105 3
105 7
105 9
105 10
105 15
105 24
105 36
105 38
105 39
105 41
105 42
105 43
105 45
105 47
105 49
105 51
105 69
105 70
105 76
105 81
105 82
105 93
105 94
105 99
105 104
105 106
105 111
105 112
105 114
105 115
105 116
105 117
105 122
105 123
105 124
105 127
106 0
106 4
106 5
106 7
106 9
106 14
106 15
106 27
106 33
106 36
106 37
106 39
106 43
106 55
106 56
106 58
106 59
106 66
106 71
106 73
106 76
106 79
106 85
106 88
106 90
106 91
106 92
106 93
106 96
106 99
106 100
106 101
106 103
106 110
106 111
106 113
106 114
106 116
106 117
106 118
106 123
106 127
107 10
107 11
107 14
107 17
107 21
107 25
107 28
107 31
107 32
107 41
107 44
107 45
107 46
107 47
107 48
107 53
107 55
107 56
107 59
107 61
107 67
107 68
107 69
107 70
107 71
107 72
107 74
107 77
107 78
107 81
107 82
107 84
107 85
107 87
107 88
107 92
107 94
107 97
107 98
107 100
107 101
107 104
107 107
107 109
107 110
107 115
107 116
107 117
107 119
107 120
108 0
108 2
108 4
108 6
108 7
108 8
108 12
108 13
108 17
108 19
108 21
108 25
108 31
108 34
108 38
108 40
108 46
108 49
108 55
108 56
108 60
108 63
108 64
108 66
108 68
108 70
108 74
108 76
108 78
108 79
108 88
108 89
108 92
108 93
108 95
108 96
108 97
108 104
108 116
108 118
108 120
108 126
109 9
109 14
109 15
109 17
109 19
109 20
109 22
109 24
109 26
109 32
109 33
109 38
109 41
109 42
109 45
109 51
109 55
109 56
109 57
109 58
109 59
109 60
109 61
109 64
109 70
109 74
109 75
109 77
109 78
109 82
109 83
109 86
109 89
109 94
109 95
109 96
109 97
109 100
109 104
109 105
109 106
109 108
109 110
109 117
109 123
109 124
110 2
110 6
110 9
110 13
110 15
110 17
110 20
110 25
110 27
110 33
110 35
110 36
110 38
110 39
110 42
110 48
110 49
110 50
110 51
110 54
110 56
110 59
110 60
110 63
110 64
110 67
110 72
110 73
110 74
110 76
110 79
110 85
110 86
110 87
110 92
110 94
110 95
110 96
110 102
110 109
110 110
110 119
110 120
110 121
110 124
110 126
110 127
111 2
111 4
111 6
111 7
111 8
111 18
111 20
111 21
111 22
111 25
111 26
111 28
111 30
111 32
111 34
111 35
111 39
111 43
111 45
111 46
111 53
111 56
111 58
111 60
111 62
111 64
111 66
111 67
111 68
111 69
111 72
111 74
111 76
111 81
111 82
111 83
111 85
111 88
111 90
111 94
111 95
111 96
111 98
111 101
111 103
111 106
111 109
111 110
111 111
111 116
111 122
111 123
111 126
111 127
112 1
112 2
112 9
112 15
112 16
112 17
112 22
112 27
112 30
112 35
112 42
112 47
112 51
112 53
112 55
112 59
112 62
112 65
112 67
112 69
112 70
112 72
112 76
112 77
112 80
112 81
112 82
112 87
112 89
112 92
112 94
112 96
112 104
112 107
112 108
112 109
112 111
112 113
112 116
112 124
112 125
112 127
113 1
113 9
113 10
113 12
113 15
113 16
113 17
113 19
113 23
113 24
113 26
113 29
113 30
113 37
113 42
113 43
113 49
113 50
113 53
113 54
113 56
113 57
113 60
113 62
113 63
113 66
113 72
113 73
113 77
113 78
113 79
113 87
113 92
113 95
113 100
113 104
113 106
113 109
113 110
113 111
113 113
113 114
113 120
113 121
113 127
114 0
114 5
114 18
114 19
114 21
114 23
114 24
114 25
114 33
114 35
114 36
114 37
114 46
114 47
114 56
114 58
114 61
114 67
114 70
114 72
114 73
114 74
114 75
114 77
114 78
114 81
114 84
114 92
114 101
114 103
114 104
114 106
114 108
114 113
114 115
115 1
115 2
115 4
115 5
115 11
115 13
115 15
115 19
115 20
115 21
115 23
115 32
115 36
115 38
115 46
115 47
115 48
115 52
115 54
115 56
115 59
115 64
115 72
115 74
115 77
115 79
115 83
115 84
115 87
115 95
115 98
115 101
115 103
115 108
115 110
115 113
115 116
115 117
115 118
115 124
115 125
116 5
116 6
116 7
116 11
116 14
116 15
116 17
116 20
116 21
116 22
116 26
116 29
116 30
116 32
116 40
116 41
116 43
116 45
116 52
116 53
116 54
116 56
116 57
116 58
116 63
116 64
116 65
116 68
116 69
116 75
116 77
116 79
116 83
116 87
116 88
116 89
116 92
116 96
116 97
116 101
116 107
116 113
116 114
116 117
116 119
116 124
116 125
117 2
117 3
117 6
117 10
117 17
117 20
117 23
117 24
117 26
117 28
117 29
117 33
117 34
117 37
117 39
117 40
117 41
117 42
117 45
117 46
117 51
117 52
117 56
117 58
117 61
117 65
117 76
117 80
117 82
117 85
117 91
117 93
117 98
117 101
117 104
117 107
117 108
117 109
117 111
117 113
117 115
117 118
117 119
117 120
117 127
118 3
118 7
118 8
118 10
118 11
118 12
118 15
118 19
118 20
118 23
118 29
118 30
118 31
118 32
118 42
118 46
118 48
118 49
118 53
118 54
118 56
118 64
118 66
118 68
118 70
118 73
118 74
118 79
118 83
118 85
118 86
118 89
118 90
118 92
118 94
118 100
118 102
118 103
118 106
118 110
118 112
118 113
118 116
118 117
118 119
118 126
118 127
119 0
119 2
119 4
119 5
119 10
119 15
119 19
119 21
119 24
119 29
119 31
119 36
119 38
119 42
119 43
119 44
119 49
119 51
119 54
119 58
119 59
119 60
119 64
119 65
119 67
119 68
119 70
119 73
119 74
119 78
119 81
119 90
119 95
119 101
119 102
119 105
119 107
119 111
119 114
119 119
119 121
119 124
119 127
120 0
120 4
120 5
120 7
120 9
120 11
120 14
120 16
120 17
120 21
120 22
120 26
120 31
120 38
120 42
120 52
120 57
120 59
120 60
120 63
120 68
120 72
120 78
120 80
120 81
120 83
120 84
120 87
120 88
120 89
120 90
120 92
120 95
120 98
120 100
120 105
120 110
120 111
120 112
120 116
120 119
120 121
120 124
120 125
120 126
121 4
121 11
121 12
121 14
121 15
121 20
121 24
121 25
121 26
121 29
121 31
121 32
121 33
121 37
121 39
121 42
121 47
121 49
121 52
121 54
121 56
121 65
121 66
121 73
121 75
121 76
121 80
121 83
121 85
121 86
121 87
121 89
121 91
121 92
121 93
121 100
121 110
121 111
121 114
121 115
121 119
122 3
122 10
122 15
122 19
122 22
122 23
122 30
122 32
122 33
122 37
122 38
122 47
122 49
122 51
122 55
122 61
122 63
122 67
122 68
122 78
122 81
122 82
122 85
122 91
122 92
122 93
122 94
122 96
122 99
122 101
122 103
122 111
122 113
122 116
122 117
122 118
123 1
123 2
123 5
123 7
123 9
123 11
123 12
123 13
123 20
123 21
123 23
123 27
123 30
123 35
123 37
123 39
123 40
123 41
123 42
123 43
123 45
123 47
123 49
123 58
123 62
123 63
123 64
123 65
123 69
123 72
123 73
123 78
123 83
123 92
123 93
123 95
123 101
123 103
123 104
123 105
123 106
123 107
123 109
123 110
123 117
123 121
123 127
124 1
124 2
124 3
124 4
124 6
124 13
124 14
124 16
124 18
124 19
124 21
124 22
124 25
124 26
124 28
124 31
124 32
124 33
124 35
124 37
124 42
124 46
124 48
124 50
124 58
124 64
124 66
124 72
124 74
124 76
124 77
124 79
124 83
124 85
124 87
124 88
124 89
124 93
124 94
124 100
124 101
124 102
124 104
124 105
124 106
124 113
124 116
124 119
125 0
125 2
125 3
125 5
125 6
125 9
125 15
125 16
125 18
125 30
125 32
125 35
125 36
125 41
125 42
125 54
125 57
125 60
125 62
125 63
125 65
125 66
125 67
125 68
125 70
125 71
125 76
125 79
125 80
125 85
125 93
125 96
125 101
125 102
125 104
125 111
125 115
125 116
125 117
125 118
125 120
125 122
125 123
125 126
125 127
126 13
126 15
126 16
126 26
126 32
126 34
126 36
126 41
126 47
126 50
126 51
126 54
126 55
126 56
126 57
126 59
126 66
126 68
126 69
126 71
126 73
126 74
126 80
126 82
126 85
126 87
126 89
126 92
126 96
126 98
126 99
126 100
126 102
126 103
126 104
126 108
126 109
126 115
126 117
126 123
127 3
127 7
127 10
127 11
127 12
127 13
127 21
127 30
127 32
127 35
127 39
127 40
127 41
127 47
127 51
127 55
127 57
127 62
127 64
127 65
127 72
127 76
127 79
127 83
127 85
127 87
127 89
127 91
127 93
127 94
127 103
127 104
127 106
127 108
127 110
127 111
127 115
127 121
127 126
127 127
