0 1
0 13
0 15
0 21
0 22
0 23
0 25
0 26
0 27
0 28
0 30
0 31
0 32
0 35
0 36
0 37
0 44
0 45
0 46
0 47
0 51
0 55
0 59
0 60
0 61
0 66
0 74
0 75
0 76
0 81
0 82
0 83
0 84
0 86
0 91
0 92
0 93
0 94
0 95
0 97
0 100
0 105
0 106
0 108
0 109
0 110
0 111
0 114
0 116
0 117
0 123
0 125
0 127
1 0
1 1
1 5
1 15
1 16
1 17
1 18
1 20
1 22
1 23
1 24
1 25
1 27
1 29
1 33
1 35
1 37
1 40
1 41
1 42
1 45
1 46
1 49
1 51
1 54
1 55
1 58
1 60
1 65
1 68
1 69
1 70
1 72
1 73
1 75
1 76
1 81
1 83
1 85
1 86
1 87
1 90
1 92
1 97
1 99
1 100
1 104
1 111
1 112
1 113
1 114
1 116
1 119
1 120
1 123
1 126
1 127
2 0
2 4
2 5
2 6
2 8
2 11
2 16
2 17
2 19
2 20
2 22
2 23
2 24
2 25
2 26
2 29
2 32
2 34
2 35
2 37
2 40
2 41
2 43
2 45
2 48
2 50
2 51
2 53
2 54
2 55
2 57
2 60
2 62
2 63
2 64
2 65
2 66
2 68
2 71
2 74
2 78
2 80
2 84
2 86
2 91
2 99
2 100
2 102
2 105
2 108
2 110
2 115
2 116
2 118
2 119
2 121
2 122
2 124
2 125
2 126
2 127
3 3
3 5
3 6
3 12
3 13
3 18
3 19
3 20
3 21
3 22
3 24
3 25
3 27
3 28
3 30
3 33
3 35
3 38
3 39
3 49
3 52
3 55
3 58
3 67
3 71
3 73
3 75
3 78
3 79
3 84
3 86
3 89
3 95
3 97
3 99
3 103
3 110
3 111
3 115
3 116
3 117
3 120
3 121
3 122
3 123
4 4
4 5
4 7
4 8
4 10
4 12
4 13
4 14
4 21
4 25
4 27
4 29
4 34
4 40
4 42
4 47
4 48
4 49
4 51
4 53
4 58
4 60
4 61
4 62
4 68
4 71
4 74
4 76
4 77
4 79
4 80
4 82
4 83
4 85
4 86
4 88
4 90
4 91
4 92
4 93
4 95
4 96
4 98
4 99
4 103
4 106
4 107
4 110
4 111
4 113
4 114
4 115
4 117
4 118
4 119
4 121
4 126
4 127
5 6
5 11
5 13
5 15
5 17
5 18
5 21
5 22
5 23
5 28
5 44
5 46
5 51
5 52
5 53
5 57
5 58
5 59
5 66
5 67
5 70
5 71
5 73
5 74
5 76
5 79
5 83
5 85
5 86
5 88
5 90
5 91
5 93
5 94
5 95
5 98
5 99
5 101
5 102
5 103
5 104
5 105
5 107
5 114
5 116
5 119
5 121
5 122
5 123
5 125
5 126
6 0
6 1
6 2
6 4
6 8
6 14
6 15
6 17
6 20
6 23
6 31
6 32
6 37
6 38
6 40
6 41
6 42
6 44
6 49
6 50
6 51
6 54
6 56
6 61
6 63
6 64
6 66
6 67
6 68
6 69
6 72
6 74
6 78
6 82
6 84
6 87
6 90
6 101
6 104
6 107
6 110
6 111
6 116
6 124
6 125
7 0
7 1
7 5
7 6
7 7
7 17
7 23
7 24
7 31
7 34
7 39
7 41
7 44
7 48
7 49
7 51
7 53
7 54
7 56
7 58
7 60
7 61
7 62
7 63
7 66
7 71
7 73
7 78
7 80
7 83
7 92
7 93
7 94
7 97
7 98
7 100
7 102
7 103
7 108
7 109
7 111
7 112
7 114
7 119
7 120
7 122
7 124
7 125
8 0
8 1
8 4
8 7
8 11
8 13
8 17
8 18
8 19
8 20
8 26
8 27
8 30
8 34
8 43
8 45
8 47
8 50
8 51
8 53
8 54
8 60
8 62
8 63
8 66
8 68
8 75
8 76
8 79
8 80
8 81
8 83
8 84
8 86
8 88
8 89
8 91
8 95
8 97
8 100
8 101
8 103
8 104
8 107
8 108
8 109
8 110
8 111
8 117
8 118
8 125
9 0
9 1
9 2
9 4
9 6
9 7
9 8
9 9
9 12
9 13
9 18
9 20
9 24
9 26
9 27
9 28
9 30
9 32
9 33
9 34
9 45
9 50
9 66
9 67
9 71
9 73
9 74
9 76
9 77
9 83
9 86
9 88
9 89
9 91
9 92
9 95
9 97
9 99
9 101
9 102
9 110
9 114
9 116
9 117
9 118
9 119
9 120
9 122
9 124
9 125
10 1
10 3
10 8
10 10
10 11
10 18
10 21
10 22
10 23
10 25
10 30
10 34
10 35
10 38
10 42
10 46
10 48
10 49
10 57
10 60
10 64
10 65
10 73
10 75
10 77
10 78
10 80
10 82
10 84
10 90
10 92
10 93
10 96
10 97
10 98
10 101
10 102
10 103
10 105
10 106
10 108
10 110
10 112
10 113
10 114
10 117
10 123
10 124
11 0
11 3
11 6
11 8
11 10
11 12
11 13
11 19
11 21
11 24
11 27
11 28
11 29
11 31
11 34
11 35
11 37
11 43
11 47
11 48
11 49
11 54
11 56
11 57
11 61
11 63
11 64
11 65
11 75
11 76
11 81
11 82
11 84
11 87
11 90
11 93
11 95
11 96
11 103
11 106
11 107
11 109
11 114
11 121
11 125
12 3
12 4
12 8
12 9
12 12
12 14
12 15
12 17
12 18
12 21
12 22
12 23
12 25
12 28
12 30
12 31
12 33
12 37
12 39
12 42
12 46
12 47
12 49
12 55
12 62
12 63
12 64
12 65
12 67
12 73
12 75
12 76
12 78
12 85
12 86
12 87
12 89
12 91
12 93
12 94
12 95
12 98
12 99
12 101
12 103
12 108
12 112
12 114
12 115
12 116
12 120
12 121
12 122
12 125
12 127
13 1
13 7
13 11
13 12
13 15
13 16
13 17
13 18
13 19
13 21
13 22
13 24
13 33
13 36
13 38
13 41
13 43
13 48
13 49
13 56
13 57
13 62
13 63
13 66
13 67
13 68
13 74
13 76
13 78
13 80
13 85
13 88
13 89
13 90
13 91
13 93
13 97
13 98
13 99
13 100
13 101
13 102
13 104
13 105
13 115
13 118
13 122
13 125
13 126
13 127
14 0
14 1
14 2
14 3
14 6
14 9
14 13
14 15
14 16
14 19
14 20
14 22
14 23
14 31
14 32
14 36
14 37
14 40
14 41
14 45
14 49
14 53
14 55
14 56
14 58
14 60
14 64
14 65
14 67
14 70
14 71
14 72
14 82
14 83
14 84
14 85
14 87
14 88
14 89
14 92
14 93
14 96
14 97
14 102
14 105
14 109
14 110
14 111
14 113
14 114
14 115
14 116
14 124
14 127
15 3
15 4
15 6
15 11
15 15
15 16
15 17
15 20
15 26
15 29
15 30
15 31
15 33
15 36
15 38
15 39
15 40
15 44
15 45
15 46
15 47
15 50
15 51
15 53
15 54
15 55
15 57
15 58
15 59
15 61
15 62
15 65
15 68
15 71
15 77
15 79
15 82
15 87
15 89
15 91
15 93
15 95
15 96
15 97
15 98
15 100
15 102
15 107
15 111
15 116
15 119
15 121
15 122
15 123
15 124
16 2
16 3
16 5
16 7
16 9
16 10
16 11
16 12
16 14
16 15
16 17
16 18
16 19
16 20
16 21
16 22
16 26
16 28
16 29
16 32
16 33
16 34
16 36
16 37
16 38
16 40
16 41
16 44
16 45
16 47
16 51
16 52
16 53
16 55
16 56
16 58
16 59
16 65
16 69
16 70
16 73
16 80
16 85
16 88
16 97
16 99
16 101
16 104
16 109
16 115
16 116
16 117
16 119
16 121
16 124
17 8
17 9
17 12
17 13
17 15
17 16
17 22
17 25
17 29
17 31
17 32
17 33
17 35
17 36
17 37
17 39
17 41
17 42
17 47
17 48
17 49
17 54
17 62
17 63
17 66
17 67
17 68
17 70
17 71
17 79
17 82
17 84
17 85
17 88
17 89
17 90
17 92
17 94
17 98
17 101
17 104
17 108
17 109
17 115
17 116
17 117
17 118
17 119
17 120
17 122
17 123
17 125
18 0
18 1
18 5
18 8
18 9
18 10
18 12
18 14
18 15
18 20
18 22
18 23
18 26
18 27
18 28
18 32
18 35
18 36
18 37
18 39
18 43
18 44
18 47
18 48
18 49
18 57
18 62
18 64
18 69
18 70
18 71
18 72
18 73
18 76
18 77
18 79
18 82
18 90
18 93
18 94
18 95
18 96
18 98
18 99
18 101
18 102
18 105
18 106
18 107
18 109
18 110
18 111
18 114
18 116
18 118
18 120
18 122
18 125
18 127
19 1
19 4
19 7
19 11
19 13
19 14
19 16
19 17
19 22
19 23
19 27
19 29
19 31
19 38
19 41
19 42
19 43
19 45
19 47
19 54
19 55
19 57
19 61
19 62
19 63
19 68
19 70
19 77
19 82
19 83
19 84
19 85
19 86
19 88
19 92
19 95
19 96
19 101
19 105
19 106
19 107
19 108
19 113
19 114
19 116
19 122
19 123
19 124
19 127
20 1
20 3
20 5
20 9
20 11
20 13
20 14
20 16
20 17
20 19
20 21
20 22
20 23
20 25
20 28
20 29
20 31
20 32
20 34
20 44
20 46
20 48
20 52
20 53
20 54
20 55
20 59
20 60
20 62
20 64
20 66
20 68
20 71
20 77
20 80
20 89
20 93
20 101
20 110
20 111
20 114
20 117
20 119
20 122
20 124
21 1
21 4
21 6
21 7
21 9
21 10
21 11
21 13
21 15
21 20
21 25
21 26
21 32
21 36
21 39
21 43
21 44
21 46
21 49
21 53
21 54
21 56
21 57
21 59
21 60
21 63
21 68
21 69
21 71
21 74
21 76
21 77
21 81
21 82
21 84
21 86
21 89
21 90
21 95
21 96
21 97
21 101
21 106
21 108
21 109
21 110
21 112
21 114
21 115
21 117
21 118
21 123
21 124
21 126
22 1
22 4
22 5
22 10
22 12
22 14
22 17
22 19
22 24
22 25
22 31
22 34
22 43
22 45
22 50
22 55
22 57
22 60
22 61
22 72
22 73
22 75
22 76
22 78
22 79
22 82
22 86
22 89
22 92
22 93
22 94
22 95
22 96
22 100
22 102
22 109
22 111
22 112
22 114
22 116
22 118
22 119
22 120
22 123
22 124
22 125
22 127
23 0
23 1
23 4
23 5
23 8
23 9
23 11
23 13
23 20
23 21
23 22
23 23
23 28
23 30
23 31
23 32
23 35
23 37
23 40
23 41
23 43
23 45
23 47
23 53
23 54
23 55
23 58
23 61
23 62
23 63
23 66
23 67
23 69
23 71
23 72
23 76
23 81
23 84
23 85
23 88
23 90
23 93
23 94
23 97
23 98
23 99
23 105
23 107
23 113
23 117
23 118
23 119
23 121
23 122
23 123
23 124
23 125
24 0
24 1
24 2
24 5
24 8
24 13
24 18
24 19
24 22
24 24
24 25
24 27
24 32
24 33
24 34
24 36
24 37
24 41
24 51
24 52
24 53
24 59
24 62
24 67
24 68
24 71
24 76
24 77
24 79
24 80
24 82
24 83
24 86
24 87
24 90
24 92
24 94
24 96
24 97
24 98
24 100
24 101
24 105
24 110
24 111
24 113
24 115
24 120
24 121
24 122
24 124
24 127
25 3
25 7
25 9
25 10
25 13
25 14
25 15
25 19
25 22
25 23
25 24
25 28
25 35
25 40
25 42
25 45
25 46
25 47
25 49
25 50
25 52
25 54
25 59
25 64
25 65
25 66
25 67
25 69
25 71
25 72
25 75
25 78
25 80
25 87
25 88
25 89
25 91
25 94
25 95
25 96
25 97
25 99
25 101
25 103
25 104
25 105
25 106
25 110
25 111
25 114
25 120
25 121
25 122
25 125
25 127
26 0
26 1
26 2
26 3
26 5
26 8
26 11
26 12
26 17
26 18
26 19
26 21
26 22
26 23
26 26
26 27
26 29
26 34
26 37
26 41
26 42
26 44
26 45
26 47
26 48
26 51
26 58
26 59
26 60
26 64
26 66
26 67
26 68
26 70
26 72
26 75
26 77
26 78
26 79
26 81
26 83
26 87
26 88
26 91
26 92
26 95
26 105
26 106
26 110
26 111
26 113
26 116
26 120
26 127
27 3
27 6
27 7
27 11
27 13
27 16
27 17
27 19
27 22
27 24
27 25
27 29
27 32
27 34
27 36
27 46
27 54
27 58
27 65
27 67
27 68
27 72
27 73
27 75
27 77
27 79
27 80
27 81
27 87
27 90
27 91
27 93
27 94
27 95
27 97
27 98
27 100
27 103
27 104
27 106
27 107
27 108
27 109
27 110
27 115
27 116
27 117
27 122
27 125
27 126
27 127
28 6
28 9
28 15
28 19
28 20
28 26
28 27
28 29
28 30
28 32
28 33
28 34
28 35
28 46
28 48
28 49
28 50
28 53
28 54
28 55
28 56
28 57
28 59
28 62
28 64
28 67
28 68
28 70
28 71
28 72
28 77
28 78
28 80
28 83
28 84
28 86
28 89
28 90
28 91
28 92
28 97
28 102
28 105
28 110
28 113
28 122
28 123
28 124
29 1
29 2
29 6
29 8
29 10
29 11
29 12
29 13
29 15
29 16
29 24
29 25
29 28
29 31
29 32
29 45
29 46
29 48
29 51
29 53
29 54
29 55
29 56
29 59
29 62
29 68
29 69
29 71
29 72
29 73
29 76
29 80
29 85
29 87
29 88
29 89
29 90
29 94
29 104
29 105
29 106
29 112
29 114
29 115
29 117
29 118
29 119
29 124
29 127
30 0
30 3
30 4
30 6
30 7
30 11
30 14
30 15
30 23
30 25
30 26
30 29
30 31
30 32
30 33
30 34
30 36
30 39
30 41
30 42
30 50
30 51
30 52
30 53
30 55
30 59
30 60
30 65
30 66
30 67
30 69
30 70
30 71
30 72
30 74
30 78
30 85
30 86
30 87
30 89
30 90
30 97
30 99
30 100
30 102
30 103
30 107
30 108
30 112
30 113
30 116
30 120
30 121
30 122
30 123
31 5
31 6
31 8
31 12
31 14
31 15
31 19
31 21
31 23
31 24
31 25
31 27
31 29
31 30
31 31
31 32
31 36
31 38
31 39
31 40
31 44
31 45
31 49
31 51
31 52
31 53
31 55
31 57
31 58
31 59
31 60
31 61
31 62
31 64
31 65
31 68
31 70
31 71
31 73
31 74
31 78
31 79
31 82
31 83
31 85
31 86
31 87
31 90
31 94
31 95
31 96
31 99
31 101
31 104
31 108
31 109
31 114
31 115
31 117
31 118
31 120
31 124
31 126
32 0
32 3
32 6
32 10
32 13
32 14
32 16
32 17
32 19
32 22
32 36
32 39
32 44
32 48
32 49
32 50
32 51
32 54
32 55
32 56
32 63
32 66
32 68
32 69
32 71
32 76
32 80
32 86
32 87
32 88
32 89
32 90
32 91
32 92
32 96
32 101
32 102
32 104
32 105
32 106
32 111
32 113
32 114
32 124
32 125
32 126
33 3
33 7
33 11
33 13
33 14
33 15
33 16
33 18
33 20
33 24
33 25
33 27
33 31
33 32
33 36
33 38
33 41
33 43
33 45
33 49
33 56
33 59
33 62
33 64
33 65
33 68
33 70
33 73
33 75
33 76
33 77
33 78
33 85
33 87
33 89
33 90
33 91
33 92
33 96
33 97
33 98
33 102
33 103
33 104
33 106
33 110
33 111
33 112
33 119
33 125
33 126
33 127
34 0
34 2
34 4
34 11
34 21
34 30
34 35
34 38
34 39
34 40
34 46
34 48
34 55
34 62
34 66
34 67
34 70
34 71
34 73
34 74
34 79
34 84
34 90
34 91
34 97
34 98
34 99
34 100
34 101
34 106
34 110
34 112
34 116
34 119
34 120
34 121
34 122
35 0
35 5
35 6
35 7
35 9
35 11
35 12
35 18
35 19
35 24
35 33
35 35
35 42
35 45
35 46
35 52
35 54
35 55
35 56
35 61
35 63
35 66
35 69
35 73
35 74
35 75
35 76
35 80
35 81
35 82
35 89
35 90
35 96
35 102
35 103
35 104
35 106
35 107
35 108
35 113
35 114
35 118
35 120
35 121
35 125
35 126
35 127
36 1
36 4
36 5
36 7
36 10
36 13
36 23
36 24
36 26
36 27
36 28
36 30
36 31
36 34
36 38
36 40
36 47
36 49
36 60
36 61
36 65
36 67
36 69
36 70
36 72
36 73
36 81
36 82
36 83
36 85
36 86
36 87
36 93
36 95
36 98
36 100
36 101
36 104
36 105
36 106
36 107
36 108
36 111
36 115
36 117
36 118
36 121
36 123
36 125
36 127
37 0
37 1
37 4
37 5
37 11
37 15
37 18
37 20
37 23
37 24
37 25
37 28
37 32
37 33
37 39
37 45
37 49
37 51
37 52
37 56
37 58
37 62
37 63
37 68
37 70
37 71
37 74
37 75
37 76
37 78
37 80
37 81
37 86
37 87
37 91
37 92
37 93
37 95
37 100
37 101
37 103
37 108
37 109
37 111
37 112
37 115
37 116
37 118
37 120
37 125
37 126
37 127
38 4
38 11
38 18
38 19
38 20
38 23
38 24
38 25
38 28
38 36
38 42
38 44
38 45
38 49
38 52
38 54
38 55
38 56
38 62
38 63
38 66
38 71
38 75
38 80
38 81
38 83
38 84
38 91
38 92
38 94
38 98
38 104
38 105
38 106
38 107
38 108
38 109
38 110
38 112
38 115
38 116
38 122
38 123
38 126
39 0
39 2
39 4
39 7
39 9
39 12
39 16
39 17
39 22
39 23
39 28
39 34
39 35
39 39
39 43
39 46
39 51
39 52
39 55
39 60
39 63
39 64
39 66
39 69
39 72
39 73
39 75
39 79
39 81
39 84
39 86
39 102
39 103
39 104
39 106
39 111
39 115
39 118
39 119
39 122
39 124
40 0
40 3
40 4
40 7
40 10
40 11
40 15
40 23
40 25
40 26
40 27
40 29
40 33
40 34
40 35
40 36
40 37
40 38
40 39
40 40
40 44
40 45
40 46
40 47
40 53
40 59
40 60
40 62
40 65
40 67
40 69
40 71
40 72
40 73
40 76
40 79
40 82
40 83
40 86
40 87
40 91
40 95
40 98
40 100
40 102
40 103
40 107
40 111
40 113
40 114
40 116
40 117
40 119
40 125
41 0
41 1
41 2
41 3
41 4
41 8
41 9
41 10
41 11
41 12
41 13
41 23
41 26
41 27
41 28
41 30
41 34
41 37
41 38
41 39
41 40
41 43
41 44
41 45
41 46
41 50
41 52
41 54
41 57
41 61
41 62
41 63
41 65
41 68
41 71
41 73
41 77
41 80
41 81
41 82
41 83
41 85
41 91
41 92
41 97
41 102
41 106
41 107
41 108
41 109
41 110
41 111
41 113
41 115
41 118
41 119
41 121
41 124
41 126
41 127
42 2
42 3
42 4
42 8
42 9
42 13
42 14
42 15
42 17
42 19
42 21
42 22
42 24
42 26
42 31
42 32
42 37
42 43
42 47
42 48
42 49
42 50
42 52
42 54
42 56
42 59
42 62
42 63
42 64
42 65
42 68
42 69
42 73
42 78
42 79
42 80
42 81
42 85
42 87
42 89
42 93
42 95
42 99
42 104
42 108
42 110
42 111
42 112
42 115
42 116
42 121
42 123
42 126
42 127
43 0
43 1
43 3
43 4
43 6
43 7
43 8
43 10
43 12
43 20
43 21
43 28
43 29
43 30
43 31
43 32
43 40
43 46
43 54
43 55
43 59
43 60
43 61
43 62
43 63
43 64
43 71
43 73
43 76
43 79
43 80
43 83
43 84
43 86
43 88
43 91
43 92
43 97
43 98
43 107
43 108
43 109
43 110
43 113
43 114
43 118
43 121
43 124
44 2
44 3
44 4
44 5
44 6
44 8
44 9
44 13
44 21
44 25
44 26
44 27
44 28
44 29
44 31
44 34
44 35
44 37
44 40
44 44
44 49
44 50
44 55
44 57
44 58
44 59
44 61
44 62
44 67
44 69
44 70
44 74
44 75
44 78
44 79
44 80
44 81
44 83
44 84
44 90
44 91
44 94
44 95
44 98
44 103
44 104
44 108
44 109
44 112
44 113
44 122
45 1
45 2
45 5
45 7
45 8
45 10
45 11
45 13
45 14
45 15
45 16
45 17
45 18
45 19
45 21
45 34
45 35
45 40
45 41
45 44
45 48
45 49
45 52
45 56
45 58
45 60
45 61
45 64
45 67
45 68
45 70
45 71
45 72
45 74
45 76
45 81
45 86
45 87
45 89
45 90
45 92
45 93
45 94
45 106
45 109
45 111
45 114
45 115
45 121
45 122
45 123
45 125
45 126
45 127
46 0
46 2
46 5
46 6
46 8
46 9
46 14
46 16
46 30
46 34
46 36
46 37
46 44
46 46
46 47
46 48
46 50
46 52
46 55
46 63
46 72
46 73
46 74
46 75
46 76
46 78
46 80
46 86
46 87
46 91
46 92
46 94
46 95
46 97
46 98
46 101
46 102
46 107
46 109
46 111
46 115
46 116
46 118
46 119
46 120
46 125
46 127
47 1
47 7
47 8
47 10
47 12
47 16
47 17
47 18
47 21
47 23
47 26
47 27
47 28
47 29
47 30
47 32
47 34
47 35
47 36
47 51
47 52
47 55
47 60
47 68
47 69
47 71
47 76
47 78
47 79
47 81
47 83
47 84
47 87
47 88
47 90
47 95
47 98
47 99
47 106
47 107
47 108
47 109
47 110
47 113
47 115
47 126
47 127
48 3
48 4
48 10
48 12
48 13
48 16
48 20
48 21
48 22
48 23
48 25
48 33
48 39
48 40
48 42
48 44
48 46
48 47
48 51
48 55
48 56
48 57
48 59
48 63
48 64
48 71
48 73
48 75
48 78
48 81
48 83
48 84
48 85
48 86
48 87
48 89
48 90
48 91
48 94
48 95
48 96
48 97
48 101
48 102
48 103
48 104
48 108
48 109
48 110
48 111
48 115
48 116
48 117
48 120
48 121
48 123
48 125
48 127
49 0
49 1
49 5
49 7
49 10
49 11
49 14
49 17
49 18
49 19
49 21
49 23
49 26
49 28
49 31
49 37
49 39
49 40
49 44
49 46
49 49
49 50
49 52
49 54
49 55
49 56
49 60
49 62
49 64
49 68
49 71
49 72
49 74
49 82
49 83
49 84
49 94
49 96
49 101
49 104
49 110
49 111
49 114
49 116
49 119
49 120
49 121
49 122
49 124
49 127
50 1
50 2
50 3
50 5
50 10
50 13
50 16
50 17
50 19
50 21
50 24
50 25
50 26
50 27
50 30
50 32
50 33
50 36
50 39
50 41
50 51
50 58
50 65
50 68
50 69
50 72
50 76
50 77
50 78
50 80
50 83
50 88
50 89
50 103
50 109
50 111
50 112
50 116
50 118
50 119
50 120
50 121
50 124
51 5
51 7
51 9
51 10
51 13
51 15
51 18
51 19
51 20
51 22
51 29
51 32
51 33
51 34
51 41
51 44
51 49
51 50
51 58
51 60
51 62
51 65
51 66
51 69
51 70
51 71
51 72
51 74
51 81
51 85
51 86
51 91
51 97
51 100
51 102
51 105
51 109
51 117
51 121
51 122
51 124
51 125
51 126
52 5
52 6
52 7
52 12
52 20
52 22
52 26
52 27
52 28
52 29
52 31
52 32
52 33
52 34
52 37
52 38
52 41
52 44
52 48
52 51
52 52
52 54
52 60
52 66
52 70
52 71
52 73
52 74
52 75
52 79
52 82
52 85
52 87
52 89
52 92
52 94
52 96
52 99
52 103
52 105
52 107
52 108
52 111
52 112
52 115
52 116
52 118
52 119
52 120
52 122
52 127
53 0
53 7
53 12
53 16
53 17
53 20
53 22
53 24
53 28
53 31
53 36
53 37
53 40
53 41
53 42
53 43
53 45
53 50
53 53
53 54
53 59
53 60
53 62
53 63
53 65
53 66
53 67
53 69
53 70
53 72
53 74
53 79
53 80
53 81
53 86
53 88
53 90
53 100
53 102
53 103
53 105
53 109
53 113
53 116
53 117
53 121
53 124
53 126
54 5
54 6
54 8
54 9
54 11
54 16
54 21
54 27
54 29
54 30
54 35
54 43
54 46
54 50
54 54
54 57
54 58
54 59
54 62
54 63
54 64
54 66
54 67
54 68
54 69
54 70
54 73
54 75
54 81
54 85
54 86
54 91
54 93
54 95
54 96
54 97
54 98
54 101
54 102
54 103
54 105
54 108
54 109
54 111
54 113
54 114
54 116
54 118
54 119
54 120
54 121
55 0
55 2
55 4
55 7
55 8
55 9
55 13
55 14
55 17
55 18
55 24
55 25
55 28
55 29
55 32
55 33
55 34
55 35
55 39
55 40
55 41
55 43
55 44
55 46
55 48
55 49
55 51
55 52
55 55
55 69
55 76
55 77
55 84
55 85
55 86
55 87
55 88
55 90
55 96
55 98
55 102
55 104
55 106
55 111
55 117
55 118
55 120
55 125
55 126
56 0
56 6
56 7
56 8
56 9
56 11
56 12
56 17
56 19
56 20
56 21
56 22
56 23
56 24
56 26
56 27
56 31
56 35
56 38
56 39
56 41
56 42
56 49
56 51
56 54
56 60
56 66
56 70
56 71
56 73
56 74
56 75
56 77
56 78
56 81
56 83
56 84
56 87
56 88
56 89
56 91
56 92
56 96
56 97
56 98
56 102
56 107
56 109
56 110
56 113
56 115
56 119
56 126
57 2
57 7
57 8
57 10
57 12
57 13
57 14
57 15
57 17
57 22
57 26
57 27
57 28
57 29
57 33
57 34
57 38
57 42
57 43
57 44
57 46
57 47
57 48
57 53
57 55
57 56
57 57
57 58
57 59
57 70
57 71
57 73
57 75
57 76
57 79
57 83
57 85
57 86
57 89
57 93
57 102
57 103
57 104
57 114
57 117
57 122
57 126
58 1
58 2
58 4
58 5
58 8
58 9
58 12
58 14
58 15
58 16
58 18
58 23
58 24
58 25
58 26
58 32
58 33
58 35
58 38
58 45
58 46
58 48
58 49
58 51
58 55
58 57
58 58
58 59
58 61
58 63
58 66
58 68
58 71
58 74
58 77
58 78
58 81
58 82
58 84
58 89
58 90
58 92
58 93
58 98
58 100
58 102
58 103
58 105
58 108
58 110
58 111
58 114
58 116
58 117
58 122
58 123
58 124
59 2
59 4
59 5
59 7
59 13
59 19
59 23
59 25
59 35
59 39
59 40
59 42
59 44
59 49
59 50
59 55
59 57
59 64
59 65
59 67
59 72
59 74
59 75
59 76
59 77
59 80
59 82
59 85
59 86
59 88
59 89
59 90
59 98
59 101
59 102
59 103
59 104
59 105
59 109
59 114
59 115
59 124
59 127
60 7
60 8
60 12
60 14
60 15
60 16
60 17
60 18
60 20
60 21
60 22
60 23
60 24
60 26
60 32
60 33
60 34
60 39
60 41
60 46
60 49
60 50
60 52
60 56
60 57
60 58
60 59
60 64
60 65
60 67
60 75
60 76
60 78
60 85
60 86
60 90
60 92
60 95
60 96
60 97
60 103
60 105
60 107
60 109
60 112
60 113
60 114
60 120
60 121
60 127
61 1
61 3
61 5
61 10
61 11
61 15
61 16
61 17
61 21
61 22
61 23
61 26
61 27
61 28
61 37
61 42
61 45
61 47
61 49
61 50
61 51
61 52
61 55
61 56
61 58
61 62
61 63
61 64
61 66
61 67
61 68
61 69
61 76
61 78
61 79
61 84
61 85
61 87
61 89
61 92
61 94
61 100
61 102
61 106
61 108
61 109
61 111
61 114
61 122
61 124
61 125
61 127
62 3
62 5
62 8
62 11
62 14
62 16
62 18
62 22
62 23
62 30
62 32
62 36
62 37
62 40
62 44
62 45
62 46
62 49
62 52
62 53
62 54
62 57
62 58
62 62
62 63
62 67
62 68
62 69
62 70
62 72
62 73
62 76
62 77
62 78
62 83
62 84
62 86
62 91
62 92
62 96
62 98
62 100
62 102
62 103
62 108
62 111
62 115
62 116
62 117
62 119
62 122
62 126
63 0
63 2
63 4
63 5
63 7
63 12
63 14
63 16
63 27
63 28
63 30
63 32
63 36
63 40
63 43
63 46
63 47
63 48
63 51
63 52
63 56
63 59
63 62
63 66
63 67
63 69
63 72
63 75
63 77
63 80
63 82
63 88
63 89
63 92
63 93
63 99
63 103
63 105
63 107
63 108
63 115
63 119
63 124
63 125
63 127
64 1
64 3
64 9
64 13
64 14
64 15
64 20
64 21
64 23
64 27
64 28
64 29
64 30
64 32
64 36
64 41
64 42
64 44
64 45
64 49
64 52
64 54
64 62
64 63
64 67
64 68
64 69
64 71
64 73
64 75
64 76
64 78
64 79
64 81
64 85
64 87
64 88
64 89
64 90
64 93
64 94
64 96
64 97
64 98
64 101
64 102
64 104
64 106
64 107
64 112
64 113
64 114
64 118
64 119
64 120
64 121
64 124
65 9
65 15
65 19
65 20
65 21
65 22
65 24
65 33
65 34
65 35
65 37
65 38
65 40
65 42
65 47
65 50
65 51
65 55
65 56
65 57
65 58
65 59
65 60
65 67
65 71
65 72
65 73
65 74
65 75
65 76
65 78
65 88
65 90
65 96
65 97
65 98
65 100
65 102
65 110
65 111
65 115
65 116
65 118
65 119
65 122
65 123
65 125
65 126
66 1
66 2
66 3
66 5
66 6
66 8
66 10
66 11
66 15
66 19
66 21
66 22
66 24
66 26
66 27
66 31
66 34
66 37
66 38
66 39
66 45
66 53
66 54
66 55
66 59
66 62
66 63
66 64
66 67
66 68
66 70
66 71
66 77
66 78
66 83
66 87
66 89
66 95
66 98
66 106
66 108
66 109
66 112
66 113
66 119
66 120
66 122
66 123
66 125
66 126
67 5
67 6
67 7
67 11
67 12
67 15
67 19
67 20
67 21
67 23
67 26
67 27
67 28
67 29
67 30
67 31
67 32
67 34
67 35
67 36
67 37
67 38
67 41
67 44
67 46
67 47
67 50
67 51
67 53
67 58
67 59
67 63
67 69
67 70
67 71
67 72
67 73
67 78
67 80
67 84
67 85
67 87
67 88
67 89
67 90
67 94
67 95
67 97
67 99
67 104
67 105
67 106
67 112
67 113
67 114
67 115
67 117
67 121
67 122
67 127
68 0
68 1
68 2
68 3
68 6
68 7
68 11
68 12
68 16
68 19
68 20
68 21
68 22
68 29
68 33
68 37
68 41
68 43
68 44
68 46
68 48
68 52
68 54
68 57
68 58
68 62
68 69
68 70
68 72
68 75
68 77
68 80
68 81
68 84
68 85
68 87
68 93
68 94
68 96
68 98
68 104
68 106
68 107
68 110
68 113
68 116
68 118
68 119
68 122
68 125
68 126
68 127
69 0
69 2
69 6
69 9
69 10
69 13
69 14
69 19
69 20
69 21
69 22
69 26
69 27
69 28
69 33
69 37
69 39
69 43
69 45
69 47
69 49
69 51
69 54
69 55
69 56
69 59
69 60
69 61
69 65
69 66
69 68
69 73
69 75
69 76
69 79
69 80
69 85
69 86
69 87
69 91
69 93
69 97
69 99
69 100
69 102
69 103
69 105
69 106
69 107
69 108
69 113
69 115
69 116
69 118
69 120
69 122
70 1
70 4
70 5
70 6
70 10
70 12
70 13
70 14
70 15
70 16
70 17
70 18
70 23
70 24
70 26
70 28
70 40
70 42
70 43
70 45
70 46
70 48
70 58
70 59
70 61
70 62
70 65
70 68
70 71
70 73
70 76
70 80
70 81
70 84
70 85
70 86
70 90
70 91
70 94
70 96
70 97
70 98
70 101
70 104
70 106
70 113
70 115
70 119
70 120
70 125
70 126
71 3
71 6
71 9
71 10
71 11
71 13
71 17
71 19
71 26
71 31
71 35
71 36
71 39
71 40
71 42
71 43
71 44
71 45
71 47
71 50
71 52
71 53
71 57
71 59
71 67
71 69
71 71
71 72
71 74
71 75
71 80
71 83
71 85
71 86
71 94
71 95
71 100
71 105
71 107
71 108
71 112
71 113
71 120
71 122
71 127
72 1
72 5
72 6
72 9
72 12
72 17
72 18
72 20
72 21
72 22
72 23
72 24
72 25
72 26
72 28
72 29
72 31
72 34
72 35
72 40
72 41
72 43
72 46
72 47
72 48
72 51
72 53
72 55
72 56
72 60
72 62
72 64
72 65
72 67
72 69
72 71
72 72
72 73
72 74
72 75
72 76
72 79
72 81
72 89
72 90
72 93
72 95
72 100
72 102
72 106
72 109
72 113
72 115
72 118
72 125
73 1
73 4
73 13
73 18
73 19
73 20
73 21
73 23
73 26
73 27
73 28
73 29
73 32
73 33
73 36
73 37
73 38
73 40
73 41
73 42
73 44
73 47
73 48
73 53
73 57
73 63
73 66
73 69
73 70
73 71
73 75
73 76
73 77
73 78
73 80
73 81
73 83
73 92
73 96
73 98
73 99
73 102
73 105
73 107
73 110
73 111
73 112
73 114
73 116
73 117
73 121
73 127
74 0
74 5
74 8
74 12
74 14
74 19
74 20
74 23
74 25
74 30
74 31
74 35
74 36
74 37
74 39
74 42
74 48
74 49
74 53
74 55
74 60
74 62
74 64
74 68
74 70
74 77
74 79
74 80
74 81
74 84
74 85
74 86
74 87
74 96
74 97
74 100
74 102
74 109
74 114
74 115
74 119
74 123
74 124
74 126
75 1
75 3
75 9
75 14
75 15
75 17
75 21
75 23
75 25
75 29
75 31
75 33
75 35
75 38
75 42
75 52
75 54
75 55
75 56
75 58
75 64
75 66
75 68
75 69
75 70
75 71
75 73
75 75
75 76
75 78
75 79
75 82
75 84
75 87
75 90
75 93
75 95
75 99
75 105
75 108
75 112
75 113
75 115
75 117
75 118
75 120
75 122
75 123
75 125
76 0
76 1
76 5
76 9
76 12
76 14
76 16
76 18
76 19
76 20
76 21
76 23
76 24
76 25
76 29
76 33
76 34
76 37
76 44
76 45
76 48
76 56
76 57
76 59
76 60
76 61
76 64
76 68
76 69
76 71
76 73
76 79
76 81
76 82
76 83
76 84
76 85
76 86
76 88
76 89
76 92
76 93
76 94
76 96
76 99
76 101
76 102
76 103
76 107
76 111
76 112
76 113
76 114
76 115
76 119
76 120
76 121
76 123
76 125
76 127
77 0
77 1
77 2
77 3
77 5
77 10
77 12
77 13
77 15
77 17
77 20
77 30
77 31
77 32
77 33
77 44
77 45
77 46
77 47
77 51
77 54
77 59
77 61
77 62
77 64
77 65
77 70
77 74
77 77
77 79
77 85
77 87
77 94
77 95
77 96
77 97
77 98
77 101
77 102
77 106
77 107
77 110
77 115
77 116
77 119
77 120
77 121
77 125
77 127
78 1
78 3
78 12
78 14
78 18
78 25
78 26
78 30
78 31
78 37
78 49
78 52
78 53
78 54
78 55
78 56
78 58
78 59
78 62
78 64
78 67
78 68
78 69
78 74
78 75
78 76
78 78
78 82
78 83
78 84
78 86
78 88
78 89
78 90
78 91
78 94
78 95
78 96
78 104
78 106
78 111
78 114
78 116
78 118
78 119
78 122
78 123
78 125
79 2
79 6
79 7
79 10
79 12
79 13
79 17
79 18
79 19
79 22
79 23
79 30
79 31
79 32
79 35
79 37
79 39
79 41
79 42
79 43
79 46
79 47
79 49
79 53
79 61
79 67
79 68
79 69
79 75
79 78
79 80
79 84
79 86
79 87
79 89
79 91
79 99
79 100
79 101
79 103
79 105
79 107
79 109
79 112
79 113
79 115
79 116
79 117
79 123
79 127
80 4
80 5
80 8
80 9
80 10
80 12
80 14
80 16
80 18
80 20
80 21
80 24
80 26
80 28
80 30
80 31
80 34
80 35
80 37
80 39
80 40
80 43
80 48
80 49
80 50
80 52
80 62
80 65
80 66
80 70
80 72
80 76
80 77
80 80
80 83
80 89
80 94
80 95
80 97
80 98
80 101
80 103
80 106
80 107
80 108
80 109
80 111
80 112
80 120
80 125
80 127
81 4
81 7
81 9
81 10
81 14
81 17
81 18
81 20
81 21
81 22
81 24
81 25
81 31
81 32
81 35
81 36
81 39
81 40
81 42
81 43
81 44
81 49
81 51
81 53
81 58
81 60
81 62
81 65
81 68
81 69
81 72
81 73
81 75
81 78
81 80
81 81
81 91
81 92
81 93
81 95
81 97
81 100
81 101
81 106
81 108
81 111
81 113
81 116
81 120
81 121
81 123
81 124
82 0
82 1
82 2
82 4
82 5
82 8
82 12
82 18
82 27
82 29
82 30
82 31
82 32
82 35
82 36
82 37
82 38
82 39
82 43
82 45
82 47
82 52
82 53
82 54
82 58
82 59
82 61
82 64
82 67
82 68
82 69
82 71
82 73
82 75
82 78
82 81
82 86
82 87
82 92
82 96
82 98
82 105
82 107
82 109
82 110
82 112
82 114
82 117
82 120
82 121
82 126
82 127
83 3
83 9
83 10
83 11
83 12
83 14
83 15
83 19
83 24
83 29
83 30
83 33
83 34
83 36
83 42
83 43
83 44
83 50
83 53
83 57
83 58
83 62
83 64
83 65
83 66
83 69
83 72
83 73
83 75
83 83
83 84
83 85
83 87
83 88
83 91
83 96
83 97
83 99
83 101
83 103
83 108
83 113
83 114
83 115
83 119
83 120
83 124
83 126
83 127
84 11
84 12
84 13
84 17
84 19
84 23
84 26
84 28
84 29
84 32
84 34
84 35
84 40
84 42
84 44
84 50
84 57
84 61
84 63
84 65
84 66
84 67
84 69
84 71
84 72
84 73
84 75
84 77
84 83
84 85
84 87
84 89
84 92
84 94
84 95
84 97
84 99
84 103
84 106
84 107
84 110
84 111
84 112
84 113
84 114
84 115
84 116
84 117
84 120
84 121
84 123
84 126
85 1
85 3
85 5
85 6
85 10
85 11
85 12
85 13
85 15
85 19
85 22
85 28
85 32
85 35
85 37
85 39
85 41
85 42
85 45
85 47
85 48
85 51
85 53
85 54
85 60
85 61
85 62
85 63
85 64
85 65
85 66
85 73
85 75
85 76
85 77
85 78
85 79
85 84
85 87
85 88
85 90
85 97
85 101
85 104
85 105
85 109
85 112
85 114
85 115
85 118
85 119
85 120
85 121
85 125
85 126
85 127
86 0
86 1
86 3
86 4
86 7
86 8
86 9
86 12
86 14
86 15
86 17
86 22
86 27
86 31
86 32
86 34
86 36
86 38
86 39
86 44
86 47
86 50
86 51
86 52
86 53
86 55
86 58
86 59
86 64
86 69
86 70
86 72
86 76
86 80
86 81
86 82
86 86
86 90
86 91
86 92
86 94
86 96
86 97
86 98
86 100
86 101
86 102
86 103
86 107
86 109
86 110
86 111
86 112
86 113
86 117
86 120
86 124
86 125
87 2
87 3
87 7
87 8
87 9
87 16
87 17
87 18
87 19
87 21
87 23
87 25
87 26
87 29
87 30
87 33
87 34
87 35
87 37
87 38
87 39
87 46
87 50
87 51
87 52
87 54
87 59
87 60
87 66
87 69
87 71
87 75
87 78
87 80
87 83
87 87
87 88
87 89
87 90
87 91
87 106
87 109
87 112
87 113
87 114
87 115
87 117
87 118
87 119
87 120
87 121
87 122
87 124
87 126
88 1
88 2
88 7
88 10
88 12
88 14
88 21
88 22
88 24
88 25
88 26
88 27
88 28
88 29
88 30
88 32
88 33
88 34
88 35
88 37
88 41
88 42
88 43
88 46
88 47
88 52
88 53
88 60
88 61
88 64
88 69
88 72
88 73
88 74
88 75
88 76
88 79
88 80
88 84
88 87
88 88
88 89
88 91
88 92
88 94
88 108
88 110
88 113
88 114
88 116
88 117
88 118
88 119
88 121
88 122
88 125
88 126
89 5
89 7
89 9
89 11
89 12
89 13
89 14
89 15
89 18
89 19
89 21
89 23
89 26
89 28
89 29
89 36
89 37
89 38
89 39
89 42
89 49
89 50
89 51
89 55
89 56
89 58
89 59
89 67
89 68
89 69
89 72
89 74
89 77
89 80
89 86
89 88
89 90
89 93
89 96
89 98
89 99
89 101
89 102
89 105
89 106
89 107
89 108
89 110
89 112
89 116
89 117
89 119
89 120
89 123
89 125
90 2
90 5
90 14
90 16
90 18
90 19
90 23
90 24
90 26
90 27
90 30
90 32
90 33
90 35
90 36
90 39
90 41
90 44
90 48
90 49
90 53
90 54
90 57
90 59
90 60
90 61
90 66
90 68
90 72
90 74
90 75
90 78
90 79
90 80
90 82
90 83
90 89
90 91
90 92
90 96
90 97
90 98
90 100
90 101
90 107
90 108
90 109
90 111
90 115
90 116
90 117
90 127
91 8
91 13
91 15
91 18
91 19
91 20
91 24
91 27
91 28
91 31
91 35
91 41
91 43
91 48
91 52
91 54
91 55
91 56
91 58
91 64
91 66
91 68
91 72
91 76
91 83
91 84
91 85
91 89
91 90
91 92
91 102
91 103
91 104
91 107
91 110
91 112
91 115
91 121
91 127
92 0
92 5
92 7
92 8
92 11
92 14
92 18
92 19
92 22
92 23
92 24
92 26
92 31
92 33
92 36
92 41
92 44
92 45
92 48
92 52
92 59
92 60
92 62
92 64
92 73
92 78
92 79
92 81
92 86
92 87
92 93
92 94
92 96
92 98
92 99
92 101
92 115
92 120
92 124
93 1
93 2
93 5
93 6
93 8
93 9
93 10
93 11
93 12
93 14
93 15
93 17
93 21
93 22
93 25
93 27
93 30
93 33
93 35
93 36
93 38
93 39
93 41
93 42
93 44
93 49
93 54
93 56
93 59
93 63
93 64
93 65
93 66
93 69
93 75
93 76
93 77
93 81
93 90
93 91
93 93
93 95
93 96
93 98
93 99
93 102
93 105
93 106
93 109
93 114
93 117
93 118
93 119
93 122
93 124
94 2
94 3
94 7
94 8
94 9
94 11
94 13
94 14
94 16
94 18
94 21
94 22
94 23
94 30
94 32
94 34
94 36
94 37
94 38
94 40
94 41
94 43
94 49
94 50
94 53
94 54
94 57
94 60
94 61
94 63
94 67
94 73
94 75
94 76
94 83
94 87
94 88
94 91
94 96
94 98
94 105
94 108
94 112
94 115
94 116
94 118
94 121
94 123
94 127
95 0
95 2
95 3
95 8
95 10
95 12
95 14
95 16
95 17
95 18
95 19
95 20
95 21
95 22
95 26
95 27
95 29
95 31
95 35
95 36
95 37
95 38
95 46
95 47
95 48
95 50
95 52
95 53
95 56
95 57
95 58
95 60
95 62
95 69
95 70
95 71
95 77
95 79
95 80
95 81
95 83
95 84
95 88
95 89
95 90
95 91
95 93
95 95
95 98
95 102
95 103
95 112
95 113
95 114
95 117
95 119
95 120
95 121
95 124
95 126
96 1
96 2
96 7
96 10
96 12
96 13
96 14
96 19
96 20
96 22
96 23
96 26
96 27
96 36
96 39
96 41
96 44
96 48
96 50
96 51
96 52
96 53
96 56
96 57
96 58
96 60
96 65
96 68
96 70
96 71
96 75
96 78
96 82
96 85
96 88
96 89
96 90
96 104
96 106
96 109
96 111
96 112
96 117
96 122
96 123
96 126
96 127
97 3
97 6
97 7
97 12
97 13
97 17
97 18
97 20
97 21
97 22
97 25
97 27
97 29
97 30
97 32
97 36
97 40
97 42
97 43
97 46
97 47
97 49
97 52
97 55
97 56
97 64
97 71
97 72
97 75
97 76
97 77
97 80
97 82
97 83
97 86
97 88
97 89
97 90
97 92
97 95
97 100
97 101
97 103
97 107
97 108
97 112
97 113
97 117
97 118
97 122
97 126
98 4
98 7
98 8
98 10
98 11
98 12
98 16
98 17
98 20
98 31
98 33
98 36
98 37
98 39
98 40
98 43
98 44
98 51
98 52
98 56
98 57
98 58
98 59
98 60
98 63
98 73
98 77
98 82
98 85
98 86
98 87
98 91
98 92
98 93
98 99
98 104
98 106
98 107
98 112
98 113
98 114
98 116
98 117
98 123
98 125
98 126
99 3
99 5
99 6
99 7
99 9
99 10
99 13
99 17
99 18
99 24
99 25
99 31
99 32
99 33
99 39
99 42
99 44
99 45
99 46
99 47
99 50
99 52
99 54
99 55
99 58
99 61
99 62
99 63
99 64
99 66
99 68
99 71
99 73
99 77
99 78
99 81
99 82
99 84
99 85
99 89
99 92
99 94
99 95
99 97
99 99
99 100
99 103
99 104
99 106
99 108
99 109
99 111
99 113
99 117
99 119
99 120
100 1
100 9
100 22
100 25
100 26
100 29
100 30
100 31
100 34
100 43
100 47
100 48
100 49
100 51
100 52
100 54
100 61
100 63
100 66
100 67
100 69
100 73
100 76
100 82
100 83
100 84
100 85
100 93
100 96
100 101
100 103
100 105
100 108
100 109
100 110
100 111
100 114
100 119
100 120
100 121
100 123
100 124
101 0
101 2
101 4
101 7
101 11
101 12
101 13
101 16
101 17
101 22
101 26
101 29
101 35
101 36
101 37
101 40
101 41
101 45
101 52
101 59
101 60
101 65
101 70
101 72
101 73
101 78
101 79
101 80
101 81
101 83
101 84
101 85
101 87
101 88
101 89
101 94
101 99
101 103
101 109
101 112
101 113
101 116
101 120
101 123
101 125
101 126
102 1
102 3
102 9
102 14
102 16
102 17
102 18
102 20
102 23
102 24
102 27
102 29
102 30
102 32
102 34
102 35
102 36
102 38
102 40
102 41
102 43
102 45
102 46
102 47
102 51
102 52
102 53
102 59
102 60
102 61
102 62
102 65
102 66
102 74
102 75
102 77
102 78
102 80
102 82
102 84
102 86
102 88
102 91
102 95
102 105
102 107
102 108
102 109
102 110
102 112
102 114
102 116
102 118
102 121
102 122
102 124
103 2
103 4
103 6
103 8
103 11
103 15
103 16
103 20
103 23
103 26
103 29
103 30
103 31
103 35
103 36
103 40
103 43
103 44
103 50
103 51
103 52
103 53
103 55
103 59
103 60
103 63
103 64
103 70
103 74
103 77
103 80
103 86
103 87
103 89
103 90
103 91
103 93
103 95
103 96
103 99
103 100
103 101
103 103
103 105
103 108
103 111
103 112
103 116
103 118
103 120
104 0
104 1
104 4
104 5
104 6
104 11
104 16
104 19
104 22
104 23
104 24
104 26
104 28
104 33
104 34
104 36
104 38
104 40
104 41
104 44
104 48
104 50
104 53
104 58
104 65
104 68
104 70
104 71
104 77
104 80
104 82
104 83
104 84
104 85
104 86
104 90
104 94
104 100
104 102
104 106
104 107
104 108
104 110
104 114
104 117
104 118
104 119
104 122
105 0
105 2
105 7
105 9
105 14
105 18
105 20
105 22
105 23
105 24
105 29
105 31
105 32
105 33
105 38
105 41
105 43
105 46
105 49
105 51
105 53
105 54
105 56
105 60
105 61
105 62
105 63
105 64
105 65
105 69
105 72
105 78
105 79
105 88
105 90
105 91
105 92
105 95
105 100
105 102
105 106
105 107
105 108
105 109
105 115
105 117
105 118
105 119
105 124
105 127
106 0
106 2
106 3
106 5
106 7
106 9
106 10
106 14
106 15
106 18
106 19
106 20
106 23
106 25
106 26
106 27
106 28
106 30
106 33
106 38
106 40
106 41
106 45
106 48
106 49
106 50
106 52
106 56
106 59
106 60
106 66
106 69
106 74
106 75
106 77
106 78
106 79
106 84
106 85
106 86
106 92
106 95
106 96
106 98
106 99
106 101
106 108
106 109
106 114
106 126
106 127
107 0
107 2
107 3
107 4
107 6
107 8
107 9
107 16
107 19
107 20
107 21
107 24
107 26
107 30
107 31
107 36
107 38
107 43
107 44
107 49
107 52
107 54
107 59
107 63
107 64
107 65
107 66
107 67
107 74
107 75
107 76
107 77
107 80
107 84
107 86
107 87
107 91
107 92
107 95
107 96
107 97
107 99
107 100
107 101
107 102
107 107
107 108
107 111
107 112
107 113
107 115
107 116
107 120
107 126
107 127
108 4
108 16
108 17
108 21
108 22
108 23
108 25
108 27
108 29
108 30
108 32
108 33
108 35
108 46
108 49
108 54
108 59
108 61
108 66
108 68
108 69
108 70
108 71
108 73
108 75
108 78
108 80
108 82
108 83
108 87
108 91
108 97
108 98
108 104
108 105
108 106
108 108
108 109
108 118
108 119
108 122
108 123
108 126
108 127
109 3
109 4
109 6
109 9
109 10
109 12
109 15
109 18
109 19
109 25
109 28
109 32
109 33
109 34
109 39
109 41
109 47
109 50
109 52
109 55
109 63
109 64
109 70
109 74
109 76
109 77
109 79
109 81
109 82
109 89
109 93
109 95
109 97
109 98
109 100
109 101
109 104
109 105
109 109
109 110
109 111
109 112
109 113
109 114
109 117
109 118
109 119
109 120
109 122
109 124
109 126
110 0
110 1
110 3
110 4
110 5
110 6
110 10
110 11
110 12
110 14
110 20
110 21
110 22
110 23
110 26
110 28
110 30
110 34
110 37
110 38
110 40
110 41
110 43
110 46
110 48
110 50
110 51
110 53
110 54
110 60
110 64
110 68
110 69
110 71
110 72
110 75
110 76
110 78
110 81
110 82
110 84
110 85
110 87
110 91
110 93
110 95
110 100
110 103
110 104
110 105
110 106
110 107
110 108
110 109
110 111
110 118
110 119
110 120
110 121
110 126
111 2
111 4
111 5
111 6
111 7
111 8
111 9
111 11
111 12
111 15
111 17
111 18
111 20
111 21
111 27
111 30
111 31
111 34
111 40
111 41
111 46
111 48
111 53
111 55
111 58
111 62
111 64
111 65
111 67
111 68
111 74
111 76
111 77
111 80
111 82
111 86
111 87
111 94
111 95
111 97
111 98
111 101
111 104
111 108
111 109
111 110
111 112
111 113
111 115
111 116
111 118
111 120
111 121
111 123
111 124
112 1
112 5
112 7
112 8
112 10
112 12
112 13
112 16
112 19
112 20
112 22
112 25
112 27
112 28
112 35
112 40
112 41
112 42
112 44
112 46
112 47
112 51
112 52
112 53
112 54
112 59
112 63
112 66
112 71
112 72
112 76
112 81
112 85
112 87
112 89
112 91
112 93
112 94
112 96
112 97
112 98
112 103
112 112
112 113
112 114
112 116
112 118
112 122
112 123
112 125
112 127
113 1
113 2
113 5
113 8
113 9
113 11
113 14
113 16
113 18
113 19
113 20
113 23
113 24
113 26
113 27
113 30
113 33
113 37
113 45
113 46
113 51
113 55
113 56
113 57
113 61
113 67
113 69
113 74
113 75
113 76
113 80
113 81
113 88
113 90
113 94
113 96
113 100
113 101
113 102
113 105
113 106
113 107
113 108
113 110
113 113
113 114
113 116
113 117
113 119
113 121
113 123
113 125
114 0
114 2
114 3
114 4
114 7
114 8
114 9
114 10
114 11
114 12
114 14
114 16
114 18
114 19
114 21
114 22
114 24
114 26
114 28
114 31
114 32
114 33
114 34
114 36
114 48
114 49
114 52
114 53
114 56
114 57
114 58
114 59
114 62
114 63
114 66
114 69
114 70
114 71
114 77
114 78
114 79
114 81
114 82
114 83
114 87
114 88
114 92
114 99
114 106
114 110
114 113
114 114
114 115
114 117
114 122
114 123
114 125
114 126
115 8
115 10
115 12
115 13
115 14
115 16
115 23
115 26
115 28
115 29
115 31
115 33
115 34
115 38
115 39
115 42
115 44
115 48
115 52
115 53
115 56
115 57
115 60
115 67
115 69
115 70
115 72
115 73
115 79
115 80
115 82
115 86
115 88
115 90
115 97
115 99
115 102
115 104
115 110
115 111
115 113
115 118
115 122
115 124
115 125
115 127
116 1
116 2
116 3
116 4
116 10
116 12
116 13
116 16
116 24
116 25
116 26
116 28
116 29
116 31
116 36
116 37
116 39
116 40
116 41
116 42
116 45
116 49
116 50
116 51
116 54
116 61
116 63
116 69
116 71
116 72
116 74
116 75
116 80
116 81
116 87
116 92
116 100
116 102
116 109
116 117
116 118
116 120
116 124
117 0
117 1
117 2
117 3
117 4
117 6
117 9
117 11
117 12
117 13
117 17
117 25
117 28
117 31
117 34
117 35
117 36
117 42
117 47
117 48
117 50
117 52
117 53
117 60
117 61
117 62
117 65
117 67
117 69
117 73
117 74
117 75
117 78
117 84
117 85
117 86
117 87
117 88
117 90
117 91
117 92
117 95
117 98
117 99
117 101
117 102
117 106
117 107
117 111
117 115
117 119
117 122
117 124
117 127
118 4
118 8
118 11
118 12
118 19
118 20
118 21
118 22
118 23
118 24
118 26
118 27
118 33
118 34
118 37
118 41
118 42
118 43
118 45
118 48
118 49
118 60
118 62
118 66
118 67
118 69
118 70
118 72
118 73
118 75
118 77
118 78
118 82
118 83
118 85
118 87
118 88
118 90
118 91
118 92
118 93
118 96
118 98
118 99
118 100
118 107
118 108
118 115
118 117
118 118
118 120
118 121
118 124
118 125
118 126
119 2
119 3
119 4
119 5
119 8
119 11
119 14
119 16
119 17
119 18
119 19
119 25
119 27
119 32
119 39
119 43
119 48
119 51
119 54
119 55
119 63
119 65
119 66
119 68
119 69
119 70
119 71
119 79
119 88
119 91
119 95
119 96
119 98
119 102
119 104
119 107
119 109
119 110
119 111
119 113
119 114
119 118
119 119
119 121
119 122
120 1
120 4
120 5
120 8
120 12
120 14
120 19
120 22
120 23
120 25
120 30
120 33
120 37
120 39
120 45
120 51
120 52
120 54
120 55
120 56
120 60
120 61
120 62
120 64
120 65
120 68
120 70
120 71
120 74
120 78
120 80
120 83
120 84
120 89
120 91
120 95
120 101
120 104
120 109
120 110
120 113
120 114
120 117
120 119
120 120
120 122
120 123
120 125
120 127
121 0
121 1
121 14
121 15
121 22
121 25
121 26
121 29
121 30
121 31
121 38
121 39
121 40
121 41
121 43
121 47
121 49
121 51
121 59
121 60
121 63
121 66
121 67
121 69
121 72
121 73
121 76
121 78
121 81
121 83
121 84
121 85
121 88
121 89
121 90
121 91
121 95
121 103
121 106
121 107
121 111
121 115
121 116
121 118
121 121
121 122
121 123
121 125
121 127
122 0
122 2
122 5
122 11
122 12
122 15
122 17
122 18
122 22
122 23
122 24
122 25
122 26
122 33
122 34
122 36
122 37
122 38
122 39
122 40
122 43
122 44
122 45
122 47
122 48
122 50
122 51
122 52
122 55
122 58
122 61
122 62
122 63
122 64
122 67
122 68
122 69
122 70
122 74
122 75
122 77
122 78
122 82
122 83
122 86
122 87
122 90
122 91
122 99
122 100
122 101
122 102
122 104
122 105
122 107
122 108
122 111
122 114
122 115
122 116
122 123
122 124
123 0
123 1
123 3
123 4
123 5
123 7
123 13
123 14
123 15
123 16
123 18
123 27
123 28
123 29
123 35
123 36
123 38
123 40
123 44
123 48
123 50
123 51
123 54
123 55
123 56
123 57
123 58
123 62
123 69
123 71
123 72
123 73
123 75
123 82
123 83
123 84
123 88
123 90
123 96
123 97
123 99
123 103
123 104
123 109
123 113
123 114
123 115
123 117
123 122
123 123
123 124
123 125
124 1
124 5
124 7
124 8
124 11
124 14
124 17
124 18
124 19
124 23
124 24
124 28
124 34
124 36
124 38
124 39
124 41
124 42
124 43
124 46
124 48
124 49
124 54
124 59
124 62
124 63
124 64
124 65
124 66
124 67
124 68
124 69
124 71
124 75
124 77
124 81
124 82
124 83
124 84
124 88
124 89
124 92
124 93
124 96
124 98
124 99
124 100
124 104
124 105
124 106
124 107
124 113
124 114
124 116
124 118
124 121
124 122
124 126
125 0
125 1
125 4
125 8
125 9
125 10
125 11
125 14
125 15
125 18
125 20
125 21
125 23
125 24
125 25
125 28
125 29
125 30
125 31
125 35
125 36
125 37
125 38
125 39
125 41
125 44
125 45
125 46
125 47
125 51
125 58
125 60
125 61
125 63
125 64
125 66
125 70
125 73
125 75
125 79
125 80
125 81
125 82
125 83
125 92
125 93
125 96
125 97
125 99
125 103
125 110
125 111
125 112
125 115
125 122
125 123
125 124
126 2
126 3
126 5
126 6
126 7
126 11
126 12
126 15
126 16
126 17
126 18
126 28
126 29
126 30
126 31
126 34
126 42
126 43
126 44
126 47
126 48
126 53
126 55
126 60
126 61
126 62
126 64
126 65
126 66
126 67
126 68
126 71
126 72
126 75
126 76
126 78
126 79
126 80
126 83
126 86
126 88
126 89
126 92
126 93
126 96
126 102
126 103
126 104
126 106
126 112
126 114
126 120
126 123
126 126
127 1
127 2
127 5
127 6
127 10
127 12
127 14
127 17
127 18
127 20
127 21
127 24
127 29
127 31
127 32
127 34
127 35
127 36
127 37
127 42
127 43
127 44
127 45
127 46
127 47
127 48
127 49
127 50
127 54
127 58
127 62
127 65
127 66
127 70
127 72
127 75
127 76
127 77
127 78
127 79
127 81
127 82
127 86
127 87
127 89
127 94
127 95
127 99
127 101
127 103
127 104
127 112
127 114
127 116
127 118
127 121
127 122
127 127
