0 62
0 67
0 83
0 122
1 55
1 93
1 108
1 118
2 8
2 31
2 91
3 22
3 61
3 68
3 108
3 109
4 41
4 85
4 120
4 124
5 25
5 48
6 8
6 17
6 49
6 84
6 118
7 42
7 59
7 96
7 104
8 23
9 2
9 36
9 39
9 40
9 69
9 101
10 17
10 39
10 64
10 98
10 118
11 83
11 91
11 103
11 112
12 7
12 60
12 77
12 115
13 54
13 60
13 89
14 16
14 94
14 105
14 116
15 5
15 8
15 10
15 17
15 22
15 48
15 58
15 100
15 103
16 4
16 31
16 38
16 71
16 82
16 122
17 36
17 84
17 102
18 12
18 97
18 100
18 106
18 107
19 20
19 39
19 83
19 86
19 108
19 123
20 6
20 15
20 33
20 72
21 19
22 0
22 19
22 53
22 78
22 88
22 108
23 8
23 44
23 77
23 113
23 127
24 35
24 37
24 38
24 91
24 120
25 24
25 71
25 75
25 104
25 121
26 10
26 48
26 90
26 93
27 38
27 49
27 97
28 43
28 58
28 59
28 60
28 101
28 115
29 2
29 3
29 39
29 71
29 82
29 107
30 16
30 75
30 91
31 31
31 77
31 84
31 122
32 1
32 96
33 16
33 76
33 124
34 51
34 67
34 88
34 111
34 125
35 13
35 76
35 92
35 118
35 122
36 32
36 104
36 110
37 58
37 65
38 69
39 23
39 31
39 33
39 87
40 73
40 86
40 101
41 33
41 121
42 82
42 93
42 113
43 22
43 39
43 47
43 63
43 115
43 116
44 14
44 44
44 104
45 72
45 82
46 15
46 17
46 29
46 80
47 47
47 68
47 101
48 29
49 11
49 106
49 114
49 118
50 28
50 36
50 64
51 13
52 47
52 103
53 48
53 71
53 74
53 86
53 90
53 105
53 114
54 62
54 104
54 117
55 5
55 24
55 82
55 98
55 127
56 29
56 34
56 74
56 75
56 86
57 61
57 95
57 107
57 121
57 125
58 51
58 53
58 77
58 84
58 110
59 23
59 25
59 50
60 9
60 34
61 13
61 14
61 63
61 77
61 109
61 111
62 5
62 11
62 12
62 64
62 74
62 111
63 14
63 42
64 40
65 5
65 12
65 40
66 18
66 46
66 98
66 99
67 26
67 27
67 61
67 76
67 85
68 15
68 23
68 44
68 52
68 55
68 117
69 109
70 10
70 42
70 89
70 103
71 21
71 39
71 127
72 0
72 10
72 20
72 89
72 95
72 115
73 39
73 56
73 69
74 9
74 63
75 67
75 97
76 0
76 2
76 5
76 7
76 64
76 90
76 117
76 125
77 4
77 40
77 63
77 87
77 88
77 95
77 100
78 53
78 74
78 90
78 91
78 97
78 107
79 72
79 80
80 29
80 127
81 36
81 43
81 60
82 35
82 84
82 96
82 104
83 16
83 41
83 99
85 47
85 57
85 74
85 77
86 0
86 56
86 69
86 71
86 98
86 110
87 20
87 26
87 32
87 74
87 78
87 91
87 123
87 127
88 16
88 35
88 55
88 60
88 93
88 113
89 41
89 54
89 75
90 29
90 30
90 32
90 34
90 43
90 113
91 30
91 33
91 62
91 75
91 111
91 112
92 28
92 59
92 106
93 7
94 6
94 18
94 86
94 92
94 120
95 11
95 91
95 106
95 118
95 127
96 22
96 31
96 34
96 35
96 44
96 56
97 23
97 26
97 50
97 51
97 63
97 103
98 40
98 45
98 71
98 91
98 119
99 37
100 17
100 40
100 106
100 118
101 66
101 98
102 83
102 113
102 115
103 92
104 23
104 27
104 49
104 59
104 93
105 1
105 31
106 4
106 91
106 120
107 39
107 82
107 83
107 91
107 110
108 3
108 31
108 37
108 52
108 81
109 15
109 31
109 36
109 56
110 3
110 30
110 35
110 85
110 111
111 88
111 93
111 108
112 15
112 34
112 49
112 83
112 100
113 23
113 51
113 66
113 111
114 11
114 25
114 52
114 83
115 21
115 22
115 117
116 25
116 58
117 13
117 26
117 73
117 81
117 119
118 31
118 105
118 111
119 1
119 14
119 26
119 80
119 96
120 38
120 58
120 66
120 95
121 12
121 31
121 40
121 68
121 71
122 12
122 16
122 20
122 91
123 7
123 43
123 89
123 124
124 54
124 68
124 114
125 5
125 38
125 70
125 92
125 101
125 104
125 109
126 22
126 27
126 50
127 126
