0 6
0 10
0 11
0 13
0 21
0 36
0 42
0 45
0 46
0 47
0 53
0 58
0 60
0 64
0 67
0 72
0 74
0 76
0 79
0 80
0 85
0 88
0 95
0 97
0 98
0 107
0 111
0 112
0 114
0 116
0 117
0 124
1 3
1 4
1 5
1 21
1 23
1 24
1 27
1 31
1 33
1 34
1 36
1 38
1 47
1 50
1 58
1 66
1 68
1 70
1 71
1 74
1 83
1 85
1 90
1 99
1 106
1 109
1 110
1 112
1 114
1 115
1 118
1 121
1 122
1 123
1 124
1 126
1 127
2 2
2 3
2 6
2 10
2 12
2 13
2 14
2 18
2 19
2 20
2 21
2 23
2 24
2 25
2 27
2 29
2 30
2 31
2 32
2 40
2 41
2 42
2 45
2 48
2 50
2 51
2 54
2 56
2 60
2 61
2 66
2 67
2 84
2 87
2 92
2 93
2 95
2 104
2 107
2 108
2 110
2 111
2 117
2 118
2 123
2 127
3 0
3 4
3 5
3 10
3 13
3 14
3 15
3 19
3 22
3 27
3 32
3 36
3 38
3 43
3 45
3 47
3 51
3 56
3 57
3 60
3 61
3 69
3 72
3 78
3 85
3 87
3 88
3 90
3 93
3 94
3 96
3 103
3 107
3 112
3 117
4 8
4 10
4 15
4 19
4 24
4 29
4 30
4 33
4 34
4 39
4 44
4 45
4 49
4 58
4 63
4 65
4 68
4 69
4 70
4 79
4 84
4 91
4 94
4 95
4 98
4 103
4 105
4 107
4 116
4 121
4 125
5 2
5 3
5 4
5 5
5 7
5 8
5 11
5 12
5 13
5 20
5 22
5 29
5 37
5 42
5 53
5 55
5 56
5 60
5 61
5 62
5 66
5 70
5 73
5 80
5 83
5 86
5 88
5 92
5 95
5 97
5 100
5 105
5 111
5 112
5 113
5 116
5 118
5 119
6 5
6 8
6 10
6 18
6 23
6 25
6 26
6 34
6 40
6 45
6 49
6 53
6 57
6 63
6 65
6 66
6 67
6 69
6 76
6 77
6 78
6 79
6 91
6 93
6 99
6 101
6 102
6 104
6 110
6 114
6 117
6 121
6 122
6 127
7 1
7 2
7 5
7 13
7 14
7 15
7 16
7 25
7 26
7 28
7 30
7 34
7 39
7 42
7 49
7 59
7 60
7 62
7 64
7 67
7 68
7 69
7 72
7 74
7 77
7 81
7 84
7 85
7 86
7 87
7 89
7 90
7 91
7 98
7 99
7 102
7 110
7 111
7 115
7 116
7 119
7 122
7 125
7 126
8 0
8 8
8 10
8 13
8 16
8 18
8 19
8 21
8 25
8 27
8 28
8 29
8 30
8 33
8 36
8 40
8 41
8 42
8 44
8 49
8 51
8 55
8 56
8 63
8 66
8 76
8 77
8 82
8 83
8 86
8 94
8 95
8 98
8 99
8 100
8 104
8 105
8 113
8 123
8 124
8 127
9 6
9 9
9 10
9 11
9 23
9 25
9 27
9 30
9 33
9 38
9 40
9 44
9 45
9 47
9 49
9 50
9 51
9 52
9 59
9 60
9 61
9 64
9 65
9 66
9 68
9 73
9 76
9 77
9 82
9 83
9 87
9 93
9 96
9 97
9 104
9 108
9 109
9 112
9 115
9 118
10 1
10 5
10 11
10 14
10 17
10 21
10 25
10 28
10 29
10 34
10 38
10 39
10 43
10 46
10 49
10 50
10 59
10 60
10 65
10 68
10 86
10 88
10 91
10 94
10 100
10 103
10 116
10 120
10 122
10 126
11 1
11 6
11 7
11 8
11 9
11 10
11 12
11 15
11 16
11 24
11 26
11 28
11 29
11 36
11 43
11 50
11 52
11 53
11 56
11 58
11 59
11 66
11 69
11 70
11 72
11 76
11 77
11 79
11 81
11 84
11 90
11 92
11 94
11 96
11 97
11 100
11 102
11 104
11 110
11 114
11 116
11 121
11 123
11 126
12 4
12 10
12 11
12 15
12 16
12 18
12 21
12 25
12 26
12 28
12 37
12 41
12 45
12 46
12 49
12 57
12 59
12 60
12 62
12 71
12 74
12 75
12 81
12 82
12 85
12 89
12 92
12 93
12 94
12 95
12 111
12 122
12 125
12 127
13 8
13 12
13 14
13 16
13 25
13 26
13 31
13 32
13 33
13 40
13 41
13 42
13 49
13 53
13 54
13 55
13 56
13 64
13 70
13 80
13 85
13 87
13 92
13 96
13 99
13 103
13 107
13 110
13 111
13 117
13 120
13 125
13 126
14 2
14 9
14 11
14 18
14 25
14 32
14 37
14 41
14 43
14 44
14 50
14 62
14 63
14 67
14 74
14 75
14 77
14 79
14 80
14 81
14 85
14 86
14 92
14 99
14 105
14 106
14 108
14 110
14 111
14 112
14 120
14 127
15 0
15 4
15 9
15 14
15 19
15 21
15 22
15 24
15 26
15 28
15 33
15 37
15 39
15 43
15 53
15 54
15 55
15 56
15 64
15 66
15 67
15 68
15 69
15 74
15 75
15 78
15 82
15 84
15 86
15 87
15 91
15 92
15 94
15 107
15 109
15 110
15 122
16 2
16 3
16 4
16 6
16 8
16 10
16 11
16 18
16 19
16 24
16 27
16 29
16 30
16 32
16 34
16 35
16 36
16 37
16 42
16 45
16 52
16 53
16 54
16 57
16 63
16 64
16 65
16 67
16 68
16 72
16 73
16 76
16 79
16 81
16 84
16 92
16 97
16 103
16 105
16 106
16 110
16 112
16 124
16 127
17 3
17 6
17 13
17 14
17 17
17 20
17 21
17 22
17 25
17 26
17 27
17 28
17 30
17 40
17 41
17 42
17 45
17 49
17 50
17 52
17 58
17 59
17 69
17 71
17 76
17 77
17 83
17 84
17 85
17 86
17 93
17 98
17 100
17 104
17 106
17 107
17 111
17 117
17 127
18 9
18 11
18 13
18 16
18 17
18 20
18 21
18 28
18 30
18 32
18 33
18 36
18 46
18 50
18 52
18 59
18 63
18 67
18 69
18 72
18 82
18 83
18 90
18 94
18 96
18 98
18 106
18 110
18 111
18 115
18 116
18 117
18 126
18 127
19 3
19 12
19 14
19 16
19 17
19 18
19 19
19 22
19 25
19 27
19 30
19 31
19 33
19 35
19 41
19 43
19 47
19 50
19 54
19 59
19 63
19 67
19 72
19 73
19 77
19 78
19 79
19 81
19 87
19 89
19 90
19 91
19 93
19 94
19 95
19 96
19 98
19 99
19 101
19 102
19 103
19 109
19 110
19 111
19 114
19 119
19 121
19 126
20 0
20 4
20 6
20 8
20 10
20 13
20 14
20 17
20 18
20 24
20 26
20 30
20 31
20 33
20 34
20 39
20 40
20 49
20 50
20 52
20 55
20 56
20 58
20 60
20 61
20 62
20 64
20 66
20 69
20 71
20 74
20 75
20 77
20 78
20 80
20 85
20 86
20 87
20 88
20 89
20 101
20 104
20 106
20 108
20 110
20 112
20 119
20 120
20 121
20 125
20 126
20 127
21 0
21 2
21 11
21 12
21 14
21 16
21 18
21 24
21 25
21 26
21 27
21 31
21 34
21 36
21 37
21 38
21 39
21 41
21 43
21 45
21 50
21 51
21 52
21 53
21 58
21 60
21 61
21 67
21 68
21 71
21 75
21 76
21 79
21 82
21 85
21 92
21 96
21 100
21 102
21 103
21 111
21 112
21 113
21 115
21 116
21 118
21 119
21 120
21 122
22 5
22 8
22 16
22 17
22 19
22 25
22 29
22 34
22 35
22 36
22 38
22 39
22 41
22 43
22 45
22 48
22 52
22 56
22 57
22 62
22 65
22 67
22 69
22 72
22 75
22 77
22 79
22 80
22 81
22 84
22 85
22 94
22 99
22 102
22 108
22 109
22 112
22 113
22 114
22 115
22 117
22 118
22 119
22 121
22 123
22 124
22 125
23 8
23 9
23 13
23 18
23 21
23 22
23 24
23 27
23 29
23 34
23 36
23 38
23 40
23 42
23 44
23 45
23 48
23 49
23 54
23 60
23 64
23 66
23 68
23 69
23 75
23 76
23 77
23 95
23 96
23 98
23 101
23 107
23 108
23 111
23 112
23 114
23 119
23 124
23 125
24 0
24 1
24 2
24 5
24 10
24 11
24 16
24 18
24 19
24 21
24 26
24 30
24 34
24 36
24 42
24 46
24 49
24 54
24 56
24 64
24 68
24 78
24 82
24 83
24 89
24 94
24 96
24 98
24 101
24 102
24 104
24 105
24 106
24 113
24 116
24 117
24 123
24 125
25 17
25 24
25 28
25 29
25 31
25 32
25 34
25 35
25 36
25 37
25 38
25 39
25 42
25 45
25 46
25 48
25 52
25 57
25 62
25 67
25 73
25 79
25 81
25 83
25 84
25 85
25 91
25 92
25 96
25 99
25 100
25 102
25 106
25 111
25 112
25 113
25 116
25 119
25 120
25 122
25 127
26 7
26 10
26 12
26 13
26 17
26 19
26 20
26 24
26 27
26 33
26 38
26 40
26 47
26 49
26 52
26 54
26 57
26 62
26 66
26 70
26 74
26 75
26 76
26 82
26 83
26 84
26 85
26 89
26 90
26 93
26 95
26 98
26 99
26 102
26 107
26 109
26 110
26 114
26 115
26 116
26 117
26 125
26 126
27 0
27 1
27 6
27 8
27 9
27 12
27 17
27 21
27 22
27 23
27 34
27 40
27 44
27 49
27 53
27 54
27 60
27 62
27 66
27 68
27 69
27 72
27 74
27 77
27 78
27 79
27 80
27 92
27 93
27 96
27 98
27 101
27 105
27 106
27 108
27 110
27 113
27 122
27 125
27 126
28 0
28 2
28 3
28 5
28 10
28 12
28 14
28 18
28 19
28 21
28 23
28 26
28 27
28 29
28 33
28 40
28 47
28 49
28 57
28 60
28 61
28 65
28 67
28 68
28 69
28 77
28 80
28 84
28 91
28 93
28 94
28 99
28 101
28 115
28 116
28 124
29 1
29 6
29 8
29 10
29 13
29 14
29 15
29 18
29 27
29 29
29 37
29 43
29 48
29 49
29 51
29 52
29 63
29 70
29 71
29 76
29 84
29 91
29 95
29 97
29 100
29 102
29 109
29 110
29 111
29 117
29 118
29 119
29 121
29 122
29 123
29 124
29 126
30 1
30 10
30 11
30 17
30 23
30 26
30 39
30 41
30 42
30 47
30 48
30 49
30 52
30 53
30 55
30 57
30 61
30 62
30 66
30 68
30 69
30 74
30 75
30 84
30 101
30 103
30 105
30 106
30 107
30 113
30 118
30 121
30 123
31 0
31 2
31 3
31 7
31 10
31 12
31 16
31 17
31 19
31 20
31 23
31 24
31 33
31 36
31 37
31 39
31 40
31 43
31 45
31 46
31 48
31 49
31 52
31 56
31 61
31 64
31 72
31 76
31 81
31 82
31 85
31 87
31 97
31 99
31 100
31 104
31 107
31 108
31 110
31 111
31 114
31 121
31 123
31 125
31 126
32 1
32 6
32 10
32 16
32 19
32 24
32 25
32 30
32 33
32 42
32 50
32 52
32 53
32 58
32 60
32 61
32 65
32 68
32 70
32 73
32 75
32 76
32 78
32 79
32 83
32 85
32 86
32 88
32 91
32 93
32 94
32 98
32 100
32 107
32 110
32 111
32 112
32 114
32 116
32 121
32 123
32 125
32 127
33 2
33 3
33 9
33 14
33 17
33 20
33 22
33 24
33 25
33 27
33 29
33 30
33 32
33 34
33 40
33 42
33 46
33 50
33 51
33 52
33 54
33 58
33 60
33 61
33 63
33 65
33 82
33 83
33 84
33 87
33 94
33 96
33 100
33 103
33 107
33 109
33 111
33 114
34 3
34 5
34 8
34 16
34 20
34 29
34 34
34 36
34 44
34 51
34 59
34 73
34 74
34 75
34 79
34 92
34 93
34 95
34 98
34 100
34 103
34 104
34 111
34 112
34 113
34 114
34 121
35 1
35 2
35 6
35 13
35 14
35 19
35 22
35 26
35 28
35 31
35 34
35 39
35 40
35 41
35 45
35 51
35 52
35 57
35 67
35 71
35 73
35 75
35 79
35 83
35 84
35 91
35 96
35 103
35 107
35 108
35 111
35 114
35 116
35 118
36 7
36 8
36 12
36 14
36 15
36 24
36 25
36 27
36 28
36 36
36 41
36 44
36 47
36 48
36 51
36 52
36 55
36 61
36 63
36 65
36 68
36 73
36 76
36 82
36 86
36 92
36 99
36 100
36 102
36 105
36 107
36 113
36 116
36 117
36 124
36 125
36 126
37 1
37 3
37 4
37 7
37 8
37 9
37 14
37 22
37 25
37 27
37 29
37 31
37 35
37 41
37 45
37 46
37 51
37 54
37 55
37 58
37 59
37 60
37 65
37 71
37 79
37 87
37 90
37 94
37 95
37 96
37 98
37 104
37 108
37 119
37 123
37 124
37 125
37 126
38 0
38 1
38 4
38 7
38 19
38 22
38 26
38 27
38 30
38 37
38 44
38 45
38 51
38 53
38 56
38 61
38 63
38 71
38 72
38 79
38 82
38 86
38 90
38 100
38 103
38 104
38 108
38 110
38 112
38 115
38 119
38 124
39 2
39 5
39 8
39 9
39 11
39 12
39 36
39 37
39 38
39 40
39 44
39 50
39 52
39 56
39 62
39 63
39 69
39 73
39 74
39 78
39 79
39 80
39 82
39 85
39 86
39 90
39 94
39 102
39 106
39 107
39 109
39 114
39 116
39 120
39 127
40 5
40 10
40 14
40 15
40 17
40 23
40 29
40 39
40 49
40 55
40 68
40 71
40 72
40 80
40 82
40 89
40 102
40 103
40 104
40 105
40 106
40 110
40 114
40 115
40 124
40 125
40 127
41 6
41 9
41 14
41 15
41 19
41 23
41 28
41 30
41 31
41 38
41 44
41 46
41 50
41 53
41 58
41 61
41 66
41 67
41 68
41 75
41 80
41 87
41 89
41 93
41 100
41 101
41 103
41 106
41 108
41 120
41 124
42 3
42 5
42 11
42 12
42 26
42 27
42 32
42 36
42 42
42 54
42 58
42 59
42 66
42 68
42 76
42 77
42 81
42 85
42 88
42 90
42 96
42 98
42 101
42 111
42 112
42 122
43 1
43 7
43 8
43 10
43 17
43 23
43 29
43 36
43 38
43 42
43 43
43 44
43 47
43 49
43 53
43 54
43 63
43 75
43 76
43 84
43 85
43 86
43 90
43 94
43 95
43 100
43 101
43 102
43 103
43 104
43 105
43 106
43 120
43 122
43 124
43 125
43 126
44 8
44 10
44 31
44 32
44 33
44 34
44 35
44 38
44 39
44 40
44 41
44 42
44 46
44 47
44 48
44 57
44 61
44 66
44 67
44 71
44 77
44 80
44 86
44 87
44 93
44 96
44 98
44 99
44 109
44 112
44 118
44 119
44 124
45 7
45 9
45 10
45 11
45 17
45 25
45 26
45 34
45 35
45 37
45 39
45 40
45 41
45 42
45 46
45 48
45 53
45 57
45 60
45 61
45 62
45 67
45 70
45 73
45 86
45 91
45 92
45 98
45 101
45 102
45 103
45 107
45 109
45 114
45 117
45 119
45 121
45 123
46 6
46 10
46 16
46 20
46 28
46 33
46 34
46 35
46 42
46 53
46 55
46 60
46 63
46 69
46 72
46 77
46 81
46 86
46 92
46 97
46 100
46 101
46 103
46 104
46 108
46 119
46 122
47 1
47 6
47 10
47 12
47 13
47 16
47 17
47 19
47 20
47 25
47 31
47 32
47 34
47 35
47 36
47 39
47 42
47 43
47 46
47 48
47 51
47 52
47 54
47 55
47 58
47 60
47 62
47 65
47 69
47 72
47 74
47 77
47 80
47 84
47 85
47 86
47 88
47 90
47 93
47 100
47 111
47 116
47 118
47 125
48 2
48 5
48 8
48 10
48 13
48 16
48 17
48 18
48 21
48 22
48 23
48 24
48 29
48 32
48 39
48 41
48 43
48 48
48 49
48 51
48 61
48 63
48 64
48 70
48 71
48 74
48 75
48 79
48 82
48 85
48 88
48 89
48 91
48 99
48 100
48 103
48 104
48 111
48 119
48 124
49 4
49 10
49 15
49 16
49 17
49 18
49 29
49 32
49 40
49 42
49 55
49 57
49 61
49 62
49 64
49 65
49 66
49 68
49 77
49 80
49 81
49 86
49 87
49 90
49 97
49 102
49 105
49 110
49 112
49 115
49 117
49 120
50 3
50 8
50 10
50 14
50 16
50 18
50 28
50 32
50 34
50 37
50 41
50 43
50 45
50 52
50 55
50 56
50 57
50 60
50 63
50 65
50 66
50 68
50 69
50 73
50 81
50 82
50 89
50 91
50 92
50 94
50 95
50 97
50 102
50 110
50 111
50 113
50 124
50 125
51 0
51 1
51 7
51 9
51 11
51 22
51 23
51 24
51 25
51 26
51 29
51 30
51 31
51 34
51 43
51 44
51 48
51 51
51 54
51 57
51 60
51 61
51 64
51 65
51 68
51 74
51 77
51 81
51 82
51 84
51 88
51 89
51 93
51 94
51 96
51 97
51 99
51 109
51 110
51 112
51 114
51 115
51 120
51 123
51 124
52 2
52 3
52 8
52 10
52 11
52 13
52 18
52 21
52 27
52 28
52 35
52 37
52 40
52 46
52 50
52 60
52 61
52 71
52 73
52 80
52 86
52 88
52 93
52 103
52 104
52 105
52 113
52 124
52 125
52 126
53 0
53 4
53 7
53 9
53 12
53 17
53 19
53 23
53 25
53 26
53 28
53 33
53 36
53 38
53 39
53 40
53 42
53 43
53 45
53 46
53 47
53 49
53 51
53 52
53 53
53 55
53 63
53 70
53 71
53 75
53 81
53 83
53 86
53 87
53 94
53 100
53 105
53 111
53 113
53 114
53 115
53 116
53 118
53 122
54 2
54 7
54 9
54 12
54 13
54 22
54 23
54 31
54 38
54 41
54 42
54 44
54 57
54 61
54 67
54 68
54 70
54 72
54 74
54 78
54 81
54 82
54 84
54 85
54 90
54 91
54 92
54 93
54 94
54 96
54 100
54 103
54 104
54 106
54 107
54 109
54 112
54 114
54 123
54 127
55 2
55 5
55 14
55 16
55 17
55 19
55 20
55 22
55 23
55 34
55 41
55 47
55 52
55 59
55 60
55 78
55 87
55 89
55 91
55 96
55 106
55 109
55 113
55 124
55 125
55 126
55 127
56 0
56 2
56 3
56 5
56 12
56 15
56 17
56 18
56 20
56 23
56 26
56 33
56 35
56 39
56 40
56 43
56 44
56 50
56 51
56 54
56 55
56 62
56 63
56 64
56 65
56 70
56 72
56 75
56 77
56 80
56 82
56 84
56 85
56 86
56 88
56 91
56 97
56 98
56 99
56 104
56 108
56 114
56 119
56 120
56 122
56 123
56 127
57 0
57 1
57 2
57 9
57 16
57 24
57 33
57 34
57 36
57 38
57 39
57 41
57 47
57 50
57 54
57 60
57 63
57 69
57 72
57 73
57 74
57 76
57 79
57 83
57 84
57 93
57 94
57 96
57 100
57 103
57 104
57 105
57 107
57 109
57 112
57 118
58 0
58 1
58 7
58 11
58 15
58 16
58 17
58 18
58 24
58 26
58 33
58 35
58 41
58 45
58 47
58 48
58 49
58 58
58 61
58 62
58 64
58 75
58 77
58 81
58 86
58 93
58 94
58 112
58 114
58 115
58 116
58 117
58 119
58 122
58 123
58 127
59 1
59 6
59 7
59 13
59 20
59 22
59 25
59 39
59 43
59 44
59 45
59 47
59 55
59 58
59 60
59 61
59 63
59 65
59 68
59 72
59 73
59 75
59 77
59 86
59 90
59 97
59 99
59 100
59 101
59 104
59 111
59 112
59 113
59 118
59 122
59 123
59 124
59 125
60 3
60 4
60 6
60 9
60 11
60 16
60 18
60 24
60 28
60 33
60 37
60 39
60 44
60 45
60 49
60 51
60 60
60 62
60 64
60 69
60 74
60 76
60 83
60 84
60 88
60 89
60 102
60 106
60 107
60 111
60 113
60 117
60 118
60 120
60 125
61 0
61 1
61 6
61 12
61 13
61 14
61 17
61 21
61 28
61 29
61 34
61 35
61 42
61 43
61 46
61 51
61 56
61 61
61 70
61 73
61 74
61 76
61 80
61 85
61 86
61 89
61 92
61 93
61 98
61 99
61 100
61 104
61 107
61 114
61 116
61 120
61 122
62 10
62 11
62 15
62 17
62 19
62 21
62 23
62 24
62 27
62 30
62 31
62 33
62 44
62 50
62 51
62 55
62 56
62 64
62 67
62 70
62 72
62 77
62 78
62 81
62 82
62 85
62 88
62 90
62 92
62 94
62 95
62 96
62 97
62 98
62 100
62 104
62 107
62 111
62 125
63 1
63 3
63 5
63 14
63 17
63 21
63 23
63 26
63 27
63 30
63 32
63 37
63 38
63 47
63 48
63 56
63 61
63 63
63 66
63 71
63 73
63 74
63 75
63 78
63 79
63 80
63 83
63 85
63 87
63 90
63 98
63 101
63 103
63 113
63 115
63 116
63 118
63 121
63 123
63 124
63 125
63 127
64 1
64 2
64 3
64 7
64 11
64 14
64 16
64 23
64 24
64 27
64 30
64 33
64 35
64 36
64 41
64 44
64 48
64 49
64 51
64 58
64 59
64 64
64 65
64 66
64 67
64 77
64 83
64 84
64 96
64 108
64 109
64 112
64 116
64 119
64 127
65 0
65 3
65 5
65 11
65 16
65 19
65 23
65 24
65 26
65 27
65 28
65 30
65 32
65 33
65 40
65 41
65 46
65 49
65 51
65 53
65 54
65 57
65 70
65 74
65 79
65 80
65 81
65 82
65 83
65 88
65 90
65 91
65 92
65 93
65 96
65 100
65 101
65 112
65 117
65 119
65 120
65 127
66 1
66 5
66 9
66 14
66 15
66 26
66 33
66 36
66 39
66 43
66 50
66 51
66 52
66 58
66 59
66 60
66 63
66 64
66 69
66 82
66 83
66 85
66 86
66 89
66 94
66 96
66 101
66 105
66 106
66 112
66 117
66 118
66 120
66 121
66 122
66 126
67 5
67 7
67 12
67 14
67 16
67 20
67 21
67 27
67 34
67 35
67 37
67 44
67 45
67 52
67 61
67 68
67 70
67 71
67 74
67 78
67 81
67 84
67 86
67 88
67 93
67 95
67 99
67 103
67 105
67 107
67 108
67 115
67 120
67 126
67 127
68 1
68 2
68 3
68 5
68 18
68 23
68 25
68 37
68 38
68 43
68 47
68 54
68 56
68 57
68 63
68 64
68 66
68 69
68 77
68 78
68 82
68 85
68 86
68 87
68 88
68 89
68 90
68 92
68 94
68 95
68 100
68 103
68 104
68 117
68 121
68 122
68 123
68 124
68 127
69 11
69 16
69 22
69 24
69 25
69 26
69 32
69 34
69 36
69 37
69 41
69 42
69 43
69 50
69 52
69 54
69 57
69 58
69 60
69 61
69 62
69 63
69 68
69 73
69 76
69 77
69 87
69 88
69 90
69 91
69 94
69 106
69 108
69 109
69 112
69 114
69 115
69 117
70 1
70 6
70 7
70 9
70 10
70 14
70 27
70 29
70 30
70 32
70 37
70 41
70 44
70 52
70 55
70 57
70 59
70 60
70 61
70 64
70 74
70 86
70 87
70 92
70 93
70 96
70 97
70 98
70 100
70 103
70 106
70 108
70 112
70 119
70 121
70 122
70 123
70 124
70 125
70 127
71 4
71 5
71 7
71 8
71 9
71 16
71 18
71 19
71 30
71 33
71 35
71 39
71 41
71 47
71 51
71 52
71 58
71 61
71 63
71 73
71 76
71 79
71 86
71 92
71 94
71 95
71 96
71 109
71 111
71 118
71 124
72 0
72 2
72 4
72 5
72 6
72 9
72 15
72 18
72 25
72 26
72 36
72 41
72 42
72 48
72 52
72 53
72 54
72 56
72 60
72 66
72 68
72 75
72 76
72 77
72 80
72 82
72 83
72 84
72 88
72 89
72 91
72 92
72 95
72 96
72 102
72 104
72 110
72 112
72 114
72 116
72 125
72 126
73 6
73 7
73 10
73 17
73 19
73 20
73 26
73 28
73 40
73 42
73 45
73 49
73 50
73 54
73 55
73 57
73 59
73 62
73 64
73 67
73 75
73 77
73 78
73 81
73 83
73 89
73 90
73 98
73 103
73 109
73 111
73 116
73 118
73 120
73 123
73 124
74 5
74 6
74 11
74 13
74 15
74 18
74 24
74 26
74 29
74 31
74 39
74 46
74 49
74 55
74 56
74 61
74 62
74 63
74 64
74 65
74 69
74 73
74 74
74 75
74 76
74 78
74 80
74 84
74 89
74 92
74 94
74 100
74 101
74 104
74 105
74 106
74 111
74 113
74 117
74 118
74 120
74 125
75 1
75 2
75 7
75 11
75 16
75 18
75 19
75 21
75 26
75 34
75 40
75 43
75 46
75 49
75 51
75 56
75 62
75 63
75 64
75 68
75 69
75 73
75 78
75 81
75 82
75 90
75 91
75 93
75 100
75 101
75 109
75 120
75 123
75 125
76 3
76 4
76 6
76 9
76 12
76 19
76 22
76 25
76 26
76 32
76 43
76 47
76 48
76 49
76 50
76 54
76 63
76 64
76 65
76 66
76 68
76 69
76 83
76 88
76 92
76 94
76 101
76 103
76 111
76 112
76 114
76 118
76 123
76 124
76 125
76 126
76 127
77 4
77 9
77 11
77 13
77 21
77 24
77 25
77 30
77 34
77 35
77 38
77 44
77 47
77 51
77 53
77 54
77 57
77 64
77 67
77 69
77 73
77 80
77 84
77 86
77 87
77 88
77 89
77 92
77 97
77 99
77 104
77 106
77 107
77 108
77 114
77 120
77 125
78 0
78 2
78 6
78 7
78 8
78 10
78 18
78 19
78 20
78 21
78 28
78 29
78 39
78 40
78 41
78 44
78 48
78 50
78 55
78 56
78 59
78 63
78 64
78 65
78 67
78 68
78 69
78 79
78 82
78 88
78 94
78 95
78 96
78 107
78 109
78 118
78 119
78 120
78 123
78 124
78 125
79 4
79 9
79 13
79 14
79 21
79 30
79 36
79 38
79 42
79 44
79 47
79 49
79 55
79 63
79 66
79 72
79 74
79 75
79 78
79 79
79 81
79 84
79 96
79 97
79 101
79 104
79 107
79 108
79 109
79 114
79 119
79 122
80 1
80 2
80 3
80 4
80 6
80 10
80 16
80 19
80 20
80 21
80 22
80 23
80 26
80 30
80 35
80 43
80 47
80 49
80 50
80 54
80 58
80 59
80 63
80 64
80 68
80 69
80 71
80 72
80 73
80 75
80 76
80 78
80 80
80 81
80 99
80 101
80 103
80 113
80 114
80 116
80 119
80 121
80 123
80 124
80 125
81 0
81 3
81 7
81 9
81 10
81 12
81 15
81 17
81 19
81 25
81 31
81 33
81 34
81 36
81 45
81 50
81 51
81 54
81 55
81 57
81 58
81 60
81 61
81 62
81 63
81 68
81 69
81 70
81 74
81 75
81 77
81 79
81 82
81 91
81 94
81 95
81 112
81 115
81 117
81 118
81 119
81 124
81 126
81 127
82 1
82 10
82 12
82 14
82 18
82 22
82 24
82 25
82 30
82 37
82 38
82 43
82 45
82 46
82 51
82 53
82 59
82 62
82 63
82 68
82 69
82 72
82 73
82 74
82 75
82 76
82 82
82 92
82 96
82 97
82 105
82 106
82 109
82 110
82 118
82 120
82 124
82 126
82 127
83 9
83 10
83 18
83 19
83 20
83 22
83 26
83 28
83 32
83 34
83 41
83 47
83 49
83 50
83 51
83 52
83 56
83 58
83 61
83 74
83 76
83 78
83 79
83 81
83 82
83 86
83 95
83 99
83 111
83 112
83 114
83 118
83 120
83 122
83 123
83 127
84 0
84 3
84 6
84 15
84 16
84 18
84 21
84 28
84 30
84 32
84 35
84 37
84 44
84 46
84 47
84 49
84 50
84 51
84 54
84 57
84 59
84 60
84 63
84 69
84 74
84 77
84 79
84 80
84 82
84 85
84 90
84 95
84 97
84 101
84 103
84 107
84 109
84 110
84 116
84 121
84 122
84 126
85 0
85 1
85 3
85 5
85 8
85 11
85 13
85 19
85 20
85 25
85 31
85 34
85 38
85 39
85 42
85 43
85 46
85 48
85 49
85 50
85 52
85 54
85 57
85 60
85 62
85 71
85 74
85 87
85 89
85 93
85 96
85 98
85 101
85 107
85 110
85 113
85 117
85 118
85 121
85 122
85 126
86 1
86 3
86 5
86 9
86 12
86 16
86 19
86 22
86 27
86 30
86 31
86 32
86 36
86 43
86 51
86 52
86 53
86 54
86 60
86 61
86 63
86 64
86 66
86 67
86 69
86 79
86 80
86 82
86 86
86 87
86 89
86 90
86 92
86 93
86 97
86 100
86 101
86 103
86 109
86 112
86 113
86 117
86 124
86 126
87 6
87 11
87 15
87 16
87 17
87 22
87 25
87 26
87 28
87 31
87 40
87 43
87 56
87 57
87 68
87 69
87 70
87 72
87 73
87 75
87 76
87 78
87 80
87 83
87 86
87 91
87 93
87 94
87 97
87 101
87 102
87 103
87 105
87 106
87 113
87 122
87 123
87 124
88 4
88 12
88 14
88 21
88 22
88 23
88 29
88 30
88 32
88 34
88 35
88 37
88 39
88 40
88 41
88 42
88 45
88 46
88 51
88 63
88 65
88 67
88 69
88 71
88 73
88 75
88 80
88 81
88 85
88 86
88 92
88 94
88 96
88 104
88 108
88 109
88 110
88 112
88 115
88 118
88 125
89 0
89 2
89 3
89 4
89 7
89 11
89 15
89 16
89 23
89 26
89 27
89 38
89 39
89 41
89 43
89 44
89 47
89 48
89 49
89 52
89 62
89 63
89 64
89 68
89 74
89 77
89 87
89 88
89 90
89 92
89 94
89 98
89 99
89 104
89 107
89 109
89 111
89 112
89 121
89 123
89 124
89 125
90 1
90 5
90 6
90 10
90 11
90 14
90 15
90 17
90 19
90 24
90 26
90 31
90 32
90 35
90 47
90 51
90 53
90 57
90 59
90 62
90 64
90 69
90 70
90 73
90 78
90 79
90 82
90 84
90 85
90 86
90 87
90 88
90 90
90 97
90 101
90 102
90 103
90 104
90 105
90 107
90 110
90 113
90 116
90 120
90 122
90 123
90 125
91 0
91 6
91 8
91 11
91 13
91 16
91 18
91 19
91 24
91 26
91 31
91 32
91 36
91 41
91 48
91 49
91 52
91 53
91 73
91 74
91 76
91 77
91 79
91 80
91 84
91 86
91 88
91 91
91 95
91 102
91 105
91 106
91 107
91 108
91 115
91 118
91 121
91 122
91 126
92 3
92 7
92 13
92 18
92 20
92 22
92 23
92 25
92 28
92 32
92 34
92 37
92 38
92 43
92 49
92 52
92 54
92 57
92 59
92 65
92 66
92 67
92 69
92 72
92 75
92 77
92 81
92 88
92 91
92 94
92 95
92 103
92 104
92 111
92 119
92 120
92 122
92 124
92 126
93 0
93 1
93 6
93 12
93 13
93 14
93 15
93 18
93 19
93 21
93 23
93 26
93 27
93 28
93 29
93 30
93 33
93 34
93 39
93 46
93 47
93 51
93 53
93 56
93 58
93 63
93 64
93 65
93 67
93 74
93 78
93 82
93 83
93 84
93 100
93 105
93 107
93 109
93 110
93 112
93 126
93 127
94 6
94 8
94 12
94 16
94 17
94 18
94 20
94 22
94 24
94 26
94 27
94 36
94 38
94 39
94 40
94 41
94 43
94 45
94 47
94 49
94 52
94 53
94 56
94 63
94 64
94 70
94 73
94 80
94 82
94 84
94 89
94 90
94 92
94 95
94 96
94 99
94 104
94 112
94 113
94 118
94 120
94 122
94 123
94 126
95 3
95 4
95 5
95 8
95 9
95 10
95 17
95 21
95 26
95 27
95 31
95 34
95 35
95 39
95 45
95 48
95 59
95 60
95 61
95 68
95 71
95 72
95 73
95 74
95 75
95 77
95 82
95 84
95 85
95 86
95 88
95 89
95 96
95 97
95 107
95 109
95 110
95 117
95 118
95 119
95 123
96 1
96 5
96 7
96 8
96 9
96 12
96 14
96 16
96 25
96 32
96 35
96 40
96 50
96 53
96 55
96 57
96 59
96 62
96 63
96 72
96 73
96 76
96 79
96 84
96 88
96 90
96 92
96 95
96 97
96 98
96 101
96 105
96 106
96 107
96 108
96 109
96 110
96 112
96 115
96 127
97 1
97 3
97 4
97 5
97 8
97 11
97 18
97 20
97 21
97 22
97 23
97 28
97 31
97 33
97 36
97 37
97 40
97 41
97 42
97 45
97 47
97 52
97 53
97 57
97 61
97 67
97 75
97 77
97 80
97 83
97 85
97 88
97 95
97 99
97 103
97 106
97 107
97 108
97 111
97 114
97 117
97 119
97 124
98 3
98 11
98 16
98 17
98 20
98 22
98 23
98 28
98 29
98 35
98 36
98 39
98 41
98 47
98 50
98 52
98 54
98 57
98 59
98 61
98 63
98 64
98 68
98 72
98 76
98 77
98 84
98 85
98 87
98 91
98 94
98 95
98 100
98 102
98 103
98 104
98 110
98 115
98 118
98 119
98 121
98 122
98 124
98 126
99 0
99 1
99 7
99 8
99 9
99 14
99 15
99 18
99 19
99 22
99 25
99 26
99 29
99 30
99 37
99 38
99 40
99 41
99 42
99 45
99 49
99 51
99 59
99 60
99 63
99 68
99 70
99 75
99 94
99 97
99 100
99 103
99 107
99 116
99 122
99 125
99 126
100 6
100 17
100 24
100 25
100 28
100 29
100 30
100 31
100 32
100 33
100 37
100 39
100 40
100 48
100 50
100 54
100 56
100 62
100 63
100 65
100 68
100 71
100 73
100 80
100 87
100 90
100 91
100 96
100 97
100 99
100 100
100 107
100 112
100 115
100 121
100 122
100 125
100 126
101 0
101 2
101 7
101 11
101 12
101 16
101 19
101 20
101 22
101 24
101 25
101 32
101 37
101 44
101 45
101 48
101 53
101 57
101 67
101 68
101 73
101 77
101 80
101 89
101 92
101 94
101 104
101 109
101 111
101 113
101 114
101 116
101 119
101 121
101 124
102 1
102 6
102 10
102 11
102 18
102 21
102 23
102 24
102 26
102 29
102 36
102 37
102 42
102 46
102 48
102 53
102 54
102 59
102 63
102 68
102 69
102 70
102 72
102 86
102 88
102 91
102 93
102 95
102 97
102 98
102 99
102 102
102 106
102 111
102 113
102 115
102 119
102 121
102 124
102 127
103 2
103 4
103 5
103 8
103 9
103 10
103 13
103 20
103 23
103 24
103 25
103 34
103 35
103 43
103 44
103 50
103 53
103 55
103 57
103 66
103 68
103 74
103 76
103 78
103 82
103 83
103 88
103 92
103 95
103 96
103 102
103 109
103 111
103 112
103 114
103 115
103 117
103 119
103 122
104 2
104 3
104 9
104 10
104 11
104 15
104 22
104 23
104 24
104 25
104 29
104 31
104 34
104 37
104 39
104 40
104 43
104 44
104 45
104 51
104 52
104 53
104 55
104 57
104 58
104 59
104 67
104 76
104 77
104 81
104 83
104 84
104 87
104 91
104 92
104 93
104 99
104 104
104 107
104 109
104 112
104 113
104 115
104 117
104 119
104 121
104 122
104 126
104 127
105 0
105 3
105 6
105 11
105 16
105 17
105 21
105 23
105 28
105 38
105 40
105 44
105 48
105 50
105 53
105 54
105 57
105 59
105 67
105 68
105 71
105 75
105 79
105 80
105 84
105 90
105 93
105 100
105 102
105 103
105 105
105 106
105 108
105 111
105 112
105 117
105 119
105 121
105 125
105 127
106 0
106 1
106 2
106 8
106 19
106 20
106 22
106 30
106 32
106 33
106 39
106 47
106 49
106 51
106 52
106 53
106 58
106 59
106 60
106 63
106 71
106 75
106 76
106 80
106 83
106 85
106 87
106 89
106 91
106 96
106 99
106 102
106 106
106 107
106 108
106 109
106 113
106 115
106 119
106 121
106 125
107 0
107 4
107 6
107 9
107 10
107 11
107 14
107 21
107 23
107 31
107 36
107 38
107 39
107 44
107 47
107 48
107 49
107 54
107 55
107 57
107 64
107 65
107 70
107 71
107 73
107 74
107 76
107 79
107 80
107 81
107 82
107 92
107 94
107 95
107 109
107 114
107 119
107 127
108 0
108 3
108 7
108 9
108 19
108 21
108 22
108 23
108 24
108 25
108 26
108 31
108 32
108 36
108 39
108 41
108 42
108 43
108 45
108 49
108 52
108 57
108 61
108 63
108 71
108 73
108 75
108 78
108 82
108 90
108 99
108 100
108 101
108 112
108 113
108 114
108 118
108 120
109 0
109 4
109 8
109 10
109 11
109 12
109 16
109 21
109 22
109 32
109 36
109 40
109 41
109 44
109 48
109 49
109 52
109 57
109 63
109 64
109 68
109 70
109 75
109 79
109 82
109 83
109 87
109 88
109 89
109 90
109 92
109 95
109 97
109 98
109 106
109 108
109 109
109 112
109 113
109 114
109 115
109 117
109 121
109 122
109 123
109 125
109 127
110 2
110 11
110 12
110 17
110 21
110 22
110 23
110 36
110 37
110 38
110 39
110 43
110 44
110 46
110 52
110 53
110 55
110 58
110 61
110 62
110 64
110 70
110 72
110 73
110 74
110 76
110 87
110 88
110 89
110 95
110 97
110 99
110 105
110 114
110 116
110 117
110 120
110 123
111 0
111 1
111 3
111 5
111 8
111 9
111 11
111 12
111 17
111 22
111 23
111 27
111 29
111 34
111 40
111 41
111 42
111 43
111 45
111 49
111 52
111 55
111 61
111 68
111 74
111 76
111 77
111 87
111 96
111 97
111 101
111 103
111 104
111 105
111 115
111 117
111 119
111 125
111 126
112 2
112 8
112 12
112 13
112 14
112 15
112 19
112 22
112 27
112 28
112 37
112 44
112 46
112 48
112 51
112 54
112 59
112 61
112 70
112 72
112 73
112 75
112 79
112 83
112 84
112 85
112 90
112 96
112 97
112 98
112 100
112 104
112 105
112 109
112 112
112 113
112 118
112 121
112 124
112 126
112 127
113 0
113 8
113 13
113 14
113 19
113 25
113 26
113 27
113 29
113 33
113 40
113 42
113 55
113 57
113 60
113 61
113 68
113 70
113 71
113 74
113 76
113 84
113 86
113 89
113 93
113 94
113 95
113 103
113 112
113 113
113 115
114 0
114 4
114 12
114 16
114 30
114 32
114 33
114 34
114 37
114 40
114 44
114 55
114 62
114 68
114 71
114 73
114 77
114 82
114 84
114 86
114 92
114 94
114 100
114 102
114 104
114 106
114 107
114 109
114 110
114 117
114 119
114 121
114 122
114 124
115 1
115 2
115 7
115 10
115 12
115 20
115 22
115 24
115 26
115 27
115 34
115 36
115 44
115 45
115 47
115 49
115 54
115 55
115 57
115 67
115 86
115 87
115 96
115 97
115 98
115 102
115 104
115 106
115 109
115 114
115 122
116 5
116 9
116 10
116 12
116 14
116 15
116 24
116 26
116 29
116 30
116 33
116 34
116 40
116 43
116 44
116 46
116 47
116 50
116 54
116 60
116 62
116 70
116 75
116 77
116 78
116 80
116 83
116 85
116 86
116 87
116 89
116 90
116 99
116 100
116 102
116 104
116 110
116 113
116 117
116 119
116 122
116 123
116 126
117 4
117 5
117 7
117 8
117 9
117 19
117 22
117 25
117 29
117 33
117 37
117 39
117 40
117 42
117 43
117 47
117 48
117 50
117 52
117 53
117 57
117 64
117 66
117 69
117 72
117 73
117 79
117 81
117 84
117 85
117 86
117 87
117 98
117 104
117 105
117 108
117 114
117 116
117 117
117 118
117 121
118 4
118 6
118 17
118 18
118 20
118 21
118 26
118 32
118 33
118 34
118 46
118 48
118 52
118 54
118 55
118 56
118 64
118 68
118 71
118 73
118 75
118 76
118 79
118 81
118 83
118 86
118 92
118 98
118 113
118 114
118 115
118 120
118 124
118 125
118 127
119 1
119 6
119 11
119 12
119 16
119 19
119 25
119 30
119 41
119 43
119 44
119 46
119 47
119 48
119 52
119 57
119 58
119 59
119 62
119 65
119 66
119 67
119 68
119 71
119 75
119 84
119 85
119 86
119 87
119 91
119 96
119 98
119 101
119 102
119 106
119 107
119 108
119 109
119 113
119 114
119 118
119 120
119 124
119 126
120 3
120 4
120 5
120 6
120 16
120 19
120 20
120 25
120 26
120 35
120 38
120 43
120 55
120 56
120 57
120 58
120 59
120 60
120 62
120 63
120 66
120 69
120 73
120 74
120 80
120 83
120 84
120 87
120 96
120 97
120 99
120 103
120 110
120 111
120 115
120 127
121 2
121 7
121 10
121 11
121 12
121 19
121 20
121 22
121 23
121 27
121 28
121 38
121 43
121 49
121 51
121 58
121 60
121 64
121 67
121 69
121 71
121 74
121 80
121 86
121 88
121 90
121 91
121 93
121 94
121 95
121 100
121 102
121 108
121 110
121 114
121 115
121 117
121 119
121 125
121 126
122 2
122 4
122 10
122 12
122 13
122 15
122 17
122 18
122 19
122 20
122 21
122 22
122 25
122 28
122 34
122 37
122 39
122 40
122 43
122 46
122 51
122 54
122 56
122 63
122 64
122 65
122 68
122 72
122 74
122 83
122 89
122 91
122 96
122 99
122 102
122 103
122 105
122 106
122 113
122 114
122 119
122 122
122 124
122 126
122 127
123 1
123 2
123 8
123 11
123 15
123 17
123 24
123 30
123 40
123 43
123 48
123 49
123 51
123 57
123 60
123 61
123 66
123 69
123 71
123 77
123 80
123 89
123 92
123 95
123 96
123 99
123 105
123 112
123 113
123 116
123 118
123 119
123 122
123 123
123 125
123 126
123 127
124 4
124 8
124 13
124 16
124 17
124 18
124 26
124 29
124 31
124 35
124 36
124 40
124 45
124 46
124 48
124 49
124 52
124 54
124 56
124 59
124 64
124 65
124 67
124 68
124 71
124 72
124 75
124 76
124 79
124 81
124 82
124 86
124 89
124 90
124 97
124 99
124 114
124 117
124 121
124 122
124 125
125 3
125 9
125 19
125 21
125 22
125 24
125 31
125 36
125 38
125 44
125 45
125 49
125 51
125 52
125 58
125 62
125 63
125 64
125 68
125 70
125 74
125 75
125 76
125 85
125 89
125 98
125 100
125 112
125 117
125 121
125 126
126 1
126 4
126 12
126 18
126 19
126 20
126 27
126 30
126 31
126 32
126 34
126 35
126 39
126 47
126 53
126 58
126 60
126 62
126 68
126 75
126 78
126 80
126 81
126 84
126 88
126 92
126 93
126 95
126 98
126 100
126 107
126 110
126 117
126 119
126 124
126 126
127 5
127 9
127 12
127 15
127 26
127 28
127 35
127 37
127 50
127 51
127 53
127 55
127 56
127 57
127 62
127 65
127 68
127 72
127 74
127 76
127 77
127 79
127 81
127 84
127 87
127 88
127 90
127 93
127 98
127 112
127 114
127 115
127 118
127 122
127 123
127 127
