0 6
0 12
0 15
0 20
0 21
0 22
0 34
0 35
0 44
0 46
0 47
0 58
0 86
0 88
0 95
0 96
0 106
0 107
0 111
0 113
0 114
0 121
1 13
1 18
1 20
1 35
1 40
1 42
1 49
1 52
1 55
1 68
1 73
1 80
1 89
1 103
1 107
1 120
1 125
2 8
2 17
2 44
2 45
2 59
2 61
2 63
2 66
2 71
2 72
2 73
2 76
2 83
2 90
2 94
2 98
2 103
2 104
2 123
3 0
3 10
3 16
3 17
3 21
3 33
3 46
3 57
3 58
3 68
3 70
3 71
3 87
3 105
3 107
3 112
3 116
3 124
3 125
4 12
4 18
4 25
4 31
4 41
4 45
4 49
4 72
4 81
4 98
4 110
4 117
5 1
5 9
5 17
5 22
5 32
5 41
5 64
5 67
5 82
5 103
5 112
5 118
5 119
5 122
6 10
6 11
6 12
6 13
6 18
6 26
6 28
6 32
6 46
6 47
6 51
6 53
6 67
6 90
6 91
6 101
6 104
6 107
6 110
6 112
6 113
6 117
6 118
6 122
6 124
7 6
7 9
7 11
7 13
7 30
7 33
7 38
7 39
7 48
7 50
7 57
7 66
7 85
7 86
7 93
7 95
7 102
7 117
7 127
8 4
8 6
8 10
8 13
8 16
8 21
8 26
8 33
8 40
8 41
8 49
8 52
8 57
8 65
8 66
8 77
8 91
8 93
8 99
8 103
8 107
8 108
8 117
8 122
8 123
8 127
9 0
9 4
9 5
9 11
9 22
9 35
9 38
9 41
9 55
9 57
9 61
9 68
9 69
9 73
9 74
9 81
9 93
9 94
9 105
9 109
9 113
9 119
9 121
10 17
10 19
10 24
10 26
10 29
10 68
10 70
10 72
10 73
10 80
10 81
10 88
10 103
10 107
10 117
10 119
10 121
10 122
11 4
11 7
11 10
11 11
11 22
11 25
11 40
11 43
11 44
11 50
11 53
11 57
11 71
11 73
11 76
11 79
11 87
11 93
11 100
11 105
11 115
11 119
11 124
11 126
12 15
12 17
12 20
12 22
12 34
12 38
12 65
12 79
12 81
12 88
12 102
12 107
12 108
12 110
12 114
12 124
12 126
13 2
13 5
13 18
13 27
13 32
13 46
13 53
13 56
13 61
13 63
13 81
13 91
13 95
13 103
13 104
13 108
13 124
14 8
14 22
14 35
14 48
14 50
14 54
14 70
14 76
14 85
14 91
14 93
14 99
14 110
14 115
14 117
14 121
14 124
15 21
15 28
15 32
15 43
15 46
15 48
15 49
15 58
15 60
15 71
15 75
15 82
15 83
15 85
15 99
15 114
15 116
15 119
15 123
15 126
15 127
16 7
16 18
16 19
16 30
16 37
16 47
16 52
16 56
16 65
16 70
16 77
16 93
16 94
16 111
16 114
16 116
16 124
16 127
17 1
17 2
17 4
17 6
17 13
17 30
17 36
17 38
17 43
17 46
17 60
17 64
17 66
17 71
17 73
17 85
17 91
17 110
17 111
17 119
18 0
18 4
18 24
18 26
18 30
18 36
18 37
18 44
18 46
18 48
18 61
18 63
18 69
18 86
18 126
19 7
19 35
19 38
19 39
19 42
19 44
19 47
19 52
19 67
19 72
19 77
19 84
19 85
19 86
19 87
19 92
19 93
19 100
19 101
19 122
20 14
20 18
20 22
20 34
20 36
20 38
20 39
20 52
20 57
20 73
20 81
20 90
20 97
20 99
20 107
20 112
20 119
20 123
21 1
21 5
21 20
21 25
21 27
21 34
21 37
21 42
21 56
21 58
21 61
21 66
21 69
21 71
21 72
21 82
21 97
21 112
21 113
21 116
21 121
22 3
22 11
22 12
22 18
22 21
22 31
22 34
22 35
22 42
22 53
22 56
22 59
22 64
22 67
22 71
22 78
22 82
22 88
22 89
22 101
22 108
22 109
22 114
22 116
22 124
23 2
23 8
23 13
23 17
23 37
23 60
23 61
23 64
23 74
23 79
23 82
23 86
23 87
23 90
23 100
23 105
23 113
23 126
24 29
24 32
24 33
24 36
24 38
24 44
24 50
24 62
24 89
24 93
24 97
24 105
24 106
24 107
24 108
24 111
25 3
25 4
25 16
25 18
25 21
25 32
25 39
25 47
25 52
25 55
25 65
25 66
25 67
25 71
25 80
25 81
25 82
25 96
25 104
25 115
25 116
25 117
25 126
26 1
26 2
26 3
26 12
26 21
26 25
26 27
26 38
26 47
26 48
26 59
26 61
26 70
26 73
26 75
26 78
26 99
26 100
26 107
26 109
26 110
27 8
27 9
27 12
27 13
27 19
27 24
27 26
27 30
27 34
27 75
27 85
27 88
27 93
27 94
27 96
27 103
27 106
28 19
28 24
28 28
28 34
28 45
28 46
28 53
28 54
28 72
28 82
28 87
28 96
28 101
28 106
28 114
28 115
28 118
28 125
29 9
29 11
29 12
29 16
29 25
29 30
29 31
29 48
29 57
29 61
29 68
29 71
29 72
29 78
29 85
29 86
29 97
29 107
29 116
30 5
30 13
30 21
30 25
30 32
30 36
30 37
30 45
30 51
30 55
30 56
30 57
30 59
30 71
30 77
30 82
30 92
30 94
31 21
31 28
31 29
31 56
31 62
31 65
31 70
31 77
31 79
31 82
31 90
31 117
31 118
31 120
32 8
32 11
32 16
32 21
32 24
32 36
32 38
32 43
32 44
32 48
32 54
32 56
32 57
32 80
32 96
32 99
32 103
32 107
32 108
32 119
32 120
32 122
32 126
33 4
33 17
33 22
33 25
33 30
33 44
33 50
33 67
33 70
33 82
33 83
33 88
33 89
33 90
33 92
33 100
33 107
33 109
33 114
33 118
33 123
34 0
34 9
34 15
34 46
34 52
34 72
34 77
34 96
34 97
34 98
34 102
34 107
34 110
34 114
34 115
34 123
34 125
34 127
35 8
35 10
35 20
35 26
35 33
35 36
35 40
35 42
35 45
35 48
35 56
35 59
35 61
35 62
35 64
35 67
35 77
35 84
35 86
35 97
35 104
35 110
35 112
35 116
35 121
35 122
36 0
36 7
36 8
36 23
36 34
36 41
36 49
36 68
36 81
36 87
36 92
36 106
36 109
36 116
36 124
36 127
37 15
37 42
37 54
37 57
37 60
37 63
37 71
37 73
37 87
37 96
37 98
37 100
37 103
37 105
37 110
37 112
37 118
37 124
38 19
38 22
38 25
38 26
38 28
38 41
38 51
38 55
38 63
38 66
38 71
38 88
38 91
38 99
38 101
38 104
39 3
39 6
39 8
39 25
39 30
39 36
39 42
39 43
39 44
39 48
39 50
39 55
39 68
39 72
39 79
39 80
39 92
39 97
39 100
39 108
39 117
39 121
39 127
40 4
40 8
40 15
40 17
40 19
40 30
40 37
40 39
40 44
40 61
40 76
40 78
40 94
40 96
40 105
41 1
41 2
41 11
41 17
41 25
41 27
41 59
41 61
41 70
41 73
41 74
41 76
41 88
41 95
41 97
41 105
41 112
41 125
41 126
42 5
42 7
42 8
42 12
42 22
42 26
42 28
42 29
42 34
42 36
42 50
42 65
42 72
42 74
42 85
42 86
42 90
42 91
42 108
42 112
42 117
42 119
43 7
43 10
43 17
43 19
43 26
43 31
43 77
43 78
43 82
43 86
43 88
43 90
43 104
43 116
43 124
43 127
44 20
44 36
44 41
44 46
44 47
44 48
44 52
44 54
44 65
44 66
44 75
44 78
44 81
44 98
44 111
44 115
45 0
45 7
45 8
45 11
45 12
45 14
45 34
45 50
45 51
45 52
45 55
45 65
45 73
45 74
45 87
45 88
45 97
45 105
45 111
45 119
45 122
46 1
46 5
46 20
46 21
46 36
46 45
46 48
46 52
46 59
46 70
46 72
46 83
46 87
46 88
46 110
46 112
46 118
46 123
47 5
47 21
47 22
47 26
47 28
47 32
47 39
47 49
47 52
47 67
47 71
47 77
47 92
47 108
48 6
48 15
48 17
48 18
48 25
48 33
48 36
48 43
48 58
48 61
48 74
48 77
48 98
48 100
48 102
48 104
48 112
48 114
48 124
49 3
49 7
49 8
49 35
49 43
49 46
49 47
49 66
49 69
49 79
49 86
49 91
49 94
49 102
49 105
49 111
49 116
49 118
50 0
50 3
50 21
50 36
50 43
50 48
50 70
50 71
50 79
50 82
50 83
50 86
50 97
50 99
50 104
51 10
51 20
51 29
51 39
51 52
51 78
51 80
51 83
51 88
51 101
51 105
51 110
51 112
51 122
51 124
51 125
52 4
52 10
52 17
52 22
52 26
52 30
52 55
52 57
52 66
52 69
52 75
52 83
52 92
52 94
52 96
52 101
52 106
52 108
52 114
52 127
53 3
53 7
53 12
53 15
53 21
53 22
53 25
53 30
53 35
53 37
53 39
53 41
53 42
53 47
53 48
53 50
53 51
53 84
53 90
53 95
53 96
53 97
53 99
53 103
53 111
53 112
53 116
54 2
54 7
54 11
54 15
54 19
54 22
54 31
54 32
54 37
54 41
54 42
54 47
54 50
54 58
54 70
54 71
54 80
54 87
54 88
54 90
54 94
54 95
54 107
54 109
54 113
54 122
55 0
55 2
55 8
55 39
55 41
55 47
55 56
55 61
55 64
55 70
55 73
55 84
55 85
55 101
55 102
55 107
55 109
55 116
55 121
55 123
55 126
55 127
56 16
56 21
56 22
56 26
56 32
56 37
56 42
56 45
56 49
56 52
56 58
56 72
56 83
56 84
56 89
56 90
56 92
56 105
56 121
57 6
57 20
57 45
57 50
57 62
57 76
57 77
57 82
57 93
57 96
57 105
57 106
57 125
58 0
58 2
58 3
58 15
58 22
58 40
58 48
58 50
58 59
58 63
58 64
58 74
58 76
58 83
58 87
58 101
58 103
58 106
58 108
58 123
59 5
59 9
59 13
59 26
59 28
59 29
59 30
59 43
59 59
59 69
59 70
59 72
59 79
59 89
59 98
59 107
59 114
59 121
59 122
59 123
59 124
60 3
60 10
60 15
60 32
60 41
60 43
60 47
60 51
60 53
60 69
60 71
60 72
60 79
60 81
60 102
60 104
60 108
60 114
60 117
60 119
60 121
61 4
61 13
61 29
61 31
61 41
61 61
61 71
61 75
61 83
61 85
61 97
61 102
61 106
61 108
61 110
61 115
61 121
61 123
62 3
62 9
62 10
62 14
62 18
62 27
62 30
62 43
62 44
62 46
62 64
62 77
62 82
62 84
62 86
62 93
62 102
62 106
62 107
62 123
62 124
63 17
63 57
63 68
63 79
63 100
63 101
63 103
63 104
63 112
63 114
63 115
63 119
64 8
64 13
64 16
64 29
64 32
64 50
64 52
64 65
64 81
64 92
64 96
64 102
64 104
64 108
64 113
64 116
64 122
65 19
65 28
65 40
65 53
65 55
65 65
65 70
65 76
65 81
65 82
65 84
65 85
65 95
65 116
65 118
65 119
65 123
65 127
66 1
66 9
66 16
66 20
66 33
66 43
66 44
66 57
66 58
66 67
66 76
66 81
66 85
66 88
66 93
66 96
66 99
66 101
66 107
66 110
66 115
66 118
66 120
66 127
67 11
67 16
67 19
67 20
67 24
67 26
67 29
67 41
67 47
67 54
67 55
67 56
67 67
67 83
67 89
67 99
67 108
67 110
67 113
67 116
67 123
68 7
68 9
68 11
68 27
68 29
68 38
68 48
68 51
68 54
68 55
68 59
68 62
68 66
68 72
68 74
68 76
68 90
68 92
68 98
68 106
68 123
68 126
69 7
69 12
69 13
69 17
69 21
69 23
69 34
69 35
69 41
69 42
69 44
69 45
69 53
69 68
69 74
69 79
69 83
69 93
69 96
69 104
69 106
69 108
70 0
70 4
70 14
70 30
70 43
70 46
70 49
70 56
70 66
70 71
70 72
70 74
70 83
70 85
70 89
70 91
70 97
70 98
70 99
70 103
70 105
70 118
71 6
71 12
71 17
71 27
71 50
71 53
71 63
71 66
71 70
71 77
71 78
71 84
71 87
71 89
71 91
71 104
71 119
72 20
72 21
72 25
72 26
72 36
72 45
72 56
72 59
72 67
72 72
72 79
72 88
72 111
72 116
72 117
72 121
72 122
72 123
73 2
73 3
73 10
73 16
73 31
73 37
73 41
73 53
73 55
73 58
73 62
73 63
73 78
73 86
73 109
73 115
73 118
73 123
73 126
74 0
74 2
74 17
74 27
74 28
74 30
74 31
74 42
74 50
74 56
74 58
74 59
74 69
74 70
74 88
74 94
74 103
74 118
74 125
74 126
75 14
75 19
75 26
75 29
75 34
75 38
75 40
75 41
75 46
75 49
75 51
75 55
75 78
75 89
75 107
75 113
75 115
75 119
75 125
76 9
76 10
76 12
76 22
76 38
76 39
76 40
76 50
76 60
76 70
76 74
76 77
76 84
76 89
76 91
76 93
76 97
76 101
76 103
76 121
76 123
76 125
76 127
77 5
77 9
77 20
77 33
77 44
77 45
77 57
77 62
77 66
77 68
77 77
77 84
77 99
77 108
77 112
77 113
77 114
78 17
78 18
78 20
78 32
78 33
78 34
78 45
78 58
78 68
78 72
78 76
78 93
78 95
78 108
78 119
79 2
79 9
79 17
79 20
79 26
79 28
79 35
79 41
79 42
79 46
79 53
79 56
79 58
79 61
79 79
79 84
79 101
79 104
79 109
79 114
79 116
79 122
79 125
80 7
80 38
80 44
80 50
80 53
80 59
80 62
80 64
80 66
80 73
80 77
80 88
80 102
80 114
80 118
80 122
80 126
81 1
81 3
81 11
81 12
81 24
81 32
81 45
81 49
81 68
81 76
81 82
81 95
81 109
81 118
81 119
82 5
82 10
82 11
82 17
82 20
82 23
82 29
82 36
82 42
82 46
82 47
82 50
82 51
82 62
82 65
82 70
82 73
82 78
82 79
82 98
82 99
82 105
82 109
82 112
82 115
82 118
82 126
83 6
83 7
83 19
83 21
83 23
83 35
83 42
83 44
83 45
83 50
83 52
83 70
83 78
83 80
83 95
83 99
83 106
83 108
83 109
83 111
83 115
83 120
83 122
84 0
84 16
84 18
84 23
84 29
84 31
84 47
84 55
84 69
84 74
84 81
84 87
84 89
84 90
84 91
84 95
84 98
84 105
84 119
84 120
84 122
85 20
85 24
85 32
85 37
85 52
85 55
85 59
85 63
85 69
85 70
85 75
85 78
85 88
85 97
85 103
85 104
85 111
85 115
85 121
85 123
85 126
86 12
86 13
86 19
86 20
86 23
86 33
86 34
86 36
86 40
86 52
86 54
86 71
86 75
86 76
86 93
86 94
86 104
86 107
86 112
86 113
86 114
86 120
86 122
87 6
87 7
87 13
87 19
87 21
87 22
87 30
87 38
87 42
87 76
87 77
87 87
87 92
87 100
87 103
87 105
87 112
87 116
87 120
87 124
87 126
88 5
88 18
88 21
88 31
88 32
88 53
88 66
88 67
88 75
88 90
88 97
88 105
88 112
88 115
88 121
88 125
89 11
89 27
89 38
89 58
89 59
89 64
89 78
89 89
89 96
89 100
89 104
89 106
89 113
90 2
90 3
90 8
90 9
90 28
90 30
90 32
90 36
90 40
90 61
90 62
90 96
90 99
90 102
90 109
90 122
91 1
91 13
91 16
91 20
91 22
91 30
91 34
91 35
91 38
91 47
91 49
91 50
91 53
91 56
91 57
91 59
91 63
91 74
91 75
91 81
91 87
91 90
91 92
91 94
91 99
91 109
91 115
91 117
91 120
91 122
92 1
92 5
92 14
92 25
92 30
92 50
92 57
92 58
92 65
92 81
92 85
92 90
92 95
92 98
92 99
92 101
92 115
92 124
93 2
93 5
93 7
93 11
93 13
93 27
93 35
93 37
93 38
93 49
93 52
93 62
93 64
93 67
93 78
93 86
93 91
93 92
93 104
93 113
93 121
94 2
94 5
94 15
94 19
94 20
94 21
94 27
94 29
94 33
94 36
94 39
94 62
94 66
94 75
94 77
94 80
94 85
94 95
94 98
94 106
94 107
94 115
94 122
94 123
95 7
95 10
95 21
95 30
95 32
95 37
95 45
95 48
95 53
95 55
95 59
95 61
95 69
95 93
95 96
95 115
95 121
95 125
96 1
96 17
96 20
96 26
96 32
96 39
96 41
96 49
96 73
96 87
96 101
96 108
96 110
96 116
96 126
97 0
97 1
97 3
97 12
97 17
97 23
97 28
97 33
97 52
97 64
97 74
97 75
97 79
97 89
97 90
97 93
97 108
97 119
97 124
98 3
98 24
98 34
98 37
98 45
98 66
98 69
98 72
98 73
98 80
98 101
98 102
98 109
98 115
99 0
99 7
99 8
99 9
99 19
99 27
99 31
99 36
99 49
99 70
99 85
99 91
99 92
99 95
99 107
99 108
99 113
99 123
99 125
100 2
100 6
100 15
100 25
100 27
100 37
100 38
100 41
100 56
100 71
100 79
100 83
100 84
100 95
100 101
100 107
100 109
100 112
100 117
100 118
100 120
100 121
100 125
100 127
101 8
101 9
101 21
101 26
101 27
101 55
101 61
101 81
101 86
101 87
101 116
101 118
101 120
101 122
102 15
102 16
102 37
102 44
102 45
102 55
102 67
102 70
102 78
102 80
102 91
102 100
102 103
102 118
102 124
103 12
103 24
103 34
103 35
103 36
103 45
103 49
103 52
103 58
103 64
103 69
103 81
103 97
103 99
103 102
103 113
103 120
103 127
104 0
104 2
104 8
104 11
104 14
104 16
104 18
104 19
104 24
104 25
104 29
104 37
104 40
104 60
104 69
104 70
104 71
104 83
104 86
104 95
104 96
104 97
104 105
104 107
104 113
104 116
104 122
104 123
105 4
105 5
105 9
105 10
105 17
105 51
105 55
105 57
105 67
105 73
105 107
105 110
106 6
106 8
106 10
106 12
106 34
106 40
106 52
106 62
106 80
106 83
106 88
106 108
106 110
107 27
107 31
107 32
107 35
107 37
107 39
107 63
107 75
107 78
107 83
107 106
107 107
107 111
107 112
107 115
107 122
108 3
108 8
108 12
108 13
108 19
108 43
108 47
108 54
108 59
108 65
108 67
108 82
108 101
108 103
109 6
109 10
109 13
109 32
109 33
109 34
109 44
109 46
109 54
109 60
109 61
109 65
109 82
109 93
109 98
109 100
109 118
109 119
110 5
110 28
110 33
110 46
110 53
110 55
110 57
110 60
110 63
110 69
110 88
110 90
110 92
110 94
110 96
110 98
110 100
110 102
110 107
110 109
110 120
111 4
111 7
111 11
111 20
111 30
111 33
111 36
111 37
111 38
111 47
111 53
111 72
111 73
111 76
111 86
111 89
111 91
111 96
111 101
111 103
111 104
111 109
111 119
112 5
112 7
112 33
112 41
112 42
112 44
112 62
112 66
112 77
112 81
112 87
112 89
112 95
112 99
112 102
112 108
112 111
112 114
112 123
113 1
113 17
113 26
113 31
113 32
113 35
113 43
113 49
113 50
113 65
113 69
113 90
113 93
113 103
113 104
113 111
113 118
113 122
113 127
114 5
114 7
114 20
114 23
114 36
114 40
114 48
114 49
114 51
114 55
114 59
114 68
114 69
114 79
114 93
114 97
114 103
114 116
115 1
115 2
115 4
115 9
115 22
115 28
115 30
115 35
115 38
115 49
115 57
115 62
115 63
115 77
115 80
115 87
115 92
115 120
116 3
116 8
116 9
116 11
116 17
116 31
116 33
116 35
116 64
116 67
116 71
116 92
116 109
116 115
116 123
117 2
117 5
117 8
117 13
117 17
117 19
117 23
117 32
117 46
117 57
117 71
117 77
117 78
117 84
117 96
118 1
118 9
118 18
118 22
118 25
118 33
118 48
118 50
118 51
118 57
118 72
118 76
118 87
118 89
118 95
118 98
118 101
118 105
118 108
118 109
118 112
118 115
119 2
119 3
119 10
119 13
119 16
119 20
119 23
119 33
119 36
119 44
119 50
119 52
119 53
119 57
119 58
119 64
119 71
119 76
119 80
119 81
119 104
119 126
120 0
120 12
120 13
120 15
120 16
120 17
120 19
120 25
120 29
120 34
120 39
120 45
120 54
120 63
120 70
120 74
120 77
120 92
120 95
120 101
120 102
120 106
120 114
120 116
120 117
120 118
120 121
121 5
121 9
121 10
121 16
121 18
121 19
121 26
121 34
121 48
121 49
121 57
121 61
121 70
121 80
121 81
121 86
121 87
121 103
121 110
122 0
122 1
122 2
122 10
122 20
122 26
122 27
122 31
122 44
122 75
122 80
122 86
122 88
122 94
122 98
122 100
122 104
122 118
122 124
123 2
123 9
123 20
123 35
123 38
123 53
123 55
123 57
123 58
123 64
123 68
123 69
123 81
123 91
123 93
123 100
123 109
123 111
123 113
123 123
123 127
124 18
124 21
124 29
124 32
124 36
124 65
124 82
124 85
124 87
124 89
124 96
124 108
124 118
124 120
124 121
124 126
125 0
125 1
125 7
125 20
125 21
125 26
125 36
125 38
125 39
125 51
125 53
125 58
125 65
125 75
125 76
125 83
125 86
125 88
125 98
125 115
125 116
126 1
126 7
126 13
126 26
126 31
126 33
126 45
126 52
126 53
126 61
126 68
126 71
126 80
126 85
126 109
126 110
126 114
126 117
126 124
127 6
127 9
127 10
127 12
127 20
127 21
127 23
127 24
127 35
127 38
127 50
127 71
127 75
127 88
127 93
127 97
127 102
127 103
127 105
127 110
127 114
127 121
127 123
