0 0
0 2
0 6
0 7
0 9
0 12
0 15
0 16
0 24
0 25
0 27
0 34
0 39
0 52
0 55
0 57
0 58
0 61
0 62
0 65
0 68
0 69
0 71
0 73
0 75
0 79
0 90
0 92
0 93
0 95
0 99
0 104
0 106
0 109
0 110
0 113
0 116
0 117
0 121
0 124
0 125
0 126
0 127
1 5
1 6
1 7
1 11
1 12
1 13
1 21
1 23
1 27
1 30
1 31
1 33
1 35
1 36
1 37
1 40
1 41
1 44
1 45
1 46
1 49
1 51
1 54
1 55
1 56
1 57
1 60
1 62
1 66
1 67
1 68
1 69
1 70
1 83
1 84
1 86
1 89
1 94
1 96
1 97
1 99
1 104
1 107
1 112
1 116
1 126
2 0
2 1
2 4
2 6
2 9
2 13
2 17
2 18
2 22
2 23
2 24
2 27
2 32
2 38
2 41
2 43
2 45
2 50
2 52
2 53
2 59
2 62
2 68
2 73
2 74
2 75
2 82
2 85
2 95
2 98
2 106
2 110
2 112
2 114
2 119
2 124
2 125
3 6
3 10
3 15
3 18
3 20
3 21
3 23
3 24
3 32
3 34
3 38
3 40
3 41
3 57
3 58
3 70
3 79
3 84
3 87
3 88
3 89
3 92
3 94
3 95
3 96
3 99
3 103
3 106
3 107
3 109
3 116
3 118
3 121
3 125
4 0
4 9
4 16
4 18
4 25
4 35
4 36
4 41
4 42
4 45
4 48
4 52
4 54
4 62
4 65
4 67
4 72
4 74
4 75
4 79
4 80
4 82
4 85
4 86
4 91
4 92
4 96
4 97
4 103
4 106
4 119
4 124
4 126
5 6
5 14
5 16
5 21
5 23
5 25
5 27
5 28
5 30
5 33
5 39
5 46
5 47
5 48
5 58
5 59
5 65
5 75
5 79
5 80
5 90
5 93
5 97
5 98
5 106
5 107
5 116
5 121
5 122
5 125
5 127
6 9
6 11
6 15
6 17
6 21
6 27
6 31
6 42
6 45
6 46
6 57
6 61
6 72
6 74
6 78
6 82
6 85
6 87
6 91
6 92
6 93
6 96
6 101
6 102
6 103
6 105
6 107
6 110
6 111
6 112
6 113
6 115
6 116
6 117
6 127
7 3
7 5
7 7
7 9
7 11
7 13
7 17
7 19
7 25
7 26
7 27
7 28
7 29
7 32
7 33
7 38
7 48
7 53
7 56
7 57
7 59
7 60
7 65
7 68
7 69
7 70
7 74
7 75
7 83
7 95
7 97
7 105
7 106
7 108
7 111
7 112
7 115
7 116
7 120
7 122
7 123
8 0
8 1
8 3
8 5
8 7
8 10
8 14
8 19
8 20
8 25
8 30
8 32
8 35
8 36
8 37
8 39
8 41
8 43
8 45
8 46
8 50
8 51
8 52
8 59
8 60
8 61
8 63
8 64
8 70
8 75
8 76
8 82
8 87
8 92
8 98
8 99
8 103
8 109
8 111
8 112
8 113
8 123
8 124
8 126
9 7
9 10
9 13
9 14
9 15
9 16
9 20
9 21
9 22
9 26
9 28
9 35
9 39
9 43
9 44
9 49
9 50
9 56
9 58
9 62
9 66
9 67
9 71
9 72
9 79
9 81
9 83
9 85
9 89
9 93
9 94
9 96
9 99
9 114
9 117
9 123
9 126
10 2
10 10
10 11
10 16
10 17
10 18
10 24
10 33
10 35
10 40
10 46
10 50
10 52
10 63
10 65
10 71
10 74
10 79
10 80
10 82
10 85
10 86
10 93
10 95
10 97
10 98
10 100
10 104
10 110
10 114
10 121
10 123
11 3
11 4
11 5
11 6
11 7
11 11
11 12
11 16
11 18
11 19
11 23
11 25
11 28
11 29
11 31
11 33
11 36
11 42
11 43
11 44
11 45
11 46
11 48
11 53
11 56
11 58
11 59
11 62
11 63
11 64
11 66
11 71
11 78
11 79
11 84
11 86
11 90
11 91
11 103
11 105
11 107
11 110
11 122
11 126
12 2
12 3
12 4
12 6
12 9
12 12
12 15
12 17
12 26
12 28
12 30
12 37
12 38
12 43
12 50
12 52
12 53
12 54
12 61
12 62
12 64
12 69
12 70
12 72
12 73
12 75
12 80
12 82
12 86
12 93
12 94
12 95
12 97
12 98
12 101
12 109
12 113
12 124
12 126
13 0
13 6
13 8
13 13
13 20
13 22
13 41
13 42
13 43
13 44
13 57
13 58
13 59
13 61
13 65
13 67
13 73
13 74
13 77
13 84
13 86
13 87
13 88
13 91
13 93
13 97
13 100
13 101
13 106
13 111
13 112
13 115
13 119
13 121
13 125
14 2
14 7
14 9
14 11
14 17
14 18
14 19
14 20
14 21
14 22
14 32
14 36
14 43
14 48
14 49
14 51
14 52
14 60
14 62
14 65
14 71
14 72
14 76
14 78
14 79
14 80
14 83
14 87
14 90
14 92
14 101
14 102
14 104
14 106
14 107
14 109
14 112
14 113
14 116
14 117
14 120
14 121
14 125
14 126
15 0
15 3
15 4
15 7
15 9
15 11
15 13
15 18
15 20
15 28
15 34
15 35
15 37
15 38
15 39
15 40
15 41
15 44
15 45
15 46
15 47
15 48
15 50
15 53
15 56
15 57
15 59
15 60
15 61
15 62
15 64
15 70
15 72
15 75
15 82
15 84
15 87
15 90
15 96
15 99
15 102
15 103
15 112
15 116
15 117
15 118
15 120
16 1
16 4
16 5
16 8
16 9
16 15
16 19
16 24
16 30
16 33
16 34
16 35
16 36
16 44
16 58
16 64
16 65
16 73
16 78
16 80
16 98
16 111
16 113
16 115
16 119
16 121
16 122
16 123
16 125
16 126
17 3
17 5
17 6
17 7
17 8
17 11
17 18
17 20
17 22
17 28
17 35
17 40
17 42
17 44
17 45
17 51
17 53
17 54
17 55
17 59
17 64
17 68
17 74
17 79
17 91
17 101
17 103
17 106
17 107
17 108
17 109
17 110
17 118
17 122
17 126
17 127
18 0
18 7
18 8
18 10
18 12
18 16
18 25
18 29
18 35
18 36
18 37
18 39
18 42
18 51
18 53
18 54
18 56
18 59
18 61
18 62
18 68
18 70
18 73
18 74
18 77
18 78
18 82
18 85
18 93
18 98
18 99
18 100
18 108
18 118
18 123
18 125
18 127
19 3
19 8
19 14
19 16
19 18
19 20
19 21
19 28
19 34
19 36
19 38
19 42
19 47
19 51
19 52
19 53
19 57
19 58
19 59
19 60
19 62
19 66
19 73
19 74
19 76
19 79
19 82
19 83
19 89
19 93
19 94
19 99
19 101
19 109
19 111
19 113
19 114
19 115
19 117
19 118
19 124
19 125
20 3
20 9
20 13
20 23
20 25
20 29
20 30
20 36
20 38
20 43
20 44
20 49
20 51
20 52
20 53
20 55
20 56
20 62
20 75
20 81
20 83
20 85
20 86
20 96
20 97
20 99
20 100
20 103
20 107
20 108
20 112
20 115
20 120
20 121
20 124
20 125
21 0
21 1
21 6
21 8
21 13
21 17
21 18
21 19
21 23
21 25
21 26
21 27
21 28
21 30
21 33
21 35
21 36
21 37
21 39
21 40
21 42
21 45
21 49
21 50
21 52
21 54
21 56
21 58
21 59
21 60
21 61
21 68
21 72
21 82
21 83
21 85
21 86
21 88
21 91
21 92
21 95
21 97
21 98
21 101
21 103
21 121
21 123
22 4
22 14
22 16
22 17
22 25
22 31
22 32
22 34
22 35
22 36
22 37
22 39
22 40
22 53
22 56
22 57
22 58
22 62
22 64
22 75
22 76
22 78
22 82
22 84
22 85
22 86
22 88
22 89
22 92
22 95
22 96
22 97
22 98
22 99
22 101
22 103
22 104
22 105
22 107
22 109
22 123
22 125
23 1
23 7
23 8
23 10
23 15
23 18
23 23
23 24
23 28
23 32
23 39
23 45
23 49
23 50
23 53
23 59
23 68
23 71
23 72
23 73
23 77
23 79
23 87
23 90
23 91
23 93
23 94
23 97
23 99
23 103
23 110
23 111
23 113
23 114
23 115
23 119
23 123
23 127
24 2
24 14
24 15
24 28
24 41
24 43
24 44
24 46
24 47
24 50
24 52
24 57
24 59
24 63
24 64
24 70
24 74
24 76
24 83
24 84
24 87
24 97
24 100
24 103
24 104
24 106
24 111
24 112
24 117
24 118
24 120
24 122
24 125
25 4
25 5
25 11
25 12
25 13
25 20
25 23
25 26
25 27
25 32
25 35
25 36
25 37
25 38
25 40
25 44
25 49
25 61
25 63
25 65
25 66
25 69
25 72
25 74
25 77
25 83
25 84
25 86
25 87
25 88
25 90
25 91
25 95
25 100
25 101
25 107
25 110
25 112
25 116
25 117
25 118
25 120
25 123
25 124
25 125
25 127
26 0
26 1
26 3
26 12
26 19
26 22
26 28
26 31
26 35
26 38
26 41
26 45
26 46
26 49
26 57
26 58
26 61
26 63
26 65
26 69
26 74
26 75
26 77
26 83
26 89
26 90
26 92
26 94
26 95
26 97
26 99
26 101
26 105
26 106
26 109
26 110
26 112
26 116
26 117
26 124
26 126
27 0
27 1
27 5
27 6
27 11
27 13
27 14
27 19
27 20
27 24
27 25
27 26
27 29
27 30
27 32
27 34
27 40
27 41
27 42
27 46
27 47
27 54
27 55
27 65
27 66
27 69
27 71
27 77
27 84
27 86
27 91
27 96
27 97
27 108
27 110
27 111
27 113
27 114
27 117
27 119
27 120
27 121
27 122
27 126
28 1
28 2
28 3
28 8
28 9
28 25
28 29
28 30
28 32
28 36
28 37
28 38
28 45
28 46
28 48
28 49
28 52
28 54
28 55
28 57
28 58
28 60
28 70
28 74
28 76
28 82
28 84
28 92
28 99
28 114
28 117
28 118
28 121
28 122
28 126
29 0
29 2
29 3
29 5
29 10
29 13
29 16
29 25
29 26
29 30
29 33
29 41
29 42
29 50
29 52
29 55
29 56
29 57
29 59
29 62
29 63
29 64
29 70
29 75
29 78
29 82
29 89
29 102
29 103
29 111
29 112
29 126
30 3
30 10
30 14
30 21
30 22
30 24
30 25
30 27
30 31
30 32
30 39
30 41
30 43
30 47
30 48
30 55
30 57
30 59
30 60
30 61
30 63
30 67
30 68
30 70
30 73
30 74
30 76
30 77
30 90
30 91
30 96
30 98
30 101
30 103
30 107
30 109
30 112
30 114
30 119
30 120
30 121
31 3
31 6
31 11
31 12
31 17
31 18
31 23
31 29
31 31
31 34
31 40
31 41
31 49
31 50
31 55
31 56
31 57
31 60
31 72
31 78
31 79
31 82
31 84
31 86
31 88
31 91
31 94
31 96
31 105
31 112
31 114
31 119
31 121
31 122
31 123
31 124
31 127
32 5
32 6
32 8
32 19
32 20
32 23
32 24
32 29
32 30
32 35
32 39
32 40
32 43
32 46
32 48
32 53
32 54
32 56
32 57
32 61
32 62
32 65
32 70
32 71
32 72
32 77
32 78
32 83
32 84
32 85
32 86
32 88
32 91
32 93
32 94
32 97
32 103
32 112
32 116
32 120
32 121
32 122
32 125
32 127
33 5
33 6
33 7
33 10
33 13
33 14
33 15
33 19
33 24
33 31
33 35
33 38
33 41
33 52
33 54
33 58
33 59
33 61
33 62
33 65
33 67
33 75
33 81
33 84
33 86
33 103
33 107
33 115
33 120
33 121
34 8
34 10
34 14
34 16
34 21
34 22
34 26
34 28
34 32
34 34
34 35
34 37
34 39
34 40
34 42
34 45
34 46
34 51
34 56
34 60
34 63
34 76
34 81
34 85
34 87
34 88
34 89
34 90
34 94
34 97
34 106
34 107
34 108
34 113
34 115
34 119
34 121
35 2
35 3
35 4
35 24
35 32
35 38
35 44
35 45
35 46
35 52
35 53
35 57
35 63
35 65
35 69
35 70
35 71
35 73
35 74
35 78
35 85
35 94
35 95
35 97
35 104
35 108
35 116
35 119
35 121
35 122
35 126
35 127
36 0
36 3
36 8
36 13
36 16
36 19
36 21
36 23
36 26
36 35
36 46
36 51
36 52
36 55
36 56
36 60
36 63
36 64
36 65
36 68
36 72
36 74
36 82
36 84
36 86
36 89
36 93
36 96
36 100
36 102
36 103
36 104
36 108
36 111
36 114
36 121
36 122
36 124
37 0
37 3
37 7
37 11
37 19
37 21
37 24
37 25
37 33
37 39
37 42
37 46
37 48
37 49
37 53
37 55
37 56
37 57
37 60
37 61
37 63
37 64
37 65
37 70
37 71
37 74
37 83
37 86
37 87
37 89
37 97
37 102
37 104
37 106
37 111
37 112
37 113
37 117
37 120
37 121
37 122
37 127
38 4
38 5
38 8
38 14
38 18
38 24
38 27
38 32
38 37
38 39
38 40
38 41
38 43
38 45
38 47
38 48
38 52
38 53
38 60
38 66
38 69
38 82
38 88
38 89
38 90
38 91
38 95
38 96
38 97
38 98
38 104
38 106
38 117
38 126
38 127
39 3
39 7
39 9
39 10
39 21
39 23
39 27
39 30
39 34
39 37
39 38
39 41
39 44
39 45
39 48
39 52
39 54
39 56
39 63
39 66
39 69
39 73
39 74
39 77
39 80
39 85
39 88
39 96
39 97
39 98
39 103
39 105
39 109
39 110
39 111
39 114
39 121
39 124
39 127
40 2
40 6
40 7
40 8
40 9
40 13
40 18
40 22
40 24
40 28
40 34
40 36
40 44
40 45
40 46
40 52
40 55
40 61
40 64
40 65
40 76
40 77
40 79
40 80
40 82
40 85
40 95
40 104
40 105
40 111
40 115
40 116
40 121
40 123
41 0
41 1
41 4
41 5
41 6
41 10
41 11
41 15
41 22
41 26
41 27
41 30
41 31
41 33
41 34
41 37
41 38
41 39
41 40
41 42
41 47
41 50
41 52
41 55
41 56
41 61
41 66
41 78
41 80
41 83
41 89
41 91
41 92
41 96
41 97
41 98
41 100
41 104
41 108
41 120
41 121
41 127
42 3
42 5
42 8
42 9
42 13
42 16
42 17
42 19
42 20
42 23
42 25
42 30
42 31
42 32
42 33
42 39
42 42
42 43
42 44
42 48
42 52
42 61
42 62
42 70
42 72
42 73
42 78
42 79
42 81
42 83
42 89
42 90
42 96
42 97
42 106
42 114
42 118
42 120
42 124
42 126
43 10
43 16
43 17
43 19
43 24
43 28
43 29
43 34
43 36
43 37
43 38
43 47
43 52
43 54
43 55
43 56
43 62
43 67
43 69
43 78
43 80
43 84
43 86
43 93
43 96
43 102
43 106
43 110
43 114
43 123
43 124
44 1
44 2
44 3
44 7
44 9
44 16
44 25
44 27
44 28
44 30
44 32
44 34
44 35
44 36
44 41
44 43
44 44
44 51
44 53
44 57
44 62
44 65
44 67
44 74
44 78
44 80
44 83
44 85
44 86
44 89
44 92
44 96
44 99
44 104
44 107
44 110
44 120
45 1
45 3
45 5
45 6
45 11
45 12
45 18
45 25
45 27
45 28
45 30
45 32
45 48
45 50
45 51
45 59
45 60
45 64
45 67
45 68
45 69
45 72
45 73
45 76
45 83
45 89
45 93
45 96
45 97
45 98
45 103
45 105
45 106
45 109
45 110
45 112
45 114
45 118
45 119
45 124
45 127
46 3
46 6
46 10
46 11
46 24
46 25
46 30
46 31
46 34
46 35
46 39
46 40
46 41
46 44
46 49
46 54
46 59
46 60
46 62
46 65
46 66
46 69
46 85
46 88
46 93
46 96
46 97
46 99
46 101
46 107
46 108
46 111
46 116
46 119
46 122
46 123
46 126
47 0
47 5
47 6
47 11
47 19
47 20
47 22
47 25
47 29
47 32
47 33
47 34
47 36
47 38
47 39
47 41
47 42
47 43
47 52
47 53
47 54
47 55
47 57
47 60
47 61
47 62
47 68
47 70
47 73
47 74
47 76
47 79
47 86
47 88
47 95
47 96
47 97
47 99
47 101
47 103
47 105
47 109
47 111
47 116
47 117
47 119
47 122
47 123
47 124
47 125
47 127
48 3
48 5
48 8
48 10
48 11
48 12
48 14
48 17
48 18
48 19
48 21
48 27
48 30
48 32
48 34
48 35
48 37
48 43
48 46
48 53
48 58
48 62
48 64
48 71
48 76
48 77
48 78
48 79
48 80
48 94
48 96
48 101
48 108
48 110
48 114
48 116
48 119
48 122
48 123
48 125
48 126
49 0
49 1
49 2
49 3
49 16
49 30
49 34
49 37
49 39
49 44
49 49
49 50
49 53
49 58
49 64
49 74
49 76
49 77
49 79
49 85
49 91
49 99
49 106
49 112
49 114
49 118
49 119
49 121
49 122
49 123
49 126
50 1
50 3
50 7
50 8
50 10
50 13
50 16
50 17
50 20
50 24
50 25
50 26
50 29
50 30
50 31
50 39
50 49
50 54
50 59
50 66
50 67
50 68
50 71
50 72
50 80
50 81
50 82
50 85
50 88
50 89
50 90
50 95
50 101
50 103
50 104
50 107
50 110
50 112
50 113
50 116
50 118
50 119
50 122
50 123
50 124
51 0
51 9
51 13
51 14
51 19
51 24
51 32
51 37
51 38
51 40
51 41
51 44
51 49
51 52
51 55
51 59
51 60
51 62
51 63
51 67
51 69
51 70
51 72
51 75
51 77
51 78
51 86
51 87
51 88
51 89
51 90
51 93
51 94
51 96
51 100
51 106
51 109
51 113
51 115
51 126
52 2
52 6
52 8
52 9
52 10
52 14
52 24
52 32
52 33
52 35
52 37
52 38
52 41
52 42
52 43
52 46
52 51
52 52
52 54
52 59
52 64
52 65
52 73
52 82
52 84
52 85
52 92
52 95
52 96
52 98
52 103
52 105
52 108
52 111
52 115
52 127
53 1
53 5
53 13
53 14
53 15
53 21
53 25
53 26
53 28
53 29
53 30
53 34
53 38
53 39
53 43
53 46
53 48
53 56
53 57
53 59
53 71
53 76
53 80
53 83
53 93
53 97
53 101
53 102
53 104
53 107
53 114
53 115
53 116
53 119
53 121
53 122
53 125
54 14
54 15
54 18
54 22
54 24
54 27
54 28
54 31
54 32
54 37
54 44
54 50
54 58
54 62
54 63
54 64
54 66
54 67
54 69
54 70
54 71
54 72
54 73
54 75
54 77
54 86
54 87
54 88
54 93
54 95
54 96
54 97
54 103
54 105
54 107
54 108
54 109
54 111
54 117
54 118
54 119
54 121
54 125
54 127
55 0
55 3
55 5
55 6
55 10
55 11
55 18
55 19
55 20
55 21
55 26
55 27
55 28
55 33
55 35
55 47
55 48
55 60
55 62
55 70
55 72
55 73
55 78
55 80
55 82
55 84
55 85
55 86
55 88
55 96
55 97
55 98
55 102
55 103
55 104
55 106
55 109
55 112
55 120
55 124
56 0
56 5
56 6
56 11
56 12
56 15
56 16
56 19
56 26
56 27
56 29
56 31
56 32
56 33
56 39
56 40
56 45
56 49
56 53
56 63
56 65
56 68
56 69
56 74
56 77
56 82
56 83
56 86
56 87
56 89
56 93
56 103
56 104
56 106
56 108
56 110
56 115
56 118
56 121
56 122
56 123
56 125
56 126
57 7
57 11
57 18
57 20
57 22
57 28
57 30
57 41
57 47
57 55
57 59
57 61
57 67
57 69
57 81
57 82
57 85
57 86
57 91
57 92
57 105
57 113
57 115
57 117
57 119
57 121
57 122
57 123
57 124
57 125
57 126
58 0
58 5
58 6
58 9
58 11
58 15
58 21
58 24
58 30
58 33
58 39
58 42
58 56
58 57
58 58
58 59
58 61
58 64
58 65
58 67
58 69
58 70
58 75
58 78
58 83
58 88
58 91
58 92
58 98
58 104
58 109
58 120
58 125
59 1
59 2
59 3
59 5
59 15
59 17
59 18
59 23
59 24
59 30
59 34
59 39
59 40
59 43
59 44
59 45
59 49
59 53
59 57
59 61
59 68
59 69
59 77
59 81
59 86
59 89
59 91
59 95
59 96
59 97
59 102
59 111
59 113
59 115
59 119
59 120
59 122
59 124
60 1
60 3
60 5
60 12
60 13
60 14
60 16
60 18
60 22
60 26
60 29
60 30
60 33
60 36
60 37
60 40
60 45
60 50
60 59
60 68
60 72
60 75
60 77
60 78
60 80
60 81
60 84
60 98
60 101
60 103
60 105
60 106
60 108
60 109
60 112
60 119
60 120
61 2
61 4
61 5
61 8
61 11
61 13
61 21
61 24
61 27
61 28
61 34
61 38
61 40
61 43
61 44
61 48
61 51
61 53
61 63
61 64
61 65
61 74
61 75
61 78
61 80
61 82
61 84
61 85
61 87
61 89
61 92
61 93
61 99
61 100
61 110
61 114
61 115
61 117
61 125
61 126
62 10
62 23
62 25
62 26
62 27
62 33
62 34
62 37
62 40
62 43
62 44
62 46
62 50
62 54
62 57
62 58
62 61
62 65
62 73
62 76
62 77
62 79
62 83
62 85
62 90
62 99
62 104
62 106
62 111
62 113
62 114
62 117
62 119
62 121
62 123
63 0
63 1
63 3
63 6
63 14
63 15
63 20
63 27
63 28
63 33
63 35
63 36
63 37
63 38
63 39
63 42
63 43
63 48
63 53
63 54
63 55
63 60
63 63
63 66
63 68
63 71
63 76
63 80
63 82
63 86
63 92
63 95
63 97
63 98
63 100
63 101
63 104
63 112
63 113
63 125
63 126
64 9
64 17
64 23
64 30
64 31
64 33
64 41
64 42
64 48
64 52
64 53
64 57
64 58
64 59
64 62
64 63
64 65
64 66
64 68
64 71
64 74
64 75
64 77
64 78
64 82
64 94
64 97
64 100
64 101
64 104
64 105
64 108
64 111
64 117
64 120
64 121
64 122
64 125
65 3
65 6
65 7
65 8
65 12
65 13
65 24
65 28
65 31
65 32
65 37
65 41
65 42
65 46
65 57
65 58
65 62
65 64
65 67
65 69
65 70
65 74
65 78
65 81
65 83
65 85
65 89
65 90
65 91
65 96
65 101
65 107
65 108
65 110
65 113
65 116
65 118
65 119
65 124
66 2
66 9
66 16
66 19
66 21
66 24
66 26
66 31
66 34
66 35
66 37
66 42
66 45
66 48
66 52
66 53
66 56
66 57
66 60
66 66
66 73
66 85
66 86
66 89
66 90
66 93
66 94
66 105
66 106
66 112
66 113
66 114
66 115
66 120
66 122
66 124
66 127
67 2
67 16
67 20
67 25
67 27
67 28
67 31
67 34
67 37
67 40
67 42
67 43
67 45
67 47
67 48
67 49
67 50
67 54
67 59
67 68
67 69
67 75
67 76
67 81
67 85
67 90
67 98
67 99
67 101
67 103
67 107
67 110
67 114
67 120
68 1
68 2
68 3
68 14
68 15
68 17
68 23
68 25
68 27
68 29
68 30
68 33
68 34
68 43
68 48
68 49
68 50
68 51
68 54
68 57
68 64
68 69
68 71
68 75
68 79
68 80
68 83
68 84
68 85
68 86
68 88
68 89
68 91
68 93
68 94
68 95
68 97
68 100
68 102
68 103
68 111
68 113
68 115
68 117
68 121
68 122
69 0
69 2
69 9
69 10
69 11
69 15
69 18
69 23
69 24
69 25
69 26
69 30
69 31
69 32
69 35
69 38
69 39
69 43
69 44
69 45
69 47
69 48
69 52
69 55
69 58
69 62
69 69
69 78
69 82
69 84
69 86
69 88
69 89
69 94
69 100
69 102
69 104
69 106
69 108
69 113
69 117
69 118
69 120
69 122
69 123
70 5
70 6
70 10
70 16
70 24
70 26
70 28
70 31
70 33
70 34
70 42
70 44
70 50
70 52
70 54
70 55
70 59
70 61
70 63
70 65
70 71
70 72
70 74
70 76
70 83
70 91
70 94
70 96
70 98
70 101
70 108
70 110
70 111
70 112
70 115
70 116
70 124
70 126
71 3
71 6
71 14
71 15
71 18
71 19
71 20
71 22
71 27
71 35
71 36
71 39
71 46
71 50
71 52
71 57
71 59
71 60
71 61
71 62
71 64
71 66
71 78
71 79
71 82
71 95
71 100
71 101
71 102
71 103
71 108
71 112
71 113
71 117
71 119
71 120
71 121
71 122
71 124
71 125
72 0
72 12
72 13
72 15
72 17
72 21
72 29
72 32
72 44
72 46
72 49
72 52
72 53
72 54
72 56
72 57
72 58
72 59
72 67
72 70
72 75
72 76
72 78
72 79
72 82
72 88
72 90
72 93
72 94
72 95
72 98
72 101
72 113
72 118
72 119
72 127
73 0
73 4
73 5
73 10
73 11
73 15
73 16
73 17
73 19
73 21
73 22
73 28
73 34
73 36
73 42
73 43
73 47
73 52
73 55
73 58
73 62
73 67
73 68
73 70
73 78
73 82
73 83
73 85
73 89
73 93
73 99
73 107
73 109
73 110
73 111
73 113
73 120
73 122
73 124
73 126
74 1
74 2
74 7
74 9
74 11
74 12
74 15
74 19
74 20
74 24
74 26
74 31
74 35
74 40
74 42
74 43
74 46
74 48
74 49
74 60
74 64
74 65
74 66
74 75
74 83
74 88
74 102
74 104
74 109
74 111
74 112
74 116
74 117
74 121
74 125
74 127
75 0
75 1
75 6
75 7
75 19
75 24
75 25
75 26
75 27
75 34
75 39
75 42
75 43
75 46
75 47
75 49
75 62
75 66
75 67
75 68
75 75
75 76
75 80
75 81
75 83
75 84
75 86
75 89
75 94
75 101
75 104
75 115
75 117
75 120
75 121
75 123
75 125
75 126
75 127
76 1
76 9
76 15
76 24
76 26
76 30
76 32
76 33
76 44
76 50
76 51
76 54
76 57
76 59
76 64
76 67
76 76
76 81
76 82
76 89
76 96
76 97
76 100
76 102
76 107
76 108
76 121
76 124
76 125
76 127
77 2
77 5
77 12
77 15
77 16
77 21
77 22
77 31
77 38
77 40
77 42
77 43
77 44
77 45
77 48
77 50
77 55
77 59
77 64
77 76
77 77
77 79
77 82
77 95
77 96
77 99
77 100
77 105
77 106
78 3
78 4
78 6
78 8
78 11
78 19
78 24
78 26
78 28
78 29
78 33
78 34
78 36
78 45
78 47
78 52
78 54
78 58
78 66
78 67
78 69
78 70
78 72
78 78
78 90
78 92
78 96
78 103
78 105
78 109
78 110
78 111
78 112
78 113
78 115
78 116
78 117
78 122
79 0
79 6
79 8
79 9
79 10
79 13
79 19
79 20
79 21
79 22
79 26
79 34
79 35
79 37
79 43
79 45
79 48
79 49
79 50
79 54
79 59
79 62
79 71
79 73
79 87
79 90
79 97
79 101
79 105
79 111
79 113
79 116
79 121
79 123
79 125
79 126
80 2
80 3
80 7
80 9
80 18
80 19
80 20
80 21
80 22
80 24
80 27
80 28
80 34
80 35
80 38
80 39
80 43
80 47
80 48
80 50
80 54
80 56
80 58
80 59
80 60
80 61
80 67
80 70
80 71
80 72
80 75
80 76
80 78
80 82
80 83
80 89
80 90
80 94
80 96
80 105
80 111
80 112
80 117
80 125
81 3
81 14
81 19
81 21
81 39
81 41
81 42
81 43
81 44
81 47
81 50
81 54
81 58
81 61
81 63
81 68
81 79
81 82
81 89
81 92
81 93
81 95
81 96
81 101
81 103
81 107
81 108
81 115
81 116
81 117
81 120
81 122
82 0
82 3
82 5
82 10
82 12
82 14
82 22
82 24
82 32
82 35
82 38
82 40
82 41
82 48
82 61
82 63
82 65
82 67
82 71
82 73
82 74
82 75
82 80
82 84
82 86
82 99
82 102
82 103
82 109
82 110
82 116
82 117
82 119
82 120
82 123
82 124
83 0
83 2
83 3
83 6
83 7
83 12
83 18
83 20
83 21
83 25
83 27
83 31
83 33
83 34
83 37
83 38
83 42
83 43
83 44
83 45
83 55
83 56
83 57
83 59
83 64
83 68
83 69
83 71
83 72
83 78
83 81
83 83
83 87
83 90
83 91
83 93
83 97
83 99
83 101
83 102
83 125
84 2
84 3
84 8
84 12
84 18
84 19
84 22
84 27
84 29
84 31
84 42
84 43
84 46
84 47
84 48
84 49
84 54
84 59
84 62
84 71
84 74
84 75
84 77
84 89
84 93
84 95
84 98
84 99
84 100
84 102
84 114
84 116
84 117
84 126
85 1
85 2
85 6
85 7
85 10
85 12
85 14
85 18
85 19
85 23
85 30
85 32
85 35
85 40
85 41
85 43
85 44
85 45
85 47
85 49
85 59
85 62
85 75
85 77
85 78
85 81
85 82
85 85
85 86
85 89
85 94
85 97
85 99
85 104
85 105
85 106
85 107
85 108
85 113
85 114
85 118
85 120
85 124
85 127
86 0
86 7
86 20
86 21
86 23
86 24
86 29
86 31
86 38
86 43
86 45
86 50
86 54
86 56
86 57
86 58
86 65
86 66
86 67
86 69
86 71
86 72
86 73
86 77
86 80
86 87
86 88
86 97
86 98
86 99
86 100
86 107
86 109
86 111
86 115
86 118
86 122
87 3
87 9
87 10
87 14
87 22
87 23
87 25
87 34
87 35
87 36
87 37
87 42
87 45
87 47
87 48
87 49
87 50
87 53
87 56
87 58
87 62
87 63
87 65
87 71
87 72
87 73
87 74
87 78
87 80
87 81
87 87
87 91
87 94
87 100
87 102
87 105
87 109
87 110
87 120
87 122
87 124
87 126
87 127
88 0
88 3
88 5
88 8
88 11
88 12
88 13
88 15
88 18
88 23
88 25
88 27
88 28
88 33
88 35
88 38
88 41
88 51
88 55
88 64
88 65
88 66
88 68
88 69
88 75
88 78
88 85
88 94
88 99
88 102
88 107
88 109
88 115
88 118
88 119
88 120
88 121
88 122
88 126
89 1
89 12
89 16
89 21
89 26
89 27
89 31
89 32
89 33
89 35
89 38
89 40
89 42
89 45
89 50
89 53
89 58
89 59
89 61
89 66
89 67
89 71
89 72
89 73
89 75
89 76
89 77
89 80
89 86
89 94
89 96
89 98
89 100
89 102
89 104
89 105
89 113
89 115
89 116
89 120
89 123
89 127
90 5
90 13
90 14
90 22
90 23
90 30
90 32
90 48
90 51
90 52
90 54
90 56
90 60
90 68
90 70
90 71
90 72
90 74
90 79
90 83
90 87
90 89
90 91
90 92
90 108
90 110
90 111
90 115
90 125
91 2
91 4
91 6
91 7
91 8
91 11
91 12
91 13
91 14
91 21
91 22
91 24
91 28
91 30
91 31
91 33
91 37
91 39
91 44
91 47
91 51
91 53
91 54
91 56
91 57
91 58
91 59
91 60
91 62
91 65
91 68
91 72
91 75
91 77
91 80
91 83
91 84
91 87
91 92
91 96
91 97
91 98
91 99
91 100
91 107
91 108
91 109
91 112
91 113
91 114
91 116
91 117
91 118
91 124
91 127
92 1
92 2
92 8
92 9
92 10
92 11
92 12
92 14
92 15
92 18
92 19
92 21
92 24
92 25
92 27
92 33
92 35
92 43
92 46
92 47
92 51
92 52
92 55
92 60
92 63
92 64
92 65
92 67
92 68
92 70
92 71
92 77
92 78
92 79
92 80
92 87
92 88
92 90
92 92
92 97
92 100
92 102
92 107
92 111
92 112
92 118
92 121
92 122
92 125
92 126
93 0
93 12
93 14
93 15
93 28
93 33
93 35
93 38
93 39
93 40
93 44
93 47
93 51
93 54
93 56
93 64
93 66
93 70
93 76
93 78
93 79
93 88
93 94
93 100
93 105
93 116
93 117
93 118
93 120
93 122
93 123
93 124
93 127
94 0
94 1
94 2
94 3
94 4
94 22
94 24
94 25
94 30
94 37
94 43
94 44
94 46
94 47
94 49
94 56
94 59
94 63
94 66
94 72
94 74
94 75
94 79
94 80
94 82
94 88
94 90
94 92
94 94
94 107
94 109
94 111
94 117
94 120
94 127
95 3
95 4
95 6
95 7
95 9
95 15
95 19
95 20
95 28
95 40
95 43
95 49
95 50
95 52
95 54
95 61
95 65
95 66
95 69
95 73
95 74
95 75
95 76
95 77
95 80
95 81
95 86
95 92
95 94
95 99
95 103
95 104
95 105
95 110
95 116
95 118
95 121
95 125
96 2
96 4
96 6
96 10
96 13
96 14
96 21
96 28
96 30
96 33
96 40
96 41
96 42
96 47
96 48
96 50
96 51
96 54
96 55
96 58
96 60
96 66
96 68
96 71
96 73
96 77
96 78
96 79
96 80
96 81
96 90
96 91
96 93
96 97
96 98
96 99
96 105
96 107
96 108
96 109
96 113
96 114
96 120
96 121
96 123
97 0
97 4
97 6
97 7
97 10
97 13
97 14
97 17
97 24
97 29
97 39
97 40
97 41
97 43
97 45
97 49
97 58
97 61
97 63
97 64
97 65
97 69
97 70
97 75
97 76
97 77
97 85
97 94
97 100
97 106
97 111
97 115
97 118
97 123
97 124
97 125
97 126
97 127
98 3
98 10
98 11
98 16
98 18
98 23
98 27
98 29
98 30
98 34
98 38
98 40
98 49
98 58
98 62
98 63
98 64
98 70
98 71
98 80
98 81
98 86
98 97
98 98
98 104
98 106
98 123
98 124
98 126
99 1
99 5
99 6
99 8
99 10
99 12
99 16
99 17
99 18
99 20
99 22
99 25
99 27
99 28
99 30
99 33
99 36
99 40
99 42
99 44
99 45
99 49
99 52
99 57
99 61
99 62
99 63
99 64
99 67
99 69
99 70
99 73
99 82
99 85
99 92
99 93
99 96
99 98
99 102
99 105
99 107
99 108
99 112
99 115
99 121
99 122
100 0
100 1
100 2
100 8
100 9
100 11
100 12
100 14
100 18
100 22
100 24
100 28
100 30
100 37
100 39
100 40
100 41
100 42
100 44
100 51
100 52
100 53
100 55
100 59
100 63
100 65
100 66
100 71
100 72
100 73
100 74
100 75
100 78
100 79
100 80
100 84
100 85
100 87
100 89
100 92
100 95
100 103
100 105
100 109
100 110
100 114
100 120
100 127
101 0
101 5
101 10
101 17
101 19
101 24
101 25
101 26
101 30
101 33
101 35
101 36
101 37
101 43
101 46
101 52
101 54
101 55
101 58
101 65
101 66
101 69
101 70
101 72
101 78
101 81
101 84
101 97
101 101
101 103
101 105
101 110
101 111
101 116
101 117
101 122
101 127
102 1
102 5
102 7
102 10
102 15
102 16
102 21
102 24
102 27
102 36
102 37
102 39
102 41
102 42
102 43
102 46
102 49
102 52
102 53
102 55
102 57
102 58
102 60
102 61
102 62
102 77
102 79
102 85
102 86
102 90
102 99
102 111
102 117
102 118
102 122
102 126
102 127
103 0
103 2
103 3
103 4
103 6
103 7
103 15
103 16
103 22
103 30
103 33
103 34
103 35
103 39
103 41
103 43
103 47
103 53
103 56
103 62
103 63
103 68
103 71
103 74
103 78
103 79
103 80
103 85
103 90
103 92
103 93
103 94
103 96
103 97
103 106
103 107
103 108
103 110
103 116
103 120
103 125
104 3
104 11
104 13
104 16
104 17
104 20
104 22
104 23
104 27
104 28
104 31
104 36
104 38
104 39
104 42
104 44
104 49
104 50
104 52
104 57
104 61
104 62
104 68
104 72
104 73
104 82
104 83
104 84
104 86
104 89
104 95
104 96
104 99
104 100
104 101
104 104
104 105
104 110
104 111
104 116
104 117
104 120
104 123
104 124
104 127
105 0
105 3
105 7
105 8
105 9
105 11
105 16
105 25
105 26
105 28
105 31
105 36
105 37
105 39
105 40
105 41
105 43
105 47
105 48
105 50
105 51
105 58
105 64
105 68
105 71
105 73
105 77
105 86
105 87
105 97
105 99
105 100
105 102
105 106
105 107
105 112
105 115
105 118
105 119
105 126
105 127
106 1
106 4
106 10
106 12
106 18
106 19
106 20
106 30
106 33
106 34
106 39
106 45
106 46
106 47
106 48
106 51
106 54
106 55
106 60
106 61
106 63
106 65
106 73
106 76
106 77
106 85
106 89
106 90
106 92
106 95
106 96
106 97
106 101
106 102
106 104
106 106
106 110
106 114
106 116
106 121
106 122
106 123
106 126
106 127
107 0
107 7
107 16
107 25
107 34
107 36
107 40
107 41
107 43
107 44
107 45
107 50
107 54
107 59
107 60
107 61
107 62
107 64
107 71
107 72
107 73
107 81
107 82
107 84
107 85
107 88
107 89
107 93
107 97
107 98
107 105
107 107
107 111
107 114
107 123
108 0
108 1
108 14
108 15
108 16
108 20
108 24
108 26
108 34
108 43
108 44
108 47
108 48
108 50
108 53
108 55
108 57
108 58
108 62
108 65
108 69
108 70
108 73
108 75
108 81
108 82
108 85
108 90
108 91
108 92
108 93
108 94
108 95
108 96
108 98
108 106
108 112
108 117
108 124
108 127
109 4
109 5
109 12
109 16
109 20
109 23
109 27
109 32
109 34
109 37
109 38
109 40
109 60
109 62
109 63
109 69
109 73
109 75
109 76
109 77
109 81
109 88
109 92
109 93
109 96
109 98
109 102
109 109
109 112
109 114
109 115
109 116
109 118
109 119
109 120
109 121
110 1
110 6
110 14
110 18
110 23
110 26
110 27
110 29
110 33
110 35
110 38
110 44
110 45
110 61
110 71
110 74
110 76
110 78
110 79
110 81
110 90
110 91
110 92
110 101
110 103
110 106
110 107
110 109
110 110
110 111
110 112
110 116
110 118
110 125
111 4
111 6
111 7
111 10
111 12
111 15
111 16
111 19
111 20
111 22
111 24
111 27
111 39
111 44
111 45
111 55
111 56
111 60
111 61
111 66
111 70
111 72
111 73
111 84
111 86
111 87
111 94
111 106
111 109
111 111
111 113
111 114
111 117
111 118
111 119
111 120
111 123
111 125
112 2
112 7
112 9
112 10
112 11
112 12
112 17
112 22
112 25
112 31
112 44
112 45
112 46
112 48
112 51
112 52
112 53
112 55
112 56
112 57
112 58
112 66
112 67
112 69
112 71
112 75
112 78
112 79
112 80
112 83
112 86
112 91
112 101
112 103
112 104
112 105
112 109
112 113
112 115
112 117
112 118
112 126
113 4
113 6
113 12
113 15
113 19
113 20
113 26
113 36
113 39
113 48
113 55
113 63
113 64
113 65
113 66
113 69
113 73
113 77
113 78
113 79
113 82
113 84
113 88
113 90
113 91
113 98
113 101
113 102
113 115
113 116
114 2
114 4
114 7
114 9
114 10
114 11
114 14
114 20
114 26
114 28
114 32
114 34
114 37
114 38
114 44
114 45
114 50
114 51
114 57
114 60
114 62
114 70
114 71
114 72
114 76
114 78
114 79
114 86
114 96
114 98
114 102
114 103
114 105
114 106
114 108
114 111
114 112
114 116
114 121
114 123
114 125
115 1
115 5
115 14
115 16
115 21
115 33
115 36
115 45
115 48
115 49
115 60
115 61
115 68
115 70
115 74
115 75
115 76
115 81
115 83
115 86
115 88
115 90
115 92
115 95
115 101
115 108
115 110
115 113
115 114
115 115
115 118
116 4
116 5
116 7
116 9
116 10
116 12
116 14
116 19
116 20
116 26
116 28
116 33
116 37
116 39
116 46
116 49
116 57
116 58
116 62
116 64
116 86
116 87
116 92
116 99
116 101
116 102
116 109
116 110
116 114
116 115
116 118
116 120
116 122
117 1
117 11
117 13
117 20
117 22
117 29
117 36
117 39
117 42
117 47
117 49
117 51
117 52
117 53
117 55
117 70
117 72
117 73
117 75
117 76
117 77
117 81
117 82
117 84
117 86
117 88
117 89
117 92
117 94
117 97
117 99
117 102
117 107
117 117
117 121
117 122
117 123
117 126
117 127
118 4
118 14
118 20
118 21
118 22
118 24
118 25
118 26
118 30
118 32
118 37
118 39
118 43
118 45
118 57
118 58
118 60
118 65
118 66
118 67
118 68
118 71
118 73
118 88
118 89
118 93
118 96
118 97
118 100
118 106
118 117
118 120
118 124
118 126
119 1
119 2
119 3
119 4
119 8
119 9
119 14
119 17
119 18
119 20
119 30
119 32
119 33
119 35
119 36
119 38
119 41
119 42
119 49
119 56
119 62
119 63
119 71
119 73
119 77
119 78
119 79
119 83
119 84
119 97
119 100
119 103
119 104
119 108
119 110
119 113
119 114
119 118
119 122
119 125
119 126
120 5
120 6
120 7
120 13
120 17
120 20
120 22
120 26
120 27
120 29
120 30
120 32
120 36
120 50
120 58
120 59
120 62
120 63
120 68
120 76
120 84
120 85
120 91
120 96
120 99
120 107
120 108
120 109
120 110
120 112
120 113
120 114
120 122
120 125
121 4
121 6
121 7
121 9
121 11
121 13
121 16
121 23
121 25
121 27
121 34
121 36
121 40
121 42
121 47
121 48
121 50
121 51
121 53
121 59
121 64
121 68
121 71
121 74
121 80
121 81
121 84
121 85
121 87
121 93
121 108
121 113
121 116
121 120
121 126
121 127
122 1
122 3
122 5
122 10
122 17
122 18
122 19
122 24
122 27
122 38
122 39
122 42
122 45
122 48
122 58
122 61
122 64
122 70
122 78
122 80
122 82
122 83
122 90
122 91
122 93
122 95
122 96
122 105
122 111
122 112
122 114
122 116
122 121
122 122
122 124
122 127
123 1
123 7
123 28
123 35
123 36
123 37
123 49
123 51
123 58
123 61
123 68
123 73
123 78
123 80
123 91
123 94
123 96
123 98
123 99
123 104
123 108
123 109
123 112
123 114
123 117
123 118
123 120
123 121
123 127
124 1
124 5
124 8
124 9
124 10
124 13
124 15
124 17
124 18
124 21
124 23
124 25
124 27
124 28
124 29
124 31
124 34
124 42
124 47
124 48
124 49
124 51
124 52
124 54
124 58
124 59
124 60
124 62
124 63
124 67
124 73
124 77
124 81
124 82
124 84
124 86
124 88
124 90
124 91
124 95
124 97
124 98
124 100
124 103
124 108
124 109
124 113
124 114
124 115
124 116
124 118
124 119
124 126
124 127
125 4
125 6
125 7
125 8
125 10
125 11
125 13
125 16
125 18
125 20
125 23
125 28
125 31
125 33
125 36
125 40
125 43
125 60
125 61
125 65
125 70
125 71
125 73
125 79
125 80
125 81
125 82
125 87
125 91
125 93
125 104
125 108
125 109
125 110
125 112
125 114
125 121
125 124
125 125
126 4
126 6
126 22
126 23
126 24
126 29
126 30
126 32
126 34
126 36
126 38
126 42
126 44
126 45
126 49
126 58
126 63
126 64
126 70
126 71
126 72
126 80
126 86
126 92
126 97
126 100
126 107
126 123
126 126
126 127
127 2
127 4
127 8
127 13
127 16
127 17
127 18
127 24
127 26
127 27
127 28
127 40
127 41
127 45
127 47
127 56
127 57
127 58
127 59
127 64
127 69
127 70
127 72
127 78
127 80
127 81
127 86
127 87
127 88
127 98
127 102
127 107
127 108
127 109
127 115
127 120
127 125
127 127
