0 1
0 12
0 19
0 22
0 24
0 53
0 55
0 63
0 64
0 76
0 94
0 115
1 30
1 44
1 46
1 47
1 60
1 62
1 64
1 73
1 77
1 88
1 92
1 123
1 124
2 6
2 10
2 18
2 45
2 58
2 69
2 76
2 95
2 109
2 127
3 11
3 23
3 38
3 39
3 56
3 58
3 60
3 97
3 106
3 113
4 9
4 15
4 39
4 55
4 59
4 72
4 83
4 94
4 97
4 100
4 110
4 125
5 1
5 8
5 44
5 71
5 88
5 91
5 100
5 109
5 113
5 116
5 119
6 2
6 7
6 8
6 13
6 20
6 21
6 35
6 37
6 40
6 42
6 44
6 59
6 73
6 96
6 100
6 105
6 117
7 9
7 40
7 55
7 61
7 62
7 68
7 113
8 13
8 48
8 54
8 90
8 95
8 120
9 4
9 6
9 13
9 29
9 34
9 38
9 73
9 87
9 100
9 102
9 117
9 118
9 125
9 127
10 17
10 25
10 35
10 43
10 45
10 52
10 53
10 61
10 67
10 89
10 116
10 122
10 126
11 6
11 22
11 23
11 27
11 50
11 52
11 55
11 61
11 75
11 117
12 3
12 4
12 23
12 66
12 94
12 118
12 127
13 14
13 20
13 24
13 32
13 33
13 46
13 80
13 86
13 88
13 99
13 104
13 125
13 126
14 3
14 11
14 19
14 31
14 32
14 36
14 42
14 68
14 74
14 76
14 105
14 115
14 117
15 2
15 41
15 53
15 59
15 62
15 70
15 95
15 120
15 123
16 0
16 44
16 50
16 93
16 102
16 126
17 9
17 12
17 19
17 38
17 53
17 56
17 65
17 76
17 118
17 127
18 1
18 2
18 5
18 16
18 26
18 42
18 49
18 87
18 89
18 92
18 93
18 101
18 118
18 126
19 13
19 28
19 42
19 44
19 48
19 57
19 71
19 77
19 78
19 89
19 90
19 93
19 103
19 112
19 124
20 0
20 14
20 24
20 30
20 39
20 63
20 66
20 67
20 70
20 76
20 82
20 89
20 99
20 106
20 114
20 116
20 118
20 121
21 11
21 22
21 28
21 36
21 41
21 67
21 85
21 88
21 89
21 93
21 109
21 113
22 10
22 26
22 35
22 41
22 47
22 50
22 86
23 2
23 4
23 5
23 57
23 74
23 81
23 123
24 2
24 22
24 27
24 34
24 37
24 46
24 50
24 54
24 61
24 66
24 69
24 75
24 76
24 121
25 12
25 16
25 20
25 23
25 29
25 37
25 39
25 58
25 74
25 78
25 87
25 121
26 13
26 16
26 17
26 20
26 22
26 35
26 44
26 55
26 56
26 61
26 62
26 64
26 65
26 87
26 91
26 94
26 107
26 110
26 126
27 15
27 16
27 58
27 73
27 89
27 95
27 104
27 111
27 117
28 5
28 34
28 41
28 62
28 66
28 68
28 70
28 82
28 87
28 121
29 0
29 1
29 3
29 18
29 23
29 26
29 30
29 74
29 93
29 104
29 125
29 127
30 10
30 27
30 30
30 46
30 56
30 61
30 85
30 116
31 10
31 36
31 71
31 75
31 77
31 98
32 0
32 3
32 14
32 27
32 33
32 41
32 47
32 50
32 62
32 63
32 75
32 90
32 106
33 1
33 8
33 33
33 45
33 61
33 62
33 64
33 87
33 99
33 100
33 116
33 118
33 120
33 121
34 18
34 41
34 64
34 65
34 109
34 126
35 8
35 25
35 37
35 50
35 68
35 70
35 98
35 114
35 115
35 120
36 21
36 33
36 66
36 75
36 77
36 88
36 104
36 108
37 36
37 42
37 50
37 55
37 64
37 73
37 80
37 97
37 107
37 109
37 111
38 17
38 48
38 49
38 57
38 66
38 105
38 108
38 119
39 4
39 6
39 44
39 52
39 60
39 65
39 76
39 83
39 86
39 94
39 104
39 114
39 121
40 26
40 28
40 59
40 73
40 101
40 108
41 2
41 14
41 15
41 20
41 53
41 67
41 76
41 86
41 89
41 103
41 110
41 116
41 117
42 4
42 5
42 12
42 15
42 19
42 25
42 27
42 37
42 42
42 52
42 57
42 63
42 66
42 71
42 81
42 84
42 92
42 94
42 95
42 98
42 103
42 107
43 2
43 22
43 51
43 69
43 86
43 102
43 115
43 116
43 125
44 16
44 21
44 22
44 28
44 29
44 57
44 62
44 63
44 70
44 79
44 86
44 92
44 97
44 121
45 9
45 27
45 31
45 35
45 46
45 61
45 69
45 83
45 98
45 113
46 14
46 47
46 48
46 70
46 73
46 78
47 9
47 37
47 55
47 61
47 70
47 72
47 77
47 86
47 96
47 105
47 121
47 123
48 10
48 66
48 69
48 73
48 78
48 80
48 95
48 101
48 116
48 118
48 124
49 2
49 3
49 9
49 10
49 16
49 19
49 29
49 30
49 33
49 35
49 57
49 63
49 73
49 92
49 104
49 105
49 110
49 123
50 1
50 12
50 22
50 52
50 61
50 64
50 68
50 88
50 97
50 99
50 101
51 8
51 14
51 20
51 24
51 29
51 33
51 60
51 72
51 79
51 85
52 0
52 8
52 23
52 33
52 34
52 73
52 81
52 109
52 115
52 116
52 122
53 0
53 62
53 66
53 72
53 75
53 78
53 80
53 83
53 98
53 99
53 105
53 109
53 112
54 3
54 9
54 18
54 24
54 34
54 41
54 59
54 62
54 66
54 84
54 93
54 98
54 112
54 118
54 127
55 14
55 15
55 18
55 21
55 27
55 34
55 40
55 41
55 52
55 54
55 61
55 67
55 93
55 102
56 16
56 20
56 60
56 64
56 67
56 70
56 85
56 94
56 106
57 5
57 20
57 26
57 38
57 96
58 6
58 15
58 21
58 25
58 28
58 30
58 31
58 50
58 68
58 71
58 86
58 112
58 119
58 125
59 1
59 4
59 17
59 19
59 28
59 29
59 34
59 35
59 70
59 87
59 119
60 2
60 27
60 80
60 85
60 87
60 95
60 101
60 103
60 105
60 113
60 123
60 127
61 14
61 22
61 27
61 34
61 65
61 72
61 97
61 103
61 124
62 10
62 18
62 30
62 41
62 47
62 53
62 54
62 55
62 69
62 71
62 87
62 100
62 101
62 110
62 115
62 127
63 2
63 36
63 42
63 44
63 55
63 70
63 76
63 85
63 89
63 102
63 115
64 11
64 22
64 23
64 25
64 30
64 31
64 45
64 50
64 117
64 123
64 125
65 0
65 11
65 18
65 25
65 32
65 38
65 46
65 56
65 63
65 80
65 85
65 100
65 121
65 127
66 7
66 12
66 17
66 18
66 28
66 34
66 42
66 51
66 53
66 66
66 71
66 74
66 89
66 109
66 116
67 5
67 21
67 77
67 84
67 90
67 91
67 98
67 100
67 122
68 7
68 20
68 57
68 65
68 75
68 83
68 91
68 97
68 99
68 109
69 10
69 15
69 37
69 53
69 73
69 75
69 81
69 91
69 95
69 122
70 20
70 27
70 33
70 64
70 70
70 90
70 91
70 97
70 99
70 100
70 107
71 10
71 25
71 30
71 39
71 48
71 79
71 89
71 102
71 111
71 121
71 124
72 12
72 15
72 34
72 35
72 38
72 41
72 42
72 64
72 68
72 76
72 79
72 84
72 87
72 90
72 94
72 97
72 100
72 103
72 113
72 114
73 2
73 4
73 14
73 33
73 39
73 40
73 47
73 48
73 75
73 81
73 95
73 96
73 111
73 116
73 121
73 126
74 4
74 6
74 7
74 19
74 53
74 59
74 66
74 74
74 76
74 106
74 126
75 11
75 21
75 22
75 36
75 43
75 54
75 62
75 79
75 93
75 96
76 3
76 19
76 28
76 55
76 58
76 75
76 98
76 106
76 109
77 10
77 36
77 45
77 46
77 53
77 59
77 66
77 78
77 90
77 92
77 102
77 117
78 12
78 21
78 61
78 63
78 69
78 71
78 72
78 77
78 87
78 91
78 95
78 97
78 106
78 115
78 123
79 0
79 4
79 8
79 19
79 26
79 37
79 38
79 40
79 47
79 65
79 78
79 84
79 88
79 89
79 101
79 108
79 109
79 117
79 118
79 123
80 11
80 23
80 57
80 64
80 66
80 106
80 121
80 122
80 123
81 20
81 39
81 40
81 48
81 76
81 95
81 97
81 107
81 126
82 24
82 54
82 64
82 92
82 98
83 7
83 32
83 58
83 62
83 65
83 66
83 91
83 94
83 117
84 7
84 16
84 28
84 51
84 58
84 70
84 75
84 83
84 89
84 92
84 125
85 7
85 45
85 48
85 71
85 76
85 77
85 94
85 97
85 120
86 1
86 17
86 22
86 23
86 35
86 55
86 61
86 73
86 90
86 98
86 102
86 105
86 110
86 122
86 124
87 4
87 7
87 10
87 21
87 24
87 33
87 44
87 48
87 51
87 54
87 71
87 85
87 97
87 98
87 102
87 112
87 118
87 124
88 2
88 6
88 25
88 47
88 48
88 56
88 60
88 77
88 80
88 95
88 99
88 102
89 4
89 17
89 21
89 27
89 86
89 100
89 114
89 123
89 127
90 14
90 15
90 42
90 47
90 56
90 63
90 64
90 90
90 91
90 113
91 7
91 20
91 26
91 42
91 43
91 59
91 71
91 84
91 109
91 115
91 118
91 119
92 17
92 23
92 28
92 31
92 35
92 57
92 60
92 66
92 74
92 79
92 87
92 101
92 109
93 16
93 27
93 32
93 34
93 54
93 65
93 66
93 84
93 94
93 99
93 113
93 114
93 121
93 125
94 1
94 2
94 6
94 38
94 54
94 62
94 67
94 75
94 77
94 93
94 97
94 99
94 118
95 19
95 20
95 25
95 26
95 60
95 61
95 77
95 90
95 93
95 102
96 7
96 8
96 15
96 43
96 50
96 53
96 54
96 60
96 64
96 71
96 74
96 95
97 23
97 25
97 26
97 33
97 34
97 49
97 54
97 56
97 62
97 67
97 84
97 113
97 120
98 3
98 7
98 9
98 16
98 32
98 40
98 45
98 47
98 52
98 59
98 72
98 92
98 119
98 121
99 3
99 21
99 35
99 48
99 56
99 76
99 85
99 90
99 93
99 94
99 96
99 102
99 106
99 107
99 113
99 116
99 121
99 124
99 126
100 19
100 27
100 41
100 44
100 48
100 49
100 73
100 80
100 84
100 91
100 105
100 113
100 116
101 1
101 2
101 3
101 5
101 6
101 22
101 29
101 30
101 42
101 50
101 56
101 59
101 77
101 96
101 104
101 108
101 109
101 127
102 8
102 10
102 19
102 27
102 29
102 38
102 41
102 50
102 58
102 63
102 71
102 85
102 91
102 100
103 1
103 16
103 21
103 29
103 42
103 43
103 49
103 53
103 55
103 68
103 72
103 74
103 86
103 106
103 113
104 21
104 28
104 35
104 62
104 67
104 79
104 90
104 93
104 103
104 116
104 121
104 124
105 11
105 14
105 15
105 18
105 49
105 59
105 61
105 72
105 79
105 97
105 99
105 112
105 113
105 116
106 10
106 25
106 44
106 51
106 62
106 70
106 81
106 97
106 113
107 5
107 6
107 16
107 62
107 70
107 88
107 97
107 101
108 11
108 16
108 44
108 50
108 82
108 85
108 93
108 100
108 112
108 120
108 125
109 9
109 34
109 38
109 40
109 41
109 46
109 92
109 94
109 99
109 101
109 106
109 109
109 122
109 123
109 125
110 3
110 24
110 30
110 31
110 35
110 36
110 42
110 46
110 66
110 75
110 80
110 92
110 95
110 100
110 115
110 117
111 8
111 12
111 13
111 26
111 28
111 38
111 61
111 63
111 81
111 96
111 109
112 14
112 15
112 20
112 31
112 33
112 47
112 54
112 74
112 94
112 97
112 98
112 108
112 111
112 112
112 114
112 118
113 19
113 20
113 22
113 42
113 48
113 54
113 63
113 64
113 66
113 74
113 99
113 116
114 18
114 23
114 24
114 38
114 44
114 52
114 65
114 76
114 81
114 92
114 97
114 101
114 116
114 125
115 34
115 37
115 42
115 43
115 48
115 51
115 53
115 61
115 75
115 78
115 87
115 114
115 118
115 122
116 10
116 47
116 49
116 51
116 53
116 83
116 88
116 89
116 117
116 118
116 120
117 4
117 16
117 35
117 38
117 54
117 72
117 75
117 77
117 79
117 83
117 84
117 92
117 127
118 2
118 5
118 19
118 28
118 36
118 55
118 62
118 71
118 73
118 98
119 4
119 26
119 113
119 127
120 40
120 42
120 47
120 59
120 78
120 82
120 85
120 91
120 101
120 116
121 7
121 54
121 58
121 75
121 92
121 93
121 99
122 2
122 51
122 56
122 57
122 59
122 69
122 73
122 78
122 85
122 90
122 91
122 92
123 4
123 13
123 33
123 39
123 50
123 61
123 66
123 72
123 77
123 80
123 98
123 113
123 120
123 121
123 124
124 8
124 12
124 24
124 36
124 93
124 99
125 2
125 26
125 39
125 47
125 85
125 90
125 120
126 0
126 4
126 9
126 19
126 24
126 25
126 29
126 41
126 43
126 45
126 56
126 58
126 78
126 79
126 82
126 85
126 86
126 97
126 107
126 109
126 116
126 120
126 127
127 16
127 25
127 53
127 70
127 83
127 91
127 100
127 103
127 113
