0 5
0 6
0 10
0 11
0 15
0 21
0 23
0 24
0 25
0 33
0 35
0 36
0 40
0 44
0 45
0 46
0 51
0 52
0 56
0 57
0 60
0 63
0 68
0 69
0 78
0 92
0 94
0 95
0 97
0 98
0 99
0 102
0 103
0 108
0 115
0 118
0 123
1 1
1 6
1 7
1 10
1 11
1 13
1 17
1 20
1 22
1 25
1 28
1 30
1 32
1 34
1 35
1 37
1 43
1 49
1 55
1 56
1 66
1 69
1 75
1 78
1 82
1 84
1 85
1 87
1 90
1 94
1 98
1 99
1 100
1 108
1 117
1 119
1 120
1 122
1 124
1 125
1 126
2 0
2 1
2 4
2 6
2 12
2 14
2 21
2 23
2 25
2 36
2 38
2 41
2 44
2 48
2 57
2 58
2 61
2 64
2 66
2 68
2 69
2 70
2 75
2 76
2 77
2 80
2 82
2 83
2 85
2 88
2 96
2 97
2 100
2 104
2 106
2 108
2 112
2 113
2 114
2 118
2 124
2 125
3 6
3 10
3 11
3 12
3 14
3 16
3 17
3 18
3 27
3 30
3 41
3 42
3 44
3 45
3 46
3 50
3 56
3 57
3 61
3 63
3 70
3 81
3 83
3 84
3 88
3 90
3 98
3 102
3 105
3 114
3 118
3 119
3 125
3 126
4 3
4 6
4 8
4 12
4 13
4 14
4 16
4 28
4 30
4 34
4 35
4 39
4 40
4 43
4 44
4 47
4 55
4 65
4 67
4 70
4 71
4 72
4 79
4 81
4 87
4 92
4 93
4 97
4 98
4 100
4 104
4 108
4 110
4 111
4 118
4 121
4 125
5 0
5 1
5 4
5 6
5 10
5 11
5 14
5 18
5 19
5 21
5 23
5 26
5 27
5 28
5 37
5 39
5 41
5 43
5 46
5 47
5 49
5 51
5 59
5 60
5 61
5 62
5 63
5 64
5 67
5 68
5 72
5 75
5 76
5 78
5 79
5 84
5 87
5 90
5 94
5 95
5 96
5 97
5 98
5 103
5 111
5 113
5 115
5 117
5 121
5 123
5 124
6 1
6 3
6 4
6 5
6 11
6 16
6 19
6 23
6 24
6 27
6 28
6 30
6 31
6 33
6 34
6 43
6 44
6 47
6 48
6 52
6 53
6 61
6 64
6 72
6 76
6 79
6 81
6 83
6 86
6 88
6 89
6 92
6 97
6 101
6 103
6 107
6 109
6 111
6 113
6 115
6 116
6 117
6 120
6 121
6 123
6 125
6 126
7 0
7 3
7 5
7 9
7 14
7 16
7 19
7 23
7 26
7 36
7 37
7 42
7 43
7 44
7 48
7 49
7 51
7 55
7 59
7 60
7 63
7 69
7 76
7 77
7 81
7 82
7 83
7 86
7 88
7 89
7 91
7 102
7 106
7 108
7 117
7 118
7 123
8 1
8 13
8 14
8 15
8 17
8 23
8 24
8 27
8 28
8 32
8 36
8 38
8 39
8 41
8 51
8 53
8 58
8 59
8 60
8 66
8 72
8 73
8 75
8 77
8 87
8 93
8 94
8 95
8 99
8 102
8 104
8 108
8 113
8 114
8 120
8 123
8 126
8 127
9 1
9 8
9 13
9 16
9 26
9 28
9 34
9 36
9 41
9 42
9 44
9 46
9 49
9 54
9 55
9 59
9 60
9 65
9 69
9 70
9 79
9 84
9 87
9 88
9 92
9 93
9 99
9 100
9 101
9 104
9 107
9 109
9 110
9 113
9 118
9 119
9 125
10 1
10 2
10 5
10 6
10 9
10 14
10 15
10 18
10 27
10 36
10 37
10 42
10 43
10 55
10 57
10 58
10 66
10 70
10 83
10 89
10 91
10 92
10 100
10 104
10 107
10 108
10 113
10 122
10 126
10 127
11 0
11 1
11 3
11 5
11 6
11 9
11 12
11 16
11 19
11 27
11 30
11 33
11 38
11 39
11 40
11 41
11 46
11 50
11 51
11 52
11 55
11 57
11 59
11 63
11 65
11 71
11 72
11 77
11 80
11 86
11 88
11 93
11 94
11 100
11 101
11 107
11 108
11 110
11 113
11 114
11 116
11 118
11 121
11 123
11 124
11 126
12 2
12 6
12 10
12 12
12 17
12 19
12 20
12 23
12 27
12 28
12 35
12 37
12 42
12 48
12 50
12 53
12 55
12 59
12 61
12 62
12 66
12 67
12 70
12 71
12 73
12 74
12 77
12 79
12 82
12 83
12 84
12 93
12 95
12 96
12 98
12 103
12 105
12 109
12 110
12 115
12 116
12 121
12 125
12 127
13 8
13 9
13 13
13 15
13 16
13 17
13 20
13 21
13 23
13 25
13 26
13 27
13 36
13 37
13 40
13 50
13 57
13 63
13 64
13 66
13 68
13 73
13 75
13 76
13 82
13 83
13 84
13 89
13 90
13 93
13 94
13 98
13 99
13 100
13 102
13 107
13 121
13 124
13 125
14 2
14 5
14 8
14 9
14 11
14 17
14 24
14 29
14 33
14 36
14 38
14 40
14 42
14 45
14 46
14 48
14 51
14 52
14 53
14 54
14 59
14 61
14 64
14 72
14 73
14 76
14 80
14 82
14 85
14 87
14 89
14 94
14 95
14 97
14 99
14 102
14 108
14 118
14 121
15 0
15 2
15 3
15 11
15 12
15 14
15 16
15 20
15 29
15 38
15 45
15 50
15 51
15 53
15 54
15 57
15 61
15 67
15 73
15 75
15 76
15 77
15 78
15 79
15 85
15 86
15 89
15 90
15 96
15 97
15 98
15 100
15 105
15 107
15 108
15 110
15 111
15 113
15 116
15 123
16 0
16 2
16 8
16 16
16 17
16 22
16 23
16 25
16 28
16 29
16 32
16 40
16 45
16 48
16 59
16 60
16 61
16 63
16 66
16 70
16 72
16 76
16 79
16 94
16 97
16 100
16 114
16 115
16 119
16 124
17 1
17 5
17 8
17 9
17 10
17 12
17 13
17 16
17 18
17 29
17 31
17 34
17 36
17 39
17 43
17 47
17 51
17 57
17 62
17 65
17 66
17 70
17 72
17 77
17 84
17 95
17 96
17 99
17 100
17 106
17 107
17 109
17 110
17 117
17 124
18 1
18 4
18 11
18 13
18 25
18 26
18 28
18 29
18 32
18 34
18 39
18 40
18 41
18 42
18 43
18 45
18 46
18 48
18 59
18 60
18 62
18 63
18 65
18 66
18 67
18 69
18 70
18 72
18 75
18 76
18 77
18 78
18 86
18 87
18 95
18 96
18 97
18 102
18 117
18 121
18 122
18 124
18 127
19 1
19 6
19 23
19 24
19 26
19 30
19 31
19 35
19 37
19 41
19 43
19 46
19 47
19 48
19 49
19 52
19 54
19 56
19 62
19 67
19 69
19 70
19 71
19 73
19 76
19 81
19 100
19 101
19 102
19 105
19 106
19 107
19 110
19 114
19 116
19 127
20 1
20 7
20 9
20 10
20 11
20 13
20 15
20 16
20 21
20 22
20 23
20 29
20 30
20 36
20 44
20 47
20 48
20 50
20 51
20 52
20 53
20 54
20 59
20 61
20 67
20 68
20 69
20 70
20 73
20 74
20 77
20 83
20 89
20 92
20 101
20 105
20 109
20 112
20 114
20 121
20 124
21 2
21 6
21 8
21 10
21 13
21 17
21 19
21 22
21 23
21 24
21 28
21 29
21 37
21 40
21 42
21 44
21 45
21 47
21 48
21 50
21 52
21 54
21 57
21 59
21 64
21 65
21 71
21 77
21 79
21 82
21 85
21 87
21 89
21 91
21 92
21 93
21 96
21 103
21 104
21 107
21 109
21 110
21 114
21 115
21 117
21 119
22 5
22 7
22 8
22 13
22 17
22 19
22 22
22 24
22 26
22 33
22 34
22 36
22 41
22 43
22 46
22 49
22 51
22 54
22 61
22 66
22 73
22 79
22 80
22 83
22 87
22 89
22 90
22 94
22 95
22 98
22 99
22 101
22 107
22 115
22 118
22 121
22 126
23 8
23 11
23 12
23 18
23 19
23 21
23 32
23 40
23 42
23 43
23 44
23 46
23 48
23 51
23 55
23 57
23 62
23 65
23 73
23 75
23 78
23 80
23 87
23 88
23 91
23 95
23 99
23 105
23 106
23 108
23 109
23 112
23 114
23 116
23 118
23 120
23 124
24 4
24 5
24 8
24 9
24 10
24 11
24 12
24 17
24 19
24 20
24 24
24 26
24 30
24 31
24 33
24 34
24 36
24 48
24 50
24 53
24 54
24 57
24 60
24 61
24 79
24 82
24 85
24 86
24 89
24 92
24 96
24 101
24 102
24 104
24 105
24 114
24 118
24 121
24 122
25 4
25 12
25 14
25 15
25 19
25 20
25 24
25 32
25 34
25 35
25 42
25 50
25 51
25 53
25 57
25 58
25 59
25 60
25 62
25 65
25 68
25 71
25 73
25 75
25 77
25 78
25 79
25 81
25 83
25 87
25 88
25 95
25 96
25 97
25 103
25 105
25 108
25 109
25 110
25 112
25 115
25 123
25 127
26 2
26 7
26 9
26 10
26 13
26 17
26 21
26 26
26 29
26 31
26 34
26 36
26 37
26 39
26 40
26 43
26 46
26 50
26 51
26 57
26 58
26 59
26 63
26 67
26 71
26 73
26 77
26 91
26 94
26 98
26 99
26 101
26 102
26 106
26 111
26 113
26 118
26 127
27 1
27 4
27 6
27 16
27 21
27 22
27 24
27 26
27 34
27 44
27 47
27 50
27 51
27 53
27 56
27 58
27 62
27 74
27 75
27 76
27 79
27 80
27 83
27 87
27 89
27 90
27 92
27 94
27 96
27 98
27 101
27 105
27 106
27 107
27 111
27 112
27 114
27 117
27 118
27 124
27 127
28 1
28 2
28 3
28 9
28 14
28 16
28 19
28 21
28 23
28 24
28 29
28 30
28 39
28 52
28 54
28 55
28 59
28 61
28 62
28 68
28 69
28 75
28 82
28 87
28 91
28 94
28 97
28 99
28 100
28 102
28 105
28 106
28 113
28 115
28 117
28 118
28 124
29 6
29 8
29 9
29 10
29 21
29 23
29 26
29 27
29 32
29 33
29 34
29 36
29 39
29 41
29 42
29 43
29 45
29 54
29 56
29 64
29 66
29 67
29 69
29 82
29 85
29 94
29 95
29 99
29 100
29 104
29 106
29 107
29 108
29 110
29 112
29 118
29 121
29 122
29 123
30 0
30 2
30 4
30 10
30 38
30 61
30 63
30 67
30 68
30 69
30 75
30 78
30 79
30 81
30 83
30 86
30 88
30 94
30 99
30 110
30 121
30 126
31 0
31 4
31 9
31 11
31 13
31 15
31 17
31 19
31 20
31 22
31 25
31 26
31 28
31 34
31 35
31 37
31 41
31 42
31 43
31 44
31 48
31 50
31 59
31 60
31 63
31 69
31 73
31 77
31 81
31 87
31 93
31 94
31 95
31 97
31 108
31 109
31 112
31 115
31 119
31 121
31 122
32 1
32 2
32 8
32 16
32 25
32 26
32 27
32 29
32 33
32 35
32 37
32 42
32 52
32 53
32 56
32 63
32 64
32 67
32 69
32 76
32 82
32 83
32 85
32 86
32 96
32 98
32 101
32 102
32 103
32 113
32 114
32 118
32 119
33 0
33 2
33 3
33 6
33 7
33 9
33 11
33 16
33 21
33 22
33 29
33 30
33 33
33 34
33 37
33 41
33 42
33 43
33 57
33 62
33 64
33 67
33 69
33 72
33 74
33 75
33 77
33 78
33 82
33 83
33 84
33 86
33 92
33 100
33 101
33 104
33 105
33 106
33 113
33 115
33 117
33 121
34 0
34 3
34 7
34 8
34 10
34 13
34 14
34 19
34 20
34 21
34 34
34 35
34 36
34 42
34 47
34 48
34 49
34 50
34 52
34 53
34 54
34 55
34 58
34 64
34 65
34 70
34 71
34 72
34 74
34 75
34 76
34 78
34 79
34 81
34 82
34 84
34 87
34 88
34 90
34 91
34 97
34 99
34 104
34 105
34 107
34 110
34 113
34 121
34 123
34 127
35 0
35 3
35 9
35 11
35 14
35 17
35 20
35 30
35 32
35 33
35 35
35 36
35 45
35 51
35 57
35 63
35 65
35 66
35 70
35 71
35 75
35 78
35 79
35 84
35 85
35 86
35 87
35 93
35 94
35 100
35 105
35 108
35 109
35 111
35 116
35 120
35 121
35 122
35 125
36 0
36 4
36 18
36 20
36 22
36 26
36 27
36 28
36 36
36 38
36 52
36 55
36 56
36 57
36 58
36 62
36 63
36 68
36 70
36 73
36 77
36 78
36 82
36 83
36 84
36 85
36 86
36 94
36 95
36 96
36 101
36 115
36 120
36 123
37 0
37 1
37 6
37 11
37 16
37 22
37 23
37 32
37 37
37 38
37 39
37 40
37 41
37 42
37 44
37 45
37 46
37 47
37 48
37 49
37 53
37 59
37 63
37 68
37 72
37 76
37 80
37 84
37 86
37 92
37 95
37 96
37 98
37 106
37 114
37 115
37 117
37 119
37 123
38 0
38 2
38 3
38 6
38 9
38 12
38 17
38 20
38 21
38 22
38 25
38 26
38 27
38 28
38 32
38 33
38 34
38 43
38 44
38 48
38 51
38 55
38 58
38 60
38 61
38 63
38 64
38 65
38 70
38 71
38 72
38 77
38 80
38 83
38 88
38 89
38 90
38 91
38 94
38 100
38 101
38 107
38 108
38 109
38 116
38 120
38 125
38 126
39 6
39 10
39 11
39 13
39 16
39 21
39 22
39 24
39 32
39 33
39 34
39 37
39 39
39 49
39 53
39 56
39 62
39 66
39 68
39 69
39 70
39 71
39 74
39 75
39 76
39 77
39 78
39 81
39 89
39 90
39 97
39 100
39 102
39 108
39 110
39 112
39 116
39 119
39 120
39 126
40 0
40 3
40 7
40 8
40 17
40 18
40 21
40 25
40 27
40 32
40 34
40 37
40 41
40 44
40 45
40 48
40 50
40 54
40 56
40 60
40 62
40 64
40 66
40 67
40 74
40 77
40 80
40 89
40 91
40 92
40 94
40 96
40 100
40 101
40 102
40 105
40 110
40 114
40 117
40 119
40 121
40 123
40 124
41 3
41 5
41 6
41 7
41 10
41 11
41 12
41 16
41 17
41 22
41 26
41 29
41 32
41 33
41 45
41 46
41 49
41 55
41 64
41 66
41 69
41 70
41 73
41 78
41 83
41 85
41 87
41 92
41 95
41 107
41 112
41 113
41 115
41 118
41 120
41 123
42 2
42 6
42 8
42 9
42 12
42 15
42 16
42 19
42 21
42 26
42 27
42 28
42 32
42 35
42 40
42 43
42 49
42 51
42 57
42 58
42 62
42 64
42 67
42 72
42 73
42 74
42 78
42 80
42 87
42 88
42 89
42 93
42 94
42 95
42 98
42 104
42 112
42 116
43 1
43 4
43 8
43 9
43 11
43 14
43 15
43 16
43 18
43 22
43 30
43 31
43 36
43 39
43 40
43 42
43 43
43 45
43 46
43 49
43 58
43 61
43 62
43 64
43 68
43 69
43 72
43 73
43 74
43 75
43 76
43 77
43 81
43 82
43 85
43 91
43 94
43 95
43 104
43 105
43 125
44 1
44 9
44 11
44 16
44 19
44 20
44 21
44 22
44 26
44 27
44 30
44 31
44 32
44 36
44 42
44 43
44 55
44 60
44 63
44 68
44 73
44 85
44 86
44 87
44 88
44 92
44 94
44 97
44 98
44 99
44 105
44 108
44 109
44 110
44 113
44 115
44 119
44 124
44 125
45 4
45 5
45 8
45 9
45 14
45 21
45 24
45 32
45 35
45 49
45 51
45 52
45 53
45 54
45 55
45 60
45 63
45 65
45 71
45 72
45 74
45 77
45 82
45 89
45 90
45 91
45 92
45 94
45 95
45 96
45 105
45 108
45 110
45 111
45 113
45 115
45 118
45 119
45 125
46 0
46 1
46 4
46 9
46 11
46 14
46 15
46 19
46 21
46 22
46 26
46 33
46 35
46 38
46 40
46 49
46 54
46 55
46 58
46 59
46 63
46 67
46 68
46 76
46 88
46 89
46 93
46 94
46 98
46 111
46 121
46 122
46 124
46 126
47 1
47 7
47 9
47 14
47 15
47 20
47 21
47 24
47 28
47 38
47 42
47 43
47 51
47 54
47 56
47 66
47 72
47 73
47 78
47 79
47 81
47 82
47 83
47 86
47 90
47 92
47 95
47 97
47 99
47 100
47 103
47 105
47 106
47 107
47 108
47 112
47 115
47 118
47 119
47 120
47 121
47 122
47 126
48 4
48 6
48 10
48 14
48 15
48 22
48 24
48 29
48 36
48 40
48 46
48 47
48 48
48 51
48 53
48 55
48 59
48 60
48 62
48 64
48 66
48 67
48 75
48 81
48 82
48 83
48 85
48 94
48 95
48 99
48 103
48 110
48 111
48 112
48 122
48 126
49 4
49 8
49 11
49 17
49 18
49 26
49 27
49 36
49 38
49 39
49 43
49 53
49 56
49 60
49 62
49 63
49 65
49 66
49 67
49 68
49 73
49 81
49 82
49 86
49 87
49 93
49 94
49 95
49 101
49 102
49 107
49 109
49 115
49 125
49 126
50 1
50 2
50 4
50 8
50 18
50 21
50 24
50 25
50 34
50 36
50 38
50 41
50 42
50 44
50 46
50 49
50 50
50 51
50 53
50 59
50 62
50 65
50 74
50 76
50 79
50 81
50 88
50 90
50 98
50 104
50 106
50 107
50 109
50 113
50 118
50 120
51 0
51 1
51 2
51 11
51 16
51 21
51 22
51 27
51 33
51 35
51 36
51 40
51 55
51 62
51 64
51 69
51 70
51 71
51 78
51 81
51 90
51 95
51 102
51 105
51 107
51 108
51 110
51 111
51 118
51 119
51 124
51 126
52 7
52 11
52 12
52 17
52 24
52 25
52 32
52 34
52 35
52 40
52 48
52 53
52 58
52 63
52 69
52 73
52 80
52 88
52 89
52 92
52 97
52 98
52 99
52 101
52 102
52 111
52 114
52 118
52 122
53 4
53 5
53 7
53 10
53 13
53 15
53 17
53 21
53 25
53 26
53 32
53 33
53 37
53 39
53 40
53 52
53 53
53 55
53 56
53 60
53 61
53 62
53 63
53 65
53 69
53 73
53 77
53 78
53 79
53 81
53 93
53 94
53 95
53 96
53 101
53 103
53 104
53 105
53 107
53 109
53 114
53 115
53 124
53 125
54 6
54 7
54 9
54 13
54 17
54 18
54 23
54 25
54 27
54 30
54 32
54 33
54 35
54 44
54 52
54 54
54 57
54 61
54 62
54 70
54 75
54 77
54 80
54 84
54 85
54 88
54 89
54 90
54 97
54 102
54 103
54 106
54 108
54 111
54 116
54 122
54 124
54 125
54 126
55 10
55 11
55 12
55 17
55 18
55 19
55 29
55 30
55 34
55 36
55 38
55 40
55 44
55 46
55 48
55 58
55 59
55 60
55 63
55 64
55 65
55 82
55 83
55 98
55 100
55 101
55 104
55 105
55 106
55 108
55 109
55 111
55 114
55 117
55 119
55 123
55 125
56 2
56 4
56 7
56 9
56 13
56 18
56 20
56 22
56 24
56 26
56 30
56 31
56 42
56 43
56 51
56 58
56 61
56 65
56 66
56 70
56 79
56 85
56 87
56 88
56 91
56 93
56 95
56 98
56 99
56 103
56 104
56 105
56 107
56 113
56 122
56 123
56 125
56 126
57 1
57 2
57 5
57 9
57 13
57 20
57 24
57 25
57 29
57 39
57 40
57 43
57 46
57 47
57 48
57 49
57 53
57 55
57 56
57 58
57 63
57 65
57 68
57 69
57 70
57 73
57 75
57 78
57 80
57 82
57 92
57 93
57 94
57 97
57 100
57 107
57 109
57 115
57 118
57 119
57 123
58 0
58 4
58 7
58 10
58 14
58 23
58 24
58 29
58 30
58 40
58 43
58 49
58 51
58 52
58 53
58 54
58 55
58 67
58 72
58 73
58 75
58 79
58 81
58 84
58 85
58 88
58 96
58 99
58 105
58 113
58 114
58 116
58 119
58 122
58 125
59 0
59 2
59 3
59 6
59 9
59 11
59 21
59 27
59 28
59 39
59 49
59 64
59 66
59 69
59 70
59 75
59 76
59 78
59 79
59 84
59 88
59 89
59 98
59 100
59 106
59 111
59 114
59 115
59 117
59 123
59 124
60 15
60 25
60 26
60 28
60 31
60 33
60 34
60 44
60 45
60 48
60 51
60 58
60 60
60 65
60 67
60 75
60 79
60 80
60 84
60 90
60 102
60 105
60 107
60 108
60 109
60 110
60 114
60 125
61 2
61 11
61 12
61 15
61 16
61 18
61 24
61 25
61 26
61 32
61 34
61 38
61 44
61 50
61 62
61 71
61 73
61 77
61 82
61 88
61 89
61 90
61 91
61 98
61 100
61 104
61 106
61 114
61 115
61 117
61 126
62 5
62 7
62 11
62 12
62 14
62 16
62 18
62 21
62 25
62 33
62 35
62 37
62 40
62 50
62 52
62 53
62 57
62 59
62 66
62 67
62 68
62 71
62 75
62 76
62 77
62 78
62 83
62 90
62 92
62 93
62 101
62 104
62 106
62 108
62 113
62 115
62 121
62 125
63 0
63 1
63 9
63 12
63 15
63 22
63 24
63 26
63 27
63 28
63 30
63 32
63 36
63 37
63 38
63 41
63 45
63 48
63 49
63 51
63 54
63 58
63 60
63 62
63 74
63 77
63 82
63 89
63 92
63 94
63 96
63 101
63 102
63 106
63 107
63 108
63 114
63 115
63 118
63 119
63 120
63 121
63 122
63 125
64 0
64 1
64 4
64 5
64 7
64 12
64 14
64 16
64 17
64 24
64 28
64 30
64 37
64 39
64 42
64 44
64 46
64 47
64 50
64 53
64 54
64 55
64 56
64 57
64 60
64 66
64 67
64 69
64 70
64 72
64 75
64 76
64 77
64 79
64 95
64 98
64 99
64 105
64 107
64 110
64 115
64 117
64 125
65 4
65 7
65 8
65 11
65 13
65 14
65 16
65 19
65 21
65 28
65 30
65 36
65 41
65 46
65 50
65 60
65 61
65 62
65 66
65 67
65 68
65 69
65 77
65 78
65 79
65 87
65 88
65 92
65 95
65 96
65 103
65 105
65 109
65 110
65 111
65 115
65 117
65 121
65 122
65 123
65 127
66 0
66 2
66 3
66 6
66 8
66 10
66 15
66 19
66 23
66 26
66 32
66 34
66 43
66 46
66 48
66 49
66 51
66 52
66 54
66 58
66 60
66 62
66 64
66 66
66 69
66 70
66 73
66 89
66 90
66 92
66 94
66 97
66 98
66 100
66 101
66 109
66 110
66 113
66 116
66 118
66 119
66 125
67 2
67 4
67 12
67 17
67 20
67 22
67 26
67 28
67 35
67 36
67 40
67 46
67 52
67 55
67 60
67 62
67 63
67 64
67 66
67 73
67 76
67 77
67 78
67 90
67 91
67 97
67 100
67 103
67 112
67 122
68 0
68 4
68 6
68 8
68 11
68 20
68 21
68 23
68 29
68 31
68 32
68 35
68 37
68 46
68 54
68 56
68 57
68 59
68 60
68 65
68 70
68 72
68 75
68 78
68 81
68 83
68 85
68 87
68 90
68 91
68 101
68 111
68 112
68 116
68 126
69 3
69 9
69 11
69 12
69 14
69 18
69 22
69 24
69 28
69 29
69 39
69 40
69 44
69 49
69 50
69 51
69 52
69 57
69 58
69 59
69 70
69 74
69 75
69 78
69 80
69 83
69 85
69 91
69 95
69 96
69 97
69 100
69 101
69 104
69 107
69 111
69 112
69 116
69 124
69 127
70 2
70 3
70 10
70 11
70 24
70 26
70 28
70 42
70 52
70 55
70 61
70 63
70 70
70 72
70 75
70 78
70 80
70 82
70 96
70 101
70 103
70 108
70 109
70 113
70 114
70 116
70 118
70 123
70 124
70 125
70 126
71 1
71 4
71 9
71 13
71 15
71 22
71 25
71 29
71 45
71 47
71 66
71 70
71 85
71 86
71 89
71 90
71 91
71 93
71 95
71 99
71 103
71 105
71 106
71 118
71 121
72 7
72 9
72 12
72 15
72 17
72 26
72 30
72 31
72 37
72 38
72 43
72 45
72 48
72 49
72 54
72 58
72 59
72 62
72 63
72 65
72 71
72 74
72 75
72 81
72 91
72 100
72 105
72 110
72 111
72 114
72 115
72 118
72 121
73 1
73 2
73 5
73 9
73 16
73 19
73 20
73 23
73 25
73 27
73 28
73 32
73 37
73 38
73 41
73 42
73 43
73 46
73 49
73 51
73 56
73 59
73 61
73 62
73 63
73 64
73 65
73 68
73 70
73 73
73 74
73 76
73 77
73 78
73 79
73 80
73 84
73 89
73 98
73 101
73 104
73 108
73 110
73 111
73 114
73 118
73 119
73 121
73 122
73 126
74 0
74 6
74 11
74 12
74 15
74 20
74 21
74 26
74 28
74 29
74 32
74 35
74 38
74 41
74 42
74 56
74 58
74 62
74 66
74 67
74 69
74 71
74 73
74 76
74 78
74 80
74 87
74 88
74 89
74 94
74 98
74 111
74 116
74 119
74 121
75 1
75 5
75 12
75 15
75 17
75 19
75 20
75 24
75 28
75 29
75 31
75 36
75 37
75 39
75 40
75 46
75 62
75 66
75 71
75 72
75 73
75 76
75 79
75 84
75 85
75 86
75 89
75 91
75 100
75 109
75 111
75 119
75 120
75 125
75 126
75 127
76 4
76 11
76 20
76 22
76 24
76 26
76 27
76 28
76 30
76 31
76 35
76 46
76 50
76 51
76 66
76 68
76 74
76 75
76 85
76 86
76 89
76 91
76 93
76 94
76 97
76 101
76 102
76 103
76 111
76 112
76 117
76 120
76 122
77 2
77 7
77 10
77 14
77 17
77 18
77 22
77 24
77 27
77 31
77 32
77 35
77 37
77 38
77 39
77 40
77 44
77 45
77 48
77 49
77 50
77 51
77 54
77 56
77 59
77 63
77 68
77 69
77 71
77 72
77 73
77 74
77 75
77 77
77 85
77 87
77 89
77 93
77 95
77 101
77 102
77 113
77 115
77 117
77 119
77 120
77 122
77 127
78 2
78 3
78 4
78 5
78 8
78 11
78 12
78 13
78 15
78 17
78 26
78 27
78 28
78 30
78 35
78 37
78 45
78 46
78 49
78 50
78 53
78 59
78 62
78 65
78 71
78 79
78 81
78 84
78 87
78 89
78 94
78 103
78 105
78 107
78 109
78 112
78 113
78 119
78 121
79 0
79 3
79 6
79 10
79 13
79 15
79 17
79 18
79 23
79 24
79 27
79 33
79 34
79 36
79 40
79 43
79 44
79 49
79 55
79 62
79 63
79 64
79 68
79 71
79 74
79 81
79 85
79 86
79 88
79 93
79 94
79 98
79 100
79 106
79 113
79 114
80 0
80 2
80 5
80 7
80 8
80 15
80 23
80 24
80 25
80 26
80 32
80 38
80 43
80 46
80 49
80 53
80 55
80 56
80 59
80 66
80 70
80 73
80 74
80 75
80 83
80 84
80 89
80 91
80 94
80 98
80 100
80 103
80 104
80 105
80 110
80 111
80 114
80 115
80 116
80 125
81 2
81 4
81 9
81 10
81 11
81 14
81 15
81 18
81 19
81 20
81 28
81 33
81 35
81 37
81 39
81 40
81 43
81 44
81 46
81 49
81 50
81 52
81 64
81 67
81 68
81 71
81 74
81 78
81 91
81 102
81 107
81 109
81 114
81 117
81 120
82 0
82 1
82 2
82 5
82 9
82 10
82 14
82 21
82 22
82 26
82 30
82 34
82 36
82 41
82 44
82 51
82 53
82 57
82 58
82 62
82 63
82 70
82 72
82 79
82 83
82 86
82 99
82 101
82 104
82 105
82 107
82 108
82 110
82 112
82 121
82 126
82 127
83 0
83 5
83 11
83 12
83 21
83 23
83 24
83 30
83 31
83 35
83 38
83 56
83 57
83 58
83 59
83 60
83 62
83 68
83 72
83 74
83 76
83 77
83 79
83 80
83 81
83 86
83 87
83 89
83 90
83 92
83 96
83 99
83 105
83 108
83 110
83 115
83 121
83 127
84 0
84 1
84 3
84 14
84 17
84 20
84 26
84 27
84 31
84 32
84 34
84 35
84 36
84 37
84 39
84 40
84 45
84 46
84 56
84 69
84 70
84 73
84 75
84 76
84 77
84 79
84 81
84 82
84 84
84 85
84 103
84 104
84 105
84 106
84 107
84 111
84 116
84 117
84 119
84 122
84 123
84 124
84 126
84 127
85 5
85 7
85 8
85 13
85 15
85 16
85 17
85 18
85 22
85 24
85 27
85 33
85 42
85 55
85 56
85 57
85 59
85 60
85 62
85 65
85 66
85 69
85 71
85 73
85 74
85 78
85 90
85 91
85 94
85 95
85 97
85 100
85 102
85 104
85 111
85 113
85 115
85 125
86 6
86 9
86 10
86 12
86 16
86 17
86 18
86 22
86 23
86 25
86 30
86 31
86 34
86 40
86 41
86 43
86 47
86 49
86 53
86 54
86 58
86 61
86 62
86 63
86 67
86 68
86 75
86 76
86 81
86 82
86 85
86 87
86 89
86 92
86 95
86 96
86 101
86 105
86 106
86 112
86 115
86 118
86 119
86 120
86 121
86 126
87 0
87 1
87 8
87 12
87 14
87 19
87 20
87 21
87 22
87 23
87 25
87 29
87 30
87 32
87 33
87 34
87 41
87 45
87 50
87 53
87 54
87 58
87 60
87 63
87 65
87 67
87 73
87 74
87 81
87 83
87 86
87 88
87 89
87 93
87 97
87 98
87 100
87 104
87 106
87 112
87 118
87 122
88 6
88 7
88 15
88 20
88 22
88 23
88 33
88 35
88 39
88 44
88 46
88 47
88 48
88 50
88 52
88 54
88 55
88 57
88 58
88 59
88 68
88 72
88 73
88 76
88 77
88 78
88 79
88 80
88 82
88 87
88 91
88 94
88 99
88 101
88 106
88 111
88 117
89 4
89 7
89 10
89 12
89 13
89 17
89 21
89 37
89 39
89 40
89 46
89 51
89 53
89 54
89 64
89 67
89 71
89 77
89 80
89 83
89 89
89 90
89 94
89 100
89 102
89 103
89 105
89 107
89 113
89 117
89 120
89 121
89 122
89 126
89 127
90 2
90 6
90 8
90 9
90 12
90 26
90 28
90 29
90 36
90 39
90 40
90 41
90 43
90 45
90 46
90 47
90 48
90 49
90 51
90 60
90 65
90 70
90 73
90 74
90 79
90 89
90 90
90 92
90 93
90 103
90 105
90 108
90 109
90 111
90 112
90 118
90 122
90 124
90 126
91 4
91 16
91 17
91 35
91 39
91 43
91 44
91 45
91 48
91 51
91 53
91 64
91 69
91 71
91 72
91 77
91 83
91 88
91 92
91 101
91 105
91 110
91 111
91 112
91 115
91 117
91 119
91 120
91 121
91 126
92 8
92 10
92 13
92 14
92 15
92 16
92 17
92 19
92 22
92 23
92 29
92 30
92 32
92 36
92 40
92 41
92 42
92 43
92 44
92 45
92 47
92 51
92 52
92 64
92 65
92 67
92 69
92 71
92 74
92 77
92 78
92 79
92 80
92 84
92 89
92 97
92 106
92 107
92 108
92 111
92 113
92 114
92 116
92 119
92 123
92 125
93 11
93 14
93 15
93 19
93 20
93 21
93 24
93 29
93 31
93 34
93 40
93 42
93 43
93 44
93 46
93 47
93 54
93 55
93 56
93 64
93 70
93 72
93 76
93 77
93 84
93 85
93 93
93 99
93 102
93 106
93 114
93 118
93 124
93 126
93 127
94 0
94 5
94 7
94 8
94 11
94 16
94 18
94 19
94 23
94 26
94 27
94 30
94 31
94 35
94 38
94 42
94 45
94 48
94 52
94 59
94 60
94 62
94 68
94 71
94 72
94 74
94 75
94 80
94 82
94 83
94 85
94 87
94 94
94 95
94 97
94 109
94 112
94 114
94 120
94 125
95 0
95 7
95 8
95 9
95 10
95 14
95 16
95 17
95 22
95 31
95 36
95 37
95 39
95 40
95 42
95 50
95 55
95 58
95 60
95 61
95 62
95 63
95 64
95 65
95 66
95 68
95 69
95 79
95 81
95 86
95 87
95 94
95 96
95 97
95 100
95 101
95 104
95 108
95 110
95 111
95 117
95 120
95 121
96 0
96 7
96 13
96 16
96 17
96 25
96 29
96 31
96 33
96 36
96 37
96 38
96 39
96 40
96 47
96 48
96 54
96 55
96 59
96 63
96 64
96 65
96 69
96 71
96 73
96 77
96 79
96 82
96 90
96 93
96 96
96 100
96 103
96 105
96 107
96 117
96 119
96 122
96 123
97 6
97 9
97 16
97 18
97 20
97 23
97 31
97 38
97 43
97 49
97 50
97 52
97 55
97 56
97 57
97 60
97 61
97 62
97 63
97 69
97 72
97 75
97 79
97 80
97 86
97 89
97 94
97 106
97 110
97 116
97 118
97 121
97 122
97 123
97 125
97 126
97 127
98 4
98 6
98 10
98 15
98 20
98 22
98 23
98 24
98 27
98 31
98 32
98 39
98 42
98 46
98 50
98 53
98 54
98 55
98 56
98 58
98 59
98 60
98 69
98 70
98 77
98 79
98 80
98 83
98 84
98 85
98 87
98 91
98 94
98 102
98 104
98 108
98 109
98 110
98 111
98 118
98 119
98 120
98 121
98 125
99 0
99 3
99 4
99 6
99 19
99 20
99 21
99 24
99 30
99 32
99 34
99 37
99 38
99 39
99 44
99 46
99 47
99 57
99 67
99 68
99 71
99 79
99 82
99 86
99 87
99 94
99 96
99 99
99 103
99 104
99 107
99 108
99 110
99 120
99 121
99 123
100 1
100 3
100 8
100 9
100 13
100 16
100 19
100 20
100 27
100 29
100 30
100 36
100 41
100 44
100 52
100 55
100 64
100 67
100 70
100 73
100 75
100 76
100 78
100 85
100 90
100 91
100 92
100 93
100 96
100 97
100 100
100 101
100 103
100 104
100 105
100 112
100 114
100 115
100 118
100 119
100 125
101 2
101 4
101 7
101 8
101 15
101 16
101 20
101 23
101 25
101 33
101 36
101 37
101 39
101 46
101 49
101 53
101 59
101 62
101 65
101 66
101 70
101 71
101 72
101 73
101 75
101 79
101 80
101 85
101 88
101 92
101 100
101 105
101 120
101 122
101 123
102 4
102 7
102 8
102 9
102 11
102 12
102 15
102 19
102 20
102 24
102 29
102 30
102 35
102 38
102 39
102 41
102 43
102 47
102 48
102 49
102 50
102 51
102 55
102 59
102 60
102 64
102 71
102 72
102 75
102 76
102 78
102 81
102 83
102 85
102 91
102 92
102 98
102 100
102 103
102 104
102 118
102 120
102 127
103 0
103 1
103 2
103 8
103 14
103 18
103 22
103 29
103 30
103 37
103 39
103 48
103 50
103 51
103 55
103 62
103 63
103 67
103 68
103 73
103 74
103 76
103 77
103 79
103 81
103 82
103 83
103 86
103 89
103 94
103 96
103 100
103 104
103 110
103 116
103 121
103 122
103 123
103 125
104 2
104 3
104 4
104 7
104 8
104 9
104 10
104 21
104 26
104 27
104 28
104 29
104 30
104 33
104 40
104 42
104 43
104 45
104 55
104 63
104 64
104 70
104 72
104 76
104 77
104 80
104 81
104 84
104 85
104 86
104 87
104 89
104 95
104 98
104 107
104 114
104 119
104 123
104 124
104 125
105 3
105 4
105 5
105 6
105 10
105 21
105 23
105 26
105 27
105 30
105 36
105 39
105 42
105 43
105 45
105 49
105 52
105 53
105 56
105 59
105 60
105 64
105 65
105 67
105 69
105 70
105 74
105 76
105 77
105 79
105 83
105 84
105 90
105 91
105 92
105 98
105 99
105 101
105 105
105 107
105 108
105 109
105 110
105 111
105 113
105 118
105 120
106 1
106 2
106 5
106 6
106 8
106 16
106 18
106 19
106 21
106 26
106 29
106 33
106 34
106 35
106 36
106 44
106 45
106 46
106 50
106 54
106 58
106 60
106 63
106 66
106 69
106 71
106 74
106 78
106 79
106 80
106 82
106 88
106 92
106 94
106 96
106 97
106 98
106 101
106 105
106 114
106 127
107 5
107 6
107 7
107 8
107 11
107 12
107 18
107 22
107 30
107 32
107 35
107 40
107 44
107 45
107 47
107 55
107 59
107 60
107 66
107 71
107 76
107 78
107 79
107 82
107 85
107 91
107 92
107 97
107 98
107 102
107 103
107 104
107 106
107 108
107 122
107 127
108 2
108 3
108 7
108 8
108 11
108 12
108 18
108 20
108 21
108 22
108 26
108 29
108 31
108 33
108 35
108 39
108 40
108 41
108 42
108 43
108 44
108 45
108 46
108 52
108 62
108 63
108 68
108 69
108 74
108 78
108 83
108 86
108 91
108 92
108 96
108 101
108 102
108 103
108 107
108 108
108 110
108 112
108 113
108 115
108 118
108 119
108 126
108 127
109 2
109 7
109 9
109 15
109 24
109 25
109 31
109 32
109 38
109 39
109 44
109 51
109 55
109 58
109 59
109 60
109 61
109 71
109 72
109 78
109 81
109 90
109 96
109 100
109 101
109 112
109 114
109 119
109 121
110 0
110 3
110 6
110 9
110 13
110 15
110 17
110 18
110 22
110 25
110 27
110 28
110 30
110 32
110 33
110 34
110 35
110 39
110 42
110 44
110 47
110 48
110 53
110 55
110 56
110 59
110 64
110 67
110 70
110 77
110 83
110 85
110 87
110 91
110 94
110 99
110 102
110 106
110 110
110 111
110 115
110 117
110 118
110 123
111 0
111 3
111 4
111 8
111 9
111 11
111 14
111 15
111 17
111 25
111 36
111 37
111 38
111 46
111 48
111 53
111 59
111 61
111 63
111 66
111 75
111 83
111 87
111 88
111 91
111 94
111 98
111 107
111 109
111 110
111 113
111 121
111 124
112 2
112 4
112 12
112 16
112 17
112 19
112 21
112 25
112 35
112 37
112 43
112 44
112 46
112 47
112 49
112 50
112 54
112 57
112 60
112 64
112 65
112 66
112 70
112 78
112 79
112 84
112 89
112 98
112 100
112 102
112 104
112 105
112 106
112 107
112 109
112 115
112 120
112 121
112 122
112 124
112 125
112 127
113 2
113 3
113 4
113 6
113 7
113 15
113 16
113 19
113 20
113 29
113 30
113 32
113 33
113 36
113 37
113 40
113 44
113 46
113 48
113 49
113 52
113 54
113 56
113 57
113 60
113 66
113 68
113 69
113 71
113 75
113 82
113 86
113 90
113 94
113 99
113 100
113 105
113 106
113 114
113 115
113 119
113 125
113 126
114 14
114 16
114 17
114 18
114 19
114 24
114 25
114 27
114 28
114 29
114 32
114 36
114 39
114 47
114 54
114 58
114 59
114 60
114 62
114 65
114 69
114 73
114 75
114 76
114 78
114 81
114 91
114 94
114 102
114 103
114 105
114 108
114 110
114 113
115 0
115 7
115 12
115 18
115 19
115 20
115 21
115 25
115 26
115 30
115 33
115 35
115 37
115 38
115 42
115 44
115 45
115 51
115 58
115 59
115 69
115 73
115 76
115 83
115 85
115 86
115 88
115 89
115 91
115 93
115 98
115 99
115 103
115 104
115 109
115 111
115 121
116 1
116 4
116 10
116 11
116 12
116 13
116 14
116 15
116 16
116 20
116 22
116 24
116 26
116 27
116 28
116 29
116 33
116 35
116 37
116 40
116 45
116 50
116 52
116 57
116 59
116 63
116 67
116 73
116 74
116 76
116 83
116 89
116 91
116 97
116 102
116 103
116 107
116 110
116 111
116 113
116 115
116 118
116 120
116 127
117 0
117 3
117 4
117 5
117 6
117 13
117 15
117 23
117 25
117 37
117 46
117 52
117 74
117 77
117 82
117 86
117 87
117 89
117 92
117 94
117 97
117 100
117 104
117 106
117 111
117 115
117 116
117 123
117 124
117 127
118 2
118 3
118 6
118 14
118 15
118 16
118 19
118 21
118 24
118 25
118 27
118 30
118 34
118 40
118 43
118 47
118 50
118 56
118 58
118 60
118 61
118 67
118 68
118 71
118 76
118 78
118 81
118 82
118 86
118 88
118 91
118 95
118 102
118 105
118 108
118 118
118 121
118 122
118 123
118 124
118 125
118 126
119 1
119 6
119 8
119 13
119 14
119 18
119 20
119 21
119 29
119 33
119 45
119 47
119 48
119 54
119 59
119 60
119 62
119 69
119 71
119 73
119 79
119 81
119 86
119 87
119 89
119 91
119 93
119 94
119 95
119 97
119 100
119 101
119 107
119 109
119 111
119 113
119 114
119 123
119 126
120 1
120 4
120 6
120 7
120 8
120 10
120 18
120 20
120 24
120 27
120 29
120 35
120 37
120 38
120 42
120 47
120 49
120 53
120 56
120 58
120 63
120 69
120 79
120 83
120 84
120 86
120 100
120 103
120 113
120 114
120 116
120 122
120 124
121 1
121 2
121 3
121 4
121 7
121 9
121 13
121 14
121 15
121 20
121 24
121 25
121 26
121 27
121 29
121 32
121 41
121 43
121 44
121 47
121 48
121 49
121 50
121 54
121 57
121 59
121 61
121 62
121 63
121 69
121 77
121 83
121 85
121 86
121 93
121 97
121 99
121 101
121 112
121 115
121 116
121 119
121 120
121 122
121 123
121 125
122 0
122 7
122 8
122 11
122 13
122 14
122 16
122 19
122 23
122 25
122 34
122 36
122 41
122 42
122 48
122 53
122 63
122 66
122 69
122 72
122 74
122 79
122 80
122 81
122 90
122 96
122 98
122 100
122 104
122 108
122 113
122 115
122 119
122 121
122 125
123 1
123 2
123 3
123 4
123 17
123 23
123 25
123 28
123 38
123 40
123 44
123 45
123 46
123 55
123 57
123 59
123 60
123 61
123 63
123 72
123 75
123 77
123 80
123 86
123 91
123 92
123 105
123 108
123 110
123 113
123 115
123 116
123 119
123 124
124 5
124 10
124 12
124 16
124 23
124 24
124 28
124 37
124 42
124 43
124 51
124 56
124 59
124 60
124 61
124 71
124 75
124 77
124 82
124 86
124 88
124 89
124 91
124 94
124 106
124 107
124 112
124 116
124 117
124 119
124 121
124 125
124 126
125 0
125 1
125 7
125 8
125 11
125 15
125 16
125 17
125 19
125 20
125 22
125 23
125 30
125 36
125 41
125 43
125 44
125 45
125 48
125 51
125 54
125 61
125 67
125 68
125 71
125 72
125 77
125 79
125 80
125 82
125 83
125 85
125 87
125 97
125 105
125 106
125 109
125 114
125 116
125 119
125 122
125 126
126 5
126 12
126 15
126 20
126 25
126 28
126 29
126 32
126 36
126 39
126 44
126 49
126 52
126 53
126 54
126 55
126 67
126 70
126 73
126 76
126 83
126 84
126 85
126 86
126 89
126 95
126 98
126 101
126 106
126 107
126 108
126 114
126 115
126 117
126 123
126 126
126 127
127 6
127 9
127 10
127 12
127 14
127 15
127 17
127 22
127 23
127 24
127 26
127 27
127 32
127 35
127 47
127 53
127 62
127 64
127 67
127 70
127 73
127 74
127 77
127 81
127 85
127 86
127 87
127 88
127 97
127 102
127 109
127 115
127 118
127 122
