0 8
0 23
0 26
0 27
0 30
0 53
0 54
0 55
0 60
0 68
0 71
0 73
0 80
0 92
0 103
0 104
0 110
0 112
0 121
0 123
1 11
1 27
1 34
1 43
1 44
1 45
1 54
1 63
1 67
1 68
1 78
1 82
1 83
1 87
1 88
1 93
1 95
1 100
1 101
1 106
1 111
1 112
1 118
1 124
1 126
2 0
2 7
2 13
2 14
2 15
2 18
2 20
2 21
2 25
2 33
2 44
2 56
2 63
2 64
2 65
2 78
2 79
2 81
2 82
2 84
2 88
2 89
2 98
2 102
2 104
2 110
2 113
2 117
2 121
3 15
3 17
3 22
3 23
3 24
3 34
3 43
3 51
3 58
3 74
3 76
3 84
3 90
3 106
3 113
3 118
3 122
4 6
4 9
4 28
4 33
4 36
4 37
4 43
4 51
4 52
4 53
4 56
4 60
4 70
4 72
4 74
4 75
4 80
4 91
4 93
4 95
4 97
4 105
4 106
4 123
5 0
5 1
5 6
5 7
5 16
5 19
5 20
5 27
5 29
5 31
5 35
5 37
5 42
5 44
5 47
5 49
5 50
5 56
5 59
5 60
5 61
5 63
5 65
5 67
5 71
5 73
5 80
5 82
5 84
5 86
5 90
5 91
5 92
5 105
5 111
5 118
5 119
5 127
6 1
6 2
6 4
6 10
6 25
6 34
6 36
6 43
6 50
6 56
6 58
6 72
6 76
6 88
6 93
6 95
6 105
6 111
6 116
6 118
6 121
7 12
7 15
7 16
7 17
7 23
7 34
7 35
7 38
7 40
7 43
7 47
7 65
7 67
7 73
7 75
7 82
7 95
7 97
7 99
7 101
7 115
7 116
7 119
7 120
7 122
8 5
8 8
8 18
8 19
8 21
8 41
8 52
8 63
8 64
8 84
8 86
8 87
8 88
8 91
8 92
8 94
8 95
8 99
8 102
8 111
8 114
8 118
8 126
9 0
9 1
9 4
9 5
9 6
9 12
9 18
9 19
9 20
9 28
9 29
9 47
9 57
9 58
9 69
9 70
9 73
9 78
9 79
9 81
9 94
9 95
9 100
9 102
9 109
9 123
10 7
10 21
10 31
10 36
10 40
10 41
10 43
10 54
10 57
10 61
10 66
10 67
10 68
10 69
10 72
10 73
10 76
10 96
10 99
10 110
10 112
10 118
10 119
10 124
10 126
11 2
11 9
11 10
11 13
11 20
11 23
11 24
11 29
11 35
11 41
11 46
11 53
11 65
11 68
11 70
11 71
11 72
11 82
11 83
11 93
11 96
11 103
11 110
11 114
11 115
11 118
11 121
11 123
11 127
12 20
12 25
12 26
12 28
12 34
12 35
12 36
12 38
12 47
12 55
12 59
12 68
12 74
12 80
12 93
12 96
12 115
12 116
12 117
12 118
12 120
13 6
13 8
13 10
13 19
13 36
13 44
13 47
13 48
13 54
13 61
13 66
13 67
13 75
13 91
13 93
13 99
13 107
13 112
13 115
13 119
14 2
14 18
14 20
14 21
14 22
14 25
14 27
14 29
14 51
14 56
14 57
14 61
14 62
14 64
14 66
14 67
14 82
14 86
14 94
14 111
14 113
14 118
14 122
14 127
15 7
15 12
15 13
15 16
15 20
15 29
15 30
15 31
15 36
15 42
15 52
15 54
15 56
15 58
15 62
15 63
15 75
15 77
15 79
15 82
15 93
15 96
15 99
15 102
15 103
15 106
15 109
15 118
15 120
15 124
15 125
15 127
16 15
16 22
16 23
16 24
16 27
16 39
16 43
16 44
16 55
16 65
16 67
16 74
16 76
16 83
16 86
16 87
16 90
16 91
16 105
16 113
16 116
16 117
16 118
17 6
17 10
17 13
17 14
17 28
17 30
17 36
17 38
17 39
17 43
17 53
17 57
17 66
17 106
17 108
17 115
17 126
18 0
18 4
18 6
18 9
18 10
18 12
18 16
18 28
18 33
18 45
18 48
18 49
18 61
18 69
18 73
18 74
18 85
18 91
18 99
18 103
18 119
18 124
18 125
19 13
19 16
19 22
19 23
19 27
19 33
19 36
19 37
19 41
19 44
19 45
19 53
19 58
19 60
19 71
19 73
19 74
19 78
19 79
19 84
19 88
19 99
19 103
19 105
19 108
19 114
19 118
19 122
19 127
20 7
20 17
20 21
20 25
20 35
20 42
20 44
20 49
20 50
20 55
20 56
20 57
20 62
20 68
20 76
20 80
20 81
20 84
20 85
20 87
20 93
20 102
20 108
20 109
20 117
20 124
21 0
21 6
21 9
21 16
21 22
21 25
21 28
21 37
21 44
21 46
21 48
21 54
21 56
21 65
21 71
21 73
21 75
21 77
21 80
21 85
21 86
21 90
21 93
21 97
21 108
21 110
21 113
21 116
21 123
21 125
21 127
22 6
22 12
22 23
22 24
22 26
22 28
22 31
22 34
22 35
22 43
22 57
22 67
22 70
22 72
22 76
22 82
22 84
22 86
22 90
22 97
22 98
22 99
22 102
22 105
22 112
22 118
22 126
22 127
23 16
23 24
23 26
23 27
23 28
23 32
23 34
23 36
23 37
23 46
23 50
23 56
23 63
23 65
23 67
23 71
23 78
23 95
23 105
23 106
23 108
23 111
24 12
24 13
24 16
24 26
24 34
24 39
24 43
24 44
24 45
24 49
24 55
24 62
24 72
24 73
24 76
24 94
24 101
24 106
24 121
24 126
25 0
25 1
25 6
25 7
25 9
25 15
25 19
25 20
25 29
25 33
25 39
25 50
25 52
25 54
25 56
25 58
25 62
25 65
25 74
25 84
25 87
25 88
25 92
25 103
25 110
25 111
25 117
25 118
25 120
25 121
26 11
26 16
26 17
26 19
26 21
26 25
26 27
26 28
26 32
26 34
26 40
26 57
26 72
26 73
26 75
26 76
26 79
26 84
26 85
26 92
26 97
26 98
26 103
26 110
26 111
26 112
26 115
26 127
27 12
27 14
27 16
27 27
27 33
27 38
27 40
27 43
27 44
27 48
27 52
27 59
27 62
27 68
27 75
27 77
27 87
27 88
27 90
27 91
27 93
27 100
27 102
27 103
27 112
27 113
27 119
28 1
28 2
28 4
28 8
28 10
28 16
28 21
28 27
28 28
28 29
28 38
28 40
28 42
28 43
28 44
28 45
28 58
28 60
28 64
28 66
28 71
28 76
28 81
28 84
28 91
28 93
28 113
28 115
28 117
28 119
28 123
28 124
28 127
29 5
29 7
29 12
29 20
29 21
29 31
29 44
29 48
29 54
29 56
29 61
29 67
29 68
29 78
29 79
29 83
29 87
29 100
29 108
29 112
29 116
29 124
29 125
30 1
30 4
30 6
30 14
30 17
30 23
30 28
30 31
30 34
30 36
30 43
30 44
30 49
30 54
30 58
30 59
30 61
30 62
30 66
30 72
30 79
30 81
30 96
30 107
30 114
30 115
30 119
30 126
30 127
31 0
31 1
31 4
31 18
31 19
31 25
31 27
31 41
31 43
31 50
31 57
31 59
31 62
31 64
31 66
31 69
31 71
31 73
31 74
31 95
31 99
31 102
31 108
31 109
31 110
31 112
32 0
32 4
32 5
32 13
32 28
32 30
32 34
32 46
32 49
32 53
32 54
32 58
32 75
32 80
32 82
32 86
32 92
32 93
32 95
32 98
32 100
32 111
32 112
32 113
32 120
32 122
33 4
33 11
33 17
33 19
33 20
33 26
33 29
33 44
33 45
33 54
33 63
33 64
33 70
33 82
33 91
33 104
33 121
33 122
33 123
33 126
34 7
34 26
34 32
34 33
34 37
34 51
34 65
34 75
34 77
34 82
34 84
34 87
34 88
34 89
34 92
34 96
34 99
34 103
34 110
34 113
34 124
35 13
35 32
35 33
35 34
35 38
35 41
35 43
35 44
35 51
35 64
35 80
35 82
35 89
35 94
35 101
35 102
35 103
35 108
35 111
35 117
35 121
35 127
36 19
36 24
36 29
36 30
36 38
36 40
36 41
36 42
36 49
36 57
36 70
36 73
36 76
36 79
36 82
36 98
36 107
36 113
37 2
37 8
37 17
37 24
37 27
37 37
37 63
37 72
37 75
37 95
37 97
37 98
37 103
37 107
37 111
37 118
37 120
37 122
38 2
38 5
38 20
38 27
38 28
38 34
38 41
38 44
38 50
38 58
38 71
38 73
38 74
38 80
38 82
38 85
38 87
38 89
38 91
38 93
38 99
38 102
38 107
39 3
39 6
39 10
39 34
39 39
39 60
39 64
39 66
39 70
39 73
39 74
39 81
39 85
39 89
39 90
39 91
39 93
39 110
39 113
39 120
40 2
40 3
40 4
40 11
40 14
40 22
40 23
40 26
40 30
40 41
40 45
40 50
40 51
40 56
40 64
40 65
40 78
40 84
40 88
40 93
40 101
40 102
40 103
40 106
40 111
40 112
40 113
40 116
40 118
41 1
41 24
41 29
41 32
41 38
41 53
41 56
41 66
41 69
41 70
41 73
41 76
41 81
41 85
41 88
41 96
41 97
41 111
41 114
41 126
41 127
42 2
42 14
42 16
42 19
42 44
42 52
42 58
42 60
42 61
42 65
42 76
42 78
42 86
42 88
42 101
42 104
42 114
42 122
42 123
43 0
43 1
43 2
43 6
43 14
43 19
43 30
43 35
43 41
43 51
43 52
43 58
43 68
43 72
43 95
43 97
43 98
43 100
43 101
43 104
43 112
43 113
43 114
44 2
44 16
44 17
44 21
44 24
44 30
44 37
44 45
44 48
44 51
44 54
44 55
44 64
44 66
44 68
44 75
44 78
44 80
44 82
44 85
44 93
44 99
44 101
44 105
44 108
44 121
44 123
45 3
45 8
45 13
45 15
45 17
45 18
45 25
45 26
45 36
45 37
45 42
45 44
45 46
45 49
45 51
45 59
45 84
45 90
45 91
45 105
45 107
45 110
45 119
46 3
46 7
46 14
46 15
46 21
46 23
46 29
46 33
46 34
46 43
46 49
46 64
46 67
46 71
46 78
46 84
46 89
46 90
46 94
46 96
46 100
46 102
46 103
46 107
46 114
46 116
46 118
46 120
46 125
47 4
47 15
47 17
47 19
47 20
47 25
47 30
47 31
47 48
47 51
47 57
47 58
47 64
47 67
47 78
47 79
47 86
47 91
47 92
47 105
47 121
48 2
48 4
48 6
48 7
48 8
48 13
48 14
48 15
48 18
48 36
48 38
48 40
48 45
48 62
48 78
48 84
48 88
48 92
48 94
48 98
48 102
48 112
48 114
48 119
48 120
48 121
48 127
49 4
49 7
49 9
49 17
49 18
49 23
49 30
49 32
49 35
49 41
49 43
49 59
49 61
49 63
49 67
49 73
49 80
49 85
49 88
49 90
49 103
49 105
49 109
49 110
49 112
49 114
49 120
49 125
50 5
50 13
50 28
50 47
50 58
50 59
50 66
50 68
50 73
50 86
50 87
50 92
50 93
50 96
50 103
50 107
50 113
51 7
51 11
51 22
51 24
51 27
51 30
51 34
51 35
51 36
51 37
51 39
51 40
51 53
51 58
51 59
51 60
51 61
51 62
51 63
51 69
51 71
51 72
51 74
51 76
51 86
51 89
51 92
51 98
51 103
51 105
51 106
51 107
51 109
51 112
51 114
51 117
51 119
51 120
52 2
52 5
52 6
52 7
52 9
52 16
52 19
52 26
52 32
52 36
52 38
52 39
52 47
52 50
52 52
52 57
52 62
52 65
52 78
52 79
52 86
52 91
52 94
52 95
52 105
52 107
52 120
52 121
52 123
53 5
53 11
53 17
53 21
53 24
53 36
53 41
53 49
53 51
53 59
53 60
53 61
53 68
53 72
53 74
53 85
53 95
53 99
53 104
53 105
53 113
53 114
53 121
54 2
54 6
54 7
54 15
54 16
54 23
54 25
54 27
54 28
54 33
54 35
54 36
54 37
54 38
54 39
54 42
54 55
54 59
54 71
54 75
54 79
54 83
54 84
54 85
54 86
54 93
54 98
54 110
54 113
54 114
54 115
54 126
55 1
55 3
55 5
55 7
55 11
55 13
55 14
55 19
55 20
55 23
55 24
55 30
55 32
55 35
55 37
55 43
55 44
55 46
55 51
55 54
55 57
55 59
55 60
55 69
55 78
55 79
55 87
55 90
55 96
55 97
55 106
55 109
55 110
55 112
55 115
55 125
56 5
56 7
56 8
56 12
56 15
56 16
56 17
56 18
56 25
56 32
56 41
56 46
56 50
56 51
56 53
56 63
56 66
56 75
56 78
56 84
56 88
56 90
56 94
56 95
56 97
56 107
56 109
56 110
56 117
56 119
56 120
56 121
57 1
57 7
57 13
57 14
57 20
57 27
57 30
57 33
57 58
57 60
57 61
57 66
57 67
57 78
57 82
57 84
57 86
57 95
57 100
57 101
57 102
57 103
57 104
57 114
57 119
57 122
57 125
57 127
58 0
58 8
58 9
58 12
58 13
58 29
58 31
58 36
58 37
58 38
58 48
58 51
58 52
58 55
58 57
58 59
58 61
58 65
58 68
58 70
58 72
58 76
58 78
58 83
58 86
58 89
58 93
58 94
58 95
58 100
58 118
59 0
59 6
59 12
59 19
59 25
59 30
59 36
59 41
59 42
59 43
59 45
59 71
59 93
59 95
59 98
59 103
59 109
59 112
59 115
59 121
60 2
60 4
60 18
60 20
60 24
60 32
60 33
60 35
60 41
60 55
60 59
60 62
60 65
60 66
60 67
60 68
60 71
60 80
60 82
60 84
60 99
60 114
60 118
60 122
61 1
61 2
61 6
61 10
61 16
61 25
61 49
61 55
61 58
61 62
61 68
61 81
61 89
61 93
61 99
61 100
61 109
61 112
62 3
62 5
62 7
62 39
62 43
62 46
62 64
62 71
62 75
62 77
62 81
62 82
62 93
62 97
62 103
62 104
62 110
62 113
62 117
62 119
62 121
62 125
63 5
63 12
63 16
63 22
63 27
63 32
63 33
63 39
63 44
63 50
63 54
63 55
63 71
63 75
63 76
63 82
63 83
63 85
63 86
63 99
63 109
63 116
63 117
63 119
64 1
64 9
64 16
64 17
64 19
64 33
64 37
64 57
64 59
64 63
64 70
64 73
64 76
64 81
64 83
64 101
64 105
64 111
64 113
64 114
64 118
64 125
64 127
65 17
65 21
65 26
65 28
65 29
65 43
65 44
65 49
65 55
65 56
65 58
65 65
65 68
65 71
65 74
65 92
65 97
65 103
65 105
65 111
65 122
65 125
66 1
66 5
66 6
66 9
66 20
66 28
66 30
66 39
66 42
66 50
66 53
66 60
66 62
66 63
66 65
66 66
66 68
66 71
66 74
66 90
66 92
66 100
66 101
66 102
66 103
66 104
66 121
66 123
67 7
67 9
67 15
67 16
67 18
67 19
67 21
67 31
67 40
67 47
67 49
67 52
67 58
67 60
67 67
67 69
67 73
67 82
67 93
67 101
67 106
67 107
67 108
67 117
67 119
67 125
68 8
68 12
68 15
68 20
68 25
68 28
68 30
68 33
68 34
68 37
68 38
68 41
68 43
68 48
68 51
68 55
68 61
68 63
68 75
68 80
68 89
68 94
68 96
68 104
68 114
68 121
69 0
69 12
69 21
69 23
69 32
69 33
69 35
69 38
69 39
69 58
69 64
69 68
69 81
69 87
69 97
69 100
69 102
69 106
69 110
69 116
69 117
69 118
69 121
69 122
70 5
70 10
70 11
70 12
70 15
70 35
70 42
70 47
70 51
70 52
70 57
70 58
70 59
70 61
70 78
70 79
70 88
70 96
70 98
70 104
70 106
70 112
70 113
70 125
71 1
71 5
71 7
71 19
71 27
71 28
71 33
71 36
71 37
71 46
71 49
71 73
71 74
71 89
71 90
71 92
71 96
71 108
71 111
71 115
71 127
72 0
72 9
72 17
72 21
72 25
72 26
72 39
72 41
72 46
72 50
72 54
72 55
72 56
72 70
72 78
72 80
72 91
72 101
72 105
72 106
72 108
72 111
72 118
72 123
72 125
73 2
73 3
73 4
73 5
73 6
73 8
73 10
73 11
73 16
73 18
73 23
73 25
73 40
73 44
73 47
73 52
73 55
73 57
73 68
73 81
73 84
73 85
73 89
73 94
73 96
73 99
73 110
73 118
73 119
73 124
74 1
74 2
74 3
74 8
74 17
74 22
74 29
74 33
74 39
74 45
74 54
74 62
74 65
74 68
74 88
74 91
74 93
74 99
74 115
74 124
74 127
75 3
75 18
75 31
75 37
75 39
75 41
75 49
75 50
75 53
75 54
75 56
75 60
75 64
75 71
75 78
75 79
75 80
75 82
75 87
75 88
75 94
75 103
75 107
75 108
75 112
75 119
75 125
75 127
76 6
76 16
76 19
76 23
76 24
76 25
76 33
76 36
76 50
76 53
76 54
76 59
76 61
76 63
76 66
76 67
76 90
76 92
76 102
76 105
76 108
76 111
76 113
76 118
76 123
77 1
77 10
77 24
77 36
77 45
77 51
77 57
77 59
77 60
77 63
77 67
77 74
77 75
77 76
77 86
77 93
77 95
77 96
77 104
77 107
77 110
77 111
77 112
77 114
77 123
78 0
78 1
78 7
78 15
78 17
78 20
78 24
78 27
78 28
78 29
78 31
78 44
78 46
78 49
78 52
78 81
78 82
78 83
78 84
78 87
78 91
78 92
78 93
78 94
78 95
78 99
78 104
78 115
78 119
78 123
78 124
79 2
79 7
79 25
79 26
79 27
79 29
79 36
79 38
79 40
79 42
79 56
79 63
79 64
79 68
79 69
79 80
79 83
79 93
79 94
79 96
79 104
79 106
79 109
79 120
80 1
80 2
80 25
80 26
80 32
80 34
80 37
80 38
80 41
80 42
80 47
80 50
80 61
80 62
80 65
80 68
80 71
80 74
80 84
80 85
80 88
80 91
80 93
80 97
80 104
80 118
80 120
80 127
81 3
81 9
81 12
81 13
81 21
81 27
81 29
81 31
81 34
81 43
81 47
81 48
81 57
81 59
81 60
81 62
81 63
81 67
81 72
81 84
81 86
81 89
81 93
81 97
81 104
81 113
81 115
81 117
81 122
81 123
81 125
82 4
82 7
82 15
82 18
82 42
82 44
82 52
82 54
82 55
82 58
82 59
82 60
82 61
82 67
82 74
82 86
82 89
82 97
82 98
82 100
82 105
82 111
83 3
83 4
83 5
83 6
83 8
83 10
83 11
83 18
83 19
83 25
83 26
83 28
83 32
83 37
83 38
83 39
83 43
83 46
83 54
83 63
83 68
83 74
83 76
83 87
83 90
83 91
83 97
83 101
83 105
83 110
83 116
83 117
83 118
84 0
84 12
84 15
84 17
84 21
84 25
84 29
84 39
84 43
84 48
84 58
84 72
84 73
84 83
84 85
84 93
84 95
84 97
84 101
84 106
84 114
84 118
84 120
84 126
85 2
85 9
85 10
85 11
85 15
85 20
85 21
85 26
85 34
85 37
85 41
85 48
85 49
85 65
85 71
85 75
85 77
85 80
85 85
85 86
85 103
85 108
85 112
85 120
85 122
85 125
85 126
86 5
86 9
86 11
86 15
86 23
86 30
86 32
86 41
86 42
86 45
86 49
86 59
86 61
86 62
86 76
86 85
86 86
86 88
86 90
86 92
86 94
86 96
86 112
86 114
86 119
86 121
86 123
87 10
87 12
87 17
87 19
87 22
87 35
87 41
87 43
87 48
87 50
87 63
87 69
87 70
87 72
87 77
87 79
87 81
87 83
87 86
87 93
87 95
87 97
87 98
87 103
87 105
87 111
87 121
87 123
88 1
88 4
88 17
88 26
88 27
88 34
88 45
88 47
88 48
88 63
88 70
88 78
88 80
88 87
88 89
88 92
88 94
88 96
88 98
88 99
88 106
88 107
88 125
89 0
89 2
89 13
89 15
89 16
89 19
89 34
89 37
89 38
89 39
89 44
89 51
89 59
89 66
89 68
89 71
89 76
89 77
89 79
89 85
89 119
89 124
89 126
90 4
90 16
90 25
90 29
90 35
90 44
90 45
90 50
90 56
90 59
90 62
90 65
90 67
90 76
90 81
90 82
90 84
90 91
90 93
90 104
90 105
90 109
90 111
90 121
91 0
91 4
91 8
91 18
91 26
91 29
91 33
91 35
91 39
91 41
91 45
91 46
91 50
91 51
91 62
91 63
91 74
91 75
91 76
91 83
91 87
91 88
91 91
91 94
91 98
91 102
91 104
91 124
91 126
92 1
92 5
92 12
92 13
92 31
92 34
92 37
92 40
92 41
92 44
92 54
92 58
92 72
92 75
92 79
92 88
92 93
92 94
92 97
92 110
92 119
92 127
93 2
93 9
93 12
93 14
93 16
93 18
93 26
93 29
93 31
93 36
93 49
93 52
93 57
93 59
93 64
93 67
93 68
93 70
93 78
93 90
93 95
93 96
93 103
93 104
93 106
93 110
93 119
93 124
94 24
94 31
94 37
94 38
94 46
94 50
94 52
94 56
94 57
94 66
94 67
94 74
94 80
94 93
94 97
94 98
94 107
94 112
94 120
94 122
95 3
95 4
95 5
95 10
95 15
95 19
95 20
95 24
95 27
95 32
95 42
95 45
95 48
95 49
95 62
95 69
95 71
95 77
95 113
95 116
96 0
96 5
96 6
96 7
96 8
96 21
96 24
96 30
96 31
96 37
96 38
96 39
96 42
96 48
96 50
96 53
96 62
96 63
96 64
96 66
96 77
96 79
96 82
96 85
96 89
96 90
96 92
96 94
96 102
96 104
96 114
96 118
96 127
97 9
97 11
97 17
97 20
97 37
97 40
97 41
97 42
97 44
97 48
97 52
97 56
97 62
97 66
97 68
97 71
97 72
97 74
97 75
97 76
97 79
97 81
97 82
97 85
97 87
97 93
97 98
97 100
97 101
97 106
97 112
97 113
97 123
97 124
97 127
98 8
98 10
98 13
98 21
98 29
98 32
98 33
98 44
98 46
98 47
98 54
98 58
98 61
98 62
98 63
98 66
98 75
98 86
98 88
98 109
98 112
98 117
98 120
99 1
99 12
99 14
99 25
99 41
99 46
99 47
99 59
99 74
99 81
99 83
99 90
99 91
99 92
99 96
99 104
99 107
99 109
99 111
99 114
99 117
99 120
99 126
100 11
100 13
100 19
100 21
100 23
100 25
100 30
100 35
100 37
100 42
100 45
100 47
100 48
100 56
100 61
100 64
100 66
100 68
100 74
100 77
100 89
100 92
100 94
100 96
100 106
100 117
100 119
100 121
101 4
101 16
101 19
101 20
101 22
101 24
101 33
101 34
101 42
101 43
101 49
101 53
101 56
101 58
101 63
101 69
101 70
101 71
101 73
101 80
101 81
101 87
101 89
101 92
101 93
101 94
101 97
101 101
101 108
101 112
101 118
102 2
102 3
102 5
102 10
102 15
102 23
102 25
102 67
102 70
102 73
102 80
102 82
102 85
102 87
102 93
102 95
102 100
102 104
102 106
102 108
102 110
102 116
102 117
102 123
102 126
103 1
103 3
103 13
103 22
103 27
103 33
103 41
103 42
103 45
103 47
103 50
103 51
103 55
103 58
103 59
103 60
103 61
103 62
103 66
103 68
103 71
103 84
103 93
103 103
103 104
103 107
103 113
103 120
103 121
103 124
104 4
104 6
104 16
104 25
104 30
104 33
104 35
104 40
104 42
104 44
104 47
104 48
104 52
104 54
104 55
104 57
104 60
104 62
104 65
104 67
104 71
104 73
104 75
104 76
104 89
104 93
104 94
104 95
104 108
104 111
104 112
104 113
104 114
104 120
104 121
105 17
105 34
105 36
105 42
105 46
105 52
105 55
105 59
105 60
105 63
105 64
105 77
105 84
105 85
105 89
105 98
105 102
105 104
105 105
105 108
105 109
105 116
105 124
105 127
106 4
106 6
106 28
106 37
106 42
106 46
106 48
106 50
106 51
106 54
106 61
106 65
106 68
106 69
106 86
106 87
106 88
106 89
106 91
106 100
106 103
106 105
106 112
106 113
106 117
107 8
107 26
107 28
107 36
107 38
107 39
107 50
107 64
107 71
107 76
107 77
107 78
107 83
107 85
107 92
107 93
107 100
107 110
107 115
107 117
107 119
107 124
108 0
108 8
108 10
108 19
108 22
108 23
108 31
108 37
108 41
108 43
108 51
108 52
108 54
108 59
108 61
108 63
108 77
108 78
108 84
108 87
108 109
108 111
108 115
108 123
108 124
108 125
109 5
109 7
109 9
109 10
109 15
109 18
109 22
109 32
109 39
109 41
109 43
109 54
109 55
109 57
109 63
109 66
109 76
109 78
109 82
109 86
109 98
109 100
109 112
109 114
109 117
110 5
110 18
110 26
110 33
110 40
110 41
110 44
110 46
110 47
110 52
110 54
110 56
110 57
110 65
110 66
110 67
110 69
110 81
110 90
110 92
110 93
110 98
110 103
110 104
110 105
110 113
110 115
110 117
111 4
111 7
111 8
111 12
111 24
111 26
111 39
111 41
111 47
111 48
111 56
111 57
111 59
111 61
111 64
111 67
111 68
111 81
111 82
111 85
111 86
111 89
111 96
111 102
111 103
111 108
111 109
111 115
111 127
112 9
112 11
112 12
112 13
112 15
112 16
112 18
112 34
112 37
112 39
112 40
112 42
112 48
112 60
112 63
112 70
112 81
112 82
112 85
112 96
112 97
112 103
112 104
112 106
112 110
112 112
112 114
112 120
112 125
112 126
113 1
113 3
113 11
113 12
113 18
113 37
113 38
113 39
113 41
113 44
113 46
113 48
113 49
113 50
113 62
113 69
113 74
113 86
113 88
113 89
113 98
113 99
113 100
113 103
113 108
113 114
113 116
113 119
114 1
114 2
114 3
114 4
114 8
114 18
114 21
114 28
114 29
114 32
114 34
114 35
114 40
114 43
114 48
114 81
114 84
114 85
114 91
114 96
114 100
114 110
114 123
115 0
115 5
115 11
115 13
115 14
115 18
115 21
115 41
115 42
115 44
115 50
115 64
115 71
115 75
115 90
115 93
115 94
115 101
115 108
115 110
115 113
115 117
116 6
116 9
116 10
116 11
116 15
116 17
116 19
116 21
116 22
116 28
116 37
116 39
116 42
116 49
116 55
116 56
116 60
116 66
116 70
116 75
116 77
116 79
116 83
116 90
116 91
116 92
116 93
116 104
116 117
116 123
117 0
117 8
117 13
117 14
117 21
117 26
117 40
117 46
117 49
117 53
117 58
117 59
117 64
117 66
117 70
117 72
117 79
117 83
117 85
117 87
117 89
117 90
117 91
117 96
117 99
117 105
117 106
117 108
117 113
117 120
117 126
118 4
118 18
118 21
118 22
118 24
118 29
118 30
118 33
118 35
118 40
118 41
118 42
118 45
118 47
118 51
118 65
118 67
118 70
118 74
118 83
118 93
118 101
118 102
118 103
118 104
118 107
118 116
118 119
118 120
118 121
118 122
118 125
118 126
119 9
119 11
119 13
119 25
119 26
119 28
119 30
119 33
119 36
119 48
119 50
119 53
119 61
119 63
119 67
119 74
119 83
119 86
119 94
119 95
119 99
119 108
119 112
119 113
119 114
119 116
119 117
119 122
119 124
119 125
119 126
120 2
120 18
120 20
120 28
120 44
120 51
120 53
120 54
120 57
120 67
120 68
120 73
120 80
120 86
120 99
120 102
120 107
120 116
120 120
120 123
120 126
121 4
121 5
121 7
121 8
121 9
121 14
121 15
121 36
121 39
121 41
121 49
121 51
121 54
121 76
121 82
121 83
121 86
121 90
121 94
121 101
121 104
121 105
121 106
121 112
121 121
121 122
121 125
122 3
122 7
122 17
122 21
122 22
122 24
122 29
122 34
122 38
122 46
122 60
122 68
122 75
122 76
122 90
122 98
122 99
122 101
122 111
122 112
122 120
122 121
122 127
123 1
123 9
123 11
123 13
123 23
123 24
123 27
123 28
123 33
123 47
123 49
123 83
123 100
123 116
123 118
124 7
124 11
124 12
124 17
124 18
124 19
124 23
124 27
124 29
124 31
124 33
124 36
124 39
124 41
124 49
124 52
124 53
124 57
124 59
124 62
124 63
124 73
124 83
124 86
124 95
124 98
124 99
124 104
124 108
124 117
124 119
124 126
124 127
125 2
125 7
125 27
125 35
125 40
125 42
125 45
125 47
125 62
125 67
125 70
125 71
125 81
125 87
125 116
125 125
125 127
126 2
126 7
126 12
126 14
126 16
126 27
126 30
126 33
126 35
126 39
126 43
126 45
126 51
126 53
126 56
126 63
126 70
126 71
126 74
126 79
126 86
126 101
126 105
126 106
126 109
126 110
126 111
126 122
126 127
127 0
127 6
127 7
127 13
127 22
127 23
127 24
127 27
127 36
127 37
127 38
127 42
127 56
127 60
127 64
127 74
127 95
127 98
127 100
127 102
127 103
127 105
127 114
127 115
127 119
127 125
