0 52
0 77
1 4
1 38
2 33
3 66
3 71
4 107
8 101
9 115
10 30
10 54
11 103
14 124
16 117
20 113
22 109
22 114
23 41
23 43
25 20
27 110
30 71
31 26
31 79
32 67
33 55
35 7
35 107
35 125
37 63
38 91
41 41
43 14
43 103
49 123
50 125
52 127
53 100
54 6
54 63
58 71
58 112
59 114
61 22
63 127
64 111
65 126
66 77
67 34
69 49
69 64
70 0
70 80
70 81
72 23
72 41
72 66
75 59
75 123
78 61
81 35
84 16
84 71
86 9
86 125
88 3
90 42
92 38
93 21
95 26
95 41
95 73
96 78
97 52
98 107
99 22
101 2
101 34
104 11
104 103
105 44
105 58
106 120
107 37
109 91
110 8
110 34
110 102
112 32
112 127
114 102
116 89
116 105
119 63
121 57
121 122
122 60
123 60
127 106
