0 0
0 5
0 6
0 7
0 10
0 14
0 16
0 17
0 22
0 23
0 26
0 27
0 28
0 31
0 38
0 43
0 44
0 45
0 47
0 51
0 52
0 53
0 54
0 56
0 60
0 61
0 62
0 63
0 64
0 65
0 66
0 67
0 68
0 69
0 70
0 72
0 74
0 78
0 82
0 86
0 87
0 88
0 92
0 93
0 95
0 96
0 97
0 99
0 101
0 102
0 103
0 106
0 107
0 109
0 111
0 113
0 114
0 115
0 119
0 123
0 124
0 126
1 1
1 5
1 6
1 8
1 10
1 12
1 13
1 14
1 15
1 16
1 18
1 21
1 22
1 23
1 24
1 26
1 27
1 28
1 29
1 30
1 33
1 34
1 35
1 36
1 37
1 38
1 39
1 40
1 41
1 43
1 44
1 45
1 46
1 49
1 50
1 52
1 54
1 57
1 58
1 59
1 60
1 62
1 63
1 66
1 67
1 69
1 70
1 73
1 74
1 75
1 76
1 77
1 78
1 79
1 84
1 86
1 87
1 88
1 91
1 95
1 96
1 101
1 105
1 106
1 108
1 109
1 117
1 119
1 122
1 123
1 124
1 127
2 0
2 3
2 6
2 7
2 9
2 10
2 12
2 13
2 14
2 17
2 19
2 20
2 22
2 23
2 25
2 27
2 30
2 35
2 38
2 47
2 51
2 54
2 55
2 58
2 61
2 64
2 65
2 67
2 70
2 74
2 76
2 82
2 84
2 85
2 86
2 89
2 92
2 93
2 94
2 95
2 96
2 100
2 102
2 103
2 105
2 108
2 117
2 119
2 122
2 125
2 127
3 1
3 8
3 10
3 12
3 15
3 17
3 22
3 23
3 25
3 27
3 28
3 31
3 33
3 34
3 40
3 44
3 46
3 47
3 48
3 50
3 57
3 59
3 62
3 64
3 65
3 67
3 69
3 71
3 75
3 76
3 77
3 85
3 87
3 89
3 90
3 93
3 95
3 97
3 98
3 100
3 101
3 103
3 107
3 110
3 111
3 114
3 115
3 118
3 119
3 120
3 121
3 122
3 124
3 126
3 127
4 0
4 1
4 2
4 9
4 10
4 14
4 17
4 18
4 25
4 28
4 29
4 30
4 33
4 35
4 37
4 38
4 43
4 45
4 46
4 54
4 55
4 57
4 58
4 61
4 65
4 71
4 72
4 81
4 82
4 83
4 84
4 87
4 88
4 89
4 91
4 95
4 96
4 97
4 100
4 103
4 104
4 105
4 107
4 108
4 109
4 112
4 113
4 114
4 115
4 119
4 120
4 121
4 122
4 123
4 124
4 127
5 1
5 2
5 4
5 5
5 6
5 7
5 8
5 9
5 10
5 11
5 20
5 21
5 22
5 23
5 24
5 26
5 27
5 30
5 31
5 32
5 33
5 34
5 36
5 37
5 38
5 39
5 40
5 42
5 44
5 48
5 51
5 52
5 54
5 56
5 58
5 59
5 60
5 61
5 66
5 68
5 73
5 75
5 76
5 80
5 82
5 85
5 86
5 88
5 89
5 90
5 97
5 98
5 101
5 102
5 103
5 108
5 111
5 113
5 114
5 115
5 116
5 119
5 121
5 123
5 124
6 0
6 1
6 2
6 3
6 6
6 7
6 8
6 9
6 10
6 12
6 15
6 18
6 21
6 23
6 24
6 26
6 27
6 28
6 30
6 31
6 32
6 33
6 35
6 36
6 39
6 45
6 46
6 47
6 48
6 49
6 50
6 51
6 53
6 56
6 57
6 58
6 59
6 60
6 61
6 62
6 66
6 70
6 71
6 72
6 73
6 78
6 81
6 82
6 85
6 86
6 94
6 95
6 97
6 99
6 101
6 104
6 105
6 107
6 108
6 110
6 111
6 112
6 115
6 117
6 119
6 122
6 123
6 125
6 126
6 127
7 0
7 1
7 8
7 9
7 12
7 14
7 15
7 16
7 18
7 19
7 21
7 24
7 25
7 27
7 29
7 31
7 33
7 34
7 35
7 38
7 41
7 42
7 43
7 45
7 48
7 49
7 52
7 57
7 58
7 59
7 61
7 64
7 65
7 66
7 67
7 69
7 73
7 74
7 75
7 78
7 79
7 80
7 82
7 83
7 84
7 85
7 87
7 90
7 93
7 96
7 97
7 98
7 99
7 100
7 101
7 103
7 108
7 110
7 117
7 118
7 119
7 120
7 121
7 122
7 123
7 127
8 6
8 8
8 11
8 12
8 14
8 15
8 16
8 18
8 19
8 22
8 24
8 25
8 27
8 33
8 35
8 36
8 37
8 38
8 39
8 40
8 44
8 46
8 48
8 49
8 50
8 51
8 52
8 54
8 55
8 56
8 58
8 59
8 60
8 62
8 63
8 64
8 65
8 66
8 67
8 69
8 73
8 75
8 77
8 79
8 81
8 82
8 83
8 84
8 86
8 87
8 91
8 92
8 93
8 95
8 96
8 97
8 108
8 109
8 110
8 113
8 116
8 118
8 119
8 120
8 121
8 122
8 126
8 127
9 4
9 5
9 7
9 9
9 11
9 12
9 14
9 19
9 21
9 22
9 23
9 26
9 28
9 29
9 30
9 31
9 32
9 33
9 35
9 36
9 38
9 40
9 42
9 44
9 46
9 47
9 48
9 51
9 52
9 54
9 55
9 57
9 58
9 62
9 63
9 65
9 69
9 70
9 73
9 75
9 76
9 78
9 79
9 82
9 84
9 85
9 87
9 88
9 89
9 90
9 91
9 92
9 93
9 94
9 95
9 96
9 97
9 98
9 100
9 102
9 103
9 104
9 109
9 112
9 113
9 114
9 115
9 116
9 118
9 119
9 120
9 121
9 122
9 125
9 126
10 3
10 4
10 5
10 8
10 10
10 12
10 14
10 18
10 23
10 25
10 26
10 28
10 30
10 33
10 35
10 36
10 38
10 39
10 40
10 52
10 53
10 54
10 58
10 59
10 60
10 61
10 64
10 66
10 67
10 68
10 71
10 72
10 75
10 77
10 78
10 80
10 81
10 84
10 86
10 87
10 90
10 91
10 92
10 93
10 96
10 98
10 101
10 103
10 105
10 106
10 107
10 110
10 111
10 112
10 113
10 114
10 115
10 116
10 117
10 120
10 121
10 122
10 125
10 127
11 0
11 1
11 2
11 5
11 6
11 8
11 9
11 10
11 11
11 12
11 14
11 17
11 18
11 19
11 20
11 22
11 25
11 26
11 28
11 30
11 31
11 34
11 35
11 36
11 38
11 40
11 41
11 45
11 46
11 47
11 48
11 49
11 50
11 51
11 55
11 57
11 60
11 61
11 62
11 64
11 65
11 66
11 67
11 71
11 72
11 74
11 75
11 76
11 79
11 81
11 84
11 86
11 88
11 92
11 93
11 95
11 97
11 101
11 102
11 103
11 104
11 105
11 106
11 114
11 115
11 116
11 117
11 119
11 121
11 122
11 123
11 124
11 125
12 0
12 2
12 7
12 10
12 15
12 17
12 24
12 25
12 31
12 33
12 37
12 38
12 39
12 40
12 41
12 42
12 43
12 44
12 46
12 51
12 54
12 57
12 58
12 60
12 61
12 62
12 64
12 65
12 71
12 73
12 74
12 75
12 76
12 77
12 78
12 79
12 80
12 81
12 83
12 84
12 87
12 90
12 92
12 93
12 94
12 95
12 98
12 99
12 102
12 103
12 106
12 107
12 110
12 115
12 121
12 124
13 4
13 5
13 6
13 7
13 10
13 13
13 14
13 15
13 17
13 18
13 20
13 21
13 22
13 25
13 26
13 27
13 29
13 30
13 31
13 35
13 36
13 38
13 41
13 43
13 44
13 46
13 50
13 51
13 53
13 54
13 55
13 56
13 58
13 59
13 60
13 61
13 63
13 67
13 68
13 69
13 70
13 71
13 72
13 73
13 74
13 75
13 77
13 78
13 83
13 84
13 85
13 86
13 88
13 92
13 93
13 94
13 95
13 96
13 99
13 100
13 101
13 102
13 105
13 106
13 107
13 108
13 109
13 114
13 120
13 121
13 122
13 123
13 124
13 125
13 126
14 0
14 3
14 7
14 8
14 9
14 12
14 14
14 17
14 18
14 19
14 21
14 22
14 23
14 24
14 26
14 27
14 29
14 31
14 32
14 33
14 34
14 37
14 38
14 40
14 42
14 43
14 45
14 47
14 48
14 49
14 50
14 51
14 54
14 59
14 60
14 61
14 62
14 64
14 65
14 67
14 69
14 70
14 71
14 72
14 75
14 78
14 83
14 86
14 89
14 91
14 93
14 96
14 98
14 101
14 104
14 106
14 108
14 113
14 120
14 121
14 122
14 123
15 1
15 2
15 5
15 6
15 9
15 10
15 11
15 14
15 15
15 20
15 23
15 24
15 25
15 31
15 33
15 36
15 38
15 39
15 42
15 43
15 45
15 47
15 48
15 53
15 54
15 56
15 60
15 61
15 63
15 65
15 74
15 78
15 80
15 83
15 86
15 87
15 88
15 92
15 93
15 94
15 96
15 97
15 98
15 101
15 102
15 103
15 111
15 112
15 113
15 114
15 115
15 116
15 117
15 118
15 119
15 120
15 121
15 124
16 1
16 3
16 4
16 6
16 7
16 8
16 9
16 10
16 12
16 13
16 14
16 15
16 16
16 17
16 18
16 21
16 24
16 27
16 29
16 32
16 34
16 35
16 37
16 38
16 40
16 43
16 47
16 48
16 49
16 50
16 51
16 52
16 54
16 57
16 61
16 63
16 64
16 65
16 67
16 68
16 70
16 71
16 75
16 76
16 78
16 80
16 84
16 88
16 90
16 91
16 93
16 97
16 99
16 101
16 102
16 103
16 108
16 109
16 111
16 112
16 113
16 114
16 115
16 118
16 119
16 122
16 124
17 3
17 8
17 11
17 14
17 16
17 17
17 18
17 19
17 20
17 23
17 24
17 27
17 29
17 30
17 31
17 34
17 36
17 37
17 38
17 40
17 41
17 42
17 43
17 44
17 46
17 47
17 53
17 54
17 55
17 57
17 59
17 62
17 65
17 66
17 67
17 68
17 69
17 70
17 72
17 73
17 75
17 78
17 81
17 82
17 84
17 86
17 88
17 89
17 90
17 92
17 95
17 97
17 100
17 101
17 102
17 108
17 110
17 111
17 112
17 115
17 116
17 118
17 120
17 121
17 123
17 125
17 127
18 2
18 4
18 9
18 13
18 14
18 15
18 18
18 19
18 24
18 25
18 26
18 28
18 29
18 31
18 34
18 37
18 38
18 39
18 41
18 42
18 43
18 49
18 50
18 51
18 53
18 54
18 55
18 63
18 64
18 65
18 66
18 68
18 69
18 70
18 71
18 72
18 75
18 76
18 79
18 81
18 82
18 84
18 85
18 88
18 92
18 93
18 95
18 96
18 101
18 103
18 104
18 106
18 109
18 111
18 115
18 116
18 118
18 120
18 121
18 122
18 123
18 124
18 127
19 0
19 1
19 5
19 6
19 7
19 11
19 12
19 14
19 16
19 17
19 19
19 20
19 22
19 23
19 24
19 27
19 29
19 30
19 32
19 33
19 34
19 36
19 39
19 40
19 41
19 43
19 44
19 46
19 47
19 49
19 54
19 56
19 57
19 58
19 60
19 62
19 65
19 66
19 67
19 70
19 71
19 72
19 74
19 78
19 80
19 81
19 85
19 86
19 87
19 88
19 89
19 94
19 95
19 97
19 99
19 100
19 101
19 106
19 107
19 109
19 110
19 112
19 113
19 114
19 118
19 119
19 123
19 124
19 126
20 0
20 1
20 2
20 3
20 8
20 10
20 11
20 12
20 13
20 15
20 16
20 17
20 20
20 21
20 23
20 24
20 26
20 28
20 29
20 32
20 35
20 36
20 38
20 39
20 43
20 44
20 45
20 48
20 51
20 56
20 63
20 65
20 66
20 67
20 70
20 74
20 77
20 80
20 82
20 83
20 84
20 85
20 87
20 88
20 90
20 91
20 96
20 102
20 104
20 105
20 106
20 107
20 108
20 109
20 110
20 115
20 116
20 117
20 123
20 126
21 1
21 4
21 7
21 12
21 15
21 21
21 25
21 26
21 29
21 32
21 33
21 35
21 36
21 37
21 42
21 43
21 46
21 47
21 50
21 53
21 56
21 58
21 59
21 62
21 63
21 66
21 67
21 70
21 71
21 76
21 77
21 80
21 82
21 83
21 86
21 87
21 89
21 92
21 95
21 98
21 100
21 103
21 105
21 106
21 107
21 110
21 115
21 120
21 121
21 124
21 125
21 127
22 0
22 1
22 3
22 5
22 6
22 9
22 11
22 13
22 15
22 17
22 18
22 19
22 20
22 22
22 23
22 26
22 29
22 33
22 34
22 37
22 38
22 41
22 42
22 45
22 46
22 47
22 48
22 49
22 51
22 53
22 56
22 57
22 59
22 61
22 62
22 65
22 69
22 70
22 73
22 74
22 76
22 83
22 85
22 86
22 87
22 90
22 92
22 93
22 95
22 96
22 100
22 101
22 102
22 103
22 105
22 109
22 117
22 119
22 121
22 122
22 124
22 126
22 127
23 1
23 3
23 4
23 5
23 7
23 8
23 10
23 11
23 12
23 15
23 16
23 18
23 19
23 21
23 25
23 26
23 29
23 31
23 34
23 36
23 38
23 39
23 40
23 42
23 43
23 45
23 47
23 48
23 49
23 52
23 53
23 54
23 55
23 56
23 58
23 59
23 60
23 61
23 63
23 66
23 68
23 70
23 72
23 76
23 78
23 80
23 85
23 86
23 87
23 88
23 89
23 91
23 93
23 94
23 97
23 98
23 100
23 103
23 104
23 108
23 109
23 110
23 112
23 114
23 119
23 120
23 121
23 123
23 126
23 127
24 0
24 1
24 5
24 7
24 9
24 10
24 11
24 12
24 14
24 16
24 20
24 21
24 22
24 23
24 25
24 28
24 29
24 32
24 34
24 35
24 37
24 38
24 42
24 43
24 48
24 49
24 50
24 52
24 54
24 56
24 59
24 61
24 62
24 63
24 68
24 70
24 71
24 72
24 73
24 74
24 76
24 82
24 84
24 87
24 88
24 89
24 91
24 93
24 99
24 100
24 101
24 102
24 104
24 106
24 108
24 110
24 117
24 118
24 120
24 123
24 124
24 125
24 127
25 0
25 4
25 5
25 6
25 7
25 9
25 11
25 12
25 13
25 14
25 16
25 19
25 20
25 21
25 22
25 23
25 24
25 26
25 29
25 30
25 31
25 32
25 35
25 36
25 38
25 40
25 41
25 42
25 44
25 46
25 47
25 50
25 52
25 54
25 57
25 61
25 63
25 64
25 65
25 69
25 71
25 74
25 77
25 78
25 79
25 81
25 83
25 84
25 85
25 86
25 88
25 90
25 95
25 96
25 97
25 99
25 103
25 104
25 105
25 107
25 108
25 109
25 110
25 116
25 117
25 123
25 124
25 126
26 2
26 6
26 7
26 10
26 11
26 12
26 13
26 15
26 17
26 21
26 23
26 25
26 26
26 27
26 28
26 29
26 30
26 31
26 32
26 37
26 38
26 39
26 41
26 44
26 48
26 50
26 51
26 54
26 58
26 59
26 60
26 62
26 63
26 65
26 66
26 68
26 69
26 71
26 74
26 75
26 76
26 78
26 79
26 80
26 82
26 86
26 87
26 89
26 90
26 91
26 92
26 97
26 98
26 100
26 101
26 103
26 104
26 106
26 107
26 108
26 109
26 111
26 112
26 113
26 114
26 116
26 117
26 118
26 119
26 121
26 123
26 125
26 127
27 2
27 4
27 8
27 9
27 10
27 13
27 24
27 25
27 26
27 28
27 29
27 31
27 32
27 33
27 35
27 38
27 39
27 40
27 42
27 44
27 53
27 54
27 55
27 58
27 60
27 62
27 63
27 65
27 66
27 67
27 68
27 69
27 70
27 74
27 76
27 80
27 83
27 85
27 87
27 90
27 92
27 95
27 100
27 104
27 106
27 108
27 109
27 110
27 112
27 113
27 114
27 116
27 118
27 120
27 121
27 123
27 124
27 125
27 127
28 1
28 2
28 3
28 4
28 5
28 7
28 10
28 11
28 12
28 14
28 15
28 16
28 18
28 20
28 22
28 23
28 24
28 25
28 26
28 29
28 30
28 34
28 35
28 36
28 38
28 40
28 41
28 45
28 46
28 48
28 50
28 51
28 53
28 54
28 55
28 56
28 57
28 58
28 59
28 62
28 65
28 69
28 70
28 73
28 74
28 75
28 77
28 78
28 80
28 81
28 82
28 83
28 85
28 88
28 89
28 90
28 91
28 94
28 95
28 97
28 100
28 101
28 103
28 104
28 105
28 107
28 113
28 114
28 118
28 119
28 121
28 122
28 124
28 126
29 2
29 6
29 7
29 8
29 9
29 10
29 11
29 13
29 14
29 17
29 18
29 19
29 21
29 22
29 23
29 24
29 25
29 26
29 28
29 33
29 39
29 40
29 41
29 43
29 44
29 46
29 49
29 50
29 57
29 59
29 62
29 64
29 65
29 68
29 69
29 72
29 76
29 77
29 78
29 80
29 81
29 82
29 83
29 84
29 85
29 86
29 87
29 89
29 90
29 95
29 96
29 98
29 101
29 102
29 103
29 107
29 108
29 109
29 110
29 111
29 112
29 114
29 119
29 120
29 121
29 122
29 125
30 1
30 2
30 3
30 4
30 7
30 10
30 11
30 14
30 15
30 18
30 20
30 21
30 22
30 25
30 27
30 33
30 36
30 37
30 38
30 39
30 40
30 43
30 46
30 49
30 51
30 53
30 56
30 57
30 60
30 67
30 68
30 70
30 71
30 73
30 74
30 77
30 78
30 81
30 82
30 83
30 84
30 85
30 86
30 87
30 88
30 89
30 93
30 95
30 96
30 100
30 101
30 102
30 103
30 104
30 114
30 116
30 117
30 121
30 122
30 127
31 0
31 1
31 3
31 4
31 5
31 7
31 9
31 13
31 14
31 15
31 18
31 20
31 23
31 24
31 26
31 29
31 30
31 32
31 35
31 37
31 42
31 43
31 44
31 46
31 47
31 48
31 50
31 52
31 54
31 57
31 58
31 59
31 60
31 61
31 63
31 67
31 68
31 69
31 70
31 75
31 76
31 79
31 80
31 81
31 82
31 85
31 87
31 88
31 89
31 91
31 92
31 93
31 95
31 99
31 100
31 102
31 103
31 104
31 105
31 107
31 108
31 110
31 112
31 113
31 115
31 116
31 117
31 120
31 122
31 123
31 124
32 0
32 2
32 5
32 9
32 10
32 13
32 16
32 19
32 20
32 21
32 22
32 23
32 24
32 25
32 26
32 29
32 30
32 31
32 32
32 33
32 35
32 36
32 38
32 39
32 40
32 42
32 43
32 44
32 45
32 47
32 51
32 54
32 56
32 58
32 60
32 61
32 64
32 66
32 68
32 69
32 70
32 72
32 75
32 76
32 78
32 79
32 81
32 87
32 88
32 89
32 90
32 93
32 94
32 95
32 98
32 100
32 102
32 103
32 105
32 108
32 109
32 114
32 116
32 120
32 121
32 123
32 126
33 2
33 5
33 10
33 12
33 13
33 15
33 18
33 19
33 20
33 21
33 24
33 29
33 30
33 33
33 37
33 38
33 40
33 42
33 44
33 45
33 46
33 47
33 49
33 51
33 53
33 56
33 57
33 59
33 63
33 66
33 68
33 71
33 72
33 73
33 74
33 75
33 76
33 77
33 80
33 81
33 83
33 84
33 89
33 90
33 94
33 95
33 96
33 98
33 99
33 104
33 105
33 108
33 109
33 111
33 113
33 114
33 115
33 117
33 118
33 119
33 120
34 1
34 2
34 3
34 5
34 6
34 8
34 12
34 16
34 18
34 22
34 23
34 24
34 25
34 28
34 29
34 30
34 33
34 38
34 40
34 42
34 45
34 46
34 47
34 48
34 49
34 50
34 52
34 53
34 54
34 55
34 56
34 58
34 63
34 68
34 69
34 72
34 73
34 74
34 75
34 79
34 81
34 82
34 85
34 87
34 89
34 90
34 91
34 93
34 95
34 96
34 100
34 102
34 105
34 106
34 109
34 110
34 112
34 113
34 114
34 118
34 119
34 120
34 121
34 122
34 123
34 124
34 127
35 0
35 3
35 4
35 5
35 8
35 10
35 11
35 13
35 14
35 17
35 20
35 23
35 24
35 25
35 26
35 27
35 28
35 31
35 32
35 35
35 36
35 38
35 41
35 43
35 44
35 45
35 46
35 50
35 53
35 54
35 55
35 56
35 57
35 58
35 60
35 61
35 62
35 65
35 70
35 79
35 80
35 81
35 82
35 83
35 84
35 85
35 88
35 89
35 92
35 94
35 96
35 97
35 99
35 100
35 101
35 102
35 104
35 107
35 108
35 109
35 112
35 113
35 117
35 119
35 121
35 122
36 3
36 4
36 6
36 11
36 12
36 17
36 18
36 20
36 21
36 23
36 24
36 27
36 28
36 29
36 31
36 33
36 35
36 36
36 41
36 44
36 45
36 46
36 47
36 48
36 49
36 50
36 51
36 52
36 53
36 56
36 57
36 61
36 62
36 66
36 67
36 69
36 70
36 77
36 78
36 79
36 83
36 90
36 91
36 95
36 96
36 97
36 98
36 100
36 101
36 104
36 106
36 108
36 110
36 112
36 114
36 117
36 119
36 121
36 127
37 0
37 1
37 3
37 4
37 5
37 9
37 15
37 17
37 18
37 20
37 21
37 23
37 25
37 27
37 29
37 32
37 35
37 37
37 39
37 40
37 44
37 47
37 50
37 51
37 54
37 56
37 59
37 62
37 64
37 66
37 68
37 71
37 74
37 75
37 78
37 79
37 80
37 83
37 84
37 86
37 88
37 89
37 94
37 95
37 99
37 100
37 102
37 103
37 105
37 107
37 108
37 113
37 115
37 119
37 123
37 124
37 125
37 127
38 0
38 1
38 2
38 4
38 10
38 11
38 13
38 14
38 15
38 17
38 19
38 21
38 23
38 25
38 27
38 31
38 32
38 33
38 35
38 39
38 42
38 43
38 45
38 47
38 48
38 51
38 52
38 54
38 56
38 58
38 61
38 62
38 63
38 65
38 66
38 67
38 73
38 75
38 86
38 87
38 88
38 91
38 92
38 95
38 96
38 98
38 101
38 109
38 110
38 113
38 115
38 117
38 119
38 120
38 121
38 123
38 126
39 1
39 2
39 5
39 11
39 15
39 16
39 18
39 19
39 20
39 23
39 24
39 25
39 27
39 29
39 30
39 31
39 32
39 33
39 34
39 35
39 36
39 40
39 41
39 44
39 46
39 53
39 54
39 55
39 56
39 57
39 62
39 65
39 66
39 67
39 68
39 74
39 75
39 76
39 77
39 79
39 80
39 82
39 83
39 86
39 87
39 89
39 90
39 92
39 97
39 99
39 101
39 102
39 104
39 105
39 107
39 109
39 110
39 111
39 113
39 114
39 115
39 116
39 118
39 121
39 122
39 124
39 125
39 126
39 127
40 1
40 4
40 5
40 7
40 8
40 10
40 11
40 12
40 15
40 17
40 23
40 27
40 29
40 32
40 33
40 37
40 39
40 40
40 42
40 43
40 44
40 46
40 47
40 50
40 53
40 54
40 58
40 59
40 61
40 62
40 64
40 66
40 67
40 68
40 70
40 71
40 73
40 75
40 76
40 83
40 84
40 85
40 88
40 89
40 90
40 93
40 94
40 96
40 97
40 98
40 101
40 103
40 105
40 106
40 108
40 110
40 113
40 115
40 117
40 118
40 119
40 121
40 123
40 125
40 127
41 0
41 2
41 3
41 4
41 5
41 6
41 7
41 9
41 11
41 13
41 15
41 17
41 19
41 20
41 21
41 22
41 23
41 24
41 25
41 26
41 32
41 37
41 38
41 43
41 44
41 52
41 53
41 54
41 55
41 57
41 60
41 62
41 63
41 67
41 68
41 72
41 74
41 75
41 76
41 79
41 82
41 83
41 84
41 85
41 87
41 88
41 89
41 99
41 100
41 102
41 104
41 105
41 109
41 112
41 113
41 115
41 117
41 119
41 120
41 123
42 1
42 2
42 5
42 8
42 10
42 11
42 14
42 16
42 20
42 21
42 22
42 27
42 28
42 31
42 33
42 34
42 42
42 43
42 44
42 46
42 47
42 48
42 49
42 50
42 51
42 52
42 53
42 55
42 59
42 63
42 64
42 65
42 67
42 68
42 69
42 70
42 72
42 73
42 74
42 76
42 78
42 79
42 80
42 81
42 84
42 86
42 87
42 89
42 90
42 93
42 100
42 104
42 105
42 106
42 109
42 112
42 114
42 115
42 116
42 117
42 120
42 125
43 0
43 3
43 5
43 6
43 12
43 13
43 14
43 15
43 18
43 20
43 21
43 23
43 25
43 28
43 30
43 32
43 33
43 34
43 35
43 36
43 40
43 41
43 46
43 47
43 49
43 52
43 55
43 57
43 60
43 63
43 64
43 67
43 69
43 71
43 72
43 73
43 75
43 79
43 81
43 83
43 85
43 86
43 88
43 97
43 98
43 99
43 100
43 101
43 104
43 105
43 106
43 107
43 108
43 110
43 111
43 112
43 117
43 119
43 121
43 122
43 124
44 3
44 8
44 11
44 14
44 16
44 17
44 18
44 19
44 20
44 22
44 24
44 27
44 30
44 32
44 33
44 34
44 35
44 36
44 37
44 39
44 41
44 42
44 43
44 47
44 48
44 50
44 57
44 59
44 61
44 62
44 63
44 69
44 74
44 76
44 81
44 82
44 85
44 86
44 89
44 92
44 93
44 95
44 96
44 97
44 98
44 100
44 101
44 106
44 109
44 110
44 111
44 112
44 113
44 117
44 118
44 122
44 123
44 124
44 127
45 1
45 2
45 8
45 9
45 10
45 11
45 12
45 15
45 16
45 18
45 21
45 22
45 23
45 25
45 26
45 27
45 28
45 29
45 31
45 36
45 41
45 42
45 43
45 44
45 45
45 46
45 47
45 49
45 53
45 55
45 57
45 58
45 59
45 60
45 62
45 63
45 64
45 65
45 66
45 68
45 69
45 70
45 71
45 75
45 76
45 77
45 79
45 83
45 85
45 86
45 89
45 92
45 93
45 100
45 101
45 104
45 105
45 106
45 108
45 109
45 110
45 111
45 112
45 113
45 114
45 115
45 116
45 121
45 122
45 127
46 3
46 5
46 6
46 7
46 9
46 11
46 14
46 15
46 18
46 21
46 23
46 26
46 31
46 35
46 40
46 41
46 44
46 46
46 47
46 48
46 50
46 51
46 52
46 54
46 57
46 62
46 63
46 64
46 65
46 66
46 67
46 70
46 71
46 72
46 74
46 76
46 77
46 79
46 82
46 83
46 84
46 85
46 86
46 88
46 89
46 90
46 91
46 92
46 94
46 96
46 100
46 105
46 107
46 108
46 109
46 113
46 115
46 116
46 122
46 123
46 124
46 126
47 1
47 2
47 5
47 8
47 11
47 12
47 13
47 15
47 17
47 18
47 19
47 20
47 21
47 23
47 25
47 26
47 29
47 32
47 33
47 36
47 37
47 38
47 40
47 46
47 52
47 56
47 57
47 58
47 62
47 65
47 68
47 69
47 70
47 71
47 72
47 73
47 77
47 80
47 81
47 82
47 83
47 84
47 85
47 86
47 88
47 92
47 94
47 95
47 96
47 99
47 100
47 102
47 103
47 104
47 108
47 110
47 113
47 114
47 115
47 119
47 123
47 127
48 0
48 1
48 2
48 3
48 4
48 8
48 14
48 15
48 18
48 21
48 23
48 27
48 30
48 31
48 35
48 36
48 37
48 39
48 40
48 41
48 43
48 44
48 46
48 47
48 49
48 50
48 54
48 58
48 62
48 63
48 64
48 66
48 67
48 70
48 73
48 74
48 75
48 76
48 77
48 80
48 81
48 83
48 84
48 85
48 86
48 87
48 89
48 91
48 92
48 95
48 98
48 100
48 102
48 103
48 108
48 111
48 112
48 114
48 115
48 116
48 121
48 122
48 123
48 126
48 127
49 0
49 1
49 4
49 6
49 9
49 13
49 17
49 26
49 29
49 34
49 35
49 39
49 43
49 44
49 45
49 46
49 49
49 50
49 51
49 53
49 56
49 57
49 58
49 60
49 61
49 64
49 66
49 67
49 68
49 69
49 71
49 72
49 74
49 76
49 77
49 78
49 79
49 81
49 83
49 85
49 88
49 94
49 95
49 100
49 102
49 104
49 105
49 108
49 110
49 111
49 115
49 116
49 118
49 119
49 121
49 122
49 124
49 125
49 126
49 127
50 5
50 6
50 9
50 10
50 12
50 13
50 14
50 16
50 17
50 21
50 22
50 25
50 29
50 33
50 35
50 37
50 38
50 42
50 43
50 46
50 47
50 49
50 53
50 58
50 60
50 65
50 66
50 68
50 70
50 72
50 73
50 75
50 76
50 78
50 79
50 80
50 81
50 87
50 88
50 89
50 90
50 91
50 92
50 94
50 96
50 102
50 104
50 106
50 110
50 113
50 114
50 116
50 118
50 119
50 122
50 125
51 4
51 6
51 7
51 8
51 10
51 11
51 13
51 14
51 20
51 21
51 23
51 26
51 27
51 30
51 31
51 35
51 36
51 37
51 41
51 43
51 45
51 46
51 49
51 50
51 55
51 56
51 58
51 60
51 61
51 62
51 63
51 64
51 66
51 67
51 68
51 71
51 72
51 73
51 74
51 75
51 76
51 79
51 80
51 83
51 84
51 85
51 88
51 89
51 90
51 92
51 97
51 98
51 100
51 102
51 103
51 106
51 107
51 110
51 112
51 114
51 115
51 119
51 120
51 123
51 125
51 126
51 127
52 0
52 1
52 3
52 7
52 8
52 9
52 10
52 12
52 16
52 18
52 19
52 20
52 21
52 23
52 26
52 28
52 29
52 31
52 33
52 34
52 37
52 38
52 39
52 40
52 44
52 46
52 49
52 54
52 55
52 56
52 57
52 61
52 63
52 64
52 66
52 68
52 69
52 70
52 75
52 77
52 79
52 82
52 85
52 86
52 89
52 90
52 92
52 96
52 98
52 99
52 102
52 109
52 110
52 111
52 112
52 116
52 117
52 120
52 121
52 123
52 127
53 2
53 5
53 6
53 7
53 11
53 12
53 13
53 16
53 17
53 18
53 19
53 21
53 22
53 25
53 26
53 27
53 30
53 31
53 34
53 36
53 46
53 49
53 50
53 51
53 52
53 53
53 58
53 60
53 65
53 67
53 68
53 69
53 74
53 75
53 76
53 78
53 79
53 80
53 82
53 85
53 87
53 88
53 92
53 95
53 97
53 99
53 100
53 102
53 103
53 105
53 107
53 108
53 110
53 111
53 113
53 114
53 115
53 116
53 117
53 118
53 119
53 120
53 121
53 123
53 124
53 125
53 127
54 0
54 1
54 4
54 9
54 10
54 11
54 12
54 16
54 19
54 24
54 25
54 27
54 28
54 29
54 33
54 35
54 37
54 41
54 43
54 45
54 48
54 49
54 50
54 51
54 52
54 56
54 59
54 61
54 62
54 67
54 68
54 69
54 70
54 80
54 81
54 83
54 85
54 88
54 89
54 90
54 93
54 94
54 95
54 97
54 98
54 99
54 102
54 103
54 105
54 108
54 109
54 111
54 115
54 116
54 117
54 122
54 123
54 125
54 126
55 1
55 3
55 4
55 5
55 6
55 8
55 9
55 11
55 12
55 15
55 18
55 19
55 20
55 21
55 22
55 24
55 25
55 26
55 27
55 28
55 30
55 31
55 35
55 36
55 40
55 43
55 44
55 45
55 48
55 49
55 50
55 52
55 54
55 55
55 58
55 60
55 61
55 70
55 72
55 73
55 75
55 76
55 80
55 85
55 87
55 91
55 92
55 95
55 97
55 98
55 100
55 102
55 107
55 108
55 114
55 115
55 116
55 117
55 118
55 122
55 124
55 127
56 1
56 2
56 3
56 6
56 12
56 18
56 21
56 26
56 28
56 30
56 33
56 36
56 38
56 41
56 42
56 45
56 46
56 51
56 52
56 53
56 54
56 55
56 56
56 59
56 60
56 61
56 62
56 66
56 67
56 68
56 69
56 72
56 73
56 75
56 78
56 82
56 84
56 85
56 88
56 90
56 92
56 93
56 96
56 97
56 98
56 99
56 100
56 107
56 110
56 111
56 112
56 113
56 115
56 116
56 117
56 118
56 120
56 121
56 124
56 125
56 126
56 127
57 1
57 3
57 5
57 6
57 11
57 12
57 14
57 15
57 20
57 22
57 24
57 32
57 33
57 35
57 36
57 37
57 38
57 39
57 40
57 43
57 44
57 45
57 47
57 49
57 50
57 51
57 56
57 58
57 59
57 62
57 63
57 69
57 71
57 72
57 75
57 76
57 77
57 79
57 85
57 90
57 93
57 94
57 96
57 97
57 98
57 100
57 101
57 102
57 105
57 108
57 109
57 110
57 115
57 117
57 118
57 119
57 121
57 122
57 124
57 125
58 2
58 4
58 6
58 7
58 8
58 9
58 10
58 12
58 13
58 14
58 16
58 17
58 23
58 24
58 25
58 27
58 29
58 33
58 36
58 38
58 39
58 40
58 43
58 44
58 46
58 47
58 49
58 50
58 52
58 61
58 63
58 64
58 66
58 67
58 68
58 69
58 70
58 71
58 74
58 75
58 79
58 84
58 85
58 86
58 90
58 91
58 92
58 93
58 96
58 98
58 102
58 103
58 107
58 109
58 110
58 112
58 114
58 116
58 117
58 119
58 122
58 124
58 125
59 0
59 2
59 5
59 8
59 12
59 14
59 22
59 24
59 26
59 27
59 29
59 30
59 33
59 35
59 37
59 38
59 39
59 42
59 43
59 45
59 46
59 48
59 52
59 53
59 55
59 57
59 59
59 62
59 63
59 66
59 67
59 69
59 72
59 74
59 75
59 76
59 80
59 82
59 83
59 86
59 87
59 88
59 89
59 90
59 92
59 93
59 100
59 102
59 104
59 105
59 106
59 107
59 108
59 109
59 110
59 111
59 112
59 113
59 117
59 118
59 119
59 120
59 121
59 122
59 124
60 0
60 1
60 2
60 5
60 8
60 9
60 10
60 12
60 13
60 17
60 18
60 23
60 24
60 26
60 29
60 31
60 32
60 34
60 35
60 38
60 39
60 40
60 41
60 43
60 44
60 48
60 49
60 51
60 55
60 58
60 60
60 61
60 63
60 67
60 70
60 71
60 74
60 75
60 76
60 77
60 79
60 80
60 84
60 85
60 86
60 87
60 88
60 93
60 96
60 98
60 99
60 100
60 105
60 109
60 110
60 111
60 112
60 113
60 114
60 115
60 116
60 120
60 121
60 125
60 126
60 127
61 3
61 4
61 6
61 7
61 10
61 14
61 15
61 17
61 20
61 22
61 23
61 25
61 26
61 27
61 28
61 30
61 32
61 34
61 35
61 37
61 38
61 41
61 45
61 47
61 48
61 49
61 51
61 53
61 54
61 55
61 61
61 64
61 66
61 70
61 71
61 74
61 75
61 76
61 78
61 79
61 80
61 81
61 85
61 87
61 88
61 89
61 90
61 91
61 94
61 95
61 101
61 103
61 107
61 110
61 112
61 113
61 115
61 116
61 123
61 124
61 126
61 127
62 2
62 5
62 6
62 7
62 8
62 9
62 10
62 14
62 16
62 19
62 20
62 24
62 26
62 28
62 29
62 31
62 32
62 33
62 35
62 36
62 37
62 40
62 42
62 44
62 47
62 48
62 49
62 51
62 54
62 55
62 57
62 60
62 61
62 63
62 64
62 65
62 67
62 68
62 73
62 78
62 83
62 85
62 87
62 88
62 89
62 90
62 91
62 92
62 95
62 96
62 97
62 98
62 99
62 100
62 103
62 104
62 106
62 108
62 110
62 119
62 121
62 122
62 125
63 1
63 3
63 4
63 5
63 7
63 8
63 9
63 10
63 11
63 12
63 14
63 15
63 17
63 18
63 19
63 20
63 22
63 28
63 29
63 31
63 32
63 33
63 35
63 36
63 38
63 40
63 41
63 42
63 44
63 45
63 46
63 47
63 48
63 52
63 53
63 54
63 57
63 58
63 61
63 62
63 63
63 64
63 67
63 68
63 72
63 76
63 78
63 80
63 82
63 86
63 87
63 89
63 90
63 92
63 93
63 98
63 99
63 105
63 106
63 107
63 110
63 114
63 118
63 121
63 125
63 127
64 0
64 3
64 11
64 12
64 20
64 22
64 24
64 25
64 28
64 31
64 32
64 34
64 35
64 36
64 37
64 39
64 51
64 53
64 54
64 55
64 56
64 61
64 63
64 65
64 68
64 69
64 70
64 71
64 72
64 73
64 75
64 76
64 78
64 81
64 83
64 84
64 89
64 90
64 93
64 95
64 97
64 99
64 100
64 101
64 102
64 103
64 105
64 108
64 109
64 117
64 121
64 126
64 127
65 0
65 1
65 2
65 3
65 4
65 7
65 8
65 9
65 10
65 12
65 13
65 24
65 27
65 30
65 33
65 34
65 35
65 36
65 38
65 39
65 41
65 43
65 48
65 49
65 53
65 55
65 56
65 57
65 58
65 59
65 61
65 64
65 69
65 70
65 71
65 72
65 73
65 74
65 77
65 79
65 80
65 81
65 82
65 83
65 86
65 88
65 89
65 90
65 92
65 96
65 97
65 98
65 100
65 104
65 105
65 111
65 112
65 113
65 116
65 117
65 120
65 121
65 122
65 124
65 125
65 126
65 127
66 3
66 4
66 5
66 6
66 7
66 8
66 9
66 12
66 14
66 16
66 18
66 19
66 20
66 23
66 26
66 27
66 28
66 31
66 35
66 36
66 38
66 40
66 41
66 42
66 45
66 47
66 48
66 49
66 51
66 54
66 55
66 58
66 59
66 60
66 61
66 63
66 65
66 66
66 68
66 71
66 73
66 74
66 75
66 76
66 78
66 79
66 81
66 82
66 84
66 87
66 89
66 90
66 92
66 93
66 95
66 97
66 98
66 101
66 102
66 103
66 105
66 106
66 107
66 108
66 112
66 113
66 116
66 117
66 118
66 122
66 123
66 125
66 127
67 0
67 1
67 2
67 3
67 5
67 6
67 7
67 8
67 9
67 12
67 17
67 19
67 20
67 23
67 27
67 29
67 30
67 32
67 34
67 35
67 37
67 41
67 43
67 45
67 47
67 49
67 50
67 51
67 54
67 59
67 60
67 65
67 68
67 69
67 73
67 77
67 79
67 80
67 81
67 82
67 84
67 86
67 94
67 96
67 97
67 98
67 99
67 102
67 103
67 104
67 106
67 107
67 108
67 110
67 112
67 114
67 115
67 117
67 120
67 121
67 122
67 124
67 125
67 126
67 127
68 0
68 2
68 4
68 5
68 6
68 8
68 9
68 12
68 13
68 17
68 18
68 20
68 21
68 23
68 24
68 25
68 26
68 28
68 31
68 32
68 33
68 37
68 39
68 41
68 42
68 44
68 48
68 49
68 52
68 56
68 57
68 59
68 61
68 62
68 63
68 65
68 66
68 67
68 68
68 70
68 75
68 77
68 78
68 81
68 85
68 88
68 90
68 92
68 94
68 95
68 96
68 99
68 104
68 105
68 107
68 111
68 115
68 117
68 118
68 119
68 121
68 123
68 124
68 126
68 127
69 1
69 2
69 4
69 5
69 7
69 8
69 10
69 19
69 20
69 21
69 22
69 23
69 24
69 27
69 28
69 29
69 38
69 42
69 43
69 45
69 46
69 47
69 48
69 49
69 50
69 51
69 54
69 55
69 56
69 57
69 59
69 61
69 64
69 66
69 74
69 75
69 76
69 77
69 79
69 82
69 90
69 92
69 94
69 95
69 98
69 99
69 101
69 102
69 103
69 104
69 105
69 106
69 108
69 110
69 112
69 113
69 114
69 117
69 118
69 120
69 121
69 122
69 124
69 126
70 1
70 2
70 3
70 6
70 7
70 10
70 12
70 13
70 17
70 19
70 22
70 26
70 27
70 29
70 30
70 31
70 32
70 33
70 34
70 36
70 38
70 42
70 43
70 44
70 47
70 48
70 49
70 51
70 52
70 59
70 61
70 63
70 65
70 66
70 68
70 72
70 74
70 75
70 78
70 79
70 83
70 84
70 88
70 89
70 92
70 93
70 94
70 96
70 97
70 99
70 101
70 102
70 103
70 107
70 108
70 109
70 110
70 115
70 117
70 119
70 120
70 126
70 127
71 1
71 2
71 5
71 6
71 11
71 12
71 17
71 18
71 20
71 21
71 23
71 27
71 31
71 35
71 37
71 42
71 44
71 45
71 50
71 51
71 52
71 57
71 58
71 60
71 64
71 65
71 67
71 68
71 69
71 72
71 75
71 76
71 77
71 78
71 80
71 81
71 84
71 85
71 87
71 89
71 91
71 96
71 97
71 98
71 103
71 104
71 105
71 106
71 108
71 109
71 110
71 111
71 113
71 114
71 116
71 117
71 118
71 119
71 121
71 122
71 124
71 125
71 127
72 2
72 5
72 6
72 9
72 11
72 12
72 14
72 15
72 16
72 17
72 23
72 27
72 30
72 32
72 35
72 38
72 39
72 40
72 44
72 45
72 46
72 48
72 50
72 54
72 55
72 56
72 57
72 58
72 59
72 62
72 66
72 68
72 71
72 77
72 80
72 86
72 87
72 89
72 92
72 93
72 94
72 97
72 102
72 103
72 104
72 105
72 106
72 107
72 111
72 112
72 114
72 115
72 116
72 117
72 123
72 124
72 127
73 1
73 2
73 7
73 10
73 13
73 15
73 16
73 17
73 18
73 19
73 20
73 24
73 29
73 30
73 31
73 32
73 33
73 34
73 35
73 37
73 40
73 41
73 44
73 46
73 47
73 48
73 54
73 56
73 57
73 60
73 62
73 63
73 64
73 66
73 67
73 69
73 71
73 72
73 73
73 74
73 75
73 76
73 77
73 78
73 80
73 82
73 85
73 86
73 87
73 91
73 92
73 93
73 94
73 98
73 99
73 100
73 101
73 103
73 105
73 107
73 109
73 111
73 113
73 114
73 117
73 118
73 119
73 120
73 121
73 122
73 123
74 3
74 5
74 6
74 7
74 12
74 13
74 14
74 17
74 19
74 20
74 22
74 25
74 26
74 27
74 28
74 32
74 36
74 37
74 39
74 40
74 42
74 43
74 47
74 48
74 52
74 53
74 55
74 58
74 59
74 60
74 62
74 64
74 66
74 68
74 69
74 70
74 73
74 75
74 78
74 82
74 84
74 86
74 87
74 88
74 90
74 91
74 92
74 95
74 98
74 99
74 100
74 101
74 102
74 105
74 106
74 108
74 110
74 114
74 116
74 117
74 119
74 120
74 121
74 124
74 127
75 0
75 2
75 10
75 11
75 14
75 15
75 17
75 22
75 26
75 27
75 28
75 30
75 31
75 32
75 33
75 34
75 35
75 37
75 38
75 39
75 40
75 42
75 46
75 48
75 49
75 50
75 52
75 54
75 57
75 58
75 59
75 60
75 64
75 65
75 66
75 68
75 69
75 71
75 72
75 73
75 76
75 80
75 82
75 87
75 91
75 93
75 94
75 96
75 97
75 98
75 99
75 100
75 102
75 103
75 105
75 106
75 111
75 112
75 113
75 114
75 115
75 116
75 118
75 122
75 125
75 126
76 4
76 7
76 9
76 10
76 11
76 13
76 14
76 19
76 21
76 22
76 23
76 24
76 26
76 28
76 30
76 31
76 34
76 40
76 41
76 42
76 43
76 44
76 46
76 48
76 50
76 53
76 54
76 57
76 58
76 59
76 60
76 61
76 62
76 63
76 65
76 67
76 68
76 69
76 70
76 73
76 75
76 76
76 77
76 79
76 80
76 81
76 83
76 85
76 87
76 89
76 91
76 92
76 94
76 95
76 96
76 100
76 104
76 112
76 115
76 117
76 118
76 119
76 120
76 122
76 123
76 124
76 125
76 126
77 0
77 1
77 5
77 6
77 7
77 8
77 9
77 11
77 14
77 16
77 18
77 19
77 20
77 25
77 26
77 27
77 28
77 30
77 32
77 34
77 38
77 40
77 41
77 42
77 44
77 49
77 62
77 63
77 66
77 70
77 71
77 72
77 75
77 76
77 77
77 80
77 81
77 82
77 83
77 84
77 85
77 87
77 89
77 91
77 95
77 96
77 99
77 102
77 104
77 106
77 108
77 109
77 111
77 113
77 115
77 118
77 119
77 120
77 121
77 122
77 124
77 125
77 127
78 0
78 4
78 6
78 7
78 10
78 12
78 13
78 17
78 18
78 19
78 20
78 21
78 23
78 26
78 36
78 37
78 39
78 41
78 45
78 46
78 47
78 48
78 49
78 51
78 56
78 59
78 63
78 64
78 66
78 69
78 70
78 71
78 72
78 73
78 75
78 76
78 79
78 80
78 81
78 83
78 85
78 86
78 88
78 89
78 91
78 92
78 94
78 95
78 97
78 98
78 100
78 102
78 103
78 106
78 107
78 109
78 112
78 116
78 117
78 118
78 119
78 120
78 122
78 123
78 124
78 126
79 1
79 2
79 4
79 7
79 11
79 12
79 14
79 15
79 17
79 19
79 20
79 24
79 25
79 26
79 28
79 29
79 32
79 33
79 34
79 35
79 41
79 42
79 44
79 45
79 46
79 47
79 50
79 51
79 52
79 54
79 56
79 57
79 58
79 59
79 61
79 63
79 65
79 78
79 80
79 82
79 84
79 88
79 90
79 91
79 92
79 93
79 95
79 96
79 98
79 99
79 100
79 103
79 105
79 106
79 107
79 110
79 111
79 112
79 113
79 114
79 115
79 118
79 119
79 120
79 121
79 124
79 126
79 127
80 4
80 6
80 7
80 9
80 13
80 14
80 15
80 16
80 18
80 19
80 21
80 23
80 24
80 25
80 28
80 31
80 33
80 36
80 38
80 39
80 44
80 45
80 46
80 48
80 49
80 51
80 53
80 57
80 60
80 61
80 62
80 63
80 65
80 66
80 69
80 72
80 74
80 75
80 81
80 82
80 84
80 85
80 87
80 88
80 89
80 91
80 95
80 96
80 99
80 100
80 101
80 103
80 104
80 105
80 108
80 113
80 115
80 117
80 119
80 121
80 124
80 125
80 126
80 127
81 0
81 3
81 4
81 8
81 9
81 10
81 11
81 13
81 17
81 19
81 20
81 24
81 25
81 26
81 27
81 31
81 32
81 34
81 35
81 36
81 37
81 41
81 42
81 43
81 46
81 49
81 53
81 54
81 55
81 56
81 59
81 62
81 65
81 66
81 67
81 68
81 69
81 71
81 72
81 75
81 76
81 77
81 78
81 82
81 85
81 86
81 87
81 89
81 90
81 92
81 94
81 96
81 98
81 104
81 106
81 107
81 108
81 110
81 111
81 114
81 115
81 116
81 119
81 122
81 124
81 125
81 126
82 0
82 1
82 3
82 5
82 6
82 7
82 11
82 15
82 17
82 21
82 23
82 25
82 28
82 29
82 32
82 33
82 37
82 41
82 42
82 43
82 45
82 48
82 49
82 50
82 51
82 52
82 53
82 54
82 56
82 61
82 64
82 66
82 69
82 71
82 72
82 76
82 77
82 81
82 83
82 85
82 88
82 90
82 91
82 92
82 94
82 95
82 97
82 98
82 99
82 102
82 104
82 105
82 111
82 113
82 118
82 120
82 122
82 123
82 124
82 127
83 0
83 1
83 2
83 3
83 4
83 6
83 7
83 8
83 9
83 12
83 13
83 14
83 15
83 16
83 18
83 19
83 20
83 21
83 23
83 32
83 33
83 35
83 36
83 43
83 48
83 49
83 50
83 51
83 55
83 56
83 62
83 65
83 68
83 69
83 72
83 74
83 78
83 80
83 83
83 84
83 85
83 87
83 88
83 90
83 96
83 97
83 98
83 100
83 103
83 106
83 107
83 108
83 110
83 111
83 112
83 114
83 115
83 116
83 117
83 127
84 0
84 1
84 3
84 7
84 8
84 10
84 11
84 13
84 14
84 18
84 22
84 25
84 31
84 38
84 40
84 42
84 43
84 44
84 45
84 48
84 49
84 50
84 51
84 55
84 58
84 60
84 61
84 62
84 63
84 65
84 67
84 69
84 71
84 72
84 74
84 76
84 77
84 78
84 79
84 80
84 84
84 89
84 90
84 91
84 93
84 100
84 101
84 102
84 105
84 106
84 107
84 108
84 110
84 111
84 112
84 113
84 115
84 117
84 118
84 119
84 124
84 125
84 126
84 127
85 0
85 3
85 4
85 5
85 6
85 7
85 10
85 11
85 13
85 16
85 18
85 22
85 23
85 24
85 25
85 28
85 31
85 32
85 34
85 35
85 38
85 39
85 40
85 43
85 44
85 45
85 49
85 50
85 52
85 53
85 54
85 56
85 59
85 60
85 66
85 69
85 71
85 72
85 76
85 79
85 80
85 81
85 83
85 84
85 85
85 89
85 91
85 92
85 94
85 96
85 98
85 102
85 103
85 104
85 107
85 110
85 111
85 112
85 114
85 117
85 118
85 119
85 120
85 124
85 127
86 0
86 5
86 7
86 8
86 10
86 11
86 12
86 13
86 16
86 19
86 22
86 23
86 25
86 28
86 29
86 30
86 31
86 35
86 36
86 38
86 39
86 40
86 41
86 43
86 45
86 48
86 49
86 50
86 51
86 52
86 58
86 59
86 60
86 63
86 64
86 65
86 66
86 67
86 69
86 70
86 77
86 78
86 82
86 83
86 86
86 91
86 94
86 98
86 101
86 103
86 105
86 106
86 107
86 108
86 110
86 112
86 113
86 115
86 117
86 120
86 123
86 126
87 0
87 2
87 4
87 6
87 7
87 11
87 13
87 15
87 16
87 17
87 19
87 21
87 22
87 24
87 25
87 26
87 28
87 31
87 32
87 33
87 35
87 36
87 37
87 40
87 43
87 44
87 45
87 50
87 51
87 57
87 58
87 60
87 69
87 70
87 73
87 75
87 76
87 78
87 80
87 83
87 84
87 85
87 87
87 90
87 91
87 92
87 95
87 96
87 99
87 100
87 102
87 104
87 105
87 106
87 107
87 109
87 113
87 114
87 116
87 119
87 120
87 121
87 122
87 124
87 125
88 1
88 2
88 4
88 5
88 9
88 10
88 13
88 14
88 15
88 16
88 19
88 21
88 22
88 23
88 24
88 25
88 26
88 33
88 34
88 35
88 37
88 41
88 44
88 46
88 51
88 54
88 55
88 56
88 58
88 59
88 63
88 65
88 67
88 69
88 79
88 81
88 82
88 83
88 84
88 86
88 88
88 90
88 91
88 92
88 93
88 95
88 99
88 100
88 105
88 106
88 109
88 111
88 112
88 114
88 115
88 117
88 119
88 120
88 121
88 122
89 2
89 3
89 8
89 10
89 11
89 12
89 13
89 17
89 19
89 20
89 22
89 23
89 26
89 31
89 34
89 35
89 38
89 39
89 43
89 45
89 47
89 55
89 56
89 57
89 62
89 65
89 66
89 67
89 68
89 70
89 72
89 73
89 76
89 78
89 79
89 80
89 84
89 85
89 89
89 92
89 93
89 95
89 100
89 102
89 105
89 106
89 107
89 108
89 109
89 111
89 114
89 115
89 118
89 121
89 122
89 123
89 125
89 126
89 127
90 1
90 13
90 14
90 16
90 17
90 19
90 23
90 25
90 28
90 30
90 31
90 32
90 35
90 36
90 37
90 40
90 45
90 50
90 51
90 56
90 57
90 60
90 64
90 65
90 67
90 71
90 74
90 77
90 79
90 80
90 81
90 82
90 83
90 84
90 86
90 88
90 89
90 91
90 92
90 93
90 96
90 99
90 101
90 102
90 103
90 104
90 106
90 107
90 112
90 113
90 114
90 115
90 116
90 119
90 124
90 125
90 126
90 127
91 1
91 2
91 3
91 4
91 5
91 7
91 10
91 11
91 12
91 14
91 15
91 16
91 17
91 18
91 19
91 22
91 25
91 26
91 27
91 30
91 31
91 32
91 33
91 35
91 36
91 37
91 38
91 39
91 40
91 41
91 42
91 43
91 44
91 46
91 47
91 48
91 49
91 52
91 54
91 55
91 57
91 58
91 60
91 62
91 64
91 68
91 70
91 71
91 72
91 74
91 75
91 77
91 82
91 83
91 85
91 87
91 88
91 90
91 93
91 96
91 99
91 101
91 102
91 104
91 106
91 107
91 108
91 116
91 117
91 120
91 121
91 124
91 126
92 1
92 8
92 14
92 21
92 22
92 23
92 28
92 31
92 32
92 35
92 37
92 39
92 42
92 43
92 46
92 47
92 48
92 49
92 51
92 54
92 58
92 59
92 60
92 62
92 66
92 68
92 69
92 71
92 74
92 75
92 76
92 77
92 78
92 79
92 80
92 86
92 87
92 88
92 90
92 92
92 93
92 95
92 96
92 97
92 98
92 99
92 102
92 103
92 104
92 107
92 111
92 113
92 114
92 116
92 117
92 119
92 123
92 125
93 0
93 1
93 4
93 5
93 7
93 10
93 13
93 16
93 17
93 18
93 21
93 24
93 25
93 26
93 28
93 29
93 32
93 33
93 36
93 38
93 41
93 45
93 46
93 48
93 50
93 51
93 52
93 59
93 60
93 63
93 70
93 73
93 74
93 76
93 78
93 79
93 80
93 82
93 84
93 86
93 87
93 88
93 89
93 91
93 95
93 96
93 97
93 100
93 102
93 106
93 107
93 109
93 112
93 116
93 117
93 118
93 121
93 122
93 125
93 126
93 127
94 1
94 2
94 3
94 5
94 10
94 12
94 16
94 17
94 18
94 21
94 22
94 30
94 40
94 44
94 45
94 46
94 47
94 50
94 53
94 54
94 57
94 58
94 60
94 61
94 63
94 64
94 65
94 66
94 67
94 68
94 69
94 70
94 74
94 78
94 82
94 84
94 85
94 90
94 92
94 93
94 95
94 97
94 100
94 102
94 105
94 106
94 110
94 111
94 112
94 113
94 116
94 117
94 118
94 120
94 122
94 123
94 125
94 126
94 127
95 1
95 2
95 4
95 9
95 11
95 12
95 14
95 16
95 19
95 20
95 21
95 22
95 25
95 29
95 30
95 31
95 32
95 33
95 34
95 38
95 39
95 41
95 43
95 44
95 45
95 50
95 56
95 57
95 58
95 59
95 64
95 67
95 68
95 72
95 73
95 75
95 76
95 77
95 78
95 83
95 84
95 85
95 88
95 89
95 90
95 94
95 95
95 97
95 100
95 101
95 103
95 104
95 108
95 110
95 116
95 118
95 119
95 121
95 123
95 125
96 1
96 2
96 6
96 7
96 8
96 9
96 11
96 12
96 13
96 14
96 16
96 17
96 20
96 21
96 22
96 26
96 29
96 31
96 36
96 39
96 41
96 43
96 46
96 49
96 50
96 53
96 54
96 58
96 60
96 63
96 64
96 65
96 66
96 67
96 68
96 73
96 74
96 77
96 78
96 80
96 85
96 88
96 89
96 90
96 94
96 95
96 97
96 106
96 107
96 108
96 109
96 110
96 111
96 112
96 115
96 118
96 119
96 121
96 122
96 123
96 124
97 6
97 9
97 11
97 12
97 13
97 14
97 15
97 19
97 29
97 30
97 33
97 34
97 38
97 39
97 42
97 43
97 44
97 45
97 46
97 47
97 51
97 53
97 54
97 58
97 60
97 64
97 65
97 66
97 70
97 73
97 74
97 77
97 78
97 79
97 82
97 84
97 86
97 89
97 92
97 93
97 94
97 97
97 98
97 105
97 110
97 111
97 113
97 115
97 116
97 117
97 119
97 120
97 122
97 124
97 125
98 0
98 5
98 8
98 9
98 12
98 13
98 17
98 19
98 21
98 22
98 23
98 24
98 25
98 26
98 27
98 29
98 30
98 34
98 35
98 37
98 38
98 39
98 40
98 42
98 47
98 48
98 49
98 51
98 55
98 56
98 57
98 59
98 60
98 64
98 65
98 69
98 73
98 74
98 76
98 77
98 79
98 81
98 82
98 83
98 84
98 86
98 88
98 89
98 90
98 91
98 93
98 94
98 96
98 97
98 100
98 101
98 102
98 103
98 104
98 105
98 106
98 107
98 112
98 113
98 114
98 115
98 116
98 120
98 123
98 124
99 3
99 5
99 7
99 9
99 11
99 15
99 19
99 22
99 24
99 25
99 27
99 28
99 29
99 30
99 31
99 32
99 34
99 35
99 40
99 41
99 43
99 44
99 46
99 47
99 49
99 53
99 56
99 60
99 62
99 63
99 65
99 67
99 71
99 74
99 75
99 76
99 77
99 78
99 80
99 83
99 86
99 87
99 91
99 92
99 94
99 98
99 99
99 101
99 106
99 110
99 111
99 112
99 113
99 114
99 117
99 119
99 120
99 121
99 122
99 123
99 124
99 126
99 127
100 0
100 2
100 6
100 8
100 9
100 10
100 11
100 12
100 14
100 16
100 17
100 19
100 21
100 23
100 29
100 30
100 32
100 33
100 34
100 36
100 38
100 43
100 44
100 45
100 48
100 51
100 52
100 57
100 58
100 59
100 60
100 62
100 66
100 67
100 68
100 69
100 70
100 75
100 77
100 79
100 80
100 82
100 83
100 84
100 85
100 86
100 88
100 89
100 91
100 92
100 94
100 95
100 106
100 110
100 114
100 116
100 117
100 118
100 119
100 120
100 121
100 123
100 127
101 3
101 6
101 9
101 10
101 12
101 13
101 14
101 17
101 18
101 19
101 20
101 22
101 24
101 27
101 29
101 30
101 34
101 35
101 36
101 41
101 44
101 49
101 53
101 55
101 57
101 58
101 59
101 62
101 63
101 65
101 66
101 67
101 68
101 69
101 71
101 72
101 75
101 78
101 79
101 87
101 88
101 90
101 91
101 94
101 98
101 100
101 101
101 102
101 105
101 106
101 108
101 110
101 113
101 114
101 115
101 116
101 117
101 119
101 120
101 121
101 122
101 127
102 1
102 2
102 3
102 4
102 6
102 11
102 12
102 13
102 14
102 16
102 18
102 19
102 22
102 23
102 24
102 25
102 26
102 27
102 29
102 32
102 33
102 35
102 41
102 42
102 45
102 48
102 52
102 54
102 55
102 56
102 60
102 61
102 62
102 66
102 68
102 69
102 72
102 74
102 75
102 77
102 79
102 82
102 83
102 87
102 89
102 91
102 92
102 93
102 95
102 96
102 100
102 101
102 115
102 116
102 118
102 120
102 122
102 125
102 126
102 127
103 1
103 2
103 3
103 4
103 5
103 6
103 7
103 8
103 9
103 10
103 11
103 15
103 16
103 18
103 19
103 20
103 24
103 25
103 26
103 27
103 31
103 33
103 34
103 37
103 38
103 39
103 41
103 42
103 44
103 45
103 48
103 49
103 56
103 57
103 62
103 63
103 66
103 69
103 71
103 75
103 77
103 78
103 80
103 82
103 84
103 85
103 87
103 88
103 89
103 92
103 94
103 95
103 97
103 98
103 99
103 102
103 103
103 104
103 105
103 107
103 108
103 111
103 112
103 114
103 117
103 119
103 123
103 125
103 126
104 7
104 9
104 10
104 11
104 16
104 18
104 19
104 21
104 22
104 23
104 24
104 25
104 27
104 28
104 32
104 34
104 35
104 37
104 39
104 40
104 43
104 47
104 54
104 55
104 56
104 59
104 61
104 62
104 66
104 67
104 68
104 69
104 70
104 71
104 73
104 78
104 81
104 82
104 83
104 86
104 87
104 94
104 95
104 96
104 106
104 107
104 109
104 112
104 115
104 117
104 121
104 125
104 126
105 0
105 1
105 3
105 4
105 5
105 12
105 16
105 18
105 20
105 23
105 25
105 26
105 27
105 28
105 29
105 30
105 31
105 34
105 35
105 39
105 40
105 41
105 43
105 44
105 45
105 49
105 50
105 52
105 53
105 54
105 58
105 59
105 62
105 63
105 67
105 69
105 71
105 73
105 74
105 76
105 81
105 86
105 88
105 89
105 90
105 91
105 92
105 94
105 95
105 96
105 97
105 99
105 100
105 105
105 106
105 107
105 109
105 110
105 113
105 115
105 116
105 118
105 120
105 121
105 125
105 126
105 127
106 3
106 4
106 5
106 7
106 8
106 10
106 11
106 13
106 18
106 20
106 21
106 22
106 25
106 26
106 27
106 28
106 29
106 30
106 32
106 35
106 36
106 37
106 39
106 41
106 42
106 43
106 45
106 49
106 50
106 51
106 52
106 53
106 54
106 56
106 57
106 61
106 62
106 63
106 65
106 66
106 70
106 72
106 75
106 76
106 78
106 79
106 80
106 81
106 82
106 85
106 86
106 88
106 92
106 94
106 95
106 96
106 97
106 102
106 104
106 106
106 107
106 109
106 111
106 113
106 114
106 115
106 118
106 119
106 122
106 123
106 127
107 0
107 2
107 3
107 4
107 6
107 7
107 12
107 14
107 18
107 20
107 21
107 22
107 24
107 25
107 27
107 28
107 31
107 34
107 35
107 37
107 39
107 40
107 41
107 43
107 45
107 47
107 50
107 54
107 55
107 57
107 58
107 59
107 61
107 62
107 63
107 67
107 68
107 72
107 74
107 75
107 76
107 77
107 80
107 82
107 83
107 84
107 85
107 86
107 88
107 89
107 90
107 91
107 92
107 93
107 95
107 96
107 97
107 98
107 100
107 101
107 109
107 114
107 116
107 117
107 119
107 121
107 124
107 125
107 127
108 0
108 1
108 2
108 3
108 5
108 6
108 11
108 13
108 14
108 20
108 21
108 26
108 32
108 33
108 35
108 37
108 41
108 42
108 45
108 46
108 50
108 51
108 52
108 54
108 55
108 56
108 57
108 58
108 62
108 64
108 65
108 66
108 68
108 71
108 73
108 74
108 78
108 80
108 81
108 84
108 88
108 91
108 92
108 93
108 95
108 96
108 102
108 103
108 104
108 105
108 108
108 112
108 117
108 119
108 123
108 124
108 125
108 126
108 127
109 1
109 2
109 3
109 5
109 6
109 7
109 8
109 9
109 12
109 16
109 20
109 23
109 28
109 29
109 32
109 39
109 41
109 44
109 45
109 47
109 48
109 49
109 51
109 53
109 54
109 57
109 58
109 59
109 62
109 63
109 65
109 67
109 70
109 71
109 72
109 75
109 78
109 80
109 81
109 82
109 83
109 84
109 85
109 86
109 87
109 92
109 94
109 95
109 96
109 97
109 100
109 102
109 103
109 104
109 105
109 106
109 108
109 109
109 110
109 111
109 112
109 114
109 116
109 118
109 119
109 121
109 122
109 123
109 124
109 125
109 126
110 0
110 1
110 3
110 4
110 13
110 16
110 19
110 24
110 26
110 29
110 30
110 31
110 34
110 35
110 36
110 39
110 40
110 41
110 42
110 43
110 44
110 45
110 47
110 52
110 54
110 55
110 56
110 57
110 61
110 62
110 63
110 64
110 65
110 67
110 69
110 71
110 72
110 73
110 77
110 81
110 84
110 86
110 87
110 90
110 91
110 92
110 94
110 95
110 101
110 103
110 104
110 108
110 111
110 112
110 113
110 115
110 116
110 117
110 118
110 119
110 121
110 123
110 124
110 127
111 2
111 5
111 6
111 7
111 9
111 10
111 11
111 15
111 17
111 18
111 19
111 20
111 21
111 22
111 24
111 26
111 27
111 30
111 31
111 33
111 36
111 39
111 43
111 45
111 47
111 49
111 50
111 51
111 55
111 56
111 60
111 61
111 64
111 65
111 66
111 67
111 69
111 73
111 75
111 77
111 79
111 80
111 82
111 83
111 87
111 89
111 91
111 97
111 99
111 101
111 102
111 107
111 108
111 113
111 114
111 115
111 116
111 117
111 120
111 121
111 123
111 124
111 127
112 0
112 8
112 11
112 14
112 15
112 16
112 18
112 20
112 28
112 30
112 31
112 32
112 33
112 34
112 36
112 38
112 39
112 40
112 41
112 43
112 47
112 48
112 49
112 50
112 51
112 54
112 55
112 58
112 60
112 63
112 64
112 65
112 66
112 70
112 72
112 73
112 75
112 77
112 80
112 81
112 83
112 84
112 86
112 87
112 88
112 89
112 90
112 91
112 95
112 98
112 104
112 106
112 109
112 110
112 111
112 113
112 114
112 115
112 116
112 118
112 119
112 120
112 121
112 123
112 127
113 1
113 3
113 4
113 6
113 10
113 12
113 14
113 15
113 16
113 18
113 19
113 22
113 25
113 32
113 33
113 34
113 38
113 39
113 43
113 44
113 46
113 54
113 56
113 57
113 59
113 60
113 61
113 63
113 65
113 68
113 69
113 70
113 71
113 72
113 73
113 75
113 76
113 79
113 80
113 81
113 82
113 84
113 86
113 87
113 88
113 89
113 91
113 92
113 93
113 94
113 96
113 97
113 101
113 102
113 103
113 104
113 107
113 108
113 109
113 111
113 114
113 115
113 116
113 117
113 122
113 124
113 125
114 3
114 6
114 8
114 13
114 15
114 17
114 19
114 20
114 22
114 23
114 24
114 25
114 27
114 29
114 30
114 31
114 33
114 35
114 40
114 41
114 42
114 44
114 45
114 46
114 47
114 53
114 54
114 57
114 58
114 59
114 60
114 61
114 62
114 63
114 65
114 66
114 67
114 71
114 72
114 73
114 74
114 75
114 78
114 81
114 82
114 84
114 86
114 87
114 91
114 92
114 94
114 96
114 98
114 100
114 104
114 106
114 109
114 110
114 111
114 113
114 114
114 115
114 116
114 117
114 118
114 119
114 121
114 123
114 124
114 125
114 127
115 1
115 5
115 9
115 10
115 11
115 12
115 13
115 16
115 18
115 19
115 22
115 23
115 26
115 27
115 31
115 32
115 34
115 36
115 37
115 39
115 43
115 46
115 47
115 49
115 57
115 58
115 59
115 60
115 61
115 63
115 65
115 66
115 69
115 70
115 71
115 74
115 76
115 77
115 78
115 82
115 83
115 88
115 93
115 94
115 96
115 100
115 101
115 107
115 109
115 110
115 111
115 112
115 117
115 118
115 120
115 126
116 1
116 4
116 6
116 7
116 8
116 9
116 10
116 14
116 15
116 16
116 18
116 19
116 20
116 22
116 26
116 27
116 28
116 29
116 30
116 31
116 32
116 33
116 35
116 36
116 37
116 38
116 40
116 41
116 42
116 43
116 44
116 48
116 49
116 51
116 53
116 54
116 55
116 59
116 61
116 63
116 65
116 66
116 67
116 70
116 73
116 75
116 76
116 82
116 86
116 88
116 94
116 96
116 97
116 98
116 100
116 101
116 103
116 104
116 106
116 107
116 109
116 111
116 113
116 114
116 116
116 120
116 121
116 122
116 124
116 126
116 127
117 2
117 4
117 5
117 6
117 7
117 8
117 10
117 11
117 14
117 18
117 19
117 20
117 24
117 25
117 27
117 30
117 31
117 35
117 38
117 39
117 40
117 43
117 44
117 46
117 48
117 49
117 51
117 54
117 56
117 58
117 59
117 60
117 62
117 63
117 64
117 65
117 67
117 72
117 73
117 74
117 76
117 77
117 80
117 81
117 83
117 84
117 85
117 88
117 89
117 91
117 92
117 93
117 96
117 98
117 99
117 100
117 102
117 103
117 105
117 107
117 108
117 110
117 112
117 114
117 115
117 118
117 119
117 120
117 121
117 123
117 124
117 126
118 0
118 7
118 9
118 11
118 12
118 16
118 17
118 18
118 20
118 24
118 25
118 26
118 31
118 32
118 35
118 36
118 41
118 43
118 44
118 46
118 47
118 48
118 49
118 51
118 52
118 53
118 54
118 56
118 58
118 60
118 61
118 64
118 65
118 67
118 68
118 69
118 72
118 77
118 79
118 82
118 86
118 89
118 90
118 91
118 92
118 94
118 97
118 98
118 102
118 106
118 107
118 108
118 110
118 113
118 116
118 118
118 120
118 121
118 125
119 2
119 12
119 13
119 14
119 15
119 19
119 21
119 22
119 23
119 24
119 27
119 30
119 31
119 33
119 35
119 37
119 38
119 40
119 41
119 42
119 43
119 44
119 46
119 47
119 51
119 52
119 54
119 55
119 57
119 58
119 59
119 60
119 61
119 62
119 64
119 65
119 67
119 68
119 71
119 72
119 79
119 80
119 81
119 82
119 83
119 84
119 85
119 86
119 87
119 88
119 89
119 90
119 91
119 93
119 95
119 96
119 100
119 101
119 103
119 104
119 107
119 108
119 109
119 111
119 113
119 115
119 117
119 119
119 122
119 123
119 124
119 125
119 127
120 0
120 1
120 2
120 5
120 6
120 7
120 12
120 15
120 17
120 19
120 20
120 25
120 26
120 27
120 31
120 32
120 34
120 41
120 42
120 43
120 45
120 47
120 49
120 51
120 52
120 57
120 59
120 60
120 62
120 65
120 66
120 69
120 71
120 74
120 75
120 76
120 78
120 80
120 83
120 84
120 87
120 88
120 89
120 91
120 92
120 95
120 97
120 98
120 99
120 101
120 102
120 103
120 106
120 108
120 109
120 111
120 112
120 114
120 115
120 116
120 117
120 118
120 120
120 121
120 122
120 125
120 126
121 1
121 2
121 6
121 7
121 8
121 9
121 14
121 15
121 16
121 18
121 22
121 23
121 25
121 29
121 30
121 32
121 33
121 44
121 46
121 48
121 50
121 51
121 52
121 55
121 59
121 62
121 65
121 66
121 68
121 69
121 71
121 72
121 73
121 74
121 76
121 77
121 79
121 80
121 84
121 89
121 90
121 91
121 92
121 93
121 94
121 95
121 96
121 101
121 104
121 105
121 107
121 108
121 109
121 113
121 114
121 117
121 119
121 120
121 122
121 124
121 125
121 126
121 127
122 2
122 3
122 6
122 11
122 13
122 14
122 18
122 19
122 22
122 24
122 25
122 27
122 28
122 30
122 31
122 32
122 33
122 34
122 36
122 37
122 38
122 40
122 43
122 47
122 48
122 52
122 54
122 56
122 57
122 58
122 59
122 61
122 62
122 66
122 69
122 70
122 75
122 77
122 78
122 79
122 80
122 82
122 83
122 84
122 85
122 86
122 88
122 89
122 90
122 91
122 92
122 93
122 94
122 96
122 97
122 98
122 101
122 102
122 105
122 106
122 107
122 109
122 110
122 112
122 113
122 114
122 115
122 118
122 120
122 124
122 127
123 0
123 4
123 6
123 7
123 9
123 10
123 14
123 17
123 18
123 20
123 21
123 22
123 23
123 24
123 26
123 29
123 31
123 32
123 33
123 34
123 35
123 38
123 42
123 43
123 44
123 45
123 46
123 47
123 48
123 49
123 51
123 54
123 57
123 58
123 61
123 65
123 69
123 73
123 74
123 75
123 79
123 80
123 81
123 85
123 88
123 91
123 92
123 93
123 94
123 96
123 102
123 103
123 104
123 105
123 106
123 113
123 114
123 116
123 119
123 122
123 127
124 0
124 2
124 3
124 7
124 8
124 9
124 10
124 12
124 13
124 14
124 17
124 18
124 19
124 21
124 28
124 29
124 34
124 35
124 36
124 37
124 39
124 41
124 42
124 45
124 46
124 47
124 50
124 53
124 54
124 57
124 60
124 61
124 63
124 64
124 66
124 68
124 69
124 70
124 71
124 74
124 80
124 81
124 82
124 84
124 87
124 88
124 91
124 92
124 93
124 94
124 95
124 103
124 104
124 106
124 110
124 111
124 115
124 117
124 120
124 121
124 123
124 124
124 127
125 0
125 1
125 2
125 4
125 5
125 8
125 10
125 11
125 12
125 14
125 16
125 17
125 18
125 19
125 20
125 21
125 22
125 23
125 24
125 25
125 26
125 27
125 28
125 30
125 33
125 34
125 35
125 36
125 40
125 41
125 42
125 43
125 46
125 47
125 51
125 53
125 55
125 59
125 62
125 64
125 65
125 70
125 74
125 75
125 77
125 78
125 79
125 80
125 82
125 84
125 85
125 86
125 87
125 91
125 92
125 93
125 96
125 97
125 98
125 99
125 100
125 101
125 102
125 108
125 110
125 114
125 115
125 117
125 120
125 121
125 124
125 125
126 0
126 2
126 3
126 4
126 5
126 6
126 8
126 9
126 10
126 13
126 14
126 15
126 16
126 18
126 20
126 22
126 23
126 25
126 28
126 30
126 31
126 32
126 33
126 34
126 38
126 40
126 41
126 42
126 43
126 46
126 48
126 50
126 51
126 52
126 56
126 59
126 64
126 66
126 69
126 70
126 71
126 74
126 76
126 79
126 83
126 84
126 92
126 93
126 95
126 96
126 98
126 99
126 101
126 104
126 106
126 107
126 108
126 109
126 114
126 116
127 1
127 2
127 6
127 8
127 10
127 11
127 12
127 14
127 16
127 17
127 18
127 20
127 21
127 22
127 28
127 29
127 35
127 36
127 39
127 41
127 44
127 48
127 49
127 51
127 52
127 53
127 56
127 57
127 58
127 59
127 64
127 65
127 66
127 68
127 73
127 75
127 76
127 78
127 80
127 85
127 86
127 87
127 88
127 90
127 92
127 94
127 95
127 98
127 99
127 100
127 101
127 102
127 103
127 104
127 105
127 108
127 110
127 111
127 114
127 116
127 121
127 122
127 123
127 125
127 126
127 127
