0 99
1 22
2 19
2 26
2 27
2 31
4 7
4 50
4 65
5 57
8 56
9 41
9 80
12 60
13 35
19 111
20 115
22 99
23 123
28 51
28 78
30 120
31 36
31 85
32 34
32 64
32 84
34 30
35 40
35 59
35 98
36 60
40 50
40 94
41 48
41 55
41 111
42 93
43 43
44 86
46 10
47 90
50 104
55 93
57 26
57 40
57 81
58 69
59 121
63 45
63 67
67 36
67 71
68 5
68 99
70 56
70 72
71 105
76 88
77 1
77 126
78 114
79 118
86 25
86 91
87 1
87 27
88 88
90 48
91 106
91 112
93 30
94 59
97 103
98 12
98 19
100 63
100 104
101 49
103 37
104 106
104 125
105 70
106 44
106 85
110 33
111 116
112 62
113 43
114 75
114 126
116 14
117 110
120 93
122 30
124 0
124 69
125 34
126 55
126 68
