0 0
0 11
0 24
0 29
0 64
0 78
0 79
0 81
0 90
0 95
0 104
0 110
0 115
0 119
0 121
1 1
1 35
1 43
1 44
1 61
1 105
2 11
2 20
2 42
2 62
2 77
2 84
2 88
2 92
2 103
3 5
3 10
3 30
3 31
3 33
3 34
3 67
3 69
3 97
3 108
4 2
4 14
4 17
4 24
4 25
4 28
4 30
4 49
4 50
4 53
4 64
4 74
4 82
4 85
4 91
4 92
4 99
4 107
4 122
4 124
5 15
5 37
5 74
5 82
5 98
5 99
5 113
5 118
5 122
5 123
5 127
6 9
6 19
6 26
6 37
6 39
6 41
6 57
6 62
6 74
6 82
6 85
6 89
6 92
6 94
6 95
6 99
6 103
6 108
6 124
7 1
7 27
7 34
7 59
7 69
7 78
7 97
7 104
7 105
7 106
7 112
7 114
7 127
8 2
8 8
8 25
8 36
8 41
8 43
8 57
8 58
8 75
8 88
8 92
8 104
8 112
8 116
9 1
9 28
9 40
9 47
9 60
9 61
9 71
9 73
9 75
9 76
9 83
9 90
9 97
9 107
9 116
9 123
9 125
10 36
10 54
10 56
10 72
10 86
10 108
10 112
10 113
10 116
11 4
11 10
11 13
11 38
11 42
11 48
11 52
11 81
11 88
11 89
11 93
11 123
12 11
12 17
12 21
12 38
12 43
12 72
12 108
12 111
12 121
13 5
13 6
13 12
13 14
13 16
13 24
13 32
13 39
13 52
13 79
13 93
13 109
13 112
14 13
14 22
14 25
14 34
14 40
14 47
14 50
14 55
14 59
14 69
15 1
15 9
15 16
15 34
15 48
15 49
15 61
15 68
15 80
15 81
15 87
15 91
15 104
15 105
15 118
15 127
16 4
16 19
16 21
16 25
16 34
16 51
16 52
16 57
16 65
16 72
16 73
16 75
16 78
16 94
16 96
16 111
17 12
17 20
17 22
17 40
17 53
17 69
17 78
17 79
17 80
17 82
17 117
18 0
18 23
18 35
18 40
18 46
18 75
18 79
18 87
18 103
18 119
18 126
19 3
19 6
19 7
19 12
19 19
19 23
19 25
19 33
19 35
19 51
19 86
19 89
19 99
19 105
19 112
19 113
19 122
20 2
20 3
20 10
20 13
20 17
20 38
20 51
20 54
20 56
20 66
20 72
20 89
20 95
20 97
20 109
20 110
21 6
21 17
21 34
21 40
21 49
21 67
21 70
21 71
21 73
21 91
21 98
21 103
22 22
22 28
22 33
22 34
22 36
22 43
22 63
22 64
22 76
22 93
22 100
22 121
23 29
23 35
23 39
23 40
23 49
23 71
23 76
23 87
23 99
23 102
24 5
24 10
24 13
24 14
24 41
24 53
24 57
24 63
24 66
24 78
24 84
24 114
24 122
25 1
25 2
25 3
25 6
25 9
25 22
25 27
25 33
25 42
25 43
25 48
25 63
25 68
25 74
25 75
25 98
25 110
25 113
25 116
25 117
26 0
26 6
26 23
26 41
26 55
26 64
26 75
26 86
26 88
26 98
26 100
26 113
26 124
27 1
27 10
27 14
27 22
27 38
27 40
27 52
27 75
27 89
27 94
27 112
27 123
27 127
28 3
28 17
28 24
28 30
28 32
28 34
28 39
28 64
28 67
28 75
28 82
28 105
29 20
29 26
29 32
29 77
29 81
29 82
29 83
29 93
29 126
30 3
30 16
30 19
30 25
30 27
30 30
30 35
30 41
30 48
30 49
30 53
30 67
30 82
30 84
30 96
30 104
30 120
30 127
31 16
31 24
31 33
31 39
31 49
31 93
31 102
31 117
31 127
32 15
32 21
32 23
32 31
32 49
32 57
32 59
32 63
32 66
32 74
32 88
32 93
33 0
33 48
33 52
33 63
33 75
33 76
33 83
33 86
33 96
33 112
33 114
33 122
34 5
34 6
34 11
34 48
34 49
34 53
34 60
34 70
34 89
34 94
34 99
35 3
35 31
35 46
35 48
35 59
35 61
35 67
35 68
35 109
35 112
35 120
36 14
36 20
36 35
36 61
36 63
36 71
36 77
36 79
36 87
36 103
36 108
36 113
36 126
37 11
37 62
37 70
37 76
37 88
37 95
37 98
37 100
37 106
37 117
37 127
38 4
38 10
38 16
38 31
38 33
38 37
38 39
38 52
38 65
38 68
38 78
38 81
38 86
38 100
38 112
38 118
39 25
39 26
39 28
39 38
39 46
39 88
39 105
39 120
40 0
40 44
40 59
40 73
40 78
40 79
40 80
40 104
40 110
40 111
40 126
41 10
41 11
41 14
41 23
41 36
41 49
41 61
41 64
41 66
41 84
41 91
41 95
41 96
41 114
41 116
41 120
41 122
41 125
42 24
42 31
42 47
42 51
42 62
42 65
42 71
42 115
42 120
42 122
42 127
43 5
43 29
43 55
43 62
43 72
43 74
43 93
43 96
43 108
43 125
43 126
43 127
44 0
44 4
44 16
44 25
44 37
44 45
44 46
44 49
44 81
44 83
44 121
44 122
45 9
45 12
45 15
45 19
45 22
45 38
45 39
45 45
45 50
45 53
45 61
45 64
45 73
45 89
45 93
45 117
46 7
46 9
46 16
46 37
46 41
46 50
46 51
46 90
46 98
46 120
47 7
47 13
47 30
47 32
47 33
47 53
47 69
47 74
47 79
47 81
47 86
47 91
47 99
47 100
47 103
47 108
47 122
48 0
48 2
48 23
48 29
48 31
48 40
48 46
48 48
48 79
48 107
48 114
48 115
48 122
49 15
49 19
49 26
49 40
49 41
49 45
49 51
49 53
49 60
49 73
49 84
49 105
50 1
50 7
50 8
50 12
50 14
50 38
50 39
50 41
50 44
50 55
50 58
50 64
50 68
50 74
50 82
50 86
50 89
50 96
51 5
51 7
51 21
51 23
51 30
51 36
51 73
51 104
51 108
51 111
51 119
51 121
52 3
52 24
52 28
52 37
52 42
52 52
52 55
52 61
52 79
52 97
52 99
52 109
52 111
53 44
53 55
53 66
53 68
53 73
53 105
54 4
54 8
54 9
54 11
54 19
54 31
54 39
54 51
54 59
54 65
54 72
54 73
54 76
54 103
54 109
54 123
54 127
55 4
55 13
55 21
55 24
55 50
55 57
55 71
55 77
55 86
55 92
55 117
56 7
56 29
56 49
56 59
56 60
56 62
56 63
56 75
56 85
56 94
56 121
57 20
57 32
57 48
57 52
57 56
57 69
57 71
57 82
57 95
57 115
58 9
58 19
58 20
58 31
58 35
58 39
58 51
58 55
58 60
58 66
58 73
58 98
58 105
58 119
59 20
59 28
59 31
59 36
59 47
59 51
59 64
59 71
59 79
59 82
59 87
59 102
59 110
59 114
59 120
60 19
60 22
60 40
60 47
60 52
60 61
60 64
60 67
60 71
60 83
60 86
60 103
60 104
60 125
60 127
61 0
61 2
61 26
61 28
61 53
61 57
61 58
61 70
61 101
61 112
61 116
61 118
61 123
62 8
62 12
62 19
62 23
62 29
62 39
62 48
62 59
62 64
62 67
62 77
62 82
62 84
62 86
63 6
63 8
63 51
63 54
63 65
63 88
63 97
63 104
63 105
63 106
63 115
63 117
63 123
64 5
64 7
64 8
64 12
64 20
64 38
64 43
64 49
64 54
64 58
64 68
64 69
64 70
64 84
64 87
64 93
64 94
64 98
64 108
64 113
64 118
65 3
65 5
65 27
65 28
65 31
65 36
65 40
65 49
65 57
65 66
65 86
65 93
65 106
65 120
66 14
66 30
66 33
66 68
66 73
66 79
66 96
66 102
66 107
66 123
67 11
67 25
67 30
67 36
67 39
67 42
67 45
67 51
67 53
67 56
67 76
67 105
67 110
67 112
67 115
67 116
67 117
67 120
67 125
68 2
68 3
68 13
68 22
68 23
68 38
68 40
68 67
68 75
68 76
68 88
68 100
68 107
68 115
68 119
69 7
69 10
69 11
69 12
69 33
69 40
69 49
69 50
69 58
69 60
69 77
69 96
69 100
69 113
70 10
70 26
70 29
70 31
70 47
70 70
70 108
70 120
70 125
71 5
71 7
71 12
71 13
71 20
71 34
71 36
71 43
71 47
71 83
71 91
71 102
72 1
72 11
72 12
72 19
72 24
72 30
72 32
72 52
72 58
72 63
72 70
72 81
72 114
73 10
73 12
73 21
73 31
73 43
73 55
73 92
73 115
73 125
74 22
74 26
74 36
74 47
74 54
74 56
74 57
74 64
74 68
74 78
74 82
74 99
74 108
74 109
74 115
75 2
75 27
75 32
75 41
75 45
75 58
75 60
75 72
75 75
75 82
75 86
75 101
75 106
75 114
76 34
76 35
76 47
76 55
76 78
76 100
76 103
76 104
77 16
77 18
77 22
77 23
77 25
77 33
77 34
77 48
77 77
77 81
77 90
77 111
77 114
77 123
77 127
78 21
78 48
78 56
78 65
78 68
78 77
78 84
78 99
78 122
78 124
78 125
79 9
79 32
79 39
79 58
79 62
79 81
79 88
79 96
79 111
79 121
80 9
80 19
80 32
80 36
80 46
80 58
80 100
80 117
81 4
81 15
81 23
81 26
81 34
81 41
81 59
81 63
81 84
81 87
81 105
81 115
81 117
81 126
82 8
82 10
82 25
82 27
82 29
82 48
82 49
82 50
82 54
82 56
82 74
82 78
82 89
82 104
82 119
83 2
83 3
83 25
83 27
83 59
83 60
83 65
83 78
83 83
83 100
84 8
84 25
84 61
84 85
84 118
85 1
85 11
85 20
85 32
85 35
85 39
85 47
85 53
85 55
85 57
85 62
85 63
85 70
85 114
86 4
86 9
86 10
86 25
86 27
86 30
86 49
86 97
86 105
86 107
86 111
86 115
87 11
87 27
87 49
87 56
87 70
87 77
87 79
87 82
87 86
87 89
87 92
87 114
87 117
87 122
87 124
87 127
88 16
88 43
88 46
88 57
88 62
88 64
88 72
88 79
88 81
88 88
88 98
88 116
89 15
89 26
89 27
89 50
89 65
89 67
89 109
89 112
89 117
89 126
90 6
90 26
90 31
90 38
90 40
90 41
90 50
90 80
90 81
90 90
90 94
90 106
90 113
90 119
90 121
91 0
91 17
91 21
91 33
91 35
91 37
91 68
91 87
91 98
91 111
91 120
92 11
92 29
92 34
92 46
92 51
92 61
92 63
92 65
92 78
92 87
92 90
92 93
92 126
93 33
93 73
93 74
93 89
93 102
93 114
93 118
94 41
94 60
94 62
94 75
94 78
94 84
94 104
94 105
94 110
94 118
94 123
94 127
95 0
95 28
95 32
95 35
95 40
95 45
95 51
95 52
95 68
95 76
95 85
95 89
95 97
95 107
95 115
96 5
96 14
96 19
96 21
96 25
96 61
96 62
96 71
96 72
96 81
96 92
96 104
96 109
96 127
97 6
97 9
97 28
97 36
97 62
97 70
97 89
97 113
97 123
97 124
98 1
98 19
98 70
98 75
98 94
98 102
98 105
98 122
99 6
99 7
99 12
99 20
99 28
99 42
99 46
99 47
99 48
99 62
99 68
99 94
99 95
99 101
99 102
99 108
100 3
100 15
100 19
100 28
100 29
100 37
100 40
100 52
100 56
100 60
100 82
100 83
100 102
100 106
100 109
100 111
101 14
101 48
101 60
101 66
101 80
101 82
101 83
101 87
102 7
102 10
102 29
102 69
102 75
102 107
102 114
103 8
103 9
103 14
103 22
103 34
103 36
103 54
103 72
103 89
103 97
103 112
104 7
104 19
104 22
104 28
104 37
104 38
104 54
104 64
104 78
104 83
104 89
104 102
104 104
105 4
105 8
105 21
105 34
105 37
105 45
105 56
105 72
105 74
105 85
105 89
105 94
105 100
105 110
105 119
106 14
106 18
106 23
106 40
106 41
106 44
106 47
106 54
106 57
106 86
106 90
106 93
106 95
106 113
106 121
106 122
107 1
107 3
107 9
107 17
107 23
107 25
107 26
107 32
107 36
107 42
107 47
107 60
107 61
107 62
107 79
107 87
107 103
107 108
107 109
107 111
107 120
107 126
108 9
108 12
108 24
108 29
108 34
108 46
108 53
108 63
108 100
109 13
109 22
109 41
109 43
109 46
109 48
109 54
109 58
109 61
109 70
109 74
109 75
109 93
109 104
109 125
110 6
110 10
110 28
110 41
110 61
110 69
110 85
110 96
110 97
110 99
110 107
110 112
111 25
111 33
111 39
111 40
111 41
111 51
111 55
111 61
111 67
111 77
111 90
111 99
111 101
111 103
111 111
111 125
112 6
112 29
112 45
112 49
112 90
112 104
112 112
112 115
112 122
113 3
113 7
113 32
113 48
113 62
113 65
113 68
113 99
113 101
113 106
113 109
113 116
113 126
114 7
114 11
114 15
114 16
114 26
114 32
114 33
114 41
114 42
114 47
114 50
114 55
114 59
114 65
114 68
114 70
114 78
114 83
115 1
115 7
115 11
115 14
115 21
115 25
115 28
115 32
115 45
115 60
115 75
115 76
115 83
115 89
115 93
115 102
115 104
115 121
116 14
116 19
116 20
116 37
116 42
116 50
116 68
116 94
116 98
116 111
116 114
117 15
117 22
117 26
117 46
117 49
117 50
117 60
117 62
117 73
117 74
117 88
117 93
117 101
117 106
117 115
118 6
118 14
118 36
118 53
118 54
118 56
118 66
118 71
118 74
118 98
119 22
119 23
119 34
119 40
119 43
119 86
119 95
119 103
119 104
119 116
119 123
120 29
120 37
120 41
120 70
120 79
120 81
120 91
120 95
120 109
120 122
120 126
121 8
121 13
121 16
121 21
121 23
121 26
121 29
121 33
121 34
121 65
121 68
121 69
121 82
121 100
121 103
121 117
121 119
121 123
122 2
122 72
122 79
122 87
122 105
122 110
123 1
123 8
123 11
123 14
123 15
123 31
123 36
123 40
123 53
123 66
123 67
123 71
123 89
123 95
123 111
123 121
123 126
124 21
124 24
124 56
124 75
124 78
124 91
124 104
124 119
124 123
124 125
125 1
125 7
125 13
125 20
125 21
125 30
125 64
125 66
125 75
125 100
125 104
125 105
125 123
125 126
126 4
126 8
126 20
126 28
126 48
126 54
126 68
126 74
126 87
126 90
126 91
126 106
126 109
126 119
126 122
127 6
127 16
127 19
127 22
127 24
127 33
127 37
127 72
127 81
127 91
127 95
127 106
127 125
