0 1
0 2
0 4
0 5
0 6
0 7
0 9
0 22
0 24
0 26
0 27
0 28
0 35
0 38
0 39
0 40
0 42
0 44
0 45
0 46
0 47
0 48
0 49
0 50
0 51
0 54
0 59
0 60
0 62
0 63
0 64
0 65
0 68
0 70
0 71
0 72
0 73
0 76
0 78
0 79
0 80
0 81
0 84
0 92
0 97
0 98
0 101
0 102
0 105
0 106
0 108
0 110
0 111
0 112
0 113
0 114
0 115
0 116
0 117
0 120
0 121
0 124
1 0
1 3
1 11
1 12
1 13
1 14
1 16
1 19
1 20
1 28
1 33
1 36
1 37
1 38
1 40
1 43
1 46
1 47
1 54
1 55
1 57
1 64
1 66
1 67
1 68
1 71
1 72
1 74
1 77
1 78
1 79
1 80
1 82
1 83
1 84
1 85
1 87
1 91
1 92
1 93
1 94
1 97
1 98
1 100
1 102
1 105
1 106
1 107
1 111
1 117
1 118
1 119
1 123
1 124
1 125
1 127
2 2
2 4
2 5
2 7
2 8
2 9
2 10
2 11
2 13
2 15
2 17
2 18
2 19
2 22
2 24
2 28
2 38
2 39
2 41
2 46
2 51
2 54
2 56
2 61
2 65
2 66
2 67
2 71
2 76
2 78
2 80
2 81
2 82
2 83
2 86
2 90
2 93
2 94
2 95
2 96
2 97
2 98
2 99
2 100
2 105
2 106
2 107
2 111
2 113
2 119
2 121
2 123
2 124
2 126
3 1
3 4
3 6
3 7
3 9
3 10
3 12
3 13
3 14
3 15
3 18
3 19
3 21
3 22
3 27
3 28
3 33
3 34
3 36
3 38
3 40
3 42
3 43
3 44
3 48
3 49
3 53
3 56
3 61
3 64
3 67
3 74
3 76
3 77
3 78
3 80
3 83
3 87
3 88
3 91
3 92
3 95
3 96
3 105
3 108
3 111
3 112
3 114
3 116
3 117
3 122
3 123
3 125
3 126
3 127
4 1
4 3
4 7
4 10
4 13
4 16
4 17
4 20
4 21
4 22
4 25
4 26
4 27
4 31
4 32
4 34
4 35
4 37
4 38
4 39
4 44
4 45
4 53
4 56
4 60
4 61
4 71
4 72
4 73
4 74
4 75
4 76
4 77
4 78
4 79
4 80
4 81
4 87
4 91
4 92
4 93
4 94
4 95
4 96
4 97
4 100
4 103
4 104
4 105
4 106
4 109
4 110
4 111
4 112
4 114
4 116
4 120
4 121
4 123
4 124
4 127
5 1
5 6
5 7
5 11
5 17
5 21
5 23
5 30
5 35
5 36
5 37
5 39
5 40
5 41
5 42
5 43
5 46
5 47
5 50
5 55
5 59
5 60
5 61
5 66
5 67
5 68
5 73
5 75
5 78
5 80
5 86
5 90
5 92
5 94
5 96
5 97
5 100
5 101
5 106
5 110
5 111
5 112
5 114
5 117
5 118
5 119
5 121
5 124
5 125
5 127
6 2
6 6
6 7
6 8
6 10
6 12
6 13
6 17
6 19
6 22
6 24
6 29
6 30
6 33
6 35
6 37
6 38
6 39
6 42
6 44
6 45
6 47
6 48
6 49
6 50
6 52
6 53
6 54
6 56
6 57
6 58
6 60
6 62
6 64
6 65
6 66
6 68
6 69
6 70
6 73
6 77
6 79
6 80
6 81
6 83
6 84
6 89
6 91
6 95
6 96
6 99
6 100
6 101
6 104
6 106
6 109
6 110
6 112
6 113
6 117
6 119
6 120
6 121
6 122
6 123
6 125
6 127
7 1
7 3
7 4
7 5
7 7
7 9
7 12
7 14
7 16
7 19
7 21
7 22
7 23
7 24
7 25
7 26
7 27
7 29
7 31
7 32
7 33
7 35
7 36
7 41
7 42
7 43
7 45
7 49
7 52
7 53
7 54
7 56
7 57
7 58
7 60
7 62
7 64
7 70
7 71
7 73
7 74
7 75
7 78
7 80
7 83
7 86
7 93
7 96
7 99
7 101
7 102
7 104
7 106
7 108
7 110
7 112
7 113
7 114
7 115
7 119
7 124
7 125
7 127
8 0
8 2
8 6
8 9
8 13
8 14
8 17
8 18
8 19
8 20
8 22
8 26
8 28
8 29
8 30
8 31
8 33
8 34
8 35
8 36
8 42
8 44
8 46
8 47
8 50
8 55
8 56
8 57
8 59
8 63
8 64
8 66
8 67
8 68
8 70
8 75
8 78
8 80
8 85
8 87
8 90
8 91
8 92
8 94
8 97
8 99
8 102
8 103
8 105
8 108
8 110
8 111
8 114
8 117
8 119
8 122
8 126
9 1
9 2
9 3
9 6
9 7
9 13
9 16
9 19
9 25
9 30
9 32
9 33
9 34
9 37
9 38
9 42
9 43
9 48
9 56
9 58
9 59
9 60
9 61
9 62
9 63
9 65
9 68
9 69
9 75
9 76
9 77
9 78
9 82
9 83
9 84
9 86
9 87
9 88
9 89
9 92
9 93
9 96
9 97
9 101
9 103
9 104
9 110
9 111
9 118
9 119
9 121
9 123
9 126
10 0
10 1
10 2
10 4
10 5
10 7
10 14
10 16
10 17
10 18
10 19
10 22
10 24
10 30
10 31
10 32
10 35
10 38
10 40
10 41
10 42
10 45
10 46
10 47
10 49
10 58
10 64
10 67
10 68
10 72
10 73
10 78
10 88
10 89
10 90
10 91
10 92
10 93
10 95
10 96
10 97
10 99
10 103
10 105
10 106
10 107
10 110
10 111
10 113
10 114
10 116
10 117
10 118
10 119
10 121
10 126
10 127
11 0
11 1
11 2
11 4
11 6
11 8
11 9
11 14
11 17
11 19
11 22
11 25
11 30
11 35
11 37
11 38
11 42
11 44
11 45
11 49
11 51
11 52
11 53
11 55
11 56
11 57
11 58
11 62
11 69
11 73
11 75
11 76
11 77
11 79
11 81
11 82
11 83
11 86
11 87
11 89
11 90
11 93
11 96
11 97
11 101
11 105
11 106
11 108
11 109
11 111
11 112
11 113
11 116
11 118
11 119
11 121
11 123
11 124
11 127
12 0
12 4
12 5
12 7
12 12
12 15
12 16
12 18
12 22
12 23
12 24
12 26
12 27
12 28
12 29
12 30
12 35
12 39
12 40
12 42
12 45
12 46
12 47
12 48
12 51
12 54
12 55
12 57
12 61
12 63
12 66
12 67
12 68
12 70
12 71
12 75
12 78
12 79
12 81
12 84
12 86
12 87
12 91
12 92
12 94
12 95
12 101
12 110
12 112
12 114
12 115
12 117
12 119
12 123
12 126
12 127
13 1
13 4
13 8
13 9
13 10
13 12
13 17
13 21
13 25
13 28
13 32
13 33
13 34
13 35
13 36
13 39
13 40
13 41
13 42
13 44
13 45
13 46
13 51
13 52
13 56
13 57
13 60
13 63
13 66
13 68
13 75
13 76
13 78
13 81
13 82
13 83
13 84
13 87
13 88
13 92
13 95
13 96
13 98
13 104
13 109
13 110
13 111
13 112
13 114
13 115
13 122
13 125
13 126
14 1
14 2
14 3
14 8
14 9
14 14
14 15
14 16
14 19
14 23
14 27
14 33
14 34
14 37
14 38
14 42
14 46
14 48
14 49
14 50
14 51
14 52
14 53
14 54
14 55
14 57
14 59
14 60
14 64
14 65
14 67
14 70
14 73
14 74
14 76
14 80
14 83
14 94
14 95
14 96
14 98
14 99
14 100
14 101
14 108
14 110
14 111
14 115
14 116
14 117
14 119
14 123
14 127
15 2
15 3
15 4
15 7
15 11
15 15
15 16
15 19
15 21
15 22
15 23
15 25
15 26
15 30
15 33
15 42
15 46
15 47
15 48
15 49
15 51
15 61
15 64
15 68
15 70
15 71
15 73
15 75
15 77
15 85
15 88
15 94
15 96
15 97
15 98
15 101
15 102
15 105
15 107
15 110
15 111
15 113
15 114
15 115
15 118
15 119
15 120
15 122
15 125
15 126
15 127
16 0
16 1
16 2
16 3
16 4
16 6
16 7
16 9
16 10
16 16
16 18
16 20
16 21
16 23
16 28
16 29
16 33
16 34
16 35
16 40
16 41
16 45
16 47
16 49
16 50
16 51
16 52
16 53
16 61
16 64
16 66
16 67
16 68
16 70
16 73
16 77
16 78
16 80
16 81
16 87
16 93
16 95
16 96
16 97
16 98
16 99
16 100
16 103
16 105
16 106
16 108
16 110
16 113
16 115
16 117
16 119
16 120
16 121
16 123
16 125
16 127
17 1
17 3
17 4
17 7
17 13
17 14
17 15
17 16
17 17
17 18
17 19
17 25
17 26
17 30
17 31
17 33
17 35
17 36
17 38
17 42
17 48
17 49
17 51
17 52
17 53
17 54
17 55
17 58
17 61
17 66
17 71
17 75
17 78
17 79
17 81
17 84
17 88
17 89
17 90
17 92
17 93
17 96
17 98
17 99
17 100
17 104
17 105
17 107
17 110
17 113
17 114
17 115
17 116
17 118
17 119
17 121
17 123
17 126
17 127
18 0
18 8
18 9
18 10
18 13
18 15
18 16
18 19
18 20
18 24
18 25
18 27
18 30
18 32
18 37
18 39
18 40
18 41
18 44
18 51
18 54
18 55
18 58
18 60
18 63
18 72
18 75
18 79
18 80
18 82
18 83
18 84
18 85
18 87
18 88
18 91
18 92
18 94
18 97
18 98
18 101
18 102
18 103
18 104
18 108
18 110
18 111
18 115
18 116
18 119
18 120
18 121
18 126
19 0
19 4
19 6
19 9
19 11
19 12
19 14
19 19
19 20
19 21
19 26
19 27
19 28
19 29
19 30
19 34
19 35
19 36
19 39
19 40
19 45
19 46
19 49
19 50
19 53
19 54
19 59
19 60
19 63
19 66
19 67
19 70
19 75
19 78
19 81
19 82
19 83
19 90
19 92
19 93
19 94
19 95
19 96
19 97
19 101
19 105
19 106
19 107
19 109
19 111
19 114
19 116
19 119
19 120
19 122
20 1
20 2
20 4
20 6
20 7
20 10
20 12
20 15
20 18
20 19
20 22
20 25
20 26
20 27
20 28
20 29
20 32
20 36
20 37
20 39
20 40
20 42
20 43
20 47
20 51
20 53
20 55
20 57
20 58
20 61
20 62
20 63
20 64
20 70
20 72
20 74
20 75
20 76
20 79
20 80
20 83
20 86
20 87
20 90
20 91
20 92
20 95
20 98
20 99
20 100
20 105
20 106
20 107
20 108
20 110
20 114
20 117
20 118
20 119
20 124
20 127
21 0
21 2
21 5
21 6
21 12
21 15
21 21
21 23
21 24
21 25
21 26
21 27
21 29
21 34
21 37
21 39
21 42
21 43
21 50
21 51
21 52
21 53
21 56
21 57
21 60
21 64
21 65
21 68
21 69
21 73
21 77
21 84
21 87
21 89
21 92
21 95
21 97
21 101
21 102
21 105
21 106
21 108
21 112
21 113
21 115
21 117
21 118
21 119
21 120
21 122
21 124
21 125
22 0
22 3
22 5
22 6
22 7
22 9
22 10
22 12
22 13
22 14
22 15
22 17
22 24
22 26
22 27
22 29
22 31
22 33
22 37
22 39
22 40
22 41
22 48
22 53
22 56
22 57
22 59
22 65
22 67
22 70
22 73
22 76
22 78
22 80
22 81
22 82
22 84
22 86
22 88
22 89
22 92
22 93
22 94
22 96
22 97
22 99
22 101
22 107
22 108
22 109
22 112
22 115
22 117
22 118
22 120
22 122
22 125
22 127
23 1
23 2
23 4
23 6
23 9
23 13
23 15
23 16
23 18
23 20
23 21
23 22
23 24
23 26
23 27
23 31
23 32
23 37
23 38
23 41
23 43
23 44
23 46
23 47
23 48
23 52
23 53
23 54
23 63
23 65
23 66
23 70
23 74
23 78
23 80
23 81
23 91
23 92
23 93
23 95
23 96
23 100
23 101
23 102
23 106
23 107
23 109
23 110
23 111
23 113
23 114
23 117
23 119
23 121
23 124
23 125
24 0
24 6
24 7
24 10
24 11
24 13
24 14
24 15
24 16
24 19
24 20
24 21
24 22
24 26
24 27
24 29
24 32
24 35
24 37
24 38
24 39
24 40
24 49
24 51
24 60
24 62
24 64
24 66
24 70
24 72
24 73
24 74
24 75
24 79
24 82
24 85
24 86
24 88
24 93
24 94
24 95
24 96
24 99
24 101
24 102
24 103
24 104
24 105
24 106
24 108
24 109
24 111
24 112
24 117
24 126
25 0
25 3
25 10
25 11
25 14
25 15
25 18
25 19
25 21
25 28
25 29
25 36
25 39
25 41
25 44
25 45
25 57
25 58
25 60
25 61
25 62
25 64
25 67
25 69
25 71
25 73
25 74
25 76
25 78
25 82
25 83
25 84
25 87
25 88
25 91
25 92
25 94
25 95
25 96
25 101
25 103
25 104
25 109
25 111
25 114
25 115
25 116
25 119
25 120
25 121
25 122
25 123
26 0
26 3
26 4
26 5
26 10
26 12
26 14
26 16
26 17
26 20
26 22
26 32
26 33
26 34
26 36
26 39
26 41
26 42
26 44
26 45
26 48
26 49
26 50
26 55
26 56
26 65
26 70
26 74
26 81
26 82
26 84
26 87
26 89
26 93
26 98
26 99
26 100
26 101
26 104
26 105
26 106
26 108
26 113
26 116
26 120
26 121
26 122
26 123
26 124
26 125
26 127
27 0
27 2
27 3
27 6
27 7
27 11
27 14
27 15
27 22
27 25
27 26
27 30
27 31
27 32
27 33
27 34
27 35
27 36
27 40
27 41
27 44
27 45
27 56
27 57
27 60
27 62
27 68
27 69
27 70
27 71
27 72
27 75
27 82
27 85
27 88
27 90
27 95
27 98
27 102
27 103
27 104
27 108
27 109
27 110
27 112
27 113
27 115
27 117
27 118
27 119
27 120
27 121
27 123
27 127
28 1
28 3
28 8
28 9
28 10
28 12
28 14
28 16
28 17
28 21
28 24
28 25
28 26
28 27
28 28
28 29
28 30
28 31
28 33
28 45
28 46
28 47
28 49
28 59
28 60
28 61
28 66
28 71
28 75
28 76
28 79
28 82
28 87
28 89
28 93
28 94
28 96
28 97
28 101
28 108
28 109
28 110
28 111
28 112
28 117
28 119
28 120
28 121
28 123
29 8
29 9
29 12
29 16
29 17
29 18
29 21
29 22
29 24
29 26
29 28
29 30
29 31
29 32
29 34
29 36
29 38
29 40
29 41
29 44
29 45
29 47
29 48
29 51
29 52
29 54
29 55
29 57
29 58
29 60
29 61
29 62
29 63
29 65
29 67
29 68
29 72
29 75
29 77
29 78
29 79
29 82
29 85
29 86
29 87
29 88
29 90
29 92
29 94
29 96
29 97
29 98
29 100
29 101
29 103
29 109
29 111
29 113
29 114
29 117
29 120
29 121
29 123
29 124
29 125
29 127
30 0
30 2
30 3
30 7
30 8
30 9
30 11
30 14
30 17
30 18
30 19
30 23
30 28
30 29
30 30
30 31
30 35
30 37
30 39
30 40
30 42
30 47
30 48
30 50
30 51
30 52
30 55
30 56
30 59
30 61
30 62
30 64
30 66
30 69
30 71
30 72
30 73
30 75
30 76
30 79
30 80
30 81
30 84
30 85
30 86
30 87
30 88
30 92
30 94
30 95
30 98
30 101
30 103
30 105
30 109
30 110
30 111
30 112
30 119
30 121
30 122
30 123
30 125
31 0
31 1
31 5
31 8
31 10
31 11
31 14
31 16
31 20
31 21
31 22
31 23
31 25
31 29
31 31
31 32
31 35
31 36
31 38
31 40
31 41
31 42
31 54
31 55
31 58
31 61
31 63
31 65
31 66
31 67
31 69
31 70
31 71
31 73
31 74
31 76
31 79
31 85
31 87
31 90
31 91
31 95
31 99
31 100
31 101
31 102
31 103
31 104
31 108
31 109
31 110
31 112
31 116
31 117
31 119
31 122
31 123
31 125
31 126
32 1
32 3
32 4
32 6
32 11
32 14
32 17
32 18
32 19
32 23
32 26
32 27
32 28
32 34
32 35
32 36
32 37
32 38
32 41
32 43
32 45
32 46
32 47
32 48
32 50
32 52
32 54
32 55
32 56
32 58
32 59
32 62
32 69
32 71
32 73
32 74
32 76
32 78
32 79
32 83
32 86
32 87
32 90
32 91
32 95
32 97
32 99
32 104
32 105
32 107
32 108
32 109
32 110
32 112
32 113
32 117
32 118
32 120
32 124
32 125
32 127
33 1
33 10
33 11
33 12
33 13
33 17
33 18
33 24
33 27
33 28
33 29
33 30
33 33
33 34
33 35
33 37
33 38
33 39
33 43
33 44
33 47
33 48
33 56
33 58
33 59
33 60
33 64
33 72
33 73
33 74
33 76
33 79
33 80
33 81
33 82
33 85
33 88
33 89
33 90
33 91
33 92
33 93
33 95
33 97
33 98
33 101
33 106
33 107
33 108
33 109
33 110
33 113
33 114
33 123
33 125
34 2
34 6
34 7
34 8
34 10
34 11
34 15
34 17
34 22
34 23
34 26
34 27
34 28
34 33
34 34
34 35
34 36
34 37
34 38
34 40
34 41
34 43
34 44
34 45
34 46
34 49
34 50
34 56
34 58
34 60
34 69
34 78
34 83
34 86
34 87
34 90
34 91
34 92
34 96
34 99
34 102
34 103
34 105
34 106
34 108
34 109
34 112
34 115
34 117
34 119
34 123
34 125
34 127
35 2
35 4
35 6
35 10
35 12
35 13
35 14
35 16
35 21
35 23
35 28
35 29
35 31
35 33
35 34
35 35
35 36
35 38
35 39
35 41
35 45
35 46
35 47
35 50
35 52
35 53
35 54
35 57
35 59
35 63
35 65
35 67
35 68
35 71
35 72
35 73
35 76
35 77
35 79
35 80
35 81
35 82
35 85
35 90
35 92
35 94
35 96
35 97
35 98
35 102
35 110
35 114
35 116
35 117
35 118
35 120
35 121
35 126
35 127
36 0
36 2
36 8
36 9
36 13
36 14
36 15
36 16
36 18
36 20
36 21
36 22
36 25
36 26
36 28
36 29
36 33
36 36
36 38
36 39
36 40
36 47
36 52
36 55
36 56
36 58
36 59
36 60
36 65
36 66
36 67
36 70
36 72
36 73
36 74
36 75
36 78
36 79
36 85
36 86
36 88
36 94
36 101
36 106
36 107
36 108
36 109
36 113
36 114
36 117
36 118
36 120
36 123
36 124
36 125
36 127
37 0
37 1
37 2
37 3
37 4
37 6
37 7
37 8
37 9
37 10
37 11
37 16
37 19
37 22
37 23
37 27
37 29
37 32
37 33
37 34
37 36
37 38
37 40
37 43
37 44
37 47
37 48
37 49
37 53
37 54
37 55
37 56
37 58
37 59
37 60
37 63
37 64
37 66
37 68
37 69
37 70
37 71
37 72
37 73
37 75
37 78
37 80
37 81
37 85
37 89
37 91
37 96
37 97
37 100
37 105
37 109
37 112
37 114
37 118
37 119
37 120
37 122
37 125
37 127
38 2
38 4
38 5
38 7
38 10
38 11
38 12
38 14
38 15
38 16
38 18
38 23
38 28
38 34
38 35
38 36
38 37
38 41
38 43
38 44
38 47
38 48
38 52
38 53
38 56
38 60
38 61
38 64
38 65
38 69
38 71
38 74
38 75
38 80
38 81
38 82
38 85
38 86
38 88
38 90
38 94
38 99
38 102
38 106
38 111
38 112
38 114
38 115
38 118
38 119
38 120
38 122
38 126
38 127
39 1
39 2
39 5
39 6
39 10
39 13
39 14
39 15
39 16
39 18
39 19
39 20
39 24
39 30
39 31
39 32
39 35
39 38
39 39
39 44
39 46
39 47
39 48
39 49
39 50
39 51
39 54
39 55
39 57
39 60
39 64
39 65
39 66
39 71
39 75
39 76
39 78
39 79
39 80
39 82
39 90
39 93
39 94
39 99
39 103
39 106
39 107
39 115
39 117
39 118
39 119
39 120
39 122
39 123
40 2
40 4
40 5
40 7
40 9
40 10
40 25
40 28
40 29
40 30
40 34
40 37
40 38
40 41
40 43
40 47
40 51
40 53
40 54
40 57
40 59
40 60
40 65
40 72
40 74
40 76
40 77
40 79
40 80
40 84
40 85
40 87
40 88
40 89
40 93
40 94
40 95
40 97
40 98
40 100
40 101
40 102
40 107
40 108
40 115
40 117
40 118
40 120
40 121
40 122
40 125
40 126
40 127
41 0
41 1
41 2
41 9
41 14
41 15
41 16
41 17
41 20
41 21
41 24
41 30
41 32
41 40
41 41
41 42
41 43
41 46
41 48
41 49
41 51
41 52
41 53
41 54
41 55
41 59
41 60
41 63
41 65
41 66
41 68
41 73
41 76
41 81
41 82
41 84
41 87
41 90
41 93
41 94
41 97
41 100
41 101
41 104
41 105
41 107
41 109
41 111
41 112
41 116
41 117
41 119
41 121
41 122
41 125
42 1
42 2
42 3
42 5
42 6
42 8
42 10
42 12
42 15
42 17
42 18
42 19
42 20
42 22
42 24
42 29
42 34
42 35
42 38
42 44
42 46
42 47
42 50
42 51
42 52
42 55
42 59
42 60
42 61
42 65
42 66
42 67
42 73
42 74
42 79
42 82
42 85
42 87
42 92
42 96
42 99
42 101
42 103
42 106
42 108
42 109
42 110
42 114
42 115
42 116
42 117
42 119
42 120
42 122
42 124
42 125
43 0
43 1
43 2
43 4
43 5
43 7
43 10
43 11
43 12
43 13
43 14
43 22
43 23
43 27
43 29
43 31
43 34
43 35
43 36
43 37
43 38
43 42
43 46
43 48
43 51
43 52
43 53
43 54
43 55
43 56
43 57
43 61
43 65
43 69
43 70
43 73
43 74
43 75
43 76
43 77
43 80
43 85
43 86
43 87
43 89
43 91
43 92
43 95
43 97
43 102
43 103
43 104
43 105
43 109
43 112
43 114
43 115
43 117
43 119
43 123
43 126
44 2
44 4
44 9
44 13
44 15
44 16
44 17
44 20
44 22
44 23
44 25
44 26
44 35
44 36
44 37
44 38
44 41
44 45
44 47
44 51
44 52
44 56
44 58
44 59
44 60
44 66
44 67
44 68
44 73
44 75
44 76
44 78
44 79
44 82
44 83
44 84
44 86
44 88
44 89
44 90
44 91
44 93
44 95
44 99
44 100
44 103
44 104
44 105
44 106
44 107
44 108
44 110
44 111
44 115
44 116
44 120
44 121
44 123
44 124
44 125
44 126
45 0
45 2
45 3
45 8
45 12
45 13
45 14
45 17
45 18
45 26
45 27
45 29
45 30
45 31
45 32
45 33
45 37
45 38
45 39
45 40
45 42
45 43
45 44
45 45
45 48
45 50
45 53
45 55
45 56
45 62
45 63
45 64
45 66
45 71
45 76
45 77
45 78
45 80
45 81
45 82
45 84
45 87
45 91
45 93
45 94
45 96
45 98
45 102
45 104
45 105
45 106
45 107
45 109
45 110
45 112
45 113
45 118
45 119
45 123
45 127
46 3
46 5
46 7
46 8
46 13
46 19
46 22
46 25
46 41
46 42
46 43
46 44
46 45
46 46
46 49
46 51
46 52
46 54
46 58
46 60
46 66
46 69
46 70
46 71
46 73
46 74
46 75
46 76
46 77
46 83
46 84
46 89
46 90
46 93
46 94
46 95
46 96
46 103
46 105
46 106
46 107
46 112
46 116
46 120
46 122
46 123
46 125
47 4
47 5
47 7
47 8
47 11
47 13
47 14
47 15
47 16
47 17
47 21
47 22
47 23
47 25
47 26
47 27
47 28
47 33
47 37
47 41
47 43
47 45
47 48
47 50
47 51
47 56
47 59
47 60
47 61
47 63
47 64
47 65
47 68
47 69
47 71
47 72
47 74
47 75
47 76
47 77
47 82
47 83
47 85
47 86
47 87
47 88
47 91
47 93
47 99
47 100
47 103
47 107
47 109
47 115
47 116
47 118
47 120
47 122
47 123
47 124
47 125
48 0
48 2
48 3
48 4
48 6
48 9
48 10
48 12
48 15
48 17
48 18
48 19
48 24
48 25
48 26
48 28
48 30
48 32
48 33
48 34
48 37
48 41
48 44
48 46
48 47
48 48
48 49
48 51
48 52
48 53
48 54
48 56
48 59
48 62
48 68
48 69
48 70
48 72
48 73
48 74
48 77
48 78
48 81
48 82
48 85
48 88
48 89
48 93
48 94
48 95
48 96
48 100
48 101
48 103
48 104
48 105
48 108
48 109
48 110
48 113
48 116
48 117
48 119
48 120
48 123
48 124
48 127
49 3
49 4
49 7
49 9
49 10
49 12
49 14
49 15
49 17
49 18
49 20
49 23
49 27
49 30
49 31
49 36
49 37
49 38
49 39
49 47
49 48
49 50
49 51
49 52
49 54
49 55
49 57
49 59
49 60
49 61
49 65
49 66
49 67
49 68
49 70
49 71
49 72
49 75
49 76
49 78
49 81
49 82
49 89
49 91
49 93
49 95
49 101
49 103
49 105
49 108
49 110
49 111
49 114
49 117
49 118
49 119
49 121
49 122
49 123
50 0
50 3
50 6
50 9
50 12
50 15
50 17
50 19
50 20
50 22
50 23
50 24
50 26
50 27
50 31
50 35
50 36
50 37
50 40
50 41
50 42
50 45
50 46
50 48
50 49
50 50
50 51
50 56
50 58
50 63
50 64
50 65
50 68
50 73
50 74
50 75
50 76
50 77
50 80
50 82
50 83
50 86
50 90
50 95
50 96
50 101
50 103
50 104
50 105
50 107
50 108
50 110
50 112
50 113
50 117
50 124
50 127
51 0
51 1
51 4
51 5
51 8
51 9
51 10
51 12
51 13
51 14
51 16
51 17
51 18
51 19
51 21
51 25
51 29
51 34
51 35
51 37
51 38
51 40
51 43
51 48
51 49
51 52
51 55
51 56
51 57
51 58
51 60
51 62
51 64
51 66
51 67
51 68
51 79
51 82
51 84
51 86
51 88
51 91
51 92
51 93
51 97
51 98
51 101
51 103
51 106
51 107
51 108
51 110
51 111
51 113
51 114
51 115
51 117
51 119
51 120
51 121
51 125
51 126
51 127
52 1
52 2
52 3
52 6
52 7
52 8
52 10
52 11
52 14
52 15
52 18
52 19
52 21
52 23
52 24
52 25
52 31
52 33
52 35
52 36
52 38
52 39
52 40
52 41
52 42
52 43
52 44
52 45
52 46
52 47
52 48
52 54
52 55
52 57
52 60
52 62
52 63
52 64
52 65
52 66
52 70
52 71
52 76
52 78
52 79
52 84
52 85
52 88
52 89
52 91
52 92
52 94
52 97
52 102
52 104
52 109
52 111
52 113
52 116
52 117
52 121
52 123
52 124
52 125
52 126
52 127
53 1
53 2
53 3
53 7
53 11
53 13
53 16
53 17
53 19
53 20
53 21
53 22
53 25
53 26
53 34
53 36
53 38
53 40
53 49
53 50
53 52
53 54
53 55
53 58
53 60
53 62
53 64
53 71
53 72
53 74
53 76
53 77
53 78
53 79
53 80
53 81
53 85
53 87
53 88
53 89
53 90
53 91
53 92
53 95
53 96
53 97
53 98
53 101
53 106
53 111
53 112
53 113
53 114
53 115
53 116
53 117
53 118
53 120
53 125
54 2
54 5
54 11
54 12
54 13
54 18
54 19
54 21
54 23
54 25
54 27
54 28
54 32
54 35
54 36
54 37
54 38
54 42
54 43
54 46
54 48
54 51
54 53
54 56
54 57
54 60
54 61
54 62
54 65
54 66
54 69
54 70
54 72
54 76
54 77
54 79
54 80
54 82
54 84
54 85
54 89
54 90
54 92
54 93
54 96
54 97
54 98
54 99
54 100
54 101
54 104
54 106
54 107
54 108
54 109
54 111
54 112
54 116
54 118
54 121
55 1
55 2
55 4
55 5
55 7
55 8
55 9
55 10
55 11
55 12
55 20
55 22
55 23
55 25
55 26
55 27
55 29
55 31
55 33
55 34
55 35
55 36
55 38
55 40
55 42
55 45
55 47
55 49
55 51
55 52
55 54
55 56
55 58
55 59
55 60
55 61
55 63
55 64
55 65
55 66
55 67
55 68
55 70
55 71
55 72
55 75
55 76
55 78
55 79
55 85
55 86
55 87
55 89
55 91
55 92
55 93
55 95
55 96
55 97
55 98
55 99
55 103
55 105
55 107
55 109
55 111
55 113
55 115
55 117
55 118
55 119
55 122
55 124
55 126
56 0
56 4
56 6
56 7
56 10
56 12
56 14
56 16
56 19
56 20
56 24
56 26
56 27
56 28
56 30
56 31
56 34
56 36
56 37
56 39
56 40
56 41
56 44
56 47
56 48
56 52
56 53
56 54
56 55
56 59
56 61
56 74
56 75
56 76
56 77
56 79
56 80
56 81
56 84
56 85
56 86
56 87
56 88
56 90
56 94
56 95
56 98
56 99
56 100
56 103
56 105
56 106
56 109
56 111
56 113
56 114
56 115
56 116
56 118
56 120
56 121
56 123
57 1
57 3
57 4
57 5
57 10
57 11
57 17
57 18
57 19
57 20
57 26
57 27
57 28
57 31
57 33
57 37
57 38
57 46
57 47
57 50
57 51
57 54
57 56
57 57
57 59
57 60
57 62
57 63
57 67
57 78
57 79
57 82
57 84
57 87
57 90
57 91
57 94
57 99
57 100
57 101
57 102
57 105
57 108
57 111
57 112
57 118
57 119
57 120
57 122
57 123
57 124
57 126
57 127
58 0
58 3
58 6
58 7
58 10
58 12
58 13
58 16
58 17
58 18
58 19
58 30
58 31
58 34
58 40
58 44
58 45
58 46
58 47
58 50
58 52
58 53
58 56
58 57
58 58
58 59
58 60
58 62
58 64
58 65
58 68
58 69
58 70
58 74
58 81
58 85
58 86
58 87
58 89
58 90
58 92
58 94
58 99
58 100
58 103
58 106
58 109
58 110
58 111
58 112
58 113
58 115
58 118
58 119
58 121
58 122
58 123
58 124
58 125
58 126
59 0
59 1
59 2
59 6
59 7
59 9
59 11
59 12
59 20
59 21
59 25
59 27
59 29
59 33
59 34
59 37
59 38
59 39
59 41
59 42
59 44
59 46
59 47
59 53
59 55
59 56
59 57
59 58
59 61
59 62
59 63
59 69
59 70
59 72
59 76
59 78
59 81
59 83
59 84
59 86
59 87
59 89
59 91
59 94
59 95
59 96
59 98
59 101
59 102
59 103
59 104
59 108
59 111
59 112
59 113
59 118
59 119
59 126
59 127
60 1
60 3
60 4
60 5
60 6
60 7
60 8
60 9
60 12
60 16
60 24
60 26
60 27
60 30
60 32
60 33
60 34
60 40
60 41
60 44
60 45
60 46
60 49
60 50
60 53
60 57
60 58
60 62
60 67
60 68
60 69
60 70
60 71
60 72
60 73
60 74
60 75
60 76
60 77
60 79
60 80
60 81
60 83
60 84
60 91
60 93
60 96
60 97
60 99
60 100
60 101
60 103
60 110
60 113
60 114
60 120
60 123
61 2
61 7
61 9
61 10
61 12
61 13
61 14
61 15
61 19
61 25
61 26
61 27
61 30
61 34
61 36
61 37
61 38
61 39
61 40
61 44
61 47
61 48
61 50
61 53
61 55
61 56
61 59
61 63
61 64
61 66
61 68
61 69
61 70
61 74
61 76
61 78
61 79
61 81
61 82
61 83
61 85
61 86
61 90
61 91
61 92
61 94
61 96
61 98
61 103
61 104
61 109
61 110
61 111
61 114
61 115
61 116
61 118
61 122
61 123
61 126
62 3
62 4
62 5
62 12
62 13
62 14
62 19
62 24
62 25
62 28
62 35
62 38
62 39
62 41
62 43
62 44
62 47
62 49
62 51
62 57
62 60
62 66
62 68
62 69
62 70
62 72
62 76
62 77
62 80
62 82
62 85
62 86
62 88
62 91
62 92
62 94
62 95
62 96
62 97
62 98
62 100
62 101
62 109
62 111
62 114
62 115
62 116
62 121
62 125
63 1
63 3
63 6
63 8
63 9
63 10
63 12
63 13
63 14
63 16
63 19
63 20
63 22
63 30
63 33
63 34
63 35
63 37
63 39
63 45
63 46
63 49
63 51
63 52
63 55
63 56
63 57
63 58
63 59
63 60
63 63
63 72
63 73
63 74
63 75
63 77
63 78
63 80
63 82
63 83
63 85
63 88
63 90
63 91
63 95
63 96
63 97
63 100
63 108
63 109
63 110
63 111
63 112
63 114
63 117
63 118
63 122
63 124
63 125
63 127
64 4
64 6
64 13
64 15
64 17
64 19
64 20
64 22
64 28
64 35
64 38
64 39
64 40
64 42
64 47
64 48
64 49
64 53
64 54
64 55
64 56
64 59
64 60
64 61
64 64
64 68
64 70
64 72
64 73
64 74
64 77
64 80
64 81
64 84
64 85
64 86
64 88
64 91
64 93
64 100
64 101
64 102
64 104
64 105
64 106
64 107
64 113
64 115
64 117
64 118
64 119
64 122
64 126
65 1
65 2
65 5
65 6
65 7
65 9
65 11
65 12
65 13
65 15
65 20
65 21
65 23
65 27
65 29
65 30
65 37
65 40
65 42
65 44
65 45
65 46
65 47
65 51
65 52
65 53
65 55
65 56
65 57
65 59
65 60
65 63
65 65
65 66
65 71
65 73
65 75
65 76
65 77
65 78
65 79
65 80
65 85
65 86
65 88
65 89
65 92
65 95
65 100
65 104
65 105
65 107
65 108
65 109
65 111
65 112
65 113
65 117
65 119
65 121
65 124
65 125
65 126
65 127
66 5
66 6
66 8
66 10
66 11
66 14
66 15
66 16
66 17
66 18
66 19
66 20
66 21
66 24
66 26
66 29
66 35
66 36
66 39
66 41
66 43
66 44
66 45
66 46
66 47
66 50
66 52
66 58
66 60
66 61
66 64
66 66
66 67
66 69
66 72
66 73
66 76
66 78
66 79
66 83
66 88
66 89
66 92
66 93
66 95
66 96
66 98
66 100
66 103
66 104
66 105
66 106
66 107
66 108
66 110
66 111
66 113
66 114
66 116
66 117
66 118
66 122
66 123
66 125
67 0
67 1
67 2
67 6
67 7
67 13
67 14
67 18
67 22
67 23
67 25
67 30
67 31
67 32
67 33
67 36
67 39
67 42
67 44
67 47
67 49
67 51
67 53
67 55
67 57
67 59
67 62
67 64
67 65
67 68
67 72
67 73
67 74
67 75
67 79
67 82
67 85
67 88
67 89
67 94
67 95
67 96
67 100
67 101
67 103
67 104
67 106
67 108
67 110
67 111
67 114
67 116
67 121
67 123
67 125
68 2
68 7
68 8
68 11
68 12
68 15
68 16
68 17
68 19
68 21
68 22
68 26
68 27
68 28
68 30
68 33
68 35
68 36
68 38
68 40
68 41
68 43
68 46
68 47
68 48
68 51
68 53
68 56
68 58
68 59
68 60
68 64
68 74
68 77
68 81
68 82
68 84
68 86
68 87
68 91
68 93
68 95
68 98
68 99
68 101
68 104
68 108
68 112
68 115
68 119
68 121
68 123
68 125
68 127
69 0
69 2
69 4
69 7
69 8
69 9
69 10
69 11
69 12
69 14
69 16
69 18
69 20
69 23
69 28
69 31
69 34
69 35
69 38
69 39
69 48
69 49
69 52
69 57
69 58
69 60
69 64
69 65
69 67
69 68
69 73
69 76
69 77
69 78
69 80
69 87
69 89
69 91
69 92
69 96
69 97
69 99
69 103
69 104
69 105
69 106
69 107
69 108
69 112
69 114
69 115
69 116
69 117
69 122
69 123
69 124
70 0
70 2
70 3
70 4
70 6
70 8
70 9
70 10
70 11
70 14
70 16
70 18
70 19
70 22
70 23
70 25
70 27
70 28
70 30
70 31
70 33
70 37
70 39
70 44
70 46
70 49
70 50
70 52
70 53
70 54
70 56
70 60
70 61
70 63
70 67
70 70
70 71
70 73
70 74
70 76
70 77
70 80
70 81
70 84
70 87
70 90
70 91
70 93
70 94
70 97
70 98
70 100
70 101
70 102
70 110
70 112
70 118
70 119
70 125
71 1
71 3
71 4
71 8
71 10
71 13
71 16
71 17
71 25
71 26
71 29
71 30
71 32
71 37
71 42
71 44
71 48
71 50
71 51
71 57
71 60
71 62
71 65
71 66
71 68
71 69
71 70
71 73
71 74
71 75
71 76
71 84
71 85
71 89
71 90
71 91
71 94
71 95
71 98
71 99
71 101
71 102
71 104
71 106
71 110
71 113
71 119
71 125
71 127
72 0
72 3
72 5
72 6
72 10
72 11
72 16
72 18
72 21
72 23
72 24
72 26
72 27
72 28
72 29
72 30
72 32
72 34
72 37
72 39
72 42
72 46
72 49
72 50
72 51
72 53
72 54
72 59
72 61
72 62
72 66
72 68
72 73
72 74
72 77
72 78
72 79
72 81
72 83
72 84
72 85
72 87
72 91
72 98
72 99
72 100
72 104
72 105
72 110
72 112
72 113
72 114
72 116
72 117
72 118
72 120
72 121
72 122
72 124
72 125
73 0
73 7
73 9
73 10
73 11
73 12
73 14
73 15
73 16
73 19
73 21
73 22
73 26
73 27
73 28
73 30
73 34
73 35
73 50
73 51
73 52
73 53
73 55
73 56
73 57
73 58
73 59
73 60
73 61
73 65
73 68
73 70
73 74
73 82
73 84
73 85
73 86
73 88
73 93
73 96
73 98
73 99
73 102
73 103
73 110
73 112
73 116
73 118
73 119
73 120
73 122
73 123
73 124
73 125
74 3
74 6
74 7
74 9
74 10
74 11
74 12
74 14
74 16
74 17
74 19
74 20
74 22
74 23
74 25
74 26
74 27
74 29
74 31
74 32
74 35
74 36
74 41
74 44
74 47
74 48
74 51
74 56
74 59
74 61
74 68
74 70
74 71
74 74
74 76
74 78
74 79
74 80
74 83
74 85
74 86
74 91
74 93
74 94
74 96
74 97
74 101
74 102
74 103
74 105
74 109
74 112
74 113
74 116
74 117
74 120
74 122
74 126
75 1
75 2
75 4
75 5
75 6
75 8
75 10
75 13
75 15
75 17
75 18
75 22
75 24
75 25
75 26
75 29
75 30
75 33
75 35
75 40
75 41
75 42
75 43
75 44
75 45
75 47
75 50
75 52
75 53
75 54
75 58
75 62
75 63
75 68
75 70
75 72
75 73
75 76
75 77
75 79
75 81
75 85
75 87
75 88
75 89
75 94
75 95
75 96
75 97
75 99
75 103
75 104
75 105
75 108
75 111
75 112
75 113
75 116
75 117
75 119
75 120
75 121
75 123
75 125
75 126
75 127
76 1
76 8
76 9
76 10
76 11
76 12
76 15
76 17
76 18
76 19
76 20
76 27
76 31
76 32
76 37
76 38
76 40
76 41
76 42
76 43
76 44
76 45
76 48
76 52
76 53
76 55
76 56
76 59
76 61
76 68
76 71
76 72
76 73
76 78
76 79
76 81
76 82
76 83
76 84
76 89
76 90
76 92
76 96
76 98
76 100
76 101
76 104
76 105
76 107
76 109
76 117
76 119
76 122
76 123
76 126
76 127
77 2
77 5
77 9
77 10
77 11
77 16
77 18
77 20
77 25
77 28
77 30
77 33
77 36
77 37
77 38
77 39
77 40
77 41
77 42
77 44
77 47
77 50
77 51
77 53
77 54
77 60
77 66
77 67
77 68
77 70
77 72
77 73
77 75
77 77
77 79
77 82
77 83
77 87
77 88
77 89
77 90
77 91
77 93
77 96
77 98
77 100
77 106
77 107
77 110
77 113
77 116
77 117
77 121
77 122
77 123
77 126
77 127
78 3
78 4
78 12
78 13
78 14
78 16
78 17
78 21
78 26
78 28
78 29
78 30
78 32
78 33
78 34
78 35
78 37
78 38
78 39
78 40
78 41
78 45
78 46
78 48
78 50
78 52
78 57
78 59
78 60
78 61
78 66
78 70
78 71
78 74
78 75
78 85
78 87
78 88
78 92
78 93
78 96
78 98
78 102
78 103
78 107
78 108
78 109
78 113
78 117
78 118
78 119
78 123
79 4
79 11
79 13
79 15
79 16
79 21
79 22
79 23
79 24
79 26
79 34
79 35
79 38
79 41
79 46
79 48
79 49
79 51
79 53
79 56
79 57
79 63
79 70
79 72
79 73
79 76
79 79
79 83
79 84
79 85
79 95
79 102
79 103
79 105
79 106
79 113
79 120
79 121
79 122
79 124
79 127
80 0
80 5
80 8
80 10
80 13
80 15
80 17
80 18
80 19
80 20
80 21
80 22
80 27
80 29
80 31
80 32
80 34
80 37
80 40
80 42
80 45
80 47
80 49
80 50
80 51
80 52
80 53
80 55
80 57
80 58
80 59
80 63
80 66
80 70
80 71
80 72
80 73
80 74
80 76
80 77
80 78
80 80
80 81
80 85
80 88
80 92
80 93
80 94
80 95
80 97
80 99
80 104
80 105
80 106
80 107
80 109
80 113
80 114
80 115
80 116
80 119
80 120
80 125
81 0
81 7
81 9
81 14
81 16
81 18
81 19
81 20
81 23
81 26
81 27
81 29
81 30
81 34
81 36
81 40
81 41
81 45
81 48
81 53
81 55
81 56
81 59
81 61
81 63
81 64
81 66
81 70
81 71
81 72
81 75
81 77
81 79
81 81
81 82
81 83
81 85
81 86
81 89
81 93
81 95
81 96
81 98
81 99
81 100
81 102
81 103
81 108
81 109
81 111
81 112
81 113
81 115
81 116
81 117
81 118
81 120
81 122
81 123
81 124
82 6
82 8
82 9
82 11
82 14
82 15
82 16
82 18
82 19
82 20
82 21
82 22
82 23
82 27
82 28
82 29
82 30
82 31
82 32
82 35
82 36
82 39
82 41
82 47
82 53
82 54
82 57
82 58
82 63
82 68
82 70
82 72
82 73
82 84
82 86
82 89
82 90
82 92
82 93
82 95
82 96
82 101
82 102
82 104
82 108
82 110
82 111
82 115
82 118
82 119
82 120
82 121
82 125
83 0
83 2
83 3
83 5
83 6
83 9
83 13
83 14
83 20
83 24
83 27
83 28
83 31
83 32
83 34
83 39
83 40
83 41
83 43
83 44
83 45
83 46
83 51
83 53
83 54
83 59
83 61
83 67
83 69
83 70
83 71
83 77
83 78
83 82
83 83
83 89
83 90
83 91
83 93
83 95
83 98
83 99
83 101
83 104
83 106
83 111
83 113
83 117
83 118
83 122
84 2
84 4
84 5
84 6
84 7
84 9
84 10
84 11
84 12
84 13
84 18
84 19
84 20
84 24
84 25
84 28
84 30
84 31
84 34
84 36
84 38
84 41
84 43
84 44
84 49
84 50
84 52
84 53
84 55
84 56
84 57
84 62
84 64
84 67
84 68
84 69
84 70
84 72
84 74
84 76
84 77
84 79
84 81
84 82
84 83
84 85
84 87
84 90
84 92
84 93
84 97
84 98
84 100
84 102
84 103
84 105
84 108
84 114
84 115
84 116
84 117
84 118
84 120
84 122
85 1
85 2
85 5
85 6
85 7
85 14
85 17
85 18
85 26
85 28
85 34
85 35
85 37
85 48
85 51
85 58
85 60
85 69
85 74
85 75
85 76
85 79
85 83
85 84
85 85
85 87
85 88
85 91
85 92
85 94
85 95
85 96
85 98
85 101
85 106
85 108
85 109
85 111
85 112
85 113
85 114
85 115
85 118
85 120
85 123
85 126
85 127
86 0
86 1
86 3
86 8
86 13
86 16
86 21
86 23
86 27
86 28
86 31
86 32
86 39
86 40
86 41
86 42
86 43
86 44
86 48
86 55
86 56
86 59
86 60
86 61
86 63
86 64
86 68
86 69
86 71
86 72
86 74
86 79
86 80
86 81
86 83
86 87
86 88
86 89
86 91
86 92
86 94
86 98
86 106
86 108
86 109
86 111
86 122
86 125
86 126
87 0
87 1
87 4
87 5
87 9
87 10
87 13
87 14
87 16
87 17
87 19
87 20
87 21
87 24
87 25
87 26
87 27
87 28
87 29
87 31
87 32
87 34
87 37
87 39
87 41
87 43
87 45
87 48
87 50
87 51
87 59
87 64
87 67
87 69
87 70
87 71
87 76
87 78
87 79
87 85
87 91
87 93
87 95
87 97
87 100
87 101
87 102
87 104
87 109
87 110
87 113
87 115
87 123
87 124
87 125
88 0
88 1
88 3
88 5
88 7
88 8
88 10
88 12
88 13
88 14
88 16
88 19
88 21
88 23
88 24
88 25
88 28
88 29
88 30
88 34
88 35
88 39
88 40
88 41
88 42
88 43
88 45
88 46
88 48
88 49
88 50
88 51
88 54
88 58
88 61
88 64
88 66
88 67
88 69
88 72
88 75
88 77
88 78
88 80
88 81
88 82
88 83
88 87
88 90
88 93
88 99
88 100
88 101
88 102
88 104
88 105
88 106
88 109
88 113
88 114
88 116
88 123
88 124
89 1
89 3
89 4
89 5
89 7
89 12
89 14
89 16
89 17
89 18
89 20
89 23
89 24
89 25
89 28
89 29
89 31
89 32
89 33
89 43
89 45
89 46
89 48
89 50
89 53
89 54
89 55
89 59
89 61
89 63
89 67
89 68
89 72
89 74
89 76
89 78
89 79
89 81
89 82
89 83
89 84
89 87
89 94
89 97
89 98
89 99
89 100
89 102
89 103
89 105
89 106
89 109
89 111
89 112
89 117
89 119
89 120
89 121
89 122
89 123
89 124
89 127
90 3
90 4
90 6
90 7
90 9
90 13
90 19
90 22
90 23
90 24
90 25
90 27
90 32
90 37
90 38
90 40
90 41
90 42
90 44
90 47
90 49
90 50
90 57
90 58
90 59
90 68
90 70
90 71
90 72
90 74
90 77
90 83
90 88
90 89
90 92
90 93
90 94
90 95
90 98
90 99
90 100
90 101
90 102
90 103
90 104
90 105
90 112
90 114
90 115
90 117
90 121
90 122
90 123
91 3
91 4
91 8
91 9
91 13
91 14
91 16
91 22
91 26
91 29
91 30
91 33
91 38
91 39
91 40
91 43
91 44
91 46
91 48
91 53
91 57
91 62
91 65
91 66
91 69
91 70
91 71
91 73
91 75
91 76
91 77
91 80
91 82
91 86
91 88
91 91
91 93
91 95
91 96
91 97
91 99
91 100
91 104
91 110
91 111
91 113
91 114
91 115
91 119
91 120
91 121
91 125
92 1
92 3
92 5
92 6
92 9
92 10
92 11
92 12
92 17
92 19
92 25
92 26
92 27
92 31
92 32
92 34
92 35
92 36
92 40
92 42
92 43
92 46
92 49
92 51
92 53
92 55
92 57
92 58
92 59
92 62
92 65
92 69
92 75
92 79
92 81
92 82
92 83
92 86
92 87
92 89
92 90
92 92
92 94
92 95
92 98
92 99
92 101
92 102
92 103
92 105
92 108
92 109
92 116
92 121
92 123
92 124
92 125
92 127
93 1
93 3
93 7
93 10
93 12
93 13
93 15
93 16
93 17
93 20
93 22
93 23
93 24
93 25
93 26
93 31
93 33
93 36
93 37
93 40
93 41
93 43
93 45
93 46
93 49
93 53
93 54
93 61
93 62
93 69
93 70
93 75
93 78
93 79
93 81
93 83
93 87
93 88
93 89
93 90
93 95
93 96
93 107
93 110
93 114
93 116
93 122
93 123
93 124
93 125
94 1
94 8
94 12
94 17
94 18
94 24
94 25
94 30
94 32
94 36
94 38
94 43
94 46
94 47
94 49
94 50
94 51
94 52
94 53
94 57
94 62
94 64
94 66
94 67
94 71
94 73
94 75
94 76
94 77
94 79
94 80
94 83
94 85
94 89
94 92
94 93
94 94
94 95
94 96
94 102
94 103
94 105
94 106
94 108
94 109
94 111
94 114
94 115
94 119
94 122
95 0
95 6
95 8
95 11
95 14
95 15
95 17
95 19
95 20
95 22
95 27
95 28
95 31
95 32
95 33
95 35
95 36
95 37
95 38
95 39
95 40
95 45
95 46
95 48
95 49
95 55
95 59
95 68
95 70
95 75
95 81
95 86
95 87
95 90
95 92
95 93
95 94
95 96
95 100
95 101
95 102
95 103
95 105
95 106
95 107
95 108
95 111
95 114
95 115
95 119
95 120
95 125
95 127
96 1
96 4
96 5
96 8
96 9
96 12
96 16
96 17
96 22
96 23
96 25
96 26
96 30
96 33
96 34
96 35
96 37
96 40
96 43
96 44
96 45
96 49
96 51
96 52
96 53
96 56
96 61
96 63
96 64
96 65
96 68
96 69
96 70
96 71
96 72
96 74
96 75
96 77
96 80
96 81
96 82
96 85
96 91
96 92
96 93
96 98
96 99
96 100
96 101
96 102
96 103
96 104
96 109
96 111
96 112
96 115
96 116
96 121
96 122
96 123
96 126
96 127
97 0
97 5
97 8
97 13
97 15
97 18
97 20
97 21
97 22
97 24
97 25
97 26
97 31
97 32
97 33
97 35
97 36
97 37
97 42
97 43
97 44
97 46
97 48
97 49
97 50
97 52
97 54
97 55
97 57
97 59
97 60
97 62
97 63
97 67
97 68
97 69
97 71
97 76
97 77
97 79
97 80
97 84
97 85
97 86
97 89
97 91
97 92
97 97
97 104
97 105
97 107
97 111
97 118
97 120
97 121
97 126
97 127
98 1
98 2
98 5
98 6
98 8
98 10
98 13
98 16
98 17
98 20
98 21
98 22
98 25
98 27
98 28
98 33
98 34
98 35
98 39
98 40
98 42
98 43
98 46
98 47
98 49
98 50
98 53
98 55
98 56
98 61
98 62
98 64
98 65
98 66
98 71
98 75
98 78
98 80
98 81
98 82
98 83
98 85
98 86
98 88
98 89
98 95
98 96
98 97
98 98
98 99
98 100
98 102
98 103
98 106
98 108
98 112
98 115
98 117
98 121
98 122
98 125
98 126
98 127
99 0
99 2
99 3
99 5
99 6
99 9
99 12
99 13
99 15
99 19
99 20
99 22
99 23
99 26
99 32
99 35
99 37
99 38
99 46
99 47
99 49
99 50
99 52
99 53
99 55
99 56
99 57
99 59
99 67
99 70
99 73
99 76
99 79
99 81
99 82
99 83
99 86
99 92
99 94
99 95
99 98
99 101
99 105
99 107
99 110
99 111
99 116
99 117
99 122
99 124
100 1
100 3
100 4
100 5
100 6
100 11
100 13
100 17
100 18
100 19
100 21
100 22
100 23
100 24
100 25
100 28
100 29
100 33
100 37
100 39
100 45
100 46
100 47
100 49
100 52
100 60
100 62
100 67
100 69
100 71
100 74
100 76
100 78
100 84
100 85
100 88
100 90
100 93
100 94
100 96
100 101
100 103
100 105
100 106
100 111
100 113
100 114
100 116
100 120
100 121
100 122
100 123
100 124
100 125
100 127
101 4
101 9
101 11
101 12
101 14
101 15
101 16
101 19
101 21
101 23
101 25
101 26
101 28
101 30
101 31
101 35
101 36
101 37
101 39
101 43
101 44
101 45
101 46
101 47
101 52
101 55
101 56
101 57
101 60
101 61
101 62
101 64
101 67
101 69
101 72
101 73
101 74
101 77
101 78
101 80
101 81
101 85
101 86
101 88
101 89
101 90
101 92
101 93
101 98
101 102
101 103
101 105
101 106
101 107
101 109
101 110
101 111
101 112
101 113
101 114
101 118
101 120
101 122
101 123
101 124
102 0
102 1
102 2
102 3
102 6
102 7
102 9
102 10
102 14
102 21
102 27
102 28
102 29
102 32
102 33
102 34
102 36
102 39
102 40
102 42
102 44
102 45
102 48
102 51
102 55
102 56
102 57
102 61
102 63
102 64
102 66
102 67
102 69
102 71
102 74
102 76
102 77
102 83
102 85
102 88
102 92
102 93
102 101
102 102
102 103
102 105
102 106
102 110
102 112
102 114
102 115
102 116
102 117
102 119
102 121
102 124
102 126
102 127
103 1
103 3
103 4
103 5
103 7
103 8
103 11
103 13
103 15
103 17
103 18
103 20
103 21
103 23
103 24
103 28
103 30
103 31
103 33
103 34
103 38
103 41
103 45
103 46
103 47
103 50
103 51
103 52
103 53
103 54
103 59
103 60
103 64
103 68
103 70
103 73
103 74
103 77
103 83
103 85
103 87
103 88
103 90
103 91
103 92
103 93
103 94
103 97
103 98
103 103
103 104
103 107
103 108
103 112
103 113
103 115
103 120
103 122
103 123
104 0
104 4
104 7
104 8
104 9
104 13
104 17
104 19
104 24
104 28
104 30
104 32
104 33
104 36
104 38
104 40
104 46
104 48
104 49
104 50
104 51
104 53
104 55
104 61
104 62
104 64
104 66
104 68
104 69
104 71
104 72
104 73
104 75
104 76
104 80
104 81
104 83
104 85
104 86
104 87
104 90
104 91
104 96
104 99
104 101
104 102
104 103
104 105
104 106
104 107
104 108
104 110
104 111
104 115
104 116
104 118
104 119
104 121
104 122
104 124
104 127
105 0
105 3
105 5
105 10
105 11
105 12
105 14
105 18
105 19
105 20
105 24
105 26
105 27
105 28
105 29
105 32
105 36
105 43
105 45
105 47
105 49
105 54
105 55
105 58
105 60
105 62
105 63
105 64
105 67
105 69
105 70
105 71
105 72
105 75
105 78
105 82
105 83
105 87
105 89
105 91
105 94
105 95
105 97
105 98
105 99
105 101
105 104
105 105
105 107
105 114
105 117
105 118
105 119
105 124
105 126
105 127
106 1
106 3
106 6
106 8
106 9
106 12
106 13
106 15
106 16
106 19
106 20
106 21
106 22
106 24
106 25
106 27
106 29
106 30
106 32
106 33
106 35
106 37
106 40
106 42
106 43
106 44
106 46
106 47
106 49
106 51
106 53
106 57
106 59
106 66
106 70
106 71
106 75
106 81
106 86
106 92
106 93
106 94
106 96
106 98
106 99
106 101
106 105
106 106
106 107
106 108
106 112
106 114
106 116
106 123
106 124
106 126
107 0
107 2
107 3
107 4
107 6
107 9
107 11
107 12
107 13
107 16
107 21
107 22
107 23
107 24
107 25
107 26
107 28
107 30
107 31
107 32
107 33
107 34
107 37
107 38
107 39
107 40
107 41
107 43
107 44
107 47
107 49
107 51
107 53
107 56
107 57
107 58
107 60
107 62
107 63
107 64
107 68
107 70
107 71
107 72
107 73
107 77
107 78
107 85
107 86
107 87
107 89
107 90
107 91
107 92
107 96
107 97
107 100
107 102
107 104
107 106
107 111
107 112
107 116
107 117
107 122
107 124
107 125
108 0
108 1
108 6
108 7
108 8
108 9
108 12
108 18
108 19
108 22
108 23
108 27
108 32
108 33
108 35
108 36
108 41
108 42
108 49
108 51
108 52
108 54
108 55
108 57
108 58
108 62
108 65
108 68
108 69
108 72
108 73
108 75
108 76
108 77
108 78
108 79
108 80
108 81
108 82
108 83
108 85
108 88
108 89
108 90
108 91
108 92
108 95
108 101
108 103
108 107
108 108
108 109
108 111
108 112
108 113
108 114
108 115
108 116
108 118
108 119
108 122
108 123
108 124
109 0
109 1
109 2
109 6
109 11
109 12
109 13
109 14
109 18
109 19
109 21
109 22
109 24
109 29
109 33
109 34
109 35
109 37
109 42
109 48
109 49
109 50
109 51
109 52
109 53
109 54
109 57
109 58
109 60
109 64
109 65
109 68
109 70
109 72
109 74
109 77
109 79
109 80
109 81
109 82
109 85
109 87
109 90
109 91
109 93
109 94
109 95
109 96
109 98
109 101
109 102
109 105
109 106
109 107
109 110
109 112
109 116
109 122
109 123
109 124
109 127
110 0
110 1
110 2
110 4
110 5
110 7
110 12
110 14
110 15
110 16
110 17
110 18
110 19
110 27
110 28
110 29
110 30
110 31
110 32
110 37
110 39
110 40
110 42
110 44
110 46
110 49
110 50
110 53
110 57
110 59
110 60
110 61
110 65
110 67
110 70
110 71
110 73
110 75
110 77
110 78
110 80
110 81
110 82
110 83
110 84
110 85
110 86
110 87
110 88
110 90
110 91
110 93
110 94
110 95
110 96
110 97
110 98
110 101
110 104
110 105
110 107
110 109
110 111
110 113
110 114
110 117
110 119
110 120
110 122
110 124
110 126
111 2
111 7
111 8
111 11
111 12
111 14
111 15
111 16
111 18
111 20
111 24
111 25
111 27
111 28
111 29
111 30
111 31
111 35
111 37
111 43
111 48
111 49
111 50
111 52
111 53
111 55
111 59
111 60
111 62
111 63
111 65
111 68
111 70
111 71
111 72
111 76
111 77
111 80
111 82
111 86
111 90
111 91
111 94
111 103
111 106
111 108
111 112
111 113
111 114
111 115
111 117
111 118
111 119
111 122
111 124
111 127
112 0
112 3
112 5
112 7
112 9
112 10
112 14
112 15
112 18
112 20
112 22
112 26
112 30
112 31
112 33
112 34
112 36
112 37
112 38
112 40
112 41
112 44
112 45
112 46
112 48
112 52
112 53
112 54
112 55
112 57
112 58
112 59
112 60
112 61
112 65
112 72
112 73
112 74
112 75
112 76
112 78
112 79
112 81
112 82
112 83
112 85
112 86
112 87
112 88
112 94
112 96
112 99
112 103
112 104
112 105
112 106
112 109
112 110
112 112
112 113
112 114
112 116
112 117
112 118
112 121
112 123
112 124
113 2
113 8
113 9
113 10
113 13
113 16
113 17
113 18
113 20
113 29
113 35
113 37
113 41
113 42
113 46
113 47
113 55
113 57
113 63
113 67
113 68
113 72
113 73
113 75
113 78
113 80
113 83
113 84
113 87
113 88
113 90
113 92
113 93
113 94
113 98
113 101
113 102
113 106
113 107
113 108
113 109
113 111
113 112
113 114
113 123
113 124
113 126
114 3
114 4
114 5
114 6
114 7
114 8
114 9
114 12
114 13
114 15
114 16
114 17
114 18
114 22
114 23
114 27
114 29
114 32
114 35
114 39
114 43
114 46
114 48
114 51
114 52
114 53
114 55
114 56
114 57
114 58
114 59
114 60
114 61
114 62
114 64
114 66
114 70
114 74
114 75
114 76
114 81
114 86
114 87
114 89
114 92
114 94
114 96
114 98
114 99
114 100
114 101
114 102
114 103
114 107
114 109
114 110
114 114
114 117
114 118
114 122
114 123
114 126
115 0
115 1
115 2
115 5
115 9
115 10
115 12
115 13
115 14
115 21
115 22
115 23
115 24
115 25
115 28
115 30
115 33
115 35
115 44
115 45
115 46
115 47
115 53
115 55
115 56
115 58
115 59
115 60
115 61
115 65
115 66
115 68
115 72
115 73
115 74
115 75
115 77
115 81
115 83
115 84
115 86
115 87
115 91
115 99
115 103
115 106
115 107
115 110
115 111
115 112
115 115
115 116
115 117
115 121
115 123
115 124
115 125
115 126
115 127
116 0
116 1
116 2
116 3
116 7
116 11
116 12
116 13
116 14
116 15
116 17
116 24
116 29
116 32
116 34
116 35
116 36
116 37
116 40
116 41
116 49
116 52
116 54
116 56
116 58
116 60
116 62
116 63
116 65
116 66
116 67
116 68
116 69
116 70
116 72
116 73
116 74
116 75
116 76
116 77
116 78
116 79
116 80
116 82
116 83
116 85
116 87
116 88
116 90
116 92
116 94
116 95
116 97
116 98
116 100
116 101
116 102
116 103
116 105
116 106
116 109
116 112
116 113
116 114
116 116
116 117
116 121
116 123
116 124
116 126
117 0
117 4
117 8
117 10
117 11
117 12
117 13
117 14
117 15
117 16
117 21
117 24
117 26
117 27
117 29
117 33
117 39
117 40
117 42
117 45
117 46
117 47
117 49
117 52
117 54
117 55
117 57
117 59
117 60
117 61
117 64
117 66
117 68
117 69
117 72
117 81
117 82
117 86
117 88
117 89
117 93
117 95
117 103
117 104
117 106
117 108
117 109
117 111
117 112
117 117
117 119
117 123
117 124
118 0
118 4
118 6
118 11
118 16
118 17
118 18
118 19
118 20
118 25
118 26
118 29
118 33
118 35
118 36
118 40
118 43
118 47
118 49
118 50
118 51
118 54
118 59
118 63
118 66
118 67
118 68
118 71
118 72
118 73
118 76
118 77
118 78
118 79
118 80
118 82
118 84
118 85
118 87
118 88
118 89
118 90
118 91
118 95
118 98
118 102
118 104
118 105
118 106
118 108
118 112
118 115
118 116
118 118
118 124
118 126
118 127
119 4
119 7
119 9
119 10
119 11
119 12
119 13
119 16
119 19
119 20
119 21
119 26
119 27
119 28
119 29
119 30
119 31
119 32
119 34
119 36
119 38
119 40
119 42
119 43
119 44
119 45
119 47
119 48
119 49
119 51
119 52
119 53
119 55
119 58
119 60
119 62
119 63
119 67
119 68
119 69
119 70
119 71
119 74
119 75
119 76
119 77
119 80
119 83
119 85
119 88
119 89
119 92
119 97
119 98
119 101
119 104
119 107
119 109
119 110
119 112
119 114
119 115
119 116
119 117
119 118
119 119
119 120
119 125
120 0
120 4
120 6
120 8
120 10
120 11
120 13
120 19
120 22
120 23
120 25
120 31
120 33
120 37
120 40
120 42
120 44
120 45
120 50
120 56
120 57
120 58
120 61
120 63
120 67
120 68
120 69
120 70
120 72
120 73
120 74
120 77
120 83
120 84
120 85
120 91
120 92
120 94
120 95
120 97
120 98
120 100
120 101
120 102
120 103
120 104
120 105
120 110
120 116
120 120
120 121
120 122
120 123
120 125
120 126
121 0
121 2
121 4
121 5
121 7
121 22
121 23
121 24
121 26
121 27
121 28
121 31
121 36
121 41
121 44
121 50
121 51
121 55
121 56
121 61
121 62
121 63
121 65
121 66
121 67
121 68
121 69
121 71
121 72
121 73
121 75
121 77
121 78
121 79
121 80
121 81
121 82
121 83
121 85
121 86
121 87
121 94
121 96
121 97
121 100
121 105
121 107
121 108
121 110
121 111
121 117
121 122
121 123
122 0
122 2
122 3
122 7
122 8
122 11
122 13
122 14
122 15
122 16
122 18
122 19
122 20
122 21
122 24
122 28
122 30
122 37
122 39
122 40
122 43
122 47
122 48
122 52
122 54
122 55
122 56
122 57
122 58
122 59
122 62
122 63
122 64
122 68
122 70
122 75
122 78
122 80
122 86
122 87
122 90
122 95
122 105
122 108
122 111
122 112
122 114
122 118
122 120
122 121
122 124
122 127
123 0
123 1
123 4
123 5
123 6
123 8
123 9
123 15
123 17
123 18
123 19
123 22
123 24
123 27
123 29
123 33
123 35
123 37
123 41
123 46
123 51
123 52
123 54
123 56
123 57
123 58
123 62
123 65
123 66
123 70
123 75
123 81
123 82
123 85
123 86
123 87
123 88
123 90
123 96
123 97
123 100
123 101
123 102
123 110
123 114
123 115
123 116
123 120
123 125
124 0
124 1
124 2
124 4
124 5
124 7
124 8
124 12
124 13
124 14
124 15
124 16
124 17
124 18
124 19
124 22
124 23
124 24
124 25
124 30
124 33
124 38
124 43
124 49
124 50
124 51
124 52
124 54
124 57
124 58
124 64
124 71
124 72
124 73
124 77
124 79
124 80
124 85
124 90
124 93
124 97
124 99
124 100
124 101
124 104
124 106
124 108
124 110
124 113
124 114
124 115
124 116
124 117
124 119
124 123
124 125
124 127
125 0
125 1
125 2
125 5
125 6
125 8
125 9
125 10
125 11
125 13
125 15
125 16
125 17
125 19
125 20
125 21
125 23
125 25
125 27
125 29
125 30
125 33
125 35
125 39
125 43
125 44
125 46
125 47
125 48
125 49
125 56
125 60
125 61
125 62
125 67
125 68
125 69
125 71
125 72
125 73
125 79
125 83
125 87
125 89
125 91
125 93
125 96
125 97
125 99
125 100
125 102
125 105
125 106
125 107
125 108
125 109
125 110
125 112
125 113
125 114
125 116
125 117
125 119
125 123
125 125
125 127
126 2
126 3
126 7
126 11
126 14
126 15
126 16
126 18
126 19
126 20
126 22
126 23
126 25
126 27
126 28
126 30
126 31
126 32
126 34
126 35
126 38
126 40
126 41
126 43
126 44
126 46
126 48
126 51
126 52
126 53
126 54
126 55
126 58
126 61
126 62
126 63
126 67
126 69
126 71
126 72
126 78
126 79
126 81
126 82
126 83
126 86
126 91
126 93
126 95
126 96
126 97
126 99
126 101
126 102
126 103
126 105
126 106
126 107
126 109
126 110
126 113
126 116
126 117
126 120
126 121
126 122
126 124
126 125
127 0
127 3
127 5
127 7
127 8
127 9
127 11
127 12
127 13
127 14
127 15
127 16
127 19
127 21
127 25
127 27
127 29
127 31
127 33
127 34
127 35
127 36
127 37
127 39
127 47
127 50
127 52
127 54
127 55
127 58
127 63
127 66
127 68
127 74
127 79
127 80
127 82
127 89
127 90
127 91
127 92
127 93
127 95
127 96
127 102
127 103
127 104
127 105
127 108
127 109
127 110
127 111
127 112
127 113
127 114
127 117
127 118
127 119
127 121
127 122
127 123
127 124
127 125
127 127
