0 8
0 10
0 27
0 33
0 35
0 36
0 39
0 44
0 57
0 62
0 66
0 73
0 74
0 80
0 90
0 114
0 117
1 23
1 29
1 44
1 86
1 91
1 97
1 99
1 103
1 105
1 116
1 122
2 8
2 14
2 24
2 26
2 30
2 36
2 48
2 53
2 66
2 67
2 82
2 94
2 96
2 100
2 101
2 108
2 113
3 3
3 10
3 11
3 16
3 18
3 21
3 24
3 33
3 43
3 51
3 64
3 69
3 92
3 93
3 97
3 104
3 110
3 125
3 126
4 35
4 37
4 47
4 52
4 78
4 87
4 102
4 113
4 118
5 0
5 1
5 3
5 8
5 11
5 32
5 36
5 52
5 64
5 67
5 81
5 84
5 91
5 98
5 104
5 121
6 16
6 18
6 25
6 28
6 33
6 38
6 40
6 41
6 44
6 45
6 47
6 63
6 69
6 74
6 75
6 82
6 99
6 112
6 123
7 0
7 8
7 10
7 11
7 16
7 43
7 54
7 72
7 75
7 83
7 99
7 100
7 106
7 116
7 119
8 5
8 11
8 17
8 35
8 38
8 56
8 63
8 98
8 101
8 103
8 123
9 0
9 2
9 18
9 22
9 42
9 85
9 86
9 97
9 100
9 114
9 118
10 0
10 6
10 8
10 19
10 43
10 57
10 68
10 75
10 79
10 87
10 92
10 93
10 99
10 100
10 107
10 110
10 112
10 118
11 2
11 15
11 38
11 45
11 70
11 77
11 83
11 100
11 114
11 126
12 0
12 1
12 31
12 43
12 59
12 60
12 67
12 82
12 89
12 100
12 103
12 111
12 114
12 123
12 124
13 23
13 37
13 39
13 43
13 44
13 80
13 92
13 110
13 116
13 123
13 126
13 127
14 0
14 7
14 9
14 33
14 36
14 51
14 53
14 64
14 66
14 72
14 86
14 90
15 12
15 29
15 40
15 44
15 61
15 70
15 77
15 78
15 80
15 81
15 104
15 115
16 2
16 3
16 15
16 21
16 30
16 48
16 49
16 65
16 82
16 89
16 93
16 94
16 105
16 110
16 116
16 122
17 1
17 5
17 22
17 64
17 79
17 82
17 87
17 95
17 112
17 115
18 29
18 35
18 48
18 53
18 54
18 58
18 77
18 81
18 94
18 106
18 111
18 113
18 117
18 121
18 124
19 7
19 14
19 50
19 75
19 78
19 85
19 97
19 109
19 114
19 115
20 4
20 9
20 21
20 39
20 41
20 51
20 58
20 59
20 66
20 73
20 79
20 86
20 106
20 110
21 6
21 9
21 18
21 29
21 44
21 50
21 55
21 56
21 57
21 66
21 73
21 86
21 87
21 91
21 93
21 107
21 111
22 17
22 19
22 33
22 41
22 43
22 54
22 58
22 63
22 64
22 66
22 75
22 76
22 100
22 107
22 126
23 6
23 20
23 60
23 65
23 76
23 82
23 119
24 0
24 37
24 57
24 80
24 83
24 85
24 86
25 21
25 23
25 25
25 30
25 39
25 61
25 63
25 107
25 117
25 125
26 1
26 3
26 4
26 86
26 90
26 91
26 95
26 96
27 0
27 2
27 4
27 17
27 19
27 36
27 63
27 69
27 75
27 97
27 108
27 114
27 118
27 120
28 7
28 8
28 29
28 37
28 40
28 83
28 88
28 93
28 98
28 120
29 2
29 35
29 42
29 44
29 49
29 65
29 75
29 76
29 89
29 90
29 116
29 123
30 5
30 8
30 9
30 19
30 26
30 38
30 55
30 69
30 102
30 104
30 111
30 115
30 116
30 121
30 122
31 5
31 17
31 20
31 25
31 28
31 41
31 47
31 56
31 59
31 73
31 81
31 83
31 95
31 117
31 123
32 6
32 19
32 39
32 42
32 53
32 59
32 76
32 82
32 84
32 85
32 95
32 97
32 98
32 111
32 116
33 26
33 40
33 44
33 63
33 69
33 73
33 76
33 80
33 82
33 93
33 100
33 108
33 112
33 125
33 126
34 12
34 40
34 42
34 47
34 50
34 66
34 82
34 109
34 110
34 115
34 119
35 5
35 10
35 16
35 25
35 41
35 46
35 47
35 57
35 77
35 114
35 124
36 0
36 7
36 16
36 22
36 28
36 31
36 53
36 55
36 62
36 67
36 83
36 84
36 108
36 116
37 8
37 10
37 12
37 15
37 16
37 49
37 75
37 77
37 83
37 89
37 90
37 99
37 110
38 3
38 4
38 21
38 34
38 43
38 52
38 67
38 74
38 102
38 106
39 1
39 8
39 12
39 19
39 54
39 84
39 90
39 93
39 97
39 115
39 119
39 127
40 4
40 5
40 20
40 23
40 49
40 71
40 81
40 82
40 92
40 98
40 120
40 121
40 127
41 1
41 6
41 10
41 11
41 19
41 24
41 32
41 56
41 103
41 105
41 118
42 15
42 29
42 39
42 44
42 78
42 79
42 98
42 102
42 103
42 115
42 118
43 4
43 12
43 15
43 26
43 34
43 41
43 75
43 96
43 119
43 122
44 1
44 19
44 35
44 37
44 46
44 78
44 106
44 114
45 1
45 6
45 17
45 63
45 64
45 74
45 84
45 95
45 126
46 4
46 6
46 36
46 49
46 52
46 57
46 73
46 85
46 88
46 97
46 116
46 123
46 124
46 127
47 0
47 9
47 12
47 23
47 45
47 48
47 54
47 59
47 99
47 107
47 113
47 127
48 6
48 13
48 28
48 31
48 37
48 40
48 50
48 61
48 65
48 80
48 84
48 98
48 105
48 110
48 121
49 4
49 6
49 34
49 41
49 44
49 49
49 51
49 63
49 68
49 71
49 73
49 83
49 84
49 91
49 92
49 97
49 100
49 116
49 125
50 7
50 9
50 15
50 20
50 28
50 52
50 53
50 69
50 72
50 85
50 99
50 108
51 1
51 6
51 10
51 17
51 21
51 25
51 30
51 38
51 39
51 46
51 49
51 53
51 62
51 63
51 84
51 87
51 89
51 101
51 107
51 109
51 111
51 118
52 7
52 15
52 21
52 33
52 34
52 37
52 45
52 51
52 64
52 72
52 76
52 84
52 97
52 106
52 124
52 125
53 12
53 18
53 31
53 37
53 43
53 52
53 60
53 61
53 64
53 68
53 74
53 75
53 83
53 89
53 95
53 101
53 107
53 115
53 117
53 122
54 9
54 12
54 41
54 44
54 49
54 57
54 87
54 123
54 126
54 127
55 13
55 18
55 39
55 50
55 68
55 79
55 82
55 84
55 88
55 105
55 106
55 114
56 12
56 41
56 49
56 59
56 68
56 69
56 72
56 73
56 92
56 96
56 103
56 114
56 123
57 2
57 8
57 10
57 40
57 41
57 43
57 61
57 71
57 98
57 103
57 124
57 126
58 11
58 14
58 19
58 22
58 36
58 43
58 50
58 58
58 63
58 66
58 69
58 70
58 76
59 10
59 35
59 40
59 50
59 53
59 55
59 86
59 102
59 120
59 123
60 7
60 11
60 21
60 40
60 48
60 72
60 95
60 100
60 107
60 108
60 115
60 126
61 24
61 36
61 52
61 75
61 80
61 81
61 90
61 92
61 104
61 114
61 118
61 126
62 3
62 13
62 22
62 26
62 28
62 45
62 59
62 76
62 80
62 105
63 4
63 19
63 20
63 29
63 32
63 35
63 45
63 54
63 55
63 60
63 83
63 90
63 93
63 115
64 22
64 29
64 32
64 47
64 57
64 59
64 62
64 64
64 75
64 85
64 91
64 122
65 16
65 31
65 36
65 41
65 53
65 70
65 76
65 81
65 107
65 119
66 15
66 25
66 27
66 40
66 53
66 67
66 81
66 87
66 107
66 114
67 5
67 7
67 14
67 15
67 16
67 28
67 30
67 31
67 46
67 68
67 73
67 107
67 117
68 13
68 14
68 18
68 49
68 55
68 74
68 90
68 95
68 104
68 105
68 108
68 119
69 8
69 13
69 17
69 18
69 24
69 28
69 39
69 53
69 70
69 79
69 97
69 107
69 114
70 19
70 22
70 36
70 52
70 53
70 55
70 94
70 101
70 102
70 114
71 2
71 27
71 32
71 44
71 51
71 64
71 98
71 103
71 107
71 112
72 6
72 13
72 22
72 23
72 24
72 33
72 49
72 63
72 92
72 93
72 97
72 108
72 112
72 123
73 8
73 28
73 30
73 33
73 43
73 45
73 56
73 65
73 68
73 74
73 75
73 96
73 101
73 102
73 115
74 2
74 8
74 9
74 22
74 37
74 38
74 41
74 44
74 68
74 70
74 91
74 107
74 109
74 118
75 5
75 25
75 36
75 52
75 62
75 78
75 81
75 91
75 92
75 99
75 120
75 127
76 0
76 3
76 7
76 11
76 24
76 26
76 36
76 45
76 47
76 76
76 79
76 84
76 97
76 105
76 115
76 118
76 119
77 2
77 5
77 16
77 17
77 23
77 27
77 30
77 43
77 82
77 83
77 91
77 95
77 119
77 125
78 0
78 13
78 20
78 30
78 33
78 37
78 51
78 67
78 78
78 83
78 103
78 107
78 118
78 127
79 6
79 21
79 23
79 29
79 39
79 42
79 48
79 56
79 61
79 68
79 71
79 85
79 89
79 99
79 118
80 2
80 10
80 12
80 32
80 33
80 37
80 39
80 45
80 52
80 54
80 55
80 79
80 111
80 117
80 126
81 2
81 4
81 16
81 27
81 28
81 30
81 39
81 47
81 59
81 66
81 68
81 72
81 100
82 15
82 22
82 28
82 45
82 48
82 57
82 73
82 75
82 77
82 90
82 107
83 6
83 41
83 69
83 72
83 88
83 90
83 93
83 95
83 111
83 113
83 123
84 12
84 24
84 28
84 56
84 63
84 76
84 83
84 93
84 94
84 111
84 112
85 34
85 37
85 44
85 49
85 69
85 73
85 82
85 89
85 106
86 1
86 6
86 18
86 26
86 30
86 37
86 76
86 98
86 99
86 127
87 13
87 16
87 17
87 18
87 34
87 44
87 54
87 63
87 69
87 86
87 88
87 89
87 90
87 101
87 114
87 118
87 123
87 125
87 126
88 3
88 7
88 16
88 58
88 62
88 75
88 100
88 117
88 125
89 4
89 11
89 74
89 77
89 109
90 10
90 15
90 16
90 46
90 54
90 59
90 66
90 67
90 82
90 87
90 97
90 107
90 108
90 122
91 8
91 27
91 30
91 55
91 62
91 70
91 90
91 96
91 100
91 113
91 118
91 121
91 127
92 4
92 17
92 20
92 22
92 25
92 34
92 37
92 40
92 44
92 68
92 71
92 82
92 105
93 0
93 6
93 40
93 44
93 68
93 70
93 73
93 75
93 77
93 86
93 88
93 94
93 96
93 101
93 127
94 12
94 36
94 44
94 73
94 99
94 121
94 122
94 124
95 25
95 30
95 37
95 39
95 44
95 56
95 72
95 75
95 79
95 91
95 94
95 95
95 96
95 114
95 115
95 118
96 16
96 51
96 64
96 73
96 84
96 92
96 97
96 108
96 110
96 115
96 122
97 3
97 9
97 14
97 17
97 39
97 67
97 71
97 76
97 89
97 98
97 103
97 117
97 120
98 3
98 12
98 27
98 33
98 45
98 46
98 51
98 54
98 60
98 76
98 97
98 100
98 109
99 10
99 17
99 21
99 31
99 52
99 61
99 85
99 90
99 93
99 125
100 3
100 5
100 14
100 19
100 26
100 52
100 60
100 62
100 67
100 68
100 69
100 113
100 116
100 120
101 4
101 9
101 16
101 18
101 25
101 27
101 42
101 47
101 59
101 74
101 80
101 83
101 84
101 92
101 110
101 113
101 122
102 5
102 6
102 13
102 24
102 32
102 35
102 38
102 39
102 49
102 51
102 61
102 73
102 112
102 115
103 3
103 7
103 11
103 20
103 23
103 28
103 37
103 41
103 45
103 50
103 56
103 62
103 73
103 74
103 80
103 85
103 90
103 113
103 118
104 1
104 12
104 13
104 14
104 33
104 36
104 47
104 71
104 78
104 91
104 99
104 102
104 106
104 110
104 122
104 125
105 7
105 35
105 36
105 48
105 80
105 81
105 82
105 88
105 101
105 121
106 1
106 15
106 53
106 54
106 56
106 63
106 69
106 75
106 83
106 97
106 110
106 119
107 15
107 31
107 40
107 55
107 59
107 69
107 86
107 90
107 104
107 109
107 112
107 113
107 125
108 4
108 28
108 42
108 47
108 49
108 50
108 52
108 63
108 78
108 79
108 95
108 107
108 126
109 4
109 7
109 19
109 22
109 24
109 28
109 29
109 42
109 51
109 53
109 57
109 59
109 70
109 73
109 115
109 118
110 3
110 16
110 35
110 37
110 40
110 45
110 50
110 56
110 62
110 63
110 64
110 78
110 82
110 86
110 88
110 95
110 106
110 111
110 117
110 120
111 5
111 14
111 26
111 42
111 58
111 85
111 95
111 114
112 4
112 6
112 17
112 24
112 28
112 29
112 34
112 38
112 48
112 58
112 91
112 105
112 107
113 25
113 45
113 63
113 87
113 99
113 103
113 105
114 1
114 34
114 43
114 48
114 55
114 58
114 85
114 110
115 17
115 28
115 35
115 39
115 44
115 45
115 58
115 64
115 77
115 84
115 86
115 98
115 100
115 125
116 12
116 43
116 60
116 74
116 75
116 77
116 82
116 92
116 112
117 14
117 21
117 25
117 36
117 40
117 41
117 44
117 51
117 61
117 64
117 65
117 74
117 75
117 93
117 101
117 126
118 10
118 14
118 19
118 21
118 25
118 38
118 54
118 76
118 80
118 101
118 120
118 123
119 1
119 21
119 27
119 38
119 40
119 42
119 50
119 67
119 74
119 75
119 82
119 83
119 89
120 2
120 11
120 27
120 28
120 37
120 79
120 84
120 90
120 96
120 97
121 4
121 12
121 54
121 75
121 79
121 89
121 92
121 94
121 120
121 125
122 3
122 4
122 6
122 10
122 22
122 38
122 39
122 56
122 67
122 78
122 80
122 84
122 108
122 109
122 112
122 113
123 13
123 43
123 48
123 51
123 63
123 79
123 100
123 107
123 117
123 124
124 4
124 11
124 14
124 24
124 27
124 38
124 39
124 48
124 54
124 65
124 68
124 70
124 72
124 74
124 76
124 79
124 93
125 10
125 12
125 20
125 25
125 29
125 39
125 73
125 91
125 92
125 104
126 5
126 7
126 12
126 16
126 21
126 42
126 45
126 53
126 63
126 78
126 108
126 121
126 123
127 13
127 24
127 44
127 45
127 46
127 51
127 54
127 56
127 66
127 77
127 81
127 90
127 101
127 125
