0 16
0 19
0 21
0 25
0 37
0 38
0 52
0 61
0 67
0 103
0 105
0 107
0 113
0 127
1 14
1 20
1 21
1 64
1 76
1 78
1 82
1 92
1 95
1 108
1 110
1 116
1 117
1 124
1 125
1 127
2 9
2 18
2 24
2 27
2 65
2 88
2 111
2 119
2 120
3 1
3 11
3 15
3 16
3 23
3 40
3 66
3 72
3 75
3 79
3 82
3 89
3 91
3 119
4 14
4 24
4 34
4 52
4 60
4 62
4 72
4 94
4 102
4 114
4 120
5 12
5 25
5 27
5 41
5 61
5 62
5 69
5 84
5 105
5 107
5 109
5 120
5 121
6 1
6 2
6 3
6 20
6 30
6 43
6 49
6 52
6 82
6 92
6 96
6 100
6 110
6 119
6 127
7 10
7 26
7 30
7 33
7 36
7 58
7 59
7 62
7 79
7 94
7 103
7 105
7 116
8 2
8 10
8 13
8 54
8 57
8 91
8 94
8 107
8 111
8 127
9 4
9 10
9 40
9 48
9 81
9 88
9 90
9 92
9 111
9 118
9 120
10 3
10 7
10 18
10 33
10 37
10 44
10 51
10 61
10 63
10 81
10 83
11 3
11 5
11 10
11 15
11 32
11 42
11 58
11 68
11 96
11 98
11 104
11 105
11 126
11 127
12 12
12 25
12 26
12 51
12 56
12 63
12 78
12 85
12 112
12 114
12 117
13 7
13 32
13 42
13 46
13 88
13 89
13 91
13 103
13 126
14 0
14 14
14 35
14 41
14 53
14 72
14 79
14 91
14 115
14 117
14 124
14 127
15 1
15 3
15 10
15 16
15 17
15 33
15 36
15 43
15 46
15 48
15 66
15 69
15 76
15 79
15 82
15 86
15 90
15 95
15 96
15 105
15 113
16 6
16 8
16 16
16 29
16 35
16 41
16 57
16 58
16 61
16 77
16 81
16 85
16 112
16 116
17 24
17 29
17 31
17 41
17 43
17 48
17 70
17 85
17 90
17 92
17 106
17 121
17 127
18 7
18 12
18 21
18 22
18 28
18 40
18 46
18 49
18 58
18 69
18 76
18 81
18 87
18 101
18 110
18 112
18 116
18 121
19 16
19 87
19 98
19 109
19 113
20 7
20 19
20 20
20 67
20 82
20 85
20 112
20 114
20 118
21 9
21 26
21 54
21 57
21 59
21 82
21 91
21 98
21 111
21 113
21 124
21 127
22 28
22 34
22 50
22 59
22 65
22 76
22 92
22 113
22 122
23 25
23 27
23 34
23 43
23 48
23 62
23 73
23 95
23 97
23 112
23 120
24 1
24 4
24 22
24 26
24 36
24 38
24 58
24 74
24 76
24 80
24 99
24 103
24 104
24 112
24 120
25 5
25 6
25 7
25 19
25 22
25 26
25 30
25 44
25 56
25 59
25 79
25 87
25 104
25 117
25 121
26 8
26 15
26 52
26 70
26 99
26 112
26 116
26 120
26 124
27 8
27 29
27 38
27 54
27 67
27 73
27 81
27 86
27 99
27 100
27 123
27 125
28 9
28 19
28 21
28 23
28 29
28 62
28 69
28 81
28 90
28 95
28 103
28 104
28 106
28 118
28 122
28 123
28 125
29 29
29 30
29 36
29 44
29 66
29 97
29 107
29 109
29 111
30 4
30 6
30 25
30 61
30 64
30 65
30 69
30 92
30 105
31 34
31 35
31 43
31 60
31 66
31 89
31 117
31 121
32 6
32 19
32 29
32 61
32 62
32 63
32 76
32 90
32 97
32 102
32 103
32 104
32 107
32 111
32 116
33 1
33 22
33 23
33 35
33 38
33 47
33 78
33 81
33 89
33 91
33 121
33 122
33 124
33 126
34 1
34 19
34 23
34 27
34 34
34 65
34 71
34 82
34 90
34 95
34 104
34 105
34 109
34 117
34 119
34 127
35 6
35 9
35 30
35 34
35 45
35 50
35 52
35 61
35 63
35 66
35 75
35 100
35 108
35 120
35 123
35 127
36 7
36 11
36 33
36 39
36 69
36 91
36 93
36 97
36 103
36 121
37 5
37 11
37 21
37 43
37 77
37 86
37 87
38 3
38 5
38 6
38 17
38 18
38 33
38 38
38 58
38 63
38 74
38 82
38 85
38 100
38 102
38 116
39 7
39 31
39 34
39 36
39 42
39 44
39 47
39 53
39 56
39 57
39 63
39 70
39 77
39 87
39 102
39 120
39 126
40 1
40 2
40 21
40 28
40 30
40 35
40 39
40 40
40 46
40 59
40 68
40 77
40 90
40 101
40 117
40 127
41 7
41 11
41 14
41 21
41 50
41 67
41 71
41 78
41 83
41 88
41 115
41 124
42 9
42 31
42 35
42 44
42 51
42 55
42 60
42 61
42 66
42 82
42 84
42 90
42 102
42 105
42 114
42 116
42 124
43 9
43 18
43 45
43 64
43 72
43 85
43 100
43 113
43 116
43 119
44 8
44 9
44 12
44 16
44 21
44 36
44 54
44 73
44 82
44 94
44 95
44 97
44 105
44 124
45 0
45 6
45 26
45 52
45 57
45 72
45 74
45 76
45 81
45 125
46 21
46 36
46 44
46 46
46 50
46 52
46 65
46 91
46 94
46 112
47 19
47 33
47 61
47 68
47 70
47 77
47 83
47 93
47 97
47 98
47 123
48 12
48 31
48 37
48 44
48 48
48 61
48 74
48 79
48 88
49 4
49 7
49 10
49 16
49 27
49 38
49 43
49 44
49 47
49 48
49 52
49 54
49 90
49 120
50 16
50 17
50 24
50 25
50 29
50 34
50 47
50 58
50 67
50 69
50 89
50 90
50 95
50 97
50 99
50 100
50 107
50 114
50 120
50 122
50 126
51 2
51 8
51 9
51 25
51 37
51 60
51 62
51 67
51 68
51 90
51 95
51 96
51 106
51 108
51 113
51 116
51 117
51 118
52 4
52 6
52 17
52 31
52 59
52 61
52 62
52 68
52 74
52 75
52 80
52 92
52 94
52 106
52 111
52 126
53 6
53 13
53 28
53 33
53 34
53 36
53 47
53 51
53 67
53 75
53 77
53 83
53 97
53 101
53 104
53 114
53 125
54 30
54 45
54 63
54 76
54 81
54 86
54 106
54 110
54 126
55 34
55 46
55 58
55 74
55 80
55 81
55 82
55 99
55 108
55 110
55 123
56 5
56 14
56 32
56 62
56 91
56 95
56 102
57 20
57 26
57 75
57 87
57 110
57 113
57 114
57 119
57 125
58 3
58 18
58 23
58 32
58 48
58 60
58 82
58 90
58 92
58 97
58 100
58 113
58 114
58 125
59 25
59 26
59 35
59 38
59 41
59 42
59 45
59 59
59 78
59 83
59 111
59 116
60 6
60 16
60 29
60 37
60 53
60 59
60 61
60 64
60 72
60 92
60 104
60 117
60 123
61 17
61 46
61 47
61 53
61 60
61 69
61 77
61 81
61 89
61 99
61 100
61 105
62 0
62 7
62 38
62 40
62 52
62 57
62 67
62 82
62 84
62 104
62 107
62 116
62 121
63 9
63 10
63 11
63 25
63 28
63 37
63 51
63 56
63 58
63 77
63 81
63 82
63 85
63 97
63 99
63 101
63 102
64 9
64 27
64 31
64 52
64 73
64 83
64 90
64 97
64 112
65 0
65 4
65 6
65 44
65 54
65 68
65 70
65 71
65 102
65 103
65 125
66 17
66 19
66 43
66 49
66 50
66 69
66 74
66 87
66 94
66 98
66 100
66 108
66 118
66 122
66 125
67 2
67 7
67 9
67 18
67 24
67 27
67 29
67 49
67 51
67 63
67 79
67 81
67 87
67 98
67 106
67 114
67 115
67 117
67 121
67 122
67 125
68 17
68 25
68 26
68 35
68 39
68 55
68 63
68 68
68 72
68 73
68 75
68 76
68 77
68 88
68 103
68 107
68 117
68 122
69 3
69 21
69 25
69 30
69 36
69 40
69 48
69 69
69 81
69 88
70 1
70 7
70 12
70 18
70 21
70 45
70 61
70 70
70 79
70 89
70 106
70 115
70 122
70 125
71 17
71 20
71 30
71 36
71 42
71 44
71 54
71 55
71 62
71 73
71 74
71 77
71 78
71 93
71 102
71 116
71 119
72 2
72 14
72 19
72 42
72 44
72 49
72 75
72 84
72 86
72 98
73 0
73 11
73 23
73 32
73 55
73 56
73 60
73 64
73 65
73 77
73 86
73 87
73 89
73 107
73 124
74 0
74 1
74 8
74 28
74 38
74 42
74 53
74 57
74 77
74 91
74 126
75 6
75 27
75 28
75 30
75 36
75 70
75 91
75 94
75 114
76 1
76 2
76 4
76 8
76 32
76 36
76 42
76 51
76 56
76 68
76 80
76 85
76 92
76 102
76 108
77 7
77 15
77 20
77 24
77 28
77 29
77 46
77 78
77 80
77 89
77 105
78 4
78 6
78 11
78 14
78 18
78 27
78 54
78 60
78 79
78 98
79 6
79 16
79 17
79 22
79 25
79 33
79 38
79 76
79 77
79 90
79 97
79 104
79 112
80 4
80 16
80 30
80 32
80 38
80 39
80 43
80 61
80 74
80 80
80 83
80 90
80 92
81 5
81 7
81 8
81 13
81 15
81 17
81 25
81 44
81 48
81 62
81 82
81 90
81 110
81 116
82 1
82 9
82 22
82 34
82 36
82 40
82 48
82 64
82 76
82 85
82 90
82 103
82 114
82 127
83 7
83 19
83 52
83 78
83 82
83 89
83 127
84 10
84 21
84 34
84 47
84 48
84 55
84 68
84 82
84 99
84 100
84 106
84 108
84 113
84 116
84 119
84 124
84 126
85 12
85 13
85 39
85 51
85 65
85 78
85 100
85 107
85 115
85 119
86 1
86 11
86 19
86 51
86 55
86 91
86 98
86 101
86 112
86 117
87 16
87 18
87 35
87 37
87 46
87 58
87 77
87 82
87 112
88 3
88 8
88 34
88 39
88 43
88 55
88 65
88 70
88 73
88 76
88 80
88 90
88 102
88 124
88 125
88 126
89 18
89 28
89 41
89 49
89 55
89 58
89 60
89 61
89 74
89 84
89 98
89 106
89 125
90 3
90 4
90 36
90 46
90 47
90 59
90 66
90 77
90 81
90 86
90 102
90 106
91 0
91 1
91 3
91 7
91 18
91 39
91 64
91 71
91 88
91 99
91 104
91 106
91 109
92 1
92 13
92 22
92 34
92 51
92 56
92 58
92 62
92 75
92 79
92 86
92 97
92 114
92 121
93 12
93 16
93 54
93 58
93 73
93 90
93 112
93 115
93 116
93 120
93 122
93 125
94 0
94 10
94 22
94 24
94 26
94 36
94 37
94 42
94 75
94 81
94 93
94 97
94 110
94 111
94 115
94 120
94 125
95 17
95 25
95 48
95 71
95 87
95 91
95 120
96 1
96 26
96 31
96 45
96 49
96 53
96 60
96 65
96 69
96 78
96 84
96 100
96 118
97 8
97 37
97 41
97 42
97 44
97 47
97 61
97 67
97 83
97 89
98 17
98 21
98 39
98 69
98 74
98 91
98 106
98 107
98 114
98 116
98 127
99 6
99 17
99 18
99 23
99 35
99 48
99 61
99 64
99 73
99 76
99 79
99 83
99 84
99 87
99 108
99 109
99 110
99 111
99 121
99 122
100 1
100 12
100 24
100 25
100 26
100 27
100 44
100 53
100 69
100 70
100 74
100 78
100 82
100 84
100 110
100 115
101 5
101 21
101 37
101 50
101 52
101 58
101 64
101 66
101 68
101 74
101 88
101 91
101 121
102 1
102 2
102 6
102 9
102 13
102 21
102 23
102 38
102 44
102 74
102 92
102 95
102 102
102 107
102 109
102 111
102 117
102 126
103 6
103 10
103 16
103 71
103 73
103 77
103 82
103 87
103 92
103 118
104 5
104 6
104 25
104 33
104 56
104 66
104 69
104 78
104 82
104 100
104 104
104 108
104 124
104 125
105 6
105 26
105 34
105 95
105 99
105 107
105 109
105 126
106 8
106 15
106 32
106 37
106 45
106 50
106 75
106 117
106 120
107 4
107 14
107 15
107 22
107 23
107 45
107 47
107 73
107 76
107 87
107 117
107 118
108 10
108 38
108 41
108 47
108 50
108 58
108 60
108 81
108 89
108 100
108 108
108 111
108 114
109 14
109 25
109 55
109 94
109 102
109 104
109 123
109 124
109 126
110 7
110 11
110 12
110 18
110 21
110 26
110 43
110 49
110 54
110 66
110 79
110 81
110 97
110 106
110 111
110 112
110 113
110 115
110 122
110 125
111 3
111 21
111 33
111 34
111 36
111 39
111 44
111 67
111 69
111 85
111 92
111 96
111 99
111 105
111 121
111 122
111 127
112 31
112 39
112 41
112 47
112 57
112 65
112 68
112 71
112 75
112 78
112 85
112 101
112 109
112 120
113 36
113 38
113 46
113 70
113 99
114 13
114 38
114 61
114 73
114 79
114 84
114 88
114 91
114 112
114 113
114 122
115 2
115 10
115 13
115 24
115 25
115 44
115 47
115 50
115 58
115 79
115 94
115 98
115 120
116 19
116 32
116 40
116 57
116 65
116 66
116 68
116 69
116 91
116 105
116 107
116 121
117 36
117 59
117 60
117 69
117 72
117 102
117 126
118 9
118 12
118 16
118 22
118 25
118 29
118 35
118 48
118 56
118 70
118 71
118 86
118 91
118 100
118 106
118 107
118 109
118 118
118 122
119 27
119 38
119 43
119 49
119 63
119 65
119 67
119 69
119 74
119 79
119 83
119 90
119 104
119 124
120 2
120 15
120 16
120 30
120 50
120 53
120 93
120 99
120 112
120 117
120 127
121 3
121 12
121 19
121 26
121 44
121 61
121 63
121 66
121 67
121 73
121 77
121 79
121 94
121 100
121 103
121 105
121 112
121 117
121 120
122 7
122 11
122 30
122 32
122 52
122 54
122 58
122 61
122 68
122 71
122 78
122 81
123 28
123 35
123 48
123 50
123 53
123 63
123 67
123 69
123 72
123 74
123 100
123 104
123 109
123 115
123 125
123 126
124 7
124 32
124 36
124 49
124 50
124 55
124 69
124 70
124 74
124 81
124 87
124 91
124 96
124 104
124 107
124 109
124 112
124 114
124 123
124 125
125 20
125 43
125 46
125 51
125 54
125 71
125 85
125 91
125 94
125 105
125 108
125 113
125 118
125 123
126 6
126 12
126 13
126 35
126 40
126 48
126 75
126 81
126 106
126 112
126 118
127 12
127 16
127 21
127 38
127 67
127 69
127 73
127 87
127 94
