0 13
0 24
0 29
0 30
0 44
0 52
0 64
0 68
0 82
0 99
0 112
0 117
1 20
1 29
1 44
1 80
1 88
1 89
1 94
1 95
1 98
1 99
1 117
2 23
2 48
2 71
2 72
2 107
3 0
3 1
3 10
3 11
3 17
3 27
3 34
3 51
3 65
3 75
3 80
3 112
3 123
3 126
4 24
4 43
4 45
4 55
4 56
4 86
4 95
4 102
4 107
4 119
4 123
4 126
5 2
5 11
5 35
5 74
5 102
5 105
5 123
6 8
6 13
6 33
6 76
6 86
6 98
6 102
6 112
6 117
6 118
7 3
7 36
7 40
7 52
7 56
7 70
7 82
7 84
7 89
7 97
7 118
7 119
7 127
8 7
8 8
8 23
8 31
8 43
8 44
8 51
8 54
8 75
8 86
8 87
8 88
8 111
8 121
9 59
9 62
9 67
9 72
9 91
9 93
9 99
9 118
9 123
10 3
10 15
10 21
10 22
10 26
10 46
10 56
10 57
10 93
10 95
10 100
10 103
10 105
10 107
11 0
11 2
11 15
11 45
11 56
11 57
11 60
11 62
11 77
11 84
11 88
11 91
11 105
11 123
12 15
12 25
12 30
12 60
12 86
12 91
12 102
12 104
12 107
12 112
13 12
13 41
13 49
13 54
13 59
13 66
13 77
13 81
13 84
13 111
14 5
14 13
14 26
14 67
14 77
14 79
14 86
14 95
14 106
14 126
15 33
15 45
15 56
15 86
15 110
15 112
15 113
16 10
16 12
16 15
16 17
16 18
16 27
16 30
16 31
16 38
16 42
16 76
16 112
16 119
17 5
17 15
17 19
17 28
17 32
17 54
17 71
17 84
17 85
17 115
17 121
17 124
17 126
18 1
18 8
18 21
18 31
18 34
18 54
18 62
18 85
18 100
18 116
19 15
19 22
19 23
19 25
19 36
19 39
19 40
19 48
19 54
19 62
19 67
19 71
19 73
19 81
19 118
20 6
20 26
20 39
20 44
20 59
20 68
20 85
20 114
20 116
21 7
21 24
21 26
21 27
21 40
21 58
21 64
21 79
21 85
21 95
22 27
22 28
22 32
22 40
22 43
22 58
22 71
22 73
22 89
22 115
22 121
22 122
23 8
23 12
23 22
23 29
23 36
23 43
23 52
23 80
23 96
23 110
24 4
24 58
24 60
24 63
24 64
24 69
24 94
24 105
24 112
25 2
25 11
25 15
25 19
25 22
25 48
25 51
25 62
25 63
25 66
25 69
25 81
25 93
25 94
25 114
25 125
26 11
26 13
26 16
26 47
26 58
26 69
26 99
26 109
26 121
26 126
27 1
27 8
27 11
27 14
27 18
27 23
27 24
27 51
27 54
27 60
27 71
27 77
27 84
27 86
27 101
27 107
28 4
28 19
28 22
28 37
28 46
28 48
28 49
28 94
28 106
28 116
28 122
29 2
29 5
29 20
29 29
29 35
29 37
29 53
29 58
29 74
29 80
29 99
29 114
29 121
29 122
30 0
30 2
30 5
30 13
30 20
30 30
30 33
30 49
30 54
30 59
30 71
30 76
30 98
31 2
31 5
31 8
31 19
31 32
31 39
31 48
31 61
31 69
31 79
31 86
31 87
31 90
31 97
31 104
31 116
32 4
32 26
32 28
32 37
32 39
32 46
32 51
32 57
32 63
32 81
32 82
32 104
32 107
33 1
33 4
33 8
33 10
33 12
33 39
33 49
33 97
33 102
33 104
33 126
34 21
34 24
34 35
34 49
34 61
34 79
34 83
34 92
34 100
34 108
34 112
34 125
35 7
35 21
35 33
35 65
35 95
35 96
35 101
35 106
36 2
36 10
36 17
36 24
36 67
36 72
36 86
36 105
36 112
36 117
37 14
37 27
37 52
37 71
37 79
37 81
37 85
37 89
37 100
37 110
37 111
37 120
37 123
37 126
38 5
38 23
38 28
38 80
38 107
38 108
38 109
39 2
39 6
39 15
39 17
39 24
39 26
39 44
39 52
39 62
39 63
39 90
39 125
40 1
40 7
40 8
40 35
40 42
40 52
40 73
40 98
40 104
40 114
40 126
41 15
41 28
41 33
41 38
41 53
41 65
41 66
41 77
41 78
41 91
41 112
41 117
42 9
42 13
42 18
42 25
42 73
42 85
42 110
42 111
43 4
43 28
43 31
43 33
43 42
43 53
43 66
43 67
43 79
43 83
43 89
43 113
44 1
44 7
44 8
44 9
44 11
44 13
44 41
44 52
44 63
44 67
44 78
44 83
44 101
44 104
44 109
44 110
44 113
45 28
45 45
45 48
45 73
45 76
45 102
45 120
45 123
46 15
46 28
46 39
46 51
46 56
46 69
46 72
46 93
46 114
47 41
47 82
48 15
48 19
48 21
48 33
48 40
48 55
48 62
48 63
48 81
48 102
48 118
48 124
48 126
48 127
49 4
49 7
49 27
49 35
49 48
49 50
49 74
49 75
49 81
49 90
49 100
49 116
49 124
50 0
50 10
50 18
50 38
50 39
50 47
50 73
50 82
50 83
50 89
50 97
50 102
50 104
50 114
51 7
51 10
51 22
51 30
51 64
51 85
51 91
51 107
51 117
51 122
52 10
52 16
52 30
52 35
52 40
52 49
52 57
52 77
52 92
52 115
53 1
53 12
53 16
53 18
53 32
53 34
53 35
53 47
53 55
53 70
53 79
53 85
53 92
53 93
53 98
53 106
54 14
54 15
54 20
54 21
54 33
54 53
54 76
54 78
54 93
54 94
54 95
54 106
54 116
54 119
54 121
54 127
55 1
55 24
55 29
55 35
55 54
55 75
55 89
55 127
56 28
56 36
56 43
56 55
56 56
56 65
56 70
56 71
56 95
57 4
57 32
57 36
57 41
57 42
57 62
57 70
57 78
57 84
57 85
57 94
57 99
57 114
57 117
58 8
58 29
58 40
58 41
58 63
58 67
58 75
58 94
59 6
59 25
59 42
59 58
59 89
59 120
59 123
60 6
60 41
60 57
60 65
60 66
60 85
60 88
60 108
60 118
60 126
61 3
61 13
61 18
61 25
61 36
61 38
61 41
61 78
61 79
61 84
61 88
61 92
61 108
62 37
62 38
62 48
62 53
62 59
62 74
62 77
62 84
62 92
62 98
62 103
62 105
62 113
62 118
63 8
63 17
63 19
63 38
63 46
63 49
63 71
63 76
63 80
63 81
63 82
63 93
63 103
63 115
64 17
64 19
64 36
64 38
64 55
64 56
64 71
64 79
64 95
64 98
64 119
65 2
65 5
65 10
65 11
65 14
65 23
65 24
65 29
65 33
65 46
65 107
65 122
66 26
66 62
66 67
66 105
66 118
66 121
66 122
66 124
67 8
67 15
67 17
67 23
67 41
67 42
67 57
67 69
67 82
67 97
67 98
67 110
68 22
68 27
68 29
68 55
68 62
68 65
68 76
68 86
68 91
68 96
68 124
69 4
69 23
69 29
69 34
69 68
69 72
69 77
69 80
69 81
69 89
69 99
69 105
69 120
69 127
70 8
70 16
70 43
70 51
70 65
70 90
70 92
70 96
70 108
70 122
70 123
70 125
71 12
71 18
71 40
71 41
71 47
71 51
71 69
71 71
71 78
71 79
71 80
71 115
71 116
71 117
71 119
71 121
72 0
72 4
72 10
72 14
72 32
72 42
72 48
72 55
72 56
72 85
72 88
72 118
72 125
73 0
73 1
73 10
73 19
73 22
73 61
73 71
73 85
73 87
73 90
73 110
73 121
73 125
73 127
74 3
74 24
74 25
74 46
74 50
74 64
74 67
74 81
74 82
74 92
74 103
74 111
74 117
74 119
74 120
75 4
75 9
75 18
75 28
75 39
75 41
75 44
75 49
75 51
75 53
75 61
75 83
75 86
75 110
75 124
76 12
76 14
76 15
76 17
76 19
76 28
76 33
76 43
76 45
76 57
76 64
76 69
76 72
76 77
76 90
77 6
77 14
77 16
77 30
77 39
77 43
77 45
77 55
77 80
77 94
77 104
77 107
77 109
78 31
78 51
78 61
78 120
79 0
79 26
79 28
79 32
79 36
79 61
79 67
79 69
79 80
79 86
79 97
79 111
79 125
80 7
80 16
80 24
80 33
80 60
80 116
81 8
81 32
81 33
81 34
81 38
81 42
81 45
81 56
81 64
81 87
81 108
81 109
81 126
82 7
82 10
82 26
82 51
82 52
82 59
82 63
82 82
82 89
82 98
82 115
83 5
83 11
83 28
83 37
83 38
83 64
83 69
83 79
83 84
83 92
83 108
84 15
84 22
84 24
84 29
84 57
84 60
84 69
84 72
84 80
84 88
84 90
84 103
84 108
85 8
85 15
85 21
85 29
85 50
85 62
85 64
85 78
85 95
85 104
85 118
86 1
86 36
86 64
86 73
86 74
86 79
86 80
86 100
86 111
86 121
87 6
87 49
87 55
87 66
87 73
87 77
87 84
87 105
87 113
88 30
88 46
88 51
88 58
88 68
88 69
88 107
88 118
88 127
89 1
89 4
89 9
89 15
89 21
89 26
89 34
89 43
89 57
89 60
89 84
89 107
89 108
89 109
89 115
89 127
90 4
90 19
90 37
90 42
90 61
90 63
90 75
90 90
90 98
91 1
91 2
91 26
91 29
91 53
91 56
91 73
91 80
91 88
91 97
91 114
91 122
91 125
92 7
92 9
92 22
92 27
92 71
92 86
92 89
92 96
92 103
92 110
92 112
92 113
92 115
92 121
93 17
93 33
93 42
93 49
93 51
93 60
93 62
93 64
93 78
93 84
93 95
93 100
93 112
93 114
94 9
94 26
94 55
94 68
94 69
94 73
94 84
94 91
94 110
94 112
94 117
94 118
94 125
95 3
95 4
95 20
95 26
95 32
95 42
95 47
95 86
95 95
95 97
95 109
95 115
95 121
96 13
96 15
96 20
96 33
96 51
96 64
96 68
96 87
96 91
96 100
96 110
96 113
96 114
96 121
96 127
97 18
97 19
97 20
97 27
97 79
97 83
97 123
98 0
98 3
98 7
98 28
98 31
98 35
98 38
98 44
98 48
98 58
98 86
98 106
98 116
98 119
99 2
99 18
99 35
99 51
99 56
99 62
99 68
99 70
99 83
99 104
99 111
99 114
99 117
100 5
100 11
100 18
100 21
100 44
100 74
100 92
100 120
101 20
101 37
101 70
101 74
101 79
101 83
101 103
101 116
101 122
101 124
102 16
102 20
102 22
102 42
102 54
102 63
102 66
102 70
102 72
102 73
102 102
102 108
102 124
103 4
103 7
103 15
103 24
103 27
103 30
103 32
103 37
103 38
103 39
103 60
103 70
103 74
103 79
103 91
103 101
103 102
103 103
104 20
104 29
104 36
104 40
104 53
104 64
104 67
104 68
104 92
104 105
104 107
104 108
104 114
105 2
105 7
105 8
105 9
105 10
105 20
105 32
105 33
105 42
105 54
105 59
105 60
105 80
105 95
105 125
105 127
106 5
106 9
106 13
106 19
106 28
106 42
106 63
106 69
106 80
106 81
106 84
106 86
106 105
106 116
106 119
106 120
106 122
106 127
107 2
107 17
107 20
107 23
107 33
107 34
107 53
107 59
107 62
107 77
107 96
107 99
107 105
107 110
108 7
108 17
108 21
108 26
108 30
108 46
108 48
108 70
108 84
108 90
108 101
108 111
109 2
109 25
109 31
109 33
109 66
109 72
109 107
109 110
109 112
109 114
109 118
109 125
109 127
110 15
110 23
110 29
110 41
110 58
110 59
110 71
110 98
110 117
110 122
110 124
111 2
111 5
111 7
111 11
111 15
111 25
111 41
111 49
111 54
111 63
111 80
111 94
112 2
112 14
112 19
112 21
112 24
112 42
112 51
112 68
112 76
112 81
112 93
112 103
113 1
113 18
113 21
113 44
113 55
113 61
113 78
113 89
113 119
114 18
114 29
114 41
114 44
114 65
114 69
114 70
114 82
114 83
114 85
114 110
114 114
115 15
115 37
115 40
115 44
115 48
115 49
115 80
115 85
115 89
115 115
115 121
116 13
116 17
116 31
116 45
116 51
116 60
116 75
116 93
116 103
116 124
117 5
117 7
117 29
117 41
117 42
117 46
117 67
117 68
117 83
117 124
118 0
118 4
118 31
118 36
118 41
118 59
118 66
118 75
118 83
118 90
118 102
118 106
119 43
119 80
119 87
119 89
119 97
119 107
119 115
120 12
120 28
120 65
120 70
120 81
120 90
120 96
120 120
120 121
120 122
121 6
121 11
121 34
121 35
121 41
121 43
121 48
121 53
121 61
121 63
121 65
121 68
121 85
121 87
121 101
121 103
121 105
122 13
122 21
122 26
122 33
122 57
122 62
122 78
122 113
123 0
123 5
123 11
123 13
123 14
123 18
123 47
123 67
123 77
123 79
123 92
123 107
124 1
124 9
124 29
124 34
124 45
124 60
124 65
124 85
124 94
124 97
124 114
124 117
124 120
125 11
125 13
125 14
125 15
125 27
125 28
125 32
125 47
125 50
125 52
125 77
125 78
125 85
125 92
125 106
125 109
125 114
125 120
125 126
126 11
126 16
126 21
126 23
126 38
126 39
126 45
126 56
126 60
126 97
126 105
127 1
127 16
127 25
127 36
127 39
127 46
127 73
127 77
127 98
127 105
127 117
127 119
