0 0
0 4
0 9
0 13
0 19
0 21
0 31
0 33
0 36
0 40
0 43
0 54
0 55
0 57
0 61
0 65
0 67
0 76
0 81
0 91
0 95
0 98
0 107
0 108
0 110
0 115
0 120
1 0
1 5
1 7
1 11
1 15
1 18
1 20
1 29
1 32
1 35
1 36
1 39
1 40
1 52
1 53
1 54
1 56
1 57
1 60
1 61
1 63
1 64
1 68
1 70
1 72
1 79
1 84
1 86
1 91
1 93
1 101
1 102
1 115
1 116
1 120
1 121
2 4
2 5
2 6
2 17
2 20
2 21
2 25
2 28
2 31
2 32
2 33
2 40
2 44
2 47
2 51
2 52
2 59
2 63
2 65
2 68
2 69
2 75
2 78
2 79
2 80
2 86
2 89
2 91
2 95
2 98
2 106
2 107
2 109
2 112
2 117
2 118
2 119
2 123
2 124
3 4
3 5
3 6
3 7
3 9
3 12
3 18
3 20
3 22
3 23
3 26
3 28
3 37
3 44
3 53
3 57
3 65
3 66
3 72
3 78
3 85
3 89
3 91
3 92
3 93
3 96
3 98
3 101
3 103
3 106
3 118
3 127
4 1
4 4
4 8
4 9
4 14
4 20
4 22
4 41
4 43
4 61
4 66
4 69
4 81
4 82
4 83
4 85
4 88
4 89
4 93
4 95
4 98
4 106
4 118
4 122
4 125
5 3
5 5
5 13
5 15
5 17
5 20
5 21
5 26
5 30
5 33
5 34
5 36
5 40
5 48
5 49
5 50
5 51
5 56
5 64
5 67
5 68
5 71
5 74
5 80
5 83
5 86
5 87
5 91
5 105
5 107
5 112
5 125
5 126
5 127
6 0
6 9
6 11
6 22
6 23
6 27
6 28
6 29
6 31
6 33
6 34
6 35
6 38
6 41
6 43
6 44
6 47
6 48
6 54
6 59
6 60
6 61
6 65
6 66
6 68
6 70
6 73
6 81
6 82
6 85
6 86
6 88
6 89
6 96
6 98
6 101
6 104
6 110
6 118
6 122
6 123
6 126
7 0
7 9
7 12
7 20
7 22
7 23
7 25
7 46
7 50
7 51
7 56
7 59
7 69
7 70
7 74
7 75
7 76
7 78
7 85
7 86
7 87
7 88
7 92
7 98
7 100
7 106
7 110
7 112
7 113
7 115
7 116
7 121
7 127
8 2
8 4
8 6
8 10
8 11
8 17
8 19
8 23
8 26
8 29
8 32
8 34
8 35
8 37
8 42
8 44
8 48
8 49
8 52
8 53
8 65
8 66
8 70
8 73
8 75
8 77
8 78
8 88
8 94
8 99
8 102
8 103
8 108
8 110
8 123
8 125
8 126
9 8
9 9
9 15
9 21
9 33
9 45
9 48
9 49
9 55
9 56
9 57
9 60
9 62
9 66
9 75
9 76
9 92
9 98
9 103
9 113
9 120
9 125
9 127
10 6
10 13
10 14
10 16
10 19
10 21
10 28
10 30
10 33
10 34
10 35
10 44
10 50
10 53
10 62
10 64
10 72
10 76
10 84
10 88
10 89
10 92
10 98
10 100
10 105
10 106
10 119
10 120
10 125
10 127
11 8
11 13
11 14
11 24
11 26
11 33
11 36
11 37
11 41
11 42
11 47
11 50
11 51
11 59
11 61
11 62
11 65
11 74
11 82
11 86
11 92
11 95
11 96
11 104
11 105
11 109
11 112
11 124
12 4
12 6
12 7
12 13
12 17
12 23
12 38
12 43
12 44
12 45
12 52
12 53
12 54
12 55
12 56
12 61
12 62
12 86
12 88
12 89
12 91
12 92
12 115
12 120
12 121
13 0
13 1
13 2
13 8
13 12
13 26
13 28
13 29
13 33
13 34
13 36
13 40
13 50
13 59
13 63
13 67
13 78
13 81
13 95
13 96
13 98
13 100
13 102
13 104
13 106
13 107
13 109
13 116
13 119
14 5
14 8
14 14
14 36
14 37
14 41
14 42
14 43
14 50
14 52
14 53
14 55
14 56
14 59
14 67
14 70
14 73
14 74
14 82
14 83
14 84
14 85
14 88
14 91
14 92
14 95
14 98
14 103
14 105
14 106
14 107
14 111
14 113
14 114
14 115
14 123
14 124
15 0
15 1
15 4
15 11
15 18
15 23
15 27
15 31
15 42
15 51
15 53
15 56
15 60
15 67
15 68
15 69
15 74
15 77
15 82
15 87
15 88
15 93
15 98
15 103
15 110
15 113
15 115
15 116
15 117
15 119
15 121
15 126
16 3
16 7
16 12
16 17
16 20
16 28
16 30
16 31
16 32
16 42
16 59
16 63
16 66
16 69
16 70
16 71
16 73
16 79
16 82
16 89
16 93
16 96
16 99
16 101
16 104
16 107
16 109
16 110
16 114
16 119
16 122
17 4
17 15
17 18
17 21
17 23
17 27
17 28
17 33
17 37
17 41
17 49
17 52
17 54
17 59
17 63
17 65
17 67
17 68
17 73
17 74
17 83
17 89
17 93
17 95
17 98
17 99
17 100
17 102
17 107
17 108
17 110
17 113
17 117
17 118
17 119
17 122
17 123
18 7
18 8
18 11
18 30
18 33
18 40
18 44
18 46
18 47
18 51
18 52
18 55
18 56
18 67
18 69
18 74
18 76
18 77
18 85
18 92
18 93
18 96
18 97
18 99
18 102
18 103
18 105
18 108
18 110
18 112
18 113
19 0
19 1
19 2
19 4
19 6
19 8
19 12
19 15
19 17
19 21
19 26
19 30
19 34
19 35
19 36
19 46
19 51
19 56
19 66
19 70
19 77
19 79
19 99
19 101
19 105
19 111
19 117
19 120
19 123
19 126
20 4
20 13
20 14
20 15
20 17
20 19
20 20
20 21
20 28
20 32
20 33
20 34
20 35
20 37
20 38
20 39
20 40
20 42
20 53
20 57
20 59
20 65
20 72
20 76
20 77
20 81
20 83
20 85
20 90
20 91
20 92
20 95
20 96
20 105
20 111
20 116
20 118
20 119
20 127
21 2
21 4
21 7
21 11
21 16
21 17
21 18
21 22
21 27
21 30
21 33
21 36
21 37
21 38
21 40
21 43
21 44
21 49
21 55
21 56
21 59
21 61
21 68
21 69
21 77
21 80
21 84
21 88
21 93
21 94
21 95
21 96
21 107
21 109
21 110
21 111
21 112
21 115
21 116
21 122
21 124
22 1
22 5
22 8
22 9
22 12
22 13
22 18
22 21
22 23
22 30
22 32
22 35
22 39
22 44
22 45
22 56
22 58
22 61
22 64
22 66
22 67
22 74
22 75
22 76
22 82
22 83
22 86
22 95
22 99
22 106
22 109
22 114
22 115
22 118
22 121
22 124
23 1
23 2
23 4
23 10
23 11
23 14
23 16
23 17
23 19
23 21
23 26
23 28
23 30
23 37
23 39
23 43
23 51
23 52
23 59
23 60
23 65
23 66
23 69
23 72
23 83
23 93
23 94
23 101
23 102
23 107
23 108
23 110
23 120
23 124
24 1
24 6
24 7
24 9
24 12
24 13
24 19
24 27
24 30
24 34
24 35
24 37
24 40
24 51
24 55
24 56
24 58
24 61
24 63
24 65
24 68
24 69
24 83
24 85
24 91
24 92
24 102
24 103
24 113
24 118
24 119
24 125
25 2
25 3
25 5
25 6
25 17
25 21
25 24
25 26
25 42
25 45
25 47
25 52
25 54
25 55
25 59
25 60
25 66
25 69
25 73
25 79
25 85
25 90
25 100
25 122
26 0
26 3
26 6
26 13
26 23
26 25
26 26
26 31
26 33
26 34
26 43
26 45
26 56
26 71
26 73
26 84
26 90
26 94
26 103
26 104
26 112
26 115
26 125
27 1
27 4
27 6
27 9
27 10
27 11
27 13
27 14
27 17
27 25
27 29
27 39
27 42
27 44
27 47
27 51
27 53
27 64
27 67
27 83
27 84
27 96
27 104
27 106
27 109
27 110
27 115
27 125
28 3
28 4
28 5
28 7
28 12
28 13
28 16
28 23
28 27
28 28
28 29
28 32
28 37
28 38
28 39
28 46
28 53
28 55
28 59
28 61
28 62
28 66
28 75
28 78
28 83
28 86
28 88
28 93
28 94
28 95
28 96
28 97
28 105
28 109
28 112
28 113
28 116
28 118
28 123
28 126
29 2
29 6
29 9
29 16
29 24
29 33
29 34
29 41
29 44
29 47
29 49
29 51
29 57
29 60
29 62
29 66
29 67
29 77
29 81
29 83
29 93
29 97
29 108
29 110
29 112
29 114
29 115
29 119
29 124
29 125
29 126
30 6
30 7
30 9
30 11
30 12
30 15
30 19
30 23
30 31
30 33
30 34
30 35
30 43
30 45
30 51
30 63
30 65
30 68
30 69
30 70
30 71
30 75
30 79
30 80
30 82
30 86
30 88
30 92
30 95
30 98
30 100
30 101
30 103
30 106
30 112
30 118
30 123
30 125
31 4
31 6
31 7
31 13
31 17
31 22
31 23
31 24
31 25
31 26
31 27
31 33
31 49
31 51
31 52
31 53
31 54
31 55
31 59
31 61
31 65
31 66
31 67
31 70
31 73
31 87
31 91
31 94
31 97
31 98
31 101
31 106
31 110
31 112
31 115
31 119
31 122
31 123
31 124
31 125
31 126
32 0
32 1
32 5
32 6
32 7
32 9
32 11
32 13
32 15
32 19
32 20
32 23
32 24
32 25
32 30
32 32
32 36
32 40
32 43
32 45
32 47
32 49
32 51
32 69
32 73
32 78
32 80
32 82
32 86
32 95
32 96
32 99
32 105
32 107
32 109
32 111
32 113
32 117
32 122
32 123
33 2
33 10
33 14
33 15
33 26
33 27
33 39
33 40
33 50
33 58
33 61
33 64
33 68
33 71
33 82
33 83
33 88
33 89
33 92
33 96
33 98
33 110
33 111
33 116
33 117
33 122
33 126
34 1
34 5
34 14
34 22
34 24
34 25
34 28
34 30
34 32
34 35
34 37
34 40
34 44
34 45
34 46
34 49
34 61
34 63
34 66
34 67
34 71
34 73
34 76
34 82
34 90
34 92
34 93
34 94
34 95
34 100
34 104
34 109
34 112
34 118
34 119
34 126
34 127
35 3
35 11
35 12
35 18
35 21
35 28
35 29
35 33
35 40
35 43
35 46
35 51
35 58
35 61
35 65
35 66
35 74
35 75
35 77
35 83
35 84
35 87
35 89
35 96
35 98
35 99
35 109
35 118
35 120
35 121
35 127
36 2
36 3
36 5
36 6
36 14
36 18
36 19
36 22
36 23
36 25
36 28
36 30
36 34
36 36
36 42
36 49
36 72
36 76
36 77
36 83
36 91
36 94
36 100
36 102
36 106
36 109
36 111
36 120
36 126
36 127
37 3
37 12
37 16
37 18
37 19
37 24
37 26
37 29
37 36
37 42
37 57
37 58
37 59
37 64
37 67
37 71
37 72
37 76
37 79
37 80
37 86
37 88
37 90
37 91
37 92
37 93
37 100
37 104
37 113
37 117
37 120
37 121
37 123
37 124
37 126
37 127
38 3
38 4
38 8
38 10
38 16
38 17
38 18
38 25
38 27
38 31
38 45
38 46
38 53
38 54
38 55
38 56
38 65
38 68
38 78
38 83
38 89
38 92
38 94
38 102
38 105
38 112
38 119
38 122
39 3
39 6
39 7
39 18
39 24
39 25
39 31
39 36
39 38
39 41
39 42
39 43
39 44
39 45
39 47
39 48
39 59
39 69
39 71
39 72
39 75
39 77
39 80
39 81
39 86
39 88
39 95
39 102
39 106
39 107
39 108
39 116
39 119
40 13
40 20
40 22
40 27
40 31
40 36
40 46
40 47
40 49
40 52
40 53
40 54
40 58
40 60
40 62
40 63
40 64
40 66
40 73
40 80
40 83
40 89
40 91
40 94
40 98
40 99
40 106
40 110
40 114
40 124
41 4
41 7
41 9
41 10
41 13
41 15
41 16
41 21
41 22
41 23
41 29
41 30
41 32
41 35
41 37
41 39
41 43
41 45
41 50
41 66
41 72
41 75
41 76
41 86
41 90
41 101
41 110
41 112
41 113
41 115
41 116
42 3
42 5
42 6
42 14
42 16
42 18
42 20
42 21
42 26
42 28
42 30
42 32
42 33
42 35
42 38
42 40
42 44
42 46
42 47
42 63
42 72
42 75
42 82
42 83
42 84
42 86
42 93
42 94
42 97
42 102
42 103
42 109
42 111
42 115
42 117
42 119
42 124
42 127
43 1
43 5
43 8
43 17
43 19
43 25
43 31
43 37
43 41
43 47
43 55
43 56
43 66
43 67
43 72
43 75
43 77
43 78
43 79
43 80
43 82
43 83
43 87
43 89
43 102
43 103
43 108
43 117
43 121
43 122
44 2
44 4
44 7
44 10
44 12
44 13
44 15
44 20
44 21
44 26
44 27
44 31
44 39
44 40
44 45
44 47
44 50
44 51
44 52
44 60
44 70
44 76
44 79
44 84
44 85
44 88
44 89
44 101
44 103
44 104
44 105
44 111
44 115
44 116
44 117
44 126
45 2
45 9
45 13
45 16
45 23
45 27
45 30
45 46
45 48
45 49
45 54
45 55
45 63
45 68
45 74
45 77
45 78
45 79
45 83
45 87
45 88
45 96
45 100
45 104
45 106
45 107
45 113
45 115
45 121
45 124
45 125
46 9
46 14
46 16
46 33
46 39
46 40
46 55
46 65
46 69
46 72
46 82
46 83
46 84
46 85
46 88
46 90
46 95
46 97
46 100
46 107
46 110
46 112
46 124
46 126
47 0
47 1
47 3
47 5
47 7
47 9
47 15
47 24
47 40
47 46
47 54
47 60
47 61
47 67
47 74
47 77
47 80
47 86
47 87
47 95
47 99
47 100
47 105
47 106
47 116
47 122
47 123
48 0
48 2
48 3
48 4
48 11
48 24
48 26
48 27
48 31
48 35
48 37
48 44
48 45
48 47
48 48
48 55
48 56
48 73
48 75
48 82
48 83
48 85
48 86
48 91
48 98
48 100
48 108
48 110
48 113
48 118
48 121
48 123
48 126
49 3
49 4
49 10
49 16
49 22
49 25
49 30
49 34
49 36
49 43
49 46
49 47
49 51
49 62
49 63
49 68
49 69
49 71
49 76
49 77
49 84
49 90
49 91
49 94
49 99
49 115
49 120
49 121
50 3
50 8
50 12
50 15
50 16
50 30
50 33
50 41
50 42
50 43
50 44
50 52
50 53
50 56
50 58
50 59
50 60
50 61
50 63
50 66
50 72
50 74
50 81
50 82
50 93
50 102
50 104
50 105
50 107
50 111
50 115
50 119
50 124
50 125
51 6
51 7
51 9
51 18
51 23
51 26
51 30
51 31
51 34
51 38
51 40
51 49
51 51
51 57
51 58
51 64
51 67
51 69
51 70
51 72
51 75
51 77
51 78
51 89
51 93
51 96
51 100
51 107
51 112
51 116
51 120
51 122
52 5
52 17
52 18
52 21
52 22
52 24
52 28
52 34
52 35
52 36
52 40
52 48
52 62
52 63
52 64
52 67
52 73
52 77
52 84
52 88
52 93
52 95
52 102
52 105
52 108
52 109
52 111
52 112
52 118
53 1
53 2
53 5
53 6
53 8
53 10
53 11
53 17
53 19
53 24
53 26
53 30
53 33
53 44
53 47
53 49
53 51
53 55
53 56
53 61
53 66
53 77
53 83
53 85
53 100
53 103
53 107
53 108
53 109
53 112
53 115
53 117
53 119
53 120
53 122
53 126
53 127
54 1
54 12
54 13
54 14
54 17
54 20
54 22
54 23
54 31
54 33
54 38
54 46
54 50
54 51
54 53
54 59
54 60
54 67
54 69
54 70
54 77
54 78
54 86
54 88
54 91
54 96
54 100
54 101
54 102
54 104
54 109
54 110
54 114
54 116
54 125
55 9
55 13
55 14
55 16
55 18
55 19
55 28
55 30
55 32
55 37
55 42
55 47
55 49
55 57
55 66
55 67
55 71
55 80
55 87
55 89
55 93
55 94
55 104
55 105
55 107
55 109
55 123
56 0
56 2
56 11
56 12
56 19
56 25
56 27
56 28
56 35
56 36
56 38
56 40
56 42
56 47
56 51
56 55
56 56
56 66
56 69
56 72
56 78
56 81
56 82
56 84
56 96
56 100
56 101
56 102
56 105
56 111
56 116
56 119
56 120
56 122
56 123
56 125
56 126
57 0
57 2
57 12
57 15
57 16
57 17
57 28
57 30
57 31
57 33
57 34
57 41
57 52
57 53
57 54
57 56
57 57
57 67
57 72
57 73
57 74
57 81
57 82
57 87
57 100
57 101
57 117
57 120
57 121
58 1
58 37
58 52
58 53
58 62
58 64
58 71
58 73
58 86
58 87
58 88
58 89
58 90
58 103
58 104
58 107
58 108
58 116
58 127
59 1
59 6
59 8
59 9
59 13
59 14
59 15
59 23
59 24
59 25
59 26
59 31
59 33
59 35
59 36
59 37
59 40
59 43
59 56
59 62
59 65
59 68
59 79
59 83
59 86
59 89
59 94
59 95
59 115
59 118
60 1
60 11
60 12
60 13
60 16
60 20
60 22
60 23
60 26
60 31
60 37
60 39
60 40
60 41
60 48
60 52
60 56
60 66
60 68
60 70
60 80
60 99
60 100
60 106
60 109
60 110
60 111
60 115
60 116
60 119
60 122
60 125
61 3
61 5
61 6
61 9
61 13
61 16
61 20
61 23
61 26
61 28
61 31
61 43
61 45
61 47
61 50
61 55
61 57
61 60
61 64
61 67
61 75
61 80
61 81
61 83
61 87
61 90
61 109
61 112
61 118
61 119
61 120
61 122
62 0
62 1
62 7
62 8
62 13
62 19
62 24
62 25
62 28
62 37
62 38
62 39
62 46
62 49
62 51
62 53
62 56
62 58
62 61
62 62
62 64
62 69
62 70
62 72
62 73
62 78
62 81
62 85
62 86
62 87
62 88
62 89
62 90
62 92
62 100
62 104
62 105
62 110
62 119
62 123
62 125
62 126
63 1
63 2
63 9
63 10
63 13
63 17
63 22
63 23
63 29
63 32
63 38
63 41
63 46
63 47
63 50
63 55
63 64
63 68
63 70
63 71
63 74
63 75
63 79
63 80
63 83
63 84
63 89
63 90
63 96
63 103
63 105
63 107
63 108
63 110
63 116
63 118
64 0
64 11
64 17
64 22
64 24
64 25
64 27
64 29
64 30
64 31
64 35
64 40
64 41
64 45
64 47
64 49
64 62
64 64
64 74
64 75
64 87
64 90
64 91
64 93
64 96
64 98
64 108
64 110
64 113
64 115
64 117
64 118
64 120
64 122
64 125
65 2
65 4
65 6
65 8
65 19
65 23
65 24
65 25
65 39
65 40
65 47
65 48
65 69
65 74
65 75
65 79
65 81
65 82
65 86
65 89
65 93
65 96
65 99
65 109
65 111
65 112
65 113
65 115
65 116
65 119
66 6
66 7
66 10
66 15
66 21
66 22
66 24
66 26
66 29
66 34
66 45
66 49
66 50
66 51
66 62
66 66
66 69
66 71
66 75
66 79
66 83
66 89
66 91
66 93
66 96
66 98
66 99
66 100
66 104
66 109
66 119
66 121
66 122
67 1
67 11
67 12
67 13
67 23
67 29
67 38
67 40
67 41
67 43
67 47
67 48
67 52
67 66
67 68
67 70
67 75
67 76
67 83
67 85
67 88
67 89
67 94
67 100
67 104
67 105
67 106
67 107
67 113
67 114
67 116
67 117
67 119
67 123
67 125
68 0
68 1
68 3
68 9
68 11
68 16
68 17
68 18
68 26
68 33
68 34
68 36
68 51
68 52
68 72
68 78
68 79
68 81
68 84
68 89
68 101
68 102
68 104
68 105
68 106
68 110
68 115
69 2
69 7
69 13
69 16
69 17
69 24
69 25
69 27
69 30
69 31
69 32
69 34
69 40
69 43
69 55
69 58
69 59
69 65
69 71
69 80
69 89
69 98
69 107
69 111
69 118
69 126
70 5
70 9
70 15
70 16
70 17
70 19
70 21
70 27
70 31
70 32
70 33
70 47
70 49
70 50
70 61
70 64
70 69
70 73
70 74
70 81
70 87
70 90
70 92
70 99
70 101
70 102
70 109
70 111
70 113
70 126
70 127
71 0
71 1
71 2
71 8
71 13
71 18
71 22
71 25
71 26
71 31
71 32
71 45
71 58
71 61
71 65
71 66
71 68
71 70
71 72
71 76
71 78
71 85
71 92
71 94
71 96
71 97
71 98
71 107
71 114
71 115
71 118
71 122
72 2
72 3
72 4
72 8
72 16
72 18
72 33
72 40
72 45
72 49
72 50
72 57
72 59
72 61
72 62
72 68
72 72
72 73
72 74
72 76
72 84
72 89
72 90
72 93
72 94
72 99
72 103
72 105
72 108
72 118
72 125
72 127
73 1
73 3
73 4
73 6
73 10
73 13
73 15
73 19
73 23
73 24
73 26
73 31
73 32
73 33
73 34
73 36
73 43
73 48
73 55
73 58
73 60
73 61
73 63
73 66
73 67
73 68
73 80
73 82
73 85
73 89
73 93
73 97
73 98
73 103
73 107
73 110
73 111
73 118
73 122
73 127
74 1
74 2
74 9
74 12
74 14
74 31
74 33
74 34
74 37
74 40
74 47
74 50
74 52
74 60
74 62
74 65
74 68
74 73
74 77
74 78
74 79
74 82
74 83
74 84
74 86
74 95
74 101
74 113
74 114
74 120
75 2
75 9
75 12
75 14
75 15
75 20
75 22
75 26
75 32
75 39
75 44
75 56
75 57
75 65
75 66
75 71
75 73
75 76
75 80
75 88
75 90
75 98
75 101
75 102
75 105
75 107
75 108
75 118
75 119
75 127
76 4
76 10
76 11
76 18
76 19
76 20
76 22
76 24
76 38
76 39
76 43
76 46
76 48
76 51
76 55
76 60
76 62
76 64
76 71
76 78
76 82
76 83
76 86
76 89
76 92
76 106
76 108
76 113
76 114
77 0
77 3
77 9
77 11
77 17
77 19
77 27
77 35
77 36
77 39
77 41
77 53
77 55
77 58
77 59
77 63
77 67
77 69
77 72
77 78
77 81
77 86
77 91
77 96
77 102
77 113
77 115
77 116
77 119
77 125
78 5
78 7
78 13
78 15
78 16
78 17
78 20
78 22
78 23
78 24
78 27
78 31
78 33
78 36
78 37
78 45
78 58
78 61
78 69
78 74
78 91
78 94
78 96
78 102
78 110
78 112
78 115
78 119
78 126
79 3
79 4
79 8
79 11
79 13
79 14
79 17
79 18
79 25
79 26
79 28
79 34
79 37
79 42
79 43
79 47
79 52
79 55
79 79
79 81
79 84
79 88
79 91
79 92
79 93
79 94
79 98
79 116
79 121
79 124
80 4
80 12
80 14
80 24
80 29
80 32
80 33
80 35
80 36
80 37
80 38
80 39
80 40
80 41
80 42
80 46
80 53
80 57
80 58
80 61
80 62
80 68
80 69
80 71
80 72
80 75
80 78
80 83
80 84
80 88
80 95
80 108
80 112
80 118
80 120
80 121
80 122
80 127
81 0
81 3
81 5
81 7
81 9
81 10
81 13
81 16
81 24
81 29
81 30
81 31
81 32
81 34
81 35
81 37
81 40
81 44
81 45
81 51
81 53
81 57
81 58
81 65
81 77
81 80
81 83
81 89
81 93
81 95
81 103
81 110
81 112
81 114
81 116
81 121
81 127
82 6
82 11
82 18
82 21
82 23
82 26
82 27
82 30
82 32
82 35
82 40
82 41
82 51
82 72
82 79
82 83
82 85
82 87
82 90
82 91
82 95
82 101
82 104
82 105
82 111
82 122
83 9
83 10
83 12
83 14
83 19
83 20
83 25
83 31
83 32
83 38
83 39
83 41
83 45
83 46
83 47
83 48
83 51
83 65
83 67
83 68
83 79
83 82
83 85
83 87
83 91
83 95
83 107
83 112
83 122
83 126
83 127
84 0
84 6
84 7
84 15
84 21
84 28
84 42
84 45
84 51
84 54
84 60
84 62
84 65
84 69
84 73
84 74
84 90
84 91
84 109
84 110
84 111
84 116
84 117
84 118
84 119
84 120
84 121
84 123
84 124
84 125
85 4
85 10
85 16
85 20
85 21
85 22
85 24
85 26
85 35
85 39
85 40
85 41
85 49
85 50
85 52
85 53
85 54
85 55
85 57
85 58
85 59
85 61
85 64
85 65
85 66
85 74
85 77
85 84
85 87
85 89
85 92
85 96
85 106
85 107
85 108
85 109
85 112
85 117
85 120
85 123
85 126
86 1
86 5
86 6
86 10
86 22
86 23
86 26
86 32
86 34
86 35
86 36
86 38
86 41
86 44
86 57
86 58
86 60
86 62
86 64
86 70
86 80
86 82
86 87
86 92
86 95
86 96
86 97
86 100
86 101
86 105
86 109
86 117
86 125
87 0
87 3
87 7
87 9
87 14
87 19
87 26
87 27
87 28
87 37
87 41
87 49
87 52
87 59
87 61
87 65
87 76
87 81
87 82
87 87
87 91
87 94
87 113
87 118
88 1
88 6
88 9
88 11
88 15
88 20
88 25
88 33
88 38
88 47
88 49
88 50
88 62
88 64
88 70
88 72
88 88
88 89
88 98
88 101
88 106
88 112
88 114
88 124
89 1
89 3
89 9
89 14
89 24
89 26
89 30
89 31
89 32
89 33
89 39
89 47
89 50
89 51
89 55
89 58
89 60
89 70
89 76
89 77
89 80
89 83
89 86
89 90
89 92
89 98
89 103
89 105
89 107
89 108
89 115
89 116
89 119
89 126
90 4
90 18
90 19
90 34
90 39
90 43
90 50
90 51
90 55
90 58
90 65
90 68
90 72
90 74
90 79
90 81
90 86
90 93
90 97
90 99
90 102
90 106
90 107
90 109
90 118
90 119
90 124
90 127
91 2
91 7
91 12
91 17
91 20
91 22
91 25
91 28
91 29
91 35
91 40
91 50
91 51
91 56
91 59
91 60
91 66
91 78
91 79
91 80
91 81
91 86
91 89
91 91
91 101
91 104
91 124
92 2
92 11
92 12
92 16
92 18
92 27
92 31
92 32
92 36
92 38
92 47
92 48
92 50
92 58
92 65
92 66
92 67
92 102
92 105
92 119
93 0
93 3
93 7
93 10
93 14
93 16
93 21
93 22
93 26
93 27
93 34
93 35
93 36
93 39
93 46
93 49
93 50
93 52
93 63
93 68
93 69
93 70
93 71
93 73
93 81
93 83
93 85
93 86
93 90
93 108
93 112
93 116
93 118
93 123
93 125
93 127
94 0
94 9
94 10
94 11
94 12
94 13
94 15
94 16
94 20
94 28
94 31
94 35
94 44
94 48
94 53
94 54
94 60
94 65
94 69
94 75
94 79
94 88
94 90
94 91
94 102
94 103
94 104
94 105
95 1
95 4
95 5
95 9
95 10
95 13
95 14
95 18
95 19
95 27
95 41
95 49
95 58
95 61
95 70
95 72
95 76
95 77
95 81
95 82
95 85
95 87
95 94
95 95
95 97
95 103
95 104
95 105
95 107
95 111
95 113
95 120
95 126
96 6
96 16
96 18
96 26
96 33
96 36
96 41
96 44
96 46
96 48
96 49
96 52
96 57
96 60
96 63
96 73
96 74
96 83
96 87
96 96
96 100
96 104
96 109
96 110
96 111
96 123
97 5
97 16
97 17
97 22
97 24
97 32
97 44
97 47
97 64
97 74
97 82
97 84
97 87
97 96
97 97
97 99
97 110
97 111
97 117
97 121
97 123
97 124
97 127
98 2
98 3
98 4
98 9
98 10
98 24
98 26
98 27
98 29
98 38
98 40
98 50
98 51
98 53
98 70
98 74
98 84
98 97
98 100
98 101
98 103
98 104
98 105
98 113
98 115
98 117
98 122
98 126
99 1
99 2
99 4
99 6
99 7
99 8
99 12
99 15
99 16
99 17
99 18
99 21
99 22
99 25
99 30
99 31
99 32
99 33
99 39
99 40
99 41
99 44
99 49
99 56
99 57
99 59
99 60
99 80
99 88
99 108
99 112
99 113
99 116
99 125
99 126
100 1
100 2
100 4
100 6
100 14
100 15
100 18
100 23
100 27
100 33
100 34
100 37
100 38
100 43
100 48
100 49
100 52
100 54
100 57
100 60
100 66
100 69
100 74
100 77
100 80
100 81
100 82
100 87
100 88
100 98
100 99
100 103
100 104
100 112
100 114
100 115
100 121
100 125
101 2
101 9
101 11
101 14
101 16
101 18
101 22
101 26
101 27
101 41
101 42
101 45
101 46
101 55
101 59
101 67
101 70
101 73
101 76
101 79
101 87
101 88
101 93
101 108
101 111
101 115
101 117
101 122
101 126
101 127
102 2
102 5
102 8
102 10
102 17
102 19
102 27
102 29
102 32
102 33
102 34
102 35
102 38
102 43
102 54
102 55
102 56
102 58
102 73
102 77
102 91
102 94
102 100
102 102
102 116
102 119
102 120
102 121
102 124
102 126
103 1
103 3
103 4
103 11
103 16
103 25
103 31
103 33
103 48
103 49
103 53
103 67
103 75
103 76
103 77
103 78
103 82
103 84
103 85
103 89
103 104
103 106
103 109
103 111
103 115
103 119
103 120
103 122
103 123
103 124
104 6
104 11
104 14
104 16
104 19
104 24
104 27
104 33
104 37
104 45
104 48
104 52
104 56
104 59
104 64
104 69
104 70
104 72
104 88
104 89
104 96
104 97
104 100
104 102
104 104
104 115
104 116
104 117
104 118
105 4
105 15
105 18
105 19
105 27
105 28
105 33
105 38
105 44
105 54
105 60
105 64
105 70
105 73
105 76
105 80
105 81
105 88
105 91
105 93
105 97
105 107
105 111
105 116
105 118
105 119
105 120
105 121
105 125
106 1
106 3
106 14
106 15
106 21
106 24
106 29
106 30
106 32
106 35
106 36
106 39
106 40
106 43
106 45
106 49
106 53
106 54
106 55
106 64
106 70
106 77
106 78
106 84
106 85
106 93
106 95
106 103
106 104
106 105
106 106
106 109
106 110
106 111
106 112
106 113
106 114
106 116
106 117
106 119
106 120
106 121
107 22
107 25
107 26
107 27
107 34
107 35
107 36
107 38
107 40
107 46
107 52
107 53
107 54
107 61
107 66
107 68
107 70
107 79
107 87
107 89
107 90
107 92
107 95
107 100
107 102
107 109
107 110
107 111
107 114
107 117
107 118
107 122
107 124
108 0
108 1
108 2
108 3
108 5
108 6
108 7
108 8
108 16
108 20
108 22
108 23
108 25
108 27
108 29
108 30
108 38
108 46
108 48
108 50
108 53
108 58
108 64
108 65
108 75
108 79
108 80
108 84
108 85
108 86
108 89
108 93
108 95
108 97
108 100
108 101
108 102
108 107
108 111
108 115
108 117
108 118
108 120
108 122
109 0
109 15
109 18
109 19
109 20
109 21
109 24
109 26
109 28
109 30
109 35
109 36
109 39
109 42
109 44
109 45
109 57
109 58
109 64
109 66
109 69
109 88
109 93
109 94
109 96
109 97
109 101
109 110
109 116
109 123
109 126
110 0
110 3
110 7
110 11
110 12
110 29
110 30
110 31
110 37
110 38
110 39
110 41
110 42
110 43
110 44
110 46
110 51
110 52
110 53
110 54
110 59
110 60
110 61
110 63
110 65
110 69
110 74
110 77
110 79
110 85
110 88
110 98
110 99
110 100
110 101
110 108
110 115
110 117
110 120
110 121
110 125
111 23
111 24
111 25
111 26
111 33
111 34
111 35
111 36
111 42
111 44
111 51
111 57
111 58
111 66
111 74
111 76
111 78
111 80
111 81
111 83
111 87
111 96
111 98
111 99
111 102
111 105
111 108
111 109
111 111
111 112
111 120
112 5
112 9
112 15
112 18
112 25
112 27
112 28
112 29
112 34
112 39
112 45
112 51
112 52
112 55
112 56
112 63
112 70
112 72
112 75
112 80
112 82
112 91
112 92
112 97
112 98
112 99
112 100
112 103
112 105
112 109
112 110
112 121
112 122
112 124
112 127
113 1
113 2
113 5
113 12
113 20
113 21
113 24
113 42
113 43
113 47
113 49
113 52
113 53
113 54
113 57
113 62
113 63
113 66
113 71
113 72
113 73
113 74
113 76
113 82
113 87
113 92
113 93
113 115
113 123
113 124
113 125
113 126
113 127
114 3
114 7
114 8
114 13
114 14
114 21
114 22
114 23
114 27
114 32
114 36
114 38
114 50
114 53
114 55
114 62
114 71
114 79
114 87
114 93
114 104
114 120
114 121
114 124
114 127
115 0
115 3
115 6
115 7
115 9
115 10
115 12
115 16
115 22
115 25
115 26
115 31
115 34
115 37
115 40
115 41
115 42
115 47
115 56
115 57
115 64
115 67
115 76
115 78
115 82
115 89
115 95
115 96
115 101
115 103
115 109
115 112
115 115
115 117
115 120
115 121
116 3
116 5
116 10
116 11
116 15
116 21
116 22
116 27
116 31
116 32
116 36
116 45
116 47
116 49
116 56
116 65
116 74
116 76
116 78
116 85
116 86
116 89
116 91
116 95
116 97
116 98
116 107
116 119
116 121
116 125
117 4
117 5
117 8
117 9
117 10
117 14
117 15
117 23
117 34
117 35
117 38
117 45
117 46
117 52
117 54
117 60
117 61
117 64
117 65
117 69
117 70
117 74
117 75
117 78
117 84
117 87
117 88
117 93
117 95
117 101
117 103
117 109
117 115
117 117
118 1
118 5
118 12
118 14
118 15
118 19
118 22
118 24
118 27
118 43
118 44
118 46
118 57
118 59
118 61
118 69
118 74
118 79
118 80
118 89
118 96
118 97
118 101
118 102
118 104
118 105
118 113
118 118
118 123
118 125
119 1
119 2
119 3
119 9
119 14
119 15
119 16
119 24
119 26
119 29
119 33
119 37
119 49
119 54
119 61
119 64
119 66
119 67
119 80
119 82
119 85
119 89
119 93
119 94
119 99
119 100
119 103
119 105
119 106
119 109
119 112
119 113
119 115
119 120
119 123
120 0
120 2
120 8
120 17
120 19
120 21
120 30
120 34
120 35
120 36
120 41
120 50
120 51
120 55
120 56
120 57
120 58
120 61
120 62
120 63
120 65
120 74
120 77
120 78
120 83
120 92
120 95
120 96
120 97
120 100
120 103
120 107
120 109
120 111
120 116
120 117
120 121
120 122
120 125
121 1
121 3
121 8
121 11
121 16
121 19
121 25
121 27
121 30
121 33
121 34
121 44
121 46
121 53
121 55
121 56
121 58
121 63
121 64
121 68
121 82
121 86
121 89
121 94
121 107
121 113
121 115
121 116
121 118
121 120
121 121
121 122
121 125
121 126
122 13
122 14
122 16
122 23
122 28
122 33
122 35
122 41
122 49
122 53
122 54
122 55
122 58
122 66
122 69
122 70
122 71
122 74
122 83
122 84
122 85
122 88
122 93
122 99
122 101
122 108
122 111
122 112
122 121
123 7
123 9
123 14
123 16
123 23
123 32
123 39
123 48
123 50
123 53
123 55
123 59
123 64
123 68
123 69
123 76
123 77
123 78
123 81
123 84
123 92
123 95
123 98
123 104
123 105
123 106
123 109
123 120
123 122
123 127
124 2
124 9
124 10
124 13
124 16
124 20
124 22
124 24
124 25
124 26
124 27
124 31
124 37
124 38
124 41
124 44
124 51
124 53
124 54
124 66
124 68
124 69
124 73
124 84
124 91
124 93
124 104
124 106
124 108
124 109
124 117
124 121
124 122
124 124
124 126
125 1
125 3
125 7
125 8
125 10
125 18
125 28
125 39
125 45
125 56
125 60
125 64
125 68
125 70
125 73
125 74
125 82
125 84
125 85
125 98
125 99
125 100
125 107
125 115
125 119
125 121
125 123
125 124
126 0
126 3
126 4
126 9
126 16
126 19
126 20
126 29
126 35
126 39
126 40
126 58
126 59
126 60
126 63
126 64
126 67
126 69
126 70
126 80
126 83
126 87
126 88
126 89
126 91
126 92
126 100
126 106
126 108
126 111
126 112
126 118
126 123
126 124
126 127
127 3
127 4
127 9
127 10
127 16
127 17
127 20
127 21
127 22
127 26
127 34
127 36
127 39
127 45
127 52
127 53
127 57
127 60
127 61
127 64
127 68
127 73
127 75
127 78
127 88
127 92
127 98
127 99
127 107
127 108
127 110
127 111
127 125
