0 1
0 2
0 4
0 9
0 11
0 17
0 29
0 39
0 42
0 45
0 47
0 49
0 50
0 54
0 57
0 58
0 65
0 66
0 69
0 76
0 78
0 80
0 83
0 85
0 87
0 97
0 101
0 104
0 107
0 109
0 116
0 120
0 121
0 127
1 8
1 10
1 12
1 17
1 19
1 20
1 22
1 23
1 29
1 35
1 43
1 47
1 62
1 64
1 67
1 70
1 77
1 89
1 92
1 102
1 105
1 110
1 114
1 118
1 120
1 123
1 126
2 17
2 20
2 23
2 30
2 34
2 37
2 46
2 53
2 57
2 72
2 80
2 86
2 87
2 88
2 92
2 96
2 97
2 98
2 104
2 107
2 108
2 124
2 125
2 126
3 17
3 29
3 31
3 33
3 36
3 44
3 45
3 46
3 49
3 69
3 71
3 74
3 76
3 79
3 80
3 81
3 89
3 94
3 97
3 101
3 104
3 106
3 117
3 126
4 0
4 14
4 32
4 43
4 45
4 48
4 55
4 59
4 64
4 71
4 72
4 74
4 79
4 89
4 95
4 97
4 106
4 110
4 115
4 116
4 119
4 120
4 121
4 123
4 124
4 125
4 126
5 1
5 3
5 8
5 18
5 22
5 25
5 27
5 32
5 34
5 46
5 47
5 50
5 51
5 52
5 74
5 75
5 95
5 102
5 105
5 107
5 114
5 118
5 120
5 122
5 125
5 127
6 10
6 11
6 18
6 19
6 21
6 22
6 28
6 31
6 39
6 41
6 47
6 48
6 58
6 63
6 67
6 69
6 77
6 79
6 85
6 86
6 88
6 89
6 103
6 105
6 112
6 113
6 114
6 119
6 122
6 125
6 126
7 0
7 11
7 16
7 21
7 27
7 29
7 32
7 33
7 35
7 39
7 40
7 42
7 44
7 48
7 55
7 57
7 64
7 72
7 78
7 85
7 97
7 98
7 99
7 103
7 110
7 111
7 113
7 116
7 117
8 0
8 6
8 9
8 17
8 22
8 32
8 35
8 43
8 44
8 46
8 48
8 51
8 64
8 66
8 70
8 78
8 81
8 90
8 92
8 94
8 97
8 101
8 103
8 104
8 108
8 114
8 118
8 120
8 123
8 124
8 126
9 7
9 9
9 17
9 27
9 28
9 33
9 34
9 36
9 43
9 50
9 52
9 68
9 69
9 74
9 82
9 84
9 85
9 87
9 89
9 94
9 100
9 105
9 110
9 117
9 120
9 123
10 0
10 4
10 7
10 10
10 13
10 17
10 19
10 23
10 31
10 42
10 43
10 45
10 46
10 48
10 49
10 55
10 57
10 61
10 63
10 65
10 72
10 76
10 94
10 98
10 99
10 103
10 104
10 109
10 110
10 111
10 114
10 121
10 122
10 123
11 2
11 3
11 11
11 22
11 24
11 26
11 33
11 35
11 37
11 38
11 45
11 47
11 48
11 49
11 54
11 71
11 86
11 90
11 96
11 112
11 113
11 114
11 116
12 2
12 6
12 8
12 12
12 13
12 15
12 16
12 17
12 23
12 27
12 28
12 31
12 35
12 40
12 41
12 44
12 49
12 51
12 60
12 64
12 74
12 76
12 91
12 96
12 97
12 107
12 109
12 113
12 122
13 8
13 10
13 20
13 21
13 29
13 37
13 38
13 43
13 49
13 54
13 60
13 65
13 73
13 75
13 82
13 83
13 90
13 93
13 107
13 112
13 117
14 3
14 7
14 11
14 13
14 14
14 19
14 23
14 31
14 35
14 40
14 49
14 63
14 66
14 68
14 73
14 95
14 96
14 97
14 98
14 100
14 105
14 118
14 124
14 125
15 5
15 10
15 11
15 13
15 14
15 18
15 27
15 44
15 46
15 47
15 51
15 54
15 57
15 59
15 65
15 67
15 74
15 93
15 96
15 103
15 105
15 113
15 120
16 0
16 17
16 20
16 31
16 35
16 38
16 39
16 41
16 44
16 45
16 53
16 55
16 60
16 61
16 63
16 67
16 68
16 69
16 77
16 80
16 87
16 88
16 93
16 114
16 116
16 124
17 11
17 14
17 17
17 20
17 21
17 25
17 26
17 30
17 47
17 51
17 56
17 57
17 62
17 65
17 68
17 70
17 71
17 73
17 75
17 83
17 84
17 95
17 96
17 111
17 112
17 114
17 115
17 124
17 125
18 11
18 14
18 16
18 17
18 22
18 23
18 28
18 31
18 40
18 41
18 43
18 45
18 52
18 53
18 54
18 60
18 64
18 67
18 79
18 81
18 88
18 102
18 111
18 113
18 126
19 0
19 2
19 8
19 12
19 13
19 14
19 25
19 34
19 41
19 49
19 59
19 61
19 64
19 67
19 73
19 74
19 75
19 76
19 83
19 88
19 90
19 91
19 94
19 97
19 98
19 99
19 103
19 107
19 110
19 114
19 120
19 121
19 122
19 124
20 0
20 1
20 8
20 28
20 34
20 43
20 50
20 51
20 54
20 58
20 59
20 61
20 62
20 63
20 65
20 66
20 71
20 72
20 77
20 82
20 87
20 90
20 92
20 93
20 102
20 104
20 107
20 114
20 124
20 127
21 0
21 14
21 15
21 21
21 25
21 30
21 31
21 35
21 36
21 41
21 43
21 46
21 48
21 50
21 51
21 56
21 57
21 62
21 63
21 66
21 74
21 77
21 87
21 92
21 95
21 102
21 111
21 115
21 117
21 123
21 126
22 0
22 3
22 10
22 14
22 18
22 22
22 29
22 30
22 36
22 41
22 45
22 60
22 64
22 65
22 69
22 77
22 80
22 83
22 84
22 86
22 88
22 94
22 96
22 98
22 102
22 108
22 119
22 120
22 124
22 125
22 126
23 1
23 4
23 11
23 13
23 20
23 22
23 25
23 34
23 35
23 44
23 51
23 64
23 69
23 79
23 86
23 88
23 104
23 113
23 116
23 120
23 121
23 123
24 2
24 21
24 41
24 51
24 53
24 69
24 72
24 82
24 84
24 86
24 87
24 92
24 97
24 99
24 106
24 110
24 116
24 119
25 3
25 8
25 9
25 18
25 19
25 20
25 26
25 39
25 43
25 45
25 47
25 58
25 61
25 72
25 73
25 83
25 97
25 99
25 102
25 104
25 122
25 124
26 13
26 22
26 23
26 24
26 25
26 27
26 30
26 35
26 38
26 41
26 43
26 45
26 46
26 58
26 60
26 79
26 80
26 81
26 82
26 85
26 91
26 94
26 101
26 103
26 108
26 109
26 122
26 126
27 5
27 6
27 12
27 13
27 21
27 38
27 46
27 49
27 50
27 53
27 63
27 66
27 67
27 77
27 87
27 92
27 109
27 114
27 118
28 0
28 17
28 18
28 19
28 31
28 32
28 39
28 41
28 48
28 49
28 50
28 53
28 57
28 60
28 63
28 66
28 73
28 86
28 87
28 90
28 91
28 95
28 96
28 103
28 106
28 108
28 111
28 114
28 115
28 116
28 117
28 120
29 2
29 3
29 17
29 21
29 29
29 33
29 34
29 35
29 41
29 44
29 45
29 47
29 52
29 54
29 62
29 63
29 65
29 70
29 77
29 83
29 89
29 90
29 95
29 99
29 101
29 104
29 116
29 117
29 121
29 127
30 5
30 7
30 8
30 10
30 12
30 21
30 30
30 32
30 33
30 38
30 39
30 54
30 55
30 69
30 73
30 85
30 89
30 93
30 97
30 101
30 105
30 114
30 119
30 126
31 1
31 6
31 8
31 13
31 24
31 30
31 31
31 42
31 46
31 49
31 53
31 54
31 55
31 61
31 62
31 73
31 74
31 77
31 78
31 80
31 83
31 86
31 97
31 101
31 104
31 105
31 107
31 108
31 109
31 117
31 122
31 123
32 2
32 6
32 11
32 20
32 26
32 27
32 31
32 36
32 43
32 45
32 54
32 55
32 58
32 60
32 63
32 68
32 73
32 82
32 83
32 84
32 92
32 95
32 98
32 99
32 102
32 113
32 117
32 123
32 125
33 2
33 4
33 6
33 7
33 11
33 14
33 16
33 18
33 24
33 38
33 39
33 43
33 49
33 50
33 58
33 59
33 61
33 63
33 68
33 73
33 81
33 85
33 86
33 91
33 97
33 103
33 104
33 113
33 117
33 120
34 0
34 3
34 14
34 15
34 29
34 31
34 32
34 34
34 42
34 45
34 47
34 64
34 78
34 96
34 97
34 99
34 107
34 109
34 121
35 0
35 1
35 6
35 16
35 20
35 22
35 25
35 29
35 35
35 38
35 39
35 52
35 56
35 57
35 60
35 64
35 66
35 85
35 89
35 105
35 106
35 110
35 111
35 114
35 118
36 1
36 3
36 4
36 13
36 15
36 16
36 19
36 23
36 36
36 39
36 40
36 42
36 48
36 55
36 59
36 74
36 77
36 81
36 83
36 86
36 88
36 90
36 91
36 92
36 94
36 95
36 97
36 109
36 110
36 112
36 117
36 118
36 124
36 126
37 7
37 22
37 30
37 43
37 45
37 47
37 50
37 52
37 53
37 64
37 65
37 68
37 69
37 75
37 82
37 87
37 91
37 100
37 102
37 111
37 114
37 115
37 119
38 0
38 6
38 7
38 8
38 13
38 17
38 32
38 34
38 44
38 54
38 57
38 65
38 67
38 68
38 69
38 76
38 80
38 91
38 101
38 105
38 107
38 108
38 109
38 110
38 122
38 125
39 7
39 11
39 13
39 17
39 20
39 25
39 29
39 33
39 47
39 53
39 55
39 59
39 70
39 73
39 79
39 81
39 88
39 89
39 93
39 98
39 101
39 104
39 105
39 108
39 114
39 121
39 126
40 0
40 3
40 7
40 22
40 31
40 38
40 40
40 47
40 53
40 57
40 64
40 66
40 68
40 74
40 75
40 76
40 80
40 81
40 82
40 88
40 89
40 95
40 105
40 110
40 115
40 119
40 121
41 0
41 2
41 6
41 14
41 25
41 27
41 31
41 32
41 33
41 34
41 40
41 52
41 53
41 58
41 67
41 71
41 72
41 76
41 82
41 83
41 93
41 98
41 100
41 101
41 102
41 110
41 118
41 123
41 124
42 6
42 11
42 15
42 27
42 36
42 37
42 38
42 39
42 57
42 58
42 63
42 71
42 76
42 77
42 85
42 86
42 87
42 100
42 121
42 127
43 0
43 5
43 8
43 12
43 16
43 18
43 19
43 24
43 27
43 29
43 30
43 36
43 38
43 40
43 42
43 58
43 60
43 62
43 64
43 68
43 69
43 70
43 76
43 84
43 89
43 94
43 102
43 108
43 114
43 124
44 11
44 17
44 19
44 22
44 23
44 24
44 38
44 43
44 52
44 56
44 64
44 65
44 86
44 88
44 93
44 94
44 96
44 97
44 99
44 102
44 105
44 107
44 111
44 118
44 121
44 125
44 127
45 6
45 11
45 12
45 14
45 16
45 20
45 22
45 34
45 40
45 45
45 51
45 63
45 67
45 69
45 76
45 77
45 83
45 88
45 90
45 97
45 100
45 108
45 110
45 112
45 114
45 116
45 119
45 123
45 126
46 0
46 3
46 5
46 7
46 8
46 12
46 17
46 21
46 35
46 45
46 47
46 49
46 53
46 55
46 64
46 72
46 73
46 89
46 90
46 91
46 94
46 102
46 113
46 117
46 118
46 120
46 122
46 123
47 1
47 16
47 22
47 28
47 41
47 43
47 44
47 56
47 66
47 73
47 82
47 84
47 85
47 89
47 92
47 106
47 109
47 115
47 122
47 124
48 4
48 7
48 10
48 15
48 20
48 27
48 32
48 39
48 43
48 48
48 50
48 52
48 63
48 65
48 66
48 69
48 75
48 77
48 78
48 81
48 87
48 89
48 96
48 101
48 102
48 116
48 123
48 126
49 0
49 9
49 20
49 37
49 44
49 47
49 49
49 57
49 58
49 65
49 74
49 78
49 79
49 83
49 85
49 88
49 89
49 104
49 108
49 113
49 118
49 127
50 4
50 5
50 14
50 15
50 24
50 27
50 28
50 30
50 31
50 34
50 45
50 50
50 60
50 61
50 64
50 66
50 68
50 81
50 85
50 94
50 96
50 104
50 105
50 113
50 115
50 117
50 127
51 2
51 3
51 10
51 15
51 17
51 18
51 20
51 27
51 40
51 42
51 48
51 52
51 54
51 55
51 59
51 70
51 78
51 92
51 95
51 103
51 108
51 109
51 115
52 1
52 6
52 7
52 9
52 16
52 17
52 18
52 19
52 21
52 22
52 30
52 34
52 35
52 43
52 48
52 50
52 56
52 59
52 64
52 66
52 67
52 73
52 77
52 86
52 91
52 97
52 100
52 102
52 107
52 113
52 114
52 118
52 123
52 127
53 1
53 3
53 10
53 12
53 13
53 20
53 21
53 27
53 31
53 38
53 42
53 47
53 49
53 59
53 73
53 78
53 81
53 104
53 106
53 112
54 1
54 4
54 5
54 7
54 8
54 23
54 25
54 37
54 43
54 46
54 48
54 50
54 54
54 56
54 61
54 66
54 69
54 72
54 77
54 78
54 80
54 85
54 90
54 92
54 111
54 117
54 121
54 123
54 126
54 127
55 3
55 12
55 15
55 39
55 40
55 42
55 45
55 56
55 71
55 72
55 84
55 100
55 102
55 106
55 111
55 116
55 120
55 124
55 126
56 16
56 20
56 23
56 27
56 30
56 32
56 33
56 36
56 38
56 42
56 44
56 45
56 55
56 60
56 62
56 67
56 71
56 81
56 84
56 90
56 91
56 94
56 96
56 117
56 120
57 8
57 18
57 25
57 26
57 29
57 30
57 31
57 36
57 38
57 41
57 48
57 53
57 54
57 58
57 60
57 61
57 71
57 72
57 76
57 77
57 78
57 81
57 82
57 84
57 87
57 88
57 94
57 98
57 100
57 101
57 103
57 120
57 122
58 11
58 15
58 24
58 32
58 35
58 43
58 50
58 58
58 63
58 66
58 67
58 74
58 77
58 79
58 95
58 100
58 102
58 108
58 120
59 1
59 2
59 6
59 8
59 11
59 16
59 24
59 28
59 34
59 39
59 42
59 47
59 64
59 69
59 80
59 81
59 84
59 88
59 98
59 100
59 102
59 114
59 115
60 13
60 16
60 18
60 22
60 26
60 27
60 30
60 34
60 50
60 62
60 65
60 77
60 79
60 81
60 84
60 87
60 100
60 102
60 103
60 109
61 1
61 3
61 9
61 11
61 16
61 19
61 21
61 26
61 27
61 30
61 32
61 34
61 36
61 39
61 43
61 44
61 49
61 50
61 57
61 60
61 63
61 71
61 73
61 84
61 92
61 97
61 101
61 111
61 113
61 122
61 125
62 6
62 26
62 27
62 29
62 44
62 47
62 48
62 55
62 57
62 70
62 90
62 93
62 95
62 108
62 114
62 117
62 118
62 121
62 126
63 10
63 15
63 17
63 18
63 19
63 27
63 39
63 51
63 52
63 54
63 58
63 66
63 67
63 74
63 75
63 82
63 84
63 87
63 92
63 96
63 106
63 109
63 111
63 113
63 115
63 120
63 124
63 125
63 126
64 1
64 12
64 14
64 15
64 20
64 26
64 27
64 30
64 32
64 37
64 44
64 47
64 48
64 49
64 51
64 63
64 75
64 93
64 94
64 100
64 108
64 109
64 127
65 19
65 24
65 25
65 33
65 40
65 42
65 52
65 54
65 56
65 69
65 76
65 89
65 104
65 106
65 113
65 116
65 118
65 121
65 126
66 2
66 6
66 9
66 19
66 28
66 31
66 39
66 44
66 46
66 57
66 60
66 70
66 86
66 87
66 94
66 100
66 106
66 108
66 112
66 125
67 7
67 10
67 18
67 22
67 33
67 44
67 47
67 48
67 61
67 75
67 76
67 80
67 89
67 94
67 95
67 96
67 98
67 105
67 118
67 121
67 122
67 125
67 126
68 5
68 8
68 10
68 11
68 15
68 21
68 27
68 36
68 41
68 43
68 54
68 56
68 59
68 78
68 85
68 87
68 90
68 91
68 93
68 94
68 104
68 107
68 109
68 118
68 119
68 121
69 9
69 15
69 22
69 26
69 29
69 65
69 68
69 71
69 76
69 80
69 81
69 83
69 88
69 89
69 91
69 96
69 114
69 115
69 119
69 122
69 126
70 0
70 2
70 5
70 10
70 16
70 17
70 27
70 31
70 35
70 36
70 44
70 46
70 47
70 54
70 55
70 59
70 63
70 69
70 71
70 74
70 95
70 99
70 103
70 111
70 113
70 116
70 124
70 126
71 4
71 15
71 16
71 23
71 26
71 28
71 30
71 32
71 35
71 37
71 38
71 39
71 64
71 65
71 66
71 81
71 97
71 99
71 101
71 114
71 115
72 3
72 8
72 9
72 11
72 15
72 18
72 22
72 54
72 59
72 66
72 69
72 75
72 85
72 94
72 95
72 99
72 102
72 106
72 111
72 112
72 113
72 115
72 119
72 125
73 6
73 8
73 11
73 23
73 25
73 26
73 36
73 37
73 46
73 74
73 101
73 104
73 107
73 113
73 117
73 122
74 0
74 5
74 6
74 7
74 18
74 34
74 43
74 44
74 47
74 56
74 58
74 64
74 67
74 70
74 74
74 75
74 76
74 91
74 93
74 101
74 104
74 108
74 118
74 119
75 3
75 7
75 18
75 20
75 27
75 39
75 41
75 44
75 50
75 57
75 63
75 68
75 76
75 83
75 86
75 102
75 109
75 110
75 111
75 112
75 113
75 117
75 120
76 0
76 1
76 2
76 6
76 8
76 9
76 10
76 14
76 19
76 27
76 30
76 34
76 40
76 42
76 44
76 51
76 54
76 55
76 57
76 72
76 74
76 76
76 82
76 84
76 97
76 98
76 101
76 103
76 109
76 110
76 114
76 116
76 119
76 121
76 124
77 7
77 9
77 23
77 25
77 30
77 34
77 36
77 38
77 41
77 44
77 45
77 47
77 50
77 53
77 57
77 62
77 63
77 72
77 75
77 80
77 88
77 89
77 94
77 100
77 102
77 103
77 105
77 106
77 115
77 116
77 122
78 6
78 12
78 16
78 28
78 31
78 38
78 54
78 60
78 61
78 73
78 80
78 81
78 86
78 87
78 91
78 97
78 101
78 112
78 113
78 120
78 122
78 123
79 5
79 8
79 11
79 14
79 15
79 23
79 26
79 34
79 37
79 39
79 48
79 51
79 52
79 54
79 55
79 58
79 60
79 71
79 75
79 79
79 82
79 83
79 85
79 87
79 94
79 97
79 100
79 112
79 120
79 124
79 126
80 13
80 20
80 27
80 29
80 30
80 39
80 41
80 42
80 44
80 45
80 47
80 51
80 54
80 61
80 65
80 67
80 73
80 78
80 83
80 85
80 92
80 93
80 94
80 102
80 117
80 123
80 125
81 0
81 1
81 2
81 5
81 6
81 13
81 19
81 22
81 24
81 26
81 29
81 35
81 48
81 67
81 70
81 82
81 83
81 88
81 97
81 99
81 100
81 119
82 7
82 8
82 15
82 16
82 22
82 25
82 27
82 33
82 36
82 41
82 42
82 45
82 46
82 50
82 55
82 56
82 64
82 68
82 77
82 78
82 79
82 85
82 111
82 117
83 0
83 4
83 15
83 30
83 32
83 37
83 48
83 49
83 55
83 59
83 60
83 67
83 73
83 85
83 97
83 107
83 122
84 3
84 7
84 27
84 29
84 32
84 39
84 42
84 48
84 53
84 66
84 75
84 87
84 90
84 95
84 96
84 100
84 104
84 111
84 113
84 118
84 121
85 0
85 2
85 4
85 9
85 10
85 24
85 28
85 29
85 31
85 52
85 53
85 67
85 88
85 103
85 104
85 106
85 110
85 123
86 1
86 18
86 19
86 23
86 31
86 32
86 35
86 38
86 41
86 43
86 44
86 45
86 49
86 64
86 69
86 70
86 71
86 72
86 78
86 87
86 92
86 94
86 99
86 101
86 102
86 111
86 122
86 124
86 125
87 9
87 12
87 18
87 23
87 38
87 53
87 60
87 62
87 70
87 74
87 75
87 77
87 78
87 88
87 89
87 93
87 97
87 107
87 112
87 115
87 117
87 120
87 124
88 8
88 12
88 13
88 16
88 20
88 24
88 25
88 33
88 37
88 51
88 53
88 69
88 75
88 88
88 91
88 93
88 95
88 96
88 97
88 106
88 121
88 127
89 0
89 19
89 22
89 26
89 27
89 31
89 32
89 36
89 40
89 41
89 44
89 51
89 54
89 63
89 65
89 73
89 81
89 90
89 94
89 96
89 105
89 115
89 117
89 120
89 121
89 125
90 9
90 10
90 18
90 20
90 24
90 27
90 28
90 32
90 38
90 39
90 46
90 49
90 50
90 55
90 60
90 61
90 71
90 77
90 79
90 84
90 88
90 90
90 92
90 98
90 104
90 107
90 114
90 115
90 120
91 1
91 2
91 4
91 5
91 8
91 10
91 12
91 14
91 24
91 25
91 40
91 46
91 47
91 48
91 72
91 73
91 74
91 79
91 90
91 93
91 95
91 99
91 114
91 115
91 120
91 124
91 126
92 9
92 21
92 35
92 45
92 53
92 57
92 59
92 62
92 66
92 73
92 77
92 81
92 82
92 85
92 88
92 92
92 96
92 113
92 118
92 127
93 0
93 4
93 11
93 19
93 21
93 25
93 27
93 28
93 42
93 48
93 54
93 62
93 73
93 76
93 79
93 82
93 84
93 85
93 91
93 93
93 94
93 95
93 102
93 107
93 113
93 123
93 124
93 125
94 0
94 2
94 7
94 19
94 21
94 24
94 26
94 35
94 38
94 41
94 52
94 56
94 57
94 60
94 64
94 66
94 73
94 74
94 77
94 82
94 84
94 86
94 90
94 92
94 94
94 95
94 97
94 102
94 103
94 127
95 1
95 4
95 17
95 18
95 19
95 33
95 35
95 46
95 51
95 53
95 55
95 58
95 63
95 73
95 80
95 81
95 82
95 84
95 89
95 90
95 97
95 102
95 103
95 107
95 115
95 118
95 126
96 3
96 5
96 7
96 10
96 11
96 14
96 16
96 21
96 24
96 25
96 32
96 35
96 38
96 41
96 48
96 49
96 50
96 51
96 54
96 56
96 63
96 68
96 72
96 81
96 104
96 106
96 109
96 112
96 113
96 114
96 124
97 1
97 5
97 6
97 10
97 16
97 24
97 26
97 33
97 38
97 51
97 56
97 57
97 59
97 65
97 68
97 73
97 75
97 89
97 92
97 94
97 96
97 106
97 107
97 117
97 118
98 3
98 7
98 11
98 15
98 18
98 26
98 27
98 29
98 31
98 34
98 41
98 58
98 62
98 63
98 64
98 77
98 82
98 85
98 86
98 92
98 98
98 102
98 108
98 114
99 0
99 2
99 5
99 6
99 12
99 17
99 19
99 22
99 24
99 30
99 32
99 43
99 49
99 52
99 53
99 58
99 59
99 66
99 69
99 71
99 77
99 79
99 82
99 84
99 90
99 92
99 93
99 96
99 101
99 106
99 115
99 118
100 16
100 28
100 31
100 37
100 39
100 48
100 49
100 53
100 61
100 62
100 66
100 70
100 72
100 73
100 78
100 79
100 80
100 91
100 94
100 95
100 110
100 112
100 113
100 114
100 117
100 119
100 120
100 123
100 125
100 127
101 1
101 4
101 19
101 20
101 21
101 27
101 28
101 37
101 44
101 45
101 53
101 54
101 56
101 72
101 78
101 84
101 86
101 88
101 107
101 126
102 2
102 10
102 14
102 17
102 26
102 27
102 36
102 41
102 49
102 57
102 66
102 81
102 83
102 86
102 90
102 94
102 98
102 99
102 100
102 112
102 113
102 114
102 120
102 127
103 7
103 9
103 11
103 12
103 15
103 17
103 28
103 35
103 41
103 47
103 54
103 65
103 69
103 75
103 83
103 91
103 92
103 93
103 94
103 100
103 102
103 108
103 110
103 116
103 125
103 126
103 127
104 1
104 4
104 6
104 7
104 10
104 17
104 31
104 32
104 39
104 50
104 53
104 55
104 57
104 72
104 75
104 89
104 91
104 93
104 94
104 98
104 102
104 104
104 108
104 112
104 113
104 115
104 125
104 126
104 127
105 5
105 7
105 11
105 13
105 16
105 25
105 27
105 35
105 39
105 49
105 61
105 63
105 69
105 79
105 88
105 89
105 91
105 92
105 105
105 108
105 114
105 116
106 12
106 13
106 19
106 27
106 31
106 32
106 36
106 42
106 46
106 51
106 53
106 68
106 72
106 84
106 85
106 88
106 89
106 92
106 94
106 98
106 100
106 101
106 106
106 107
106 109
106 125
107 3
107 4
107 11
107 16
107 19
107 28
107 29
107 34
107 35
107 36
107 37
107 40
107 51
107 61
107 74
107 87
107 92
107 102
107 103
107 105
107 106
107 108
107 111
107 123
107 125
108 12
108 18
108 36
108 49
108 54
108 62
108 73
108 74
108 78
108 86
108 87
108 89
108 91
108 94
108 102
108 111
108 116
108 119
108 122
108 125
108 126
108 127
109 4
109 10
109 18
109 19
109 20
109 23
109 26
109 31
109 38
109 39
109 51
109 55
109 59
109 65
109 68
109 72
109 75
109 80
109 102
109 110
109 121
109 122
110 9
110 10
110 13
110 20
110 27
110 28
110 30
110 31
110 34
110 39
110 46
110 47
110 53
110 57
110 58
110 59
110 63
110 66
110 67
110 75
110 77
110 84
110 86
110 88
110 89
110 94
110 102
110 103
110 105
110 106
110 107
110 108
110 113
110 115
110 116
111 1
111 2
111 10
111 11
111 26
111 27
111 30
111 39
111 42
111 50
111 53
111 56
111 74
111 78
111 80
111 83
111 89
111 90
111 105
111 107
111 114
111 124
112 0
112 12
112 25
112 30
112 38
112 41
112 45
112 47
112 54
112 65
112 67
112 74
112 75
112 76
112 81
112 84
112 89
112 104
112 107
112 108
112 109
112 110
112 111
112 117
112 122
112 124
113 2
113 5
113 14
113 16
113 18
113 19
113 24
113 26
113 31
113 33
113 45
113 47
113 48
113 51
113 56
113 58
113 61
113 65
113 69
113 83
113 84
113 85
113 95
113 96
113 98
113 104
113 109
113 112
113 126
114 1
114 12
114 23
114 30
114 43
114 45
114 47
114 55
114 56
114 58
114 64
114 73
114 74
114 84
114 85
114 100
114 106
114 112
114 118
114 120
114 121
115 14
115 17
115 21
115 24
115 31
115 33
115 34
115 36
115 51
115 53
115 61
115 75
115 77
115 79
115 86
115 90
115 94
115 97
115 98
115 99
115 100
115 103
115 104
115 106
115 108
115 109
115 127
116 10
116 15
116 18
116 23
116 24
116 28
116 37
116 40
116 52
116 54
116 55
116 69
116 71
116 73
116 78
116 85
116 93
116 96
116 97
116 104
116 108
116 111
116 118
117 16
117 28
117 30
117 33
117 35
117 38
117 41
117 45
117 47
117 48
117 49
117 65
117 70
117 75
117 90
117 97
117 107
117 109
117 116
117 120
117 121
117 123
118 8
118 13
118 20
118 29
118 34
118 48
118 51
118 55
118 59
118 75
118 77
118 79
118 82
118 86
118 88
118 89
118 105
118 123
119 7
119 11
119 12
119 33
119 35
119 37
119 40
119 45
119 46
119 55
119 57
119 65
119 68
119 76
119 78
119 97
119 98
119 99
119 111
119 114
119 115
119 116
119 120
119 122
119 125
119 126
120 6
120 8
120 12
120 14
120 25
120 31
120 39
120 41
120 54
120 65
120 66
120 79
120 84
120 86
120 90
120 94
120 97
120 99
120 100
120 105
120 113
120 118
120 120
120 122
121 5
121 8
121 17
121 18
121 25
121 28
121 33
121 41
121 51
121 52
121 60
121 65
121 69
121 73
121 74
121 75
121 83
121 84
121 89
121 93
121 94
121 100
121 101
121 109
121 110
121 114
121 119
121 122
121 127
122 0
122 8
122 19
122 20
122 24
122 25
122 26
122 32
122 42
122 43
122 46
122 50
122 54
122 75
122 76
122 80
122 85
122 103
122 105
122 106
122 108
122 117
122 126
123 11
123 19
123 22
123 26
123 27
123 29
123 30
123 33
123 35
123 38
123 40
123 47
123 61
123 62
123 80
123 84
123 87
123 88
123 97
123 121
123 125
124 1
124 2
124 12
124 14
124 19
124 23
124 24
124 32
124 36
124 40
124 45
124 46
124 51
124 72
124 78
124 83
124 84
124 85
124 88
124 90
124 95
124 96
124 101
124 103
124 107
124 112
124 113
124 122
124 126
125 7
125 8
125 16
125 24
125 25
125 35
125 42
125 47
125 50
125 52
125 55
125 57
125 64
125 66
125 69
125 70
125 98
125 104
125 116
125 120
125 125
126 3
126 4
126 5
126 8
126 13
126 19
126 20
126 29
126 34
126 35
126 43
126 47
126 48
126 51
126 56
126 57
126 71
126 79
126 81
126 88
126 91
126 92
126 100
126 103
126 111
126 117
126 121
126 126
127 9
127 12
127 13
127 17
127 28
127 34
127 42
127 43
127 47
127 60
127 62
127 69
127 71
127 75
127 79
127 81
127 82
127 84
127 86
127 87
127 108
127 111
127 119
127 122
127 124
