0 2
0 14
0 19
0 42
0 57
0 73
0 83
0 86
0 98
0 103
0 105
0 122
1 10
1 16
1 27
1 36
1 46
1 55
1 58
1 70
1 71
1 89
1 105
1 120
2 31
2 52
2 61
2 76
2 90
2 96
2 108
3 7
3 8
3 9
3 24
3 44
3 58
3 63
3 89
3 106
3 119
4 3
4 15
4 26
4 34
4 49
4 60
4 77
4 87
4 96
4 98
4 124
5 4
5 20
5 28
5 34
5 39
5 59
5 85
5 86
5 103
5 124
5 127
6 25
6 28
6 29
6 33
6 48
6 56
6 58
6 67
6 71
6 77
6 80
6 109
6 111
7 9
7 10
7 18
7 19
7 36
7 37
7 61
7 67
7 70
7 71
7 78
7 82
7 84
7 88
7 89
7 95
7 100
8 59
8 69
8 70
8 77
8 94
8 97
8 105
8 107
9 15
9 29
9 35
9 38
9 81
9 91
9 108
10 3
10 6
10 8
10 14
10 25
10 32
10 45
10 52
10 57
10 81
10 97
10 108
10 111
10 113
10 115
10 123
10 125
11 17
11 22
11 29
11 33
11 36
11 39
11 55
11 73
11 85
11 86
11 90
11 93
11 105
11 113
11 117
12 11
12 14
12 34
12 41
12 47
12 71
12 83
12 101
12 109
13 15
13 25
13 27
13 33
13 50
13 51
13 52
13 64
13 76
13 77
13 78
13 82
13 87
13 97
13 117
13 125
13 127
14 27
14 49
14 51
14 68
14 79
14 88
14 108
14 118
14 120
14 126
14 127
15 16
15 63
15 78
15 90
15 99
15 101
15 123
16 5
16 7
16 12
16 15
16 17
16 19
16 30
16 34
16 49
16 89
16 94
16 98
16 101
16 113
16 122
17 32
17 37
17 39
17 43
17 45
17 46
17 51
17 58
17 96
17 109
17 113
18 15
18 31
18 37
18 62
18 74
18 89
18 92
18 115
18 116
19 10
19 17
19 29
19 31
19 32
19 43
19 50
19 69
19 71
19 79
19 87
19 107
19 108
19 116
19 123
19 124
20 3
20 14
20 21
20 24
20 43
20 46
20 56
20 79
20 98
20 126
21 23
21 24
21 32
21 41
21 42
21 45
21 53
21 54
21 98
21 104
21 105
21 107
21 118
22 5
22 13
22 17
22 25
22 32
22 37
22 45
22 59
22 60
22 61
22 93
22 98
23 19
23 20
23 23
23 50
23 77
23 106
24 7
24 40
24 52
24 53
24 103
24 113
24 115
25 19
25 21
25 34
25 50
25 55
25 61
25 73
25 86
25 93
25 101
25 103
25 109
25 110
25 120
26 13
26 14
26 18
26 27
26 33
26 39
26 45
26 50
26 59
26 90
26 92
26 105
26 106
26 110
27 4
27 10
27 20
27 32
27 38
27 59
27 64
27 70
27 87
28 2
28 5
28 23
28 29
28 30
28 34
28 44
28 54
28 60
28 69
28 81
28 85
28 96
28 102
28 111
28 115
28 122
29 2
29 4
29 27
29 45
29 48
29 55
29 64
29 66
29 67
29 73
29 80
29 97
29 104
29 119
29 125
29 127
30 23
30 35
30 41
30 46
30 61
30 65
30 70
30 72
30 76
30 99
30 101
30 104
31 55
31 62
31 73
31 79
31 109
31 115
31 116
31 121
31 126
32 1
32 6
32 9
32 11
32 26
32 54
32 62
32 91
32 119
33 9
33 26
33 45
33 46
33 52
33 54
33 60
33 87
33 114
33 121
34 1
34 6
34 15
34 27
34 31
34 32
34 38
34 68
34 85
34 86
34 92
34 116
35 2
35 7
35 8
35 30
35 47
35 51
35 60
35 72
35 80
35 84
35 88
35 91
35 93
35 97
35 105
35 122
36 7
36 10
36 42
36 43
36 45
36 47
36 50
36 60
36 74
36 92
36 111
36 112
37 32
37 35
37 47
37 75
37 85
37 110
37 112
37 123
37 126
38 7
38 18
38 19
38 36
38 48
38 57
38 67
38 72
38 101
38 109
38 113
38 119
38 121
39 28
39 45
39 60
39 68
39 90
39 93
39 98
39 104
39 108
39 110
39 117
39 119
40 20
40 34
40 39
40 45
40 70
40 102
40 103
40 112
40 125
41 8
41 17
41 21
41 40
41 44
41 46
41 68
41 72
41 102
41 108
41 115
41 118
41 123
41 127
42 10
42 18
42 23
42 49
42 53
42 58
42 79
42 87
42 110
42 114
43 11
43 19
43 23
43 28
43 46
43 50
43 53
43 68
43 76
43 88
44 1
44 18
44 36
44 37
44 65
44 71
44 74
44 79
44 86
44 97
44 99
44 108
44 110
44 118
44 121
45 5
45 13
45 24
45 28
45 31
45 32
45 45
45 47
45 70
45 87
45 91
45 93
45 98
45 102
45 110
45 119
45 124
46 23
46 25
46 27
46 28
46 32
46 37
46 48
46 56
46 67
46 84
46 99
46 112
46 120
46 127
47 4
47 14
47 17
47 35
47 59
47 63
47 69
47 82
47 89
47 100
47 111
47 124
48 6
48 24
48 28
48 33
48 37
48 64
48 112
48 114
48 127
49 18
49 45
49 65
49 66
49 72
49 78
49 79
49 82
49 114
49 119
50 3
50 4
50 18
50 33
50 35
50 37
50 40
50 58
50 67
50 82
50 84
50 118
50 120
50 127
51 0
51 7
51 18
51 26
51 48
51 50
51 79
51 82
51 123
52 68
52 78
52 85
52 86
52 90
52 91
52 95
52 115
52 120
53 2
53 30
53 31
53 37
53 45
53 71
53 73
53 75
53 98
53 99
53 116
53 119
53 120
54 2
54 7
54 9
54 24
54 25
54 31
54 38
54 54
54 60
54 73
54 102
54 109
54 120
55 27
55 33
55 45
55 49
55 51
55 64
55 73
55 76
55 84
55 97
55 103
55 106
56 44
56 63
56 64
56 65
56 71
56 80
56 95
56 108
56 115
56 126
57 2
57 25
57 57
57 67
57 75
57 78
57 82
57 84
57 97
57 101
57 102
57 109
58 18
58 33
58 38
58 57
58 59
58 66
58 70
58 108
58 114
58 118
58 126
59 20
59 21
59 23
59 24
59 33
59 40
59 46
59 51
59 63
59 64
59 75
59 96
59 98
59 99
59 104
59 121
59 124
59 125
60 0
60 8
60 10
60 16
60 81
60 86
60 101
60 114
61 12
61 14
61 19
61 45
61 48
61 50
61 65
61 68
61 72
61 79
61 84
61 94
61 103
61 118
61 126
62 1
62 18
62 41
62 70
62 85
62 87
62 93
62 98
62 105
62 111
62 112
62 120
63 18
63 19
63 24
63 28
63 32
63 48
63 50
63 89
64 9
64 11
64 17
64 21
64 30
64 56
64 75
64 77
64 104
64 118
64 119
64 122
65 0
65 27
65 41
65 51
65 69
65 73
65 76
65 80
65 99
65 104
65 107
65 109
66 13
66 17
66 43
66 48
66 49
66 88
66 118
67 4
67 7
67 19
67 65
67 73
67 77
67 84
67 86
67 125
68 47
68 70
68 87
68 90
68 92
68 105
68 108
68 111
68 121
69 9
69 71
69 78
69 87
69 92
69 105
69 108
69 112
70 10
70 19
70 27
70 28
70 36
70 73
70 74
70 94
70 108
70 123
71 16
71 20
71 37
71 42
71 44
71 66
71 84
71 94
71 107
72 18
72 32
72 33
72 77
72 84
72 85
72 94
72 98
72 101
72 108
72 112
72 121
73 31
73 78
73 81
73 100
73 102
73 125
74 29
74 48
74 57
74 66
74 68
74 75
74 77
74 88
74 99
74 105
74 109
74 112
74 115
74 121
75 17
75 29
75 30
75 54
75 86
75 88
75 89
75 93
75 94
75 106
75 121
76 0
76 11
76 12
76 16
76 21
76 38
76 48
76 53
76 58
76 63
76 64
76 86
76 87
76 95
76 97
76 109
76 113
77 20
77 28
77 33
77 48
77 53
77 56
77 73
77 79
77 85
77 103
77 107
77 117
77 119
77 123
77 126
78 19
78 32
78 65
78 67
78 69
78 73
78 108
79 14
79 21
79 45
79 61
79 73
79 112
79 117
79 126
80 20
80 32
80 49
80 58
80 65
80 90
80 109
80 111
80 124
80 127
81 18
81 37
81 46
81 60
81 79
81 111
81 124
82 0
82 1
82 13
82 28
82 31
82 33
82 38
82 41
82 46
82 86
82 93
82 116
82 127
83 9
83 17
83 18
83 23
83 36
83 43
83 44
83 54
83 56
83 63
83 66
83 76
83 79
83 91
83 94
83 105
83 109
83 110
83 116
83 124
84 22
84 37
84 48
84 55
84 60
84 76
84 77
84 103
84 119
85 1
85 10
85 16
85 23
85 25
85 48
85 68
85 75
85 83
85 112
86 1
86 8
86 29
86 50
86 67
86 80
86 99
86 107
86 122
86 125
87 7
87 34
87 59
87 73
87 89
87 98
87 101
87 103
87 118
87 121
88 9
88 20
88 21
88 30
88 44
88 55
88 74
88 91
88 94
88 104
89 14
89 18
89 30
89 33
89 43
89 49
89 53
89 61
89 69
89 73
89 79
89 93
89 94
89 111
89 119
89 122
89 125
90 29
90 42
90 53
90 77
90 98
90 99
90 103
90 110
90 119
90 124
91 36
91 58
91 65
91 69
92 9
92 35
92 41
92 44
92 58
92 71
92 77
92 78
92 101
92 102
92 117
92 120
92 121
93 13
93 23
93 34
93 43
93 45
93 56
93 59
93 70
93 79
93 116
93 122
93 127
94 30
94 32
94 50
94 51
94 54
94 57
94 64
94 91
94 94
94 98
94 124
94 126
95 4
95 38
95 54
95 66
95 86
95 88
95 92
95 104
95 105
95 113
95 118
95 122
95 126
96 14
96 16
96 41
96 52
96 55
96 57
96 66
96 67
96 70
96 72
96 79
96 85
96 86
96 91
96 107
96 111
96 112
96 118
97 5
97 40
97 41
97 44
97 60
97 79
97 85
98 5
98 13
98 24
98 26
98 27
98 40
98 56
98 57
98 62
98 70
98 73
98 74
98 77
98 89
98 90
98 112
99 9
99 24
99 38
99 40
99 56
99 59
99 66
99 70
99 79
99 87
99 89
99 127
100 0
100 32
100 44
100 45
100 48
100 60
100 74
100 77
100 96
100 106
101 11
101 14
101 26
101 31
101 38
101 40
101 41
101 50
101 58
101 72
101 73
101 87
101 106
101 111
101 114
101 117
102 4
102 28
102 35
102 39
102 50
102 57
102 65
102 69
102 76
102 79
102 102
102 111
102 118
102 121
102 124
103 6
103 22
103 25
103 61
103 72
103 73
103 87
104 0
104 7
104 33
104 42
104 61
104 71
104 79
104 81
104 93
104 108
104 118
104 119
105 16
105 19
105 24
105 26
105 27
105 29
105 38
105 51
105 55
105 72
105 77
105 83
105 97
105 110
105 114
105 126
106 6
106 22
106 25
106 51
106 54
106 58
106 61
106 67
106 87
106 91
106 115
106 117
107 5
107 10
107 46
107 60
107 68
107 85
107 101
107 119
108 10
108 31
108 48
108 52
108 53
108 54
108 55
108 56
108 81
108 88
108 89
108 101
108 103
108 120
108 127
109 13
109 21
109 38
109 46
109 57
109 58
109 61
109 72
109 79
109 84
109 87
109 89
109 106
109 115
109 124
110 10
110 28
110 33
110 45
110 47
110 48
110 49
110 62
110 65
110 69
110 83
110 85
110 92
110 127
111 0
111 11
111 44
111 51
111 94
111 101
111 103
111 104
111 111
111 119
112 14
112 20
112 24
112 29
112 32
112 48
112 64
112 72
112 74
112 91
112 125
113 1
113 7
113 20
113 42
113 47
113 52
113 56
113 57
113 79
113 91
113 96
113 109
113 110
113 126
114 8
114 11
114 13
114 15
114 28
114 42
114 43
114 49
114 74
114 79
114 118
114 124
114 125
115 2
115 11
115 19
115 39
115 40
115 41
115 55
115 66
115 70
115 90
115 94
115 99
115 122
116 8
116 16
116 23
116 26
116 31
116 42
116 48
116 63
116 65
116 66
116 67
116 68
116 96
116 126
117 21
117 22
117 46
117 51
117 58
117 96
117 110
117 112
118 8
118 34
118 39
118 45
118 61
118 107
118 110
119 1
119 23
119 24
119 42
119 43
119 72
119 79
119 86
119 90
119 91
119 100
119 104
119 106
119 109
119 113
119 118
120 9
120 23
120 25
120 31
120 43
120 47
120 58
120 76
120 88
120 95
120 104
120 106
120 119
120 125
121 2
121 10
121 43
121 45
121 48
121 68
121 87
121 89
121 105
121 117
121 125
122 0
122 2
122 3
122 13
122 30
122 50
122 58
122 68
122 99
123 6
123 15
123 40
123 56
123 59
123 93
123 94
123 98
123 99
123 101
123 117
124 7
124 13
124 21
124 32
124 37
124 47
124 50
124 55
124 56
124 61
124 66
124 81
124 83
124 88
124 95
124 99
124 105
124 108
124 111
124 112
124 117
124 127
125 6
125 14
125 29
125 30
125 44
125 48
125 50
125 55
125 57
125 58
125 70
125 88
125 98
126 0
126 19
126 25
126 33
126 114
126 125
127 29
127 32
127 33
127 37
127 38
127 40
127 42
127 54
127 59
127 62
127 66
127 73
127 86
127 107
127 112
127 120
127 126
127 127
