0 4
0 5
0 7
0 10
0 11
0 12
0 14
0 19
0 26
0 29
0 30
0 35
0 36
0 45
0 46
0 48
0 49
0 51
0 53
0 57
0 61
0 66
0 68
0 72
0 79
0 82
0 85
0 88
0 90
0 94
0 96
0 98
0 103
0 107
0 108
0 110
0 111
0 112
0 113
0 118
0 119
0 120
0 125
0 127
1 1
1 6
1 7
1 12
1 15
1 26
1 31
1 33
1 50
1 51
1 52
1 55
1 63
1 69
1 70
1 72
1 78
1 81
1 86
1 91
1 96
1 103
1 107
1 113
1 116
1 122
2 0
2 2
2 6
2 8
2 12
2 14
2 15
2 19
2 22
2 23
2 25
2 26
2 31
2 36
2 40
2 41
2 43
2 48
2 56
2 60
2 65
2 66
2 70
2 78
2 85
2 91
2 92
2 99
2 100
2 106
2 122
2 123
2 126
3 0
3 4
3 8
3 12
3 16
3 19
3 26
3 29
3 32
3 37
3 41
3 43
3 46
3 51
3 61
3 64
3 65
3 67
3 70
3 71
3 77
3 78
3 84
3 86
3 91
3 94
3 110
3 115
3 120
3 125
4 2
4 9
4 10
4 18
4 31
4 33
4 44
4 46
4 49
4 50
4 51
4 55
4 60
4 64
4 68
4 78
4 82
4 84
4 86
4 88
4 93
4 98
4 99
4 102
4 109
4 110
4 126
4 127
5 0
5 3
5 4
5 10
5 16
5 18
5 25
5 29
5 33
5 35
5 37
5 38
5 39
5 44
5 50
5 51
5 53
5 55
5 62
5 66
5 68
5 70
5 79
5 80
5 84
5 94
5 105
5 113
5 123
5 126
5 127
6 2
6 4
6 5
6 11
6 12
6 13
6 14
6 26
6 30
6 31
6 33
6 34
6 35
6 36
6 46
6 60
6 61
6 65
6 75
6 77
6 82
6 84
6 85
6 91
6 97
6 98
6 99
6 103
6 118
6 124
6 126
6 127
7 2
7 9
7 11
7 12
7 13
7 25
7 28
7 35
7 42
7 45
7 53
7 56
7 71
7 72
7 75
7 81
7 84
7 86
7 91
7 95
7 101
7 102
7 103
7 105
7 107
7 110
7 115
7 118
7 120
7 121
7 123
7 124
7 126
8 0
8 7
8 11
8 14
8 20
8 21
8 22
8 23
8 24
8 26
8 27
8 33
8 40
8 44
8 45
8 49
8 60
8 64
8 65
8 67
8 69
8 75
8 78
8 87
8 90
8 91
8 92
8 106
8 109
8 112
8 117
8 118
8 124
8 126
9 1
9 2
9 4
9 5
9 8
9 10
9 11
9 16
9 22
9 24
9 26
9 27
9 29
9 32
9 43
9 46
9 48
9 52
9 57
9 62
9 63
9 72
9 74
9 75
9 88
9 93
9 105
9 111
9 115
9 117
9 121
9 125
10 2
10 6
10 12
10 16
10 18
10 25
10 27
10 32
10 36
10 37
10 44
10 45
10 65
10 67
10 81
10 84
10 90
10 91
10 93
10 104
10 107
10 111
10 122
10 123
10 124
11 0
11 2
11 12
11 13
11 14
11 17
11 22
11 24
11 26
11 35
11 37
11 50
11 51
11 54
11 58
11 59
11 61
11 67
11 71
11 76
11 83
11 85
11 86
11 87
11 90
11 95
11 100
11 104
11 105
11 108
11 109
11 110
11 118
11 124
11 125
12 5
12 6
12 12
12 25
12 31
12 37
12 39
12 49
12 50
12 54
12 57
12 70
12 73
12 75
12 79
12 80
12 82
12 83
12 89
12 94
12 96
12 104
12 105
12 106
12 109
12 113
12 118
12 120
12 123
12 125
13 0
13 3
13 4
13 5
13 9
13 13
13 16
13 19
13 20
13 21
13 27
13 30
13 34
13 35
13 38
13 39
13 40
13 43
13 45
13 46
13 54
13 56
13 57
13 58
13 59
13 64
13 69
13 71
13 73
13 75
13 77
13 78
13 81
13 83
13 84
13 91
13 93
13 96
13 98
13 100
13 106
13 113
13 115
13 124
13 125
14 3
14 4
14 10
14 12
14 16
14 18
14 22
14 24
14 25
14 35
14 43
14 44
14 46
14 49
14 52
14 55
14 60
14 62
14 64
14 66
14 71
14 72
14 83
14 87
14 95
14 104
14 105
14 110
14 111
14 123
15 3
15 5
15 6
15 11
15 23
15 24
15 26
15 30
15 31
15 37
15 39
15 40
15 49
15 50
15 51
15 52
15 56
15 57
15 60
15 67
15 69
15 72
15 74
15 80
15 92
15 93
15 94
15 96
15 99
15 109
15 110
15 111
15 112
15 113
15 114
15 119
15 120
15 124
15 126
15 127
16 4
16 8
16 13
16 14
16 21
16 22
16 24
16 27
16 29
16 31
16 35
16 50
16 59
16 65
16 67
16 69
16 70
16 73
16 78
16 79
16 97
16 100
16 104
16 106
16 108
16 116
16 117
16 118
16 120
16 122
16 124
17 4
17 25
17 28
17 33
17 36
17 41
17 44
17 46
17 49
17 54
17 57
17 67
17 72
17 74
17 84
17 85
17 87
17 91
17 94
17 99
17 100
17 102
17 109
17 121
18 0
18 2
18 4
18 8
18 10
18 24
18 25
18 30
18 34
18 39
18 40
18 42
18 44
18 46
18 49
18 51
18 55
18 58
18 61
18 64
18 71
18 78
18 79
18 81
18 83
18 85
18 91
18 95
18 97
18 99
18 101
18 105
18 106
18 118
18 119
18 122
19 1
19 9
19 10
19 11
19 13
19 14
19 19
19 20
19 25
19 30
19 40
19 43
19 45
19 50
19 55
19 56
19 59
19 60
19 61
19 63
19 65
19 67
19 75
19 87
19 89
19 93
19 96
19 99
19 109
19 112
19 116
19 118
19 119
19 122
19 124
20 1
20 2
20 19
20 23
20 26
20 27
20 29
20 30
20 31
20 42
20 43
20 49
20 50
20 53
20 61
20 64
20 71
20 77
20 79
20 87
20 89
20 91
20 95
20 97
20 99
20 116
20 120
20 125
21 1
21 2
21 16
21 19
21 20
21 25
21 31
21 34
21 39
21 40
21 41
21 43
21 50
21 59
21 77
21 87
21 89
21 92
21 97
21 99
21 100
21 101
21 105
21 107
21 108
21 109
21 112
21 122
21 125
22 1
22 4
22 5
22 7
22 8
22 12
22 18
22 21
22 23
22 28
22 29
22 31
22 36
22 40
22 43
22 44
22 45
22 49
22 53
22 56
22 58
22 63
22 64
22 67
22 70
22 71
22 74
22 78
22 80
22 88
22 89
22 91
22 96
22 103
22 105
22 106
22 107
22 109
22 120
22 123
22 124
22 126
22 127
23 1
23 3
23 10
23 12
23 15
23 21
23 24
23 36
23 38
23 42
23 45
23 49
23 71
23 77
23 86
23 89
23 92
23 95
23 97
23 104
23 105
23 111
23 114
24 1
24 2
24 3
24 8
24 11
24 20
24 22
24 27
24 28
24 30
24 37
24 41
24 45
24 52
24 53
24 59
24 68
24 71
24 75
24 78
24 93
24 95
24 111
24 112
24 118
24 126
25 2
25 3
25 4
25 9
25 17
25 18
25 22
25 28
25 29
25 30
25 34
25 37
25 39
25 44
25 45
25 53
25 64
25 69
25 70
25 73
25 74
25 77
25 79
25 85
25 86
25 88
25 89
25 93
25 100
25 102
25 104
25 105
25 110
25 112
25 114
25 116
25 117
25 119
25 126
26 16
26 18
26 19
26 23
26 25
26 27
26 28
26 33
26 34
26 35
26 40
26 42
26 45
26 50
26 59
26 65
26 66
26 73
26 77
26 89
26 111
26 115
26 120
26 125
27 1
27 3
27 6
27 7
27 13
27 15
27 24
27 29
27 31
27 36
27 37
27 40
27 42
27 48
27 54
27 57
27 60
27 68
27 69
27 73
27 76
27 82
27 84
27 86
27 87
27 90
27 92
27 94
27 100
27 105
27 107
27 109
27 113
27 121
27 122
27 124
27 126
28 0
28 14
28 15
28 16
28 17
28 22
28 32
28 33
28 37
28 40
28 41
28 42
28 43
28 44
28 47
28 48
28 53
28 63
28 64
28 68
28 76
28 96
28 98
28 101
28 114
28 122
28 127
29 5
29 9
29 10
29 11
29 18
29 26
29 28
29 30
29 31
29 45
29 51
29 54
29 55
29 62
29 66
29 71
29 75
29 80
29 84
29 87
29 89
29 91
29 93
29 96
29 102
29 103
29 106
29 108
29 109
29 111
29 118
29 120
29 126
30 0
30 8
30 20
30 21
30 32
30 36
30 39
30 40
30 49
30 50
30 51
30 53
30 69
30 71
30 72
30 79
30 82
30 90
30 91
30 99
30 106
30 109
30 113
30 114
30 115
30 116
30 118
30 122
30 123
30 125
31 1
31 2
31 4
31 5
31 8
31 11
31 13
31 21
31 31
31 35
31 38
31 41
31 42
31 49
31 53
31 56
31 58
31 66
31 73
31 80
31 90
31 93
31 99
31 101
31 103
31 109
31 110
31 111
31 124
32 0
32 1
32 3
32 9
32 13
32 14
32 16
32 21
32 25
32 28
32 30
32 32
32 34
32 40
32 44
32 46
32 49
32 51
32 52
32 66
32 69
32 73
32 81
32 82
32 84
32 86
32 88
32 90
32 91
32 94
32 95
32 96
32 98
32 100
32 105
32 106
32 107
32 111
32 118
32 119
32 127
33 0
33 2
33 10
33 11
33 14
33 16
33 18
33 22
33 34
33 40
33 41
33 48
33 52
33 53
33 59
33 60
33 61
33 63
33 67
33 72
33 75
33 88
33 90
33 94
33 108
33 110
33 111
33 113
33 115
33 127
34 7
34 9
34 10
34 11
34 12
34 23
34 24
34 25
34 26
34 31
34 34
34 40
34 41
34 43
34 45
34 46
34 52
34 53
34 56
34 76
34 81
34 86
34 88
34 89
34 91
34 96
34 98
34 104
34 105
34 107
34 111
34 117
34 118
34 124
35 4
35 6
35 8
35 14
35 16
35 18
35 20
35 22
35 23
35 26
35 37
35 39
35 41
35 48
35 49
35 52
35 68
35 69
35 71
35 72
35 76
35 77
35 81
35 86
35 88
35 91
35 93
35 95
35 97
35 100
35 115
35 121
35 124
36 2
36 3
36 5
36 6
36 10
36 11
36 16
36 22
36 26
36 30
36 40
36 41
36 45
36 46
36 51
36 53
36 72
36 74
36 82
36 86
36 87
36 90
36 91
36 99
36 104
36 119
36 122
36 123
36 124
36 126
37 0
37 1
37 4
37 5
37 19
37 21
37 23
37 31
37 34
37 37
37 45
37 47
37 48
37 53
37 59
37 60
37 65
37 71
37 76
37 81
37 83
37 85
37 90
37 93
37 96
37 99
37 103
37 106
37 111
37 114
37 117
37 118
38 2
38 4
38 10
38 11
38 13
38 30
38 32
38 35
38 39
38 43
38 49
38 50
38 54
38 55
38 59
38 62
38 70
38 73
38 74
38 75
38 76
38 86
38 90
38 93
38 100
38 102
38 103
38 107
38 108
38 112
38 115
38 119
38 121
38 124
39 3
39 8
39 9
39 11
39 14
39 15
39 16
39 20
39 23
39 26
39 32
39 40
39 41
39 49
39 52
39 54
39 55
39 60
39 62
39 66
39 73
39 75
39 79
39 80
39 83
39 86
39 98
39 102
39 104
39 108
39 116
39 123
40 0
40 1
40 6
40 16
40 19
40 20
40 25
40 40
40 42
40 43
40 45
40 46
40 49
40 56
40 58
40 60
40 63
40 73
40 79
40 80
40 90
40 93
40 94
40 100
40 102
40 104
40 106
40 113
40 115
40 122
40 123
41 0
41 10
41 17
41 24
41 33
41 34
41 38
41 41
41 43
41 46
41 52
41 55
41 56
41 65
41 73
41 76
41 81
41 82
41 83
41 93
41 95
41 107
41 112
41 114
41 119
41 126
42 2
42 5
42 11
42 20
42 28
42 32
42 34
42 46
42 47
42 49
42 57
42 59
42 63
42 67
42 68
42 69
42 75
42 77
42 79
42 85
42 90
42 91
42 92
42 101
42 106
42 113
42 115
42 117
42 119
42 120
43 4
43 5
43 6
43 7
43 10
43 13
43 14
43 19
43 20
43 40
43 47
43 60
43 62
43 67
43 68
43 70
43 71
43 79
43 84
43 95
43 100
43 102
43 108
43 111
43 115
43 117
43 120
43 121
44 8
44 9
44 10
44 11
44 20
44 27
44 30
44 36
44 37
44 38
44 39
44 52
44 60
44 64
44 65
44 68
44 73
44 75
44 78
44 81
44 82
44 83
44 90
44 103
44 105
44 115
44 123
44 126
45 0
45 6
45 8
45 9
45 20
45 32
45 33
45 36
45 41
45 44
45 45
45 47
45 49
45 50
45 53
45 57
45 61
45 63
45 64
45 66
45 71
45 74
45 83
45 93
45 98
45 99
45 101
45 107
45 115
45 122
45 126
46 3
46 6
46 12
46 14
46 15
46 19
46 25
46 27
46 29
46 33
46 39
46 47
46 51
46 52
46 56
46 63
46 65
46 67
46 68
46 90
46 92
46 99
46 100
46 101
46 104
46 111
46 113
46 116
46 117
46 124
47 2
47 9
47 12
47 13
47 16
47 19
47 24
47 26
47 29
47 31
47 34
47 43
47 44
47 47
47 51
47 57
47 59
47 81
47 82
47 89
47 93
47 95
47 98
47 101
47 107
47 110
47 115
47 118
47 119
47 122
47 124
47 127
48 1
48 5
48 7
48 9
48 12
48 14
48 18
48 21
48 25
48 28
48 30
48 36
48 39
48 44
48 47
48 51
48 54
48 57
48 60
48 65
48 66
48 68
48 70
48 74
48 77
48 78
48 80
48 90
48 95
48 98
48 99
48 100
48 102
48 107
48 111
48 116
48 121
48 126
49 0
49 8
49 17
49 19
49 25
49 37
49 40
49 42
49 43
49 48
49 49
49 50
49 66
49 72
49 78
49 80
49 95
49 97
49 102
49 118
49 125
49 126
49 127
50 0
50 4
50 11
50 13
50 15
50 22
50 27
50 30
50 36
50 40
50 41
50 43
50 47
50 52
50 55
50 56
50 66
50 67
50 76
50 79
50 85
50 86
50 87
50 89
50 91
50 94
50 95
50 96
50 97
50 104
50 106
50 107
50 112
50 113
50 117
50 119
50 120
50 121
50 126
50 127
51 0
51 7
51 9
51 13
51 14
51 15
51 18
51 19
51 21
51 22
51 30
51 45
51 48
51 54
51 56
51 57
51 59
51 65
51 68
51 69
51 74
51 75
51 79
51 85
51 86
51 88
51 90
51 91
51 95
51 97
51 103
51 104
51 105
51 107
51 109
51 120
51 122
51 124
51 125
52 5
52 10
52 12
52 13
52 14
52 19
52 23
52 29
52 34
52 36
52 38
52 39
52 42
52 44
52 45
52 55
52 56
52 57
52 70
52 73
52 81
52 85
52 86
52 88
52 100
52 103
52 105
52 107
52 108
52 123
53 3
53 13
53 14
53 27
53 28
53 30
53 36
53 38
53 43
53 45
53 48
53 54
53 57
53 59
53 60
53 66
53 68
53 71
53 75
53 78
53 81
53 86
53 87
53 102
53 109
53 113
53 118
53 119
53 122
53 125
54 0
54 1
54 3
54 5
54 12
54 14
54 18
54 20
54 21
54 33
54 41
54 44
54 54
54 56
54 57
54 58
54 63
54 69
54 70
54 74
54 80
54 83
54 84
54 85
54 96
54 104
54 107
54 112
54 113
54 127
55 0
55 3
55 4
55 10
55 12
55 16
55 17
55 18
55 24
55 25
55 35
55 39
55 42
55 43
55 44
55 55
55 58
55 60
55 62
55 78
55 86
55 89
55 91
55 97
55 99
55 101
55 102
55 103
55 104
55 105
55 117
55 119
56 1
56 6
56 7
56 12
56 14
56 18
56 19
56 22
56 27
56 30
56 31
56 33
56 34
56 36
56 47
56 48
56 49
56 51
56 52
56 53
56 56
56 58
56 62
56 64
56 65
56 86
56 88
56 92
56 94
56 95
56 97
56 104
56 109
56 114
56 120
56 126
56 127
57 2
57 4
57 7
57 12
57 15
57 16
57 17
57 19
57 27
57 29
57 44
57 45
57 51
57 59
57 60
57 61
57 68
57 70
57 77
57 78
57 80
57 81
57 84
57 88
57 89
57 107
57 110
57 112
57 117
57 120
57 121
57 127
58 0
58 8
58 11
58 14
58 15
58 17
58 18
58 21
58 24
58 29
58 35
58 36
58 41
58 44
58 51
58 56
58 61
58 68
58 72
58 73
58 77
58 81
58 82
58 86
58 87
58 88
58 89
58 90
58 95
58 102
58 104
58 107
58 111
58 121
58 122
58 123
58 124
59 1
59 4
59 11
59 12
59 14
59 17
59 26
59 28
59 41
59 42
59 45
59 52
59 54
59 59
59 62
59 64
59 68
59 71
59 73
59 74
59 75
59 76
59 79
59 80
59 84
59 85
59 92
59 100
59 103
59 104
59 105
59 108
59 110
59 115
59 118
59 121
59 122
59 125
59 126
59 127
60 0
60 2
60 11
60 14
60 15
60 20
60 26
60 27
60 28
60 31
60 33
60 39
60 44
60 46
60 47
60 51
60 53
60 57
60 62
60 65
60 67
60 68
60 75
60 77
60 87
60 88
60 90
60 95
60 106
60 110
60 111
60 114
60 119
60 127
61 7
61 11
61 13
61 17
61 18
61 21
61 25
61 35
61 37
61 40
61 41
61 43
61 45
61 46
61 52
61 61
61 74
61 85
61 86
61 87
61 94
61 95
61 98
61 99
61 102
61 103
61 106
61 112
61 116
61 119
61 124
62 2
62 7
62 12
62 14
62 19
62 21
62 22
62 23
62 25
62 32
62 38
62 39
62 65
62 66
62 67
62 69
62 70
62 72
62 73
62 75
62 79
62 87
62 90
62 96
62 98
62 105
62 109
62 112
62 113
62 118
63 7
63 10
63 15
63 17
63 20
63 21
63 31
63 34
63 39
63 47
63 57
63 60
63 64
63 70
63 71
63 74
63 76
63 77
63 81
63 91
63 106
63 109
63 111
63 112
63 114
63 116
63 125
63 127
64 0
64 9
64 10
64 13
64 14
64 15
64 17
64 21
64 24
64 27
64 28
64 34
64 37
64 38
64 47
64 51
64 52
64 53
64 56
64 57
64 59
64 61
64 67
64 75
64 85
64 93
64 97
64 101
64 103
64 110
64 118
64 123
65 5
65 6
65 7
65 10
65 13
65 15
65 16
65 17
65 20
65 23
65 31
65 33
65 36
65 39
65 40
65 42
65 43
65 46
65 49
65 52
65 58
65 59
65 63
65 64
65 71
65 73
65 74
65 75
65 78
65 80
65 81
65 82
65 88
65 89
65 102
65 106
65 112
65 113
65 118
66 0
66 2
66 15
66 17
66 21
66 22
66 26
66 33
66 35
66 38
66 39
66 41
66 42
66 44
66 47
66 51
66 59
66 62
66 63
66 77
66 84
66 87
66 88
66 91
66 93
66 95
66 104
66 110
66 112
66 113
66 114
66 117
66 121
66 125
66 127
67 0
67 1
67 3
67 12
67 19
67 22
67 30
67 33
67 34
67 35
67 37
67 44
67 47
67 48
67 52
67 53
67 56
67 59
67 67
67 68
67 72
67 73
67 74
67 79
67 81
67 83
67 86
67 90
67 94
67 96
67 97
67 102
67 113
67 117
67 119
67 124
68 0
68 5
68 6
68 8
68 9
68 10
68 15
68 16
68 17
68 20
68 29
68 32
68 36
68 39
68 48
68 51
68 56
68 58
68 63
68 64
68 66
68 67
68 68
68 72
68 81
68 87
68 97
68 99
68 102
68 105
68 112
68 115
68 118
68 119
68 125
68 126
68 127
69 5
69 10
69 11
69 13
69 14
69 15
69 21
69 24
69 35
69 36
69 39
69 41
69 42
69 51
69 62
69 67
69 68
69 73
69 81
69 86
69 88
69 89
69 93
69 94
69 96
69 99
69 100
69 101
69 104
69 111
69 113
69 116
69 117
69 118
69 123
69 124
69 127
70 9
70 10
70 11
70 13
70 16
70 20
70 22
70 25
70 28
70 30
70 40
70 41
70 48
70 53
70 65
70 67
70 68
70 72
70 75
70 77
70 78
70 79
70 81
70 98
70 99
70 103
70 106
70 109
70 120
70 123
70 124
71 3
71 5
71 10
71 14
71 23
71 25
71 26
71 27
71 32
71 38
71 40
71 45
71 51
71 54
71 59
71 61
71 62
71 66
71 69
71 76
71 77
71 84
71 85
71 106
71 109
71 124
71 125
72 1
72 9
72 15
72 17
72 18
72 20
72 21
72 22
72 25
72 28
72 42
72 51
72 52
72 55
72 56
72 57
72 58
72 68
72 69
72 75
72 77
72 86
72 87
72 98
72 99
72 105
72 107
72 112
72 117
73 1
73 5
73 22
73 23
73 33
73 34
73 35
73 36
73 46
73 68
73 69
73 71
73 74
73 91
73 92
73 102
73 103
73 106
73 112
73 113
73 121
73 124
73 126
73 127
74 3
74 4
74 9
74 11
74 22
74 24
74 26
74 31
74 41
74 42
74 44
74 49
74 56
74 60
74 62
74 68
74 69
74 70
74 72
74 73
74 76
74 77
74 88
74 99
74 100
74 110
74 111
74 115
74 116
74 117
74 126
75 0
75 2
75 8
75 10
75 11
75 12
75 15
75 17
75 18
75 26
75 32
75 33
75 34
75 40
75 43
75 46
75 48
75 51
75 53
75 54
75 58
75 62
75 63
75 64
75 67
75 68
75 69
75 73
75 89
75 92
75 96
75 111
75 112
75 116
75 120
75 122
75 126
76 3
76 7
76 8
76 14
76 15
76 17
76 18
76 24
76 25
76 29
76 32
76 44
76 47
76 48
76 52
76 53
76 63
76 64
76 70
76 73
76 78
76 91
76 92
76 96
76 97
76 101
76 104
76 106
76 109
76 113
76 118
76 121
76 122
76 123
77 2
77 7
77 14
77 16
77 18
77 20
77 29
77 34
77 35
77 43
77 48
77 53
77 55
77 60
77 64
77 66
77 72
77 74
77 75
77 77
77 78
77 79
77 82
77 85
77 87
77 89
77 98
77 101
77 104
77 105
77 107
77 110
77 113
77 119
77 122
77 123
77 124
77 126
78 0
78 9
78 10
78 14
78 15
78 17
78 19
78 21
78 26
78 27
78 34
78 35
78 36
78 38
78 40
78 41
78 43
78 52
78 64
78 65
78 69
78 74
78 84
78 93
78 97
78 99
78 111
78 117
78 120
78 126
79 20
79 21
79 30
79 37
79 38
79 40
79 41
79 43
79 46
79 53
79 63
79 76
79 78
79 89
79 97
79 103
79 104
79 107
79 108
79 109
79 113
79 115
79 123
80 9
80 18
80 24
80 31
80 32
80 34
80 35
80 36
80 43
80 44
80 45
80 48
80 55
80 58
80 60
80 67
80 70
80 78
80 80
80 93
80 98
80 100
80 102
80 104
80 110
80 113
80 122
80 127
81 9
81 14
81 17
81 18
81 20
81 21
81 23
81 25
81 26
81 31
81 33
81 36
81 39
81 48
81 51
81 52
81 56
81 59
81 61
81 64
81 65
81 67
81 68
81 72
81 81
81 90
81 91
81 98
81 100
81 101
81 104
81 111
81 113
81 120
81 122
81 127
82 0
82 2
82 3
82 4
82 9
82 14
82 17
82 22
82 25
82 27
82 30
82 31
82 32
82 37
82 39
82 41
82 45
82 48
82 58
82 61
82 69
82 70
82 71
82 79
82 82
82 84
82 87
82 95
82 97
82 102
82 107
82 108
82 109
82 118
83 0
83 1
83 5
83 14
83 15
83 16
83 20
83 21
83 26
83 27
83 29
83 43
83 49
83 50
83 56
83 58
83 59
83 60
83 63
83 66
83 79
83 85
83 91
83 93
83 99
83 104
83 108
83 111
83 113
83 115
83 119
83 124
83 125
83 126
83 127
84 4
84 5
84 8
84 9
84 20
84 27
84 28
84 33
84 35
84 40
84 41
84 44
84 63
84 65
84 74
84 86
84 94
84 95
84 105
84 107
84 120
84 121
84 123
84 124
85 1
85 6
85 10
85 12
85 13
85 15
85 17
85 20
85 32
85 34
85 36
85 38
85 39
85 40
85 43
85 45
85 48
85 53
85 55
85 58
85 59
85 61
85 63
85 66
85 67
85 72
85 74
85 76
85 80
85 82
85 84
85 90
85 93
85 96
85 99
85 103
85 104
85 107
85 111
85 114
85 127
86 3
86 6
86 12
86 14
86 15
86 25
86 30
86 32
86 33
86 34
86 39
86 48
86 51
86 53
86 55
86 57
86 58
86 62
86 63
86 70
86 75
86 78
86 81
86 88
86 92
86 93
86 102
86 103
86 106
86 113
86 122
86 123
86 124
87 2
87 6
87 16
87 20
87 21
87 22
87 31
87 34
87 39
87 45
87 48
87 50
87 51
87 56
87 60
87 62
87 64
87 68
87 77
87 80
87 96
87 104
87 105
87 108
87 109
87 113
87 121
87 123
87 125
88 0
88 7
88 11
88 15
88 16
88 18
88 19
88 36
88 37
88 38
88 41
88 54
88 57
88 58
88 63
88 82
88 83
88 102
88 108
88 111
88 113
88 117
88 119
88 123
89 0
89 6
89 7
89 12
89 14
89 15
89 29
89 35
89 36
89 50
89 52
89 63
89 65
89 66
89 72
89 73
89 82
89 88
89 90
89 92
89 93
89 98
89 102
89 104
89 109
89 111
89 112
89 122
90 3
90 6
90 8
90 9
90 12
90 19
90 22
90 25
90 30
90 37
90 56
90 58
90 65
90 69
90 70
90 75
90 79
90 82
90 84
90 87
90 89
90 94
90 100
90 105
90 106
90 107
90 109
90 115
90 125
91 5
91 12
91 13
91 20
91 24
91 27
91 28
91 31
91 34
91 40
91 42
91 44
91 48
91 50
91 51
91 53
91 67
91 68
91 72
91 78
91 83
91 85
91 87
91 94
91 97
91 104
91 112
91 114
91 121
91 123
91 124
92 1
92 6
92 7
92 11
92 22
92 30
92 33
92 37
92 41
92 48
92 50
92 52
92 59
92 61
92 62
92 63
92 67
92 73
92 76
92 77
92 78
92 84
92 88
92 90
92 97
92 100
92 102
92 105
92 108
92 109
92 111
92 119
92 123
93 8
93 13
93 14
93 18
93 25
93 28
93 29
93 35
93 40
93 43
93 45
93 68
93 73
93 78
93 81
93 82
93 83
93 87
93 89
93 90
93 91
93 92
93 106
93 108
93 113
93 117
93 118
93 120
93 121
93 122
94 0
94 4
94 12
94 14
94 17
94 18
94 25
94 30
94 41
94 44
94 45
94 51
94 53
94 57
94 60
94 61
94 62
94 65
94 66
94 73
94 77
94 83
94 90
94 94
94 95
94 107
94 113
94 120
94 123
94 124
94 125
95 12
95 17
95 22
95 29
95 33
95 35
95 37
95 44
95 46
95 48
95 51
95 58
95 60
95 62
95 63
95 66
95 80
95 81
95 83
95 84
95 86
95 88
95 93
95 94
95 95
95 98
95 99
95 105
95 110
95 111
95 116
95 119
95 124
96 0
96 9
96 12
96 15
96 17
96 23
96 30
96 32
96 33
96 34
96 37
96 38
96 41
96 44
96 45
96 48
96 54
96 55
96 73
96 74
96 75
96 82
96 84
96 89
96 99
96 109
96 110
96 111
96 118
96 120
96 124
96 125
96 127
97 1
97 7
97 8
97 11
97 15
97 19
97 22
97 23
97 27
97 31
97 43
97 48
97 50
97 60
97 68
97 71
97 77
97 78
97 80
97 81
97 85
97 87
97 92
97 97
97 100
97 102
97 103
97 108
97 110
97 114
97 115
97 120
98 0
98 1
98 2
98 3
98 5
98 6
98 12
98 13
98 16
98 17
98 25
98 26
98 29
98 35
98 41
98 42
98 43
98 45
98 54
98 57
98 61
98 64
98 66
98 70
98 71
98 85
98 86
98 92
98 102
98 106
98 110
98 111
98 113
98 114
98 115
98 123
98 124
99 0
99 2
99 4
99 6
99 12
99 17
99 23
99 26
99 28
99 30
99 39
99 50
99 54
99 56
99 58
99 63
99 72
99 87
99 88
99 89
99 92
99 93
99 95
99 97
99 103
99 112
99 118
99 123
100 6
100 8
100 17
100 18
100 20
100 25
100 31
100 39
100 44
100 45
100 48
100 51
100 52
100 57
100 59
100 60
100 63
100 64
100 68
100 70
100 71
100 76
100 77
100 84
100 85
100 86
100 94
100 95
100 97
100 104
100 105
100 107
100 115
100 116
100 117
100 119
100 126
101 5
101 6
101 10
101 16
101 23
101 28
101 35
101 36
101 39
101 45
101 49
101 50
101 52
101 54
101 60
101 65
101 78
101 80
101 84
101 85
101 87
101 91
101 94
101 98
101 99
101 102
101 103
101 109
101 112
101 115
101 117
101 118
101 119
101 123
101 125
101 127
102 3
102 4
102 8
102 12
102 13
102 20
102 26
102 31
102 34
102 35
102 42
102 49
102 55
102 57
102 58
102 59
102 63
102 67
102 91
102 95
102 109
102 110
102 111
102 125
103 3
103 6
103 7
103 8
103 10
103 18
103 21
103 23
103 27
103 29
103 35
103 36
103 40
103 41
103 45
103 52
103 60
103 62
103 68
103 71
103 76
103 80
103 88
103 93
103 97
103 100
103 102
103 107
103 117
103 118
103 120
103 121
103 123
104 0
104 2
104 5
104 9
104 12
104 17
104 30
104 31
104 34
104 35
104 36
104 38
104 42
104 43
104 46
104 51
104 52
104 53
104 55
104 56
104 61
104 64
104 65
104 67
104 70
104 73
104 74
104 76
104 78
104 80
104 83
104 85
104 86
104 87
104 90
104 100
104 101
104 102
104 106
104 110
104 116
104 120
104 123
104 127
105 1
105 6
105 9
105 17
105 18
105 21
105 26
105 30
105 31
105 35
105 39
105 41
105 45
105 47
105 49
105 51
105 54
105 62
105 64
105 68
105 75
105 76
105 81
105 82
105 83
105 86
105 87
105 89
105 90
105 95
105 100
105 120
105 121
105 123
105 124
106 3
106 4
106 5
106 8
106 9
106 10
106 11
106 20
106 34
106 46
106 49
106 50
106 53
106 59
106 63
106 65
106 66
106 75
106 83
106 84
106 86
106 89
106 95
106 98
106 100
106 103
106 111
106 112
106 115
106 120
106 123
106 125
107 4
107 11
107 12
107 17
107 20
107 22
107 26
107 27
107 31
107 36
107 38
107 39
107 40
107 44
107 45
107 54
107 59
107 65
107 67
107 68
107 72
107 75
107 78
107 79
107 87
107 91
107 97
107 99
107 106
107 107
107 108
107 114
107 119
107 122
107 126
108 0
108 15
108 21
108 22
108 26
108 29
108 32
108 33
108 40
108 50
108 52
108 56
108 57
108 66
108 70
108 75
108 80
108 85
108 87
108 88
108 89
108 94
108 107
108 112
108 114
108 117
108 122
108 123
108 126
109 12
109 14
109 16
109 22
109 29
109 37
109 38
109 39
109 47
109 54
109 61
109 65
109 68
109 74
109 81
109 96
109 103
109 105
109 106
109 112
109 116
109 126
110 2
110 8
110 9
110 10
110 11
110 12
110 21
110 24
110 29
110 33
110 36
110 52
110 57
110 60
110 66
110 67
110 70
110 79
110 81
110 85
110 90
110 95
110 106
110 114
110 118
110 123
110 124
110 127
111 4
111 8
111 9
111 15
111 19
111 21
111 26
111 31
111 33
111 34
111 35
111 41
111 47
111 52
111 53
111 66
111 70
111 73
111 77
111 78
111 79
111 83
111 86
111 89
111 95
111 97
111 102
111 105
111 117
111 127
112 3
112 6
112 8
112 16
112 18
112 31
112 36
112 40
112 47
112 48
112 49
112 52
112 56
112 61
112 70
112 74
112 75
112 86
112 87
112 89
112 90
112 92
112 93
112 97
112 124
112 126
113 1
113 5
113 6
113 20
113 25
113 34
113 41
113 42
113 45
113 47
113 55
113 56
113 60
113 62
113 67
113 70
113 80
113 82
113 84
113 85
113 90
113 93
113 96
113 100
113 101
113 105
113 111
113 112
113 122
113 123
113 126
113 127
114 2
114 3
114 7
114 9
114 14
114 16
114 17
114 24
114 30
114 36
114 38
114 41
114 48
114 51
114 52
114 56
114 60
114 62
114 72
114 73
114 74
114 77
114 79
114 83
114 90
114 92
114 95
114 100
114 105
114 108
114 113
114 120
115 7
115 11
115 21
115 24
115 27
115 28
115 29
115 33
115 34
115 35
115 40
115 41
115 42
115 45
115 46
115 48
115 49
115 72
115 80
115 81
115 86
115 90
115 92
115 94
115 96
115 99
115 101
115 106
115 108
115 111
115 113
115 116
115 117
115 119
115 122
115 123
115 125
116 9
116 12
116 15
116 19
116 21
116 27
116 29
116 30
116 31
116 35
116 38
116 39
116 41
116 44
116 49
116 50
116 51
116 53
116 54
116 57
116 59
116 64
116 66
116 72
116 74
116 79
116 80
116 85
116 95
116 96
116 97
116 107
116 115
116 123
116 124
117 3
117 7
117 10
117 12
117 13
117 20
117 21
117 25
117 27
117 34
117 49
117 50
117 54
117 58
117 67
117 68
117 80
117 96
117 97
117 103
117 104
117 106
117 107
117 113
117 115
117 116
117 119
117 120
117 126
118 0
118 15
118 20
118 21
118 23
118 26
118 27
118 34
118 36
118 44
118 47
118 50
118 54
118 59
118 64
118 65
118 69
118 73
118 77
118 86
118 90
118 96
118 98
118 115
118 116
118 120
118 123
119 2
119 5
119 6
119 11
119 13
119 19
119 20
119 26
119 31
119 32
119 48
119 56
119 58
119 68
119 69
119 73
119 83
119 92
119 98
119 101
119 104
119 105
119 109
119 110
119 112
119 114
119 117
119 118
119 120
119 122
119 123
119 125
120 0
120 4
120 9
120 13
120 17
120 20
120 34
120 45
120 54
120 59
120 61
120 66
120 69
120 70
120 71
120 74
120 76
120 77
120 78
120 79
120 81
120 82
120 88
120 93
120 108
120 115
120 116
120 117
120 126
120 127
121 0
121 2
121 5
121 6
121 7
121 12
121 16
121 21
121 23
121 26
121 28
121 35
121 38
121 41
121 52
121 54
121 64
121 73
121 76
121 81
121 86
121 96
121 100
121 101
121 102
121 103
121 107
121 108
121 109
121 113
121 116
121 117
121 126
121 127
122 1
122 2
122 5
122 9
122 11
122 14
122 16
122 20
122 25
122 28
122 30
122 34
122 36
122 37
122 39
122 41
122 46
122 47
122 53
122 54
122 56
122 58
122 59
122 60
122 61
122 62
122 75
122 94
122 96
122 97
122 104
122 109
122 111
122 115
122 118
122 122
122 126
123 2
123 4
123 6
123 7
123 9
123 10
123 13
123 14
123 20
123 21
123 22
123 23
123 25
123 27
123 30
123 32
123 41
123 43
123 51
123 52
123 53
123 54
123 57
123 58
123 59
123 65
123 67
123 68
123 77
123 81
123 82
123 84
123 97
123 105
123 112
123 115
123 120
123 127
124 10
124 11
124 16
124 31
124 38
124 39
124 44
124 46
124 49
124 50
124 53
124 56
124 58
124 59
124 61
124 62
124 63
124 72
124 74
124 80
124 92
124 96
124 100
124 109
124 110
124 112
124 115
124 123
124 125
124 126
124 127
125 2
125 4
125 5
125 9
125 16
125 18
125 26
125 27
125 28
125 31
125 33
125 44
125 50
125 57
125 59
125 61
125 64
125 65
125 76
125 83
125 92
125 94
125 95
125 96
125 101
125 104
125 105
125 107
125 108
125 112
125 114
125 118
125 119
125 127
126 0
126 2
126 10
126 16
126 17
126 29
126 30
126 32
126 33
126 39
126 42
126 44
126 47
126 54
126 57
126 72
126 84
126 85
126 86
126 89
126 97
126 99
126 111
126 113
127 0
127 8
127 9
127 10
127 11
127 21
127 26
127 31
127 32
127 33
127 45
127 47
127 50
127 51
127 52
127 59
127 64
127 70
127 78
127 79
127 86
127 87
127 95
127 98
127 102
127 111
127 112
127 117
127 118
