0 11
0 13
0 27
0 54
0 92
0 97
1 67
1 93
1 102
1 113
1 125
2 30
2 65
2 69
2 78
2 80
2 90
2 99
2 121
3 21
3 22
3 41
3 42
3 52
3 94
3 122
3 127
4 18
4 36
4 49
4 56
4 64
4 101
5 22
5 48
5 67
5 84
5 85
5 95
5 107
5 117
5 119
6 15
6 44
6 59
6 70
6 81
6 102
6 103
6 104
6 115
7 22
7 23
7 40
7 52
7 55
7 73
7 84
7 89
7 96
7 124
7 125
8 7
8 15
8 31
8 118
8 121
9 3
9 6
9 10
9 24
9 41
9 50
9 77
9 98
10 28
10 44
10 56
10 90
10 103
11 16
11 53
11 58
12 9
12 11
12 12
12 48
12 71
13 1
13 24
13 25
13 50
13 71
13 75
13 96
13 117
14 0
14 4
14 9
14 27
14 34
14 41
14 60
14 82
14 87
14 115
14 118
15 40
15 52
15 53
15 90
15 110
16 3
16 45
16 69
16 74
16 82
16 86
16 98
16 101
16 107
16 122
17 3
17 16
17 23
17 28
17 31
17 51
17 69
17 78
17 86
18 1
18 10
18 65
18 78
18 88
18 110
18 112
19 22
19 23
19 58
19 65
19 80
19 81
19 84
19 86
19 87
19 107
20 31
20 57
20 74
20 79
20 80
20 81
20 91
20 107
20 117
20 120
20 125
21 14
21 24
21 35
21 41
21 58
21 64
21 74
21 88
21 101
22 12
22 37
22 47
22 51
22 55
22 66
22 69
22 77
22 121
22 122
23 2
23 4
23 10
23 16
23 39
23 45
23 82
23 84
23 85
23 86
24 38
24 39
24 82
24 83
24 91
24 111
25 21
25 23
25 41
25 60
26 15
26 22
26 38
26 48
26 57
26 58
26 94
26 99
26 102
26 105
26 109
26 119
27 13
27 27
27 57
27 62
27 63
27 113
27 121
28 7
28 28
28 34
28 61
28 70
28 104
29 16
29 19
29 25
29 50
29 51
29 64
29 69
29 94
29 107
29 127
30 0
30 21
30 37
30 45
30 52
30 55
30 56
30 58
30 64
30 81
30 84
30 95
31 4
31 7
31 17
31 20
31 24
31 34
31 42
31 63
31 69
31 80
31 82
31 96
31 116
31 124
32 6
32 14
32 17
32 59
32 70
32 97
32 100
32 106
33 17
33 31
33 35
33 41
33 72
33 76
33 113
33 122
34 11
34 29
34 40
34 55
34 69
34 91
34 99
34 102
34 104
35 5
35 17
35 76
35 97
36 19
36 20
36 26
36 37
36 47
36 63
36 73
36 76
36 102
36 117
36 126
37 1
37 5
37 14
37 20
37 64
37 67
37 88
37 92
37 98
37 108
37 120
38 30
38 54
38 65
38 94
39 8
39 12
39 16
39 18
39 20
39 34
39 53
39 57
39 83
40 22
40 25
40 47
40 48
40 53
40 87
40 91
40 93
41 9
41 21
41 35
41 59
41 63
41 107
42 5
42 43
42 58
42 70
42 90
43 5
43 17
43 34
43 39
43 93
43 110
44 2
44 9
44 31
44 37
44 60
44 73
44 96
44 122
45 3
45 48
45 63
45 88
45 96
45 107
46 2
46 20
46 72
46 77
46 96
46 108
47 23
47 43
47 48
47 54
47 60
47 68
47 102
48 14
48 33
48 49
48 60
48 72
48 82
48 91
48 108
48 119
49 4
49 5
49 6
49 27
49 38
49 44
49 54
49 55
49 66
49 82
49 102
49 103
49 117
50 7
50 56
50 67
50 69
50 75
50 83
50 93
51 17
51 22
51 97
52 9
52 12
52 13
52 15
52 24
52 25
52 37
52 42
52 62
52 73
52 104
52 123
53 76
53 93
53 119
54 15
54 24
54 36
54 47
54 67
54 92
54 111
55 13
55 82
55 125
56 15
56 23
56 60
56 62
56 65
56 72
56 80
56 103
56 111
56 124
57 3
57 64
57 72
57 94
57 103
57 119
58 0
58 2
58 74
58 81
58 91
58 116
58 125
59 36
59 46
59 49
59 55
59 77
59 84
59 88
59 103
59 109
59 112
59 120
59 125
60 1
60 11
60 12
60 17
60 43
60 75
60 95
60 96
60 127
61 0
61 18
61 20
61 31
61 39
61 43
61 81
61 87
61 95
61 100
61 113
61 126
62 6
62 29
62 31
62 51
62 52
62 121
63 33
63 50
63 82
63 86
63 88
64 1
64 12
64 17
64 20
64 38
64 45
64 55
64 72
64 74
64 99
64 118
65 33
65 38
65 41
65 43
65 52
65 53
65 105
65 119
66 28
66 42
66 51
66 71
66 92
66 110
66 111
67 0
67 32
67 70
67 77
67 78
67 102
67 106
67 113
67 125
68 16
68 20
68 29
68 53
68 64
68 72
69 13
69 23
69 36
69 90
69 94
69 125
70 22
70 42
70 44
70 86
70 87
71 11
71 13
71 19
71 56
72 19
72 40
72 50
72 54
72 58
72 67
72 68
72 70
72 71
72 83
72 87
72 99
72 117
72 118
73 3
73 9
73 43
73 61
73 62
73 73
73 108
74 5
74 15
74 101
75 2
75 8
75 10
75 37
75 77
75 85
75 107
75 113
75 125
76 33
76 65
76 71
76 85
76 99
76 120
76 122
77 9
77 80
77 84
77 92
77 102
77 112
77 117
78 10
78 37
78 67
78 82
78 84
78 96
78 97
78 101
78 106
78 109
78 121
79 28
79 40
79 52
79 53
79 95
79 110
79 122
80 2
80 3
80 41
80 43
80 64
80 67
80 71
80 78
80 86
80 106
80 117
80 118
80 123
81 23
81 32
81 59
81 61
81 63
81 74
81 80
81 121
82 10
82 15
82 20
82 27
82 41
82 42
82 73
82 89
83 8
83 15
83 66
83 69
83 97
83 115
84 2
84 9
84 20
84 21
84 24
84 33
84 57
84 58
84 92
84 113
84 115
85 18
85 36
85 72
85 79
85 80
85 87
85 119
86 51
86 75
86 85
86 92
87 74
87 85
87 87
87 122
88 25
88 29
88 37
88 39
88 65
88 71
88 92
88 103
88 108
88 110
89 34
89 57
89 59
89 70
90 6
90 9
90 20
90 22
90 81
90 98
90 103
90 110
90 113
91 2
91 5
91 16
91 55
91 63
91 76
91 97
92 10
92 15
92 45
92 46
92 56
92 70
92 117
92 119
93 2
93 10
93 54
93 58
93 80
93 99
93 101
93 105
93 106
93 113
94 15
94 18
94 26
94 39
94 47
94 85
94 92
94 97
94 108
94 113
95 42
95 58
96 42
96 52
96 53
96 54
96 58
96 70
96 112
96 116
97 16
97 43
97 69
97 100
97 104
97 112
98 3
98 8
98 12
98 16
98 35
98 69
98 107
98 123
99 29
99 57
99 74
99 75
100 3
100 13
100 19
100 59
100 76
100 77
100 92
100 105
101 35
101 39
101 54
101 66
101 79
102 73
102 79
102 96
103 11
103 20
103 44
103 69
103 104
103 116
103 121
104 8
104 22
104 28
104 30
104 49
104 69
104 101
104 121
104 126
105 16
105 20
105 46
105 56
105 64
105 70
105 81
105 83
105 87
105 123
105 124
105 127
106 19
106 25
106 27
106 66
106 81
106 95
106 97
106 102
106 121
107 10
107 51
107 58
107 115
108 32
108 33
108 61
108 79
108 90
108 105
108 111
108 120
109 1
109 32
109 35
109 56
109 74
109 86
109 106
109 127
110 14
110 40
110 64
110 73
110 85
110 91
110 106
110 108
110 114
110 122
110 127
111 15
111 22
111 47
111 66
111 84
111 86
111 94
111 124
112 55
112 58
112 73
112 76
112 79
112 97
112 102
112 121
112 123
113 0
113 1
113 15
113 28
113 31
113 45
113 47
113 50
113 62
113 93
113 105
113 111
113 112
113 116
113 118
114 7
114 19
114 25
114 50
114 59
114 63
114 65
114 73
114 78
114 79
114 117
115 0
115 5
115 15
115 16
115 32
115 44
115 48
115 107
115 109
116 25
116 27
116 77
116 93
116 96
116 98
116 112
116 120
117 65
117 72
117 81
117 105
118 14
118 43
118 83
118 92
118 99
118 117
118 121
119 2
119 14
119 16
119 19
119 22
119 30
119 34
119 52
119 92
119 99
119 119
120 10
120 19
120 28
120 43
120 51
120 52
120 70
120 93
120 99
120 111
120 116
120 120
121 13
121 32
121 47
121 49
121 51
121 53
121 70
121 103
121 108
121 123
122 32
122 47
122 58
122 74
122 75
122 80
123 1
123 8
123 13
123 27
123 53
123 62
123 63
123 95
123 114
124 4
124 14
124 36
124 77
124 96
124 97
125 12
125 17
125 24
125 35
125 37
125 49
125 71
125 83
125 99
125 117
126 4
126 39
126 66
126 82
126 123
127 7
127 30
127 40
127 46
127 68
127 71
127 98
127 99
127 122
