0 4
0 6
0 11
0 26
0 37
0 44
0 55
0 59
0 62
0 79
0 81
0 82
0 83
0 85
0 86
0 91
0 93
0 96
0 110
0 114
0 117
0 118
0 123
1 7
1 11
1 12
1 16
1 25
1 35
1 40
1 48
1 53
1 55
1 57
1 63
1 64
1 65
1 66
1 67
1 70
1 72
1 77
1 90
1 102
1 107
1 111
2 15
2 16
2 23
2 34
2 35
2 36
2 41
2 43
2 45
2 51
2 55
2 56
2 64
2 66
2 78
2 84
2 91
2 92
2 101
2 119
2 120
2 125
2 126
3 5
3 6
3 9
3 10
3 12
3 14
3 15
3 18
3 23
3 26
3 33
3 34
3 35
3 39
3 40
3 47
3 48
3 50
3 51
3 52
3 68
3 83
3 84
3 93
3 95
3 98
3 104
3 109
3 111
3 113
3 114
3 116
3 124
4 11
4 14
4 17
4 20
4 23
4 26
4 46
4 50
4 53
4 60
4 66
4 81
4 84
4 86
4 88
4 90
4 94
4 95
4 97
4 101
4 115
5 12
5 17
5 26
5 32
5 33
5 41
5 42
5 43
5 44
5 50
5 56
5 63
5 67
5 70
5 85
5 87
5 89
5 92
5 96
5 97
5 101
5 103
5 107
5 109
5 116
6 7
6 10
6 13
6 25
6 35
6 37
6 44
6 51
6 56
6 65
6 74
6 77
6 86
6 93
6 94
6 96
6 98
6 102
6 103
6 104
6 115
6 116
6 123
6 126
7 1
7 6
7 15
7 16
7 17
7 19
7 30
7 33
7 37
7 42
7 45
7 48
7 51
7 57
7 58
7 67
7 75
7 85
7 88
7 99
7 102
7 115
7 116
7 119
7 126
8 7
8 11
8 12
8 28
8 31
8 33
8 37
8 45
8 51
8 54
8 56
8 59
8 63
8 66
8 67
8 69
8 71
8 72
8 74
8 79
8 87
8 91
8 92
8 94
8 105
8 106
8 107
8 112
8 119
8 126
8 127
9 14
9 20
9 28
9 30
9 32
9 35
9 42
9 44
9 49
9 52
9 56
9 68
9 72
9 76
9 78
9 80
9 82
9 85
9 87
9 94
9 95
9 97
9 107
9 108
9 113
9 116
9 126
10 0
10 1
10 9
10 10
10 12
10 17
10 19
10 33
10 34
10 35
10 37
10 40
10 41
10 48
10 52
10 55
10 56
10 66
10 71
10 75
10 80
10 84
10 94
10 95
10 96
10 98
10 111
10 121
10 126
10 127
11 8
11 9
11 12
11 13
11 21
11 23
11 38
11 50
11 60
11 64
11 65
11 68
11 84
11 88
11 91
11 93
11 95
11 98
11 105
11 109
11 114
11 124
11 125
11 126
12 3
12 7
12 8
12 9
12 16
12 26
12 43
12 44
12 45
12 46
12 51
12 68
12 69
12 73
12 83
12 90
12 91
12 99
12 112
12 115
12 118
12 119
12 123
12 124
13 6
13 12
13 22
13 25
13 26
13 27
13 33
13 34
13 38
13 39
13 40
13 43
13 44
13 49
13 52
13 58
13 59
13 60
13 65
13 73
13 76
13 79
13 89
13 92
13 95
13 101
13 104
13 107
13 114
13 123
14 19
14 20
14 26
14 41
14 46
14 58
14 60
14 63
14 64
14 72
14 77
14 87
14 92
14 96
14 98
14 107
14 108
14 111
14 112
14 115
14 118
14 119
15 0
15 1
15 7
15 16
15 38
15 48
15 54
15 56
15 57
15 58
15 63
15 68
15 70
15 73
15 89
15 91
15 98
15 104
15 105
15 106
15 107
15 116
15 119
15 123
16 0
16 1
16 3
16 7
16 19
16 25
16 35
16 36
16 40
16 44
16 50
16 53
16 54
16 58
16 59
16 60
16 70
16 79
16 90
16 94
16 98
16 99
16 102
16 105
16 110
16 113
17 7
17 11
17 17
17 18
17 31
17 33
17 39
17 53
17 55
17 56
17 62
17 65
17 66
17 67
17 73
17 74
17 81
17 84
17 85
17 86
17 96
17 97
17 108
17 110
17 115
17 121
18 2
18 11
18 13
18 16
18 21
18 26
18 28
18 30
18 38
18 39
18 40
18 48
18 52
18 60
18 64
18 71
18 73
18 79
18 80
18 81
18 83
18 89
18 96
18 101
18 111
18 116
18 117
18 122
18 124
19 2
19 6
19 8
19 16
19 17
19 25
19 26
19 27
19 28
19 29
19 32
19 34
19 40
19 46
19 49
19 79
19 87
19 95
19 97
19 99
19 101
19 102
19 111
19 123
20 3
20 4
20 5
20 7
20 8
20 9
20 16
20 20
20 22
20 25
20 28
20 30
20 31
20 35
20 39
20 41
20 45
20 50
20 56
20 59
20 67
20 68
20 74
20 86
20 89
20 98
20 101
20 120
20 124
20 126
21 1
21 8
21 9
21 12
21 21
21 22
21 26
21 30
21 34
21 41
21 43
21 51
21 55
21 58
21 65
21 69
21 77
21 78
21 82
21 85
21 90
21 106
21 108
21 110
21 115
21 116
21 118
21 119
21 120
21 127
22 2
22 4
22 8
22 9
22 18
22 31
22 36
22 37
22 41
22 45
22 46
22 55
22 71
22 72
22 88
22 94
22 104
22 106
22 113
22 115
22 120
22 123
22 125
23 2
23 4
23 7
23 11
23 14
23 15
23 24
23 34
23 35
23 37
23 38
23 42
23 45
23 50
23 68
23 69
23 70
23 76
23 78
23 81
23 91
23 93
23 98
23 112
23 115
23 127
24 4
24 9
24 12
24 17
24 23
24 24
24 25
24 30
24 31
24 35
24 37
24 52
24 53
24 56
24 57
24 58
24 71
24 75
24 82
24 84
24 86
24 88
24 89
24 98
24 100
24 102
24 112
24 115
24 120
25 0
25 1
25 5
25 8
25 19
25 21
25 22
25 27
25 40
25 46
25 50
25 58
25 59
25 60
25 79
25 81
25 91
25 93
25 94
25 96
25 97
25 98
25 107
25 114
25 118
25 127
26 2
26 6
26 11
26 14
26 15
26 20
26 34
26 36
26 45
26 46
26 49
26 50
26 53
26 59
26 66
26 69
26 72
26 75
26 86
26 98
26 103
26 116
26 119
26 122
26 124
26 126
26 127
27 1
27 2
27 5
27 6
27 7
27 8
27 16
27 17
27 20
27 22
27 28
27 31
27 39
27 53
27 58
27 64
27 65
27 67
27 69
27 72
27 77
27 90
27 100
27 101
27 107
27 108
27 110
27 116
27 122
27 123
27 126
28 0
28 4
28 19
28 21
28 23
28 26
28 27
28 44
28 51
28 52
28 56
28 60
28 63
28 78
28 79
28 85
28 88
28 91
28 93
28 94
28 95
28 98
28 104
28 118
28 124
29 1
29 3
29 7
29 11
29 27
29 33
29 39
29 42
29 44
29 45
29 50
29 52
29 55
29 62
29 63
29 72
29 73
29 74
29 75
29 77
29 80
29 83
29 90
29 95
29 97
29 102
29 110
29 121
29 124
30 7
30 11
30 16
30 25
30 28
30 33
30 34
30 42
30 43
30 46
30 48
30 50
30 56
30 57
30 62
30 65
30 67
30 75
30 80
30 85
30 89
30 95
30 117
30 118
30 119
30 120
30 122
30 126
31 0
31 7
31 9
31 20
31 27
31 33
31 43
31 46
31 49
31 67
31 68
31 70
31 80
31 86
31 91
31 98
31 100
31 106
31 111
31 115
31 117
31 125
32 1
32 5
32 8
32 14
32 18
32 19
32 42
32 49
32 50
32 52
32 55
32 62
32 64
32 71
32 72
32 74
32 76
32 77
32 85
32 100
32 110
32 113
33 0
33 6
33 18
33 33
33 38
33 40
33 41
33 42
33 43
33 46
33 54
33 55
33 62
33 64
33 74
33 87
33 96
33 105
33 110
33 121
34 0
34 14
34 16
34 21
34 26
34 28
34 34
34 35
34 37
34 47
34 50
34 57
34 58
34 60
34 61
34 62
34 63
34 84
34 97
34 101
34 104
34 118
35 5
35 15
35 18
35 20
35 30
35 31
35 36
35 41
35 43
35 44
35 47
35 66
35 78
35 85
35 88
35 92
35 115
35 117
36 4
36 12
36 14
36 16
36 19
36 20
36 28
36 33
36 41
36 55
36 62
36 67
36 74
36 78
36 79
36 93
36 95
36 97
36 107
36 109
36 111
36 116
36 118
36 127
37 0
37 4
37 9
37 16
37 18
37 19
37 24
37 38
37 40
37 46
37 57
37 62
37 64
37 73
37 76
37 79
37 80
37 82
37 84
37 92
37 93
37 100
37 110
38 5
38 14
38 17
38 21
38 24
38 29
38 31
38 35
38 46
38 47
38 59
38 66
38 67
38 70
38 73
38 79
38 81
38 82
38 83
38 93
38 98
38 99
38 100
38 101
38 102
38 105
38 106
38 108
38 121
38 125
39 2
39 7
39 14
39 25
39 28
39 35
39 42
39 43
39 46
39 53
39 56
39 57
39 72
39 75
39 76
39 83
39 84
39 86
39 88
39 91
39 97
40 1
40 11
40 15
40 18
40 20
40 25
40 26
40 28
40 29
40 46
40 51
40 70
40 72
40 73
40 74
40 75
40 80
40 87
40 89
40 92
40 93
40 94
40 96
40 99
40 107
40 108
40 110
40 120
40 122
40 125
40 127
41 1
41 10
41 17
41 21
41 23
41 31
41 43
41 46
41 51
41 52
41 54
41 64
41 71
41 72
41 74
41 77
41 88
41 89
41 91
41 94
41 99
41 100
41 104
41 110
41 113
41 116
41 120
42 0
42 10
42 13
42 17
42 18
42 19
42 20
42 31
42 40
42 55
42 58
42 60
42 69
42 73
42 74
42 87
42 91
42 93
42 98
42 99
42 102
42 103
42 105
43 3
43 6
43 10
43 16
43 26
43 28
43 36
43 41
43 46
43 59
43 70
43 80
43 83
43 87
43 88
43 92
43 95
43 101
43 106
43 107
43 112
43 113
43 117
43 121
43 126
44 4
44 14
44 18
44 23
44 29
44 30
44 33
44 34
44 40
44 41
44 52
44 65
44 78
44 84
44 85
44 88
44 94
44 95
44 107
44 113
44 115
44 116
45 5
45 8
45 13
45 19
45 20
45 23
45 24
45 39
45 42
45 44
45 49
45 56
45 59
45 68
45 71
45 72
45 78
45 92
45 93
45 103
45 112
45 116
45 119
46 1
46 2
46 10
46 12
46 17
46 19
46 22
46 25
46 30
46 31
46 34
46 40
46 44
46 56
46 57
46 59
46 63
46 66
46 73
46 77
46 84
46 88
46 99
46 109
47 0
47 4
47 8
47 14
47 15
47 18
47 19
47 23
47 24
47 34
47 36
47 38
47 40
47 49
47 50
47 51
47 62
47 72
47 73
47 77
47 91
47 102
47 108
47 111
47 119
47 122
48 10
48 18
48 22
48 38
48 42
48 51
48 53
48 55
48 61
48 77
48 81
48 86
48 89
48 93
48 99
48 102
48 105
48 114
48 116
48 120
48 126
48 127
49 4
49 5
49 10
49 14
49 35
49 37
49 44
49 50
49 58
49 61
49 63
49 67
49 82
49 83
49 96
49 101
49 105
50 10
50 14
50 18
50 19
50 31
50 33
50 41
50 42
50 43
50 44
50 46
50 50
50 51
50 53
50 58
50 60
50 68
50 76
50 79
50 96
50 102
50 104
50 107
50 110
50 113
50 124
50 125
50 127
51 2
51 5
51 13
51 21
51 23
51 26
51 30
51 36
51 38
51 41
51 45
51 67
51 79
51 82
51 90
51 93
51 96
51 109
51 110
51 111
51 113
51 114
51 118
51 122
51 125
52 0
52 1
52 3
52 9
52 11
52 12
52 15
52 21
52 27
52 34
52 36
52 39
52 45
52 51
52 59
52 63
52 79
52 86
52 89
52 91
52 97
52 103
52 107
52 108
52 110
52 111
52 114
52 120
52 122
52 125
53 3
53 8
53 11
53 12
53 13
53 16
53 19
53 21
53 28
53 33
53 34
53 39
53 43
53 45
53 47
53 60
53 65
53 67
53 71
53 72
53 78
53 80
53 89
53 104
53 115
53 118
53 122
53 123
53 124
54 8
54 25
54 35
54 40
54 45
54 53
54 54
54 55
54 57
54 64
54 65
54 67
54 68
54 73
54 76
54 80
54 83
54 104
54 114
54 120
54 127
55 0
55 1
55 14
55 29
55 39
55 41
55 47
55 48
55 54
55 64
55 67
55 72
55 73
55 79
55 85
55 90
55 105
55 106
55 108
55 111
55 113
55 118
55 123
55 125
56 2
56 22
56 25
56 28
56 30
56 31
56 33
56 36
56 37
56 46
56 47
56 50
56 52
56 67
56 72
56 75
56 78
56 85
56 88
56 96
56 99
56 104
56 105
56 106
56 108
56 114
56 118
56 120
56 122
56 123
57 12
57 18
57 23
57 28
57 29
57 30
57 31
57 32
57 40
57 44
57 45
57 48
57 49
57 51
57 58
57 67
57 68
57 71
57 73
57 78
57 85
57 89
57 103
57 113
57 119
57 122
57 125
58 1
58 3
58 4
58 6
58 7
58 8
58 24
58 26
58 28
58 32
58 48
58 54
58 56
58 57
58 59
58 60
58 63
58 72
58 83
58 85
58 92
58 93
58 95
58 100
58 110
58 118
58 119
58 124
58 126
59 2
59 19
59 21
59 22
59 24
59 25
59 27
59 37
59 39
59 42
59 44
59 46
59 54
59 55
59 57
59 63
59 64
59 72
59 73
59 76
59 77
59 78
59 84
59 94
59 97
59 100
59 106
59 118
59 119
59 123
59 126
60 0
60 1
60 7
60 31
60 34
60 36
60 39
60 44
60 50
60 53
60 58
60 64
60 70
60 86
60 93
60 96
60 98
60 99
60 102
60 103
60 105
60 106
60 117
61 2
61 5
61 16
61 26
61 28
61 34
61 36
61 63
61 81
61 84
61 91
61 99
61 105
61 106
61 112
61 114
61 118
61 120
61 122
61 127
62 0
62 2
62 9
62 15
62 21
62 27
62 35
62 47
62 59
62 63
62 66
62 71
62 77
62 78
62 80
62 84
62 85
62 91
62 92
62 106
62 115
62 121
62 126
63 0
63 1
63 8
63 10
63 12
63 13
63 20
63 31
63 37
63 39
63 40
63 42
63 44
63 45
63 48
63 50
63 53
63 63
63 66
63 69
63 71
63 72
63 73
63 96
63 97
63 102
63 109
63 113
63 114
63 120
63 123
63 124
63 125
63 127
64 7
64 19
64 22
64 34
64 46
64 63
64 68
64 71
64 72
64 87
64 90
64 91
64 95
64 96
64 99
64 100
64 105
64 118
64 120
64 125
65 12
65 16
65 27
65 43
65 46
65 51
65 53
65 54
65 60
65 61
65 64
65 69
65 72
65 77
65 78
65 79
65 87
65 91
65 100
65 101
65 107
65 109
65 111
66 0
66 7
66 9
66 12
66 34
66 35
66 40
66 45
66 46
66 49
66 52
66 54
66 59
66 64
66 73
66 84
66 85
66 89
66 90
66 92
66 93
66 100
66 103
66 125
67 6
67 11
67 18
67 25
67 30
67 35
67 39
67 42
67 50
67 51
67 53
67 55
67 59
67 62
67 63
67 64
67 65
67 66
67 67
67 72
67 75
67 89
67 91
67 92
67 104
67 108
67 110
67 114
67 117
67 123
67 125
68 1
68 18
68 20
68 21
68 22
68 30
68 32
68 37
68 42
68 43
68 44
68 45
68 56
68 60
68 64
68 65
68 68
68 71
68 84
68 88
68 109
68 125
69 0
69 1
69 2
69 7
69 9
69 11
69 19
69 29
69 31
69 43
69 47
69 52
69 56
69 74
69 76
69 79
69 82
69 85
69 95
69 97
69 100
69 102
69 103
69 104
69 105
69 112
69 119
69 120
69 121
69 123
70 8
70 16
70 30
70 33
70 40
70 48
70 57
70 61
70 64
70 65
70 66
70 68
70 69
70 71
70 76
70 81
70 87
70 89
70 90
70 95
70 104
70 111
70 116
70 117
70 124
71 8
71 16
71 22
71 25
71 27
71 33
71 36
71 42
71 46
71 53
71 56
71 60
71 63
71 65
71 78
71 82
71 88
71 91
71 96
71 106
71 107
71 109
72 14
72 15
72 34
72 35
72 37
72 56
72 58
72 60
72 67
72 68
72 70
72 83
72 89
72 90
72 91
72 99
72 100
72 103
72 109
72 112
72 114
72 119
73 1
73 5
73 6
73 7
73 9
73 13
73 19
73 23
73 36
73 48
73 51
73 52
73 55
73 59
73 82
73 84
73 85
73 97
73 103
73 108
73 110
73 111
73 123
73 126
74 2
74 3
74 11
74 12
74 16
74 26
74 30
74 32
74 33
74 42
74 47
74 53
74 73
74 77
74 78
74 83
74 100
74 110
74 115
74 116
74 119
74 120
74 125
74 126
75 0
75 15
75 25
75 27
75 32
75 41
75 43
75 52
75 60
75 61
75 68
75 73
75 78
75 91
75 99
75 104
75 108
75 110
75 121
76 1
76 5
76 8
76 12
76 14
76 17
76 27
76 30
76 39
76 42
76 43
76 44
76 46
76 48
76 51
76 53
76 57
76 60
76 83
76 92
76 102
76 109
76 115
76 117
76 120
77 16
77 20
77 25
77 38
77 46
77 50
77 57
77 59
77 64
77 73
77 75
77 86
77 102
77 106
77 115
77 118
77 125
77 126
77 127
78 0
78 6
78 11
78 12
78 14
78 25
78 29
78 30
78 32
78 33
78 39
78 41
78 51
78 53
78 57
78 58
78 62
78 77
78 78
78 82
78 93
78 100
78 105
78 115
78 119
78 124
79 3
79 9
79 15
79 22
79 26
79 40
79 41
79 51
79 53
79 60
79 62
79 66
79 68
79 70
79 74
79 89
79 90
79 103
79 106
79 109
79 116
80 0
80 3
80 4
80 11
80 15
80 16
80 33
80 34
80 36
80 38
80 39
80 47
80 55
80 57
80 63
80 66
80 68
80 72
80 79
80 82
80 85
80 91
80 103
80 105
80 107
80 109
80 111
80 115
80 117
80 120
80 121
80 125
80 126
81 2
81 17
81 31
81 43
81 44
81 55
81 60
81 62
81 64
81 65
81 68
81 69
81 78
81 86
81 90
81 96
81 104
81 109
81 111
81 112
81 116
81 119
82 2
82 8
82 18
82 19
82 21
82 24
82 25
82 36
82 37
82 38
82 42
82 48
82 49
82 65
82 68
82 75
82 79
82 82
82 95
82 98
82 100
82 112
82 113
82 115
82 123
83 2
83 6
83 7
83 11
83 12
83 14
83 16
83 17
83 21
83 23
83 24
83 29
83 34
83 42
83 43
83 44
83 50
83 56
83 60
83 72
83 78
83 80
83 82
83 90
83 91
83 92
83 93
83 96
83 102
83 108
83 110
83 113
83 122
83 123
83 125
84 1
84 2
84 4
84 16
84 27
84 39
84 43
84 53
84 55
84 63
84 64
84 71
84 72
84 74
84 81
84 83
84 84
84 88
84 106
84 109
84 112
84 116
84 119
84 121
84 125
84 126
85 0
85 2
85 4
85 9
85 13
85 26
85 36
85 47
85 50
85 51
85 54
85 62
85 66
85 72
85 74
85 78
85 83
85 85
85 102
85 107
85 115
85 120
85 122
85 126
86 5
86 6
86 10
86 11
86 17
86 28
86 29
86 34
86 55
86 56
86 59
86 61
86 64
86 68
86 69
86 73
86 77
86 91
86 93
86 94
86 98
86 104
86 108
86 111
86 120
86 121
87 2
87 5
87 9
87 21
87 51
87 67
87 71
87 72
87 77
87 79
87 87
87 91
87 95
87 96
87 106
87 111
87 112
87 116
87 117
87 118
87 121
87 122
87 125
88 0
88 3
88 12
88 29
88 33
88 45
88 46
88 56
88 59
88 62
88 63
88 66
88 68
88 70
88 75
88 78
88 80
88 93
88 96
88 101
88 103
88 110
88 114
88 119
88 127
89 1
89 4
89 5
89 10
89 15
89 25
89 29
89 37
89 45
89 47
89 48
89 50
89 55
89 56
89 58
89 61
89 71
89 77
89 80
89 81
89 82
89 84
89 85
89 88
89 89
89 95
89 99
89 107
89 112
89 119
90 9
90 11
90 17
90 24
90 30
90 37
90 40
90 44
90 46
90 57
90 63
90 65
90 67
90 72
90 74
90 77
90 78
90 84
90 86
90 88
90 90
90 98
90 107
90 108
90 117
90 118
90 124
90 126
91 8
91 12
91 19
91 25
91 29
91 31
91 35
91 42
91 43
91 48
91 50
91 63
91 68
91 69
91 78
91 82
91 84
91 85
91 88
91 93
91 97
91 99
91 100
91 102
91 104
91 105
91 106
91 107
91 114
91 117
91 127
92 17
92 23
92 27
92 35
92 38
92 46
92 53
92 56
92 65
92 67
92 80
92 83
92 89
92 92
92 97
92 98
92 107
92 108
92 111
92 112
92 113
92 114
92 118
92 124
92 126
93 3
93 4
93 11
93 23
93 24
93 36
93 39
93 47
93 56
93 61
93 66
93 77
93 78
93 86
93 87
93 107
93 112
93 113
93 116
93 126
93 127
94 1
94 6
94 14
94 22
94 24
94 25
94 34
94 36
94 41
94 48
94 51
94 55
94 57
94 58
94 62
94 66
94 70
94 74
94 76
94 89
94 102
94 103
94 110
94 124
95 0
95 9
95 18
95 23
95 24
95 26
95 36
95 37
95 38
95 45
95 61
95 68
95 71
95 72
95 73
95 76
95 79
95 87
95 88
95 90
95 97
95 98
95 100
95 108
95 113
95 114
95 117
95 121
95 125
96 9
96 10
96 12
96 16
96 29
96 35
96 36
96 38
96 39
96 48
96 54
96 58
96 59
96 66
96 68
96 71
96 72
96 74
96 75
96 96
96 107
96 109
96 124
96 125
97 16
97 21
97 22
97 23
97 27
97 39
97 44
97 46
97 50
97 64
97 72
97 81
97 83
97 90
97 94
97 95
97 97
97 98
97 102
97 104
97 109
97 118
97 123
98 14
98 17
98 19
98 20
98 21
98 32
98 39
98 40
98 43
98 45
98 46
98 48
98 64
98 74
98 78
98 85
98 86
98 89
98 97
98 98
98 102
98 109
98 111
98 125
99 0
99 7
99 10
99 16
99 17
99 20
99 28
99 29
99 31
99 39
99 40
99 46
99 47
99 49
99 51
99 53
99 63
99 70
99 77
99 80
99 82
99 84
99 86
99 88
99 93
99 94
99 98
99 111
99 113
99 115
99 127
100 1
100 4
100 18
100 25
100 31
100 32
100 49
100 57
100 61
100 64
100 69
100 73
100 74
100 79
100 82
100 84
100 90
100 96
100 97
100 104
100 106
100 113
100 115
100 116
100 118
100 120
101 13
101 16
101 29
101 30
101 32
101 33
101 38
101 39
101 42
101 46
101 48
101 51
101 60
101 61
101 63
101 65
101 66
101 69
101 72
101 83
101 87
101 118
102 7
102 10
102 11
102 18
102 21
102 27
102 30
102 33
102 37
102 46
102 50
102 52
102 53
102 67
102 70
102 71
102 72
102 82
102 84
102 85
102 91
102 94
102 102
102 109
102 119
102 121
103 0
103 3
103 8
103 10
103 15
103 16
103 19
103 20
103 31
103 32
103 34
103 38
103 41
103 47
103 50
103 56
103 61
103 64
103 68
103 71
103 72
103 83
103 85
103 91
103 97
103 100
103 102
103 109
103 110
103 116
104 5
104 10
104 26
104 27
104 28
104 29
104 33
104 38
104 41
104 65
104 81
104 83
104 85
104 86
104 90
104 93
104 97
104 99
104 105
104 110
104 116
104 117
104 121
104 124
105 5
105 10
105 19
105 20
105 21
105 24
105 26
105 35
105 39
105 47
105 54
105 55
105 57
105 60
105 63
105 72
105 83
105 84
105 88
105 107
105 110
105 116
106 4
106 5
106 8
106 13
106 25
106 28
106 31
106 32
106 44
106 49
106 52
106 63
106 65
106 69
106 71
106 72
106 80
106 86
106 90
106 93
106 94
106 99
106 104
106 109
106 113
106 115
106 118
106 120
106 121
107 2
107 3
107 4
107 5
107 8
107 10
107 12
107 15
107 23
107 26
107 28
107 35
107 39
107 40
107 50
107 51
107 56
107 57
107 58
107 59
107 64
107 65
107 72
107 75
107 77
107 78
107 87
107 91
107 111
107 113
107 120
107 122
108 16
108 18
108 26
108 28
108 31
108 34
108 37
108 39
108 42
108 44
108 47
108 52
108 65
108 69
108 75
108 80
108 84
108 85
108 89
108 92
108 105
108 107
108 112
108 113
108 118
108 121
108 122
108 124
108 127
109 3
109 9
109 23
109 27
109 31
109 32
109 34
109 48
109 49
109 50
109 54
109 57
109 58
109 59
109 76
109 84
109 89
109 91
109 97
109 105
109 106
109 111
109 113
109 119
109 120
110 6
110 11
110 12
110 13
110 15
110 20
110 21
110 22
110 25
110 26
110 29
110 40
110 42
110 43
110 44
110 45
110 46
110 52
110 60
110 67
110 73
110 82
110 85
110 88
110 89
110 103
110 105
110 109
110 116
110 117
111 3
111 9
111 12
111 25
111 26
111 33
111 35
111 37
111 45
111 46
111 47
111 52
111 53
111 54
111 55
111 58
111 60
111 68
111 82
111 87
111 101
111 104
111 109
111 110
111 112
111 114
111 121
112 1
112 3
112 10
112 11
112 16
112 20
112 26
112 27
112 31
112 41
112 48
112 49
112 50
112 51
112 65
112 67
112 75
112 76
112 80
112 91
112 103
112 104
112 107
112 110
112 117
112 120
112 122
112 124
113 5
113 8
113 9
113 16
113 20
113 26
113 28
113 30
113 35
113 41
113 45
113 47
113 52
113 62
113 65
113 74
113 78
113 82
113 96
113 99
113 100
113 106
113 107
113 109
113 112
113 114
114 3
114 9
114 16
114 19
114 20
114 23
114 26
114 38
114 41
114 45
114 47
114 49
114 63
114 67
114 71
114 72
114 73
114 74
114 75
114 80
114 85
114 87
114 89
114 93
114 97
114 112
114 114
114 115
114 117
114 122
115 12
115 13
115 14
115 21
115 35
115 44
115 46
115 48
115 51
115 57
115 59
115 65
115 72
115 77
115 81
115 83
115 89
115 92
115 94
115 96
115 97
115 99
115 101
115 106
115 111
116 5
116 11
116 14
116 17
116 18
116 34
116 37
116 40
116 42
116 45
116 50
116 56
116 71
116 75
116 78
116 79
116 81
116 82
116 84
116 85
116 91
116 96
116 104
116 116
116 117
116 123
117 2
117 4
117 9
117 11
117 14
117 22
117 29
117 31
117 37
117 39
117 41
117 43
117 65
117 66
117 72
117 75
117 81
117 83
117 90
117 93
117 99
117 113
117 122
117 125
118 6
118 9
118 11
118 13
118 35
118 38
118 53
118 54
118 58
118 61
118 63
118 65
118 70
118 72
118 80
118 81
118 83
118 86
118 89
118 93
118 99
118 112
118 122
118 124
118 126
119 3
119 7
119 8
119 20
119 26
119 27
119 29
119 42
119 45
119 51
119 63
119 68
119 77
119 83
119 93
119 98
119 105
119 108
119 110
119 115
119 117
119 120
120 2
120 5
120 7
120 11
120 17
120 20
120 33
120 37
120 40
120 49
120 51
120 52
120 53
120 56
120 59
120 69
120 73
120 78
120 79
120 81
120 86
120 89
120 95
120 97
120 108
120 110
120 127
121 5
121 8
121 14
121 17
121 30
121 31
121 32
121 36
121 40
121 43
121 44
121 49
121 54
121 57
121 64
121 69
121 72
121 84
121 86
121 87
121 93
121 96
121 97
121 103
121 111
121 114
121 118
121 121
121 123
122 6
122 8
122 9
122 11
122 20
122 23
122 24
122 25
122 27
122 30
122 31
122 35
122 40
122 41
122 43
122 44
122 45
122 47
122 48
122 53
122 62
122 64
122 67
122 70
122 78
122 79
122 81
122 99
122 107
122 122
122 127
123 1
123 4
123 5
123 16
123 24
123 25
123 31
123 34
123 37
123 43
123 44
123 50
123 51
123 66
123 67
123 72
123 75
123 77
123 81
123 87
123 95
123 97
123 98
123 103
123 104
123 105
123 116
123 123
124 0
124 3
124 5
124 9
124 10
124 16
124 18
124 24
124 30
124 32
124 40
124 42
124 44
124 48
124 59
124 77
124 79
124 88
124 96
124 98
124 105
124 113
124 116
124 119
124 126
125 3
125 4
125 7
125 11
125 12
125 13
125 15
125 22
125 30
125 42
125 48
125 49
125 51
125 57
125 61
125 62
125 85
125 88
125 103
125 106
125 116
125 118
125 119
126 10
126 12
126 13
126 15
126 28
126 32
126 37
126 40
126 43
126 45
126 48
126 60
126 64
126 67
126 74
126 78
126 80
126 87
126 89
126 93
126 106
126 107
126 120
126 127
127 6
127 8
127 16
127 49
127 50
127 52
127 55
127 69
127 70
127 72
127 78
127 80
127 81
127 95
127 96
127 97
127 98
127 101
127 105
127 107
127 115
127 125
