0 0
0 4
0 5
0 6
0 9
0 11
0 12
0 14
0 18
0 19
0 27
0 29
0 30
0 33
0 34
0 37
0 41
0 47
0 51
0 52
0 53
0 55
0 56
0 60
0 62
0 63
0 66
0 68
0 71
0 72
0 77
0 81
0 85
0 88
0 90
0 91
0 93
0 96
0 97
0 101
0 105
0 107
0 108
0 109
0 112
0 113
0 114
0 120
0 122
1 1
1 3
1 4
1 6
1 8
1 13
1 17
1 18
1 21
1 28
1 29
1 31
1 33
1 34
1 37
1 38
1 43
1 48
1 50
1 52
1 53
1 56
1 57
1 62
1 64
1 65
1 66
1 69
1 71
1 72
1 73
1 74
1 77
1 79
1 80
1 88
1 98
1 99
1 100
1 101
1 102
1 106
1 110
1 111
1 112
1 113
1 115
1 118
1 120
1 121
1 122
1 124
1 126
1 127
2 2
2 3
2 5
2 6
2 7
2 11
2 12
2 18
2 22
2 23
2 24
2 25
2 26
2 29
2 34
2 38
2 41
2 44
2 52
2 56
2 57
2 63
2 66
2 68
2 69
2 70
2 71
2 74
2 75
2 78
2 79
2 83
2 85
2 90
2 91
2 92
2 94
2 95
2 100
2 101
2 103
2 105
2 106
2 108
2 110
2 113
2 116
2 117
2 120
2 123
2 125
2 127
3 0
3 5
3 6
3 8
3 10
3 11
3 12
3 13
3 14
3 15
3 20
3 22
3 25
3 27
3 28
3 30
3 32
3 33
3 36
3 38
3 42
3 43
3 44
3 45
3 46
3 48
3 51
3 57
3 60
3 61
3 62
3 69
3 71
3 72
3 74
3 76
3 77
3 85
3 90
3 94
3 97
3 99
3 100
3 104
3 107
3 110
3 112
3 115
3 119
3 123
3 125
4 0
4 8
4 9
4 10
4 11
4 12
4 17
4 19
4 22
4 23
4 26
4 28
4 29
4 34
4 37
4 39
4 42
4 46
4 51
4 53
4 55
4 56
4 57
4 58
4 61
4 63
4 65
4 75
4 81
4 83
4 84
4 87
4 88
4 90
4 96
4 98
4 101
4 114
4 123
4 125
4 126
4 127
5 0
5 2
5 3
5 4
5 5
5 8
5 9
5 12
5 15
5 16
5 17
5 21
5 26
5 30
5 32
5 35
5 38
5 43
5 44
5 50
5 51
5 54
5 57
5 59
5 65
5 67
5 74
5 80
5 85
5 88
5 91
5 92
5 93
5 94
5 97
5 98
5 99
5 103
5 104
5 105
5 116
5 117
5 119
5 125
5 126
5 127
6 6
6 9
6 10
6 14
6 18
6 20
6 24
6 26
6 27
6 28
6 29
6 35
6 39
6 40
6 42
6 47
6 48
6 49
6 52
6 56
6 58
6 60
6 61
6 62
6 64
6 68
6 69
6 71
6 73
6 75
6 78
6 81
6 84
6 85
6 86
6 87
6 89
6 90
6 92
6 94
6 95
6 96
6 97
6 99
6 101
6 102
6 104
6 105
6 108
6 109
6 111
6 114
6 117
6 120
6 122
6 123
6 124
7 3
7 5
7 9
7 13
7 14
7 15
7 21
7 24
7 27
7 30
7 36
7 38
7 39
7 41
7 43
7 48
7 49
7 53
7 54
7 61
7 62
7 72
7 74
7 79
7 80
7 83
7 84
7 85
7 87
7 88
7 92
7 93
7 98
7 99
7 100
7 104
7 107
7 109
7 112
7 113
7 114
7 115
7 116
7 122
7 123
7 127
8 8
8 13
8 16
8 18
8 20
8 21
8 23
8 26
8 29
8 30
8 31
8 32
8 34
8 35
8 39
8 40
8 41
8 43
8 44
8 45
8 46
8 49
8 50
8 53
8 54
8 58
8 61
8 62
8 63
8 64
8 65
8 69
8 70
8 71
8 76
8 78
8 83
8 84
8 86
8 88
8 89
8 90
8 91
8 94
8 95
8 99
8 100
8 102
8 105
8 108
8 109
8 115
8 118
8 120
8 123
8 124
8 125
9 0
9 1
9 4
9 10
9 11
9 13
9 14
9 15
9 17
9 19
9 21
9 22
9 24
9 29
9 30
9 31
9 32
9 33
9 34
9 35
9 39
9 42
9 44
9 46
9 48
9 49
9 50
9 51
9 52
9 53
9 54
9 56
9 60
9 61
9 63
9 65
9 66
9 67
9 71
9 72
9 79
9 80
9 83
9 86
9 88
9 89
9 90
9 91
9 92
9 96
9 97
9 102
9 104
9 105
9 109
9 110
9 111
9 118
9 119
9 120
9 127
10 0
10 1
10 2
10 5
10 9
10 10
10 13
10 15
10 20
10 21
10 22
10 28
10 29
10 31
10 32
10 34
10 36
10 38
10 41
10 51
10 52
10 54
10 59
10 64
10 65
10 67
10 73
10 75
10 77
10 78
10 80
10 81
10 89
10 90
10 92
10 94
10 95
10 97
10 100
10 103
10 105
10 108
10 109
10 110
10 114
10 117
10 121
10 123
10 125
10 126
10 127
11 0
11 3
11 5
11 9
11 10
11 12
11 16
11 20
11 21
11 24
11 26
11 27
11 30
11 31
11 32
11 33
11 34
11 35
11 36
11 40
11 41
11 45
11 54
11 59
11 64
11 65
11 66
11 67
11 72
11 74
11 77
11 82
11 87
11 88
11 89
11 91
11 94
11 98
11 100
11 103
11 104
11 105
11 111
11 112
11 114
11 115
11 117
11 118
11 119
11 120
11 123
11 126
11 127
12 2
12 6
12 7
12 8
12 9
12 10
12 15
12 18
12 19
12 20
12 22
12 23
12 29
12 30
12 31
12 32
12 33
12 37
12 38
12 39
12 47
12 48
12 50
12 51
12 55
12 58
12 59
12 60
12 61
12 63
12 65
12 68
12 70
12 71
12 72
12 74
12 79
12 80
12 83
12 86
12 87
12 91
12 92
12 93
12 95
12 98
12 99
12 103
12 105
12 108
12 109
12 110
12 112
12 116
12 122
12 125
12 126
13 0
13 1
13 3
13 4
13 6
13 13
13 14
13 15
13 17
13 18
13 19
13 23
13 27
13 29
13 30
13 33
13 34
13 36
13 37
13 38
13 40
13 41
13 45
13 47
13 49
13 56
13 57
13 58
13 61
13 65
13 66
13 72
13 73
13 74
13 75
13 76
13 78
13 81
13 82
13 88
13 90
13 94
13 96
13 97
13 98
13 101
13 103
13 106
13 107
13 108
13 109
13 110
13 111
13 114
13 115
13 116
13 118
13 119
13 123
13 124
13 126
13 127
14 5
14 6
14 7
14 8
14 9
14 10
14 11
14 12
14 20
14 23
14 24
14 26
14 29
14 34
14 37
14 40
14 41
14 43
14 44
14 45
14 46
14 49
14 52
14 55
14 56
14 57
14 59
14 65
14 67
14 71
14 72
14 74
14 77
14 78
14 79
14 81
14 82
14 86
14 92
14 93
14 95
14 98
14 100
14 102
14 103
14 105
14 106
14 110
14 111
14 114
14 115
14 116
14 118
14 122
14 125
14 126
14 127
15 3
15 4
15 5
15 7
15 11
15 13
15 18
15 26
15 30
15 33
15 34
15 35
15 37
15 38
15 40
15 42
15 43
15 46
15 49
15 56
15 58
15 61
15 66
15 70
15 71
15 73
15 74
15 75
15 79
15 82
15 84
15 86
15 87
15 95
15 102
15 103
15 105
15 109
15 111
15 113
15 117
15 118
15 120
15 122
15 126
16 10
16 11
16 12
16 15
16 20
16 22
16 23
16 24
16 29
16 30
16 34
16 37
16 39
16 41
16 49
16 50
16 54
16 56
16 58
16 59
16 60
16 61
16 62
16 64
16 67
16 69
16 70
16 72
16 76
16 77
16 79
16 86
16 87
16 93
16 98
16 100
16 101
16 103
16 104
16 106
16 108
16 109
16 114
16 115
16 117
16 118
16 119
16 120
16 122
16 126
17 1
17 5
17 6
17 7
17 8
17 11
17 12
17 15
17 19
17 20
17 21
17 28
17 29
17 32
17 34
17 37
17 42
17 45
17 54
17 55
17 59
17 63
17 64
17 69
17 71
17 73
17 75
17 76
17 78
17 80
17 86
17 88
17 89
17 92
17 95
17 96
17 98
17 100
17 102
17 105
17 109
17 110
17 111
17 114
17 116
17 117
17 118
17 127
18 2
18 3
18 6
18 9
18 14
18 19
18 20
18 22
18 24
18 27
18 29
18 31
18 33
18 34
18 37
18 39
18 40
18 42
18 43
18 47
18 52
18 55
18 56
18 61
18 62
18 64
18 65
18 66
18 67
18 68
18 73
18 74
18 76
18 77
18 79
18 80
18 84
18 85
18 89
18 90
18 91
18 92
18 93
18 94
18 95
18 97
18 102
18 103
18 108
18 113
18 114
18 115
18 120
18 121
18 123
19 0
19 3
19 4
19 5
19 13
19 14
19 21
19 23
19 28
19 31
19 34
19 35
19 38
19 39
19 46
19 47
19 49
19 52
19 59
19 60
19 63
19 64
19 65
19 70
19 71
19 75
19 79
19 85
19 87
19 88
19 90
19 91
19 92
19 95
19 96
19 98
19 109
19 110
19 111
19 112
19 114
19 115
19 116
19 117
19 120
19 121
19 122
19 125
19 126
20 0
20 3
20 7
20 8
20 9
20 17
20 18
20 22
20 25
20 26
20 32
20 38
20 41
20 42
20 45
20 52
20 54
20 55
20 57
20 61
20 63
20 65
20 67
20 68
20 71
20 72
20 75
20 77
20 79
20 80
20 81
20 85
20 88
20 91
20 92
20 94
20 98
20 99
20 101
20 102
20 103
20 105
20 107
20 108
20 110
20 112
20 114
20 118
20 120
20 121
20 122
20 123
20 124
21 0
21 6
21 8
21 16
21 18
21 19
21 21
21 22
21 23
21 24
21 25
21 28
21 29
21 34
21 35
21 45
21 46
21 48
21 49
21 53
21 57
21 59
21 62
21 65
21 66
21 67
21 68
21 70
21 73
21 80
21 83
21 85
21 94
21 96
21 98
21 99
21 100
21 104
21 105
21 107
21 108
21 110
21 112
21 115
21 117
21 121
21 122
21 124
21 127
22 0
22 3
22 5
22 7
22 9
22 10
22 11
22 16
22 17
22 18
22 19
22 21
22 24
22 25
22 27
22 28
22 29
22 30
22 33
22 34
22 35
22 36
22 41
22 43
22 46
22 54
22 55
22 56
22 57
22 62
22 63
22 66
22 69
22 70
22 73
22 74
22 75
22 78
22 79
22 81
22 83
22 86
22 87
22 88
22 89
22 90
22 91
22 92
22 96
22 97
22 99
22 100
22 102
22 107
22 109
22 110
22 113
22 114
22 115
22 118
22 121
22 124
22 126
23 1
23 6
23 10
23 11
23 12
23 14
23 16
23 18
23 20
23 23
23 25
23 28
23 30
23 32
23 37
23 46
23 47
23 50
23 52
23 53
23 55
23 64
23 66
23 67
23 68
23 69
23 75
23 78
23 80
23 82
23 84
23 86
23 89
23 91
23 94
23 98
23 101
23 106
23 107
23 111
23 112
23 113
23 117
23 120
23 121
23 122
23 123
23 125
24 2
24 3
24 4
24 10
24 13
24 14
24 16
24 18
24 20
24 21
24 22
24 24
24 27
24 30
24 34
24 37
24 38
24 42
24 43
24 46
24 48
24 49
24 54
24 56
24 57
24 58
24 64
24 65
24 70
24 73
24 74
24 75
24 79
24 81
24 83
24 84
24 89
24 90
24 92
24 94
24 96
24 98
24 103
24 106
24 108
24 115
24 116
24 118
24 122
24 127
25 1
25 2
25 6
25 7
25 21
25 22
25 23
25 24
25 25
25 26
25 28
25 29
25 31
25 38
25 42
25 44
25 50
25 57
25 60
25 61
25 63
25 67
25 71
25 72
25 74
25 76
25 79
25 82
25 84
25 87
25 88
25 89
25 90
25 97
25 102
25 103
25 108
25 109
25 110
25 113
25 114
25 120
25 121
25 124
26 1
26 3
26 11
26 12
26 14
26 15
26 16
26 17
26 19
26 21
26 23
26 26
26 27
26 28
26 29
26 32
26 37
26 39
26 44
26 48
26 49
26 50
26 53
26 55
26 56
26 59
26 61
26 63
26 65
26 66
26 67
26 68
26 78
26 79
26 80
26 82
26 85
26 88
26 92
26 93
26 94
26 96
26 99
26 100
26 101
26 102
26 107
26 108
26 109
26 113
26 115
26 116
26 117
26 118
26 120
26 121
26 125
26 127
27 0
27 2
27 3
27 4
27 5
27 10
27 16
27 23
27 24
27 25
27 31
27 32
27 36
27 40
27 47
27 49
27 50
27 52
27 55
27 58
27 60
27 63
27 67
27 68
27 71
27 75
27 77
27 79
27 80
27 82
27 84
27 85
27 90
27 91
27 93
27 97
27 102
27 104
27 105
27 106
27 107
27 108
27 109
27 111
27 112
27 114
27 119
27 121
27 124
27 127
28 0
28 2
28 5
28 6
28 8
28 12
28 13
28 15
28 20
28 23
28 24
28 27
28 32
28 33
28 34
28 36
28 38
28 39
28 40
28 41
28 42
28 43
28 44
28 46
28 51
28 55
28 56
28 59
28 60
28 61
28 64
28 66
28 70
28 73
28 74
28 77
28 78
28 80
28 81
28 83
28 85
28 86
28 87
28 88
28 89
28 90
28 91
28 93
28 94
28 97
28 98
28 100
28 102
28 105
28 108
28 110
28 113
28 116
28 118
28 120
28 121
28 122
28 123
28 124
28 125
29 2
29 4
29 5
29 8
29 9
29 10
29 14
29 18
29 21
29 27
29 32
29 33
29 36
29 40
29 43
29 44
29 46
29 47
29 49
29 54
29 55
29 60
29 64
29 68
29 71
29 73
29 76
29 82
29 83
29 85
29 88
29 90
29 94
29 95
29 96
29 98
29 102
29 108
29 109
29 110
29 114
29 115
29 116
29 121
29 122
29 124
29 126
30 0
30 1
30 3
30 9
30 11
30 12
30 14
30 19
30 24
30 26
30 27
30 28
30 30
30 31
30 34
30 35
30 36
30 39
30 40
30 45
30 48
30 49
30 50
30 54
30 55
30 59
30 62
30 72
30 76
30 79
30 80
30 82
30 85
30 90
30 91
30 94
30 96
30 99
30 101
30 103
30 104
30 105
30 106
30 108
30 109
30 118
30 119
30 122
30 123
30 124
30 127
31 0
31 9
31 12
31 13
31 14
31 15
31 16
31 17
31 28
31 29
31 30
31 31
31 33
31 34
31 35
31 36
31 38
31 40
31 44
31 46
31 47
31 48
31 52
31 53
31 54
31 55
31 57
31 58
31 62
31 63
31 64
31 67
31 69
31 70
31 71
31 79
31 80
31 82
31 83
31 84
31 85
31 86
31 93
31 94
31 95
31 96
31 99
31 100
31 104
31 107
31 113
31 118
31 119
31 126
32 3
32 4
32 5
32 6
32 9
32 13
32 15
32 16
32 17
32 19
32 20
32 21
32 25
32 27
32 29
32 30
32 31
32 37
32 38
32 39
32 41
32 42
32 45
32 46
32 47
32 48
32 54
32 57
32 58
32 67
32 68
32 73
32 74
32 77
32 82
32 83
32 84
32 86
32 87
32 89
32 90
32 91
32 94
32 95
32 97
32 99
32 100
32 107
32 108
32 109
32 112
32 114
32 116
32 121
32 126
32 127
33 0
33 1
33 3
33 5
33 6
33 8
33 9
33 11
33 12
33 13
33 14
33 15
33 16
33 19
33 24
33 29
33 33
33 34
33 35
33 37
33 40
33 42
33 46
33 49
33 51
33 54
33 60
33 61
33 63
33 66
33 72
33 76
33 79
33 81
33 82
33 83
33 84
33 87
33 88
33 91
33 96
33 97
33 98
33 99
33 102
33 103
33 105
33 109
33 110
33 112
33 114
33 123
33 126
34 3
34 8
34 9
34 20
34 23
34 24
34 26
34 27
34 31
34 33
34 34
34 38
34 39
34 42
34 43
34 44
34 45
34 49
34 50
34 51
34 53
34 55
34 65
34 67
34 69
34 74
34 75
34 78
34 80
34 82
34 83
34 89
34 90
34 92
34 93
34 99
34 100
34 107
34 108
34 111
34 116
34 120
34 121
34 123
34 125
35 2
35 4
35 5
35 6
35 8
35 13
35 14
35 16
35 18
35 21
35 22
35 23
35 24
35 25
35 26
35 29
35 31
35 33
35 35
35 37
35 46
35 53
35 55
35 57
35 59
35 61
35 62
35 65
35 66
35 69
35 74
35 75
35 77
35 80
35 81
35 82
35 83
35 88
35 90
35 94
35 98
35 100
35 101
35 104
35 106
35 107
35 108
35 112
35 113
35 114
35 116
35 120
35 121
35 124
35 125
35 127
36 3
36 4
36 6
36 9
36 10
36 11
36 13
36 15
36 18
36 20
36 24
36 27
36 28
36 30
36 34
36 36
36 37
36 39
36 40
36 42
36 44
36 45
36 48
36 49
36 50
36 51
36 53
36 54
36 58
36 59
36 62
36 64
36 65
36 69
36 72
36 74
36 75
36 82
36 83
36 84
36 85
36 89
36 90
36 91
36 95
36 100
36 101
36 104
36 105
36 109
36 110
36 111
36 112
36 113
36 114
36 116
36 120
36 126
36 127
37 2
37 3
37 7
37 8
37 10
37 11
37 12
37 13
37 16
37 23
37 28
37 30
37 39
37 40
37 42
37 46
37 47
37 49
37 51
37 54
37 56
37 58
37 59
37 61
37 64
37 66
37 72
37 74
37 76
37 78
37 85
37 90
37 91
37 93
37 94
37 98
37 99
37 100
37 101
37 103
37 105
37 106
37 108
37 110
37 112
37 114
37 116
37 118
37 121
37 123
38 0
38 4
38 7
38 8
38 12
38 13
38 18
38 19
38 22
38 24
38 28
38 30
38 33
38 34
38 39
38 42
38 49
38 50
38 51
38 52
38 53
38 56
38 61
38 64
38 65
38 67
38 69
38 74
38 75
38 82
38 83
38 86
38 90
38 92
38 94
38 97
38 99
38 101
38 102
38 103
38 106
38 113
38 114
38 115
38 119
38 121
38 122
38 124
38 125
39 0
39 1
39 6
39 8
39 10
39 11
39 12
39 15
39 17
39 18
39 20
39 22
39 28
39 29
39 32
39 33
39 41
39 42
39 45
39 47
39 48
39 50
39 51
39 53
39 57
39 68
39 69
39 70
39 75
39 76
39 80
39 84
39 85
39 90
39 91
39 92
39 98
39 106
39 109
39 111
39 112
39 113
39 115
39 116
39 117
39 119
39 121
39 122
39 124
39 125
39 127
40 3
40 5
40 6
40 7
40 10
40 13
40 23
40 24
40 26
40 28
40 30
40 34
40 35
40 41
40 42
40 44
40 46
40 47
40 52
40 56
40 58
40 59
40 61
40 63
40 65
40 67
40 68
40 70
40 73
40 78
40 79
40 80
40 82
40 83
40 84
40 86
40 89
40 90
40 93
40 96
40 103
40 104
40 105
40 107
40 110
40 111
40 112
40 113
40 116
40 117
40 121
40 124
40 126
41 5
41 6
41 8
41 9
41 10
41 11
41 13
41 14
41 18
41 21
41 27
41 29
41 31
41 35
41 37
41 39
41 42
41 43
41 44
41 47
41 48
41 49
41 52
41 60
41 62
41 64
41 65
41 69
41 72
41 73
41 76
41 77
41 79
41 80
41 86
41 89
41 93
41 96
41 100
41 109
41 112
41 114
41 115
41 117
41 119
41 120
41 123
42 3
42 7
42 8
42 9
42 11
42 12
42 15
42 19
42 20
42 21
42 27
42 30
42 32
42 34
42 35
42 38
42 40
42 42
42 44
42 46
42 47
42 50
42 51
42 53
42 54
42 60
42 64
42 69
42 70
42 72
42 73
42 78
42 82
42 85
42 86
42 89
42 91
42 92
42 96
42 97
42 101
42 102
42 104
42 107
42 108
42 109
42 112
42 114
42 117
42 119
42 123
43 0
43 1
43 3
43 5
43 7
43 22
43 23
43 27
43 28
43 35
43 36
43 38
43 39
43 40
43 43
43 44
43 45
43 49
43 51
43 54
43 56
43 60
43 61
43 64
43 65
43 66
43 69
43 71
43 73
43 74
43 80
43 81
43 83
43 85
43 86
43 89
43 91
43 94
43 97
43 105
43 108
43 109
43 110
43 111
43 112
43 115
43 121
43 123
43 124
43 125
43 127
44 0
44 5
44 7
44 8
44 9
44 11
44 14
44 15
44 21
44 22
44 24
44 28
44 31
44 32
44 33
44 35
44 38
44 42
44 43
44 45
44 46
44 47
44 50
44 52
44 56
44 57
44 62
44 64
44 65
44 67
44 68
44 71
44 73
44 74
44 83
44 84
44 95
44 99
44 104
44 105
44 106
44 108
44 112
44 114
44 117
44 119
44 120
44 122
44 124
45 1
45 4
45 6
45 7
45 10
45 12
45 13
45 15
45 16
45 18
45 21
45 22
45 27
45 30
45 32
45 35
45 46
45 47
45 49
45 56
45 58
45 61
45 62
45 65
45 67
45 68
45 69
45 70
45 71
45 74
45 77
45 78
45 81
45 82
45 83
45 87
45 88
45 90
45 91
45 92
45 96
45 97
45 99
45 101
45 102
45 104
45 105
45 107
45 108
45 113
45 114
45 118
45 123
45 124
45 125
45 126
45 127
46 0
46 1
46 4
46 5
46 6
46 7
46 8
46 9
46 10
46 18
46 21
46 26
46 32
46 37
46 38
46 39
46 41
46 43
46 44
46 45
46 46
46 49
46 50
46 51
46 52
46 53
46 55
46 57
46 62
46 65
46 66
46 69
46 70
46 71
46 72
46 73
46 75
46 76
46 80
46 82
46 87
46 88
46 91
46 93
46 95
46 97
46 100
46 101
46 103
46 106
46 107
46 108
46 109
46 111
46 112
46 114
46 115
46 117
46 118
46 120
46 121
46 122
46 123
46 124
46 125
47 0
47 1
47 2
47 3
47 6
47 8
47 9
47 11
47 12
47 13
47 15
47 16
47 18
47 22
47 25
47 27
47 28
47 32
47 34
47 41
47 44
47 47
47 50
47 53
47 54
47 56
47 60
47 62
47 63
47 66
47 69
47 71
47 73
47 74
47 75
47 76
47 77
47 78
47 84
47 86
47 89
47 90
47 91
47 94
47 96
47 97
47 98
47 102
47 107
47 108
47 109
47 113
47 115
47 116
47 117
47 119
47 120
47 123
47 125
48 3
48 8
48 9
48 10
48 11
48 13
48 18
48 19
48 20
48 23
48 24
48 25
48 27
48 34
48 41
48 42
48 43
48 49
48 50
48 53
48 58
48 60
48 62
48 67
48 73
48 74
48 75
48 76
48 77
48 80
48 81
48 84
48 86
48 87
48 88
48 90
48 91
48 92
48 96
48 99
48 101
48 102
48 104
48 108
48 110
48 112
48 113
48 115
48 116
48 118
48 119
48 120
48 121
48 123
48 124
49 3
49 4
49 6
49 8
49 9
49 12
49 20
49 21
49 22
49 24
49 29
49 30
49 35
49 38
49 43
49 45
49 46
49 47
49 49
49 51
49 53
49 57
49 60
49 61
49 62
49 64
49 65
49 67
49 69
49 71
49 72
49 73
49 80
49 81
49 82
49 88
49 89
49 90
49 91
49 94
49 97
49 98
49 100
49 105
49 106
49 107
49 109
49 111
49 112
49 114
49 116
49 117
49 118
49 120
49 122
49 123
49 126
49 127
50 1
50 2
50 3
50 5
50 7
50 8
50 9
50 10
50 15
50 17
50 18
50 21
50 25
50 29
50 33
50 35
50 37
50 40
50 41
50 50
50 53
50 55
50 58
50 61
50 65
50 67
50 69
50 73
50 75
50 76
50 77
50 78
50 90
50 91
50 92
50 94
50 95
50 100
50 104
50 105
50 111
50 115
50 118
50 124
50 125
51 4
51 6
51 9
51 13
51 14
51 15
51 16
51 17
51 18
51 19
51 22
51 26
51 29
51 35
51 38
51 40
51 43
51 44
51 45
51 53
51 54
51 55
51 59
51 61
51 62
51 65
51 67
51 68
51 69
51 71
51 72
51 73
51 74
51 76
51 77
51 78
51 82
51 83
51 87
51 88
51 90
51 92
51 93
51 95
51 96
51 97
51 99
51 101
51 103
51 105
51 106
51 107
51 111
51 114
51 118
51 119
51 120
51 122
51 123
51 124
51 125
52 3
52 5
52 7
52 8
52 10
52 16
52 17
52 21
52 22
52 31
52 32
52 34
52 36
52 37
52 39
52 42
52 48
52 49
52 51
52 54
52 56
52 57
52 61
52 62
52 63
52 66
52 67
52 70
52 72
52 73
52 76
52 77
52 83
52 86
52 89
52 92
52 95
52 100
52 101
52 102
52 105
52 106
52 108
52 110
52 111
52 120
52 123
52 124
52 125
52 127
53 0
53 1
53 5
53 6
53 8
53 9
53 10
53 12
53 15
53 20
53 23
53 24
53 28
53 29
53 30
53 32
53 36
53 38
53 40
53 48
53 53
53 56
53 58
53 61
53 63
53 69
53 71
53 72
53 74
53 78
53 80
53 82
53 83
53 87
53 89
53 90
53 92
53 96
53 99
53 102
53 103
53 105
53 106
53 112
53 113
53 117
53 118
53 119
53 127
54 2
54 5
54 10
54 11
54 13
54 14
54 16
54 20
54 22
54 23
54 27
54 28
54 29
54 30
54 31
54 34
54 35
54 38
54 39
54 43
54 49
54 52
54 53
54 55
54 60
54 65
54 66
54 69
54 71
54 72
54 73
54 76
54 84
54 94
54 96
54 101
54 102
54 106
54 107
54 108
54 110
54 111
54 113
54 117
54 119
54 120
54 122
54 124
54 125
55 0
55 1
55 2
55 4
55 8
55 11
55 12
55 13
55 16
55 17
55 18
55 19
55 20
55 23
55 25
55 27
55 32
55 34
55 42
55 47
55 49
55 51
55 52
55 53
55 55
55 57
55 58
55 59
55 61
55 64
55 67
55 69
55 70
55 76
55 83
55 85
55 87
55 89
55 90
55 97
55 98
55 102
55 103
55 104
55 108
55 109
55 110
55 112
55 117
55 119
55 121
56 2
56 3
56 8
56 10
56 13
56 15
56 20
56 21
56 23
56 29
56 30
56 31
56 35
56 36
56 41
56 42
56 43
56 45
56 48
56 49
56 53
56 56
56 58
56 60
56 66
56 67
56 69
56 74
56 76
56 79
56 80
56 81
56 82
56 83
56 84
56 87
56 88
56 89
56 95
56 96
56 99
56 100
56 101
56 102
56 104
56 108
56 109
56 112
56 113
56 114
56 115
56 116
56 117
56 118
56 119
56 123
56 124
57 0
57 3
57 9
57 19
57 20
57 24
57 26
57 27
57 29
57 31
57 33
57 34
57 35
57 36
57 38
57 41
57 44
57 46
57 47
57 49
57 52
57 53
57 56
57 59
57 60
57 62
57 63
57 64
57 65
57 69
57 73
57 74
57 79
57 82
57 83
57 84
57 86
57 91
57 95
57 97
57 100
57 104
57 106
57 107
57 109
57 111
57 112
57 114
57 117
57 118
57 120
57 125
57 126
58 0
58 1
58 3
58 4
58 6
58 7
58 11
58 15
58 21
58 22
58 26
58 29
58 30
58 31
58 32
58 37
58 41
58 43
58 48
58 49
58 50
58 52
58 55
58 64
58 65
58 74
58 76
58 77
58 78
58 81
58 82
58 83
58 89
58 98
58 99
58 102
58 104
58 107
58 108
58 110
58 118
58 119
58 122
58 123
58 126
58 127
59 3
59 6
59 7
59 13
59 14
59 20
59 23
59 24
59 26
59 28
59 30
59 31
59 33
59 36
59 37
59 38
59 43
59 45
59 46
59 47
59 51
59 52
59 54
59 55
59 56
59 58
59 59
59 60
59 62
59 65
59 69
59 71
59 80
59 83
59 85
59 92
59 93
59 98
59 100
59 105
59 107
59 111
59 112
59 117
59 118
59 121
59 123
59 125
59 126
60 3
60 4
60 7
60 8
60 9
60 11
60 12
60 15
60 25
60 28
60 29
60 30
60 33
60 34
60 36
60 37
60 38
60 39
60 41
60 44
60 48
60 50
60 51
60 54
60 55
60 60
60 62
60 64
60 65
60 67
60 70
60 71
60 72
60 78
60 79
60 80
60 81
60 85
60 87
60 92
60 93
60 94
60 95
60 97
60 98
60 100
60 102
60 103
60 105
60 106
60 108
60 110
60 111
60 112
60 117
60 118
60 119
60 123
60 124
60 126
61 1
61 4
61 7
61 8
61 9
61 10
61 13
61 14
61 15
61 19
61 20
61 22
61 23
61 25
61 26
61 31
61 32
61 34
61 35
61 36
61 37
61 40
61 41
61 45
61 46
61 49
61 52
61 58
61 62
61 66
61 73
61 74
61 75
61 76
61 79
61 83
61 86
61 87
61 88
61 89
61 90
61 91
61 93
61 94
61 95
61 96
61 98
61 99
61 101
61 102
61 103
61 105
61 107
61 108
61 111
61 112
61 113
61 120
61 122
61 123
61 124
61 125
61 127
62 1
62 2
62 3
62 5
62 7
62 9
62 12
62 16
62 17
62 22
62 23
62 26
62 31
62 33
62 34
62 36
62 37
62 38
62 41
62 43
62 44
62 46
62 47
62 49
62 52
62 53
62 55
62 57
62 59
62 60
62 61
62 67
62 70
62 75
62 76
62 80
62 81
62 82
62 87
62 91
62 92
62 96
62 98
62 99
62 101
62 102
62 106
62 107
62 108
62 110
62 112
62 113
62 116
62 119
62 122
62 123
62 127
63 0
63 3
63 4
63 5
63 6
63 8
63 9
63 11
63 13
63 15
63 16
63 18
63 19
63 20
63 21
63 29
63 30
63 34
63 38
63 39
63 40
63 41
63 42
63 46
63 47
63 56
63 57
63 58
63 59
63 60
63 65
63 67
63 70
63 75
63 77
63 78
63 79
63 80
63 82
63 84
63 86
63 87
63 88
63 90
63 92
63 93
63 94
63 97
63 98
63 102
63 110
63 114
63 115
63 118
63 120
64 0
64 2
64 4
64 5
64 9
64 11
64 15
64 16
64 20
64 21
64 23
64 26
64 29
64 30
64 32
64 33
64 34
64 39
64 41
64 45
64 51
64 52
64 57
64 61
64 62
64 63
64 64
64 69
64 72
64 75
64 76
64 78
64 82
64 84
64 85
64 86
64 88
64 93
64 101
64 104
64 105
64 107
64 108
64 112
64 113
64 115
64 116
64 120
64 124
64 125
64 126
64 127
65 4
65 5
65 6
65 12
65 15
65 17
65 18
65 20
65 24
65 28
65 30
65 31
65 32
65 33
65 35
65 39
65 40
65 41
65 46
65 49
65 50
65 51
65 52
65 56
65 60
65 61
65 64
65 65
65 68
65 70
65 71
65 72
65 73
65 80
65 81
65 82
65 86
65 90
65 92
65 98
65 99
65 103
65 109
65 110
65 111
65 117
65 120
65 121
65 124
65 126
65 127
66 0
66 9
66 10
66 11
66 20
66 23
66 29
66 31
66 36
66 39
66 43
66 47
66 54
66 55
66 56
66 59
66 61
66 63
66 67
66 69
66 70
66 73
66 80
66 81
66 85
66 86
66 91
66 92
66 94
66 97
66 101
66 107
66 108
66 113
66 114
66 116
66 125
66 127
67 6
67 7
67 8
67 10
67 14
67 15
67 21
67 22
67 24
67 26
67 27
67 28
67 29
67 32
67 35
67 45
67 46
67 48
67 49
67 50
67 51
67 52
67 57
67 62
67 64
67 66
67 67
67 68
67 71
67 72
67 75
67 79
67 80
67 81
67 83
67 87
67 88
67 89
67 91
67 94
67 95
67 98
67 104
67 108
67 109
67 110
67 114
67 117
67 124
67 125
68 0
68 1
68 2
68 7
68 8
68 11
68 12
68 13
68 17
68 20
68 22
68 25
68 27
68 28
68 29
68 31
68 33
68 34
68 39
68 41
68 42
68 43
68 44
68 51
68 53
68 56
68 59
68 65
68 67
68 70
68 74
68 75
68 82
68 84
68 85
68 91
68 92
68 94
68 95
68 96
68 100
68 102
68 103
68 104
68 108
68 119
68 120
68 123
69 0
69 2
69 4
69 5
69 6
69 8
69 9
69 11
69 14
69 15
69 17
69 20
69 23
69 29
69 31
69 34
69 35
69 46
69 51
69 52
69 54
69 55
69 57
69 58
69 63
69 64
69 65
69 66
69 68
69 69
69 74
69 75
69 82
69 83
69 84
69 90
69 91
69 92
69 96
69 97
69 99
69 103
69 105
69 107
69 108
69 109
69 110
69 113
69 115
69 116
69 117
69 120
69 123
69 124
69 125
69 126
70 0
70 2
70 3
70 5
70 9
70 11
70 15
70 21
70 25
70 26
70 28
70 32
70 35
70 40
70 42
70 43
70 44
70 50
70 52
70 55
70 57
70 59
70 64
70 65
70 67
70 69
70 71
70 72
70 76
70 77
70 78
70 79
70 80
70 82
70 83
70 87
70 91
70 92
70 95
70 97
70 103
70 104
70 105
70 106
70 108
70 110
70 112
70 117
70 123
70 124
70 125
70 127
71 0
71 1
71 2
71 3
71 7
71 11
71 16
71 17
71 19
71 20
71 28
71 40
71 41
71 45
71 46
71 47
71 48
71 49
71 51
71 54
71 65
71 69
71 70
71 73
71 76
71 77
71 81
71 84
71 85
71 87
71 89
71 90
71 91
71 93
71 94
71 95
71 96
71 97
71 99
71 100
71 104
71 105
71 106
71 108
71 111
71 113
71 116
71 123
71 126
71 127
72 4
72 5
72 7
72 8
72 14
72 15
72 16
72 17
72 20
72 22
72 24
72 25
72 29
72 30
72 31
72 32
72 34
72 36
72 37
72 38
72 43
72 47
72 52
72 54
72 58
72 62
72 66
72 70
72 72
72 76
72 77
72 79
72 80
72 84
72 85
72 86
72 87
72 89
72 90
72 95
72 97
72 100
72 102
72 103
72 104
72 106
72 113
72 114
72 116
72 118
72 120
72 122
72 124
72 127
73 1
73 2
73 3
73 9
73 10
73 11
73 12
73 16
73 22
73 27
73 28
73 32
73 33
73 36
73 37
73 39
73 40
73 44
73 45
73 48
73 51
73 54
73 57
73 58
73 64
73 65
73 66
73 68
73 70
73 73
73 75
73 77
73 80
73 83
73 84
73 85
73 87
73 88
73 89
73 90
73 91
73 94
73 97
73 98
73 99
73 104
73 106
73 110
73 111
73 112
73 113
73 114
73 116
73 117
73 119
73 120
73 122
73 123
74 0
74 1
74 3
74 4
74 6
74 13
74 15
74 17
74 18
74 21
74 27
74 30
74 31
74 35
74 37
74 39
74 41
74 42
74 48
74 49
74 51
74 54
74 56
74 57
74 58
74 60
74 62
74 63
74 66
74 69
74 74
74 77
74 82
74 85
74 96
74 100
74 101
74 112
74 116
74 119
74 122
74 124
74 127
75 1
75 2
75 4
75 5
75 11
75 17
75 18
75 21
75 22
75 25
75 26
75 31
75 32
75 33
75 39
75 40
75 46
75 51
75 52
75 55
75 56
75 60
75 61
75 62
75 63
75 66
75 68
75 70
75 71
75 72
75 75
75 77
75 78
75 82
75 83
75 84
75 88
75 89
75 91
75 92
75 96
75 98
75 99
75 100
75 105
75 106
75 107
75 111
75 112
75 113
75 114
75 115
75 116
75 122
75 125
75 126
76 0
76 3
76 4
76 6
76 11
76 12
76 15
76 19
76 20
76 21
76 22
76 27
76 34
76 35
76 41
76 42
76 46
76 48
76 49
76 50
76 53
76 55
76 57
76 59
76 61
76 64
76 65
76 67
76 68
76 75
76 76
76 77
76 78
76 79
76 82
76 88
76 90
76 93
76 95
76 97
76 100
76 106
76 107
76 110
76 116
76 118
76 119
76 122
76 123
77 0
77 1
77 2
77 5
77 6
77 9
77 10
77 13
77 16
77 17
77 24
77 25
77 28
77 29
77 31
77 32
77 33
77 35
77 39
77 44
77 45
77 53
77 54
77 62
77 68
77 69
77 72
77 75
77 76
77 79
77 80
77 82
77 84
77 85
77 91
77 100
77 101
77 104
77 105
77 107
77 110
77 122
77 123
77 126
78 0
78 2
78 5
78 6
78 8
78 11
78 16
78 18
78 20
78 21
78 24
78 25
78 26
78 27
78 30
78 39
78 40
78 42
78 43
78 44
78 45
78 48
78 53
78 54
78 58
78 59
78 61
78 64
78 65
78 69
78 72
78 74
78 77
78 79
78 80
78 83
78 84
78 87
78 90
78 91
78 106
78 114
78 117
78 118
78 119
78 120
78 121
78 122
78 123
78 124
78 125
79 0
79 6
79 11
79 13
79 18
79 19
79 20
79 21
79 22
79 24
79 31
79 32
79 33
79 36
79 38
79 39
79 41
79 42
79 45
79 48
79 50
79 52
79 61
79 66
79 74
79 75
79 81
79 82
79 83
79 88
79 89
79 90
79 93
79 97
79 98
79 100
79 102
79 103
79 113
79 117
79 119
79 122
79 124
79 125
79 126
80 5
80 6
80 8
80 11
80 18
80 19
80 22
80 25
80 27
80 28
80 30
80 33
80 34
80 36
80 37
80 39
80 50
80 52
80 56
80 59
80 62
80 63
80 66
80 67
80 68
80 72
80 77
80 79
80 83
80 85
80 88
80 90
80 91
80 92
80 93
80 97
80 98
80 100
80 103
80 104
80 105
80 120
80 121
80 123
80 125
80 126
80 127
81 4
81 7
81 10
81 11
81 13
81 14
81 18
81 19
81 21
81 22
81 25
81 26
81 30
81 32
81 35
81 39
81 40
81 42
81 45
81 46
81 51
81 52
81 54
81 56
81 57
81 58
81 59
81 60
81 61
81 62
81 64
81 68
81 70
81 71
81 74
81 82
81 83
81 84
81 85
81 90
81 100
81 103
81 105
81 106
81 107
81 111
81 113
81 115
81 116
81 117
81 120
81 123
82 2
82 4
82 8
82 9
82 11
82 14
82 15
82 17
82 18
82 22
82 25
82 31
82 32
82 35
82 37
82 43
82 44
82 46
82 48
82 49
82 50
82 52
82 54
82 57
82 58
82 59
82 60
82 61
82 62
82 65
82 66
82 69
82 70
82 72
82 76
82 78
82 81
82 89
82 98
82 99
82 103
82 106
82 107
82 108
82 111
82 113
82 116
82 117
82 118
82 124
82 125
82 127
83 0
83 1
83 10
83 11
83 12
83 15
83 19
83 20
83 25
83 30
83 32
83 33
83 34
83 38
83 40
83 45
83 47
83 50
83 53
83 58
83 59
83 61
83 64
83 65
83 75
83 76
83 78
83 79
83 82
83 85
83 86
83 87
83 91
83 94
83 96
83 97
83 99
83 100
83 102
83 103
83 104
83 106
83 107
83 111
83 113
83 116
83 126
84 3
84 4
84 5
84 6
84 12
84 13
84 14
84 16
84 18
84 29
84 32
84 33
84 36
84 37
84 40
84 41
84 43
84 45
84 46
84 49
84 56
84 58
84 63
84 65
84 69
84 74
84 75
84 76
84 83
84 91
84 92
84 93
84 104
84 105
84 106
84 109
84 114
84 119
84 120
84 121
84 122
84 124
84 125
85 0
85 2
85 13
85 14
85 17
85 18
85 19
85 24
85 28
85 32
85 33
85 34
85 35
85 38
85 39
85 40
85 43
85 44
85 45
85 52
85 57
85 58
85 65
85 66
85 71
85 75
85 76
85 78
85 84
85 85
85 87
85 92
85 94
85 99
85 101
85 105
85 106
85 109
85 110
85 111
85 117
85 124
86 0
86 4
86 9
86 10
86 11
86 12
86 14
86 15
86 21
86 28
86 30
86 32
86 35
86 37
86 40
86 48
86 51
86 53
86 56
86 61
86 65
86 66
86 67
86 70
86 72
86 73
86 76
86 80
86 81
86 83
86 87
86 89
86 93
86 94
86 98
86 99
86 100
86 102
86 104
86 105
86 109
86 111
86 114
86 116
86 118
86 122
86 124
86 126
87 5
87 6
87 8
87 9
87 10
87 11
87 12
87 19
87 21
87 22
87 23
87 24
87 27
87 28
87 35
87 36
87 39
87 40
87 41
87 43
87 44
87 54
87 58
87 59
87 63
87 64
87 65
87 67
87 70
87 72
87 74
87 75
87 81
87 83
87 88
87 89
87 92
87 94
87 96
87 97
87 100
87 102
87 103
87 104
87 111
87 112
87 114
87 116
87 117
87 119
87 120
87 123
87 126
88 1
88 3
88 5
88 11
88 16
88 18
88 20
88 25
88 27
88 29
88 30
88 33
88 34
88 38
88 41
88 43
88 49
88 50
88 52
88 54
88 60
88 68
88 69
88 71
88 74
88 75
88 78
88 79
88 82
88 88
88 90
88 93
88 94
88 96
88 97
88 98
88 101
88 104
88 108
88 109
88 112
88 114
88 117
88 119
88 120
89 0
89 3
89 10
89 12
89 15
89 17
89 18
89 22
89 27
89 28
89 29
89 31
89 38
89 39
89 42
89 47
89 48
89 50
89 55
89 56
89 62
89 63
89 64
89 68
89 69
89 70
89 71
89 74
89 76
89 77
89 79
89 83
89 91
89 92
89 95
89 96
89 97
89 100
89 102
89 103
89 104
89 107
89 108
89 109
89 115
89 121
89 127
90 1
90 2
90 5
90 8
90 9
90 11
90 18
90 21
90 28
90 29
90 30
90 33
90 35
90 38
90 39
90 46
90 47
90 48
90 49
90 53
90 56
90 62
90 63
90 65
90 75
90 77
90 85
90 86
90 87
90 90
90 92
90 98
90 101
90 103
90 106
90 107
90 110
90 121
90 124
90 125
90 127
91 0
91 1
91 3
91 4
91 6
91 7
91 9
91 14
91 17
91 19
91 20
91 22
91 24
91 29
91 30
91 31
91 34
91 37
91 38
91 43
91 46
91 49
91 51
91 52
91 53
91 58
91 59
91 61
91 63
91 64
91 65
91 66
91 68
91 75
91 76
91 77
91 79
91 82
91 91
91 92
91 96
91 98
91 109
91 111
91 114
91 115
91 119
91 120
91 123
91 124
91 126
92 2
92 8
92 9
92 10
92 12
92 13
92 15
92 17
92 18
92 19
92 21
92 22
92 25
92 28
92 29
92 31
92 32
92 36
92 37
92 39
92 40
92 45
92 48
92 51
92 52
92 53
92 59
92 65
92 67
92 68
92 69
92 70
92 71
92 74
92 75
92 76
92 77
92 78
92 80
92 88
92 89
92 91
92 92
92 97
92 99
92 100
92 102
92 105
92 106
92 108
92 111
92 113
92 117
92 122
92 123
92 126
93 1
93 2
93 3
93 4
93 6
93 7
93 10
93 14
93 17
93 19
93 21
93 23
93 24
93 27
93 29
93 30
93 32
93 33
93 36
93 37
93 39
93 43
93 48
93 49
93 50
93 51
93 53
93 55
93 56
93 58
93 62
93 64
93 66
93 67
93 68
93 69
93 74
93 75
93 78
93 80
93 81
93 83
93 84
93 85
93 86
93 88
93 89
93 90
93 91
93 95
93 98
93 105
93 106
93 107
93 111
93 112
93 113
93 115
93 118
93 119
93 122
93 123
93 124
93 126
93 127
94 1
94 2
94 5
94 7
94 8
94 9
94 12
94 13
94 14
94 20
94 21
94 22
94 27
94 30
94 32
94 38
94 40
94 45
94 46
94 52
94 54
94 61
94 63
94 70
94 75
94 80
94 86
94 87
94 88
94 89
94 91
94 93
94 96
94 101
94 103
94 104
94 106
94 107
94 108
94 114
94 115
94 118
94 122
94 124
95 1
95 5
95 12
95 13
95 17
95 18
95 20
95 21
95 24
95 26
95 29
95 30
95 32
95 35
95 40
95 42
95 43
95 45
95 47
95 48
95 51
95 56
95 57
95 59
95 61
95 62
95 63
95 66
95 67
95 71
95 75
95 77
95 80
95 82
95 85
95 87
95 89
95 91
95 93
95 94
95 95
95 97
95 99
95 101
95 102
95 106
95 109
95 111
95 112
95 113
95 118
95 119
95 121
95 124
95 125
95 127
96 0
96 3
96 4
96 5
96 6
96 7
96 8
96 10
96 18
96 19
96 22
96 25
96 30
96 31
96 33
96 36
96 37
96 38
96 40
96 43
96 46
96 47
96 53
96 54
96 58
96 62
96 64
96 66
96 67
96 70
96 71
96 72
96 73
96 75
96 78
96 81
96 86
96 88
96 92
96 94
96 98
96 102
96 103
96 104
96 109
96 116
96 117
96 118
96 121
96 122
97 1
97 2
97 3
97 4
97 5
97 6
97 7
97 8
97 11
97 12
97 13
97 15
97 17
97 19
97 23
97 25
97 30
97 31
97 32
97 38
97 39
97 42
97 43
97 44
97 47
97 48
97 52
97 53
97 54
97 55
97 57
97 58
97 60
97 61
97 64
97 65
97 67
97 68
97 70
97 72
97 74
97 76
97 79
97 80
97 81
97 84
97 85
97 91
97 92
97 95
97 100
97 103
97 107
97 108
97 110
97 112
97 114
97 115
97 116
97 118
97 119
97 120
97 123
97 124
97 125
97 126
97 127
98 1
98 4
98 6
98 13
98 15
98 16
98 17
98 18
98 19
98 21
98 23
98 26
98 27
98 29
98 30
98 32
98 33
98 34
98 36
98 38
98 39
98 42
98 43
98 46
98 47
98 49
98 53
98 54
98 55
98 56
98 58
98 61
98 62
98 68
98 69
98 76
98 89
98 90
98 93
98 94
98 104
98 106
98 107
98 112
98 113
98 115
98 119
98 124
98 125
98 126
98 127
99 2
99 9
99 10
99 12
99 13
99 16
99 17
99 23
99 24
99 25
99 27
99 30
99 32
99 33
99 37
99 38
99 43
99 44
99 47
99 48
99 49
99 51
99 53
99 54
99 55
99 56
99 62
99 63
99 66
99 67
99 69
99 81
99 86
99 87
99 89
99 91
99 92
99 93
99 94
99 97
99 102
99 104
99 107
99 111
99 114
99 115
99 116
99 120
100 4
100 5
100 8
100 9
100 10
100 11
100 12
100 13
100 14
100 17
100 19
100 21
100 22
100 24
100 27
100 31
100 32
100 33
100 34
100 36
100 39
100 41
100 45
100 46
100 47
100 48
100 49
100 54
100 56
100 58
100 62
100 64
100 66
100 67
100 70
100 71
100 73
100 76
100 80
100 81
100 83
100 88
100 90
100 91
100 96
100 97
100 101
100 102
100 103
100 104
100 107
100 110
100 111
100 115
100 116
100 121
100 122
100 123
100 124
100 125
101 9
101 12
101 16
101 23
101 25
101 29
101 30
101 34
101 36
101 41
101 42
101 44
101 48
101 51
101 53
101 59
101 62
101 65
101 67
101 69
101 70
101 75
101 76
101 79
101 80
101 84
101 87
101 88
101 95
101 101
101 103
101 105
101 108
101 109
101 110
101 111
101 116
101 119
101 120
101 127
102 3
102 4
102 6
102 8
102 9
102 15
102 20
102 22
102 25
102 27
102 28
102 31
102 33
102 34
102 37
102 38
102 40
102 42
102 46
102 47
102 48
102 56
102 59
102 63
102 64
102 67
102 68
102 69
102 73
102 74
102 75
102 78
102 86
102 89
102 90
102 92
102 96
102 99
102 100
102 101
102 102
102 104
102 106
102 108
102 109
102 110
102 116
102 117
102 122
102 125
103 0
103 2
103 5
103 7
103 8
103 11
103 16
103 17
103 20
103 21
103 23
103 26
103 27
103 28
103 29
103 35
103 36
103 38
103 40
103 42
103 43
103 45
103 46
103 49
103 53
103 54
103 58
103 61
103 65
103 70
103 71
103 72
103 74
103 79
103 80
103 87
103 89
103 90
103 91
103 92
103 96
103 98
103 104
103 107
103 108
103 109
103 112
103 120
103 123
103 125
103 127
104 0
104 5
104 9
104 11
104 12
104 14
104 15
104 19
104 20
104 21
104 22
104 23
104 24
104 26
104 27
104 30
104 32
104 33
104 37
104 39
104 44
104 46
104 48
104 51
104 54
104 55
104 61
104 62
104 63
104 64
104 69
104 70
104 71
104 72
104 73
104 74
104 77
104 78
104 80
104 81
104 83
104 93
104 95
104 96
104 105
104 106
104 107
104 109
104 123
104 124
104 127
105 2
105 4
105 5
105 7
105 9
105 12
105 13
105 14
105 17
105 19
105 22
105 27
105 32
105 42
105 44
105 45
105 48
105 49
105 52
105 53
105 59
105 63
105 64
105 66
105 74
105 75
105 77
105 79
105 84
105 87
105 90
105 93
105 95
105 98
105 104
105 105
105 107
105 115
105 119
105 120
105 125
106 5
106 7
106 8
106 12
106 19
106 21
106 23
106 24
106 26
106 27
106 28
106 34
106 36
106 37
106 38
106 44
106 45
106 48
106 56
106 57
106 60
106 62
106 64
106 65
106 66
106 71
106 73
106 74
106 75
106 86
106 94
106 97
106 98
106 99
106 106
106 110
106 112
106 114
106 116
106 117
106 121
106 123
106 124
106 125
106 127
107 0
107 3
107 6
107 12
107 15
107 16
107 17
107 18
107 19
107 20
107 21
107 24
107 25
107 30
107 35
107 36
107 38
107 39
107 42
107 45
107 50
107 59
107 66
107 68
107 69
107 71
107 74
107 75
107 77
107 78
107 79
107 80
107 81
107 83
107 85
107 87
107 89
107 90
107 91
107 93
107 94
107 102
107 111
107 118
107 120
107 121
107 122
107 124
107 125
107 127
108 4
108 8
108 9
108 11
108 14
108 20
108 21
108 22
108 27
108 28
108 35
108 37
108 38
108 50
108 52
108 57
108 60
108 71
108 74
108 75
108 76
108 80
108 83
108 86
108 89
108 92
108 97
108 101
108 102
108 103
108 104
108 105
108 107
108 108
108 112
108 113
108 114
108 117
108 118
108 119
108 121
108 124
108 126
108 127
109 0
109 1
109 2
109 5
109 6
109 9
109 14
109 20
109 23
109 26
109 30
109 35
109 36
109 38
109 40
109 41
109 47
109 49
109 52
109 53
109 55
109 58
109 60
109 61
109 64
109 65
109 68
109 69
109 70
109 71
109 81
109 82
109 83
109 85
109 86
109 89
109 90
109 92
109 94
109 98
109 100
109 101
109 102
109 103
109 105
109 107
109 114
109 117
109 121
109 123
109 125
109 127
110 1
110 9
110 10
110 13
110 14
110 17
110 18
110 22
110 24
110 25
110 26
110 27
110 29
110 30
110 32
110 33
110 34
110 35
110 47
110 51
110 53
110 54
110 57
110 58
110 59
110 60
110 61
110 65
110 67
110 70
110 73
110 74
110 76
110 77
110 83
110 84
110 85
110 88
110 89
110 93
110 96
110 105
110 113
110 115
110 116
110 117
110 119
110 120
110 121
110 124
110 125
110 126
110 127
111 5
111 6
111 10
111 13
111 18
111 21
111 23
111 25
111 26
111 28
111 29
111 32
111 35
111 38
111 41
111 43
111 46
111 48
111 50
111 62
111 63
111 64
111 69
111 74
111 77
111 79
111 82
111 83
111 85
111 86
111 87
111 92
111 93
111 97
111 98
111 99
111 104
111 106
111 108
111 109
111 111
111 112
111 113
111 114
111 123
111 125
112 0
112 1
112 4
112 9
112 16
112 18
112 19
112 22
112 23
112 26
112 29
112 33
112 35
112 37
112 41
112 46
112 49
112 50
112 52
112 55
112 57
112 58
112 59
112 61
112 68
112 69
112 76
112 79
112 85
112 86
112 88
112 89
112 90
112 92
112 93
112 95
112 99
112 102
112 103
112 105
112 107
112 109
112 110
112 112
112 115
112 118
112 126
113 1
113 2
113 5
113 8
113 10
113 11
113 14
113 15
113 34
113 35
113 37
113 38
113 39
113 40
113 46
113 49
113 50
113 56
113 62
113 63
113 65
113 69
113 74
113 75
113 76
113 77
113 80
113 85
113 87
113 88
113 89
113 91
113 107
113 109
113 110
113 111
113 113
113 117
113 124
114 6
114 8
114 14
114 16
114 17
114 20
114 21
114 27
114 29
114 31
114 33
114 34
114 36
114 43
114 44
114 45
114 48
114 49
114 50
114 51
114 60
114 62
114 65
114 66
114 67
114 73
114 75
114 78
114 79
114 80
114 82
114 85
114 86
114 92
114 102
114 103
114 107
114 109
114 111
114 113
114 114
114 117
114 119
114 120
114 121
114 122
114 123
114 125
114 127
115 2
115 3
115 4
115 6
115 9
115 10
115 11
115 19
115 23
115 25
115 29
115 30
115 32
115 34
115 35
115 36
115 38
115 41
115 44
115 49
115 53
115 56
115 57
115 58
115 59
115 63
115 66
115 71
115 73
115 77
115 78
115 79
115 81
115 82
115 89
115 91
115 93
115 94
115 95
115 96
115 102
115 104
115 105
115 106
115 112
115 113
115 115
115 116
115 117
115 121
115 122
115 123
115 125
115 126
116 7
116 8
116 10
116 13
116 15
116 16
116 21
116 23
116 25
116 26
116 27
116 38
116 43
116 44
116 45
116 49
116 52
116 54
116 55
116 56
116 57
116 62
116 64
116 66
116 67
116 69
116 70
116 72
116 73
116 79
116 80
116 81
116 82
116 84
116 85
116 90
116 93
116 94
116 96
116 97
116 101
116 102
116 103
116 105
116 108
116 113
116 116
116 117
116 118
116 119
116 120
116 125
116 127
117 1
117 2
117 3
117 5
117 6
117 8
117 11
117 13
117 21
117 24
117 29
117 30
117 31
117 33
117 34
117 40
117 41
117 45
117 46
117 47
117 49
117 50
117 53
117 54
117 56
117 57
117 58
117 61
117 67
117 68
117 69
117 71
117 72
117 78
117 79
117 81
117 82
117 84
117 92
117 95
117 96
117 98
117 99
117 100
117 102
117 109
117 113
117 115
117 119
117 121
118 0
118 2
118 3
118 4
118 13
118 14
118 17
118 20
118 22
118 25
118 32
118 36
118 37
118 39
118 43
118 45
118 49
118 53
118 55
118 56
118 60
118 62
118 63
118 64
118 72
118 73
118 74
118 75
118 76
118 82
118 83
118 84
118 85
118 86
118 87
118 89
118 90
118 91
118 95
118 96
118 99
118 100
118 104
118 106
118 107
118 108
118 110
118 112
118 118
118 122
118 124
118 127
119 1
119 3
119 7
119 8
119 11
119 12
119 14
119 18
119 20
119 21
119 26
119 29
119 30
119 31
119 36
119 38
119 39
119 40
119 45
119 48
119 49
119 52
119 58
119 63
119 64
119 66
119 68
119 73
119 76
119 77
119 78
119 80
119 82
119 88
119 89
119 93
119 95
119 96
119 97
119 99
119 102
119 104
119 108
119 109
119 110
119 112
119 115
119 118
119 123
119 124
119 126
120 0
120 2
120 8
120 9
120 11
120 13
120 15
120 19
120 20
120 21
120 26
120 27
120 29
120 33
120 34
120 37
120 40
120 42
120 47
120 49
120 52
120 53
120 54
120 55
120 56
120 58
120 60
120 63
120 70
120 72
120 74
120 76
120 78
120 86
120 91
120 93
120 95
120 99
120 100
120 104
120 107
120 108
120 109
120 113
120 114
120 119
120 125
120 127
121 6
121 8
121 13
121 14
121 15
121 18
121 20
121 24
121 26
121 29
121 30
121 34
121 36
121 38
121 39
121 40
121 41
121 43
121 44
121 46
121 48
121 50
121 54
121 56
121 58
121 59
121 60
121 63
121 65
121 69
121 71
121 72
121 73
121 77
121 82
121 94
121 95
121 99
121 100
121 104
121 110
121 113
121 114
121 115
121 116
121 120
121 121
121 123
122 0
122 4
122 8
122 12
122 14
122 15
122 22
122 26
122 29
122 32
122 33
122 34
122 35
122 36
122 37
122 41
122 42
122 43
122 47
122 49
122 56
122 57
122 61
122 64
122 66
122 72
122 74
122 76
122 80
122 84
122 85
122 86
122 90
122 91
122 94
122 113
122 115
122 117
122 118
122 124
122 127
123 1
123 8
123 9
123 16
123 17
123 31
123 34
123 42
123 45
123 46
123 47
123 48
123 49
123 51
123 52
123 53
123 54
123 55
123 58
123 59
123 62
123 64
123 65
123 72
123 74
123 79
123 81
123 83
123 84
123 85
123 86
123 87
123 88
123 91
123 94
123 97
123 100
123 103
123 104
123 105
123 106
123 107
123 108
123 111
123 113
123 117
123 118
123 120
123 123
123 124
123 125
123 127
124 0
124 4
124 9
124 17
124 20
124 21
124 23
124 24
124 26
124 28
124 30
124 32
124 36
124 37
124 38
124 40
124 41
124 43
124 44
124 45
124 48
124 49
124 54
124 55
124 57
124 58
124 64
124 67
124 68
124 70
124 73
124 74
124 78
124 79
124 82
124 83
124 84
124 89
124 91
124 94
124 95
124 97
124 99
124 101
124 103
124 105
124 108
124 109
124 110
124 113
124 114
124 115
124 117
124 118
124 119
124 121
124 122
124 124
125 2
125 3
125 4
125 5
125 8
125 14
125 18
125 19
125 26
125 35
125 38
125 41
125 42
125 46
125 47
125 53
125 54
125 61
125 64
125 73
125 75
125 76
125 78
125 79
125 80
125 82
125 87
125 98
125 99
125 106
125 110
125 113
125 114
125 117
125 120
125 121
125 122
125 124
125 126
125 127
126 0
126 1
126 5
126 6
126 7
126 9
126 16
126 19
126 24
126 25
126 26
126 30
126 31
126 34
126 39
126 40
126 41
126 46
126 47
126 48
126 51
126 52
126 53
126 54
126 62
126 65
126 66
126 67
126 72
126 74
126 75
126 79
126 82
126 86
126 88
126 89
126 90
126 96
126 97
126 101
126 102
126 103
126 104
126 107
126 109
126 112
126 114
126 117
126 120
126 123
126 126
126 127
127 6
127 9
127 13
127 15
127 16
127 20
127 26
127 28
127 33
127 34
127 35
127 36
127 39
127 43
127 44
127 45
127 48
127 49
127 54
127 58
127 59
127 61
127 62
127 63
127 64
127 66
127 75
127 76
127 77
127 78
127 79
127 85
127 87
127 88
127 89
127 90
127 92
127 93
127 94
127 95
127 96
127 98
127 99
127 100
127 106
127 107
127 108
127 118
127 121
127 125
127 126
