0 1
0 2
0 7
0 19
0 21
0 25
0 26
0 27
0 29
0 32
0 34
0 35
0 36
0 42
0 45
0 48
0 50
0 56
0 59
0 60
0 64
0 67
0 73
0 75
0 77
0 78
0 83
0 88
0 89
0 90
0 94
0 95
0 96
0 98
0 101
0 102
0 108
0 110
0 111
0 112
0 113
0 114
0 123
0 125
0 126
1 0
1 4
1 6
1 12
1 13
1 14
1 16
1 18
1 19
1 20
1 25
1 37
1 38
1 44
1 48
1 52
1 60
1 63
1 65
1 74
1 76
1 78
1 80
1 83
1 86
1 100
1 101
1 106
1 109
1 115
1 123
2 1
2 6
2 9
2 11
2 21
2 24
2 31
2 32
2 37
2 47
2 48
2 51
2 54
2 61
2 65
2 72
2 74
2 75
2 78
2 79
2 80
2 83
2 87
2 89
2 91
2 92
2 95
2 101
2 104
2 107
2 110
2 111
2 112
2 114
2 120
2 127
3 0
3 1
3 8
3 11
3 13
3 15
3 18
3 21
3 23
3 26
3 29
3 32
3 37
3 39
3 47
3 51
3 55
3 61
3 65
3 70
3 83
3 91
3 92
3 96
3 97
3 108
3 115
3 119
3 124
3 125
3 126
4 1
4 2
4 5
4 7
4 11
4 14
4 18
4 19
4 20
4 21
4 22
4 42
4 50
4 54
4 61
4 62
4 70
4 72
4 77
4 82
4 86
4 90
4 92
4 93
4 98
4 104
4 105
4 108
4 111
4 113
4 114
4 115
4 127
5 6
5 7
5 8
5 13
5 16
5 20
5 21
5 22
5 25
5 26
5 27
5 29
5 35
5 36
5 38
5 39
5 47
5 49
5 50
5 59
5 60
5 66
5 72
5 76
5 77
5 78
5 86
5 91
5 94
5 95
5 108
5 110
5 122
5 126
6 3
6 5
6 6
6 12
6 13
6 14
6 15
6 25
6 28
6 29
6 39
6 41
6 43
6 45
6 52
6 57
6 62
6 64
6 66
6 75
6 76
6 91
6 92
6 95
6 98
6 104
6 106
6 110
6 111
6 122
7 2
7 7
7 9
7 11
7 23
7 27
7 29
7 30
7 31
7 33
7 34
7 36
7 37
7 39
7 42
7 45
7 46
7 50
7 56
7 58
7 62
7 66
7 73
7 74
7 77
7 78
7 79
7 84
7 95
7 97
7 99
7 101
7 103
7 104
7 110
7 117
7 118
7 121
7 122
7 125
8 1
8 5
8 6
8 10
8 11
8 17
8 19
8 20
8 21
8 26
8 29
8 32
8 39
8 42
8 44
8 52
8 54
8 56
8 59
8 64
8 66
8 69
8 71
8 73
8 74
8 78
8 81
8 82
8 83
8 86
8 87
8 90
8 98
8 102
8 103
8 108
8 112
8 114
8 115
8 119
8 122
8 125
8 127
9 7
9 12
9 13
9 17
9 18
9 20
9 22
9 24
9 25
9 26
9 28
9 29
9 31
9 40
9 44
9 48
9 49
9 61
9 63
9 65
9 68
9 69
9 71
9 72
9 75
9 79
9 80
9 83
9 86
9 88
9 94
9 95
9 97
9 102
9 103
9 108
9 112
9 119
9 124
9 127
10 2
10 3
10 6
10 8
10 10
10 13
10 14
10 15
10 17
10 23
10 25
10 26
10 35
10 36
10 39
10 40
10 41
10 42
10 43
10 47
10 55
10 56
10 61
10 63
10 66
10 69
10 71
10 79
10 81
10 88
10 89
10 90
10 92
10 96
10 98
10 107
10 108
10 112
10 116
10 119
10 121
10 126
11 0
11 2
11 3
11 8
11 14
11 16
11 18
11 19
11 21
11 26
11 30
11 32
11 33
11 35
11 39
11 40
11 42
11 44
11 45
11 47
11 51
11 52
11 55
11 57
11 63
11 65
11 74
11 79
11 81
11 82
11 90
11 93
11 94
11 97
11 99
11 101
11 108
11 109
11 121
11 122
12 13
12 16
12 22
12 23
12 26
12 27
12 38
12 39
12 40
12 41
12 42
12 47
12 49
12 50
12 51
12 73
12 77
12 79
12 85
12 86
12 91
12 92
12 95
12 98
12 101
12 102
12 103
12 105
12 118
12 120
12 122
12 124
13 10
13 11
13 12
13 16
13 18
13 23
13 27
13 28
13 31
13 34
13 36
13 39
13 40
13 44
13 49
13 50
13 58
13 64
13 72
13 74
13 77
13 78
13 79
13 83
13 88
13 92
13 94
13 103
13 108
13 109
13 111
13 112
13 114
13 115
13 118
13 119
13 120
14 0
14 12
14 15
14 16
14 18
14 20
14 23
14 25
14 26
14 32
14 34
14 38
14 42
14 45
14 47
14 48
14 49
14 50
14 52
14 54
14 55
14 58
14 60
14 62
14 64
14 72
14 75
14 78
14 80
14 82
14 87
14 88
14 91
14 93
14 111
14 113
14 116
14 118
15 0
15 7
15 10
15 12
15 14
15 15
15 17
15 18
15 19
15 20
15 23
15 25
15 28
15 29
15 30
15 32
15 33
15 34
15 37
15 40
15 41
15 42
15 44
15 45
15 46
15 50
15 59
15 61
15 64
15 71
15 73
15 74
15 79
15 81
15 83
15 94
15 98
15 103
15 104
15 110
15 113
15 115
15 116
15 117
15 118
16 3
16 14
16 15
16 18
16 27
16 28
16 30
16 35
16 36
16 46
16 48
16 54
16 59
16 61
16 63
16 64
16 67
16 70
16 71
16 76
16 77
16 78
16 79
16 82
16 84
16 87
16 93
16 103
16 105
16 107
16 110
16 113
16 115
16 117
16 119
16 121
16 122
16 124
16 125
17 4
17 8
17 9
17 14
17 18
17 20
17 24
17 28
17 30
17 32
17 34
17 39
17 40
17 42
17 46
17 47
17 49
17 51
17 53
17 55
17 58
17 59
17 66
17 68
17 72
17 79
17 81
17 86
17 89
17 93
17 96
17 97
17 100
17 103
17 104
17 107
17 108
17 110
17 116
17 117
17 118
17 119
17 120
17 121
18 4
18 5
18 6
18 10
18 14
18 15
18 19
18 20
18 22
18 25
18 26
18 27
18 29
18 30
18 34
18 36
18 39
18 43
18 45
18 50
18 51
18 53
18 61
18 63
18 67
18 73
18 76
18 77
18 86
18 90
18 95
18 100
18 105
18 107
18 109
18 113
19 7
19 14
19 17
19 22
19 25
19 27
19 29
19 32
19 50
19 52
19 55
19 60
19 61
19 69
19 71
19 73
19 82
19 89
19 99
19 107
19 108
19 111
19 113
19 115
19 117
19 119
19 120
19 121
19 123
19 124
20 2
20 4
20 6
20 9
20 17
20 18
20 20
20 21
20 30
20 34
20 37
20 38
20 43
20 47
20 55
20 57
20 58
20 61
20 63
20 65
20 67
20 70
20 73
20 76
20 80
20 82
20 84
20 85
20 91
20 93
20 94
20 98
20 101
20 103
20 104
20 106
20 108
20 110
20 114
20 118
20 119
21 0
21 5
21 6
21 8
21 10
21 13
21 17
21 18
21 20
21 25
21 27
21 30
21 31
21 32
21 33
21 37
21 39
21 40
21 44
21 55
21 64
21 65
21 71
21 74
21 75
21 78
21 82
21 89
21 92
21 95
21 97
21 100
21 103
21 107
21 112
21 118
21 125
22 0
22 1
22 3
22 4
22 7
22 15
22 21
22 23
22 24
22 25
22 28
22 31
22 32
22 36
22 37
22 39
22 42
22 43
22 54
22 58
22 59
22 62
22 66
22 68
22 71
22 74
22 76
22 80
22 85
22 86
22 90
22 91
22 93
22 94
22 95
22 96
22 99
22 102
22 104
22 106
22 111
22 113
22 114
22 115
22 116
22 118
22 123
22 125
22 126
23 4
23 5
23 14
23 16
23 18
23 21
23 22
23 23
23 25
23 27
23 33
23 35
23 36
23 38
23 40
23 44
23 47
23 48
23 50
23 52
23 56
23 57
23 58
23 60
23 61
23 66
23 74
23 79
23 83
23 87
23 88
23 90
23 95
23 96
23 97
23 98
23 100
23 106
23 109
23 110
23 112
23 118
23 119
24 1
24 5
24 7
24 13
24 15
24 17
24 24
24 27
24 28
24 34
24 38
24 45
24 50
24 55
24 56
24 57
24 61
24 64
24 65
24 66
24 68
24 71
24 73
24 77
24 79
24 85
24 86
24 87
24 94
24 95
24 100
24 103
24 104
24 111
24 118
24 119
24 120
25 0
25 7
25 9
25 10
25 11
25 16
25 17
25 21
25 30
25 31
25 32
25 33
25 35
25 37
25 40
25 41
25 47
25 50
25 51
25 55
25 56
25 58
25 64
25 67
25 68
25 69
25 72
25 76
25 77
25 80
25 88
25 91
25 93
25 100
25 117
25 118
25 119
25 121
25 124
25 125
26 0
26 5
26 6
26 7
26 10
26 11
26 12
26 19
26 20
26 36
26 40
26 42
26 44
26 47
26 50
26 51
26 57
26 59
26 60
26 62
26 68
26 72
26 74
26 77
26 79
26 83
26 84
26 85
26 88
26 95
26 101
26 102
26 104
26 108
26 112
26 113
26 116
26 117
26 118
26 122
26 125
26 127
27 0
27 2
27 8
27 11
27 12
27 13
27 15
27 16
27 17
27 20
27 24
27 26
27 31
27 34
27 37
27 40
27 45
27 53
27 60
27 63
27 64
27 65
27 80
27 87
27 89
27 93
27 97
27 99
27 102
27 113
27 121
27 127
28 1
28 2
28 3
28 7
28 9
28 10
28 12
28 18
28 27
28 29
28 41
28 42
28 43
28 46
28 48
28 49
28 52
28 53
28 55
28 58
28 60
28 68
28 69
28 70
28 73
28 75
28 77
28 82
28 83
28 85
28 86
28 87
28 90
28 91
28 105
28 106
28 108
28 110
28 116
28 117
28 118
28 119
28 123
28 124
29 4
29 5
29 7
29 10
29 13
29 15
29 20
29 28
29 29
29 40
29 45
29 46
29 47
29 50
29 56
29 64
29 66
29 67
29 68
29 78
29 84
29 86
29 95
29 96
29 99
29 100
29 101
29 105
29 106
29 107
29 108
29 111
29 112
29 117
29 123
30 1
30 7
30 9
30 13
30 22
30 28
30 29
30 32
30 38
30 39
30 45
30 46
30 48
30 54
30 57
30 62
30 63
30 67
30 71
30 73
30 74
30 76
30 79
30 83
30 84
30 89
30 92
30 97
30 104
30 116
30 118
30 125
31 0
31 2
31 5
31 10
31 11
31 18
31 20
31 21
31 22
31 26
31 27
31 30
31 33
31 34
31 42
31 50
31 54
31 56
31 66
31 70
31 77
31 81
31 85
31 87
31 91
31 92
31 93
31 94
31 95
31 103
31 107
31 113
31 117
31 118
31 121
32 3
32 4
32 6
32 12
32 13
32 15
32 19
32 22
32 37
32 40
32 42
32 43
32 45
32 53
32 56
32 60
32 72
32 75
32 81
32 82
32 86
32 91
32 93
32 99
32 100
32 101
32 115
32 121
32 125
33 1
33 2
33 3
33 4
33 13
33 17
33 23
33 24
33 25
33 26
33 30
33 31
33 39
33 41
33 48
33 50
33 53
33 57
33 59
33 66
33 68
33 74
33 76
33 80
33 82
33 86
33 87
33 88
33 89
33 91
33 93
33 94
33 97
33 98
33 100
33 104
33 105
33 111
33 122
33 123
33 125
33 127
34 1
34 2
34 4
34 6
34 11
34 17
34 19
34 25
34 27
34 28
34 30
34 43
34 44
34 45
34 49
34 54
34 55
34 56
34 58
34 60
34 61
34 63
34 68
34 72
34 76
34 77
34 78
34 84
34 86
34 88
34 89
34 90
34 92
34 94
34 100
34 102
34 121
34 122
34 123
34 124
34 126
35 0
35 2
35 14
35 17
35 19
35 22
35 24
35 25
35 26
35 28
35 29
35 30
35 32
35 33
35 34
35 37
35 38
35 41
35 43
35 45
35 50
35 53
35 59
35 60
35 62
35 67
35 73
35 74
35 81
35 82
35 87
35 92
35 93
35 97
35 98
35 102
35 103
35 107
35 112
35 115
35 119
35 122
35 125
36 1
36 2
36 6
36 8
36 11
36 12
36 18
36 20
36 28
36 35
36 58
36 59
36 62
36 67
36 69
36 70
36 74
36 75
36 84
36 86
36 92
36 96
36 100
36 113
36 116
36 117
36 119
36 124
36 126
36 127
37 0
37 3
37 4
37 10
37 12
37 13
37 15
37 22
37 24
37 25
37 29
37 30
37 39
37 42
37 43
37 44
37 51
37 61
37 62
37 68
37 72
37 76
37 77
37 78
37 82
37 86
37 89
37 91
37 93
37 96
37 97
37 98
37 99
37 101
37 105
37 110
37 112
37 113
37 115
37 117
37 119
37 124
37 125
38 3
38 4
38 8
38 11
38 12
38 15
38 31
38 32
38 33
38 34
38 35
38 46
38 49
38 50
38 54
38 58
38 60
38 65
38 66
38 67
38 72
38 75
38 81
38 86
38 87
38 92
38 93
38 94
38 96
38 97
38 99
38 102
38 103
38 105
38 107
38 109
38 111
38 114
38 116
38 117
38 118
38 120
38 124
38 126
39 8
39 13
39 16
39 19
39 20
39 27
39 28
39 31
39 34
39 36
39 40
39 41
39 46
39 54
39 67
39 69
39 70
39 72
39 73
39 86
39 87
39 89
39 90
39 92
39 94
39 96
39 101
39 102
39 104
39 105
39 110
39 112
39 121
40 1
40 9
40 14
40 17
40 20
40 21
40 22
40 26
40 30
40 31
40 33
40 34
40 38
40 40
40 45
40 46
40 47
40 49
40 53
40 62
40 63
40 66
40 74
40 75
40 78
40 80
40 82
40 87
40 90
40 91
40 95
40 102
40 104
40 106
40 110
40 111
40 113
40 121
40 124
40 126
41 2
41 9
41 10
41 12
41 18
41 20
41 24
41 30
41 32
41 37
41 39
41 48
41 51
41 68
41 72
41 73
41 74
41 76
41 77
41 78
41 85
41 88
41 89
41 90
41 93
41 94
41 96
41 99
41 101
41 102
41 103
41 104
41 111
41 113
41 117
41 119
41 122
41 124
41 125
41 126
42 2
42 3
42 4
42 7
42 8
42 9
42 16
42 29
42 31
42 34
42 45
42 48
42 51
42 54
42 59
42 64
42 66
42 67
42 71
42 75
42 78
42 83
42 84
42 86
42 87
42 88
42 93
42 95
42 97
42 98
42 104
42 108
42 112
42 113
42 114
42 115
42 117
42 123
42 126
42 127
43 0
43 6
43 8
43 13
43 16
43 20
43 24
43 29
43 32
43 37
43 39
43 40
43 46
43 47
43 48
43 50
43 51
43 52
43 56
43 60
43 63
43 65
43 68
43 71
43 88
43 89
43 91
43 92
43 93
43 95
43 98
43 99
43 104
43 111
43 113
43 114
43 119
43 122
43 123
43 127
44 6
44 10
44 13
44 16
44 21
44 27
44 28
44 33
44 36
44 37
44 42
44 45
44 46
44 54
44 56
44 57
44 58
44 60
44 64
44 74
44 76
44 79
44 81
44 83
44 86
44 88
44 89
44 94
44 98
44 100
44 103
44 108
44 111
44 112
44 118
44 120
44 121
45 5
45 7
45 12
45 13
45 20
45 25
45 27
45 29
45 30
45 36
45 38
45 39
45 40
45 41
45 42
45 44
45 45
45 59
45 66
45 73
45 79
45 86
45 98
45 99
45 101
45 102
45 106
45 108
45 110
45 111
45 114
45 117
45 120
45 122
45 124
45 125
45 126
46 3
46 5
46 9
46 19
46 21
46 24
46 25
46 29
46 32
46 37
46 41
46 50
46 53
46 54
46 55
46 56
46 59
46 60
46 69
46 70
46 73
46 77
46 79
46 85
46 89
46 93
46 96
46 99
46 101
46 105
46 108
46 109
46 113
46 115
46 116
46 119
46 126
46 127
47 5
47 11
47 12
47 13
47 15
47 16
47 17
47 18
47 21
47 24
47 25
47 28
47 29
47 30
47 32
47 34
47 40
47 43
47 45
47 52
47 56
47 57
47 59
47 61
47 62
47 65
47 76
47 77
47 79
47 81
47 83
47 85
47 89
47 90
47 92
47 94
47 99
47 105
47 107
47 108
47 109
47 112
47 115
47 118
47 119
47 126
47 127
48 5
48 13
48 14
48 16
48 20
48 21
48 22
48 30
48 35
48 38
48 43
48 44
48 47
48 49
48 57
48 58
48 66
48 67
48 70
48 75
48 81
48 85
48 87
48 92
48 97
48 103
48 105
48 109
48 114
48 116
48 122
48 124
49 0
49 2
49 7
49 9
49 10
49 15
49 18
49 20
49 24
49 25
49 26
49 27
49 35
49 39
49 41
49 44
49 49
49 56
49 60
49 68
49 69
49 70
49 71
49 72
49 74
49 77
49 83
49 85
49 87
49 89
49 94
49 96
49 100
49 101
49 103
49 104
49 105
49 106
49 113
49 114
49 119
49 125
49 126
50 4
50 9
50 11
50 14
50 20
50 22
50 23
50 29
50 30
50 31
50 33
50 35
50 38
50 39
50 49
50 52
50 55
50 56
50 57
50 60
50 62
50 67
50 74
50 76
50 82
50 83
50 85
50 86
50 87
50 97
50 98
50 105
50 110
50 112
50 114
50 116
50 118
50 120
50 125
50 126
51 4
51 6
51 8
51 9
51 10
51 11
51 12
51 13
51 20
51 24
51 32
51 39
51 43
51 44
51 52
51 56
51 59
51 62
51 63
51 65
51 70
51 73
51 74
51 75
51 76
51 77
51 79
51 82
51 86
51 92
51 94
51 101
51 102
51 103
51 106
51 107
51 112
51 113
51 114
51 120
51 124
51 126
51 127
52 2
52 3
52 7
52 22
52 26
52 33
52 35
52 38
52 40
52 42
52 44
52 46
52 47
52 49
52 56
52 63
52 65
52 66
52 71
52 72
52 77
52 88
52 90
52 93
52 96
52 97
52 103
52 104
52 105
52 107
52 108
52 112
52 113
52 114
52 119
52 121
52 124
53 14
53 20
53 21
53 23
53 25
53 30
53 31
53 35
53 38
53 39
53 44
53 45
53 46
53 47
53 49
53 60
53 66
53 68
53 70
53 80
53 86
53 87
53 91
53 92
53 93
53 96
53 98
53 100
53 106
53 110
53 112
53 114
53 118
53 125
53 126
54 7
54 9
54 11
54 13
54 16
54 18
54 22
54 23
54 24
54 29
54 30
54 31
54 33
54 37
54 46
54 49
54 58
54 59
54 63
54 65
54 71
54 72
54 79
54 83
54 84
54 85
54 86
54 91
54 97
54 98
54 100
54 101
54 102
54 103
54 109
54 110
54 111
54 114
54 116
54 120
54 122
54 123
54 124
54 125
54 126
55 1
55 5
55 8
55 9
55 15
55 19
55 24
55 32
55 33
55 35
55 37
55 40
55 45
55 47
55 51
55 53
55 56
55 57
55 58
55 63
55 64
55 69
55 70
55 71
55 72
55 81
55 85
55 90
55 94
55 95
55 96
55 104
55 105
55 112
55 115
55 116
55 120
55 121
55 122
55 123
55 125
56 2
56 3
56 7
56 10
56 11
56 16
56 18
56 23
56 25
56 30
56 33
56 39
56 47
56 48
56 52
56 53
56 62
56 65
56 66
56 67
56 68
56 71
56 73
56 77
56 83
56 92
56 94
56 97
56 101
56 103
56 105
56 108
56 109
56 112
56 120
56 121
56 122
56 125
56 127
57 4
57 6
57 7
57 15
57 16
57 17
57 18
57 22
57 23
57 24
57 25
57 26
57 27
57 29
57 30
57 34
57 35
57 37
57 41
57 44
57 62
57 63
57 66
57 68
57 70
57 72
57 77
57 79
57 81
57 82
57 86
57 88
57 89
57 90
57 95
57 99
57 101
57 102
57 108
57 113
57 116
57 117
57 121
57 127
58 1
58 4
58 5
58 9
58 18
58 19
58 21
58 22
58 27
58 29
58 30
58 45
58 46
58 48
58 49
58 50
58 53
58 60
58 64
58 65
58 68
58 70
58 72
58 74
58 76
58 80
58 82
58 88
58 96
58 99
58 101
58 112
58 113
58 115
58 117
58 118
58 125
58 126
59 0
59 1
59 2
59 4
59 9
59 14
59 16
59 17
59 18
59 25
59 29
59 31
59 37
59 45
59 49
59 51
59 52
59 54
59 55
59 59
59 60
59 62
59 63
59 68
59 69
59 75
59 76
59 78
59 79
59 83
59 85
59 86
59 88
59 90
59 97
59 101
59 103
59 104
59 105
59 111
59 116
59 117
59 119
59 121
59 123
59 126
60 1
60 9
60 12
60 17
60 18
60 22
60 23
60 30
60 34
60 36
60 37
60 40
60 42
60 46
60 50
60 53
60 58
60 61
60 62
60 67
60 70
60 71
60 76
60 77
60 78
60 79
60 81
60 89
60 90
60 95
60 97
60 103
60 108
60 113
60 114
60 120
60 125
61 2
61 3
61 5
61 6
61 18
61 21
61 26
61 28
61 33
61 38
61 39
61 43
61 47
61 48
61 54
61 55
61 63
61 81
61 82
61 89
61 92
61 94
61 95
61 97
61 107
61 109
61 111
61 112
61 123
61 125
61 127
62 1
62 6
62 8
62 12
62 22
62 25
62 28
62 31
62 36
62 41
62 44
62 48
62 49
62 50
62 58
62 63
62 65
62 72
62 73
62 77
62 79
62 87
62 92
62 94
62 95
62 96
62 97
62 102
62 105
62 106
62 107
62 108
62 119
62 121
62 122
63 0
63 5
63 9
63 14
63 15
63 19
63 20
63 24
63 26
63 29
63 30
63 32
63 35
63 39
63 47
63 54
63 60
63 61
63 64
63 66
63 68
63 72
63 73
63 74
63 85
63 87
63 88
63 91
63 94
63 97
63 98
63 102
63 103
63 106
63 112
63 117
63 118
63 121
63 122
63 123
63 126
64 0
64 1
64 4
64 5
64 8
64 15
64 16
64 26
64 27
64 32
64 47
64 52
64 61
64 64
64 66
64 71
64 77
64 81
64 82
64 86
64 90
64 91
64 93
64 95
64 97
64 101
64 107
64 108
64 112
64 117
64 118
64 119
64 123
64 126
65 5
65 6
65 9
65 11
65 13
65 16
65 17
65 18
65 19
65 21
65 25
65 29
65 32
65 43
65 46
65 47
65 48
65 53
65 64
65 66
65 68
65 73
65 75
65 76
65 82
65 85
65 89
65 97
65 102
65 108
65 110
65 111
65 117
65 118
65 122
66 4
66 6
66 10
66 11
66 12
66 13
66 20
66 22
66 29
66 31
66 34
66 35
66 37
66 38
66 42
66 46
66 47
66 48
66 49
66 50
66 53
66 58
66 64
66 65
66 66
66 70
66 72
66 80
66 83
66 86
66 95
66 101
66 112
66 114
66 119
66 122
67 0
67 2
67 4
67 7
67 8
67 22
67 27
67 30
67 33
67 38
67 47
67 50
67 54
67 55
67 57
67 59
67 60
67 63
67 64
67 69
67 70
67 74
67 78
67 81
67 82
67 83
67 84
67 86
67 88
67 89
67 92
67 97
67 101
67 107
67 108
67 116
67 120
67 122
67 124
67 125
67 126
68 5
68 7
68 11
68 13
68 19
68 20
68 32
68 35
68 40
68 41
68 43
68 44
68 52
68 54
68 57
68 63
68 70
68 71
68 72
68 80
68 85
68 86
68 87
68 90
68 92
68 97
68 110
68 111
68 113
68 118
68 119
68 120
68 122
68 123
68 124
68 125
69 0
69 3
69 5
69 12
69 13
69 17
69 19
69 22
69 26
69 29
69 31
69 32
69 38
69 39
69 42
69 46
69 48
69 53
69 59
69 63
69 68
69 86
69 91
69 94
69 113
69 119
69 120
70 6
70 15
70 16
70 17
70 22
70 23
70 25
70 31
70 33
70 41
70 48
70 50
70 52
70 55
70 58
70 60
70 64
70 65
70 68
70 69
70 70
70 73
70 77
70 78
70 80
70 82
70 89
70 94
70 103
70 105
70 110
70 115
70 118
70 120
70 123
70 124
70 125
70 126
70 127
71 1
71 2
71 3
71 8
71 11
71 17
71 22
71 24
71 30
71 31
71 32
71 43
71 49
71 53
71 56
71 61
71 65
71 66
71 67
71 68
71 71
71 75
71 78
71 83
71 86
71 88
71 92
71 93
71 94
71 96
71 97
71 98
71 99
71 106
71 107
71 108
71 111
71 115
71 120
71 123
72 2
72 3
72 5
72 6
72 8
72 13
72 16
72 18
72 26
72 31
72 32
72 36
72 39
72 40
72 42
72 44
72 51
72 55
72 60
72 69
72 71
72 73
72 75
72 77
72 78
72 80
72 81
72 90
72 91
72 94
72 95
72 97
72 112
72 113
72 114
72 115
72 119
72 124
72 127
73 1
73 4
73 6
73 7
73 11
73 12
73 15
73 16
73 18
73 19
73 21
73 22
73 24
73 32
73 33
73 35
73 36
73 37
73 38
73 43
73 45
73 47
73 49
73 50
73 52
73 53
73 59
73 60
73 61
73 66
73 70
73 71
73 73
73 74
73 79
73 80
73 81
73 83
73 84
73 85
73 86
73 90
73 93
73 94
73 96
73 97
73 100
73 104
73 110
73 113
73 117
73 124
73 126
74 3
74 10
74 11
74 17
74 22
74 25
74 26
74 27
74 28
74 30
74 36
74 37
74 46
74 47
74 50
74 52
74 54
74 55
74 57
74 58
74 60
74 61
74 65
74 66
74 69
74 72
74 74
74 79
74 82
74 83
74 85
74 90
74 95
74 96
74 97
74 98
74 100
74 102
74 106
74 115
74 116
74 117
74 120
75 0
75 3
75 5
75 6
75 10
75 18
75 22
75 25
75 26
75 28
75 29
75 31
75 32
75 33
75 39
75 40
75 42
75 44
75 46
75 47
75 49
75 55
75 64
75 65
75 72
75 75
75 79
75 83
75 84
75 87
75 89
75 94
75 97
75 98
75 102
75 110
75 112
75 113
75 116
75 126
76 1
76 3
76 6
76 10
76 19
76 21
76 22
76 23
76 24
76 25
76 29
76 36
76 37
76 40
76 49
76 56
76 66
76 67
76 70
76 72
76 74
76 78
76 79
76 82
76 88
76 97
76 101
76 102
76 107
76 111
76 112
76 114
76 115
76 127
77 0
77 2
77 4
77 5
77 6
77 8
77 11
77 14
77 22
77 23
77 25
77 28
77 29
77 31
77 35
77 50
77 52
77 55
77 56
77 60
77 62
77 65
77 69
77 73
77 77
77 84
77 85
77 86
77 88
77 89
77 92
77 93
77 94
77 95
77 108
77 113
77 116
77 118
77 119
77 125
78 5
78 10
78 14
78 15
78 18
78 21
78 23
78 34
78 35
78 37
78 41
78 46
78 50
78 52
78 55
78 57
78 63
78 72
78 77
78 87
78 90
78 91
78 93
78 94
78 99
78 102
78 103
78 104
78 106
78 110
78 111
78 113
78 116
78 117
78 121
78 122
78 124
79 2
79 4
79 8
79 10
79 13
79 18
79 28
79 36
79 45
79 46
79 49
79 50
79 56
79 61
79 63
79 72
79 74
79 76
79 77
79 78
79 79
79 83
79 85
79 92
79 97
79 99
79 102
79 103
79 106
79 108
79 109
79 114
79 118
79 121
79 124
79 125
80 1
80 7
80 8
80 11
80 12
80 14
80 20
80 21
80 24
80 31
80 32
80 34
80 36
80 38
80 39
80 49
80 50
80 52
80 55
80 59
80 60
80 67
80 68
80 78
80 79
80 82
80 84
80 85
80 91
80 93
80 99
80 101
80 104
80 105
80 107
80 112
80 124
80 125
80 127
81 0
81 7
81 10
81 11
81 12
81 20
81 23
81 29
81 30
81 33
81 35
81 38
81 39
81 40
81 43
81 46
81 57
81 58
81 59
81 67
81 72
81 74
81 77
81 90
81 92
81 93
81 94
81 95
81 99
81 100
81 102
81 106
81 110
81 112
81 116
81 117
81 119
81 120
81 122
81 124
81 125
82 4
82 6
82 7
82 11
82 18
82 19
82 20
82 25
82 29
82 30
82 33
82 35
82 36
82 42
82 45
82 46
82 49
82 51
82 53
82 58
82 66
82 69
82 76
82 80
82 82
82 84
82 86
82 87
82 88
82 91
82 93
82 94
82 99
82 101
82 102
82 103
82 104
82 105
82 106
82 107
82 109
82 111
82 119
83 1
83 2
83 4
83 5
83 6
83 10
83 13
83 15
83 18
83 19
83 22
83 24
83 27
83 33
83 34
83 41
83 45
83 47
83 48
83 50
83 51
83 53
83 58
83 62
83 76
83 79
83 89
83 90
83 92
83 97
83 100
83 101
83 103
83 104
83 106
83 107
83 111
83 113
83 117
83 121
83 122
83 127
84 3
84 6
84 7
84 13
84 15
84 16
84 17
84 18
84 20
84 21
84 22
84 24
84 27
84 34
84 36
84 41
84 43
84 44
84 46
84 48
84 49
84 50
84 52
84 59
84 61
84 63
84 64
84 70
84 79
84 82
84 83
84 86
84 89
84 90
84 98
84 99
84 103
84 106
84 108
84 110
84 113
84 114
84 115
84 119
84 120
84 127
85 5
85 6
85 11
85 12
85 14
85 16
85 25
85 29
85 30
85 31
85 43
85 53
85 55
85 57
85 64
85 65
85 66
85 67
85 68
85 69
85 70
85 72
85 74
85 75
85 77
85 82
85 83
85 89
85 91
85 93
85 96
85 101
85 105
85 108
85 109
85 110
85 112
85 114
85 120
85 121
85 122
85 124
85 125
86 1
86 2
86 3
86 9
86 11
86 12
86 13
86 14
86 18
86 20
86 22
86 24
86 25
86 27
86 28
86 31
86 37
86 41
86 43
86 44
86 48
86 49
86 53
86 63
86 64
86 66
86 67
86 68
86 70
86 74
86 83
86 86
86 87
86 88
86 89
86 91
86 92
86 95
86 97
86 101
86 102
86 105
86 113
86 116
86 117
86 118
86 123
86 126
87 3
87 4
87 6
87 8
87 9
87 11
87 12
87 20
87 21
87 27
87 30
87 31
87 32
87 39
87 45
87 57
87 58
87 60
87 63
87 65
87 72
87 73
87 78
87 79
87 80
87 82
87 84
87 85
87 87
87 91
87 102
87 104
87 109
87 114
87 115
87 127
88 0
88 4
88 7
88 8
88 9
88 16
88 21
88 25
88 28
88 31
88 32
88 33
88 35
88 40
88 51
88 52
88 54
88 55
88 57
88 65
88 66
88 72
88 74
88 76
88 79
88 82
88 83
88 87
88 89
88 91
88 94
88 97
88 108
88 109
88 114
88 115
88 116
88 117
88 119
88 125
88 127
89 6
89 9
89 10
89 13
89 23
89 26
89 28
89 31
89 33
89 36
89 39
89 41
89 50
89 52
89 53
89 56
89 67
89 73
89 78
89 80
89 82
89 87
89 91
89 95
89 99
89 100
89 101
89 104
89 109
89 110
89 112
89 113
89 116
89 122
89 123
89 124
90 0
90 4
90 5
90 7
90 9
90 12
90 14
90 15
90 17
90 22
90 34
90 36
90 37
90 39
90 40
90 42
90 52
90 57
90 58
90 61
90 66
90 67
90 72
90 75
90 82
90 83
90 85
90 97
90 106
90 107
90 118
90 121
91 0
91 9
91 10
91 14
91 19
91 21
91 26
91 27
91 28
91 29
91 30
91 32
91 34
91 35
91 40
91 46
91 51
91 57
91 58
91 63
91 65
91 66
91 71
91 82
91 83
91 86
91 88
91 90
91 92
91 98
91 99
91 100
91 101
91 103
91 105
91 107
91 110
91 117
91 120
91 121
91 124
91 127
92 10
92 13
92 14
92 15
92 21
92 24
92 27
92 28
92 34
92 35
92 41
92 43
92 49
92 59
92 69
92 74
92 81
92 86
92 87
92 88
92 89
92 90
92 102
92 107
92 108
92 112
92 116
92 118
92 122
92 125
93 13
93 18
93 19
93 20
93 21
93 23
93 26
93 28
93 31
93 37
93 38
93 41
93 45
93 47
93 50
93 54
93 55
93 57
93 63
93 69
93 76
93 77
93 79
93 80
93 91
93 92
93 99
93 101
93 102
93 103
93 109
93 115
93 122
93 123
93 125
93 127
94 9
94 13
94 18
94 27
94 35
94 38
94 40
94 41
94 46
94 47
94 49
94 52
94 53
94 67
94 71
94 73
94 77
94 78
94 80
94 84
94 85
94 86
94 87
94 89
94 91
94 92
94 94
94 98
94 99
94 103
94 105
94 106
94 119
94 120
94 123
94 125
95 6
95 9
95 10
95 12
95 13
95 16
95 17
95 18
95 19
95 20
95 23
95 26
95 29
95 30
95 33
95 34
95 42
95 48
95 49
95 55
95 58
95 65
95 67
95 75
95 79
95 83
95 85
95 90
95 91
95 92
95 94
95 98
95 108
95 113
95 117
95 119
95 121
95 124
96 6
96 9
96 12
96 19
96 20
96 21
96 22
96 25
96 32
96 37
96 38
96 44
96 47
96 48
96 52
96 53
96 60
96 61
96 65
96 66
96 76
96 77
96 79
96 84
96 87
96 93
96 95
96 96
96 100
96 102
96 103
96 104
96 107
96 117
96 119
96 126
97 5
97 6
97 10
97 12
97 21
97 23
97 26
97 28
97 29
97 31
97 34
97 35
97 37
97 41
97 49
97 60
97 66
97 67
97 69
97 72
97 76
97 80
97 83
97 92
97 95
97 100
97 101
97 105
97 110
97 111
97 112
97 113
97 114
97 116
97 122
97 126
98 2
98 4
98 8
98 12
98 13
98 14
98 15
98 19
98 21
98 23
98 24
98 27
98 28
98 30
98 32
98 33
98 36
98 40
98 41
98 44
98 45
98 46
98 47
98 50
98 52
98 55
98 56
98 58
98 59
98 65
98 68
98 69
98 74
98 75
98 79
98 85
98 93
98 95
98 96
98 97
98 102
98 113
98 121
99 1
99 8
99 10
99 11
99 15
99 17
99 18
99 20
99 21
99 24
99 25
99 33
99 36
99 37
99 39
99 40
99 42
99 44
99 47
99 57
99 59
99 60
99 64
99 72
99 74
99 78
99 84
99 90
99 95
99 99
99 102
99 103
99 104
99 106
99 108
99 109
99 111
99 112
100 6
100 8
100 9
100 10
100 12
100 13
100 14
100 16
100 23
100 24
100 25
100 26
100 28
100 29
100 32
100 34
100 38
100 39
100 42
100 46
100 47
100 48
100 49
100 56
100 59
100 62
100 76
100 80
100 82
100 85
100 90
100 91
100 93
100 94
100 107
100 109
100 111
100 112
100 113
100 119
100 120
101 6
101 14
101 18
101 19
101 26
101 29
101 31
101 36
101 40
101 46
101 48
101 49
101 50
101 53
101 54
101 55
101 58
101 59
101 60
101 63
101 67
101 71
101 79
101 93
101 100
101 101
101 104
101 105
101 109
101 113
101 127
102 1
102 3
102 4
102 6
102 7
102 8
102 10
102 18
102 25
102 27
102 30
102 31
102 34
102 42
102 44
102 47
102 50
102 51
102 53
102 55
102 58
102 59
102 61
102 71
102 73
102 77
102 80
102 83
102 85
102 86
102 88
102 91
102 94
102 96
102 107
102 111
102 112
102 117
102 123
102 125
103 9
103 11
103 17
103 18
103 19
103 21
103 22
103 24
103 26
103 29
103 36
103 43
103 44
103 48
103 64
103 66
103 74
103 76
103 79
103 80
103 85
103 92
103 94
103 96
103 103
103 109
103 113
103 114
103 115
103 116
103 118
103 125
103 126
104 1
104 3
104 9
104 10
104 16
104 17
104 19
104 23
104 24
104 26
104 27
104 30
104 33
104 35
104 40
104 46
104 51
104 58
104 60
104 62
104 66
104 69
104 70
104 74
104 77
104 82
104 84
104 85
104 86
104 89
104 93
104 95
104 96
104 100
104 102
104 103
104 105
104 110
104 112
104 113
104 114
104 115
104 125
104 127
105 1
105 6
105 7
105 8
105 9
105 12
105 13
105 18
105 19
105 20
105 24
105 28
105 34
105 35
105 37
105 38
105 39
105 40
105 47
105 48
105 49
105 54
105 58
105 62
105 63
105 66
105 67
105 68
105 69
105 89
105 92
105 95
105 99
105 100
105 101
105 108
105 111
105 112
105 114
105 117
105 120
105 124
105 126
106 2
106 5
106 6
106 7
106 9
106 10
106 21
106 23
106 27
106 28
106 33
106 38
106 45
106 46
106 52
106 53
106 62
106 67
106 71
106 73
106 74
106 79
106 86
106 89
106 91
106 97
106 101
106 105
106 106
106 109
106 110
106 114
106 116
106 118
106 120
106 123
106 124
106 125
107 6
107 7
107 11
107 15
107 17
107 19
107 28
107 38
107 40
107 53
107 54
107 56
107 64
107 68
107 69
107 70
107 76
107 78
107 80
107 84
107 86
107 88
107 96
107 102
107 105
107 106
107 107
107 109
107 112
107 114
107 119
107 121
107 123
107 127
108 9
108 10
108 11
108 12
108 13
108 18
108 19
108 28
108 29
108 32
108 35
108 37
108 40
108 41
108 45
108 47
108 49
108 55
108 58
108 59
108 62
108 65
108 77
108 79
108 80
108 85
108 91
108 93
108 95
108 96
108 103
108 107
108 110
108 111
108 115
108 117
108 120
109 0
109 1
109 4
109 5
109 9
109 11
109 12
109 16
109 18
109 20
109 22
109 23
109 25
109 30
109 37
109 38
109 46
109 47
109 48
109 52
109 54
109 59
109 62
109 67
109 70
109 72
109 78
109 83
109 84
109 88
109 96
109 97
109 98
109 102
109 105
109 106
109 109
109 110
109 113
109 114
109 118
109 127
110 3
110 6
110 7
110 15
110 16
110 18
110 23
110 24
110 33
110 35
110 36
110 38
110 41
110 42
110 47
110 48
110 54
110 56
110 57
110 59
110 68
110 76
110 79
110 81
110 82
110 83
110 84
110 86
110 89
110 90
110 93
110 95
110 99
110 101
110 102
110 108
110 113
110 115
110 116
110 118
110 121
110 122
110 125
110 127
111 3
111 4
111 6
111 9
111 10
111 11
111 16
111 19
111 21
111 22
111 26
111 29
111 31
111 32
111 33
111 34
111 39
111 42
111 43
111 47
111 49
111 51
111 58
111 59
111 67
111 68
111 77
111 80
111 85
111 86
111 90
111 91
111 92
111 93
111 96
111 99
111 104
111 120
111 126
112 5
112 9
112 18
112 20
112 29
112 32
112 34
112 36
112 39
112 40
112 42
112 44
112 47
112 49
112 51
112 55
112 58
112 61
112 62
112 64
112 69
112 70
112 74
112 75
112 77
112 81
112 83
112 92
112 93
112 95
112 97
112 102
112 106
112 107
112 108
112 110
112 115
112 119
112 120
113 8
113 12
113 14
113 18
113 19
113 21
113 28
113 29
113 34
113 39
113 42
113 43
113 45
113 46
113 48
113 51
113 56
113 60
113 62
113 66
113 71
113 83
113 95
113 102
113 103
113 106
113 107
113 109
113 110
113 120
113 122
114 6
114 8
114 9
114 12
114 19
114 20
114 22
114 24
114 26
114 30
114 33
114 35
114 37
114 38
114 44
114 46
114 48
114 51
114 53
114 56
114 57
114 60
114 63
114 64
114 65
114 71
114 74
114 79
114 80
114 83
114 84
114 94
114 96
114 98
114 99
114 101
114 105
114 106
114 110
114 112
114 113
114 114
114 116
114 121
114 122
115 0
115 6
115 8
115 12
115 14
115 16
115 17
115 19
115 21
115 23
115 24
115 25
115 26
115 29
115 31
115 36
115 38
115 40
115 44
115 57
115 58
115 59
115 67
115 71
115 77
115 82
115 83
115 84
115 87
115 93
115 95
115 99
115 112
115 113
115 114
115 115
115 116
115 119
115 124
115 127
116 0
116 1
116 4
116 10
116 11
116 13
116 15
116 16
116 18
116 22
116 23
116 33
116 34
116 36
116 41
116 42
116 43
116 44
116 45
116 49
116 50
116 51
116 52
116 53
116 54
116 58
116 60
116 61
116 66
116 74
116 75
116 78
116 80
116 83
116 85
116 87
116 88
116 93
116 97
116 99
116 100
116 102
116 103
116 104
116 110
116 111
116 118
116 124
116 127
117 0
117 1
117 4
117 6
117 11
117 12
117 13
117 15
117 18
117 19
117 21
117 22
117 23
117 30
117 33
117 35
117 37
117 42
117 45
117 47
117 52
117 54
117 55
117 58
117 59
117 60
117 63
117 64
117 65
117 68
117 69
117 70
117 71
117 72
117 76
117 77
117 78
117 81
117 82
117 84
117 86
117 87
117 89
117 90
117 94
117 97
117 100
117 103
117 104
117 107
117 109
117 110
117 117
117 119
117 121
117 123
118 10
118 12
118 16
118 17
118 18
118 27
118 35
118 42
118 44
118 52
118 53
118 55
118 58
118 59
118 60
118 63
118 65
118 66
118 69
118 77
118 81
118 84
118 86
118 99
118 104
118 111
118 114
118 120
118 122
119 3
119 13
119 16
119 19
119 22
119 24
119 27
119 28
119 31
119 35
119 42
119 46
119 47
119 48
119 51
119 56
119 60
119 69
119 70
119 71
119 73
119 75
119 76
119 80
119 88
119 96
119 98
119 106
119 108
119 109
119 112
119 117
119 119
119 125
120 10
120 11
120 14
120 20
120 21
120 22
120 24
120 28
120 30
120 32
120 41
120 46
120 53
120 60
120 62
120 64
120 65
120 66
120 76
120 77
120 80
120 81
120 93
120 94
120 95
120 99
120 103
120 105
120 110
120 116
120 121
120 124
120 126
121 7
121 11
121 13
121 15
121 17
121 19
121 20
121 27
121 31
121 34
121 51
121 52
121 55
121 60
121 61
121 67
121 74
121 75
121 80
121 84
121 92
121 94
121 95
121 109
121 113
121 114
121 123
121 125
121 126
122 0
122 3
122 4
122 5
122 6
122 7
122 15
122 17
122 22
122 29
122 31
122 38
122 50
122 51
122 57
122 64
122 66
122 79
122 81
122 85
122 89
122 95
122 104
122 107
122 112
122 114
122 116
122 120
122 122
122 125
122 126
123 0
123 1
123 4
123 13
123 17
123 19
123 22
123 24
123 25
123 30
123 31
123 33
123 35
123 36
123 38
123 39
123 40
123 45
123 52
123 53
123 55
123 56
123 57
123 62
123 63
123 65
123 75
123 77
123 86
123 94
123 97
123 99
123 103
123 105
123 106
123 108
123 113
123 114
123 115
123 120
123 122
123 127
124 0
124 2
124 3
124 4
124 15
124 16
124 18
124 23
124 25
124 36
124 40
124 42
124 44
124 47
124 49
124 52
124 55
124 60
124 71
124 75
124 76
124 80
124 84
124 85
124 87
124 89
124 95
124 101
124 105
124 108
124 114
124 117
124 123
124 125
125 17
125 19
125 22
125 24
125 26
125 28
125 31
125 37
125 39
125 41
125 45
125 46
125 47
125 52
125 53
125 56
125 57
125 58
125 60
125 62
125 65
125 69
125 77
125 78
125 79
125 81
125 89
125 105
125 106
125 111
125 112
125 114
125 116
125 117
125 119
125 120
125 125
126 3
126 4
126 10
126 11
126 18
126 22
126 23
126 26
126 27
126 31
126 40
126 43
126 44
126 48
126 49
126 63
126 65
126 66
126 67
126 68
126 74
126 75
126 83
126 85
126 88
126 89
126 90
126 93
126 98
126 101
126 108
126 113
126 116
126 121
127 2
127 3
127 5
127 17
127 18
127 19
127 26
127 29
127 30
127 32
127 34
127 36
127 44
127 53
127 56
127 58
127 59
127 60
127 64
127 70
127 71
127 78
127 82
127 97
127 98
127 107
127 110
127 118
127 121
127 125
