0 14
0 20
0 22
0 35
0 37
0 43
0 49
0 59
0 76
0 91
0 92
0 109
1 4
1 10
1 13
1 18
1 22
1 32
1 38
1 40
1 57
1 60
1 68
1 72
1 75
1 84
1 92
1 101
1 107
1 119
1 121
1 127
2 0
2 1
2 5
2 6
2 9
2 11
2 17
2 19
2 30
2 38
2 39
2 44
2 58
2 64
2 74
2 79
2 81
2 84
2 85
2 89
2 95
2 102
2 104
2 112
2 117
2 119
2 124
3 17
3 18
3 26
3 27
3 37
3 39
3 41
3 45
3 51
3 54
3 55
3 59
3 64
3 71
3 73
3 78
3 90
3 93
3 101
3 103
3 105
3 108
3 112
3 113
3 114
3 115
3 126
4 6
4 10
4 13
4 14
4 16
4 22
4 23
4 27
4 42
4 45
4 62
4 63
4 65
4 77
4 91
4 92
4 93
4 94
4 96
4 99
4 111
4 115
4 124
5 0
5 2
5 5
5 13
5 14
5 16
5 18
5 22
5 24
5 25
5 31
5 35
5 38
5 39
5 44
5 46
5 47
5 48
5 61
5 82
5 91
5 93
5 100
5 109
5 111
5 113
5 118
6 9
6 12
6 16
6 26
6 39
6 46
6 52
6 58
6 61
6 65
6 78
6 79
6 81
6 83
6 90
6 104
6 107
6 112
6 121
7 2
7 10
7 14
7 15
7 20
7 22
7 23
7 25
7 28
7 29
7 33
7 37
7 48
7 54
7 55
7 61
7 67
7 71
7 74
7 83
7 95
7 106
7 115
7 116
7 121
7 127
8 0
8 10
8 11
8 13
8 16
8 20
8 22
8 24
8 32
8 36
8 38
8 42
8 46
8 59
8 64
8 68
8 73
8 76
8 84
8 91
8 97
8 100
8 108
8 109
8 110
8 111
8 112
8 115
9 9
9 18
9 23
9 25
9 26
9 31
9 34
9 39
9 40
9 41
9 71
9 77
9 79
9 81
9 83
9 92
9 98
9 101
9 105
9 110
9 113
9 117
9 122
9 125
9 127
10 1
10 3
10 6
10 7
10 9
10 15
10 22
10 26
10 28
10 33
10 35
10 37
10 40
10 43
10 52
10 60
10 66
10 78
10 82
10 83
10 86
10 90
10 91
10 92
10 94
10 98
10 102
10 112
10 115
10 118
10 119
10 125
11 1
11 2
11 13
11 14
11 23
11 25
11 27
11 31
11 40
11 42
11 49
11 54
11 64
11 66
11 70
11 71
11 77
11 81
11 83
11 86
11 90
11 91
11 92
11 96
11 99
11 103
11 108
11 118
11 122
11 125
12 1
12 2
12 4
12 6
12 12
12 14
12 17
12 19
12 21
12 24
12 29
12 30
12 31
12 41
12 43
12 53
12 67
12 68
12 71
12 72
12 77
12 83
12 88
12 90
12 104
12 110
12 114
12 115
12 117
12 120
13 0
13 2
13 3
13 7
13 17
13 23
13 27
13 31
13 39
13 45
13 47
13 48
13 59
13 73
13 75
13 81
13 82
13 83
13 84
13 85
13 94
13 103
13 104
13 105
13 108
13 110
13 113
13 114
13 124
14 3
14 4
14 12
14 14
14 20
14 40
14 44
14 47
14 48
14 49
14 51
14 54
14 55
14 59
14 62
14 74
14 75
14 85
14 90
14 94
14 95
14 99
14 105
15 4
15 8
15 14
15 23
15 24
15 26
15 33
15 39
15 40
15 43
15 47
15 55
15 58
15 67
15 69
15 79
15 81
15 83
15 85
15 91
15 95
15 100
15 113
15 115
15 118
15 119
15 120
15 126
16 1
16 2
16 7
16 14
16 17
16 18
16 21
16 27
16 30
16 35
16 40
16 41
16 46
16 48
16 65
16 74
16 80
16 99
16 100
16 106
16 108
16 114
16 118
16 123
16 124
17 8
17 15
17 24
17 27
17 28
17 33
17 34
17 41
17 42
17 45
17 49
17 62
17 64
17 67
17 70
17 73
17 76
17 80
17 87
17 96
17 97
17 100
17 102
17 112
17 114
18 7
18 9
18 17
18 22
18 43
18 49
18 52
18 69
18 70
18 72
18 75
18 80
18 81
18 87
18 88
18 93
18 107
18 108
18 109
18 110
18 119
18 125
19 0
19 1
19 9
19 14
19 17
19 27
19 29
19 31
19 37
19 39
19 48
19 53
19 57
19 58
19 59
19 60
19 61
19 65
19 71
19 75
19 76
19 81
19 83
19 89
19 98
19 107
19 108
19 114
19 124
19 126
20 1
20 13
20 19
20 21
20 40
20 41
20 45
20 61
20 66
20 67
20 76
20 78
20 82
20 96
20 97
20 105
20 106
20 109
20 112
20 118
20 123
21 3
21 6
21 7
21 8
21 13
21 15
21 25
21 42
21 54
21 59
21 61
21 68
21 72
21 74
21 78
21 86
21 89
21 91
21 102
21 103
21 106
21 114
22 3
22 7
22 22
22 34
22 36
22 37
22 38
22 42
22 51
22 53
22 55
22 63
22 71
22 72
22 77
22 79
22 85
22 94
22 97
22 98
22 100
22 105
22 106
22 116
22 118
22 120
22 121
22 124
23 1
23 6
23 10
23 13
23 19
23 23
23 31
23 35
23 36
23 42
23 53
23 55
23 58
23 60
23 62
23 71
23 75
23 76
23 77
23 88
23 92
23 103
23 110
23 117
23 118
23 122
24 3
24 8
24 11
24 12
24 13
24 22
24 30
24 31
24 33
24 35
24 36
24 43
24 44
24 66
24 67
24 68
24 82
24 84
24 88
24 90
24 96
24 97
24 99
24 103
24 106
24 108
24 112
24 114
24 116
25 4
25 6
25 10
25 19
25 23
25 24
25 26
25 32
25 37
25 40
25 45
25 53
25 62
25 66
25 71
25 78
25 85
25 87
25 93
25 94
25 95
25 97
25 101
25 105
25 106
25 112
25 115
25 116
25 122
25 123
26 8
26 25
26 28
26 30
26 35
26 37
26 39
26 41
26 49
26 58
26 59
26 70
26 77
26 81
26 82
26 84
26 86
26 88
26 102
26 109
26 110
26 121
26 127
27 5
27 8
27 10
27 15
27 20
27 29
27 31
27 33
27 35
27 37
27 45
27 52
27 53
27 69
27 77
27 79
27 82
27 83
27 90
27 91
27 97
27 98
27 104
27 108
27 110
27 118
27 120
28 2
28 7
28 8
28 10
28 11
28 14
28 16
28 23
28 27
28 29
28 30
28 34
28 35
28 36
28 44
28 45
28 53
28 57
28 60
28 62
28 68
28 70
28 71
28 75
28 76
28 79
28 86
28 93
28 95
28 97
28 98
28 102
28 108
28 118
29 9
29 11
29 15
29 16
29 18
29 26
29 30
29 32
29 38
29 39
29 41
29 43
29 56
29 57
29 62
29 63
29 85
29 87
29 94
29 95
29 107
29 115
29 119
30 0
30 3
30 9
30 14
30 20
30 22
30 27
30 28
30 32
30 36
30 45
30 47
30 48
30 54
30 64
30 65
30 67
30 71
30 74
30 98
30 103
30 107
30 108
30 110
30 112
30 114
30 115
30 118
31 0
31 5
31 9
31 10
31 13
31 20
31 22
31 25
31 27
31 33
31 43
31 50
31 51
31 56
31 66
31 80
31 81
31 90
31 93
31 95
31 96
31 97
31 109
31 115
31 122
31 127
32 2
32 4
32 6
32 9
32 10
32 13
32 17
32 23
32 28
32 36
32 45
32 47
32 48
32 58
32 59
32 60
32 64
32 65
32 66
32 78
32 86
32 88
32 89
32 95
32 102
32 104
32 107
32 108
32 118
32 119
32 120
33 3
33 16
33 19
33 24
33 26
33 30
33 38
33 42
33 44
33 47
33 50
33 59
33 63
33 64
33 73
33 74
33 76
33 82
33 83
33 91
33 97
33 101
33 112
33 113
33 115
33 120
33 121
33 127
34 1
34 13
34 24
34 27
34 31
34 35
34 39
34 42
34 46
34 47
34 55
34 62
34 71
34 83
34 85
34 88
34 93
34 96
34 98
34 108
34 109
34 110
34 113
34 117
34 120
34 121
34 126
35 4
35 5
35 11
35 17
35 18
35 19
35 25
35 28
35 37
35 42
35 47
35 61
35 75
35 78
35 79
35 82
35 85
35 90
35 91
35 97
35 98
35 100
35 103
35 104
35 109
35 110
35 112
35 113
35 119
36 14
36 15
36 30
36 32
36 41
36 42
36 58
36 59
36 60
36 65
36 76
36 79
36 85
36 94
36 99
36 100
36 105
36 107
36 113
36 116
36 121
36 122
37 12
37 14
37 24
37 25
37 26
37 27
37 31
37 35
37 36
37 42
37 51
37 52
37 53
37 59
37 64
37 73
37 77
37 83
37 88
37 92
37 101
37 103
37 108
37 109
37 111
37 114
37 117
38 5
38 7
38 9
38 27
38 28
38 30
38 31
38 32
38 37
38 42
38 44
38 47
38 51
38 57
38 60
38 63
38 67
38 70
38 82
38 89
38 95
38 98
38 102
38 106
38 107
38 112
38 114
38 119
38 120
38 121
38 124
39 1
39 4
39 5
39 6
39 8
39 10
39 11
39 19
39 27
39 31
39 34
39 50
39 55
39 56
39 62
39 78
39 93
39 95
39 97
39 99
39 100
39 103
39 106
39 107
39 112
39 117
39 125
40 0
40 1
40 3
40 11
40 12
40 14
40 19
40 23
40 30
40 40
40 41
40 43
40 51
40 52
40 55
40 57
40 58
40 60
40 64
40 70
40 80
40 89
40 98
40 100
40 104
40 106
40 114
40 116
40 120
40 123
40 125
41 0
41 11
41 14
41 16
41 18
41 19
41 22
41 23
41 25
41 32
41 44
41 48
41 51
41 57
41 58
41 62
41 79
41 82
41 84
41 96
41 101
41 115
41 121
42 2
42 12
42 13
42 15
42 27
42 28
42 34
42 37
42 38
42 42
42 58
42 63
42 78
42 82
42 83
42 87
42 93
42 94
42 98
42 100
42 105
42 110
42 111
42 120
42 121
42 125
43 3
43 7
43 11
43 18
43 20
43 24
43 43
43 48
43 53
43 62
43 67
43 72
43 85
43 92
43 97
43 98
43 99
43 100
43 103
43 107
43 119
43 124
44 4
44 7
44 8
44 9
44 11
44 15
44 18
44 19
44 20
44 22
44 24
44 26
44 32
44 38
44 42
44 44
44 49
44 54
44 56
44 57
44 73
44 74
44 83
44 88
44 92
44 95
44 97
44 99
44 108
44 113
44 114
44 121
44 122
45 1
45 26
45 27
45 31
45 42
45 52
45 56
45 58
45 64
45 65
45 69
45 72
45 73
45 75
45 76
45 77
45 78
45 80
45 83
45 84
45 85
45 86
45 92
45 114
45 115
46 2
46 8
46 13
46 15
46 18
46 21
46 26
46 29
46 30
46 31
46 34
46 44
46 56
46 57
46 58
46 59
46 68
46 76
46 83
46 94
46 97
46 99
46 101
46 106
47 0
47 12
47 22
47 31
47 37
47 39
47 44
47 46
47 49
47 53
47 54
47 58
47 60
47 64
47 65
47 70
47 71
47 77
47 81
47 90
47 104
47 106
47 107
47 112
47 113
47 116
47 118
47 125
47 126
48 3
48 9
48 18
48 19
48 40
48 42
48 47
48 48
48 52
48 55
48 57
48 64
48 66
48 73
48 75
48 81
48 83
48 87
48 91
48 97
48 109
48 110
48 123
48 126
49 0
49 16
49 24
49 28
49 29
49 40
49 45
49 46
49 51
49 72
49 75
49 85
49 86
49 91
49 100
49 103
49 109
49 112
50 0
50 1
50 2
50 3
50 4
50 5
50 12
50 21
50 25
50 34
50 35
50 36
50 55
50 56
50 59
50 61
50 62
50 63
50 65
50 83
50 84
50 85
50 92
50 94
50 95
50 98
50 101
50 102
50 116
50 117
50 118
50 120
50 125
50 127
51 1
51 6
51 15
51 36
51 48
51 56
51 76
51 78
51 88
51 91
51 100
51 102
51 104
51 105
51 111
51 113
51 122
52 0
52 4
52 10
52 11
52 15
52 20
52 33
52 36
52 37
52 42
52 44
52 45
52 58
52 68
52 75
52 77
52 85
52 92
52 93
52 116
52 124
53 9
53 10
53 11
53 16
53 20
53 21
53 23
53 25
53 28
53 31
53 37
53 40
53 45
53 46
53 48
53 55
53 56
53 81
53 87
53 95
53 103
53 116
53 123
53 124
54 1
54 5
54 6
54 9
54 18
54 38
54 41
54 42
54 44
54 53
54 56
54 71
54 72
54 74
54 77
54 79
54 81
54 87
54 93
54 96
54 99
54 100
54 101
54 102
54 105
54 107
54 114
54 115
54 117
55 7
55 14
55 15
55 19
55 20
55 21
55 22
55 24
55 25
55 26
55 37
55 40
55 43
55 44
55 46
55 55
55 58
55 59
55 63
55 64
55 76
55 78
55 86
55 93
55 103
55 105
55 106
55 107
55 112
55 127
56 11
56 17
56 29
56 33
56 36
56 41
56 42
56 46
56 50
56 58
56 62
56 63
56 64
56 67
56 68
56 70
56 72
56 79
56 86
56 87
56 88
56 101
56 106
56 113
56 114
56 126
56 127
57 0
57 1
57 2
57 5
57 7
57 18
57 24
57 45
57 46
57 47
57 52
57 63
57 66
57 79
57 85
57 88
57 89
57 94
57 98
57 121
57 123
57 126
57 127
58 0
58 7
58 11
58 12
58 18
58 24
58 26
58 29
58 39
58 42
58 51
58 62
58 66
58 71
58 75
58 78
58 81
58 83
58 92
58 99
58 102
58 118
58 122
59 5
59 6
59 7
59 11
59 14
59 18
59 27
59 34
59 37
59 40
59 57
59 60
59 68
59 73
59 110
59 113
59 123
59 124
59 125
59 126
60 1
60 10
60 17
60 19
60 23
60 25
60 35
60 40
60 43
60 47
60 50
60 58
60 61
60 67
60 68
60 75
60 78
60 87
60 89
60 90
60 95
60 99
60 100
60 108
60 124
60 125
61 2
61 6
61 14
61 18
61 33
61 42
61 49
61 53
61 55
61 62
61 66
61 73
61 81
61 90
61 91
61 105
61 107
61 111
61 113
61 114
62 1
62 8
62 17
62 23
62 43
62 44
62 48
62 56
62 59
62 64
62 83
62 87
62 103
62 104
62 120
62 123
63 1
63 12
63 25
63 29
63 32
63 42
63 57
63 67
63 71
63 76
63 77
63 78
63 79
63 81
63 100
63 103
63 109
63 125
63 127
64 3
64 4
64 10
64 13
64 17
64 21
64 27
64 31
64 33
64 37
64 38
64 41
64 51
64 56
64 59
64 60
64 63
64 67
64 69
64 70
64 79
64 84
64 85
64 92
64 96
64 99
64 102
64 107
64 119
64 120
65 2
65 4
65 6
65 10
65 26
65 27
65 30
65 49
65 50
65 65
65 68
65 69
65 71
65 76
65 77
65 80
65 85
65 97
65 99
65 100
65 103
65 106
65 115
65 120
66 0
66 2
66 6
66 7
66 11
66 16
66 19
66 20
66 24
66 27
66 35
66 49
66 59
66 62
66 63
66 72
66 74
66 84
66 104
66 118
66 119
66 121
67 3
67 5
67 20
67 23
67 25
67 26
67 27
67 34
67 37
67 38
67 43
67 51
67 53
67 55
67 62
67 64
67 66
67 67
67 68
67 87
67 89
67 91
67 92
67 98
67 100
67 102
67 104
67 106
67 108
67 109
67 111
67 113
67 115
67 116
67 118
67 121
67 123
67 124
67 126
67 127
68 1
68 5
68 10
68 15
68 27
68 28
68 35
68 45
68 49
68 55
68 56
68 57
68 66
68 68
68 69
68 73
68 79
68 86
68 87
68 106
68 107
69 1
69 10
69 35
69 37
69 42
69 44
69 50
69 59
69 60
69 67
69 77
69 81
69 82
69 92
69 99
69 106
69 107
69 113
69 114
69 119
69 125
69 126
70 1
70 5
70 16
70 24
70 32
70 36
70 37
70 38
70 41
70 48
70 49
70 50
70 52
70 57
70 63
70 66
70 70
70 81
70 89
70 90
70 93
70 95
70 106
70 108
70 109
70 112
70 118
70 119
70 120
71 1
71 4
71 10
71 18
71 26
71 36
71 41
71 42
71 44
71 52
71 62
71 66
71 71
71 75
71 77
71 103
71 119
71 120
71 125
72 0
72 12
72 21
72 22
72 23
72 24
72 27
72 40
72 44
72 45
72 50
72 53
72 58
72 65
72 67
72 71
72 77
72 80
72 93
72 94
72 99
72 109
72 116
72 118
72 119
72 124
73 5
73 11
73 13
73 17
73 23
73 24
73 25
73 38
73 45
73 55
73 61
73 63
73 69
73 72
73 76
73 80
73 85
73 89
73 94
73 96
73 97
73 99
73 110
73 115
73 122
73 124
73 127
74 1
74 5
74 7
74 14
74 17
74 18
74 22
74 26
74 29
74 32
74 34
74 35
74 45
74 50
74 59
74 66
74 69
74 74
74 77
74 94
74 99
74 102
74 110
74 113
74 119
74 122
74 125
75 5
75 17
75 18
75 31
75 36
75 38
75 39
75 43
75 51
75 57
75 64
75 66
75 75
75 87
75 93
75 94
75 97
75 103
75 109
75 117
75 118
75 120
76 11
76 31
76 32
76 41
76 45
76 49
76 54
76 55
76 57
76 65
76 68
76 71
76 76
76 77
76 78
76 83
76 86
76 92
76 96
76 97
76 99
76 101
76 112
76 122
76 125
77 3
77 10
77 30
77 38
77 46
77 50
77 53
77 61
77 64
77 70
77 71
77 84
77 86
77 99
77 107
77 115
77 118
78 1
78 3
78 4
78 7
78 10
78 15
78 17
78 19
78 27
78 41
78 47
78 53
78 55
78 57
78 63
78 66
78 74
78 82
78 89
78 92
78 93
78 100
78 106
78 113
78 114
78 117
78 120
78 125
79 2
79 8
79 12
79 14
79 16
79 19
79 25
79 30
79 32
79 44
79 52
79 62
79 64
79 73
79 74
79 80
79 83
79 91
79 93
79 95
79 99
79 105
79 106
79 109
79 113
79 114
79 115
79 118
79 120
79 122
79 127
80 4
80 9
80 10
80 16
80 22
80 23
80 26
80 33
80 36
80 48
80 49
80 52
80 62
80 71
80 73
80 75
80 83
80 84
80 86
80 87
80 93
80 94
80 104
80 108
80 110
80 126
81 2
81 7
81 9
81 10
81 11
81 24
81 28
81 29
81 31
81 41
81 44
81 49
81 52
81 54
81 56
81 57
81 68
81 71
81 75
81 77
81 83
81 84
81 87
81 90
81 92
81 94
81 98
81 102
81 104
81 107
81 110
81 119
81 120
81 121
82 19
82 23
82 24
82 32
82 34
82 38
82 40
82 44
82 45
82 51
82 53
82 54
82 58
82 63
82 64
82 72
82 73
82 83
82 89
82 95
82 104
82 113
82 123
83 10
83 12
83 22
83 23
83 24
83 29
83 34
83 39
83 43
83 44
83 49
83 57
83 62
83 67
83 71
83 72
83 75
83 85
83 88
83 97
83 100
83 101
83 106
83 107
83 119
83 124
84 1
84 7
84 8
84 9
84 15
84 16
84 40
84 47
84 49
84 55
84 56
84 63
84 75
84 82
84 89
84 102
84 108
84 109
84 113
84 119
84 120
84 123
85 1
85 2
85 4
85 6
85 12
85 15
85 18
85 22
85 25
85 32
85 36
85 38
85 39
85 57
85 65
85 67
85 78
85 79
85 80
85 81
85 84
85 85
85 90
85 99
85 104
85 108
85 117
85 125
86 12
86 16
86 17
86 24
86 32
86 33
86 35
86 41
86 42
86 43
86 46
86 48
86 52
86 55
86 62
86 63
86 67
86 79
86 86
86 88
86 94
86 95
86 99
86 101
86 102
86 104
86 109
86 123
87 5
87 23
87 26
87 30
87 34
87 42
87 47
87 51
87 52
87 55
87 59
87 60
87 66
87 70
87 78
87 84
87 88
87 91
87 94
87 115
87 116
87 118
87 121
88 1
88 14
88 17
88 23
88 33
88 34
88 37
88 38
88 43
88 44
88 49
88 54
88 62
88 70
88 74
88 95
88 104
88 106
88 116
88 117
88 123
88 127
89 1
89 6
89 7
89 10
89 21
89 23
89 24
89 43
89 45
89 55
89 57
89 60
89 73
89 76
89 79
89 90
89 91
89 92
89 98
89 99
89 104
89 108
89 118
89 121
90 4
90 7
90 18
90 19
90 23
90 25
90 29
90 31
90 32
90 37
90 38
90 39
90 44
90 46
90 54
90 56
90 58
90 61
90 62
90 63
90 73
90 92
90 103
90 105
90 119
90 121
90 125
91 4
91 7
91 12
91 20
91 31
91 32
91 37
91 56
91 59
91 61
91 62
91 66
91 67
91 75
91 76
91 94
91 95
91 100
91 102
91 106
91 107
91 116
91 117
91 118
91 124
91 126
92 5
92 11
92 17
92 28
92 48
92 50
92 51
92 55
92 58
92 66
92 68
92 73
92 79
92 85
92 86
92 87
92 88
92 92
92 95
92 96
92 99
92 108
93 4
93 8
93 11
93 15
93 19
93 20
93 21
93 22
93 23
93 29
93 40
93 47
93 48
93 50
93 53
93 59
93 62
93 64
93 80
93 81
93 82
93 110
93 118
93 120
93 124
94 3
94 6
94 9
94 10
94 13
94 27
94 29
94 32
94 43
94 60
94 71
94 77
94 88
94 89
94 92
94 93
94 94
94 97
94 107
94 116
94 117
94 122
94 124
94 125
95 0
95 7
95 8
95 10
95 14
95 15
95 19
95 33
95 34
95 35
95 47
95 48
95 49
95 60
95 67
95 73
95 76
95 81
95 86
95 90
95 91
95 92
95 94
95 102
95 115
95 117
96 11
96 15
96 17
96 24
96 25
96 33
96 39
96 50
96 62
96 63
96 65
96 66
96 69
96 70
96 73
96 84
96 86
96 87
96 92
96 101
96 116
96 117
96 122
96 123
96 127
97 3
97 10
97 14
97 18
97 25
97 26
97 28
97 29
97 38
97 46
97 51
97 55
97 56
97 64
97 72
97 79
97 84
97 86
97 87
97 94
97 103
97 112
97 122
97 126
98 0
98 5
98 7
98 14
98 17
98 20
98 35
98 41
98 46
98 48
98 51
98 56
98 57
98 61
98 64
98 69
98 77
98 87
98 88
98 101
98 116
98 117
98 122
99 7
99 9
99 10
99 11
99 15
99 20
99 24
99 25
99 29
99 33
99 35
99 39
99 41
99 44
99 65
99 76
99 78
99 83
99 85
99 91
99 93
99 96
99 97
99 104
99 110
99 111
99 112
99 118
99 125
100 0
100 16
100 19
100 29
100 30
100 36
100 38
100 47
100 58
100 60
100 67
100 68
100 73
100 75
100 76
100 77
100 84
100 88
100 91
100 99
100 102
100 104
100 109
100 119
100 125
101 0
101 10
101 11
101 16
101 30
101 32
101 33
101 41
101 45
101 47
101 50
101 58
101 66
101 73
101 84
101 90
101 104
101 106
101 116
101 122
101 124
101 125
102 8
102 12
102 16
102 20
102 30
102 31
102 33
102 42
102 44
102 46
102 48
102 50
102 52
102 54
102 60
102 61
102 69
102 70
102 72
102 75
102 82
102 90
102 93
102 96
102 103
102 113
102 115
102 121
102 122
102 127
103 10
103 30
103 31
103 34
103 36
103 41
103 51
103 60
103 69
103 71
103 73
103 83
103 93
103 98
103 106
103 107
103 109
103 110
103 114
103 119
103 121
103 122
104 0
104 2
104 5
104 9
104 11
104 12
104 14
104 25
104 26
104 27
104 28
104 39
104 44
104 55
104 60
104 63
104 70
104 74
104 75
104 76
104 81
104 84
104 87
104 88
104 90
104 92
104 94
104 95
104 100
104 106
104 110
104 118
105 9
105 14
105 16
105 20
105 23
105 24
105 35
105 36
105 55
105 56
105 62
105 66
105 68
105 75
105 85
105 86
105 89
105 93
105 96
105 101
105 102
105 108
105 109
105 124
106 7
106 9
106 10
106 14
106 16
106 20
106 39
106 45
106 48
106 49
106 55
106 59
106 64
106 68
106 70
106 84
106 87
106 93
106 99
106 106
106 113
106 115
106 122
107 4
107 10
107 11
107 14
107 20
107 23
107 24
107 25
107 30
107 37
107 45
107 50
107 61
107 66
107 67
107 78
107 81
107 101
107 116
107 118
107 125
108 0
108 6
108 9
108 18
108 20
108 27
108 32
108 34
108 38
108 41
108 44
108 49
108 50
108 54
108 63
108 79
108 82
108 84
108 92
108 99
108 104
108 105
108 106
108 108
108 110
108 116
108 120
109 2
109 9
109 10
109 14
109 17
109 21
109 25
109 32
109 40
109 41
109 48
109 52
109 54
109 57
109 71
109 73
109 78
109 79
109 83
109 92
109 93
109 94
109 115
109 116
109 121
109 122
110 1
110 3
110 4
110 6
110 20
110 26
110 27
110 45
110 57
110 58
110 60
110 71
110 73
110 76
110 85
110 96
110 102
110 103
110 106
110 110
110 112
110 113
110 114
110 116
110 120
110 123
110 125
111 0
111 1
111 7
111 16
111 22
111 23
111 24
111 25
111 34
111 35
111 38
111 42
111 43
111 44
111 47
111 48
111 50
111 52
111 69
111 73
111 75
111 80
111 83
111 84
111 90
111 91
111 93
111 97
111 102
111 113
111 118
111 119
112 7
112 12
112 23
112 31
112 38
112 42
112 43
112 51
112 53
112 56
112 59
112 66
112 68
112 69
112 73
112 74
112 80
112 86
112 87
112 90
112 93
112 95
112 102
112 109
112 110
112 113
112 120
112 122
112 125
112 126
113 3
113 4
113 11
113 12
113 15
113 16
113 20
113 24
113 25
113 29
113 34
113 39
113 42
113 64
113 66
113 81
113 90
113 99
113 103
113 118
113 127
114 1
114 12
114 13
114 21
114 30
114 31
114 33
114 38
114 40
114 51
114 54
114 60
114 63
114 68
114 70
114 73
114 77
114 82
114 87
114 88
114 89
114 93
114 97
114 101
114 102
114 103
114 112
114 116
114 117
114 118
114 123
114 125
115 14
115 28
115 32
115 36
115 41
115 45
115 50
115 53
115 78
115 84
115 85
115 86
115 90
115 100
115 101
115 102
115 115
115 120
115 121
116 2
116 7
116 9
116 11
116 13
116 14
116 30
116 32
116 42
116 45
116 47
116 56
116 63
116 66
116 67
116 70
116 74
116 77
116 79
116 88
116 89
116 90
116 96
116 99
116 107
116 109
116 115
116 118
116 120
116 123
116 127
117 4
117 7
117 13
117 19
117 22
117 44
117 48
117 52
117 59
117 66
117 67
117 72
117 73
117 76
117 78
117 79
117 89
117 95
117 97
117 105
117 108
117 110
117 121
118 6
118 7
118 15
118 17
118 25
118 29
118 35
118 46
118 61
118 69
118 73
118 76
118 78
118 79
118 80
118 85
118 88
118 92
118 115
118 116
118 118
118 121
118 122
119 4
119 7
119 14
119 20
119 21
119 31
119 32
119 33
119 39
119 41
119 56
119 77
119 81
119 86
119 88
119 89
119 96
119 97
119 105
119 106
119 107
119 111
119 113
119 115
119 117
119 124
119 126
120 1
120 32
120 34
120 42
120 44
120 61
120 65
120 68
120 69
120 73
120 76
120 78
120 80
120 94
120 98
120 101
120 106
120 116
120 118
120 120
120 124
121 17
121 19
121 21
121 33
121 35
121 38
121 39
121 45
121 52
121 55
121 58
121 69
121 86
121 89
121 91
121 93
121 96
121 107
121 111
122 0
122 1
122 3
122 6
122 7
122 8
122 18
122 28
122 31
122 32
122 33
122 37
122 39
122 40
122 41
122 42
122 46
122 56
122 57
122 60
122 65
122 66
122 71
122 74
122 77
122 80
122 87
122 89
122 94
122 95
122 96
122 98
122 105
122 118
122 125
123 2
123 6
123 8
123 14
123 15
123 21
123 24
123 32
123 39
123 41
123 42
123 51
123 52
123 53
123 63
123 64
123 70
123 75
123 78
123 80
123 81
123 85
123 97
123 101
123 104
123 106
123 107
123 113
123 115
123 121
123 125
124 0
124 3
124 7
124 10
124 15
124 19
124 36
124 39
124 46
124 47
124 48
124 49
124 54
124 60
124 61
124 68
124 70
124 71
124 75
124 76
124 84
124 85
124 90
124 93
124 96
124 98
124 101
124 107
124 111
124 117
124 123
124 125
125 5
125 10
125 14
125 16
125 21
125 32
125 35
125 36
125 40
125 41
125 58
125 62
125 64
125 67
125 83
125 87
125 90
125 104
126 4
126 9
126 20
126 21
126 33
126 34
126 41
126 44
126 45
126 52
126 54
126 58
126 59
126 61
126 71
126 72
126 83
126 85
126 92
126 93
126 95
126 96
126 106
126 107
126 112
126 116
126 118
126 121
126 124
126 125
126 126
126 127
127 0
127 10
127 11
127 12
127 14
127 17
127 22
127 33
127 45
127 47
127 51
127 54
127 58
127 72
127 79
127 81
127 90
127 91
127 105
127 106
127 109
127 110
127 125
