0 1
0 8
0 10
0 21
0 28
0 53
0 60
0 64
0 70
0 71
0 74
0 77
0 78
0 79
0 81
0 83
0 85
0 92
0 100
0 120
0 123
1 19
1 20
1 46
1 55
1 57
1 65
1 67
1 78
1 81
1 86
1 94
1 106
1 109
1 120
1 124
1 127
2 6
2 10
2 15
2 16
2 19
2 21
2 30
2 55
2 72
2 83
2 85
2 95
2 104
2 115
2 117
3 15
3 44
3 49
3 50
3 52
3 54
3 64
3 82
3 84
3 86
3 90
3 94
3 97
3 98
3 100
3 101
3 110
3 122
3 125
4 1
4 10
4 33
4 40
4 44
4 46
4 51
4 60
4 84
4 88
4 91
4 101
4 108
4 117
4 123
4 125
5 3
5 12
5 15
5 18
5 23
5 33
5 48
5 60
5 81
5 93
5 95
5 99
5 101
5 107
5 112
5 125
6 11
6 12
6 16
6 28
6 31
6 46
6 59
6 72
6 73
6 78
6 80
6 83
6 88
6 95
6 115
6 118
6 120
7 1
7 11
7 15
7 16
7 17
7 43
7 47
7 50
7 53
7 55
7 62
7 68
7 69
7 79
7 82
7 89
7 96
7 110
7 116
8 9
8 12
8 16
8 25
8 30
8 34
8 50
8 72
8 74
8 76
8 79
8 81
8 83
8 93
8 101
8 107
8 115
8 116
8 122
8 127
9 1
9 5
9 6
9 15
9 21
9 26
9 34
9 39
9 42
9 43
9 49
9 64
9 81
9 84
9 97
9 101
9 103
9 109
9 110
9 113
9 117
9 119
10 0
10 3
10 11
10 14
10 21
10 37
10 40
10 48
10 60
10 61
10 65
10 67
10 68
10 73
10 76
10 78
10 83
10 85
10 86
10 105
10 110
10 114
10 116
11 4
11 6
11 12
11 37
11 51
11 56
11 62
11 67
11 75
11 79
11 81
11 85
11 89
11 92
11 106
11 107
11 113
11 115
11 118
11 125
11 126
12 30
12 61
12 62
12 66
12 70
12 76
12 81
12 83
12 95
12 99
12 101
12 114
12 118
12 127
13 2
13 4
13 12
13 15
13 32
13 39
13 42
13 46
13 47
13 57
13 58
13 61
13 70
13 83
13 86
13 87
13 101
13 114
13 115
13 126
14 1
14 3
14 8
14 17
14 26
14 27
14 33
14 62
14 67
14 71
14 72
14 73
14 85
14 86
14 99
14 104
14 106
14 112
14 115
14 123
15 2
15 10
15 12
15 28
15 32
15 34
15 38
15 42
15 51
15 58
15 61
15 64
15 67
15 69
15 72
15 79
15 80
15 93
15 96
15 99
15 100
15 102
15 107
15 109
15 114
15 115
15 117
15 119
16 9
16 12
16 13
16 17
16 20
16 21
16 26
16 31
16 38
16 42
16 43
16 44
16 51
16 66
16 80
16 82
16 92
16 101
16 108
16 122
17 1
17 5
17 18
17 25
17 27
17 30
17 31
17 43
17 45
17 48
17 54
17 55
17 67
17 70
17 78
17 80
17 81
17 82
17 83
17 90
17 95
17 104
17 110
17 117
17 121
18 2
18 4
18 14
18 15
18 20
18 24
18 30
18 36
18 38
18 39
18 41
18 43
18 58
18 66
18 68
18 74
18 75
18 78
18 92
18 96
18 115
18 120
18 123
19 5
19 9
19 11
19 15
19 16
19 17
19 26
19 40
19 45
19 49
19 53
19 63
19 67
19 77
19 82
19 84
19 92
19 114
19 116
19 117
19 121
19 122
19 127
20 1
20 8
20 12
20 24
20 26
20 46
20 47
20 50
20 65
20 71
20 72
20 78
20 105
20 119
21 5
21 19
21 23
21 25
21 26
21 27
21 29
21 32
21 43
21 61
21 66
21 75
21 86
21 100
21 102
21 104
21 112
21 116
21 117
22 10
22 12
22 16
22 19
22 20
22 33
22 47
22 50
22 57
22 58
22 64
22 71
22 75
22 78
22 79
22 95
22 97
22 99
22 108
22 125
23 9
23 19
23 32
23 37
23 39
23 40
23 50
23 54
23 70
23 78
23 79
23 89
23 92
23 97
23 98
23 101
23 107
23 118
23 124
24 3
24 4
24 20
24 35
24 49
24 55
24 66
24 67
24 74
24 80
24 86
24 92
24 103
24 108
24 110
24 113
24 121
24 122
24 123
25 1
25 11
25 16
25 42
25 43
25 47
25 51
25 53
25 55
25 56
25 58
25 64
25 67
25 77
25 112
25 123
26 5
26 9
26 14
26 16
26 19
26 20
26 23
26 24
26 28
26 29
26 48
26 49
26 52
26 58
26 63
26 66
26 71
26 73
26 76
26 80
26 85
26 94
26 102
26 104
26 106
26 110
26 114
26 115
26 120
26 124
26 127
27 1
27 5
27 7
27 17
27 28
27 34
27 40
27 43
27 58
27 59
27 68
27 74
27 77
27 78
27 82
27 89
27 95
27 97
27 105
27 116
27 117
27 118
28 1
28 8
28 20
28 40
28 41
28 43
28 58
28 64
28 70
28 72
28 74
28 90
28 100
28 107
28 121
29 20
29 25
29 38
29 41
29 47
29 48
29 60
29 63
29 75
29 79
29 81
29 82
29 92
29 97
29 113
29 117
29 121
29 122
29 123
30 6
30 10
30 14
30 17
30 22
30 26
30 30
30 31
30 35
30 36
30 39
30 54
30 56
30 59
30 68
30 71
30 73
30 76
30 82
30 89
30 93
30 109
30 115
30 118
30 121
31 1
31 5
31 7
31 16
31 17
31 23
31 26
31 36
31 37
31 42
31 50
31 69
31 89
31 95
31 96
31 111
31 114
31 115
32 2
32 4
32 20
32 43
32 50
32 55
32 62
32 63
32 83
32 86
32 87
32 94
32 98
32 107
32 110
32 112
32 115
32 118
32 119
32 126
33 41
33 43
33 52
33 58
33 60
33 79
33 82
33 102
33 106
33 109
33 120
33 121
34 1
34 20
34 26
34 31
34 33
34 38
34 48
34 52
34 58
34 60
34 66
34 73
34 91
34 96
34 97
34 103
34 112
34 118
34 122
34 124
35 3
35 5
35 12
35 27
35 35
35 39
35 42
35 43
35 61
35 69
35 75
35 96
35 97
35 124
35 125
36 5
36 12
36 23
36 33
36 37
36 57
36 74
36 77
36 85
36 93
36 95
36 98
36 110
36 116
36 122
36 127
37 1
37 3
37 4
37 5
37 14
37 15
37 17
37 25
37 34
37 40
37 44
37 45
37 46
37 50
37 52
37 59
37 61
37 67
37 70
37 73
37 74
37 80
37 84
37 89
37 105
37 122
37 127
38 1
38 4
38 8
38 13
38 16
38 27
38 29
38 33
38 41
38 45
38 50
38 57
38 58
38 72
38 74
38 77
38 80
38 90
38 99
38 102
38 118
38 120
39 19
39 26
39 29
39 42
39 45
39 58
39 61
39 81
39 82
39 102
39 103
39 112
40 1
40 4
40 14
40 36
40 43
40 49
40 50
40 61
40 76
40 102
40 111
40 120
40 122
40 123
41 6
41 14
41 18
41 20
41 25
41 34
41 54
41 56
41 89
41 90
41 117
41 125
41 126
42 15
42 18
42 19
42 43
42 53
42 58
42 68
42 71
42 78
42 82
42 86
42 90
42 94
42 101
42 107
42 119
42 123
43 0
43 26
43 28
43 38
43 42
43 44
43 49
43 57
43 65
43 74
43 79
43 85
43 89
43 108
43 109
43 116
44 2
44 3
44 5
44 8
44 9
44 13
44 14
44 23
44 35
44 40
44 42
44 46
44 55
44 60
44 70
44 75
44 81
44 89
44 99
44 101
44 104
44 121
44 124
45 13
45 14
45 17
45 30
45 33
45 44
45 47
45 49
45 53
45 55
45 69
45 88
45 105
45 108
46 0
46 14
46 21
46 23
46 26
46 40
46 42
46 46
46 65
46 73
46 78
46 85
46 86
46 87
46 89
46 92
46 113
46 118
47 0
47 7
47 8
47 13
47 33
47 36
47 40
47 48
47 50
47 57
47 58
47 82
47 94
47 103
47 113
48 1
48 11
48 19
48 24
48 25
48 33
48 36
48 42
48 44
48 49
48 52
48 54
48 60
48 63
48 104
49 13
49 33
49 36
49 45
49 51
49 55
49 67
49 68
49 72
49 77
49 93
49 102
49 106
49 116
49 123
50 2
50 8
50 20
50 23
50 26
50 28
50 38
50 42
50 49
50 52
50 58
50 59
50 65
50 70
50 84
50 86
50 89
50 90
50 95
50 96
50 97
50 101
50 114
50 119
51 4
51 5
51 13
51 24
51 26
51 38
51 40
51 65
51 67
51 68
51 78
51 82
51 92
51 93
51 99
51 100
51 103
51 119
51 127
52 5
52 6
52 7
52 10
52 17
52 18
52 20
52 27
52 36
52 57
52 58
52 61
52 65
52 71
52 72
52 73
52 87
52 91
52 92
52 93
52 94
52 95
52 117
52 126
53 2
53 4
53 10
53 18
53 25
53 28
53 30
53 39
53 44
53 51
53 54
53 56
53 62
53 63
53 67
53 68
53 72
53 75
53 77
53 79
53 91
53 113
54 10
54 11
54 13
54 14
54 15
54 16
54 24
54 33
54 47
54 51
54 62
54 63
54 66
54 71
54 72
54 82
54 93
54 100
54 104
54 108
54 109
54 117
55 4
55 9
55 11
55 17
55 28
55 32
55 37
55 38
55 41
55 50
55 59
55 67
55 70
55 72
55 77
55 81
55 88
55 100
55 103
55 112
55 125
55 126
56 3
56 4
56 11
56 12
56 18
56 19
56 20
56 31
56 45
56 51
56 81
56 89
56 98
56 99
56 109
56 112
56 117
56 126
57 6
57 7
57 8
57 11
57 22
57 25
57 28
57 30
57 45
57 48
57 49
57 52
57 57
57 59
57 61
57 65
57 70
57 75
57 77
57 78
57 102
57 104
57 108
57 109
57 112
57 117
57 124
58 3
58 12
58 13
58 28
58 34
58 43
58 56
58 57
58 64
58 67
58 87
58 90
58 91
58 97
58 101
58 111
58 118
58 121
58 127
59 3
59 4
59 20
59 24
59 30
59 34
59 36
59 46
59 66
59 68
59 76
59 82
59 119
60 11
60 21
60 34
60 36
60 47
60 51
60 53
60 73
60 74
60 80
60 88
60 93
60 94
60 100
60 103
60 123
60 125
61 6
61 15
61 51
61 54
61 65
61 72
61 75
61 84
61 85
61 86
61 90
61 97
61 100
61 104
61 108
61 125
62 4
62 8
62 9
62 23
62 31
62 33
62 34
62 37
62 38
62 53
62 57
62 69
62 79
62 81
62 91
62 98
62 101
62 117
62 121
63 19
63 21
63 22
63 27
63 28
63 33
63 57
63 58
63 59
63 79
63 82
63 85
63 87
63 93
63 99
63 104
63 105
63 114
63 118
63 127
64 4
64 5
64 8
64 18
64 19
64 21
64 31
64 44
64 46
64 50
64 56
64 57
64 74
64 83
64 85
64 88
64 97
64 113
64 120
64 121
64 126
65 0
65 4
65 21
65 24
65 41
65 45
65 46
65 54
65 60
65 76
65 77
65 99
65 113
65 114
65 118
65 120
65 121
66 7
66 8
66 26
66 34
66 35
66 36
66 39
66 62
66 79
66 92
66 93
66 96
66 107
66 109
66 127
67 0
67 6
67 38
67 69
67 82
67 90
67 104
67 113
67 115
67 122
67 125
68 10
68 11
68 17
68 19
68 28
68 37
68 38
68 39
68 51
68 66
68 86
68 103
68 109
68 110
68 113
68 118
68 124
68 125
69 7
69 9
69 12
69 19
69 31
69 32
69 35
69 37
69 40
69 41
69 62
69 64
69 76
69 92
69 97
69 103
69 108
69 112
69 116
69 117
69 122
69 124
70 6
70 13
70 14
70 18
70 32
70 33
70 34
70 35
70 36
70 70
70 71
70 73
70 75
70 76
70 90
70 91
70 96
70 97
70 108
70 120
71 13
71 17
71 18
71 25
71 26
71 28
71 32
71 42
71 48
71 50
71 53
71 60
71 65
71 72
71 88
71 95
71 98
71 106
71 113
71 118
71 123
72 0
72 8
72 19
72 21
72 26
72 43
72 53
72 56
72 62
72 63
72 68
72 73
72 74
72 80
72 99
72 102
72 110
72 113
72 119
72 121
73 4
73 5
73 10
73 13
73 14
73 18
73 22
73 42
73 44
73 49
73 63
73 74
73 78
73 80
73 85
73 91
73 103
73 110
73 115
74 2
74 14
74 15
74 30
74 44
74 59
74 68
74 78
74 93
74 94
74 95
74 99
74 104
74 106
74 109
74 114
74 125
74 127
75 3
75 17
75 49
75 53
75 76
75 83
75 90
75 119
76 2
76 14
76 18
76 23
76 35
76 39
76 40
76 46
76 57
76 60
76 61
76 70
76 78
76 83
76 84
76 85
76 86
76 102
77 11
77 12
77 19
77 20
77 33
77 44
77 45
77 62
77 64
77 66
77 69
77 71
77 92
77 93
77 109
77 113
77 115
77 121
77 126
78 0
78 14
78 22
78 24
78 27
78 29
78 46
78 55
78 58
78 79
78 80
78 87
78 91
78 93
78 94
78 95
78 101
78 105
78 110
78 118
78 125
79 4
79 22
79 24
79 27
79 28
79 32
79 35
79 40
79 44
79 52
79 74
79 83
79 88
79 94
79 99
79 100
79 105
79 111
79 118
79 122
80 0
80 5
80 12
80 15
80 18
80 23
80 31
80 48
80 50
80 57
80 62
80 65
80 71
80 72
80 95
80 97
80 103
80 104
80 108
80 110
80 114
80 119
80 127
81 3
81 8
81 13
81 26
81 32
81 36
81 43
81 47
81 52
81 57
81 64
81 66
81 75
81 79
81 82
81 92
81 94
81 97
81 98
81 106
81 108
81 111
81 116
81 124
82 3
82 5
82 6
82 13
82 14
82 23
82 24
82 27
82 30
82 35
82 39
82 40
82 44
82 47
82 51
82 52
82 54
82 55
82 65
82 75
82 82
82 89
82 97
82 98
82 110
82 113
82 117
82 118
82 126
83 2
83 5
83 14
83 18
83 20
83 23
83 27
83 28
83 44
83 45
83 46
83 50
83 53
83 54
83 58
83 76
83 78
83 79
83 82
83 83
83 97
83 101
83 106
83 111
83 113
83 127
84 10
84 12
84 17
84 23
84 38
84 59
84 78
84 85
84 90
84 93
84 100
84 101
84 107
84 116
84 121
84 122
85 2
85 3
85 7
85 16
85 38
85 56
85 57
85 62
85 74
85 83
85 86
85 96
85 98
85 99
85 110
85 114
85 117
85 118
85 123
85 127
86 13
86 16
86 29
86 32
86 37
86 46
86 47
86 48
86 53
86 56
86 59
86 66
86 74
86 77
86 82
86 84
86 92
86 114
86 119
86 123
86 126
87 12
87 17
87 21
87 30
87 37
87 41
87 55
87 60
87 75
87 84
87 92
87 99
87 107
87 108
87 118
88 1
88 2
88 11
88 14
88 33
88 35
88 36
88 40
88 41
88 48
88 49
88 77
88 78
88 79
88 91
88 92
88 96
88 105
88 108
88 115
88 117
88 121
88 125
89 1
89 6
89 7
89 9
89 14
89 16
89 36
89 45
89 51
89 59
89 62
89 67
89 73
89 75
89 79
89 81
89 91
89 94
89 105
89 117
89 118
89 120
90 2
90 4
90 6
90 19
90 33
90 35
90 44
90 46
90 47
90 48
90 64
90 66
90 74
90 75
90 77
90 78
90 99
90 105
90 108
90 124
91 15
91 18
91 21
91 26
91 37
91 41
91 44
91 55
91 69
91 75
91 80
91 93
91 99
91 111
91 115
91 126
92 4
92 12
92 15
92 24
92 30
92 34
92 54
92 56
92 69
92 70
92 75
92 77
92 85
92 88
92 97
92 99
92 100
92 105
92 114
92 115
93 7
93 9
93 10
93 12
93 16
93 20
93 23
93 32
93 46
93 47
93 62
93 82
93 83
93 84
93 99
93 116
93 118
93 121
93 123
93 124
94 1
94 14
94 20
94 21
94 27
94 29
94 48
94 59
94 62
94 70
94 78
94 91
94 98
94 121
95 5
95 8
95 12
95 27
95 35
95 49
95 52
95 61
95 68
95 71
95 84
95 94
96 3
96 8
96 15
96 19
96 24
96 30
96 39
96 57
96 70
96 71
96 78
96 112
96 114
96 120
97 5
97 12
97 15
97 17
97 23
97 26
97 42
97 46
97 53
97 57
97 72
97 85
97 93
97 99
97 100
97 102
97 105
97 109
97 110
97 121
97 123
98 0
98 3
98 7
98 10
98 12
98 13
98 14
98 15
98 20
98 32
98 37
98 46
98 64
98 73
98 82
98 86
98 100
98 118
98 121
98 122
98 126
99 26
99 29
99 30
99 57
99 72
99 77
99 78
99 80
99 83
99 88
99 89
99 106
99 107
99 115
99 116
99 125
99 127
100 7
100 19
100 27
100 29
100 30
100 35
100 50
100 51
100 55
100 57
100 75
100 81
100 97
100 106
100 108
100 112
100 113
100 116
100 117
100 127
101 1
101 3
101 16
101 19
101 20
101 25
101 28
101 35
101 38
101 51
101 58
101 59
101 76
101 97
101 99
101 108
101 109
101 110
101 118
101 121
101 122
102 12
102 32
102 36
102 39
102 40
102 47
102 50
102 68
102 69
102 73
102 79
102 83
102 88
102 91
102 101
102 102
102 127
103 4
103 6
103 10
103 15
103 26
103 30
103 32
103 35
103 46
103 49
103 58
103 64
103 73
103 74
103 75
103 87
103 91
103 95
103 103
103 115
103 119
103 123
103 126
104 22
104 26
104 27
104 30
104 37
104 42
104 45
104 48
104 61
104 64
104 79
104 81
104 85
104 89
104 91
104 97
104 102
104 104
104 117
105 3
105 8
105 13
105 14
105 29
105 36
105 39
105 45
105 48
105 49
105 56
105 66
105 68
105 69
105 72
105 83
105 88
105 97
105 103
106 0
106 27
106 43
106 44
106 48
106 62
106 68
106 81
106 82
106 85
106 86
106 91
106 95
106 114
106 127
107 0
107 10
107 29
107 31
107 42
107 44
107 46
107 49
107 55
107 71
107 80
107 87
107 95
107 112
108 5
108 22
108 25
108 35
108 39
108 63
108 72
108 77
108 82
108 86
108 91
108 93
108 95
108 106
108 107
108 109
108 112
108 114
108 119
108 123
109 1
109 11
109 22
109 25
109 29
109 30
109 34
109 37
109 42
109 50
109 54
109 72
109 80
109 82
109 83
109 84
109 92
109 94
109 101
109 117
109 126
110 2
110 4
110 15
110 33
110 40
110 43
110 54
110 58
110 59
110 66
110 69
110 71
110 73
110 84
110 86
110 101
110 122
110 123
111 3
111 10
111 19
111 37
111 43
111 52
111 55
111 71
111 72
111 80
111 83
111 102
111 103
111 114
111 121
111 126
112 1
112 2
112 7
112 8
112 10
112 13
112 21
112 25
112 45
112 46
112 50
112 55
112 60
112 71
112 75
112 77
112 78
112 88
112 93
112 96
112 107
112 115
112 119
112 127
113 1
113 4
113 18
113 42
113 52
113 56
113 57
113 62
113 69
113 71
113 73
113 77
113 87
113 91
113 100
113 101
113 115
113 121
113 125
114 2
114 8
114 10
114 11
114 21
114 24
114 25
114 36
114 42
114 58
114 63
114 64
114 71
114 72
114 73
114 85
114 89
114 92
114 93
114 94
114 97
114 100
114 120
115 2
115 5
115 10
115 12
115 15
115 23
115 33
115 36
115 41
115 42
115 48
115 52
115 67
115 75
115 78
115 82
115 85
115 86
115 88
115 89
115 99
115 101
115 103
115 107
115 123
115 124
116 0
116 10
116 17
116 20
116 31
116 34
116 45
116 52
116 53
116 60
116 62
116 70
116 78
116 82
116 87
116 88
116 90
116 91
116 102
116 104
116 106
116 115
116 117
116 120
116 121
116 126
117 3
117 5
117 10
117 12
117 15
117 25
117 30
117 33
117 41
117 48
117 49
117 51
117 52
117 55
117 57
117 65
117 82
117 86
117 98
117 105
117 106
117 109
117 110
117 121
117 122
118 8
118 15
118 18
118 19
118 42
118 48
118 65
118 77
118 83
118 91
118 98
118 100
118 101
118 103
118 106
118 119
118 124
118 126
118 127
119 2
119 7
119 33
119 52
119 59
119 73
119 75
119 77
119 79
119 80
119 97
119 123
120 3
120 4
120 12
120 21
120 24
120 31
120 34
120 38
120 41
120 64
120 71
120 77
120 84
120 87
120 107
120 115
120 118
120 123
121 5
121 6
121 8
121 10
121 11
121 12
121 16
121 18
121 30
121 32
121 35
121 40
121 42
121 44
121 45
121 47
121 49
121 56
121 62
121 64
121 65
121 74
121 82
121 83
121 86
121 93
121 96
121 111
121 112
121 118
121 122
121 124
121 125
122 25
122 28
122 56
122 66
122 77
122 84
122 87
122 103
122 104
122 107
122 110
122 127
123 11
123 13
123 30
123 31
123 34
123 35
123 48
123 60
123 75
123 78
123 87
123 88
123 97
123 112
123 115
124 2
124 9
124 26
124 30
124 36
124 37
124 50
124 57
124 64
124 73
124 84
124 95
124 97
124 109
124 110
124 121
124 122
124 124
125 0
125 1
125 8
125 12
125 25
125 29
125 30
125 32
125 37
125 40
125 47
125 58
125 59
125 62
125 72
125 74
125 76
125 81
125 82
125 89
125 97
125 104
125 117
125 123
126 13
126 34
126 36
126 40
126 42
126 44
126 47
126 73
126 80
126 104
126 110
126 112
126 127
127 0
127 1
127 5
127 22
127 30
127 31
127 34
127 38
127 50
127 51
127 55
127 56
127 57
127 65
127 66
127 68
127 78
127 79
127 82
127 84
127 89
127 90
127 98
127 112
127 125
