0 18
0 22
0 23
0 32
0 43
0 46
0 52
0 55
0 74
0 81
0 82
0 84
0 86
0 90
0 93
0 98
0 117
1 0
1 15
1 18
1 23
1 39
1 41
1 52
1 58
1 60
1 63
1 67
1 72
1 83
1 84
1 93
1 100
1 113
1 114
1 117
1 119
1 122
2 0
2 1
2 3
2 5
2 9
2 11
2 18
2 21
2 27
2 29
2 43
2 47
2 49
2 57
2 69
2 90
2 93
2 94
2 97
2 104
2 105
2 112
2 113
2 117
2 118
2 119
2 120
2 121
2 124
3 1
3 4
3 11
3 14
3 16
3 20
3 26
3 27
3 29
3 32
3 38
3 42
3 43
3 44
3 45
3 53
3 54
3 64
3 70
3 74
3 78
3 80
3 91
3 92
3 94
3 95
3 103
3 106
3 107
3 114
3 116
3 117
3 120
4 1
4 5
4 6
4 17
4 20
4 21
4 23
4 33
4 37
4 40
4 58
4 62
4 88
4 94
4 101
4 105
4 106
4 123
5 2
5 5
5 6
5 13
5 19
5 27
5 40
5 46
5 58
5 59
5 61
5 65
5 66
5 69
5 72
5 75
5 86
5 87
5 91
5 93
5 100
5 102
5 106
5 114
5 115
5 122
5 126
6 19
6 22
6 23
6 25
6 26
6 29
6 38
6 43
6 44
6 45
6 49
6 54
6 65
6 71
6 82
6 83
6 91
6 92
6 95
6 96
6 102
6 105
6 107
6 108
6 125
7 2
7 5
7 6
7 16
7 19
7 23
7 26
7 27
7 29
7 32
7 34
7 37
7 45
7 47
7 49
7 50
7 52
7 63
7 69
7 84
7 87
7 88
7 90
7 91
7 93
7 101
7 107
7 108
7 109
7 112
7 121
7 126
8 2
8 15
8 17
8 25
8 26
8 55
8 66
8 67
8 70
8 76
8 81
8 91
8 92
8 100
8 106
8 109
8 112
8 114
8 116
8 118
9 5
9 11
9 12
9 17
9 23
9 24
9 37
9 38
9 43
9 44
9 46
9 48
9 51
9 56
9 58
9 63
9 66
9 71
9 76
9 79
9 94
9 102
9 103
9 104
9 107
9 113
9 126
10 3
10 6
10 8
10 23
10 25
10 26
10 28
10 34
10 41
10 52
10 56
10 58
10 63
10 65
10 67
10 94
10 96
10 99
10 102
10 103
10 111
10 122
10 124
11 7
11 8
11 9
11 19
11 24
11 26
11 30
11 31
11 33
11 35
11 36
11 38
11 39
11 42
11 43
11 47
11 49
11 50
11 56
11 58
11 64
11 67
11 68
11 71
11 76
11 80
11 84
11 98
11 99
11 100
11 105
11 116
11 124
12 4
12 5
12 6
12 8
12 13
12 14
12 15
12 20
12 23
12 47
12 56
12 57
12 60
12 65
12 68
12 69
12 74
12 76
12 81
12 92
12 98
12 101
12 110
12 123
13 2
13 6
13 9
13 11
13 14
13 15
13 19
13 20
13 21
13 24
13 30
13 32
13 34
13 35
13 36
13 37
13 40
13 43
13 44
13 50
13 53
13 62
13 76
13 78
13 89
13 90
13 103
13 108
13 119
13 120
13 121
13 122
14 0
14 1
14 4
14 9
14 15
14 22
14 27
14 28
14 29
14 35
14 40
14 44
14 49
14 50
14 53
14 54
14 55
14 58
14 59
14 60
14 74
14 76
14 82
14 89
14 91
14 94
14 96
14 98
14 99
14 106
14 107
14 111
14 113
14 115
14 119
15 0
15 1
15 11
15 12
15 15
15 20
15 21
15 23
15 24
15 26
15 33
15 36
15 41
15 57
15 63
15 71
15 87
15 88
15 90
15 91
15 92
15 93
15 105
15 107
15 108
15 114
15 120
16 20
16 21
16 22
16 23
16 24
16 25
16 37
16 40
16 41
16 43
16 44
16 48
16 50
16 54
16 61
16 63
16 78
16 93
16 102
16 107
16 108
16 110
16 116
16 117
16 120
17 1
17 4
17 6
17 7
17 8
17 10
17 18
17 20
17 26
17 27
17 28
17 32
17 37
17 40
17 46
17 50
17 51
17 52
17 53
17 56
17 61
17 62
17 64
17 77
17 86
17 91
17 101
17 107
17 110
17 124
17 125
17 127
18 4
18 10
18 12
18 16
18 30
18 33
18 34
18 37
18 38
18 41
18 52
18 72
18 75
18 79
18 95
18 97
18 99
18 101
18 107
18 110
18 114
18 115
18 116
18 117
18 121
18 126
18 127
19 0
19 5
19 11
19 16
19 28
19 32
19 33
19 34
19 35
19 37
19 42
19 43
19 44
19 53
19 54
19 66
19 73
19 76
19 81
19 92
19 95
19 106
19 113
19 114
19 115
19 116
19 124
20 0
20 16
20 18
20 33
20 35
20 41
20 43
20 48
20 52
20 54
20 68
20 70
20 71
20 74
20 75
20 79
20 83
20 84
20 100
20 101
20 104
20 113
20 114
20 120
20 125
21 0
21 3
21 13
21 18
21 21
21 24
21 26
21 34
21 37
21 50
21 56
21 63
21 71
21 73
21 76
21 82
21 88
21 96
21 99
21 103
21 106
21 125
22 10
22 14
22 19
22 25
22 29
22 31
22 36
22 37
22 40
22 43
22 45
22 48
22 52
22 58
22 59
22 61
22 67
22 71
22 72
22 76
22 90
22 93
22 96
22 99
22 106
22 108
22 112
22 118
22 120
22 121
22 124
22 126
22 127
23 1
23 5
23 9
23 14
23 15
23 25
23 51
23 68
23 73
23 74
23 79
23 86
23 88
23 110
24 2
24 7
24 8
24 13
24 22
24 25
24 30
24 37
24 59
24 65
24 75
24 84
24 88
24 97
24 117
24 119
24 126
25 0
25 18
25 21
25 27
25 35
25 36
25 39
25 41
25 44
25 47
25 56
25 58
25 61
25 65
25 66
25 76
25 83
25 85
25 86
25 89
25 94
25 97
25 104
25 105
25 117
25 121
25 127
26 2
26 3
26 6
26 10
26 18
26 19
26 33
26 35
26 36
26 37
26 42
26 51
26 53
26 64
26 67
26 68
26 70
26 73
26 88
26 97
26 107
26 109
26 111
26 112
26 116
26 120
26 121
26 123
27 4
27 7
27 20
27 24
27 29
27 31
27 36
27 42
27 51
27 56
27 58
27 64
27 70
27 79
27 80
27 88
27 90
27 93
27 95
27 110
27 112
27 113
27 117
27 123
27 126
28 0
28 5
28 15
28 27
28 29
28 33
28 39
28 49
28 50
28 52
28 56
28 58
28 71
28 75
28 78
28 79
28 80
28 82
28 93
28 98
28 109
28 114
28 123
29 10
29 12
29 16
29 22
29 30
29 31
29 42
29 44
29 51
29 60
29 64
29 65
29 76
29 87
29 93
29 94
29 99
29 100
29 110
29 112
29 113
29 116
29 127
30 7
30 10
30 16
30 24
30 27
30 32
30 33
30 34
30 41
30 43
30 45
30 49
30 59
30 60
30 73
30 77
30 79
30 81
30 87
30 93
30 96
30 101
30 103
30 110
30 118
30 119
30 122
30 124
31 2
31 7
31 18
31 22
31 24
31 27
31 30
31 33
31 35
31 36
31 41
31 42
31 44
31 51
31 54
31 65
31 68
31 70
31 78
31 93
31 98
31 102
31 108
31 112
31 113
32 3
32 4
32 5
32 11
32 15
32 18
32 23
32 27
32 33
32 34
32 36
32 41
32 46
32 49
32 53
32 54
32 60
32 61
32 62
32 66
32 68
32 69
32 71
32 76
32 80
32 87
32 90
32 95
32 101
32 119
32 122
32 127
33 0
33 10
33 13
33 14
33 21
33 27
33 28
33 31
33 32
33 33
33 37
33 42
33 44
33 50
33 51
33 56
33 62
33 81
33 83
33 84
33 91
33 93
33 94
33 98
33 108
33 117
33 124
33 127
34 7
34 10
34 14
34 19
34 20
34 22
34 23
34 28
34 32
34 34
34 37
34 38
34 50
34 58
34 60
34 63
34 81
34 85
34 86
34 97
34 100
34 113
34 115
34 117
34 122
34 125
35 7
35 11
35 14
35 20
35 26
35 27
35 28
35 30
35 33
35 39
35 47
35 50
35 57
35 59
35 65
35 67
35 70
35 74
35 88
35 93
35 94
35 106
35 109
35 115
35 120
35 124
36 0
36 4
36 10
36 14
36 28
36 29
36 31
36 33
36 40
36 44
36 51
36 54
36 63
36 64
36 65
36 66
36 67
36 74
36 76
36 80
36 81
36 82
36 89
36 101
36 104
36 110
36 112
36 118
36 121
36 123
37 5
37 6
37 16
37 17
37 22
37 23
37 37
37 41
37 63
37 64
37 66
37 71
37 76
37 78
37 81
37 94
37 99
37 112
37 120
38 7
38 10
38 12
38 19
38 20
38 23
38 24
38 25
38 31
38 38
38 44
38 46
38 56
38 61
38 64
38 65
38 75
38 77
38 78
38 79
38 80
38 82
38 83
38 95
38 97
38 103
38 108
38 110
38 112
38 113
38 120
38 122
38 123
39 0
39 1
39 4
39 14
39 16
39 24
39 25
39 27
39 33
39 44
39 46
39 47
39 54
39 56
39 73
39 83
39 86
39 89
39 99
39 111
39 114
39 115
39 122
39 125
40 9
40 18
40 26
40 29
40 32
40 43
40 45
40 49
40 50
40 59
40 63
40 64
40 65
40 82
40 83
40 85
40 88
40 90
40 93
40 95
40 98
40 110
40 112
40 116
40 117
40 120
40 123
41 9
41 15
41 20
41 24
41 31
41 35
41 40
41 41
41 44
41 55
41 58
41 69
41 75
41 80
41 83
41 86
41 93
41 94
41 99
41 101
41 102
41 105
41 107
41 120
41 125
41 127
42 7
42 10
42 12
42 29
42 31
42 33
42 38
42 42
42 43
42 47
42 48
42 49
42 53
42 67
42 68
42 69
42 70
42 101
42 103
42 109
42 110
42 117
42 119
42 123
43 0
43 7
43 10
43 19
43 30
43 32
43 44
43 46
43 48
43 52
43 53
43 58
43 61
43 62
43 65
43 69
43 70
43 91
43 92
43 93
43 95
43 97
43 100
43 101
43 111
43 113
43 116
43 122
43 124
43 125
44 0
44 3
44 7
44 12
44 21
44 23
44 26
44 33
44 38
44 41
44 43
44 45
44 51
44 52
44 55
44 57
44 60
44 85
44 96
44 98
44 100
44 101
44 103
44 113
44 116
45 1
45 6
45 7
45 8
45 16
45 21
45 27
45 28
45 34
45 38
45 42
45 44
45 46
45 47
45 52
45 59
45 63
45 72
45 74
45 76
45 80
45 84
45 88
45 95
45 98
45 99
45 105
45 106
45 107
45 108
45 119
45 122
45 127
46 1
46 10
46 22
46 23
46 38
46 40
46 43
46 51
46 61
46 63
46 73
46 80
46 82
46 84
46 87
46 89
46 102
46 115
46 116
46 119
46 124
46 126
47 3
47 4
47 11
47 15
47 24
47 28
47 34
47 37
47 39
47 40
47 41
47 43
47 47
47 53
47 54
47 56
47 68
47 75
47 77
47 78
47 81
47 88
47 107
47 110
47 113
47 114
47 116
47 119
47 121
47 126
48 12
48 14
48 21
48 26
48 39
48 42
48 46
48 49
48 53
48 57
48 62
48 66
48 78
48 106
48 112
48 115
48 116
48 119
49 0
49 3
49 5
49 20
49 25
49 36
49 45
49 48
49 51
49 55
49 57
49 59
49 61
49 66
49 73
49 79
49 95
49 105
49 107
49 108
49 114
49 119
49 121
49 123
49 127
50 0
50 1
50 5
50 32
50 33
50 35
50 39
50 44
50 45
50 47
50 54
50 59
50 60
50 64
50 68
50 73
50 101
50 104
50 105
50 106
50 112
50 126
50 127
51 0
51 5
51 8
51 9
51 11
51 17
51 20
51 27
51 38
51 39
51 42
51 48
51 50
51 52
51 54
51 55
51 57
51 59
51 70
51 75
51 81
51 84
51 96
51 97
51 100
51 117
51 118
52 8
52 11
52 12
52 29
52 30
52 39
52 45
52 46
52 62
52 63
52 64
52 66
52 70
52 76
52 81
52 84
52 90
52 91
52 97
52 103
52 107
52 110
52 120
52 123
52 125
53 0
53 7
53 11
53 12
53 20
53 23
53 33
53 35
53 40
53 43
53 44
53 45
53 57
53 60
53 71
53 77
53 91
53 95
53 96
53 102
53 110
53 111
53 116
53 120
53 125
53 127
54 9
54 26
54 35
54 36
54 37
54 46
54 54
54 65
54 69
54 73
54 74
54 79
54 85
54 86
54 97
54 105
54 106
54 115
55 0
55 1
55 7
55 14
55 15
55 25
55 26
55 29
55 30
55 33
55 36
55 39
55 42
55 43
55 47
55 48
55 57
55 60
55 71
55 74
55 84
55 102
55 108
55 111
55 113
55 123
56 6
56 7
56 8
56 11
56 22
56 25
56 30
56 41
56 46
56 50
56 51
56 57
56 62
56 63
56 71
56 82
56 89
56 92
56 95
56 102
56 107
56 109
56 115
56 116
56 119
56 120
56 122
56 125
56 126
57 2
57 5
57 8
57 12
57 13
57 26
57 27
57 34
57 36
57 41
57 45
57 63
57 64
57 65
57 66
57 74
57 83
57 84
57 89
57 98
57 110
57 112
57 116
57 123
57 124
58 3
58 6
58 14
58 15
58 21
58 26
58 28
58 30
58 35
58 50
58 70
58 73
58 75
58 76
58 80
58 85
58 89
58 94
58 95
58 101
58 104
58 107
58 110
58 118
58 126
59 1
59 16
59 20
59 25
59 35
59 41
59 42
59 45
59 50
59 53
59 60
59 62
59 63
59 73
59 77
59 81
59 87
59 89
59 90
59 96
59 101
59 103
59 105
59 122
60 6
60 8
60 13
60 21
60 25
60 30
60 37
60 51
60 55
60 67
60 68
60 79
60 80
60 85
60 87
60 98
60 99
60 100
60 101
60 113
60 117
60 122
60 126
61 24
61 31
61 33
61 53
61 57
61 64
61 66
61 67
61 68
61 82
61 87
61 97
61 107
61 110
61 118
61 127
62 6
62 7
62 17
62 18
62 25
62 26
62 27
62 29
62 31
62 33
62 35
62 37
62 43
62 49
62 51
62 53
62 57
62 58
62 61
62 65
62 71
62 73
62 76
62 78
62 80
62 89
62 98
62 103
62 108
62 121
62 123
63 3
63 5
63 7
63 18
63 19
63 22
63 24
63 26
63 29
63 32
63 37
63 49
63 53
63 55
63 57
63 61
63 65
63 83
63 87
63 89
63 97
63 99
63 101
63 108
63 111
63 115
63 120
63 125
64 2
64 8
64 15
64 16
64 25
64 34
64 37
64 43
64 45
64 47
64 53
64 55
64 60
64 61
64 63
64 65
64 68
64 69
64 79
64 82
64 83
64 87
64 97
64 99
64 106
64 108
64 109
64 119
64 120
64 122
65 2
65 11
65 20
65 28
65 29
65 36
65 39
65 48
65 65
65 66
65 79
65 94
65 96
65 105
65 106
65 107
65 112
65 117
65 121
65 123
66 1
66 4
66 5
66 16
66 21
66 24
66 27
66 30
66 31
66 36
66 37
66 44
66 46
66 50
66 51
66 55
66 56
66 58
66 60
66 63
66 69
66 72
66 73
66 75
66 79
66 85
66 92
66 97
66 99
66 100
66 103
66 109
66 110
66 121
66 125
67 5
67 8
67 12
67 13
67 14
67 15
67 17
67 36
67 38
67 44
67 45
67 58
67 64
67 80
67 82
67 83
67 85
67 89
67 93
67 112
67 119
67 122
68 2
68 6
68 17
68 28
68 33
68 42
68 44
68 45
68 48
68 52
68 54
68 61
68 63
68 68
68 69
68 77
68 79
68 87
68 89
68 98
68 99
68 106
68 109
68 114
68 124
68 125
69 15
69 18
69 21
69 27
69 35
69 41
69 46
69 52
69 54
69 70
69 71
69 75
69 83
69 84
69 88
69 90
69 92
69 94
69 95
69 99
69 102
69 112
69 116
69 118
69 120
69 122
69 125
69 126
70 0
70 5
70 7
70 9
70 10
70 13
70 15
70 18
70 20
70 34
70 38
70 41
70 45
70 46
70 49
70 52
70 66
70 72
70 78
70 79
70 84
70 89
70 97
70 100
70 101
70 105
70 111
70 118
70 123
70 125
71 4
71 11
71 15
71 16
71 17
71 18
71 24
71 36
71 38
71 40
71 46
71 48
71 52
71 55
71 57
71 72
71 79
71 86
71 93
71 97
71 100
71 105
71 106
71 111
71 116
71 119
72 0
72 5
72 10
72 12
72 17
72 21
72 24
72 33
72 36
72 41
72 42
72 54
72 56
72 58
72 71
72 76
72 88
72 93
72 96
72 98
72 100
72 107
72 112
72 115
72 123
73 7
73 10
73 11
73 14
73 31
73 45
73 46
73 47
73 48
73 57
73 62
73 63
73 69
73 70
73 74
73 75
73 79
73 82
73 83
73 84
73 87
73 88
73 89
73 92
73 93
73 96
73 97
73 101
73 103
73 109
73 110
73 113
73 117
73 120
73 126
73 127
74 3
74 4
74 13
74 15
74 20
74 25
74 29
74 31
74 35
74 42
74 57
74 60
74 65
74 68
74 73
74 83
74 91
74 93
74 107
74 114
74 120
74 125
75 0
75 2
75 3
75 4
75 5
75 10
75 13
75 24
75 32
75 60
75 74
75 79
75 80
75 82
75 85
75 91
75 94
75 96
75 97
75 99
75 109
75 111
75 118
75 119
75 122
75 126
76 4
76 17
76 24
76 31
76 32
76 33
76 35
76 42
76 47
76 56
76 64
76 70
76 71
76 79
76 81
76 82
76 83
76 86
76 92
76 95
76 106
76 107
76 108
76 110
76 111
77 8
77 10
77 16
77 34
77 45
77 56
77 58
77 60
77 62
77 64
77 67
77 74
77 87
77 89
77 107
77 114
77 117
77 122
77 124
78 5
78 9
78 10
78 21
78 26
78 31
78 32
78 35
78 41
78 52
78 60
78 61
78 74
78 76
78 86
78 90
78 92
78 106
78 108
78 111
78 112
78 114
78 121
78 124
78 125
78 127
79 0
79 5
79 11
79 23
79 27
79 29
79 31
79 37
79 38
79 51
79 60
79 66
79 72
79 73
79 74
79 77
79 78
79 92
79 102
79 113
80 2
80 7
80 8
80 9
80 10
80 16
80 28
80 30
80 31
80 39
80 49
80 54
80 60
80 75
80 78
80 93
80 95
80 101
80 104
80 105
80 118
80 122
80 124
81 1
81 3
81 9
81 10
81 12
81 19
81 23
81 27
81 31
81 32
81 36
81 39
81 42
81 49
81 54
81 55
81 62
81 64
81 81
81 82
81 84
81 95
81 108
81 124
81 125
81 127
82 0
82 4
82 7
82 13
82 17
82 21
82 23
82 33
82 38
82 51
82 55
82 57
82 61
82 69
82 77
82 82
82 86
82 90
82 93
82 101
82 102
82 107
82 112
82 121
83 0
83 8
83 18
83 22
83 25
83 31
83 33
83 36
83 44
83 52
83 62
83 67
83 75
83 86
83 89
83 93
83 98
83 103
83 106
83 122
83 126
83 127
84 7
84 16
84 23
84 37
84 41
84 55
84 58
84 60
84 62
84 64
84 65
84 71
84 77
84 79
84 83
84 101
84 106
84 122
84 126
85 0
85 4
85 5
85 11
85 14
85 17
85 22
85 27
85 28
85 33
85 40
85 54
85 59
85 64
85 65
85 76
85 79
85 84
85 90
85 94
85 98
85 104
85 106
85 107
85 112
85 119
85 124
85 125
85 126
86 4
86 6
86 10
86 11
86 17
86 19
86 22
86 31
86 35
86 36
86 39
86 44
86 49
86 54
86 55
86 62
86 66
86 67
86 73
86 81
86 82
86 86
86 87
86 97
86 107
86 108
86 109
86 110
86 119
87 4
87 19
87 20
87 21
87 22
87 33
87 42
87 50
87 52
87 53
87 56
87 61
87 70
87 73
87 76
87 84
87 88
87 92
87 95
87 99
87 100
87 106
87 116
87 117
88 1
88 2
88 3
88 10
88 24
88 36
88 47
88 59
88 65
88 66
88 72
88 75
88 76
88 80
88 82
88 90
88 91
88 111
88 114
88 120
88 122
88 126
89 10
89 13
89 20
89 23
89 26
89 30
89 37
89 40
89 44
89 45
89 53
89 57
89 59
89 66
89 67
89 68
89 69
89 76
89 83
89 96
89 103
89 115
89 119
89 120
89 122
89 124
89 125
90 4
90 10
90 19
90 23
90 31
90 34
90 36
90 41
90 42
90 47
90 49
90 56
90 65
90 81
90 84
90 86
90 87
90 95
90 97
90 98
90 100
90 101
90 104
90 105
90 111
90 121
91 1
91 16
91 24
91 30
91 31
91 40
91 46
91 61
91 73
91 81
91 82
91 84
91 85
91 86
91 108
91 110
91 112
91 116
91 118
91 119
91 121
91 122
91 123
92 8
92 10
92 18
92 24
92 25
92 38
92 42
92 51
92 55
92 56
92 64
92 65
92 70
92 72
92 73
92 78
92 80
92 84
92 103
92 106
92 109
92 111
92 115
92 123
92 127
93 3
93 4
93 16
93 17
93 30
93 38
93 40
93 42
93 43
93 45
93 50
93 52
93 54
93 55
93 57
93 61
93 64
93 74
93 79
93 83
93 84
93 95
93 103
93 106
93 112
93 113
94 4
94 5
94 8
94 10
94 12
94 19
94 23
94 25
94 36
94 51
94 53
94 55
94 58
94 60
94 62
94 65
94 67
94 68
94 82
94 97
94 104
94 109
94 111
94 116
94 117
94 119
94 125
95 7
95 8
95 12
95 16
95 38
95 40
95 43
95 46
95 52
95 53
95 58
95 75
95 77
95 79
95 89
95 92
95 95
95 102
95 114
95 115
95 127
96 1
96 13
96 19
96 33
96 37
96 43
96 44
96 47
96 53
96 55
96 70
96 72
96 74
96 78
96 85
96 86
96 99
96 101
96 102
96 112
96 113
96 115
96 117
96 126
97 3
97 7
97 8
97 9
97 20
97 21
97 23
97 26
97 29
97 36
97 43
97 54
97 56
97 63
97 70
97 73
97 74
97 78
97 81
97 83
97 84
97 88
97 89
97 90
97 92
97 93
97 95
97 96
97 98
97 108
97 115
97 120
97 121
97 123
97 124
97 125
98 4
98 12
98 17
98 20
98 25
98 30
98 31
98 36
98 37
98 47
98 48
98 53
98 56
98 57
98 64
98 73
98 83
98 94
98 99
98 103
98 111
98 112
98 123
98 126
99 0
99 4
99 11
99 20
99 31
99 34
99 36
99 40
99 41
99 42
99 44
99 47
99 58
99 62
99 64
99 68
99 70
99 76
99 81
99 85
99 91
99 104
99 105
99 106
99 118
99 124
100 3
100 8
100 12
100 19
100 23
100 24
100 31
100 32
100 46
100 50
100 56
100 58
100 62
100 71
100 73
100 77
100 89
100 90
100 95
100 97
100 107
100 110
100 118
100 119
100 123
100 124
101 4
101 7
101 9
101 15
101 20
101 21
101 30
101 34
101 38
101 39
101 42
101 52
101 54
101 58
101 59
101 62
101 69
101 70
101 87
101 88
101 90
101 92
101 94
101 96
101 98
101 102
101 104
101 105
101 106
101 108
101 111
101 114
101 117
101 120
101 125
102 9
102 14
102 16
102 23
102 26
102 33
102 37
102 39
102 42
102 47
102 48
102 52
102 60
102 71
102 76
102 79
102 85
102 94
102 95
102 102
102 103
102 104
102 105
103 3
103 10
103 11
103 14
103 15
103 23
103 41
103 42
103 48
103 51
103 64
103 70
103 79
103 80
103 95
103 103
103 104
103 110
103 111
103 121
104 1
104 8
104 10
104 11
104 14
104 17
104 24
104 27
104 32
104 33
104 34
104 45
104 56
104 66
104 68
104 69
104 76
104 81
104 83
104 89
104 91
104 92
104 99
104 111
104 113
104 115
104 119
104 127
105 4
105 22
105 33
105 35
105 37
105 40
105 45
105 46
105 53
105 56
105 58
105 66
105 67
105 69
105 70
105 79
105 97
105 99
105 103
105 104
105 112
105 114
105 115
105 118
105 120
105 122
105 125
106 0
106 5
106 6
106 7
106 18
106 24
106 25
106 36
106 41
106 42
106 45
106 55
106 56
106 61
106 64
106 66
106 67
106 72
106 73
106 77
106 81
106 82
106 84
106 91
106 92
106 94
106 98
106 99
106 101
106 102
106 112
106 115
106 117
106 120
107 2
107 7
107 18
107 20
107 22
107 26
107 28
107 29
107 35
107 38
107 41
107 42
107 56
107 57
107 58
107 66
107 70
107 78
107 84
107 85
107 86
107 88
107 101
107 113
107 118
108 7
108 10
108 11
108 12
108 22
108 24
108 35
108 40
108 47
108 50
108 53
108 56
108 59
108 61
108 63
108 65
108 79
108 83
108 89
108 93
108 94
108 102
108 104
108 108
108 122
108 124
108 126
109 4
109 5
109 8
109 9
109 13
109 19
109 35
109 38
109 44
109 47
109 50
109 51
109 58
109 67
109 68
109 72
109 76
109 82
109 85
109 94
109 98
109 115
109 116
109 126
110 1
110 5
110 10
110 16
110 17
110 23
110 24
110 29
110 30
110 34
110 65
110 69
110 77
110 81
110 82
110 85
110 86
110 100
110 114
110 116
110 117
111 7
111 18
111 42
111 45
111 50
111 53
111 54
111 62
111 65
111 70
111 74
111 77
111 79
111 81
111 95
111 96
111 99
111 102
111 103
111 107
111 113
111 117
111 120
111 127
112 3
112 18
112 19
112 26
112 27
112 35
112 38
112 42
112 48
112 63
112 67
112 71
112 78
112 80
112 91
112 101
112 103
112 106
112 113
112 114
112 120
113 1
113 13
113 25
113 29
113 32
113 33
113 41
113 42
113 43
113 47
113 48
113 54
113 58
113 59
113 61
113 65
113 68
113 73
113 76
113 84
113 86
113 91
113 97
113 100
113 105
113 124
113 125
113 127
114 2
114 6
114 16
114 17
114 21
114 27
114 29
114 38
114 40
114 61
114 63
114 64
114 73
114 74
114 83
114 87
114 98
114 101
114 118
114 123
115 3
115 15
115 17
115 19
115 20
115 21
115 34
115 35
115 36
115 52
115 53
115 58
115 61
115 68
115 71
115 72
115 80
115 81
115 83
115 84
115 89
115 90
115 92
115 95
115 97
115 102
115 104
115 106
115 108
115 109
115 110
115 111
115 114
116 0
116 14
116 18
116 19
116 24
116 33
116 46
116 50
116 61
116 67
116 70
116 85
116 88
116 89
116 102
116 108
116 109
116 110
116 111
116 115
116 117
116 122
116 123
116 125
116 126
117 6
117 9
117 20
117 24
117 27
117 29
117 32
117 35
117 43
117 55
117 61
117 66
117 67
117 90
117 97
117 99
117 103
117 105
117 107
117 113
117 121
118 10
118 17
118 20
118 33
118 37
118 38
118 39
118 43
118 49
118 53
118 58
118 73
118 80
118 86
118 87
118 91
118 97
118 99
118 101
118 115
118 116
118 118
118 121
119 2
119 5
119 7
119 11
119 16
119 25
119 41
119 42
119 52
119 55
119 59
119 61
119 87
119 91
119 94
119 98
119 99
119 115
119 117
119 119
119 122
119 125
120 5
120 11
120 25
120 28
120 37
120 38
120 43
120 45
120 46
120 50
120 54
120 55
120 59
120 64
120 67
120 72
120 74
120 77
120 81
120 82
120 88
120 90
120 91
120 93
120 99
120 104
120 118
120 120
121 4
121 7
121 9
121 11
121 12
121 15
121 22
121 35
121 36
121 40
121 41
121 42
121 48
121 51
121 62
121 66
121 68
121 76
121 77
121 86
121 90
121 103
121 109
121 118
122 0
122 10
122 11
122 25
122 32
122 39
122 43
122 56
122 59
122 64
122 73
122 84
122 85
122 88
122 95
122 97
122 100
122 106
122 107
122 122
123 4
123 7
123 14
123 18
123 26
123 27
123 28
123 34
123 35
123 38
123 41
123 45
123 53
123 61
123 72
123 74
123 79
123 84
123 86
123 92
123 95
123 96
123 104
123 113
124 5
124 7
124 9
124 12
124 14
124 18
124 20
124 26
124 27
124 30
124 31
124 40
124 42
124 51
124 69
124 92
124 95
124 107
124 108
124 114
124 123
124 127
125 2
125 8
125 10
125 18
125 19
125 30
125 37
125 38
125 40
125 44
125 51
125 54
125 55
125 61
125 66
125 70
125 71
125 73
125 74
125 76
125 85
125 91
125 97
125 101
125 104
125 107
125 122
126 1
126 8
126 14
126 26
126 37
126 45
126 46
126 51
126 60
126 62
126 69
126 71
126 75
126 76
126 80
126 94
126 95
126 99
126 100
126 101
126 112
126 116
126 117
126 121
126 123
127 0
127 6
127 8
127 10
127 11
127 14
127 18
127 24
127 27
127 29
127 30
127 34
127 35
127 36
127 44
127 62
127 64
127 65
127 69
127 74
127 75
127 76
127 78
127 79
127 80
127 84
127 89
127 92
127 94
127 108
127 112
127 116
127 123
