0 1
0 7
0 13
0 17
0 23
0 25
0 26
0 32
0 35
0 37
0 38
0 46
0 51
0 52
0 59
0 63
0 64
0 68
0 69
0 70
0 73
0 74
0 75
0 77
0 79
0 82
0 84
0 88
0 98
0 100
0 103
0 112
0 113
0 114
0 115
0 118
0 122
0 123
0 124
1 7
1 8
1 11
1 14
1 15
1 17
1 21
1 22
1 29
1 31
1 36
1 38
1 39
1 41
1 44
1 46
1 47
1 49
1 52
1 56
1 59
1 61
1 62
1 64
1 69
1 72
1 74
1 82
1 86
1 92
1 101
1 102
1 105
1 109
1 113
1 115
1 122
1 125
2 9
2 11
2 17
2 21
2 28
2 41
2 44
2 46
2 53
2 57
2 60
2 61
2 67
2 69
2 85
2 87
2 97
2 102
2 107
2 110
2 118
2 124
2 125
2 126
3 1
3 3
3 9
3 10
3 16
3 21
3 23
3 24
3 27
3 32
3 33
3 37
3 39
3 40
3 43
3 44
3 45
3 47
3 48
3 57
3 59
3 60
3 64
3 66
3 73
3 75
3 77
3 78
3 83
3 88
3 89
3 94
3 95
3 107
3 110
3 111
3 113
3 115
3 116
3 117
3 120
3 122
3 125
4 0
4 4
4 7
4 14
4 16
4 20
4 24
4 27
4 28
4 29
4 31
4 37
4 44
4 48
4 50
4 51
4 52
4 54
4 55
4 57
4 59
4 62
4 66
4 67
4 68
4 74
4 76
4 77
4 79
4 82
4 87
4 98
4 99
4 100
4 102
4 104
4 105
4 113
4 114
4 118
4 122
4 123
4 125
4 127
5 0
5 1
5 3
5 6
5 9
5 10
5 12
5 14
5 15
5 16
5 18
5 20
5 21
5 22
5 24
5 25
5 27
5 29
5 30
5 31
5 34
5 43
5 45
5 57
5 66
5 76
5 80
5 84
5 90
5 98
5 102
5 114
5 115
5 117
5 120
5 124
5 126
6 1
6 5
6 8
6 9
6 11
6 13
6 15
6 18
6 22
6 25
6 28
6 31
6 34
6 35
6 37
6 40
6 41
6 42
6 44
6 45
6 46
6 64
6 67
6 68
6 70
6 76
6 78
6 88
6 92
6 96
6 101
6 104
6 107
6 108
6 109
6 117
6 119
6 121
6 123
6 127
7 0
7 1
7 3
7 6
7 7
7 8
7 11
7 16
7 18
7 23
7 25
7 26
7 27
7 28
7 30
7 31
7 32
7 36
7 37
7 38
7 39
7 41
7 45
7 46
7 55
7 59
7 60
7 64
7 67
7 71
7 74
7 75
7 83
7 84
7 89
7 90
7 91
7 96
7 97
7 102
7 103
7 105
7 108
7 111
7 113
7 117
7 122
7 124
7 125
8 8
8 9
8 13
8 18
8 25
8 27
8 28
8 35
8 36
8 39
8 41
8 43
8 45
8 46
8 47
8 48
8 50
8 53
8 55
8 60
8 65
8 66
8 69
8 72
8 75
8 77
8 79
8 80
8 82
8 84
8 93
8 97
8 99
8 107
8 113
8 116
8 118
8 119
8 120
8 125
9 3
9 9
9 10
9 11
9 13
9 17
9 18
9 20
9 23
9 27
9 30
9 46
9 47
9 50
9 55
9 70
9 72
9 76
9 78
9 82
9 83
9 87
9 91
9 98
9 99
9 100
9 102
9 103
9 105
9 106
9 108
9 113
9 115
9 117
9 122
9 124
10 1
10 3
10 6
10 8
10 14
10 15
10 18
10 19
10 21
10 25
10 26
10 29
10 32
10 36
10 37
10 38
10 40
10 41
10 42
10 46
10 49
10 51
10 55
10 58
10 62
10 64
10 67
10 69
10 70
10 75
10 76
10 79
10 82
10 86
10 92
10 93
10 96
10 97
10 99
10 101
10 104
10 106
10 107
10 112
10 114
10 115
10 122
10 124
11 0
11 5
11 6
11 8
11 9
11 10
11 16
11 18
11 19
11 23
11 25
11 27
11 29
11 30
11 32
11 34
11 41
11 42
11 45
11 46
11 50
11 52
11 53
11 56
11 64
11 66
11 72
11 74
11 79
11 86
11 88
11 92
11 103
11 116
11 119
11 120
11 126
12 6
12 10
12 14
12 18
12 20
12 22
12 32
12 35
12 39
12 44
12 46
12 50
12 54
12 60
12 61
12 62
12 71
12 73
12 75
12 77
12 79
12 80
12 83
12 86
12 88
12 89
12 94
12 97
12 99
12 104
12 106
12 107
12 113
12 115
12 117
12 125
13 0
13 4
13 9
13 14
13 21
13 23
13 26
13 31
13 37
13 38
13 46
13 47
13 49
13 50
13 52
13 54
13 64
13 67
13 72
13 79
13 80
13 81
13 82
13 84
13 89
13 93
13 95
13 98
13 99
13 105
13 106
13 107
13 112
13 113
13 117
13 121
13 122
13 126
13 127
14 1
14 9
14 10
14 11
14 13
14 15
14 21
14 27
14 28
14 31
14 33
14 35
14 42
14 48
14 50
14 52
14 55
14 56
14 58
14 61
14 63
14 65
14 71
14 73
14 76
14 78
14 84
14 86
14 90
14 94
14 98
14 99
14 102
14 107
14 111
14 114
14 115
14 122
14 123
14 126
15 1
15 3
15 6
15 8
15 11
15 13
15 14
15 18
15 19
15 25
15 26
15 27
15 28
15 30
15 33
15 34
15 35
15 37
15 38
15 45
15 46
15 47
15 55
15 57
15 61
15 68
15 69
15 73
15 75
15 77
15 79
15 81
15 82
15 85
15 86
15 87
15 89
15 92
15 95
15 97
15 100
15 104
15 106
15 109
15 120
15 123
15 125
15 126
15 127
16 1
16 3
16 15
16 20
16 22
16 24
16 28
16 32
16 37
16 38
16 39
16 41
16 44
16 46
16 49
16 54
16 57
16 72
16 74
16 75
16 79
16 81
16 82
16 85
16 87
16 88
16 90
16 97
16 106
16 107
16 115
16 118
16 120
16 124
16 126
17 1
17 8
17 15
17 18
17 21
17 29
17 36
17 37
17 39
17 41
17 42
17 44
17 46
17 49
17 52
17 54
17 55
17 56
17 58
17 59
17 60
17 63
17 66
17 68
17 70
17 75
17 80
17 81
17 84
17 86
17 88
17 91
17 94
17 95
17 96
17 97
17 100
17 103
17 104
17 110
17 111
17 112
17 113
17 114
17 121
17 126
18 1
18 3
18 4
18 12
18 14
18 19
18 21
18 28
18 34
18 38
18 43
18 47
18 49
18 52
18 55
18 56
18 59
18 61
18 62
18 66
18 67
18 70
18 77
18 78
18 79
18 83
18 85
18 90
18 96
18 99
18 101
18 105
18 108
18 110
18 111
18 112
18 118
18 120
18 126
18 127
19 0
19 23
19 24
19 25
19 30
19 32
19 33
19 34
19 36
19 38
19 48
19 51
19 52
19 53
19 54
19 57
19 59
19 61
19 63
19 64
19 65
19 68
19 75
19 83
19 85
19 91
19 92
19 105
19 109
19 111
19 112
19 113
19 116
19 121
20 2
20 3
20 6
20 12
20 15
20 18
20 19
20 22
20 29
20 32
20 35
20 45
20 50
20 52
20 54
20 59
20 61
20 71
20 73
20 76
20 79
20 86
20 93
20 103
20 104
20 105
20 120
20 125
20 126
21 0
21 3
21 5
21 8
21 14
21 15
21 19
21 30
21 32
21 33
21 37
21 38
21 39
21 50
21 52
21 53
21 55
21 60
21 62
21 64
21 68
21 69
21 70
21 73
21 75
21 76
21 81
21 82
21 84
21 88
21 99
21 100
21 104
21 115
21 116
21 120
21 121
21 122
21 125
22 0
22 2
22 4
22 10
22 11
22 17
22 19
22 22
22 23
22 29
22 30
22 31
22 39
22 41
22 46
22 47
22 48
22 51
22 53
22 54
22 60
22 64
22 66
22 69
22 72
22 74
22 75
22 76
22 87
22 88
22 93
22 96
22 99
22 101
22 103
22 104
22 107
22 109
22 111
22 112
22 116
22 118
22 120
22 121
22 123
22 127
23 1
23 2
23 3
23 5
23 8
23 10
23 18
23 21
23 24
23 26
23 27
23 35
23 37
23 41
23 44
23 46
23 48
23 51
23 52
23 54
23 57
23 58
23 63
23 67
23 68
23 69
23 73
23 74
23 79
23 85
23 86
23 88
23 91
23 92
23 93
23 94
23 105
23 108
23 117
23 121
23 122
23 127
24 1
24 3
24 9
24 10
24 11
24 12
24 14
24 18
24 21
24 25
24 26
24 29
24 30
24 32
24 33
24 35
24 40
24 41
24 43
24 45
24 47
24 51
24 56
24 60
24 64
24 68
24 70
24 71
24 72
24 73
24 79
24 80
24 83
24 86
24 92
24 93
24 94
24 102
24 103
24 108
24 109
24 116
24 119
24 126
25 0
25 3
25 9
25 11
25 12
25 17
25 19
25 22
25 32
25 33
25 39
25 40
25 42
25 44
25 51
25 58
25 60
25 64
25 65
25 69
25 76
25 83
25 85
25 88
25 90
25 92
25 93
25 103
25 104
25 105
25 106
25 108
25 109
25 115
25 117
25 118
25 120
25 124
25 126
25 127
26 2
26 3
26 8
26 12
26 16
26 18
26 20
26 21
26 26
26 30
26 31
26 32
26 33
26 36
26 38
26 41
26 48
26 53
26 55
26 56
26 57
26 58
26 59
26 61
26 64
26 67
26 72
26 73
26 79
26 82
26 84
26 85
26 87
26 99
26 101
26 104
26 105
26 112
26 117
26 125
27 3
27 7
27 8
27 18
27 24
27 25
27 26
27 32
27 36
27 44
27 46
27 47
27 51
27 52
27 54
27 55
27 56
27 57
27 62
27 63
27 65
27 67
27 71
27 72
27 75
27 79
27 84
27 88
27 89
27 91
27 92
27 106
27 107
27 109
27 110
27 111
27 112
27 113
27 114
27 118
27 121
27 127
28 0
28 4
28 9
28 13
28 14
28 15
28 16
28 27
28 28
28 32
28 34
28 37
28 41
28 44
28 48
28 54
28 55
28 57
28 58
28 60
28 63
28 65
28 68
28 69
28 72
28 76
28 77
28 82
28 84
28 90
28 92
28 93
28 99
28 110
28 117
28 118
28 123
28 125
29 0
29 4
29 7
29 8
29 9
29 21
29 22
29 23
29 31
29 33
29 34
29 38
29 48
29 50
29 53
29 54
29 55
29 57
29 59
29 68
29 69
29 71
29 72
29 78
29 80
29 83
29 88
29 90
29 94
29 96
29 98
29 100
29 103
29 109
29 113
29 127
30 7
30 10
30 11
30 13
30 14
30 19
30 20
30 21
30 22
30 25
30 27
30 28
30 30
30 33
30 34
30 35
30 36
30 39
30 41
30 42
30 44
30 49
30 52
30 53
30 55
30 60
30 61
30 66
30 67
30 69
30 72
30 76
30 77
30 81
30 82
30 88
30 94
30 103
30 104
30 111
30 116
30 127
31 0
31 2
31 7
31 13
31 14
31 20
31 24
31 30
31 33
31 34
31 36
31 38
31 48
31 52
31 53
31 54
31 57
31 58
31 59
31 65
31 67
31 68
31 69
31 71
31 73
31 75
31 79
31 82
31 85
31 89
31 96
31 97
31 99
31 101
31 104
31 113
31 116
31 120
31 126
32 0
32 1
32 4
32 5
32 11
32 13
32 17
32 21
32 22
32 23
32 27
32 29
32 30
32 34
32 50
32 53
32 54
32 57
32 59
32 70
32 73
32 81
32 89
32 94
32 96
32 97
32 99
32 100
32 108
32 114
32 115
32 116
32 118
32 120
33 0
33 3
33 13
33 15
33 17
33 18
33 19
33 22
33 23
33 24
33 33
33 37
33 38
33 39
33 45
33 49
33 54
33 55
33 61
33 66
33 72
33 91
33 94
33 95
33 107
33 108
33 117
33 119
33 120
33 123
34 0
34 1
34 3
34 4
34 5
34 13
34 14
34 20
34 21
34 28
34 30
34 34
34 35
34 37
34 42
34 43
34 48
34 51
34 55
34 59
34 61
34 67
34 69
34 73
34 75
34 77
34 81
34 83
34 86
34 91
34 99
34 105
34 106
34 108
34 115
34 116
34 117
34 119
34 123
35 0
35 2
35 4
35 6
35 8
35 9
35 12
35 21
35 22
35 36
35 37
35 38
35 41
35 45
35 47
35 50
35 52
35 58
35 59
35 61
35 62
35 64
35 66
35 76
35 79
35 89
35 91
35 95
35 99
35 100
35 101
35 102
35 106
35 113
35 118
35 125
35 127
36 2
36 3
36 9
36 11
36 12
36 13
36 16
36 17
36 25
36 30
36 35
36 36
36 42
36 50
36 58
36 59
36 61
36 69
36 71
36 72
36 73
36 75
36 77
36 78
36 84
36 86
36 98
36 111
36 117
36 120
36 122
36 123
36 124
36 125
36 127
37 1
37 3
37 5
37 6
37 8
37 10
37 11
37 17
37 23
37 24
37 26
37 27
37 30
37 36
37 38
37 39
37 41
37 45
37 46
37 54
37 58
37 62
37 63
37 72
37 75
37 77
37 80
37 81
37 85
37 86
37 89
37 93
37 94
37 98
37 105
37 106
37 108
37 115
37 121
37 124
37 125
37 126
37 127
38 0
38 3
38 9
38 10
38 18
38 26
38 29
38 31
38 32
38 36
38 37
38 42
38 43
38 45
38 50
38 54
38 55
38 58
38 63
38 65
38 73
38 74
38 75
38 76
38 78
38 87
38 90
38 99
38 104
38 105
38 106
38 109
38 111
38 113
38 114
38 116
38 117
39 0
39 2
39 7
39 8
39 12
39 13
39 15
39 17
39 24
39 34
39 35
39 38
39 42
39 43
39 48
39 49
39 50
39 53
39 58
39 61
39 63
39 65
39 71
39 73
39 76
39 81
39 91
39 92
39 94
39 96
39 98
39 104
39 105
39 117
39 125
40 0
40 1
40 6
40 10
40 11
40 13
40 28
40 32
40 33
40 34
40 35
40 38
40 39
40 40
40 45
40 53
40 59
40 62
40 66
40 69
40 76
40 80
40 84
40 85
40 86
40 89
40 95
40 97
40 107
40 113
40 119
40 121
40 125
41 0
41 1
41 3
41 7
41 11
41 16
41 18
41 19
41 20
41 24
41 31
41 33
41 38
41 42
41 43
41 44
41 49
41 54
41 55
41 60
41 66
41 77
41 78
41 83
41 89
41 91
41 92
41 93
41 96
41 97
41 105
41 116
41 119
41 122
41 124
42 2
42 3
42 8
42 9
42 12
42 16
42 18
42 24
42 30
42 36
42 38
42 39
42 41
42 42
42 50
42 51
42 52
42 53
42 59
42 63
42 64
42 66
42 74
42 76
42 77
42 82
42 94
42 95
42 99
42 100
42 106
42 109
42 119
42 124
43 2
43 9
43 10
43 12
43 27
43 31
43 37
43 38
43 41
43 43
43 45
43 46
43 49
43 52
43 55
43 58
43 63
43 74
43 81
43 83
43 84
43 87
43 88
43 93
43 97
43 100
43 102
43 103
43 106
43 122
43 123
44 0
44 2
44 4
44 7
44 8
44 9
44 11
44 16
44 17
44 18
44 22
44 30
44 33
44 35
44 39
44 40
44 41
44 47
44 48
44 57
44 60
44 62
44 65
44 75
44 76
44 77
44 81
44 83
44 84
44 87
44 89
44 93
44 97
44 98
44 101
44 102
44 107
44 108
44 110
44 111
44 113
44 120
44 122
44 123
45 1
45 2
45 6
45 9
45 11
45 12
45 16
45 17
45 19
45 20
45 21
45 22
45 23
45 28
45 34
45 35
45 36
45 37
45 48
45 52
45 53
45 59
45 60
45 75
45 80
45 85
45 91
45 92
45 95
45 101
45 104
45 105
45 107
45 108
45 109
45 119
45 125
45 127
46 0
46 5
46 12
46 15
46 17
46 21
46 28
46 33
46 34
46 35
46 37
46 42
46 44
46 51
46 56
46 64
46 67
46 70
46 71
46 73
46 76
46 77
46 78
46 83
46 85
46 87
46 100
46 105
46 107
46 112
46 114
46 121
46 125
46 126
46 127
47 0
47 1
47 3
47 4
47 6
47 7
47 9
47 10
47 15
47 17
47 19
47 21
47 25
47 28
47 31
47 35
47 43
47 46
47 48
47 56
47 61
47 63
47 66
47 73
47 74
47 76
47 77
47 78
47 79
47 82
47 83
47 84
47 88
47 89
47 90
47 99
47 101
47 104
47 105
47 106
47 108
47 113
47 125
47 126
48 0
48 8
48 10
48 14
48 17
48 18
48 19
48 21
48 26
48 31
48 33
48 34
48 42
48 45
48 47
48 49
48 52
48 54
48 55
48 60
48 61
48 62
48 63
48 66
48 70
48 71
48 75
48 78
48 83
48 84
48 85
48 87
48 89
48 91
48 95
48 97
48 99
48 103
48 105
48 107
48 108
48 114
48 116
48 117
48 122
49 1
49 11
49 12
49 14
49 16
49 19
49 21
49 27
49 28
49 31
49 34
49 36
49 38
49 43
49 44
49 48
49 52
49 55
49 56
49 59
49 62
49 66
49 69
49 78
49 79
49 84
49 86
49 92
49 100
49 104
49 108
49 109
49 116
49 118
49 122
49 126
50 4
50 8
50 10
50 11
50 33
50 38
50 42
50 47
50 49
50 54
50 56
50 58
50 61
50 64
50 66
50 68
50 69
50 73
50 74
50 76
50 78
50 79
50 81
50 85
50 92
50 94
50 95
50 98
50 102
50 104
50 105
50 107
50 111
50 113
50 117
50 123
50 125
51 2
51 12
51 17
51 24
51 30
51 34
51 45
51 48
51 49
51 50
51 51
51 61
51 64
51 78
51 80
51 83
51 91
51 92
51 94
51 100
51 102
51 103
51 106
51 107
51 109
51 113
51 114
51 116
51 117
51 120
51 122
51 126
51 127
52 0
52 1
52 6
52 7
52 11
52 12
52 13
52 19
52 20
52 24
52 25
52 27
52 29
52 31
52 33
52 36
52 42
52 43
52 50
52 53
52 56
52 60
52 63
52 65
52 70
52 75
52 77
52 78
52 83
52 84
52 87
52 92
52 93
52 96
52 97
52 98
52 103
52 110
52 114
52 120
52 127
53 0
53 4
53 5
53 6
53 8
53 10
53 11
53 16
53 17
53 20
53 21
53 26
53 28
53 30
53 32
53 34
53 35
53 41
53 47
53 48
53 50
53 53
53 55
53 57
53 59
53 63
53 68
53 70
53 73
53 74
53 75
53 80
53 84
53 89
53 92
53 96
53 98
53 105
53 106
53 107
53 108
53 114
53 122
53 123
53 125
54 2
54 3
54 6
54 12
54 14
54 17
54 22
54 31
54 41
54 42
54 43
54 44
54 45
54 46
54 55
54 56
54 59
54 62
54 64
54 68
54 70
54 74
54 75
54 80
54 84
54 85
54 88
54 92
54 99
54 101
54 106
54 107
54 110
54 111
54 112
54 113
54 115
54 116
54 119
54 120
55 2
55 3
55 4
55 5
55 6
55 11
55 12
55 13
55 14
55 20
55 26
55 27
55 31
55 33
55 39
55 46
55 49
55 54
55 56
55 61
55 65
55 69
55 72
55 73
55 75
55 79
55 80
55 85
55 90
55 93
55 96
55 103
55 104
55 105
55 108
55 110
55 111
55 113
55 114
55 121
55 124
55 127
56 1
56 2
56 5
56 8
56 9
56 13
56 15
56 17
56 21
56 31
56 32
56 34
56 36
56 40
56 42
56 45
56 55
56 58
56 60
56 72
56 84
56 86
56 92
56 95
56 96
56 98
56 103
56 108
56 112
56 114
56 125
57 0
57 1
57 4
57 8
57 12
57 19
57 29
57 34
57 37
57 41
57 44
57 45
57 48
57 54
57 55
57 56
57 57
57 60
57 61
57 70
57 71
57 76
57 82
57 85
57 87
57 89
57 90
57 91
57 96
57 97
57 98
57 101
57 104
57 112
57 120
57 121
57 122
57 124
58 0
58 1
58 18
58 21
58 23
58 25
58 26
58 31
58 44
58 48
58 52
58 53
58 56
58 58
58 59
58 60
58 61
58 62
58 65
58 70
58 71
58 72
58 75
58 80
58 85
58 94
58 95
58 99
58 106
58 109
58 110
58 112
58 117
58 120
58 125
59 3
59 4
59 5
59 10
59 12
59 14
59 15
59 18
59 19
59 20
59 23
59 28
59 34
59 37
59 43
59 45
59 48
59 49
59 50
59 52
59 53
59 65
59 67
59 71
59 76
59 77
59 81
59 82
59 85
59 86
59 96
59 97
59 102
59 105
59 106
59 114
59 116
59 122
59 123
60 7
60 11
60 17
60 18
60 19
60 27
60 28
60 31
60 37
60 39
60 42
60 48
60 51
60 58
60 62
60 69
60 70
60 71
60 72
60 73
60 75
60 79
60 85
60 88
60 89
60 94
60 101
60 105
60 106
60 107
60 108
60 110
60 115
60 117
60 120
60 121
60 122
61 6
61 7
61 9
61 13
61 15
61 17
61 18
61 21
61 26
61 30
61 32
61 34
61 35
61 37
61 38
61 39
61 40
61 42
61 43
61 44
61 47
61 58
61 60
61 65
61 66
61 68
61 71
61 82
61 86
61 88
61 94
61 106
61 107
61 114
61 118
61 122
61 123
61 124
61 127
62 3
62 4
62 12
62 14
62 16
62 20
62 22
62 25
62 27
62 28
62 29
62 37
62 39
62 40
62 46
62 55
62 56
62 58
62 60
62 62
62 65
62 68
62 74
62 75
62 77
62 78
62 85
62 89
62 92
62 94
62 95
62 96
62 97
62 99
62 101
62 104
62 106
62 118
62 123
62 124
63 5
63 7
63 9
63 11
63 13
63 22
63 25
63 29
63 32
63 33
63 35
63 41
63 42
63 45
63 46
63 48
63 49
63 51
63 53
63 58
63 59
63 63
63 64
63 65
63 67
63 70
63 77
63 82
63 85
63 95
63 105
63 112
63 114
63 115
63 116
63 118
63 123
63 124
63 125
64 6
64 7
64 13
64 17
64 19
64 24
64 27
64 30
64 35
64 45
64 48
64 58
64 62
64 65
64 66
64 71
64 84
64 91
64 95
64 96
64 99
64 111
64 116
64 119
64 121
64 122
64 123
64 127
65 4
65 5
65 11
65 13
65 17
65 18
65 19
65 22
65 23
65 24
65 27
65 32
65 34
65 39
65 42
65 43
65 45
65 47
65 53
65 54
65 57
65 61
65 70
65 77
65 79
65 84
65 85
65 91
65 92
65 95
65 96
65 108
65 113
65 114
65 116
65 118
65 123
65 126
66 1
66 2
66 10
66 12
66 15
66 18
66 20
66 21
66 23
66 25
66 29
66 30
66 31
66 37
66 41
66 42
66 43
66 49
66 56
66 64
66 65
66 72
66 76
66 87
66 89
66 90
66 91
66 92
66 97
66 99
66 100
66 102
66 103
66 105
66 110
66 112
67 1
67 3
67 8
67 10
67 11
67 12
67 15
67 18
67 21
67 23
67 26
67 27
67 31
67 39
67 40
67 41
67 44
67 45
67 46
67 53
67 57
67 60
67 64
67 67
67 68
67 69
67 71
67 72
67 77
67 79
67 89
67 101
67 118
68 4
68 10
68 11
68 12
68 17
68 24
68 29
68 30
68 38
68 41
68 45
68 48
68 50
68 52
68 65
68 68
68 71
68 72
68 76
68 81
68 86
68 87
68 88
68 91
68 94
68 97
68 101
68 103
68 104
68 112
68 114
68 115
68 117
68 118
68 120
68 121
69 5
69 19
69 23
69 33
69 47
69 50
69 51
69 52
69 59
69 60
69 67
69 69
69 70
69 73
69 74
69 77
69 80
69 81
69 82
69 83
69 85
69 89
69 90
69 95
69 97
69 100
69 103
69 104
69 109
69 111
69 116
69 118
69 123
69 126
70 0
70 5
70 6
70 7
70 9
70 10
70 12
70 13
70 15
70 19
70 21
70 25
70 27
70 31
70 38
70 40
70 47
70 51
70 52
70 53
70 54
70 56
70 65
70 72
70 73
70 74
70 76
70 81
70 86
70 87
70 91
70 94
70 96
70 103
70 106
70 108
70 109
70 118
70 119
70 122
71 2
71 3
71 4
71 5
71 8
71 18
71 21
71 22
71 23
71 25
71 29
71 35
71 38
71 39
71 42
71 45
71 47
71 50
71 52
71 54
71 56
71 60
71 63
71 69
71 71
71 72
71 73
71 75
71 81
71 86
71 88
71 89
71 90
71 91
71 95
71 104
71 105
71 106
71 107
71 111
71 113
71 119
71 120
71 121
72 1
72 4
72 7
72 9
72 12
72 14
72 18
72 22
72 29
72 31
72 33
72 35
72 43
72 53
72 57
72 61
72 65
72 75
72 77
72 79
72 83
72 85
72 87
72 95
72 100
72 101
72 102
72 105
72 106
72 110
72 114
72 115
72 119
72 121
72 122
72 124
72 125
73 4
73 8
73 13
73 15
73 16
73 18
73 20
73 22
73 26
73 32
73 34
73 38
73 44
73 45
73 47
73 48
73 54
73 55
73 59
73 64
73 65
73 67
73 69
73 73
73 75
73 76
73 77
73 82
73 84
73 85
73 86
73 88
73 94
73 99
73 100
73 101
73 103
73 104
73 110
73 111
73 113
73 115
73 120
73 123
73 125
73 127
74 0
74 1
74 2
74 6
74 14
74 16
74 17
74 18
74 27
74 33
74 35
74 36
74 39
74 40
74 50
74 51
74 56
74 57
74 59
74 64
74 65
74 67
74 73
74 76
74 77
74 79
74 80
74 81
74 84
74 86
74 92
74 95
74 97
74 98
74 99
74 107
74 109
74 114
74 117
74 119
74 121
74 122
75 1
75 4
75 5
75 6
75 7
75 10
75 14
75 23
75 24
75 25
75 30
75 31
75 32
75 35
75 41
75 44
75 51
75 52
75 54
75 59
75 60
75 61
75 62
75 67
75 68
75 69
75 72
75 76
75 78
75 83
75 90
75 91
75 97
75 99
75 102
75 103
75 104
75 106
75 107
75 108
75 109
75 110
75 111
75 117
75 120
75 121
75 125
75 126
75 127
76 4
76 5
76 7
76 8
76 9
76 11
76 20
76 24
76 27
76 28
76 31
76 37
76 45
76 46
76 48
76 50
76 56
76 57
76 66
76 72
76 75
76 76
76 77
76 79
76 85
76 86
76 88
76 99
76 104
76 105
76 106
76 117
76 119
76 120
76 122
76 123
76 125
76 126
77 0
77 3
77 10
77 13
77 16
77 19
77 22
77 25
77 30
77 38
77 42
77 46
77 54
77 55
77 56
77 61
77 62
77 63
77 66
77 69
77 72
77 75
77 79
77 80
77 90
77 93
77 94
77 96
77 97
77 99
77 102
77 114
77 116
77 117
77 119
77 124
78 0
78 2
78 11
78 18
78 25
78 27
78 28
78 29
78 31
78 37
78 39
78 40
78 50
78 51
78 53
78 54
78 57
78 59
78 63
78 80
78 83
78 104
78 113
78 119
78 120
78 121
78 125
79 8
79 11
79 12
79 16
79 17
79 18
79 19
79 28
79 29
79 30
79 32
79 41
79 44
79 46
79 52
79 55
79 56
79 58
79 59
79 61
79 63
79 68
79 69
79 70
79 77
79 80
79 83
79 84
79 85
79 92
79 94
79 95
79 101
79 107
79 108
79 110
79 111
79 116
79 118
80 3
80 6
80 14
80 15
80 18
80 22
80 23
80 25
80 28
80 33
80 36
80 44
80 51
80 53
80 55
80 58
80 64
80 65
80 72
80 73
80 83
80 85
80 86
80 88
80 89
80 91
80 95
80 96
80 99
80 100
80 103
80 104
80 106
80 107
80 110
80 111
80 113
80 120
80 124
81 0
81 10
81 12
81 14
81 15
81 18
81 20
81 30
81 33
81 51
81 54
81 60
81 61
81 66
81 67
81 80
81 82
81 83
81 90
81 95
81 115
81 123
81 125
82 1
82 2
82 4
82 8
82 14
82 15
82 19
82 21
82 22
82 24
82 25
82 28
82 39
82 41
82 42
82 47
82 49
82 50
82 51
82 53
82 64
82 73
82 74
82 82
82 83
82 85
82 87
82 88
82 89
82 90
82 92
82 94
82 100
82 103
82 113
82 118
82 119
82 122
82 125
83 6
83 15
83 18
83 24
83 30
83 32
83 34
83 35
83 36
83 39
83 49
83 53
83 56
83 58
83 60
83 62
83 63
83 66
83 71
83 72
83 76
83 77
83 78
83 83
83 84
83 88
83 90
83 95
83 96
83 98
83 105
83 108
83 110
83 112
83 113
83 116
83 117
83 121
84 0
84 1
84 2
84 5
84 8
84 10
84 12
84 15
84 23
84 24
84 29
84 34
84 35
84 40
84 43
84 44
84 45
84 46
84 48
84 54
84 58
84 61
84 65
84 72
84 78
84 80
84 83
84 85
84 92
84 93
84 98
84 101
84 102
84 104
84 109
84 112
84 113
84 117
84 120
84 125
84 127
85 2
85 4
85 6
85 9
85 11
85 12
85 18
85 19
85 23
85 25
85 29
85 30
85 34
85 36
85 37
85 40
85 46
85 50
85 58
85 59
85 63
85 65
85 67
85 70
85 72
85 73
85 76
85 77
85 79
85 83
85 85
85 89
85 90
85 91
85 92
85 93
85 95
85 98
85 101
85 109
85 112
85 120
85 125
86 2
86 5
86 6
86 7
86 9
86 11
86 12
86 13
86 14
86 18
86 24
86 26
86 28
86 34
86 39
86 42
86 43
86 47
86 48
86 61
86 62
86 63
86 64
86 65
86 69
86 74
86 75
86 76
86 81
86 82
86 84
86 85
86 86
86 87
86 88
86 90
86 95
86 98
86 99
86 101
86 105
86 108
86 111
86 118
86 119
86 122
86 123
86 124
86 126
87 4
87 8
87 15
87 16
87 24
87 25
87 27
87 37
87 38
87 40
87 42
87 43
87 46
87 50
87 56
87 64
87 66
87 69
87 72
87 76
87 85
87 90
87 92
87 100
87 105
87 106
87 107
87 109
87 114
87 125
88 7
88 16
88 25
88 36
88 38
88 39
88 41
88 44
88 53
88 55
88 58
88 64
88 68
88 70
88 71
88 72
88 74
88 76
88 77
88 82
88 101
88 113
88 116
88 119
88 121
88 122
89 2
89 7
89 10
89 11
89 13
89 15
89 19
89 25
89 27
89 28
89 29
89 33
89 34
89 38
89 44
89 46
89 49
89 51
89 53
89 54
89 56
89 60
89 62
89 65
89 66
89 71
89 74
89 81
89 83
89 89
89 96
89 98
89 104
89 107
89 117
89 122
90 0
90 1
90 2
90 3
90 6
90 10
90 12
90 15
90 16
90 20
90 25
90 26
90 27
90 30
90 34
90 40
90 43
90 49
90 56
90 57
90 58
90 63
90 68
90 71
90 72
90 77
90 80
90 81
90 82
90 86
90 87
90 88
90 91
90 94
90 98
90 100
90 101
90 104
90 109
90 112
90 113
90 114
90 116
90 127
91 0
91 2
91 6
91 20
91 23
91 28
91 29
91 34
91 39
91 42
91 43
91 44
91 51
91 56
91 59
91 64
91 66
91 70
91 75
91 78
91 79
91 80
91 92
91 96
91 107
91 109
91 113
91 114
91 125
92 0
92 2
92 3
92 6
92 10
92 11
92 12
92 18
92 22
92 23
92 25
92 27
92 29
92 34
92 36
92 38
92 42
92 43
92 47
92 49
92 52
92 54
92 55
92 57
92 63
92 65
92 69
92 70
92 72
92 74
92 77
92 80
92 84
92 89
92 93
92 98
92 100
92 102
92 103
92 108
92 110
92 111
92 112
92 113
92 120
92 121
92 126
93 0
93 1
93 5
93 6
93 7
93 9
93 11
93 12
93 15
93 16
93 17
93 25
93 27
93 35
93 36
93 37
93 39
93 50
93 53
93 54
93 57
93 59
93 65
93 66
93 71
93 76
93 79
93 87
93 92
93 96
93 99
93 102
93 111
93 115
93 118
93 120
93 121
93 124
94 0
94 11
94 12
94 16
94 18
94 21
94 25
94 32
94 39
94 43
94 48
94 50
94 51
94 52
94 57
94 60
94 65
94 75
94 79
94 81
94 94
94 95
94 101
94 106
94 107
94 108
94 117
94 118
94 124
94 127
95 3
95 4
95 9
95 18
95 19
95 22
95 24
95 25
95 31
95 32
95 33
95 35
95 43
95 48
95 49
95 50
95 51
95 53
95 54
95 57
95 59
95 60
95 61
95 63
95 66
95 69
95 70
95 71
95 73
95 74
95 75
95 76
95 77
95 78
95 85
95 87
95 88
95 89
95 91
95 94
95 97
95 101
95 105
95 107
95 108
95 109
95 112
95 114
95 118
95 122
95 123
95 126
96 0
96 4
96 8
96 10
96 12
96 19
96 23
96 33
96 36
96 38
96 39
96 40
96 47
96 48
96 49
96 52
96 58
96 62
96 67
96 77
96 82
96 83
96 85
96 86
96 92
96 94
96 95
96 104
96 106
96 108
96 109
96 110
96 111
96 114
96 117
96 127
97 0
97 6
97 17
97 18
97 26
97 28
97 29
97 30
97 32
97 37
97 40
97 43
97 46
97 47
97 50
97 54
97 55
97 56
97 61
97 64
97 66
97 76
97 77
97 81
97 82
97 86
97 90
97 91
97 92
97 93
97 95
97 96
97 99
97 105
97 106
97 107
97 109
97 111
97 113
97 117
97 118
97 125
98 9
98 12
98 13
98 21
98 24
98 30
98 36
98 39
98 43
98 46
98 50
98 51
98 54
98 60
98 61
98 63
98 64
98 65
98 66
98 67
98 73
98 81
98 86
98 88
98 89
98 90
98 95
98 96
98 100
98 104
98 107
98 109
98 111
98 112
98 117
98 119
98 120
98 123
98 124
98 125
98 126
99 6
99 12
99 16
99 19
99 20
99 22
99 23
99 31
99 33
99 34
99 42
99 44
99 46
99 47
99 54
99 59
99 60
99 61
99 62
99 64
99 67
99 68
99 74
99 75
99 78
99 79
99 80
99 89
99 90
99 94
99 96
99 98
99 99
99 100
99 101
99 103
99 104
99 107
99 109
99 111
99 114
99 115
99 117
99 119
99 120
99 121
99 122
99 123
100 8
100 9
100 12
100 16
100 46
100 51
100 52
100 59
100 64
100 66
100 70
100 71
100 73
100 76
100 82
100 86
100 90
100 92
100 93
100 96
100 105
100 107
100 109
100 115
100 116
100 118
100 119
100 123
100 125
101 0
101 2
101 9
101 18
101 19
101 22
101 24
101 25
101 30
101 32
101 34
101 40
101 44
101 47
101 48
101 50
101 52
101 54
101 62
101 63
101 65
101 67
101 69
101 72
101 75
101 77
101 79
101 82
101 84
101 92
101 95
101 99
101 101
101 104
101 105
101 106
101 108
101 109
101 116
101 117
101 119
102 10
102 11
102 12
102 15
102 20
102 25
102 29
102 31
102 45
102 46
102 47
102 55
102 60
102 66
102 67
102 68
102 79
102 80
102 81
102 82
102 88
102 95
102 96
102 100
102 101
102 102
102 106
102 109
102 110
102 116
102 120
102 125
102 127
103 0
103 1
103 5
103 7
103 13
103 14
103 15
103 17
103 22
103 23
103 24
103 28
103 29
103 33
103 37
103 46
103 51
103 53
103 55
103 57
103 65
103 81
103 86
103 87
103 89
103 91
103 92
103 98
103 99
103 103
103 104
103 106
103 107
103 109
103 110
103 112
103 113
103 115
103 116
103 117
103 118
103 120
103 122
103 125
103 127
104 0
104 3
104 8
104 9
104 10
104 12
104 15
104 17
104 19
104 23
104 24
104 31
104 32
104 34
104 44
104 50
104 53
104 55
104 59
104 60
104 63
104 64
104 72
104 76
104 78
104 80
104 81
104 82
104 84
104 85
104 86
104 88
104 95
104 96
104 97
104 99
104 102
104 104
104 105
104 107
104 109
104 110
104 113
104 114
104 116
104 119
104 122
104 123
104 126
105 5
105 6
105 10
105 12
105 13
105 14
105 16
105 17
105 18
105 27
105 30
105 33
105 35
105 37
105 42
105 55
105 56
105 59
105 65
105 66
105 67
105 69
105 70
105 81
105 84
105 90
105 91
105 92
105 97
105 101
105 103
105 105
105 110
105 111
105 118
105 123
105 124
106 4
106 6
106 15
106 17
106 19
106 20
106 21
106 24
106 33
106 37
106 39
106 41
106 45
106 46
106 48
106 56
106 58
106 66
106 69
106 76
106 78
106 85
106 96
106 97
106 99
106 102
106 104
106 113
106 116
106 117
106 118
106 119
106 124
106 125
106 127
107 2
107 7
107 9
107 10
107 12
107 13
107 15
107 19
107 28
107 32
107 34
107 35
107 36
107 37
107 38
107 42
107 43
107 44
107 45
107 52
107 54
107 59
107 61
107 62
107 64
107 66
107 69
107 72
107 74
107 85
107 87
107 88
107 92
107 94
107 98
107 102
107 104
107 108
107 110
107 112
107 113
107 114
107 115
107 120
108 3
108 6
108 8
108 9
108 10
108 11
108 14
108 15
108 21
108 22
108 25
108 26
108 30
108 32
108 39
108 40
108 42
108 43
108 44
108 50
108 55
108 59
108 63
108 77
108 78
108 82
108 86
108 87
108 89
108 91
108 92
108 93
108 97
108 100
108 105
108 107
108 109
108 110
108 115
108 116
108 120
108 121
108 122
108 127
109 4
109 9
109 11
109 18
109 22
109 26
109 27
109 29
109 35
109 37
109 45
109 50
109 51
109 54
109 74
109 79
109 81
109 84
109 86
109 87
109 100
109 102
109 104
109 105
109 106
109 110
109 111
109 113
109 117
109 118
109 120
109 124
109 126
110 2
110 3
110 7
110 11
110 13
110 14
110 16
110 18
110 19
110 21
110 23
110 24
110 27
110 32
110 38
110 39
110 41
110 45
110 50
110 59
110 60
110 63
110 65
110 68
110 74
110 78
110 81
110 86
110 87
110 89
110 96
110 100
110 103
110 104
110 107
110 126
111 10
111 13
111 15
111 21
111 30
111 33
111 46
111 50
111 52
111 54
111 58
111 59
111 62
111 68
111 70
111 79
111 81
111 82
111 83
111 88
111 90
111 96
111 101
111 102
111 107
111 109
111 110
111 116
111 119
111 125
111 126
112 0
112 5
112 9
112 10
112 12
112 14
112 20
112 24
112 27
112 28
112 32
112 33
112 34
112 35
112 40
112 42
112 45
112 61
112 68
112 69
112 70
112 76
112 78
112 80
112 81
112 84
112 85
112 86
112 87
112 93
112 97
112 98
112 100
112 106
112 110
112 111
112 112
112 114
112 115
112 118
112 120
112 122
112 124
112 126
113 1
113 5
113 8
113 13
113 14
113 18
113 21
113 23
113 26
113 30
113 31
113 34
113 37
113 43
113 47
113 53
113 54
113 59
113 60
113 61
113 62
113 64
113 65
113 66
113 69
113 72
113 76
113 78
113 80
113 84
113 91
113 92
113 93
113 94
113 96
113 98
113 99
113 100
113 103
113 107
113 109
113 112
113 113
113 118
113 121
113 124
113 126
114 2
114 4
114 8
114 12
114 19
114 20
114 22
114 25
114 28
114 31
114 37
114 42
114 44
114 45
114 51
114 53
114 57
114 58
114 59
114 71
114 73
114 75
114 78
114 79
114 82
114 83
114 86
114 87
114 92
114 93
114 94
114 95
114 96
114 100
114 101
114 104
114 110
114 111
114 112
114 116
114 120
114 122
114 124
114 125
115 0
115 2
115 3
115 5
115 12
115 19
115 25
115 26
115 29
115 30
115 39
115 42
115 43
115 44
115 46
115 47
115 48
115 50
115 52
115 58
115 59
115 68
115 70
115 73
115 74
115 75
115 80
115 81
115 86
115 92
115 98
115 100
115 102
115 107
115 109
115 112
115 116
115 117
115 120
115 123
115 126
116 5
116 7
116 10
116 12
116 18
116 19
116 22
116 27
116 32
116 33
116 34
116 40
116 44
116 45
116 47
116 50
116 54
116 56
116 60
116 61
116 64
116 66
116 67
116 68
116 72
116 74
116 78
116 85
116 86
116 89
116 93
116 94
116 105
116 110
116 113
116 116
116 117
116 121
116 125
117 2
117 10
117 11
117 16
117 18
117 24
117 25
117 28
117 34
117 38
117 44
117 50
117 52
117 54
117 55
117 65
117 66
117 69
117 71
117 73
117 74
117 80
117 82
117 85
117 86
117 87
117 90
117 93
117 96
117 100
117 102
117 109
117 113
117 118
117 124
117 126
117 127
118 1
118 3
118 6
118 12
118 14
118 16
118 20
118 23
118 26
118 27
118 32
118 34
118 38
118 41
118 43
118 47
118 53
118 58
118 59
118 76
118 83
118 85
118 86
118 92
118 96
118 103
118 109
118 115
118 116
118 119
119 2
119 4
119 7
119 9
119 15
119 16
119 18
119 20
119 30
119 48
119 51
119 52
119 58
119 59
119 63
119 66
119 68
119 74
119 76
119 77
119 78
119 84
119 85
119 94
119 102
119 103
119 114
119 115
119 127
120 2
120 7
120 8
120 9
120 10
120 12
120 13
120 15
120 19
120 20
120 23
120 26
120 27
120 33
120 36
120 47
120 52
120 62
120 64
120 67
120 74
120 77
120 78
120 79
120 85
120 86
120 92
120 93
120 97
120 99
120 100
120 104
120 105
120 109
120 114
120 115
120 121
120 124
121 7
121 10
121 12
121 14
121 15
121 27
121 30
121 31
121 32
121 33
121 37
121 47
121 49
121 52
121 56
121 57
121 58
121 64
121 70
121 71
121 73
121 75
121 77
121 78
121 84
121 87
121 88
121 92
121 95
121 104
121 110
121 118
121 120
121 121
121 126
122 2
122 4
122 6
122 10
122 11
122 16
122 17
122 18
122 19
122 23
122 24
122 28
122 31
122 38
122 39
122 40
122 42
122 50
122 54
122 56
122 61
122 62
122 64
122 69
122 73
122 76
122 78
122 80
122 94
122 97
122 107
122 110
122 114
122 117
122 122
123 2
123 8
123 9
123 22
123 23
123 27
123 31
123 37
123 45
123 48
123 49
123 50
123 54
123 57
123 58
123 65
123 66
123 67
123 76
123 77
123 78
123 89
123 93
123 94
123 95
123 98
123 99
123 101
123 105
123 107
123 113
123 118
123 124
123 126
124 0
124 4
124 7
124 9
124 13
124 14
124 15
124 16
124 19
124 20
124 21
124 25
124 31
124 33
124 34
124 38
124 41
124 42
124 47
124 48
124 56
124 58
124 61
124 63
124 67
124 69
124 70
124 73
124 75
124 76
124 79
124 88
124 89
124 94
124 101
124 102
124 103
124 104
124 105
124 114
124 122
124 124
124 125
124 126
125 0
125 2
125 5
125 8
125 9
125 22
125 25
125 26
125 30
125 39
125 40
125 41
125 44
125 46
125 47
125 52
125 61
125 62
125 69
125 73
125 74
125 78
125 79
125 81
125 85
125 87
125 89
125 91
125 96
125 98
125 102
125 113
125 118
125 123
126 4
126 5
126 18
126 19
126 20
126 26
126 30
126 37
126 39
126 40
126 42
126 43
126 45
126 48
126 49
126 50
126 52
126 54
126 55
126 59
126 65
126 76
126 78
126 84
126 86
126 91
126 93
126 98
126 101
126 106
126 108
126 116
126 118
126 120
126 121
126 122
126 124
127 5
127 8
127 11
127 12
127 13
127 19
127 20
127 22
127 24
127 27
127 28
127 33
127 40
127 41
127 42
127 45
127 46
127 47
127 48
127 51
127 52
127 57
127 63
127 64
127 71
127 72
127 73
127 74
127 76
127 80
127 81
127 90
127 91
127 101
127 102
127 104
127 106
127 115
127 116
127 122
127 124
127 125
127 126
127 127
