0 12
0 24
0 40
0 50
0 61
0 62
0 70
0 91
0 93
0 102
0 104
0 111
0 114
0 117
0 124
0 127
1 0
1 19
1 25
1 44
1 47
1 61
1 78
1 106
1 109
1 117
1 118
1 126
2 2
2 19
2 43
2 47
2 49
2 53
2 55
2 78
2 79
2 81
2 83
2 92
2 108
2 115
2 118
3 29
3 33
3 35
3 68
3 93
3 97
3 99
3 101
3 120
3 124
4 10
4 18
4 30
4 33
4 34
4 55
4 77
4 79
4 82
4 96
4 100
4 105
4 122
5 13
5 18
5 26
5 36
5 74
5 85
5 116
5 118
6 27
6 28
6 41
6 42
6 53
6 58
6 75
6 80
6 82
6 92
6 93
6 98
6 103
6 110
6 113
6 117
6 126
7 4
7 12
7 29
7 48
7 53
7 64
7 66
7 96
7 103
8 24
8 32
8 56
8 57
8 58
8 61
8 78
8 79
8 93
8 113
8 114
8 117
8 118
9 16
9 19
9 36
9 42
9 51
9 53
9 56
9 59
9 70
9 74
9 77
9 86
9 118
9 127
10 2
10 5
10 9
10 11
10 13
10 19
10 30
10 31
10 32
10 43
10 49
10 51
10 64
10 89
10 102
10 110
10 119
11 8
11 36
11 39
11 40
11 62
11 69
11 85
11 88
11 89
11 102
11 119
11 121
11 126
12 1
12 2
12 17
12 39
12 73
12 81
12 108
12 110
12 112
12 116
12 118
12 123
13 18
13 26
13 48
13 89
13 109
13 117
14 1
14 4
14 26
14 35
14 67
14 73
14 74
14 87
14 95
14 114
14 120
14 127
15 1
15 5
15 9
15 10
15 21
15 35
15 42
15 45
15 64
15 74
15 105
16 2
16 3
16 6
16 8
16 17
16 21
16 35
16 36
16 40
16 41
16 42
16 44
16 45
16 63
16 70
16 72
16 103
16 109
16 118
16 122
17 18
17 31
17 43
17 44
17 46
17 50
17 51
17 53
17 56
17 68
17 74
17 80
17 81
17 86
17 103
18 8
18 63
18 64
18 67
18 68
18 72
18 77
18 83
18 99
18 101
18 121
19 1
19 3
19 9
19 58
19 79
19 81
19 82
19 91
19 98
19 101
19 104
19 115
19 123
20 10
20 14
20 26
20 30
20 35
20 39
20 47
20 50
20 62
20 69
20 71
20 82
20 87
20 98
20 120
20 121
20 124
21 11
21 48
21 59
21 65
21 67
21 87
21 94
21 95
21 96
21 100
21 101
21 115
21 117
22 8
22 9
22 16
22 32
22 35
22 44
22 47
22 48
22 62
22 68
22 74
22 81
22 104
22 106
22 109
22 110
22 112
23 25
23 31
23 33
23 35
23 37
23 43
23 50
23 62
23 74
23 79
23 84
23 85
23 91
23 94
23 103
23 111
23 113
23 114
24 26
24 37
24 41
24 52
24 60
24 113
24 114
24 116
25 11
25 36
25 47
25 56
25 62
25 63
25 89
25 100
25 121
25 127
26 5
26 9
26 17
26 49
26 89
26 90
26 103
26 111
26 116
26 124
26 127
27 4
27 9
27 24
27 37
27 39
27 42
27 44
27 48
27 51
27 53
27 78
27 80
27 85
27 92
27 100
27 107
27 122
28 2
28 24
28 26
28 31
28 42
28 55
28 65
28 82
28 87
28 93
28 96
29 10
29 14
29 21
29 34
29 36
29 61
29 63
29 82
29 96
29 98
29 110
29 111
29 121
30 10
30 26
30 52
30 71
30 91
30 93
30 109
30 113
30 121
30 124
30 126
31 18
31 41
31 76
31 90
31 105
31 109
31 117
31 121
31 124
32 6
32 27
32 38
32 44
32 62
32 85
32 90
32 99
32 125
33 2
33 3
33 34
33 47
33 54
33 77
33 85
33 111
33 114
33 124
34 11
34 16
34 27
34 50
34 79
34 85
34 89
34 93
34 103
34 115
35 4
35 29
35 36
35 45
35 58
35 59
35 60
35 66
35 69
35 76
35 78
35 82
35 91
35 103
35 126
36 6
36 15
36 18
36 21
36 42
36 46
36 55
36 56
36 75
36 80
36 81
36 84
36 98
36 110
36 111
36 117
36 124
37 23
37 24
37 26
37 53
37 54
37 60
37 64
37 96
37 104
37 105
37 108
37 110
38 62
38 65
38 67
38 74
38 83
38 86
39 9
39 10
39 39
39 43
39 84
39 108
39 111
40 13
40 27
40 30
40 35
40 37
40 48
40 55
40 61
40 64
40 66
40 71
40 91
40 96
40 111
40 121
40 122
41 0
41 7
41 13
41 23
41 38
41 49
41 83
41 95
41 104
41 113
41 115
41 120
41 126
42 19
42 36
42 37
42 52
42 55
42 61
42 72
42 75
42 79
42 80
42 88
42 89
42 111
43 2
43 5
43 8
43 13
43 15
43 20
43 39
43 46
43 59
43 68
43 75
43 79
43 96
43 109
43 115
44 6
44 22
44 34
44 35
44 49
44 57
44 96
44 106
44 107
44 110
44 117
44 118
45 12
45 15
45 40
45 43
45 61
45 68
45 70
45 82
45 83
45 88
45 103
45 125
46 5
46 6
46 8
46 24
46 38
46 52
46 56
46 59
46 63
46 75
46 79
46 80
46 90
46 96
46 109
47 7
47 21
47 32
47 34
47 49
47 68
47 72
47 78
47 81
47 90
47 126
48 22
48 41
48 47
48 49
48 57
48 58
48 70
48 120
48 126
49 0
49 4
49 22
49 47
49 50
49 64
49 68
49 82
49 83
49 84
49 95
49 98
49 118
49 121
49 125
50 0
50 8
50 13
50 15
50 16
50 32
50 58
50 65
50 79
50 86
50 120
51 11
51 31
51 36
51 81
51 90
51 94
51 120
51 125
52 19
52 25
52 32
52 33
52 35
52 37
52 45
52 46
52 52
52 55
52 71
52 110
52 116
53 3
53 28
53 39
53 46
53 60
53 73
53 84
53 91
53 98
53 116
53 121
54 13
54 22
54 24
54 28
54 40
54 50
54 59
54 70
54 73
54 77
54 81
54 86
54 107
55 13
55 19
55 20
55 29
55 30
55 35
55 37
55 39
55 41
55 51
55 54
55 75
55 83
55 94
55 109
55 111
56 25
56 38
56 62
56 65
56 80
56 83
56 96
56 111
56 118
56 122
57 8
57 10
57 14
57 33
57 40
57 43
57 55
57 62
57 70
57 82
57 87
57 112
57 121
58 0
58 6
58 8
58 15
58 18
58 27
58 28
58 32
58 36
58 53
58 65
58 94
58 107
58 113
58 122
59 9
59 13
59 20
59 24
59 30
59 48
59 99
59 101
59 112
59 116
59 120
60 5
60 35
60 47
60 57
60 67
60 72
60 99
60 100
60 115
61 7
61 32
61 36
61 45
61 46
61 117
61 124
62 9
62 25
62 29
62 31
62 32
62 36
62 49
62 53
62 55
62 56
62 76
62 79
62 127
63 0
63 3
63 5
63 9
63 12
63 22
63 24
63 41
63 43
63 45
63 59
63 87
63 90
63 94
63 116
63 122
63 125
63 126
64 6
64 19
64 25
64 36
64 38
64 51
64 52
64 65
64 74
64 82
64 90
64 91
64 93
64 108
64 110
65 0
65 1
65 21
65 28
65 32
65 34
65 35
65 38
65 40
65 43
65 68
65 70
65 74
65 82
65 88
65 97
65 113
65 123
65 127
66 5
66 9
66 13
66 15
66 25
66 30
66 42
66 56
66 60
66 77
66 82
66 85
66 90
66 95
66 98
66 109
66 113
66 119
66 127
67 3
67 6
67 20
67 35
67 47
67 51
67 67
67 68
67 74
67 90
67 115
67 116
68 25
68 26
68 38
68 43
68 47
68 59
68 79
68 88
68 110
69 2
69 23
69 24
69 58
69 75
69 90
69 98
69 103
69 105
70 10
70 18
70 27
70 42
70 49
70 61
70 72
70 74
70 88
70 93
70 98
70 113
70 122
70 124
70 127
71 0
71 17
71 29
71 34
71 39
71 43
71 55
71 67
71 99
71 111
71 114
71 115
71 124
72 4
72 18
72 19
72 26
72 37
72 44
72 49
72 53
72 61
72 79
72 117
73 2
73 11
73 28
73 41
73 45
73 66
73 70
73 93
73 103
73 120
74 7
74 13
74 37
74 39
74 40
74 41
74 47
74 50
74 61
74 63
74 65
74 67
74 92
75 0
75 4
75 20
75 24
75 28
75 35
75 45
75 65
75 67
75 85
75 93
75 95
76 6
76 20
76 23
76 24
76 26
76 51
76 62
76 64
76 75
76 84
76 89
76 93
76 95
76 104
76 120
76 124
77 6
77 17
77 22
77 35
77 42
77 51
77 55
77 60
77 69
77 70
77 77
77 98
77 103
77 108
77 115
78 9
78 16
78 31
78 34
78 52
78 55
78 64
78 75
78 79
78 80
78 94
78 97
78 109
78 124
79 1
79 18
79 37
79 39
79 44
79 49
79 51
79 70
79 76
79 83
79 85
79 102
79 116
80 15
80 18
80 23
80 35
80 79
80 84
80 118
80 124
81 25
81 26
81 29
81 39
81 41
81 43
81 50
81 56
81 58
81 71
81 80
81 92
81 106
81 114
81 116
81 119
81 124
82 15
82 20
82 24
82 48
82 60
82 70
82 78
82 82
82 113
82 117
82 119
83 10
83 12
83 70
83 72
83 75
83 99
83 119
84 2
84 17
84 18
84 21
84 22
84 40
84 61
84 68
84 73
84 77
84 79
84 82
84 107
84 120
85 21
85 22
85 31
85 39
85 49
85 58
85 59
85 65
85 104
85 107
86 1
86 38
86 39
86 42
86 52
86 57
86 60
86 77
86 84
86 90
86 91
86 95
86 106
86 112
87 10
87 62
87 68
87 98
87 106
87 110
87 113
87 121
88 1
88 16
88 17
88 25
88 54
88 81
88 82
88 104
88 109
88 111
88 112
89 0
89 9
89 20
89 50
89 68
89 81
89 83
89 86
89 90
89 95
89 125
90 0
90 1
90 2
90 20
90 30
90 37
90 39
90 74
90 103
91 2
91 4
91 45
91 46
91 58
91 65
91 66
91 76
91 81
91 98
91 104
91 114
92 1
92 14
92 32
92 38
92 40
92 47
92 57
92 78
92 85
92 100
92 122
92 123
93 12
93 34
93 50
93 62
93 64
93 67
93 77
93 86
93 89
93 114
93 118
93 121
94 3
94 23
94 34
94 36
94 41
94 62
94 63
94 65
94 76
94 88
94 90
94 95
94 104
95 2
95 6
95 19
95 35
95 44
95 66
95 70
95 81
95 90
95 98
95 102
95 104
95 105
95 117
96 8
96 9
96 19
96 21
96 22
96 24
96 28
96 31
96 57
96 65
96 72
96 75
96 83
96 100
96 125
97 21
97 30
97 56
97 59
97 69
97 87
98 8
98 16
98 30
98 31
98 32
98 37
98 39
98 46
98 67
98 69
98 73
98 80
98 90
98 99
98 100
98 101
98 114
98 117
98 118
98 120
98 122
98 123
98 124
99 3
99 7
99 8
99 28
99 32
99 45
99 51
99 69
99 72
99 86
99 109
99 113
99 123
99 124
100 5
100 12
100 14
100 30
100 42
100 53
100 73
100 81
100 86
100 100
100 111
100 113
101 6
101 22
101 31
101 65
101 78
101 79
101 80
101 83
101 109
101 118
102 7
102 8
102 11
102 17
102 40
102 42
102 46
102 53
102 58
102 72
102 78
102 80
102 108
102 112
102 125
103 1
103 2
103 4
103 10
103 13
103 18
103 29
103 62
103 63
103 93
103 94
103 97
104 0
104 19
104 28
104 32
104 35
104 36
104 40
104 51
104 61
104 81
104 98
104 106
104 109
104 110
104 114
104 122
104 127
105 4
105 6
105 7
105 10
105 17
105 24
105 36
105 48
105 53
105 62
105 64
105 65
105 67
105 73
105 88
105 98
105 101
105 104
106 3
106 10
106 24
106 33
106 70
106 79
106 80
106 89
106 111
107 8
107 11
107 16
107 27
107 43
107 55
107 68
107 70
107 99
107 122
107 125
108 1
108 7
108 8
108 23
108 38
108 40
108 57
108 61
108 73
108 85
108 94
108 96
108 109
108 125
109 4
109 10
109 11
109 17
109 19
109 34
109 37
109 59
109 66
109 84
109 87
109 89
109 92
109 96
109 97
109 119
109 122
109 126
110 1
110 3
110 27
110 30
110 32
110 36
110 38
110 61
110 63
110 68
110 69
110 77
110 81
110 93
110 96
110 105
110 114
110 127
111 5
111 19
111 29
111 41
111 53
111 56
111 68
111 89
111 95
111 99
111 112
111 126
112 9
112 16
112 20
112 23
112 24
112 28
112 30
112 63
112 85
112 91
112 94
112 101
112 126
113 0
113 3
113 6
113 9
113 14
113 17
113 23
113 24
113 25
113 28
113 31
113 36
113 78
113 85
113 92
113 94
113 99
113 116
113 122
114 8
114 24
114 34
114 50
114 57
114 61
114 62
114 76
114 80
114 84
114 104
114 112
115 7
115 12
115 21
115 22
115 39
115 48
115 51
115 55
115 64
115 93
115 96
115 107
115 113
115 125
116 4
116 5
116 28
116 31
116 36
116 38
116 53
116 61
116 65
116 67
116 99
116 107
116 119
117 9
117 27
117 41
117 48
117 73
117 77
117 91
117 92
117 93
118 2
118 22
118 33
118 46
118 51
118 66
118 72
118 84
118 85
118 101
118 102
118 107
118 120
119 60
119 64
119 88
119 89
119 96
119 103
119 105
119 115
119 119
120 1
120 14
120 25
120 39
120 52
120 58
120 73
120 80
120 92
120 96
120 104
120 108
120 110
120 111
120 112
120 114
120 124
121 10
121 14
121 21
121 26
121 27
121 33
121 37
121 38
121 49
121 65
121 68
121 72
121 74
121 81
121 85
121 86
121 101
121 109
121 113
121 115
122 1
122 4
122 8
122 14
122 17
122 35
122 40
122 45
122 50
122 56
122 69
122 76
122 79
122 87
122 90
122 107
122 108
123 0
123 13
123 23
123 37
123 42
123 56
123 57
123 84
123 92
123 102
123 105
123 106
123 109
123 121
124 3
124 6
124 16
124 25
124 31
124 42
124 44
124 49
124 62
124 65
124 78
124 97
124 102
124 127
125 5
125 7
125 13
125 27
125 34
125 52
125 54
125 65
125 81
125 90
125 100
125 117
125 120
126 53
126 59
126 63
126 66
126 79
126 93
126 101
126 104
126 107
126 115
127 6
127 8
127 9
127 10
127 14
127 56
127 69
127 72
127 76
127 77
127 85
127 108
