2 55
3 58
4 126
5 59
5 116
5 119
6 18
6 91
7 26
8 46
9 29
11 119
12 9
12 104
15 101
15 103
16 61
16 116
18 0
20 61
20 111
22 100
23 21
24 69
24 95
25 60
29 92
30 18
32 98
35 113
36 34
40 15
40 78
40 102
41 10
42 98
44 2
47 118
55 94
56 9
56 69
56 111
57 56
59 91
61 118
65 70
67 97
71 19
72 46
72 112
74 33
74 95
78 93
79 107
79 124
80 4
81 66
83 74
84 5
84 23
84 30
84 37
84 101
85 14
85 88
86 69
87 48
87 88
87 104
88 1
88 111
89 27
90 121
91 50
93 76
94 126
95 91
97 53
98 40
100 2
100 97
102 118
104 57
104 88
105 46
106 68
106 105
110 39
110 87
111 119
112 104
116 59
116 66
118 15
118 116
121 8
121 12
123 22
124 19
127 48
