4 48
4 125
5 13
6 121
8 86
9 47
9 122
10 44
11 65
11 86
13 11
14 70
15 95
18 95
19 43
21 80
22 35
22 71
23 76
26 29
28 40
28 54
30 72
31 6
31 108
33 60
34 86
34 107
35 17
35 54
35 55
35 66
37 48
38 103
38 118
38 127
40 46
40 95
40 104
42 54
42 61
43 44
45 1
46 97
47 56
49 77
49 80
50 93
51 8
51 106
52 51
53 4
53 78
54 58
54 84
57 27
57 105
59 88
62 127
63 101
64 45
64 67
65 119
69 111
75 34
77 12
77 44
77 95
78 125
79 44
80 64
81 0
81 42
83 65
84 15
84 28
84 41
84 121
86 114
87 17
90 44
92 113
93 64
94 34
97 68
100 101
102 32
102 103
104 16
108 73
112 70
112 102
115 94
118 23
119 120
120 125
123 54
123 103
125 64
126 23
