0 5
0 9
0 31
0 33
0 50
0 63
0 83
0 100
0 121
0 124
0 126
1 0
1 11
1 18
1 77
1 80
1 83
1 93
1 114
2 19
2 42
2 46
2 57
2 68
2 90
2 93
3 32
3 55
3 85
3 98
3 103
3 122
4 0
4 33
4 35
4 61
4 82
4 102
4 112
4 118
4 119
5 0
5 10
5 43
5 61
5 98
5 109
5 112
6 46
6 55
6 83
6 95
7 4
7 9
7 25
7 55
7 120
8 16
8 23
8 32
8 51
8 61
8 62
8 71
8 79
8 88
8 103
8 115
9 6
9 18
9 41
9 46
9 67
9 83
9 101
10 2
10 6
10 19
10 38
10 40
10 71
10 78
10 84
10 86
10 93
10 95
10 102
10 107
10 109
10 111
10 112
10 119
11 48
11 66
11 73
11 78
11 87
11 95
11 117
11 120
12 10
12 14
12 26
12 41
12 42
12 54
12 67
12 82
12 102
12 106
12 112
13 78
13 88
13 90
13 91
13 95
13 98
13 99
13 110
14 39
14 75
14 82
14 83
14 91
14 117
15 1
15 22
15 30
15 55
15 61
15 65
15 109
16 1
16 8
16 15
16 24
16 52
16 65
16 70
16 95
16 101
16 105
17 7
17 15
17 22
17 29
17 30
17 60
17 75
17 90
17 124
18 15
18 33
18 45
18 82
19 20
19 30
19 31
19 42
19 44
19 125
20 6
20 35
20 60
20 122
20 123
21 7
21 51
21 59
21 70
21 119
22 55
22 67
22 78
22 108
22 109
22 111
22 115
22 116
22 127
23 31
23 47
23 65
23 92
23 108
23 109
24 13
24 17
24 115
24 117
24 127
25 14
25 15
25 54
25 56
25 120
25 122
26 31
26 34
26 39
26 43
26 46
26 68
26 74
26 110
26 120
27 19
27 42
27 60
27 76
27 99
27 111
27 114
27 119
28 45
28 53
28 55
28 64
28 73
28 99
29 2
29 5
29 12
29 29
29 30
29 34
29 67
29 68
29 70
29 78
29 83
29 99
29 114
30 0
30 10
30 50
30 51
30 87
30 94
30 104
31 41
31 50
31 94
31 114
32 8
32 26
32 81
32 103
32 122
33 0
33 7
33 8
33 13
33 36
33 37
33 39
33 94
33 122
33 126
34 22
34 23
34 25
34 37
34 52
34 65
34 79
34 87
35 0
35 30
35 37
35 53
35 62
35 81
35 84
35 88
35 92
35 112
36 29
36 42
36 62
36 77
36 96
36 102
36 107
37 14
37 31
37 56
37 59
37 95
37 125
38 3
38 17
38 28
38 48
38 58
38 79
38 82
38 107
38 121
38 126
39 16
39 24
39 41
39 62
39 66
39 77
39 85
39 91
39 105
39 121
39 127
40 2
40 3
40 6
40 16
40 17
40 18
40 99
40 116
40 118
40 127
41 32
41 61
41 65
41 84
41 88
41 119
41 124
42 17
42 47
42 62
42 94
42 101
42 118
43 5
43 26
43 39
43 40
43 54
43 88
43 94
44 2
44 11
44 12
44 55
44 61
44 108
44 111
44 125
45 12
45 38
45 43
45 66
45 67
45 77
45 89
45 93
45 97
45 112
45 116
46 30
46 38
46 40
46 44
46 50
46 51
46 56
46 74
46 101
46 117
47 23
47 38
47 95
48 17
48 38
48 46
48 51
48 62
48 82
48 84
48 96
48 98
48 108
48 121
49 2
49 48
49 55
49 120
50 86
50 99
50 100
50 106
50 109
51 27
51 60
51 75
51 95
51 106
51 122
52 2
52 24
52 40
52 58
52 85
52 115
52 119
53 14
53 21
53 45
53 49
53 69
53 103
53 112
53 115
53 126
54 18
54 35
54 70
54 73
54 83
54 90
54 91
54 113
54 117
54 122
55 11
55 57
55 64
55 79
55 84
56 3
56 14
56 31
56 37
56 54
56 56
56 92
56 98
56 103
57 6
57 8
57 73
57 81
57 91
57 103
58 6
58 70
58 91
58 122
59 31
59 73
59 88
59 100
59 107
60 3
60 6
60 10
60 11
60 18
60 46
60 54
60 74
60 75
60 82
60 86
60 116
61 51
61 115
61 123
62 3
62 27
62 34
62 42
62 59
62 79
62 82
62 97
62 103
62 105
62 121
63 5
63 31
63 38
63 46
63 48
63 72
63 81
63 82
63 108
64 9
64 11
64 59
64 60
64 71
64 105
64 106
64 107
64 117
65 35
65 37
65 65
65 71
65 93
66 11
66 62
66 72
66 90
66 111
67 20
67 28
67 37
67 57
67 80
67 86
67 93
67 95
67 118
68 20
68 30
68 48
68 56
68 72
68 101
68 124
68 127
69 33
69 35
69 92
69 124
70 3
70 33
70 43
70 51
70 79
70 81
70 97
70 99
70 116
70 120
71 1
71 34
71 70
71 72
71 79
71 85
71 98
71 118
71 125
71 127
72 1
72 12
72 33
72 54
72 73
72 85
72 86
72 105
72 110
73 13
73 45
73 70
73 71
73 75
73 83
73 87
73 92
73 97
73 112
73 126
74 5
74 7
74 11
74 16
74 18
74 60
74 62
74 114
75 0
75 8
75 35
75 58
75 91
75 99
75 117
76 0
76 3
76 37
76 49
76 52
76 60
76 74
76 89
76 91
76 117
77 11
77 38
77 41
77 55
77 66
77 68
77 72
77 78
77 80
77 97
77 103
77 111
77 125
78 8
78 33
78 66
78 74
78 115
78 121
79 10
79 26
79 30
79 43
79 57
79 58
79 93
79 94
79 119
79 122
80 2
80 8
80 28
80 30
80 32
80 57
80 63
80 76
80 109
81 22
81 40
81 77
81 108
81 109
81 110
81 120
82 20
82 22
82 26
82 35
82 44
82 67
82 84
82 100
83 34
83 35
83 36
83 56
83 59
83 91
83 115
83 126
84 5
84 41
84 51
84 60
84 66
84 112
84 119
85 32
85 67
85 107
85 117
85 121
85 123
86 13
86 29
86 51
86 53
86 86
86 96
86 117
87 2
87 9
87 12
87 49
87 62
87 68
87 72
87 80
87 110
87 119
88 13
88 15
88 35
88 36
88 38
88 60
88 73
88 96
88 123
89 9
89 33
89 35
89 44
89 61
89 121
89 123
90 0
90 54
90 72
90 80
90 106
90 107
90 125
91 74
91 82
91 107
91 119
92 4
92 58
92 87
92 96
92 110
92 126
93 7
93 47
93 60
93 67
93 72
94 5
94 20
94 50
94 53
94 66
94 71
94 107
94 108
95 15
95 24
95 29
95 61
95 75
95 104
96 18
96 20
96 26
96 31
96 33
96 69
96 77
96 81
96 90
96 107
97 2
97 36
97 71
97 82
98 14
98 49
98 65
98 86
98 89
98 96
98 120
99 21
99 32
99 39
99 51
99 55
99 66
99 82
99 105
99 107
100 10
100 29
100 54
100 55
100 62
100 71
100 87
100 97
100 98
100 106
100 109
101 8
101 103
101 107
102 19
102 35
102 47
102 59
102 61
102 94
102 124
103 3
103 12
103 20
103 56
103 90
103 105
103 108
103 115
103 118
103 120
103 122
104 7
104 18
104 27
104 72
104 75
104 76
104 106
104 110
105 26
105 36
105 40
105 41
105 44
105 49
105 62
105 83
105 89
105 107
105 127
106 11
106 33
106 34
106 50
106 56
106 78
106 81
106 101
106 105
106 114
107 2
107 20
107 44
107 57
107 88
107 109
107 117
108 22
108 42
108 53
108 75
108 77
108 83
108 85
108 121
109 10
109 25
109 36
109 37
109 39
109 44
109 48
109 75
109 77
109 81
109 86
109 87
109 96
109 107
109 118
109 126
110 8
110 9
110 40
110 56
110 83
110 112
111 33
111 37
111 53
111 60
111 72
111 93
111 95
111 102
111 110
111 114
111 121
112 11
112 18
112 31
112 33
112 41
112 45
112 64
112 87
112 105
112 109
112 118
112 123
112 126
113 14
113 17
113 27
113 44
113 51
113 72
113 86
114 35
114 40
114 99
114 121
114 122
115 37
115 42
115 65
115 87
115 88
115 103
115 104
115 109
115 121
115 125
116 7
116 15
116 32
116 37
116 69
116 75
116 96
117 17
117 19
117 55
117 65
117 71
117 93
117 106
118 28
118 32
118 42
118 58
118 71
118 93
118 122
119 5
119 21
119 40
119 45
119 77
119 100
119 111
120 2
120 3
120 8
120 35
120 56
120 64
120 97
120 114
121 15
121 16
121 35
121 64
121 91
121 97
121 109
121 118
121 122
122 7
122 30
122 78
122 88
122 103
122 107
122 111
123 6
123 36
123 40
123 60
123 61
123 69
123 111
123 121
124 25
124 38
124 50
124 51
124 114
125 5
125 23
125 38
125 60
125 102
126 2
126 7
126 26
126 44
126 53
126 61
126 98
126 99
126 103
126 105
126 108
126 119
127 7
127 16
127 18
127 68
127 103
127 106
127 119
