0 5
0 7
0 10
0 11
0 12
0 14
0 17
0 19
0 20
0 21
0 22
0 25
0 26
0 27
0 30
0 32
0 33
0 35
0 36
0 38
0 40
0 41
0 42
0 45
0 50
0 54
0 57
0 66
0 68
0 70
0 72
0 76
0 79
0 80
0 82
0 84
0 85
0 87
0 96
0 102
0 105
0 108
0 112
0 114
0 115
0 118
0 122
0 123
1 0
1 2
1 3
1 7
1 8
1 9
1 11
1 12
1 13
1 15
1 18
1 21
1 25
1 27
1 34
1 39
1 41
1 43
1 47
1 55
1 57
1 65
1 66
1 70
1 71
1 75
1 76
1 77
1 78
1 84
1 85
1 86
1 88
1 90
1 91
1 92
1 94
1 95
1 96
1 97
1 99
1 101
1 107
1 111
1 113
1 114
1 115
1 118
1 119
1 124
2 2
2 4
2 12
2 14
2 15
2 18
2 23
2 24
2 26
2 29
2 30
2 32
2 33
2 43
2 53
2 56
2 58
2 60
2 62
2 65
2 66
2 67
2 68
2 69
2 71
2 72
2 73
2 80
2 81
2 82
2 84
2 85
2 89
2 90
2 95
2 96
2 104
2 109
2 114
2 115
2 117
2 121
2 124
2 125
2 127
3 1
3 2
3 3
3 4
3 7
3 11
3 13
3 16
3 17
3 20
3 21
3 24
3 26
3 28
3 29
3 31
3 32
3 33
3 43
3 45
3 47
3 54
3 56
3 57
3 58
3 59
3 61
3 62
3 67
3 68
3 71
3 72
3 74
3 75
3 78
3 81
3 82
3 87
3 89
3 90
3 91
3 94
3 97
3 101
3 106
3 111
3 112
3 113
3 115
3 121
3 123
4 0
4 1
4 2
4 3
4 5
4 6
4 10
4 11
4 12
4 13
4 15
4 18
4 22
4 23
4 28
4 32
4 33
4 43
4 46
4 48
4 53
4 59
4 60
4 61
4 62
4 65
4 66
4 69
4 70
4 71
4 73
4 75
4 76
4 79
4 81
4 84
4 88
4 90
4 91
4 94
4 96
4 99
4 105
4 107
4 108
4 109
4 110
4 121
4 122
4 123
4 124
4 126
4 127
5 1
5 7
5 16
5 20
5 21
5 25
5 28
5 29
5 30
5 32
5 36
5 38
5 44
5 47
5 49
5 52
5 53
5 55
5 56
5 59
5 61
5 66
5 69
5 72
5 73
5 75
5 76
5 79
5 80
5 87
5 88
5 89
5 90
5 91
5 94
5 95
5 97
5 99
5 102
5 103
5 104
5 105
5 106
5 111
5 117
5 119
5 124
5 125
5 126
5 127
6 0
6 2
6 6
6 10
6 14
6 16
6 19
6 21
6 22
6 27
6 28
6 29
6 30
6 33
6 34
6 37
6 38
6 39
6 40
6 41
6 42
6 44
6 46
6 49
6 51
6 54
6 58
6 60
6 68
6 70
6 76
6 77
6 85
6 92
6 93
6 94
6 95
6 98
6 99
6 102
6 104
6 105
6 106
6 108
6 114
6 115
6 116
6 117
6 118
6 119
6 120
6 121
6 123
7 0
7 7
7 8
7 9
7 10
7 14
7 18
7 19
7 20
7 21
7 25
7 28
7 30
7 33
7 42
7 44
7 48
7 50
7 55
7 56
7 59
7 63
7 64
7 67
7 69
7 70
7 75
7 77
7 80
7 83
7 85
7 87
7 91
7 95
7 98
7 101
7 102
7 106
7 114
7 115
7 118
7 119
7 121
7 122
7 123
7 125
7 126
8 0
8 1
8 2
8 3
8 4
8 6
8 15
8 18
8 19
8 20
8 26
8 31
8 33
8 35
8 36
8 39
8 42
8 45
8 47
8 50
8 53
8 55
8 56
8 57
8 58
8 59
8 61
8 64
8 71
8 74
8 76
8 78
8 79
8 81
8 82
8 83
8 86
8 87
8 89
8 90
8 91
8 99
8 102
8 104
8 105
8 108
8 111
8 114
8 115
8 124
8 127
9 1
9 3
9 6
9 8
9 9
9 11
9 13
9 16
9 18
9 20
9 21
9 23
9 24
9 25
9 28
9 29
9 33
9 35
9 38
9 41
9 44
9 47
9 48
9 50
9 51
9 55
9 61
9 64
9 66
9 71
9 77
9 78
9 79
9 80
9 84
9 85
9 87
9 89
9 92
9 94
9 95
9 98
9 99
9 100
9 105
9 113
9 117
9 121
9 123
9 124
9 127
10 3
10 4
10 6
10 8
10 9
10 12
10 14
10 15
10 16
10 18
10 19
10 20
10 21
10 26
10 27
10 28
10 29
10 34
10 36
10 38
10 40
10 45
10 48
10 49
10 51
10 53
10 54
10 55
10 59
10 66
10 73
10 74
10 76
10 77
10 78
10 87
10 88
10 98
10 99
10 102
10 103
10 105
10 106
10 107
10 109
10 111
10 113
10 115
10 116
10 118
10 121
10 124
10 125
10 127
11 1
11 6
11 7
11 11
11 14
11 15
11 18
11 19
11 20
11 24
11 26
11 28
11 30
11 31
11 35
11 39
11 42
11 43
11 44
11 47
11 51
11 52
11 53
11 54
11 56
11 63
11 66
11 70
11 72
11 73
11 74
11 79
11 87
11 90
11 91
11 93
11 96
11 97
11 101
11 103
11 109
11 110
11 112
11 113
11 114
11 117
11 119
11 121
11 123
11 124
12 1
12 2
12 3
12 5
12 7
12 8
12 11
12 17
12 18
12 19
12 23
12 24
12 25
12 28
12 30
12 33
12 35
12 36
12 37
12 39
12 40
12 41
12 44
12 46
12 47
12 49
12 50
12 51
12 52
12 53
12 54
12 56
12 57
12 60
12 62
12 70
12 73
12 79
12 80
12 82
12 84
12 85
12 89
12 93
12 94
12 96
12 98
12 99
12 104
12 106
12 109
12 111
12 112
12 113
12 114
12 118
12 120
12 121
12 122
12 125
12 126
13 0
13 1
13 2
13 4
13 6
13 10
13 11
13 12
13 13
13 14
13 15
13 21
13 22
13 28
13 30
13 32
13 37
13 38
13 42
13 43
13 46
13 48
13 50
13 51
13 54
13 58
13 60
13 61
13 62
13 65
13 70
13 71
13 73
13 76
13 84
13 86
13 90
13 93
13 94
13 96
13 105
13 107
13 109
13 113
13 116
13 117
13 119
13 126
13 127
14 4
14 7
14 10
14 13
14 14
14 15
14 17
14 19
14 20
14 23
14 24
14 25
14 26
14 28
14 29
14 32
14 33
14 41
14 42
14 45
14 46
14 47
14 48
14 51
14 53
14 55
14 56
14 58
14 59
14 61
14 64
14 65
14 68
14 73
14 75
14 76
14 78
14 79
14 80
14 82
14 83
14 87
14 97
14 99
14 100
14 102
14 105
14 106
14 108
14 109
14 111
14 113
14 114
14 117
14 118
14 120
14 122
14 124
14 126
14 127
15 0
15 1
15 3
15 4
15 7
15 9
15 10
15 11
15 12
15 17
15 21
15 24
15 29
15 34
15 36
15 43
15 46
15 49
15 50
15 51
15 53
15 54
15 55
15 57
15 58
15 61
15 62
15 63
15 65
15 67
15 68
15 69
15 71
15 74
15 75
15 76
15 77
15 80
15 82
15 84
15 86
15 92
15 93
15 95
15 97
15 103
15 105
15 106
15 113
15 116
15 126
16 0
16 1
16 5
16 7
16 9
16 11
16 12
16 16
16 17
16 18
16 19
16 21
16 26
16 29
16 30
16 32
16 34
16 42
16 44
16 47
16 50
16 57
16 58
16 62
16 65
16 66
16 67
16 69
16 70
16 71
16 76
16 80
16 81
16 82
16 85
16 87
16 90
16 91
16 94
16 99
16 106
16 107
16 109
16 110
16 113
16 119
16 121
16 122
16 123
16 126
17 0
17 1
17 3
17 5
17 8
17 9
17 11
17 12
17 13
17 17
17 23
17 25
17 26
17 30
17 31
17 35
17 36
17 37
17 41
17 44
17 45
17 48
17 50
17 54
17 59
17 60
17 61
17 64
17 67
17 68
17 70
17 73
17 76
17 77
17 81
17 82
17 83
17 85
17 86
17 88
17 91
17 96
17 103
17 105
17 109
17 112
17 114
17 117
17 120
17 122
17 123
17 124
18 2
18 3
18 5
18 7
18 13
18 15
18 20
18 21
18 23
18 28
18 33
18 35
18 36
18 39
18 40
18 41
18 45
18 47
18 53
18 57
18 59
18 60
18 64
18 67
18 69
18 72
18 73
18 75
18 76
18 78
18 85
18 87
18 90
18 91
18 95
18 96
18 97
18 98
18 102
18 106
18 108
18 109
18 119
18 122
18 123
18 124
19 2
19 3
19 14
19 15
19 16
19 22
19 24
19 25
19 27
19 31
19 32
19 39
19 40
19 43
19 47
19 48
19 49
19 52
19 59
19 66
19 67
19 69
19 70
19 71
19 73
19 74
19 75
19 78
19 80
19 82
19 84
19 86
19 92
19 94
19 96
19 97
19 99
19 105
19 110
19 113
19 114
19 115
19 119
19 120
19 121
19 126
19 127
20 1
20 2
20 4
20 10
20 11
20 17
20 20
20 21
20 22
20 23
20 25
20 26
20 28
20 29
20 34
20 36
20 38
20 42
20 45
20 47
20 48
20 49
20 53
20 55
20 56
20 57
20 58
20 61
20 62
20 63
20 64
20 65
20 66
20 68
20 70
20 76
20 78
20 81
20 83
20 84
20 88
20 90
20 92
20 96
20 98
20 101
20 107
20 109
20 111
20 112
20 115
20 116
20 118
20 126
20 127
21 0
21 2
21 4
21 5
21 6
21 8
21 16
21 17
21 18
21 22
21 24
21 28
21 31
21 41
21 44
21 46
21 47
21 52
21 60
21 61
21 63
21 67
21 69
21 70
21 72
21 74
21 77
21 78
21 82
21 83
21 90
21 91
21 93
21 94
21 96
21 98
21 102
21 105
21 110
21 112
21 113
21 114
21 116
21 121
21 122
21 123
21 124
21 125
21 126
22 1
22 5
22 6
22 14
22 18
22 19
22 20
22 22
22 25
22 29
22 33
22 34
22 37
22 39
22 43
22 46
22 47
22 48
22 49
22 53
22 54
22 57
22 59
22 60
22 62
22 65
22 66
22 68
22 72
22 74
22 77
22 78
22 83
22 84
22 88
22 90
22 92
22 94
22 96
22 97
22 101
22 103
22 105
22 106
22 109
22 110
22 111
22 114
22 117
22 121
22 123
22 125
23 0
23 1
23 4
23 13
23 16
23 19
23 20
23 21
23 24
23 25
23 26
23 31
23 33
23 35
23 39
23 41
23 42
23 46
23 48
23 52
23 63
23 66
23 67
23 69
23 71
23 76
23 78
23 81
23 83
23 86
23 88
23 90
23 92
23 94
23 95
23 97
23 98
23 100
23 105
23 113
23 115
23 116
23 117
23 123
23 127
24 0
24 2
24 5
24 6
24 8
24 9
24 15
24 17
24 24
24 26
24 27
24 31
24 32
24 37
24 41
24 44
24 46
24 50
24 51
24 52
24 55
24 57
24 58
24 61
24 63
24 65
24 66
24 71
24 74
24 76
24 79
24 80
24 86
24 87
24 90
24 91
24 94
24 97
24 98
24 103
24 108
24 109
24 113
24 114
24 115
24 116
24 117
24 119
24 120
24 121
24 125
25 1
25 4
25 5
25 9
25 11
25 12
25 15
25 17
25 18
25 24
25 29
25 32
25 33
25 34
25 41
25 44
25 47
25 51
25 53
25 58
25 62
25 66
25 69
25 73
25 76
25 79
25 80
25 82
25 83
25 85
25 87
25 88
25 89
25 91
25 95
25 96
25 101
25 107
25 108
25 109
25 110
25 114
25 115
25 116
25 118
25 120
25 123
25 125
25 126
26 2
26 7
26 8
26 9
26 10
26 11
26 12
26 14
26 20
26 24
26 25
26 26
26 27
26 30
26 36
26 37
26 39
26 42
26 45
26 46
26 47
26 49
26 51
26 52
26 58
26 59
26 62
26 64
26 67
26 69
26 70
26 73
26 74
26 75
26 76
26 77
26 78
26 85
26 93
26 97
26 99
26 101
26 103
26 105
26 107
26 110
26 111
26 114
26 117
26 119
26 121
26 123
26 124
26 126
26 127
27 1
27 2
27 6
27 9
27 10
27 11
27 13
27 14
27 22
27 24
27 25
27 27
27 30
27 33
27 34
27 37
27 39
27 45
27 46
27 47
27 50
27 51
27 52
27 59
27 61
27 63
27 64
27 66
27 73
27 76
27 77
27 78
27 80
27 83
27 84
27 86
27 88
27 89
27 90
27 97
27 101
27 105
27 112
27 122
27 123
27 124
27 126
27 127
28 0
28 1
28 4
28 5
28 7
28 9
28 10
28 11
28 13
28 17
28 19
28 22
28 24
28 26
28 27
28 30
28 35
28 37
28 38
28 42
28 43
28 46
28 48
28 51
28 52
28 55
28 56
28 59
28 63
28 65
28 73
28 74
28 75
28 77
28 82
28 85
28 86
28 88
28 93
28 94
28 95
28 97
28 99
28 102
28 104
28 109
28 111
28 113
28 114
28 117
28 119
28 121
28 122
28 126
29 0
29 2
29 5
29 13
29 15
29 18
29 23
29 24
29 26
29 29
29 30
29 32
29 35
29 37
29 41
29 43
29 45
29 46
29 48
29 51
29 53
29 54
29 59
29 64
29 67
29 69
29 71
29 73
29 75
29 78
29 86
29 88
29 91
29 94
29 95
29 99
29 101
29 103
29 104
29 105
29 106
29 111
29 116
29 119
29 123
29 124
29 125
30 0
30 5
30 7
30 10
30 13
30 17
30 18
30 19
30 24
30 25
30 33
30 35
30 38
30 39
30 41
30 43
30 44
30 45
30 47
30 48
30 50
30 51
30 53
30 56
30 59
30 60
30 63
30 65
30 68
30 74
30 76
30 79
30 80
30 82
30 89
30 91
30 93
30 95
30 97
30 98
30 100
30 103
30 104
30 105
30 106
30 107
30 108
30 109
30 110
30 111
30 113
30 116
30 123
30 124
30 125
31 7
31 9
31 10
31 11
31 12
31 13
31 14
31 15
31 18
31 20
31 21
31 22
31 23
31 25
31 26
31 28
31 29
31 30
31 31
31 33
31 35
31 36
31 37
31 38
31 39
31 44
31 46
31 47
31 50
31 51
31 56
31 57
31 58
31 59
31 60
31 62
31 70
31 78
31 79
31 80
31 83
31 85
31 94
31 97
31 98
31 101
31 102
31 106
31 109
31 110
31 112
31 118
31 123
31 124
32 0
32 2
32 12
32 17
32 18
32 22
32 24
32 26
32 27
32 29
32 32
32 33
32 35
32 41
32 45
32 48
32 49
32 51
32 52
32 53
32 54
32 56
32 57
32 60
32 61
32 63
32 65
32 71
32 72
32 73
32 76
32 78
32 83
32 84
32 89
32 90
32 92
32 93
32 94
32 96
32 98
32 100
32 105
32 106
32 108
32 109
32 110
32 114
32 119
32 120
32 122
32 124
32 127
33 1
33 2
33 4
33 5
33 7
33 8
33 13
33 14
33 15
33 16
33 18
33 21
33 23
33 24
33 25
33 26
33 28
33 29
33 32
33 34
33 35
33 44
33 57
33 58
33 61
33 62
33 64
33 65
33 66
33 68
33 69
33 70
33 75
33 77
33 81
33 83
33 86
33 87
33 88
33 91
33 93
33 95
33 96
33 97
33 98
33 100
33 102
33 104
33 110
33 113
33 116
33 117
33 121
33 123
33 127
34 0
34 3
34 6
34 12
34 13
34 17
34 19
34 24
34 27
34 28
34 33
34 35
34 38
34 39
34 40
34 42
34 43
34 44
34 48
34 49
34 52
34 58
34 60
34 62
34 70
34 72
34 73
34 75
34 76
34 77
34 78
34 86
34 90
34 94
34 96
34 97
34 103
34 107
34 108
34 111
34 118
34 123
34 124
35 5
35 7
35 8
35 9
35 10
35 11
35 12
35 14
35 17
35 20
35 22
35 23
35 25
35 27
35 28
35 30
35 31
35 33
35 35
35 36
35 44
35 47
35 49
35 50
35 55
35 57
35 63
35 65
35 66
35 75
35 78
35 82
35 85
35 86
35 87
35 88
35 89
35 95
35 99
35 101
35 104
35 107
35 112
35 114
35 118
35 127
36 1
36 2
36 3
36 9
36 10
36 11
36 16
36 17
36 22
36 24
36 25
36 26
36 27
36 29
36 33
36 36
36 37
36 39
36 42
36 47
36 50
36 52
36 63
36 65
36 67
36 69
36 70
36 71
36 73
36 82
36 84
36 85
36 86
36 87
36 95
36 102
36 106
36 108
36 109
36 114
36 115
36 116
36 121
36 125
36 126
37 1
37 2
37 4
37 9
37 11
37 22
37 26
37 29
37 30
37 32
37 36
37 37
37 38
37 40
37 41
37 45
37 46
37 47
37 48
37 51
37 52
37 54
37 55
37 59
37 61
37 62
37 64
37 65
37 67
37 70
37 71
37 73
37 75
37 83
37 84
37 86
37 87
37 90
37 91
37 95
37 97
37 98
37 99
37 101
37 102
37 103
37 106
37 107
37 109
37 115
37 121
37 122
37 123
37 124
37 125
37 126
38 2
38 5
38 6
38 8
38 9
38 16
38 17
38 18
38 22
38 23
38 24
38 30
38 31
38 32
38 33
38 34
38 37
38 39
38 47
38 51
38 54
38 55
38 57
38 58
38 59
38 62
38 63
38 65
38 67
38 71
38 80
38 82
38 83
38 88
38 91
38 92
38 93
38 94
38 99
38 103
38 106
38 108
38 109
38 112
38 113
38 114
38 116
38 117
38 121
39 0
39 4
39 6
39 7
39 11
39 13
39 16
39 17
39 19
39 20
39 27
39 28
39 39
39 41
39 42
39 44
39 45
39 47
39 49
39 61
39 62
39 64
39 65
39 69
39 71
39 81
39 91
39 95
39 99
39 101
39 102
39 104
39 106
39 108
39 110
39 113
39 123
39 125
39 126
40 0
40 1
40 2
40 6
40 8
40 11
40 13
40 15
40 18
40 19
40 27
40 32
40 33
40 34
40 38
40 40
40 41
40 47
40 51
40 53
40 56
40 58
40 60
40 61
40 62
40 64
40 65
40 68
40 72
40 73
40 78
40 82
40 83
40 84
40 86
40 91
40 92
40 94
40 96
40 99
40 100
40 105
40 106
40 109
40 110
40 113
40 115
40 121
40 122
41 1
41 2
41 5
41 6
41 7
41 8
41 10
41 11
41 14
41 17
41 18
41 19
41 21
41 22
41 23
41 24
41 26
41 28
41 29
41 31
41 33
41 34
41 39
41 40
41 41
41 42
41 45
41 48
41 52
41 63
41 66
41 69
41 72
41 73
41 74
41 76
41 81
41 82
41 88
41 89
41 94
41 95
41 97
41 98
41 100
41 102
41 103
41 104
41 105
41 107
41 113
41 114
41 115
41 116
41 117
41 120
41 121
41 122
41 124
41 125
41 127
42 0
42 2
42 3
42 6
42 8
42 10
42 11
42 13
42 15
42 18
42 19
42 20
42 21
42 23
42 24
42 25
42 26
42 28
42 30
42 34
42 37
42 39
42 42
42 46
42 47
42 49
42 52
42 55
42 60
42 63
42 66
42 67
42 68
42 69
42 71
42 75
42 78
42 79
42 80
42 84
42 91
42 92
42 95
42 98
42 102
42 103
42 104
42 105
42 107
42 111
42 112
42 113
42 114
42 115
42 117
42 126
43 2
43 4
43 17
43 18
43 19
43 21
43 23
43 27
43 28
43 30
43 32
43 33
43 39
43 40
43 41
43 42
43 44
43 46
43 52
43 53
43 59
43 63
43 65
43 67
43 69
43 70
43 71
43 78
43 83
43 85
43 87
43 89
43 90
43 92
43 99
43 105
43 109
43 112
43 113
43 116
43 117
43 119
43 122
43 124
43 125
43 127
44 0
44 1
44 6
44 12
44 13
44 17
44 19
44 20
44 21
44 27
44 29
44 31
44 33
44 35
44 38
44 40
44 41
44 42
44 45
44 48
44 50
44 52
44 60
44 66
44 70
44 73
44 74
44 75
44 77
44 80
44 84
44 87
44 88
44 94
44 97
44 98
44 100
44 101
44 103
44 107
44 110
44 111
44 114
44 119
44 121
44 122
44 123
44 125
44 126
44 127
45 0
45 3
45 4
45 6
45 7
45 8
45 13
45 15
45 17
45 26
45 29
45 31
45 33
45 34
45 36
45 40
45 44
45 45
45 46
45 49
45 52
45 56
45 59
45 61
45 64
45 65
45 67
45 73
45 78
45 81
45 87
45 88
45 96
45 98
45 99
45 101
45 103
45 104
45 107
45 110
45 112
45 120
45 121
45 122
45 124
45 125
45 126
45 127
46 3
46 5
46 6
46 7
46 8
46 11
46 12
46 14
46 15
46 19
46 20
46 21
46 27
46 28
46 30
46 31
46 32
46 33
46 34
46 35
46 38
46 39
46 40
46 43
46 44
46 46
46 49
46 52
46 53
46 54
46 56
46 59
46 60
46 61
46 62
46 63
46 64
46 65
46 68
46 72
46 73
46 76
46 79
46 89
46 90
46 92
46 95
46 99
46 101
46 104
46 105
46 106
46 109
46 110
46 112
46 114
46 115
46 118
46 119
46 125
46 126
47 0
47 3
47 4
47 5
47 7
47 9
47 10
47 13
47 14
47 17
47 18
47 19
47 20
47 24
47 25
47 26
47 30
47 35
47 37
47 40
47 42
47 43
47 48
47 51
47 53
47 54
47 55
47 59
47 61
47 64
47 67
47 72
47 76
47 81
47 83
47 84
47 85
47 86
47 89
47 91
47 92
47 93
47 95
47 96
47 104
47 105
47 107
47 110
47 112
47 116
47 118
47 120
48 3
48 4
48 10
48 15
48 16
48 21
48 23
48 25
48 27
48 28
48 29
48 33
48 39
48 40
48 42
48 46
48 47
48 50
48 51
48 55
48 56
48 58
48 62
48 63
48 67
48 68
48 70
48 71
48 74
48 79
48 80
48 85
48 86
48 89
48 90
48 94
48 98
48 101
48 103
48 106
48 107
48 113
48 118
48 120
48 121
48 122
48 126
49 0
49 1
49 2
49 3
49 4
49 6
49 10
49 11
49 16
49 17
49 22
49 24
49 26
49 28
49 29
49 31
49 33
49 37
49 39
49 41
49 42
49 44
49 45
49 46
49 47
49 52
49 56
49 57
49 59
49 60
49 63
49 65
49 66
49 70
49 71
49 72
49 73
49 74
49 75
49 76
49 77
49 83
49 84
49 85
49 86
49 88
49 89
49 91
49 95
49 96
49 97
49 100
49 102
49 103
49 107
49 109
49 110
49 112
49 114
49 115
49 120
49 122
49 124
49 126
49 127
50 0
50 12
50 14
50 16
50 19
50 20
50 23
50 25
50 30
50 31
50 37
50 38
50 41
50 47
50 48
50 52
50 53
50 55
50 57
50 59
50 62
50 63
50 64
50 65
50 67
50 73
50 75
50 76
50 81
50 82
50 86
50 92
50 94
50 95
50 96
50 98
50 99
50 100
50 102
50 103
50 104
50 106
50 107
50 109
50 112
50 114
50 119
50 121
50 124
50 125
50 127
51 2
51 12
51 15
51 17
51 18
51 20
51 26
51 30
51 35
51 41
51 42
51 45
51 46
51 51
51 52
51 59
51 60
51 63
51 64
51 65
51 69
51 72
51 74
51 77
51 80
51 85
51 87
51 88
51 89
51 90
51 97
51 99
51 101
51 107
51 108
51 112
51 113
51 114
51 117
51 124
51 126
51 127
52 1
52 2
52 3
52 4
52 10
52 15
52 20
52 22
52 32
52 34
52 39
52 44
52 45
52 47
52 48
52 49
52 56
52 57
52 60
52 69
52 76
52 78
52 83
52 88
52 96
52 97
52 99
52 106
52 110
52 112
52 113
52 115
52 118
52 121
52 122
52 125
53 2
53 7
53 9
53 11
53 12
53 13
53 14
53 17
53 18
53 19
53 23
53 24
53 26
53 27
53 29
53 33
53 34
53 36
53 42
53 46
53 47
53 50
53 51
53 56
53 58
53 62
53 63
53 66
53 67
53 70
53 73
53 74
53 75
53 77
53 79
53 80
53 82
53 84
53 87
53 88
53 95
53 96
53 99
53 100
53 101
53 102
53 103
53 104
53 108
53 110
53 115
53 117
53 119
53 126
53 127
54 1
54 4
54 6
54 7
54 8
54 10
54 11
54 12
54 13
54 15
54 16
54 18
54 19
54 20
54 21
54 22
54 24
54 25
54 26
54 32
54 33
54 34
54 35
54 39
54 40
54 42
54 51
54 55
54 57
54 58
54 59
54 60
54 62
54 64
54 72
54 77
54 78
54 80
54 82
54 83
54 87
54 91
54 93
54 95
54 106
54 115
54 117
54 118
54 119
54 120
54 123
55 0
55 2
55 4
55 7
55 9
55 11
55 12
55 13
55 23
55 24
55 27
55 32
55 35
55 36
55 38
55 42
55 43
55 45
55 47
55 49
55 54
55 55
55 58
55 60
55 62
55 64
55 67
55 68
55 71
55 75
55 78
55 80
55 81
55 83
55 84
55 88
55 94
55 95
55 96
55 98
55 100
55 105
55 106
55 107
55 109
55 112
55 113
55 114
55 118
55 121
55 122
55 126
55 127
56 0
56 1
56 4
56 7
56 10
56 14
56 16
56 18
56 20
56 22
56 23
56 24
56 25
56 30
56 31
56 37
56 42
56 44
56 47
56 57
56 59
56 65
56 66
56 69
56 70
56 71
56 77
56 78
56 80
56 81
56 82
56 84
56 85
56 86
56 88
56 89
56 90
56 92
56 93
56 96
56 103
56 104
56 105
56 112
56 115
56 117
56 125
56 126
56 127
57 1
57 2
57 4
57 6
57 11
57 12
57 13
57 14
57 18
57 22
57 23
57 28
57 30
57 32
57 36
57 38
57 39
57 40
57 41
57 43
57 44
57 45
57 52
57 54
57 57
57 58
57 63
57 66
57 67
57 68
57 71
57 73
57 76
57 79
57 81
57 87
57 90
57 91
57 93
57 97
57 103
57 104
57 107
57 111
57 112
57 113
57 120
57 126
57 127
58 0
58 5
58 6
58 7
58 10
58 11
58 14
58 15
58 16
58 17
58 21
58 22
58 23
58 28
58 29
58 30
58 33
58 34
58 38
58 43
58 46
58 47
58 49
58 50
58 51
58 53
58 56
58 57
58 60
58 62
58 67
58 68
58 74
58 75
58 79
58 80
58 82
58 90
58 95
58 98
58 99
58 101
58 103
58 109
58 112
58 116
58 118
58 123
58 126
59 0
59 6
59 7
59 9
59 10
59 11
59 12
59 16
59 17
59 18
59 24
59 25
59 29
59 33
59 37
59 40
59 42
59 46
59 47
59 48
59 49
59 51
59 52
59 53
59 56
59 58
59 59
59 60
59 61
59 62
59 65
59 66
59 69
59 71
59 72
59 77
59 78
59 80
59 81
59 83
59 84
59 89
59 99
59 100
59 105
59 109
59 110
59 113
59 114
59 115
59 118
59 119
59 122
59 123
59 124
60 0
60 3
60 5
60 12
60 13
60 17
60 20
60 22
60 23
60 24
60 25
60 31
60 32
60 35
60 37
60 39
60 42
60 51
60 52
60 55
60 56
60 61
60 63
60 64
60 66
60 70
60 72
60 78
60 79
60 81
60 82
60 83
60 85
60 86
60 87
60 90
60 91
60 92
60 94
60 95
60 98
60 101
60 102
60 105
60 107
60 110
60 111
60 112
60 116
60 117
60 119
60 123
60 124
60 125
60 127
61 3
61 5
61 6
61 7
61 11
61 12
61 15
61 16
61 17
61 20
61 21
61 22
61 23
61 26
61 27
61 28
61 29
61 32
61 34
61 35
61 37
61 42
61 48
61 49
61 50
61 52
61 54
61 55
61 57
61 59
61 62
61 66
61 67
61 70
61 73
61 74
61 75
61 80
61 81
61 82
61 84
61 87
61 91
61 93
61 97
61 107
61 108
61 111
61 112
61 114
61 118
61 119
61 120
61 123
61 127
62 1
62 6
62 7
62 11
62 12
62 15
62 18
62 19
62 24
62 25
62 27
62 30
62 37
62 38
62 41
62 43
62 44
62 46
62 50
62 52
62 54
62 55
62 57
62 59
62 61
62 63
62 64
62 65
62 67
62 69
62 70
62 71
62 73
62 74
62 75
62 77
62 82
62 83
62 84
62 85
62 86
62 87
62 88
62 90
62 93
62 97
62 98
62 101
62 106
62 112
62 113
62 115
62 117
62 120
62 121
62 122
62 123
62 124
62 126
63 4
63 6
63 8
63 11
63 13
63 14
63 15
63 17
63 18
63 20
63 21
63 23
63 28
63 30
63 31
63 35
63 36
63 37
63 39
63 43
63 47
63 50
63 51
63 52
63 53
63 54
63 58
63 60
63 72
63 73
63 74
63 77
63 80
63 82
63 83
63 91
63 92
63 94
63 95
63 98
63 99
63 101
63 102
63 105
63 106
63 107
63 108
63 109
63 112
63 113
63 114
63 117
63 119
63 120
63 124
63 126
63 127
64 2
64 4
64 5
64 6
64 8
64 10
64 11
64 12
64 17
64 22
64 23
64 24
64 25
64 29
64 32
64 34
64 38
64 45
64 46
64 47
64 49
64 52
64 55
64 57
64 58
64 61
64 63
64 64
64 65
64 66
64 70
64 71
64 73
64 74
64 76
64 77
64 79
64 80
64 82
64 84
64 89
64 94
64 96
64 98
64 100
64 103
64 105
64 106
64 109
64 111
64 112
64 114
64 115
64 116
64 118
64 120
64 121
64 122
65 1
65 3
65 5
65 7
65 10
65 12
65 13
65 15
65 17
65 19
65 20
65 23
65 24
65 27
65 29
65 37
65 38
65 41
65 42
65 46
65 48
65 51
65 53
65 54
65 57
65 59
65 61
65 70
65 71
65 76
65 78
65 79
65 80
65 81
65 82
65 86
65 88
65 94
65 95
65 98
65 99
65 100
65 101
65 105
65 107
65 113
65 114
65 117
65 120
65 127
66 2
66 5
66 6
66 7
66 8
66 11
66 13
66 16
66 18
66 21
66 22
66 24
66 27
66 28
66 33
66 37
66 38
66 42
66 49
66 54
66 57
66 61
66 62
66 63
66 65
66 73
66 74
66 80
66 81
66 82
66 83
66 84
66 87
66 90
66 92
66 93
66 94
66 95
66 98
66 100
66 101
66 104
66 108
66 110
66 111
66 112
66 116
66 117
66 121
66 126
66 127
67 2
67 7
67 10
67 11
67 13
67 14
67 16
67 17
67 19
67 21
67 22
67 23
67 25
67 33
67 35
67 36
67 38
67 39
67 40
67 41
67 43
67 47
67 49
67 54
67 70
67 71
67 74
67 75
67 76
67 77
67 78
67 79
67 81
67 84
67 93
67 96
67 101
67 107
67 109
67 112
67 114
67 117
67 118
67 120
67 121
67 122
67 123
67 125
67 126
67 127
68 0
68 3
68 5
68 10
68 13
68 16
68 17
68 19
68 21
68 25
68 27
68 32
68 34
68 37
68 39
68 42
68 45
68 48
68 49
68 53
68 57
68 58
68 60
68 61
68 64
68 67
68 68
68 71
68 73
68 75
68 78
68 80
68 82
68 83
68 85
68 87
68 93
68 95
68 96
68 99
68 102
68 113
68 115
68 123
68 124
69 1
69 5
69 6
69 12
69 17
69 18
69 19
69 20
69 23
69 30
69 31
69 32
69 35
69 37
69 40
69 42
69 44
69 46
69 47
69 48
69 49
69 50
69 51
69 53
69 55
69 58
69 63
69 64
69 67
69 68
69 77
69 78
69 82
69 86
69 87
69 90
69 91
69 92
69 93
69 94
69 97
69 100
69 101
69 103
69 106
69 108
69 113
69 114
69 115
69 118
69 119
69 121
69 122
69 124
69 125
69 126
70 2
70 4
70 6
70 11
70 18
70 19
70 20
70 21
70 22
70 23
70 26
70 29
70 31
70 32
70 38
70 40
70 42
70 44
70 45
70 47
70 49
70 51
70 57
70 58
70 61
70 63
70 65
70 67
70 70
70 71
70 73
70 75
70 77
70 78
70 79
70 80
70 84
70 93
70 99
70 101
70 103
70 105
70 108
70 109
70 115
70 119
70 120
70 121
70 123
70 124
70 125
70 126
70 127
71 7
71 8
71 10
71 11
71 12
71 15
71 17
71 18
71 21
71 22
71 24
71 30
71 32
71 33
71 37
71 38
71 39
71 40
71 44
71 48
71 50
71 51
71 52
71 55
71 56
71 58
71 59
71 60
71 67
71 69
71 75
71 77
71 80
71 81
71 82
71 84
71 85
71 86
71 87
71 93
71 94
71 98
71 99
71 101
71 108
71 110
71 111
71 112
71 113
71 115
71 116
71 117
71 120
71 121
71 122
71 127
72 0
72 1
72 3
72 11
72 12
72 13
72 23
72 26
72 29
72 32
72 33
72 35
72 36
72 38
72 39
72 40
72 42
72 43
72 45
72 46
72 48
72 51
72 58
72 62
72 63
72 66
72 70
72 75
72 77
72 78
72 79
72 84
72 85
72 87
72 88
72 90
72 91
72 97
72 98
72 99
72 101
72 104
72 107
72 110
72 111
72 116
72 120
72 121
72 123
72 124
73 0
73 2
73 4
73 6
73 8
73 10
73 18
73 19
73 20
73 22
73 23
73 24
73 26
73 28
73 35
73 37
73 38
73 42
73 45
73 47
73 49
73 53
73 55
73 57
73 59
73 62
73 65
73 68
73 69
73 72
73 81
73 83
73 86
73 87
73 88
73 89
73 90
73 91
73 92
73 93
73 96
73 99
73 100
73 104
73 105
73 108
73 109
73 110
73 113
73 114
73 117
73 121
73 123
73 125
73 127
74 0
74 1
74 2
74 10
74 15
74 18
74 21
74 22
74 27
74 28
74 32
74 33
74 36
74 37
74 40
74 42
74 43
74 44
74 46
74 48
74 50
74 51
74 52
74 53
74 54
74 55
74 56
74 59
74 62
74 65
74 70
74 74
74 75
74 77
74 85
74 87
74 89
74 90
74 91
74 93
74 94
74 97
74 98
74 99
74 100
74 102
74 107
74 108
74 110
74 111
74 112
74 113
74 114
74 117
74 121
74 122
75 2
75 4
75 6
75 7
75 9
75 10
75 11
75 14
75 16
75 18
75 19
75 25
75 26
75 29
75 38
75 45
75 46
75 47
75 48
75 52
75 54
75 55
75 59
75 67
75 71
75 73
75 81
75 82
75 83
75 84
75 87
75 88
75 89
75 90
75 93
75 96
75 98
75 100
75 101
75 102
75 103
75 105
75 109
75 113
75 117
75 118
75 119
75 124
75 126
76 3
76 8
76 11
76 12
76 13
76 16
76 18
76 24
76 31
76 35
76 37
76 38
76 42
76 44
76 45
76 48
76 49
76 52
76 54
76 57
76 61
76 63
76 66
76 67
76 69
76 75
76 76
76 83
76 84
76 85
76 87
76 88
76 90
76 95
76 96
76 98
76 101
76 103
76 113
76 117
76 118
76 119
76 121
76 124
76 125
77 0
77 1
77 2
77 3
77 4
77 5
77 7
77 11
77 13
77 14
77 16
77 17
77 20
77 26
77 27
77 29
77 32
77 34
77 37
77 39
77 43
77 44
77 51
77 56
77 59
77 60
77 61
77 65
77 70
77 71
77 74
77 78
77 80
77 82
77 83
77 85
77 88
77 91
77 93
77 99
77 102
77 105
77 107
77 108
77 111
77 112
77 113
77 117
77 118
77 119
77 123
77 126
77 127
78 4
78 13
78 16
78 17
78 18
78 19
78 20
78 23
78 28
78 30
78 32
78 34
78 35
78 36
78 38
78 40
78 44
78 49
78 53
78 57
78 58
78 60
78 61
78 64
78 67
78 70
78 72
78 73
78 74
78 75
78 80
78 83
78 85
78 87
78 89
78 90
78 91
78 92
78 93
78 94
78 99
78 100
78 101
78 111
78 112
78 113
78 115
78 119
78 121
78 125
78 127
79 1
79 9
79 11
79 20
79 21
79 23
79 26
79 27
79 32
79 34
79 35
79 41
79 43
79 46
79 47
79 49
79 51
79 52
79 56
79 57
79 59
79 63
79 65
79 66
79 68
79 71
79 73
79 74
79 75
79 76
79 78
79 79
79 80
79 81
79 82
79 83
79 86
79 87
79 88
79 89
79 92
79 95
79 97
79 98
79 102
79 103
79 105
79 106
79 108
79 109
79 110
79 111
79 113
79 117
79 125
79 126
80 0
80 1
80 2
80 3
80 4
80 6
80 14
80 16
80 17
80 18
80 20
80 21
80 25
80 27
80 31
80 33
80 34
80 37
80 38
80 39
80 40
80 41
80 44
80 50
80 51
80 52
80 53
80 54
80 55
80 57
80 63
80 64
80 65
80 66
80 70
80 72
80 74
80 80
80 83
80 86
80 87
80 89
80 91
80 95
80 96
80 98
80 100
80 102
80 104
80 105
80 106
80 108
80 109
80 112
80 113
80 114
80 116
80 121
80 122
80 126
80 127
81 2
81 9
81 11
81 13
81 16
81 18
81 20
81 24
81 29
81 30
81 31
81 36
81 38
81 40
81 47
81 49
81 50
81 51
81 54
81 57
81 58
81 63
81 65
81 67
81 72
81 73
81 76
81 78
81 79
81 80
81 82
81 83
81 84
81 86
81 91
81 92
81 94
81 96
81 103
81 110
81 114
81 115
81 119
81 120
81 121
81 124
82 0
82 3
82 8
82 10
82 16
82 19
82 22
82 24
82 25
82 29
82 31
82 40
82 42
82 44
82 46
82 47
82 48
82 49
82 50
82 51
82 53
82 55
82 56
82 57
82 59
82 62
82 63
82 64
82 66
82 76
82 77
82 79
82 81
82 83
82 84
82 88
82 91
82 92
82 93
82 96
82 99
82 100
82 103
82 105
82 107
82 108
82 110
82 115
82 120
82 122
82 124
83 0
83 1
83 4
83 6
83 8
83 12
83 16
83 17
83 19
83 24
83 25
83 26
83 34
83 36
83 39
83 43
83 46
83 53
83 54
83 57
83 59
83 62
83 63
83 69
83 74
83 76
83 79
83 80
83 81
83 83
83 86
83 87
83 88
83 92
83 93
83 94
83 95
83 97
83 98
83 99
83 100
83 102
83 105
83 108
83 109
83 110
83 118
83 120
83 124
83 127
84 0
84 8
84 10
84 12
84 13
84 14
84 16
84 19
84 23
84 24
84 25
84 26
84 27
84 32
84 38
84 47
84 51
84 53
84 56
84 57
84 59
84 61
84 62
84 67
84 72
84 88
84 89
84 91
84 92
84 93
84 97
84 98
84 100
84 102
84 104
84 105
84 107
84 109
84 110
84 111
84 112
84 113
84 115
84 121
84 122
84 126
85 2
85 3
85 5
85 7
85 10
85 13
85 16
85 19
85 20
85 21
85 29
85 34
85 36
85 40
85 42
85 45
85 53
85 59
85 60
85 61
85 62
85 64
85 67
85 68
85 69
85 73
85 74
85 75
85 76
85 83
85 84
85 85
85 90
85 92
85 93
85 97
85 99
85 101
85 102
85 103
85 104
85 105
85 107
85 113
85 115
85 117
85 119
85 120
85 122
86 1
86 9
86 11
86 12
86 13
86 19
86 20
86 25
86 29
86 32
86 40
86 41
86 44
86 46
86 52
86 53
86 57
86 60
86 61
86 63
86 68
86 70
86 73
86 74
86 75
86 79
86 81
86 82
86 86
86 90
86 91
86 93
86 94
86 95
86 97
86 100
86 101
86 108
86 109
86 116
86 120
86 127
87 1
87 3
87 4
87 7
87 12
87 15
87 17
87 20
87 26
87 31
87 32
87 33
87 45
87 47
87 51
87 54
87 59
87 60
87 61
87 66
87 72
87 75
87 76
87 81
87 84
87 85
87 86
87 88
87 90
87 94
87 95
87 97
87 98
87 100
87 102
87 103
87 104
87 105
87 106
87 115
87 119
87 124
87 125
87 127
88 1
88 10
88 12
88 17
88 19
88 27
88 28
88 29
88 33
88 34
88 36
88 38
88 39
88 40
88 43
88 45
88 46
88 48
88 49
88 50
88 53
88 54
88 56
88 57
88 59
88 63
88 68
88 70
88 72
88 73
88 77
88 80
88 82
88 86
88 88
88 93
88 94
88 95
88 96
88 97
88 103
88 104
88 106
88 112
88 114
88 119
88 120
88 122
88 125
88 126
89 0
89 1
89 2
89 3
89 9
89 11
89 13
89 14
89 15
89 16
89 19
89 23
89 24
89 26
89 27
89 30
89 32
89 33
89 36
89 38
89 40
89 46
89 47
89 48
89 49
89 52
89 59
89 60
89 61
89 63
89 65
89 66
89 68
89 70
89 73
89 74
89 77
89 81
89 84
89 85
89 92
89 93
89 99
89 100
89 101
89 102
89 103
89 105
89 110
89 111
89 112
89 113
89 116
89 117
89 121
89 122
89 124
89 125
89 126
89 127
90 0
90 3
90 6
90 9
90 11
90 13
90 15
90 26
90 29
90 31
90 33
90 35
90 37
90 39
90 41
90 42
90 43
90 45
90 46
90 47
90 49
90 52
90 53
90 55
90 60
90 63
90 67
90 70
90 74
90 83
90 87
90 88
90 89
90 94
90 95
90 96
90 97
90 98
90 101
90 108
90 109
90 112
90 117
90 118
90 120
90 121
90 123
91 1
91 2
91 3
91 6
91 8
91 10
91 13
91 14
91 16
91 17
91 18
91 24
91 25
91 26
91 27
91 30
91 31
91 34
91 35
91 38
91 42
91 43
91 45
91 47
91 48
91 49
91 50
91 51
91 54
91 55
91 56
91 59
91 62
91 63
91 65
91 66
91 67
91 70
91 71
91 73
91 74
91 77
91 79
91 81
91 82
91 83
91 84
91 86
91 95
91 96
91 97
91 98
91 99
91 103
91 104
91 107
91 110
91 112
91 116
91 117
91 125
92 6
92 8
92 9
92 15
92 18
92 20
92 24
92 29
92 30
92 31
92 32
92 34
92 37
92 40
92 42
92 43
92 44
92 46
92 48
92 50
92 51
92 53
92 57
92 60
92 61
92 65
92 67
92 69
92 74
92 77
92 79
92 81
92 83
92 85
92 87
92 88
92 94
92 101
92 103
92 106
92 108
92 109
92 110
92 113
92 114
92 116
92 117
92 120
92 123
92 124
93 4
93 5
93 8
93 12
93 19
93 22
93 31
93 34
93 35
93 38
93 39
93 40
93 43
93 44
93 49
93 50
93 54
93 57
93 58
93 61
93 64
93 65
93 66
93 67
93 68
93 70
93 71
93 72
93 73
93 76
93 78
93 84
93 88
93 89
93 91
93 92
93 100
93 102
93 110
93 115
93 118
93 119
93 122
94 3
94 11
94 12
94 14
94 17
94 22
94 23
94 26
94 27
94 28
94 31
94 32
94 35
94 37
94 38
94 41
94 48
94 50
94 52
94 54
94 55
94 56
94 57
94 58
94 62
94 69
94 70
94 71
94 72
94 76
94 78
94 80
94 81
94 86
94 90
94 92
94 95
94 96
94 97
94 100
94 107
94 108
94 114
94 115
94 117
94 118
94 119
94 123
94 126
94 127
95 0
95 4
95 5
95 7
95 9
95 10
95 14
95 17
95 18
95 19
95 20
95 24
95 26
95 27
95 28
95 29
95 30
95 31
95 41
95 43
95 44
95 45
95 46
95 51
95 52
95 54
95 55
95 58
95 60
95 61
95 62
95 63
95 64
95 66
95 70
95 71
95 72
95 76
95 80
95 82
95 86
95 95
95 98
95 100
95 101
95 102
95 103
95 104
95 106
95 108
95 109
95 110
95 111
95 114
95 116
95 121
95 122
95 123
96 1
96 3
96 8
96 10
96 14
96 15
96 16
96 17
96 21
96 22
96 25
96 27
96 29
96 35
96 47
96 48
96 49
96 50
96 54
96 55
96 58
96 60
96 61
96 64
96 68
96 70
96 77
96 78
96 79
96 81
96 85
96 86
96 87
96 94
96 98
96 104
96 108
96 109
96 121
96 122
96 126
96 127
97 0
97 2
97 4
97 13
97 15
97 17
97 21
97 24
97 33
97 40
97 41
97 43
97 44
97 45
97 51
97 52
97 53
97 54
97 57
97 58
97 62
97 63
97 64
97 66
97 68
97 69
97 74
97 77
97 78
97 79
97 80
97 87
97 88
97 89
97 90
97 91
97 100
97 103
97 105
97 106
97 109
97 114
97 116
97 117
97 120
97 122
97 123
97 125
97 127
98 0
98 1
98 2
98 8
98 10
98 13
98 15
98 17
98 18
98 19
98 20
98 22
98 23
98 24
98 25
98 30
98 34
98 36
98 38
98 42
98 44
98 46
98 48
98 49
98 50
98 53
98 56
98 65
98 66
98 67
98 68
98 69
98 72
98 73
98 75
98 80
98 83
98 86
98 91
98 93
98 95
98 98
98 104
98 105
98 107
98 109
98 110
98 116
98 119
98 126
99 4
99 5
99 6
99 9
99 10
99 11
99 13
99 14
99 17
99 18
99 19
99 20
99 21
99 22
99 24
99 26
99 27
99 28
99 29
99 33
99 34
99 35
99 37
99 38
99 39
99 41
99 49
99 50
99 53
99 54
99 55
99 61
99 62
99 63
99 67
99 69
99 71
99 72
99 73
99 74
99 79
99 82
99 84
99 91
99 93
99 94
99 99
99 101
99 102
99 103
99 104
99 105
99 107
99 110
99 112
99 114
99 120
99 121
99 124
100 1
100 4
100 5
100 10
100 11
100 14
100 18
100 19
100 21
100 24
100 26
100 27
100 29
100 32
100 35
100 36
100 40
100 42
100 43
100 46
100 47
100 56
100 58
100 59
100 60
100 61
100 64
100 66
100 69
100 73
100 75
100 77
100 80
100 81
100 82
100 84
100 85
100 89
100 91
100 92
100 95
100 98
100 99
100 100
100 103
100 110
100 112
100 116
100 118
100 123
100 124
100 126
101 0
101 3
101 4
101 5
101 6
101 7
101 8
101 9
101 10
101 12
101 14
101 15
101 18
101 22
101 28
101 31
101 33
101 37
101 40
101 41
101 42
101 44
101 45
101 46
101 47
101 48
101 52
101 53
101 60
101 62
101 66
101 69
101 71
101 72
101 75
101 76
101 78
101 80
101 81
101 83
101 86
101 91
101 97
101 101
101 102
101 107
101 111
101 114
101 115
101 116
102 0
102 1
102 3
102 4
102 5
102 8
102 9
102 10
102 13
102 14
102 20
102 21
102 24
102 31
102 34
102 35
102 41
102 42
102 43
102 48
102 52
102 57
102 58
102 60
102 63
102 65
102 66
102 67
102 68
102 71
102 72
102 73
102 75
102 77
102 78
102 80
102 81
102 82
102 84
102 85
102 86
102 87
102 88
102 90
102 91
102 93
102 94
102 95
102 97
102 101
102 104
102 109
102 111
102 112
102 115
102 118
102 119
102 120
102 122
103 2
103 4
103 8
103 9
103 10
103 12
103 15
103 16
103 17
103 19
103 31
103 32
103 33
103 36
103 37
103 40
103 41
103 42
103 45
103 47
103 48
103 50
103 52
103 53
103 54
103 59
103 63
103 65
103 66
103 68
103 69
103 70
103 73
103 76
103 77
103 81
103 82
103 83
103 85
103 86
103 92
103 94
103 96
103 97
103 99
103 101
103 103
103 104
103 106
103 107
103 108
103 110
103 111
103 113
103 114
103 115
103 118
103 122
104 0
104 1
104 2
104 6
104 10
104 12
104 13
104 21
104 22
104 25
104 26
104 27
104 36
104 38
104 44
104 46
104 50
104 52
104 53
104 55
104 59
104 62
104 64
104 65
104 68
104 70
104 78
104 90
104 91
104 93
104 95
104 106
104 107
104 114
104 115
104 116
104 123
104 124
104 127
105 1
105 2
105 3
105 4
105 8
105 10
105 11
105 14
105 19
105 21
105 22
105 26
105 36
105 37
105 39
105 42
105 43
105 48
105 49
105 52
105 53
105 57
105 58
105 59
105 62
105 72
105 75
105 76
105 79
105 82
105 83
105 85
105 88
105 90
105 91
105 93
105 95
105 99
105 102
105 108
105 109
105 111
105 112
105 113
105 121
105 123
105 124
105 125
105 127
106 0
106 4
106 6
106 7
106 8
106 9
106 10
106 12
106 14
106 16
106 18
106 19
106 20
106 22
106 25
106 26
106 30
106 32
106 34
106 35
106 37
106 41
106 42
106 49
106 50
106 51
106 54
106 56
106 59
106 61
106 63
106 65
106 68
106 71
106 75
106 76
106 77
106 79
106 81
106 82
106 83
106 84
106 86
106 88
106 89
106 95
106 96
106 101
106 104
106 107
106 111
106 114
106 115
106 117
106 118
106 120
106 122
106 123
106 124
106 127
107 0
107 1
107 3
107 4
107 6
107 11
107 14
107 19
107 21
107 22
107 23
107 29
107 30
107 36
107 44
107 47
107 48
107 50
107 56
107 57
107 62
107 63
107 64
107 65
107 66
107 67
107 68
107 70
107 72
107 74
107 75
107 77
107 78
107 82
107 84
107 85
107 86
107 87
107 88
107 99
107 103
107 106
107 107
107 108
107 109
107 110
107 111
107 115
107 116
107 117
107 119
107 121
107 123
107 124
107 125
108 1
108 2
108 4
108 7
108 9
108 15
108 16
108 18
108 20
108 32
108 35
108 42
108 44
108 45
108 46
108 48
108 52
108 55
108 56
108 57
108 59
108 60
108 62
108 64
108 65
108 67
108 69
108 70
108 74
108 76
108 78
108 79
108 80
108 81
108 82
108 83
108 85
108 86
108 93
108 95
108 96
108 97
108 100
108 101
108 102
108 104
108 109
108 111
108 112
108 115
108 117
108 118
108 120
108 121
108 122
108 123
108 126
109 0
109 1
109 2
109 7
109 8
109 9
109 11
109 17
109 18
109 21
109 23
109 25
109 27
109 31
109 32
109 33
109 37
109 39
109 40
109 42
109 44
109 45
109 46
109 51
109 52
109 56
109 57
109 65
109 67
109 69
109 74
109 75
109 78
109 79
109 80
109 82
109 83
109 84
109 85
109 88
109 90
109 91
109 93
109 95
109 97
109 100
109 104
109 105
109 108
109 110
109 111
109 112
109 113
109 116
109 117
109 118
109 121
109 122
109 123
109 124
109 126
109 127
110 1
110 3
110 7
110 8
110 12
110 13
110 15
110 23
110 24
110 25
110 26
110 27
110 31
110 33
110 35
110 37
110 39
110 46
110 47
110 51
110 53
110 54
110 56
110 57
110 58
110 60
110 61
110 62
110 63
110 64
110 66
110 69
110 72
110 73
110 74
110 75
110 76
110 79
110 84
110 92
110 93
110 97
110 98
110 100
110 103
110 105
110 107
110 110
110 112
110 114
110 116
110 119
110 120
110 121
110 123
111 0
111 2
111 4
111 13
111 14
111 15
111 16
111 17
111 18
111 20
111 22
111 23
111 24
111 26
111 27
111 28
111 29
111 30
111 31
111 32
111 33
111 35
111 36
111 37
111 40
111 42
111 44
111 48
111 53
111 57
111 62
111 63
111 66
111 67
111 69
111 71
111 72
111 74
111 80
111 83
111 84
111 88
111 90
111 91
111 92
111 94
111 97
111 98
111 103
111 106
111 108
111 110
111 111
111 114
111 115
111 116
111 120
111 121
111 122
111 123
111 124
111 126
112 3
112 6
112 7
112 12
112 13
112 18
112 20
112 22
112 30
112 32
112 33
112 36
112 40
112 41
112 42
112 43
112 44
112 45
112 51
112 53
112 54
112 57
112 59
112 61
112 65
112 69
112 70
112 73
112 76
112 80
112 86
112 88
112 92
112 97
112 99
112 103
112 107
112 108
112 111
112 116
112 120
112 123
113 0
113 1
113 2
113 3
113 8
113 11
113 12
113 14
113 15
113 16
113 17
113 20
113 24
113 25
113 26
113 28
113 31
113 32
113 33
113 34
113 35
113 37
113 38
113 40
113 42
113 46
113 49
113 52
113 57
113 59
113 61
113 66
113 67
113 68
113 70
113 73
113 77
113 79
113 80
113 81
113 85
113 90
113 91
113 92
113 93
113 96
113 98
113 101
113 102
113 104
113 105
113 107
113 108
113 109
113 113
113 116
113 119
113 120
113 124
114 1
114 2
114 5
114 9
114 13
114 18
114 19
114 22
114 24
114 25
114 26
114 28
114 31
114 32
114 36
114 39
114 42
114 44
114 48
114 49
114 50
114 53
114 61
114 62
114 66
114 73
114 74
114 75
114 76
114 77
114 78
114 81
114 83
114 84
114 86
114 87
114 88
114 94
114 102
114 106
114 107
114 108
114 110
114 112
114 119
114 122
115 0
115 1
115 5
115 8
115 10
115 12
115 14
115 15
115 17
115 21
115 22
115 25
115 27
115 30
115 32
115 34
115 38
115 41
115 43
115 44
115 45
115 47
115 50
115 51
115 53
115 54
115 55
115 56
115 60
115 63
115 69
115 71
115 72
115 75
115 77
115 82
115 84
115 87
115 89
115 92
115 93
115 94
115 95
115 100
115 103
115 105
115 107
115 108
115 112
115 114
115 115
115 118
115 126
115 127
116 0
116 4
116 5
116 8
116 9
116 14
116 20
116 21
116 27
116 31
116 35
116 37
116 38
116 40
116 45
116 46
116 49
116 56
116 57
116 59
116 60
116 61
116 63
116 66
116 69
116 71
116 72
116 74
116 77
116 78
116 79
116 80
116 82
116 85
116 89
116 93
116 96
116 100
116 101
116 102
116 105
116 106
116 107
116 108
116 112
116 113
116 115
116 116
116 120
116 121
116 122
116 124
116 126
116 127
117 1
117 2
117 8
117 10
117 13
117 14
117 15
117 16
117 17
117 18
117 21
117 24
117 26
117 30
117 31
117 32
117 33
117 34
117 42
117 43
117 46
117 48
117 50
117 54
117 55
117 56
117 58
117 59
117 60
117 61
117 63
117 66
117 67
117 71
117 78
117 79
117 82
117 83
117 84
117 88
117 91
117 92
117 94
117 96
117 98
117 99
117 101
117 104
117 105
117 107
117 108
117 110
117 114
117 115
117 118
117 119
117 120
117 122
117 123
117 126
117 127
118 0
118 6
118 8
118 13
118 14
118 17
118 19
118 20
118 22
118 23
118 30
118 34
118 37
118 41
118 42
118 45
118 49
118 50
118 51
118 53
118 56
118 59
118 66
118 67
118 69
118 70
118 75
118 79
118 80
118 83
118 84
118 87
118 90
118 92
118 95
118 104
118 107
118 108
118 112
118 114
118 117
118 118
119 2
119 3
119 5
119 6
119 7
119 8
119 9
119 10
119 13
119 19
119 20
119 23
119 29
119 30
119 34
119 40
119 42
119 45
119 46
119 47
119 48
119 49
119 50
119 57
119 58
119 59
119 60
119 65
119 66
119 67
119 68
119 69
119 73
119 74
119 75
119 76
119 77
119 78
119 79
119 80
119 82
119 87
119 88
119 91
119 93
119 98
119 102
119 103
119 108
119 111
119 116
119 118
119 119
119 120
119 125
119 127
120 0
120 2
120 5
120 17
120 18
120 20
120 35
120 38
120 39
120 41
120 44
120 46
120 47
120 50
120 56
120 57
120 58
120 59
120 62
120 64
120 65
120 66
120 70
120 72
120 75
120 78
120 79
120 81
120 82
120 83
120 84
120 86
120 89
120 91
120 92
120 93
120 94
120 97
120 100
120 104
120 105
120 107
120 109
120 112
120 118
120 122
120 126
121 1
121 3
121 4
121 5
121 8
121 15
121 16
121 17
121 22
121 24
121 32
121 35
121 40
121 42
121 44
121 45
121 49
121 60
121 61
121 63
121 65
121 66
121 68
121 71
121 75
121 77
121 79
121 80
121 85
121 86
121 88
121 89
121 90
121 93
121 96
121 97
121 98
121 99
121 100
121 103
121 104
121 107
121 108
121 110
121 112
121 115
121 117
121 118
121 121
121 124
121 125
121 126
121 127
122 1
122 8
122 9
122 15
122 16
122 18
122 24
122 25
122 27
122 28
122 34
122 38
122 39
122 40
122 41
122 42
122 43
122 47
122 52
122 56
122 58
122 59
122 60
122 67
122 68
122 73
122 75
122 80
122 81
122 82
122 85
122 93
122 95
122 99
122 102
122 107
122 116
122 119
122 126
123 6
123 8
123 14
123 18
123 20
123 22
123 23
123 24
123 26
123 27
123 33
123 36
123 38
123 39
123 40
123 45
123 49
123 53
123 54
123 55
123 57
123 59
123 62
123 68
123 71
123 74
123 76
123 77
123 78
123 81
123 86
123 88
123 92
123 93
123 94
123 96
123 104
123 105
123 108
123 109
123 110
123 125
124 2
124 3
124 5
124 10
124 14
124 15
124 20
124 21
124 24
124 26
124 28
124 31
124 35
124 36
124 37
124 41
124 43
124 46
124 48
124 49
124 51
124 52
124 55
124 63
124 65
124 75
124 78
124 86
124 87
124 94
124 95
124 99
124 101
124 104
124 106
124 113
124 115
124 119
124 120
124 122
124 124
124 125
124 126
124 127
125 3
125 4
125 6
125 7
125 12
125 17
125 22
125 26
125 27
125 31
125 32
125 33
125 34
125 35
125 40
125 42
125 43
125 47
125 59
125 63
125 70
125 72
125 73
125 76
125 77
125 78
125 80
125 84
125 91
125 92
125 98
125 101
125 102
125 107
125 110
125 116
125 122
125 125
125 126
126 0
126 4
126 6
126 7
126 10
126 11
126 12
126 13
126 16
126 17
126 19
126 20
126 22
126 28
126 32
126 33
126 39
126 40
126 43
126 44
126 49
126 50
126 52
126 53
126 54
126 55
126 56
126 58
126 59
126 60
126 61
126 63
126 66
126 67
126 71
126 74
126 76
126 77
126 78
126 80
126 82
126 89
126 90
126 93
126 94
126 95
126 98
126 102
126 103
126 106
126 108
126 109
126 115
126 119
126 123
127 0
127 2
127 6
127 7
127 9
127 12
127 13
127 17
127 18
127 20
127 21
127 24
127 25
127 29
127 32
127 33
127 34
127 39
127 45
127 47
127 49
127 51
127 52
127 54
127 58
127 61
127 63
127 67
127 69
127 73
127 74
127 75
127 76
127 77
127 81
127 84
127 87
127 89
127 97
127 98
127 99
127 100
127 104
127 110
127 112
127 113
127 114
127 120
127 121
127 122
127 126
