0 1
0 9
0 12
0 14
0 15
0 24
0 27
0 28
0 29
0 30
0 32
0 36
0 40
0 42
0 43
0 44
0 46
0 47
0 56
0 57
0 62
0 69
0 71
0 73
0 74
0 76
0 82
0 86
0 87
0 89
0 93
0 94
0 99
0 104
0 116
0 123
0 124
0 127
1 0
1 3
1 8
1 18
1 28
1 38
1 39
1 44
1 45
1 49
1 50
1 53
1 54
1 64
1 66
1 68
1 74
1 82
1 83
1 84
1 86
1 88
1 92
1 95
1 98
1 99
1 101
1 109
1 114
1 122
1 123
1 124
1 127
2 1
2 3
2 6
2 8
2 10
2 19
2 21
2 27
2 32
2 40
2 43
2 46
2 48
2 50
2 51
2 53
2 54
2 55
2 57
2 62
2 65
2 73
2 74
2 75
2 79
2 81
2 85
2 94
2 95
2 98
2 99
2 100
2 102
2 103
2 107
2 111
2 112
2 123
2 126
2 127
3 3
3 5
3 11
3 14
3 18
3 19
3 26
3 27
3 34
3 38
3 40
3 41
3 43
3 44
3 45
3 58
3 66
3 71
3 72
3 80
3 84
3 87
3 90
3 95
3 96
3 105
3 107
3 108
3 112
3 113
3 116
3 117
3 120
3 123
4 12
4 20
4 25
4 28
4 31
4 34
4 35
4 36
4 38
4 43
4 45
4 47
4 50
4 53
4 55
4 56
4 57
4 59
4 65
4 66
4 68
4 70
4 71
4 72
4 77
4 78
4 79
4 81
4 87
4 88
4 91
4 94
4 96
4 97
4 99
4 102
4 112
4 113
4 114
4 117
4 118
4 119
4 120
4 123
4 127
5 0
5 3
5 6
5 7
5 10
5 11
5 13
5 15
5 16
5 20
5 21
5 26
5 30
5 41
5 47
5 50
5 51
5 59
5 61
5 64
5 66
5 67
5 75
5 76
5 77
5 79
5 81
5 90
5 91
5 94
5 95
5 96
5 106
5 111
5 113
5 114
5 116
5 117
5 118
5 126
6 0
6 1
6 3
6 4
6 10
6 13
6 14
6 20
6 27
6 34
6 35
6 37
6 43
6 44
6 46
6 48
6 49
6 53
6 56
6 60
6 67
6 68
6 73
6 74
6 90
6 97
6 98
6 99
6 102
6 118
6 119
6 123
6 126
6 127
7 0
7 6
7 7
7 10
7 12
7 15
7 26
7 31
7 34
7 38
7 45
7 53
7 56
7 60
7 61
7 68
7 69
7 74
7 82
7 83
7 89
7 95
7 96
7 97
7 98
7 104
7 107
7 110
7 111
7 112
7 113
7 115
7 118
7 122
7 123
8 0
8 2
8 5
8 7
8 15
8 16
8 20
8 21
8 23
8 28
8 31
8 36
8 40
8 46
8 53
8 54
8 56
8 58
8 59
8 65
8 66
8 67
8 69
8 71
8 75
8 79
8 80
8 82
8 84
8 86
8 89
8 90
8 91
8 92
8 95
8 97
8 99
8 103
8 104
8 105
8 107
8 108
8 111
8 117
8 119
8 124
8 125
8 127
9 4
9 9
9 11
9 22
9 25
9 27
9 28
9 31
9 33
9 39
9 46
9 51
9 56
9 65
9 67
9 69
9 71
9 74
9 77
9 82
9 85
9 91
9 100
9 110
9 111
9 112
9 116
9 117
9 118
9 122
9 124
9 125
9 127
10 2
10 4
10 11
10 14
10 16
10 17
10 18
10 20
10 21
10 22
10 23
10 26
10 27
10 29
10 30
10 31
10 32
10 33
10 36
10 43
10 46
10 47
10 48
10 52
10 54
10 56
10 57
10 63
10 65
10 67
10 71
10 74
10 88
10 92
10 98
10 103
10 107
10 108
10 111
10 112
10 113
10 115
10 119
10 123
10 125
10 127
11 2
11 5
11 13
11 15
11 19
11 22
11 23
11 24
11 26
11 31
11 32
11 33
11 35
11 37
11 45
11 46
11 47
11 52
11 53
11 58
11 60
11 67
11 69
11 78
11 82
11 89
11 90
11 91
11 94
11 99
11 103
11 110
11 111
11 112
11 122
11 126
12 0
12 2
12 3
12 7
12 9
12 13
12 15
12 16
12 21
12 22
12 31
12 32
12 37
12 46
12 49
12 53
12 66
12 68
12 71
12 74
12 76
12 79
12 81
12 89
12 90
12 91
12 92
12 97
12 100
12 105
12 109
12 110
12 114
12 115
12 116
12 117
12 118
12 124
13 1
13 10
13 14
13 16
13 21
13 26
13 27
13 28
13 29
13 32
13 33
13 37
13 39
13 40
13 42
13 45
13 47
13 50
13 52
13 55
13 63
13 67
13 69
13 72
13 78
13 82
13 84
13 88
13 90
13 91
13 92
13 100
13 110
13 119
13 120
13 121
13 124
14 2
14 4
14 10
14 14
14 15
14 17
14 22
14 29
14 30
14 32
14 35
14 50
14 52
14 54
14 57
14 58
14 59
14 61
14 64
14 66
14 67
14 76
14 84
14 86
14 92
14 96
14 97
14 100
14 101
14 107
14 111
14 112
14 115
14 118
14 120
14 121
14 125
15 9
15 14
15 15
15 20
15 24
15 25
15 29
15 32
15 33
15 36
15 40
15 44
15 48
15 53
15 55
15 60
15 62
15 72
15 75
15 78
15 88
15 95
15 97
15 98
15 104
15 108
15 110
15 111
15 112
15 113
15 114
15 118
16 3
16 6
16 8
16 9
16 14
16 18
16 20
16 24
16 28
16 29
16 30
16 31
16 36
16 39
16 45
16 46
16 48
16 53
16 64
16 65
16 68
16 70
16 71
16 87
16 90
16 92
16 93
16 96
16 98
16 101
16 106
16 110
16 114
16 116
16 121
16 122
17 4
17 6
17 7
17 8
17 12
17 16
17 17
17 18
17 23
17 29
17 31
17 32
17 34
17 35
17 36
17 38
17 39
17 40
17 41
17 43
17 52
17 61
17 63
17 64
17 67
17 68
17 76
17 81
17 83
17 85
17 88
17 93
17 101
17 108
17 110
17 114
17 119
17 121
17 124
18 0
18 4
18 6
18 7
18 10
18 17
18 18
18 21
18 27
18 30
18 33
18 35
18 37
18 39
18 44
18 53
18 59
18 62
18 66
18 69
18 76
18 77
18 78
18 80
18 88
18 89
18 91
18 92
18 94
18 98
18 101
18 106
18 107
18 111
18 113
18 117
18 120
18 123
18 126
19 3
19 5
19 6
19 7
19 10
19 13
19 16
19 19
19 20
19 23
19 33
19 38
19 40
19 41
19 49
19 51
19 65
19 66
19 67
19 72
19 76
19 77
19 81
19 91
19 96
19 97
19 99
19 104
19 109
19 118
19 120
19 124
19 126
20 1
20 3
20 5
20 7
20 8
20 15
20 18
20 21
20 23
20 24
20 29
20 32
20 34
20 36
20 37
20 38
20 39
20 43
20 50
20 51
20 56
20 57
20 67
20 70
20 71
20 74
20 76
20 78
20 83
20 86
20 92
20 96
20 97
20 99
20 103
20 106
20 109
20 114
20 116
20 122
20 124
21 0
21 2
21 7
21 16
21 18
21 20
21 30
21 33
21 35
21 36
21 38
21 39
21 43
21 44
21 51
21 53
21 55
21 57
21 58
21 62
21 63
21 64
21 65
21 68
21 74
21 75
21 76
21 77
21 84
21 85
21 86
21 87
21 91
21 97
21 105
21 107
21 109
21 113
21 121
21 122
22 1
22 4
22 6
22 9
22 10
22 11
22 16
22 19
22 21
22 22
22 25
22 26
22 29
22 35
22 36
22 37
22 39
22 42
22 44
22 45
22 46
22 52
22 55
22 59
22 60
22 63
22 70
22 72
22 76
22 80
22 81
22 87
22 90
22 91
22 96
22 99
22 101
22 102
22 106
22 107
22 109
22 113
22 114
22 116
22 119
22 120
22 123
22 124
22 126
23 2
23 6
23 8
23 9
23 12
23 16
23 18
23 20
23 22
23 23
23 27
23 33
23 44
23 46
23 47
23 51
23 56
23 59
23 62
23 70
23 75
23 78
23 80
23 83
23 96
23 97
23 99
23 101
23 103
23 106
23 107
23 109
23 110
23 113
23 121
23 122
23 125
24 0
24 6
24 10
24 11
24 15
24 20
24 23
24 25
24 28
24 29
24 31
24 35
24 42
24 49
24 50
24 58
24 61
24 63
24 66
24 68
24 82
24 85
24 89
24 90
24 94
24 101
24 102
24 105
24 106
24 109
24 110
24 111
24 117
24 119
24 124
24 126
24 127
25 2
25 9
25 12
25 15
25 19
25 22
25 23
25 26
25 27
25 28
25 34
25 35
25 37
25 41
25 42
25 45
25 48
25 51
25 59
25 61
25 62
25 64
25 65
25 70
25 72
25 73
25 75
25 77
25 81
25 84
25 87
25 90
25 92
25 93
25 97
25 100
25 104
25 110
25 111
25 119
25 125
25 126
26 10
26 11
26 15
26 25
26 26
26 28
26 32
26 33
26 39
26 42
26 43
26 47
26 48
26 51
26 52
26 53
26 60
26 63
26 65
26 66
26 70
26 71
26 72
26 74
26 75
26 76
26 79
26 83
26 84
26 85
26 86
26 87
26 91
26 92
26 93
26 95
26 98
26 99
26 107
26 110
26 111
26 114
26 115
26 116
26 122
27 2
27 4
27 6
27 7
27 11
27 15
27 16
27 17
27 21
27 24
27 25
27 26
27 28
27 31
27 37
27 40
27 44
27 45
27 48
27 50
27 51
27 58
27 71
27 72
27 75
27 79
27 95
27 98
27 99
27 102
27 103
27 105
27 107
27 110
27 112
27 114
27 116
27 121
27 122
27 127
28 3
28 5
28 6
28 14
28 17
28 26
28 31
28 33
28 35
28 38
28 41
28 42
28 47
28 48
28 52
28 54
28 55
28 56
28 57
28 59
28 63
28 67
28 72
28 73
28 76
28 81
28 87
28 89
28 90
28 94
28 96
28 105
28 108
28 122
28 123
28 124
28 126
29 2
29 3
29 4
29 8
29 11
29 15
29 16
29 19
29 21
29 22
29 24
29 27
29 30
29 31
29 33
29 34
29 35
29 58
29 68
29 73
29 77
29 81
29 85
29 86
29 93
29 94
29 102
29 104
29 108
29 109
29 110
29 111
29 112
29 115
29 116
29 118
29 121
29 123
30 0
30 3
30 14
30 17
30 18
30 21
30 22
30 23
30 27
30 28
30 33
30 36
30 38
30 39
30 42
30 45
30 46
30 47
30 49
30 53
30 55
30 56
30 57
30 60
30 62
30 63
30 64
30 65
30 66
30 68
30 70
30 72
30 73
30 74
30 75
30 76
30 79
30 82
30 86
30 87
30 97
30 99
30 103
30 105
30 106
30 111
30 113
30 117
30 118
31 0
31 1
31 3
31 5
31 9
31 11
31 12
31 14
31 17
31 19
31 24
31 34
31 44
31 46
31 47
31 57
31 59
31 61
31 65
31 67
31 68
31 70
31 82
31 83
31 88
31 91
31 97
31 99
31 106
31 108
31 109
31 112
31 113
31 115
31 117
31 118
31 119
31 122
31 124
32 6
32 8
32 9
32 14
32 15
32 17
32 22
32 23
32 28
32 29
32 30
32 36
32 37
32 41
32 44
32 47
32 48
32 51
32 52
32 56
32 58
32 64
32 66
32 72
32 73
32 75
32 80
32 83
32 85
32 89
32 104
32 107
32 109
32 111
32 116
32 123
32 126
33 0
33 2
33 3
33 4
33 5
33 7
33 8
33 12
33 15
33 16
33 27
33 29
33 30
33 31
33 32
33 35
33 40
33 41
33 45
33 50
33 53
33 55
33 63
33 68
33 69
33 72
33 73
33 80
33 81
33 82
33 86
33 90
33 91
33 95
33 98
33 99
33 102
33 104
33 111
33 113
33 120
33 127
34 5
34 6
34 9
34 11
34 16
34 18
34 23
34 24
34 28
34 33
34 34
34 36
34 43
34 44
34 50
34 56
34 59
34 62
34 67
34 75
34 76
34 80
34 83
34 84
34 88
34 92
34 93
34 95
34 96
34 100
34 101
34 102
34 104
34 105
34 106
34 107
34 114
34 117
34 118
34 121
34 125
34 127
35 0
35 1
35 2
35 5
35 19
35 21
35 29
35 30
35 31
35 37
35 39
35 51
35 77
35 78
35 84
35 87
35 91
35 98
35 99
35 105
35 106
35 107
35 113
35 115
35 119
35 121
35 122
35 125
36 3
36 18
36 25
36 26
36 35
36 38
36 42
36 50
36 53
36 60
36 62
36 64
36 67
36 70
36 77
36 78
36 79
36 84
36 88
36 89
36 91
36 93
36 100
36 102
36 103
36 105
36 106
36 121
36 125
36 126
37 0
37 1
37 8
37 9
37 11
37 12
37 14
37 18
37 19
37 20
37 21
37 23
37 24
37 25
37 26
37 28
37 35
37 37
37 43
37 44
37 47
37 49
37 50
37 52
37 55
37 58
37 59
37 63
37 64
37 68
37 69
37 70
37 72
37 73
37 77
37 86
37 87
37 89
37 90
37 91
37 102
37 103
37 106
37 107
37 110
37 113
37 114
37 116
37 117
37 119
37 122
37 123
38 2
38 6
38 9
38 10
38 14
38 15
38 16
38 20
38 21
38 25
38 26
38 29
38 37
38 40
38 43
38 45
38 46
38 50
38 51
38 52
38 55
38 56
38 57
38 67
38 71
38 73
38 74
38 78
38 80
38 82
38 86
38 87
38 91
38 95
38 97
38 98
38 99
38 103
38 106
38 107
38 114
38 116
38 119
38 120
38 122
38 123
38 124
38 126
38 127
39 1
39 4
39 6
39 7
39 9
39 10
39 14
39 16
39 22
39 27
39 33
39 37
39 38
39 42
39 44
39 45
39 47
39 49
39 52
39 56
39 58
39 61
39 64
39 68
39 71
39 77
39 90
39 91
39 95
39 100
39 101
39 109
39 111
39 112
39 113
39 119
39 122
39 124
39 125
39 127
40 1
40 13
40 14
40 15
40 21
40 26
40 30
40 38
40 41
40 45
40 47
40 51
40 54
40 57
40 58
40 59
40 64
40 70
40 72
40 74
40 75
40 78
40 82
40 108
40 115
40 119
41 1
41 4
41 5
41 10
41 15
41 17
41 19
41 21
41 33
41 37
41 39
41 40
41 42
41 43
41 51
41 63
41 64
41 65
41 68
41 73
41 78
41 83
41 84
41 93
41 94
41 97
41 98
41 99
41 107
41 110
41 113
41 114
41 119
41 120
42 2
42 15
42 17
42 19
42 21
42 25
42 27
42 30
42 36
42 37
42 44
42 48
42 50
42 52
42 53
42 63
42 70
42 72
42 78
42 80
42 81
42 88
42 90
42 94
42 99
42 101
42 105
42 106
42 110
42 111
42 113
42 121
42 122
43 0
43 7
43 10
43 19
43 25
43 27
43 28
43 30
43 32
43 34
43 38
43 40
43 47
43 53
43 56
43 66
43 69
43 74
43 77
43 78
43 79
43 83
43 89
43 91
43 92
43 95
43 100
43 103
43 109
43 111
43 114
43 121
44 2
44 3
44 6
44 12
44 17
44 22
44 24
44 31
44 34
44 38
44 40
44 48
44 52
44 54
44 57
44 58
44 59
44 61
44 67
44 69
44 71
44 74
44 75
44 76
44 80
44 81
44 86
44 87
44 88
44 89
44 90
44 91
44 92
44 96
44 99
44 103
44 104
44 105
44 106
44 109
44 111
44 112
44 113
44 114
44 118
45 3
45 10
45 12
45 14
45 15
45 17
45 18
45 22
45 27
45 28
45 33
45 36
45 39
45 46
45 47
45 51
45 60
45 61
45 65
45 67
45 70
45 76
45 77
45 85
45 86
45 87
45 90
45 98
45 100
45 111
45 114
45 116
45 117
45 118
45 122
45 124
45 127
46 1
46 10
46 11
46 23
46 26
46 28
46 31
46 32
46 34
46 35
46 38
46 41
46 44
46 46
46 51
46 55
46 57
46 61
46 62
46 63
46 66
46 67
46 74
46 75
46 79
46 84
46 86
46 88
46 89
46 90
46 94
46 97
46 98
46 100
46 102
46 107
46 108
46 110
46 114
46 120
46 123
46 125
47 4
47 6
47 7
47 20
47 21
47 23
47 27
47 29
47 34
47 35
47 36
47 37
47 40
47 41
47 46
47 49
47 55
47 56
47 60
47 62
47 63
47 71
47 76
47 78
47 79
47 82
47 86
47 88
47 98
47 101
47 102
47 104
47 105
47 106
47 107
47 108
47 111
47 115
47 116
47 117
47 121
47 123
48 0
48 3
48 4
48 6
48 8
48 11
48 21
48 25
48 26
48 33
48 34
48 45
48 51
48 59
48 62
48 63
48 64
48 67
48 69
48 70
48 74
48 77
48 82
48 83
48 85
48 94
48 104
48 105
48 106
48 107
48 108
48 109
48 112
48 113
48 118
48 123
49 0
49 16
49 17
49 19
49 25
49 32
49 39
49 40
49 42
49 47
49 53
49 58
49 59
49 61
49 62
49 65
49 66
49 71
49 72
49 75
49 80
49 81
49 82
49 83
49 84
49 85
49 90
49 93
49 99
49 101
49 107
49 108
49 111
49 114
49 116
49 122
49 124
49 125
49 126
49 127
50 3
50 6
50 7
50 10
50 11
50 12
50 13
50 14
50 17
50 24
50 25
50 27
50 29
50 33
50 36
50 37
50 38
50 40
50 43
50 45
50 46
50 47
50 52
50 53
50 54
50 55
50 56
50 71
50 73
50 85
50 86
50 87
50 91
50 93
50 94
50 96
50 98
50 101
50 103
50 105
50 106
50 111
50 112
50 116
50 119
50 120
50 121
50 123
51 0
51 2
51 3
51 4
51 10
51 11
51 12
51 13
51 16
51 20
51 22
51 23
51 26
51 29
51 37
51 40
51 45
51 49
51 54
51 55
51 57
51 61
51 62
51 64
51 65
51 72
51 73
51 76
51 78
51 79
51 85
51 86
51 87
51 90
51 91
51 93
51 94
51 95
51 102
51 103
51 107
51 114
51 122
51 123
51 124
52 6
52 10
52 12
52 13
52 15
52 17
52 25
52 26
52 27
52 34
52 35
52 42
52 43
52 44
52 47
52 50
52 53
52 55
52 56
52 57
52 64
52 71
52 74
52 76
52 82
52 84
52 86
52 91
52 92
52 93
52 97
52 98
52 101
52 105
52 108
52 109
52 115
52 116
52 122
53 1
53 2
53 3
53 4
53 6
53 11
53 14
53 18
53 19
53 24
53 25
53 33
53 40
53 43
53 44
53 46
53 47
53 51
53 53
53 56
53 59
53 62
53 63
53 69
53 71
53 72
53 76
53 78
53 79
53 82
53 83
53 84
53 87
53 88
53 93
53 96
53 97
53 106
53 107
53 108
53 113
53 115
53 123
53 126
53 127
54 3
54 5
54 6
54 8
54 9
54 16
54 18
54 27
54 28
54 29
54 30
54 31
54 32
54 36
54 39
54 40
54 53
54 55
54 59
54 61
54 62
54 66
54 71
54 76
54 79
54 82
54 85
54 88
54 91
54 93
54 97
54 98
54 101
54 104
54 105
54 113
54 120
55 3
55 4
55 5
55 14
55 21
55 25
55 27
55 31
55 35
55 42
55 43
55 47
55 49
55 50
55 55
55 60
55 61
55 62
55 68
55 73
55 86
55 88
55 95
55 98
55 99
55 100
55 106
55 107
55 109
55 110
55 112
55 121
55 122
55 127
56 1
56 9
56 12
56 14
56 15
56 19
56 20
56 22
56 25
56 28
56 29
56 31
56 39
56 54
56 59
56 64
56 75
56 77
56 79
56 84
56 91
56 93
56 94
56 95
56 98
56 103
56 104
56 107
56 109
56 110
56 114
56 117
56 118
56 119
56 120
56 127
57 3
57 10
57 16
57 18
57 21
57 24
57 25
57 33
57 38
57 39
57 46
57 52
57 54
57 71
57 76
57 82
57 85
57 86
57 96
57 98
57 101
57 102
57 114
57 115
57 117
57 118
57 119
57 120
57 123
57 126
58 6
58 10
58 11
58 15
58 18
58 21
58 26
58 27
58 29
58 31
58 32
58 34
58 36
58 43
58 45
58 46
58 47
58 49
58 51
58 52
58 57
58 61
58 63
58 64
58 66
58 67
58 70
58 76
58 83
58 90
58 92
58 102
58 105
58 107
58 109
58 110
58 111
58 117
58 120
58 127
59 2
59 8
59 14
59 20
59 22
59 30
59 32
59 33
59 35
59 36
59 39
59 46
59 47
59 51
59 77
59 79
59 80
59 89
59 91
59 93
59 96
59 105
59 106
59 108
59 109
59 111
59 112
59 114
59 116
59 117
59 122
59 127
60 2
60 12
60 19
60 25
60 31
60 34
60 36
60 40
60 41
60 46
60 47
60 53
60 54
60 58
60 61
60 66
60 68
60 73
60 80
60 84
60 85
60 86
60 88
60 90
60 91
60 93
60 94
60 98
60 99
60 100
60 103
60 105
60 108
60 110
60 113
60 115
60 117
60 120
60 123
61 1
61 3
61 5
61 9
61 10
61 11
61 12
61 16
61 20
61 26
61 27
61 28
61 29
61 30
61 37
61 38
61 39
61 44
61 54
61 56
61 65
61 72
61 74
61 77
61 79
61 83
61 84
61 96
61 99
61 106
61 114
61 115
61 122
62 0
62 11
62 12
62 14
62 15
62 22
62 23
62 28
62 33
62 34
62 35
62 46
62 48
62 50
62 54
62 56
62 59
62 63
62 64
62 70
62 73
62 74
62 76
62 77
62 78
62 81
62 86
62 89
62 94
62 98
62 103
62 106
62 107
62 108
62 111
62 123
62 125
62 126
62 127
63 0
63 9
63 12
63 16
63 25
63 26
63 27
63 28
63 35
63 36
63 38
63 41
63 53
63 58
63 59
63 60
63 64
63 66
63 67
63 70
63 73
63 79
63 82
63 83
63 86
63 89
63 92
63 95
63 98
63 104
63 108
63 109
63 114
63 119
63 122
63 124
64 1
64 6
64 12
64 15
64 17
64 21
64 23
64 24
64 29
64 30
64 34
64 39
64 42
64 44
64 49
64 55
64 58
64 59
64 65
64 66
64 68
64 76
64 80
64 81
64 82
64 84
64 86
64 89
64 91
64 92
64 94
64 97
64 100
64 104
64 112
64 113
64 115
64 120
64 122
64 126
64 127
65 4
65 5
65 10
65 14
65 15
65 19
65 23
65 24
65 27
65 30
65 34
65 35
65 41
65 42
65 43
65 45
65 46
65 50
65 53
65 60
65 63
65 66
65 67
65 68
65 69
65 70
65 72
65 73
65 81
65 93
65 95
65 98
65 100
65 108
65 109
65 116
65 120
65 123
65 124
66 2
66 3
66 11
66 14
66 20
66 21
66 23
66 29
66 34
66 39
66 40
66 41
66 42
66 43
66 44
66 46
66 55
66 58
66 61
66 66
66 68
66 71
66 72
66 73
66 75
66 82
66 84
66 89
66 90
66 91
66 98
66 100
66 103
66 108
66 117
66 120
66 126
67 5
67 7
67 14
67 15
67 17
67 19
67 21
67 23
67 24
67 26
67 28
67 30
67 39
67 44
67 46
67 48
67 50
67 53
67 56
67 62
67 63
67 70
67 73
67 76
67 83
67 84
67 87
67 88
67 91
67 93
67 97
67 98
67 101
67 103
67 106
67 109
67 121
67 122
67 123
67 124
67 125
67 126
67 127
68 19
68 20
68 21
68 26
68 30
68 36
68 38
68 45
68 59
68 61
68 68
68 69
68 70
68 72
68 76
68 85
68 90
68 92
68 95
68 99
68 100
68 106
68 109
68 110
68 113
68 125
69 3
69 4
69 6
69 14
69 16
69 20
69 21
69 22
69 24
69 33
69 35
69 41
69 42
69 43
69 46
69 55
69 59
69 60
69 61
69 66
69 67
69 69
69 70
69 72
69 74
69 82
69 87
69 90
69 95
69 96
69 98
69 100
69 104
69 105
69 107
69 108
69 113
69 116
69 117
69 118
70 7
70 11
70 26
70 30
70 33
70 34
70 41
70 42
70 46
70 47
70 58
70 59
70 66
70 67
70 69
70 71
70 75
70 83
70 88
70 89
70 91
70 92
70 93
70 97
70 112
70 116
70 121
71 9
71 12
71 13
71 17
71 20
71 22
71 24
71 25
71 30
71 32
71 35
71 37
71 38
71 39
71 41
71 44
71 48
71 50
71 54
71 69
71 70
71 74
71 81
71 82
71 83
71 89
71 92
71 97
71 98
71 99
71 101
71 102
71 104
71 111
71 112
71 114
71 122
71 124
71 125
72 0
72 3
72 14
72 20
72 21
72 23
72 24
72 25
72 35
72 37
72 39
72 44
72 47
72 49
72 54
72 56
72 57
72 62
72 63
72 64
72 66
72 68
72 69
72 70
72 72
72 75
72 81
72 84
72 85
72 91
72 98
72 102
72 105
72 113
72 116
72 117
72 118
72 120
72 121
72 126
73 2
73 4
73 5
73 12
73 14
73 17
73 18
73 21
73 22
73 23
73 24
73 31
73 32
73 36
73 37
73 39
73 40
73 44
73 52
73 53
73 55
73 57
73 64
73 69
73 70
73 73
73 77
73 78
73 83
73 88
73 89
73 94
73 99
73 102
73 106
73 110
73 113
73 115
73 119
73 120
73 124
73 126
74 5
74 9
74 14
74 17
74 21
74 23
74 25
74 31
74 34
74 37
74 38
74 41
74 44
74 49
74 51
74 68
74 72
74 84
74 86
74 90
74 93
74 95
74 100
74 101
74 106
74 110
74 111
74 115
74 117
74 118
74 119
74 121
74 126
75 2
75 3
75 4
75 7
75 10
75 12
75 14
75 24
75 35
75 43
75 44
75 45
75 48
75 54
75 56
75 57
75 58
75 62
75 65
75 66
75 74
75 75
75 76
75 78
75 79
75 81
75 83
75 85
75 87
75 88
75 95
75 96
75 98
75 99
75 100
75 102
75 105
75 110
75 113
75 114
75 117
75 124
76 1
76 2
76 3
76 8
76 9
76 19
76 24
76 26
76 27
76 28
76 34
76 35
76 40
76 43
76 46
76 49
76 53
76 54
76 55
76 59
76 62
76 66
76 67
76 68
76 75
76 76
76 77
76 83
76 85
76 87
76 92
76 93
76 95
76 97
76 98
76 101
76 103
76 104
76 105
76 110
76 113
76 116
76 117
76 118
76 119
76 122
76 124
76 125
76 127
77 1
77 2
77 12
77 14
77 25
77 27
77 28
77 30
77 31
77 36
77 37
77 43
77 46
77 49
77 52
77 54
77 61
77 63
77 66
77 67
77 75
77 76
77 85
77 88
77 89
77 90
77 95
77 100
77 109
77 110
77 113
77 116
77 119
77 123
77 126
78 0
78 4
78 5
78 6
78 14
78 18
78 23
78 24
78 25
78 26
78 28
78 33
78 36
78 38
78 39
78 40
78 43
78 46
78 52
78 60
78 61
78 62
78 67
78 76
78 77
78 78
78 82
78 83
78 86
78 92
78 95
78 97
78 105
78 107
78 111
78 112
78 114
78 119
78 127
79 0
79 2
79 3
79 7
79 8
79 9
79 10
79 14
79 15
79 17
79 18
79 20
79 21
79 23
79 37
79 38
79 45
79 50
79 54
79 56
79 62
79 64
79 76
79 77
79 80
79 81
79 94
79 98
79 101
79 103
79 104
79 108
79 109
79 119
79 120
79 125
79 127
80 0
80 1
80 2
80 9
80 12
80 14
80 15
80 18
80 20
80 31
80 39
80 41
80 43
80 63
80 64
80 67
80 69
80 71
80 76
80 77
80 80
80 81
80 83
80 85
80 89
80 94
80 97
80 100
80 102
80 103
80 114
80 115
80 117
80 120
80 121
80 122
80 127
81 0
81 4
81 6
81 8
81 10
81 11
81 12
81 13
81 15
81 16
81 18
81 19
81 21
81 27
81 31
81 33
81 34
81 37
81 40
81 41
81 43
81 44
81 46
81 51
81 52
81 54
81 59
81 61
81 62
81 65
81 66
81 70
81 75
81 76
81 77
81 78
81 79
81 80
81 84
81 107
81 108
81 109
81 114
81 117
81 118
81 123
81 127
82 10
82 12
82 15
82 18
82 28
82 34
82 48
82 49
82 53
82 55
82 56
82 57
82 58
82 66
82 67
82 68
82 72
82 81
82 82
82 86
82 90
82 94
82 97
82 102
82 105
82 107
82 111
82 113
82 114
82 116
82 118
82 125
83 5
83 9
83 11
83 16
83 21
83 24
83 28
83 29
83 35
83 40
83 41
83 45
83 47
83 48
83 49
83 50
83 52
83 60
83 62
83 66
83 68
83 80
83 82
83 84
83 85
83 86
83 90
83 98
83 100
83 105
83 106
83 108
83 110
83 114
83 118
83 119
83 123
83 127
84 9
84 10
84 11
84 18
84 21
84 22
84 23
84 28
84 32
84 34
84 38
84 41
84 45
84 46
84 48
84 52
84 53
84 54
84 56
84 60
84 63
84 64
84 72
84 73
84 74
84 76
84 79
84 82
84 84
84 88
84 96
84 104
84 105
84 110
84 113
84 117
84 118
84 124
84 125
85 0
85 1
85 2
85 6
85 9
85 16
85 23
85 24
85 29
85 36
85 38
85 40
85 41
85 42
85 45
85 46
85 48
85 50
85 56
85 57
85 62
85 63
85 75
85 79
85 84
85 88
85 93
85 95
85 100
85 109
85 113
85 117
85 118
85 119
85 120
85 126
85 127
86 8
86 16
86 19
86 21
86 27
86 35
86 45
86 47
86 52
86 61
86 62
86 63
86 66
86 67
86 69
86 70
86 76
86 77
86 79
86 84
86 88
86 90
86 93
86 96
86 97
86 100
86 107
86 109
86 110
86 112
86 123
86 124
86 125
86 127
87 4
87 7
87 8
87 13
87 15
87 27
87 30
87 31
87 34
87 37
87 38
87 40
87 43
87 46
87 51
87 52
87 59
87 63
87 69
87 70
87 74
87 81
87 83
87 86
87 88
87 91
87 92
87 96
87 100
87 105
87 112
87 114
87 115
87 120
87 122
88 1
88 12
88 16
88 22
88 26
88 31
88 41
88 44
88 45
88 52
88 54
88 56
88 58
88 62
88 66
88 70
88 71
88 77
88 80
88 86
88 89
88 91
88 95
88 97
88 99
88 100
88 101
88 105
88 109
88 110
88 112
88 114
88 126
89 0
89 3
89 16
89 18
89 20
89 21
89 26
89 31
89 33
89 34
89 39
89 40
89 47
89 53
89 54
89 56
89 57
89 61
89 63
89 66
89 67
89 72
89 73
89 75
89 78
89 84
89 86
89 89
89 92
89 93
89 94
89 98
89 99
89 101
89 106
89 120
89 121
89 123
89 125
90 1
90 6
90 14
90 18
90 20
90 21
90 26
90 27
90 28
90 35
90 38
90 39
90 43
90 53
90 54
90 56
90 57
90 59
90 60
90 61
90 63
90 64
90 66
90 68
90 72
90 73
90 74
90 75
90 79
90 82
90 83
90 85
90 88
90 90
90 92
90 93
90 94
90 95
90 97
90 102
90 106
90 109
90 111
90 113
90 115
90 116
90 118
90 119
90 120
90 124
90 126
91 4
91 11
91 12
91 15
91 24
91 25
91 26
91 29
91 35
91 36
91 41
91 42
91 48
91 50
91 53
91 55
91 56
91 63
91 68
91 73
91 74
91 75
91 80
91 85
91 89
91 96
91 117
91 118
91 126
92 0
92 3
92 4
92 5
92 9
92 13
92 18
92 20
92 21
92 23
92 24
92 25
92 26
92 28
92 29
92 34
92 35
92 37
92 39
92 40
92 45
92 46
92 50
92 56
92 60
92 64
92 65
92 69
92 72
92 73
92 74
92 77
92 78
92 80
92 87
92 92
92 93
92 95
92 101
92 102
92 108
92 110
92 112
92 113
92 114
92 117
92 118
92 123
92 126
93 0
93 7
93 8
93 9
93 10
93 11
93 12
93 17
93 20
93 22
93 29
93 31
93 32
93 33
93 39
93 41
93 43
93 44
93 46
93 50
93 60
93 64
93 65
93 66
93 67
93 74
93 76
93 80
93 82
93 85
93 86
93 94
93 97
93 107
93 111
93 112
93 115
93 117
93 118
93 119
93 120
93 122
94 1
94 2
94 5
94 7
94 13
94 14
94 19
94 22
94 23
94 25
94 32
94 33
94 35
94 38
94 41
94 44
94 51
94 55
94 59
94 64
94 67
94 68
94 76
94 79
94 80
94 82
94 83
94 85
94 86
94 87
94 90
94 95
94 97
94 101
94 102
94 103
94 105
94 106
94 107
94 109
94 112
94 120
94 121
94 126
94 127
95 3
95 9
95 15
95 18
95 23
95 24
95 29
95 36
95 37
95 40
95 43
95 47
95 51
95 55
95 62
95 63
95 73
95 74
95 76
95 80
95 83
95 84
95 86
95 87
95 92
95 98
95 99
95 100
95 101
95 103
95 111
95 112
95 113
95 117
95 121
95 122
95 123
95 127
96 2
96 3
96 8
96 14
96 18
96 20
96 25
96 27
96 29
96 31
96 35
96 36
96 41
96 43
96 47
96 54
96 56
96 57
96 60
96 72
96 74
96 79
96 84
96 96
96 98
96 105
96 107
96 108
96 109
96 118
96 119
97 1
97 5
97 9
97 13
97 17
97 24
97 28
97 29
97 31
97 35
97 37
97 42
97 46
97 47
97 48
97 51
97 58
97 64
97 71
97 79
97 81
97 87
97 89
97 91
97 100
97 103
97 105
97 107
97 109
97 110
97 114
97 116
97 117
97 120
97 121
97 122
98 0
98 2
98 3
98 12
98 13
98 16
98 17
98 35
98 36
98 40
98 42
98 43
98 48
98 54
98 58
98 59
98 61
98 68
98 69
98 71
98 73
98 78
98 81
98 85
98 86
98 89
98 92
98 93
98 96
98 97
98 108
98 111
98 115
98 122
99 0
99 5
99 6
99 8
99 9
99 12
99 20
99 21
99 22
99 29
99 30
99 35
99 36
99 38
99 40
99 49
99 55
99 56
99 63
99 66
99 70
99 72
99 73
99 79
99 93
99 95
99 97
99 101
99 103
99 106
99 108
99 110
99 112
99 119
99 121
99 124
100 0
100 1
100 4
100 7
100 14
100 21
100 23
100 24
100 26
100 30
100 38
100 42
100 43
100 44
100 46
100 49
100 50
100 53
100 54
100 55
100 57
100 61
100 65
100 68
100 69
100 72
100 77
100 78
100 86
100 87
100 89
100 91
100 94
100 100
100 109
100 117
100 118
100 119
100 120
100 124
101 1
101 2
101 5
101 6
101 7
101 12
101 16
101 18
101 20
101 26
101 27
101 28
101 31
101 33
101 36
101 38
101 42
101 45
101 46
101 47
101 48
101 52
101 59
101 64
101 67
101 70
101 75
101 80
101 87
101 97
101 98
101 103
101 104
101 105
101 106
101 108
101 114
101 117
101 118
101 119
101 121
101 122
101 125
102 4
102 5
102 7
102 9
102 17
102 18
102 19
102 23
102 29
102 30
102 31
102 33
102 39
102 44
102 54
102 56
102 63
102 65
102 74
102 77
102 83
102 87
102 88
102 89
102 90
102 96
102 102
102 105
102 110
102 113
102 118
102 121
102 127
103 4
103 5
103 10
103 14
103 16
103 17
103 18
103 19
103 23
103 26
103 34
103 37
103 43
103 45
103 46
103 49
103 57
103 60
103 68
103 71
103 73
103 75
103 77
103 79
103 85
103 88
103 89
103 90
103 91
103 93
103 98
103 99
103 102
103 103
103 109
103 111
103 113
103 116
103 125
104 3
104 5
104 11
104 16
104 19
104 20
104 23
104 30
104 32
104 33
104 35
104 36
104 38
104 39
104 41
104 43
104 49
104 55
104 59
104 60
104 64
104 65
104 69
104 70
104 74
104 75
104 82
104 84
104 85
104 87
104 88
104 91
104 92
104 95
104 96
104 105
104 110
104 112
104 114
104 115
104 117
104 118
104 121
104 122
104 123
105 0
105 4
105 5
105 10
105 19
105 23
105 25
105 36
105 40
105 41
105 45
105 46
105 47
105 48
105 51
105 52
105 62
105 64
105 67
105 68
105 70
105 73
105 74
105 75
105 77
105 82
105 84
105 86
105 87
105 88
105 89
105 91
105 98
105 101
105 104
105 107
105 108
105 111
105 113
105 115
105 116
105 118
105 120
105 126
106 6
106 7
106 8
106 10
106 13
106 14
106 19
106 22
106 23
106 26
106 31
106 32
106 43
106 46
106 47
106 49
106 56
106 63
106 72
106 75
106 78
106 82
106 85
106 86
106 89
106 90
106 91
106 92
106 96
106 97
106 99
106 101
106 114
106 115
106 120
106 126
107 1
107 2
107 7
107 8
107 10
107 19
107 20
107 22
107 30
107 36
107 41
107 42
107 47
107 51
107 58
107 64
107 66
107 68
107 69
107 74
107 76
107 78
107 80
107 87
107 88
107 95
107 97
107 100
107 102
107 108
107 112
107 117
107 120
107 123
107 126
108 2
108 3
108 8
108 10
108 14
108 15
108 19
108 24
108 32
108 34
108 35
108 37
108 39
108 41
108 42
108 53
108 54
108 58
108 61
108 64
108 65
108 66
108 69
108 73
108 81
108 83
108 85
108 87
108 88
108 91
108 92
108 95
108 98
108 99
108 100
108 103
108 109
108 111
108 112
108 113
108 117
108 125
108 126
108 127
109 2
109 7
109 9
109 10
109 11
109 14
109 16
109 23
109 24
109 26
109 29
109 34
109 36
109 41
109 43
109 47
109 48
109 54
109 60
109 61
109 64
109 65
109 68
109 73
109 74
109 75
109 76
109 77
109 81
109 86
109 87
109 88
109 89
109 90
109 93
109 103
109 105
109 106
109 115
109 116
109 123
109 124
110 2
110 3
110 5
110 8
110 16
110 17
110 20
110 22
110 23
110 25
110 28
110 34
110 38
110 41
110 42
110 43
110 47
110 50
110 53
110 58
110 63
110 66
110 67
110 72
110 74
110 76
110 78
110 79
110 81
110 82
110 92
110 102
110 103
110 104
110 107
110 110
110 112
110 113
110 120
110 125
111 0
111 5
111 6
111 8
111 9
111 14
111 24
111 29
111 41
111 42
111 46
111 48
111 63
111 67
111 72
111 77
111 82
111 83
111 88
111 99
111 100
111 103
111 105
111 111
111 116
111 117
111 119
111 125
111 126
112 0
112 2
112 3
112 6
112 10
112 12
112 25
112 29
112 31
112 33
112 34
112 37
112 43
112 45
112 48
112 50
112 52
112 61
112 62
112 65
112 69
112 73
112 80
112 83
112 86
112 89
112 90
112 93
112 94
112 101
112 103
112 114
112 116
112 118
112 121
113 0
113 2
113 5
113 7
113 10
113 12
113 24
113 26
113 33
113 34
113 35
113 37
113 38
113 41
113 44
113 46
113 51
113 53
113 58
113 59
113 64
113 74
113 75
113 80
113 81
113 88
113 91
113 94
113 100
113 101
113 107
113 108
113 110
113 113
113 115
113 121
114 11
114 15
114 24
114 33
114 35
114 37
114 39
114 42
114 43
114 49
114 58
114 61
114 77
114 78
114 83
114 87
114 91
114 97
114 99
114 101
114 104
114 105
114 106
114 107
114 109
114 115
114 120
114 125
115 2
115 7
115 11
115 14
115 15
115 19
115 23
115 27
115 28
115 30
115 42
115 44
115 52
115 54
115 55
115 58
115 59
115 68
115 69
115 71
115 74
115 75
115 77
115 79
115 82
115 87
115 89
115 94
115 97
115 101
115 102
115 109
115 113
115 114
115 117
115 120
115 122
116 1
116 3
116 4
116 5
116 9
116 10
116 11
116 13
116 16
116 17
116 18
116 25
116 27
116 29
116 37
116 39
116 40
116 41
116 42
116 43
116 44
116 50
116 56
116 59
116 63
116 65
116 67
116 72
116 73
116 74
116 78
116 80
116 82
116 89
116 90
116 93
116 100
116 102
116 107
116 113
116 115
116 117
116 118
116 120
117 2
117 6
117 9
117 14
117 15
117 16
117 18
117 19
117 22
117 30
117 32
117 33
117 35
117 43
117 44
117 66
117 67
117 70
117 72
117 75
117 81
117 82
117 85
117 88
117 91
117 93
117 94
117 97
117 98
117 102
117 109
117 111
117 117
117 121
117 124
117 127
118 11
118 14
118 19
118 21
118 29
118 33
118 37
118 38
118 40
118 49
118 52
118 53
118 54
118 55
118 56
118 62
118 65
118 66
118 69
118 71
118 74
118 75
118 78
118 82
118 93
118 97
118 101
118 109
118 111
118 115
118 116
118 120
119 0
119 7
119 9
119 13
119 15
119 21
119 24
119 27
119 31
119 33
119 34
119 36
119 37
119 38
119 43
119 47
119 53
119 62
119 64
119 66
119 73
119 78
119 79
119 80
119 83
119 86
119 87
119 89
119 90
119 91
119 95
119 96
119 99
119 101
119 102
119 103
119 107
119 108
119 120
119 122
119 125
119 126
119 127
120 0
120 5
120 9
120 11
120 13
120 14
120 15
120 20
120 23
120 24
120 37
120 45
120 48
120 53
120 55
120 57
120 60
120 61
120 66
120 67
120 71
120 84
120 87
120 97
120 100
120 105
120 108
120 115
120 119
120 120
120 121
120 122
120 125
120 127
121 0
121 4
121 7
121 11
121 14
121 22
121 28
121 29
121 31
121 34
121 39
121 41
121 43
121 47
121 50
121 60
121 62
121 67
121 68
121 73
121 81
121 83
121 85
121 86
121 89
121 90
121 92
121 96
121 98
121 102
121 107
121 113
121 124
121 125
121 126
122 4
122 7
122 17
122 19
122 20
122 21
122 25
122 29
122 30
122 37
122 38
122 41
122 44
122 54
122 73
122 74
122 76
122 79
122 80
122 81
122 86
122 93
122 95
122 98
122 99
122 100
122 110
122 120
122 121
122 125
122 126
122 127
123 6
123 8
123 11
123 16
123 18
123 20
123 23
123 26
123 27
123 28
123 29
123 31
123 33
123 34
123 38
123 42
123 43
123 45
123 46
123 52
123 53
123 55
123 58
123 61
123 64
123 65
123 67
123 69
123 71
123 72
123 74
123 75
123 78
123 80
123 84
123 89
123 90
123 92
123 93
123 94
123 101
123 105
123 106
123 110
123 111
123 112
123 114
123 120
123 123
124 1
124 5
124 7
124 10
124 12
124 15
124 17
124 20
124 25
124 37
124 43
124 48
124 50
124 51
124 52
124 54
124 56
124 66
124 67
124 73
124 79
124 81
124 85
124 86
124 87
124 89
124 93
124 100
124 104
124 106
124 107
124 108
124 113
124 119
124 120
124 126
124 127
125 0
125 1
125 5
125 9
125 10
125 12
125 13
125 14
125 17
125 19
125 20
125 21
125 24
125 25
125 29
125 30
125 31
125 33
125 35
125 39
125 42
125 49
125 50
125 55
125 57
125 61
125 65
125 69
125 74
125 80
125 82
125 83
125 85
125 90
125 92
125 96
125 101
125 105
125 112
125 114
125 115
125 116
125 118
125 121
125 123
125 124
125 125
125 126
126 0
126 2
126 6
126 7
126 8
126 9
126 27
126 29
126 31
126 33
126 34
126 35
126 39
126 42
126 51
126 57
126 59
126 61
126 62
126 65
126 67
126 69
126 73
126 74
126 75
126 77
126 80
126 81
126 83
126 84
126 86
126 87
126 89
126 91
126 93
126 94
126 101
126 104
126 106
126 108
126 109
126 120
126 123
126 124
127 10
127 13
127 18
127 21
127 28
127 29
127 30
127 33
127 36
127 41
127 42
127 43
127 46
127 47
127 51
127 53
127 54
127 55
127 62
127 65
127 71
127 72
127 73
127 77
127 91
127 92
127 94
127 95
127 100
127 103
127 108
127 109
127 110
127 115
127 116
127 125
127 127
