0 17
1 27
1 32
1 68
1 87
1 92
1 103
1 123
2 27
2 52
3 18
3 51
4 63
4 78
4 106
4 118
5 39
6 10
6 64
6 103
6 108
7 22
7 43
7 72
7 73
7 104
7 117
8 42
8 65
8 66
8 107
8 115
9 50
10 4
10 60
10 81
10 106
11 62
12 5
12 6
12 33
12 99
13 18
13 24
13 26
13 82
13 86
13 121
14 6
14 72
14 84
14 86
14 97
14 98
14 116
14 126
15 29
15 59
15 118
15 121
16 7
16 16
17 16
17 108
18 7
18 22
18 72
19 3
19 25
19 78
19 85
19 102
19 103
20 41
21 22
21 34
21 50
21 102
22 25
22 47
22 75
22 98
23 42
23 116
24 29
24 72
24 122
25 19
25 28
25 74
25 94
26 31
26 55
26 94
26 99
26 126
27 102
28 85
28 87
28 97
29 22
30 7
30 25
30 94
30 124
31 31
31 114
32 73
32 85
32 122
33 2
34 51
34 95
34 103
34 123
35 36
36 10
36 53
36 70
36 76
36 88
36 93
37 39
37 59
37 64
37 88
37 95
37 108
38 49
38 87
38 116
39 7
39 14
39 25
39 112
39 119
41 31
41 58
41 121
41 123
42 19
42 77
42 81
43 43
43 57
43 72
43 75
43 121
44 9
44 125
44 127
46 32
46 36
46 86
46 105
46 109
46 126
47 61
47 81
47 124
48 5
48 20
48 55
48 100
49 16
49 19
49 25
49 28
49 61
49 80
49 83
50 25
50 40
50 57
50 67
50 88
50 109
51 25
51 53
51 81
51 86
52 56
52 117
52 123
53 37
53 41
53 51
53 85
53 87
53 91
53 111
54 81
54 97
54 109
55 17
55 25
55 40
55 71
55 107
56 19
56 118
56 120
57 54
57 79
57 87
57 91
57 93
57 121
58 8
58 9
58 50
58 112
59 54
60 0
60 31
60 71
60 83
60 92
61 14
61 41
61 42
61 50
61 93
62 89
62 112
63 51
63 54
63 55
64 60
64 77
64 118
65 16
65 19
65 57
66 37
66 53
66 86
66 126
67 28
67 34
67 48
67 52
67 80
67 105
68 18
68 116
70 7
70 26
70 44
70 79
70 83
70 114
71 28
71 72
71 80
72 83
72 101
72 112
73 2
73 10
73 27
73 39
74 10
74 17
74 26
74 43
74 47
75 124
75 125
76 18
76 38
77 2
77 26
77 47
77 105
78 2
78 51
78 71
78 87
79 67
79 82
79 89
79 105
79 118
79 121
80 18
80 58
81 4
81 5
81 36
81 42
81 74
81 83
81 86
81 126
82 17
82 51
82 91
82 101
82 102
83 24
83 28
83 45
83 92
83 95
83 96
84 34
84 49
84 67
84 100
84 119
85 36
85 37
85 53
85 63
85 108
86 2
86 7
86 65
86 112
86 127
87 34
87 45
87 48
88 48
88 124
89 33
89 66
89 71
89 101
89 103
89 119
90 4
90 27
90 63
90 76
90 113
91 36
91 65
91 80
91 92
91 97
91 120
91 124
92 57
92 63
92 80
92 90
93 16
93 18
93 19
93 116
94 1
94 37
94 64
94 66
94 103
94 124
95 24
95 120
96 2
96 37
96 69
97 20
97 79
97 102
97 111
98 18
98 109
99 3
99 20
99 28
99 80
99 95
99 100
99 106
100 34
100 36
100 41
100 50
100 56
100 98
100 101
101 44
101 81
101 104
102 1
102 15
102 16
102 26
102 31
102 37
102 56
102 66
102 77
103 10
103 23
103 26
103 28
103 31
103 100
103 124
103 126
104 7
104 70
104 85
104 102
105 53
105 73
105 118
106 33
106 35
106 55
106 110
106 115
107 16
107 28
107 48
107 62
107 84
107 124
108 18
108 19
108 85
108 124
109 105
110 31
110 38
110 54
110 82
111 4
111 57
112 1
112 18
112 71
112 122
113 5
113 70
113 77
113 79
114 11
114 16
114 18
114 41
114 42
114 54
114 111
115 43
115 56
115 100
115 125
116 15
116 39
116 74
116 92
116 109
117 18
117 27
117 67
117 92
117 121
118 37
118 73
118 75
118 84
118 97
119 62
119 124
120 5
120 31
120 42
120 48
120 79
121 23
121 37
121 100
121 104
122 8
122 87
122 103
122 113
122 116
122 122
122 127
123 15
123 23
123 40
123 113
124 1
124 23
124 66
124 81
124 86
124 120
125 3
125 58
126 38
126 69
126 111
127 54
