0 10
0 18
0 25
0 33
0 38
0 45
0 49
0 51
0 72
0 73
0 75
0 88
0 93
0 106
0 119
0 121
1 12
1 17
1 20
1 24
1 37
1 47
1 53
1 55
1 77
1 87
1 106
1 109
1 122
1 123
2 2
2 20
2 30
2 52
2 57
2 73
2 75
2 76
2 79
2 87
2 97
3 6
3 24
3 31
3 33
3 58
3 74
3 107
3 110
4 15
4 21
4 22
4 25
4 32
4 38
4 61
4 70
4 82
4 92
4 103
4 106
4 109
4 120
5 7
5 32
5 43
5 47
5 52
5 53
5 77
5 85
5 91
5 102
5 107
5 126
6 12
6 15
6 29
6 54
6 70
6 111
7 6
7 49
7 63
7 74
7 82
7 103
7 105
7 119
7 127
8 3
8 5
8 19
8 28
8 29
8 40
8 73
8 74
9 17
9 25
9 29
9 41
9 49
9 57
9 77
9 90
9 99
9 116
10 4
10 6
10 7
10 21
10 33
10 45
10 61
10 65
10 67
10 89
10 90
10 93
10 117
10 124
11 2
11 23
11 26
11 30
11 31
11 62
11 68
11 70
11 87
11 102
11 103
11 105
11 116
11 124
12 9
12 37
12 39
12 60
13 47
13 50
13 64
13 97
13 98
13 106
13 116
13 117
14 3
14 17
14 51
14 61
14 69
14 94
14 112
14 113
14 116
14 126
15 16
15 22
15 27
15 38
15 42
15 43
15 52
15 60
15 66
15 76
15 82
15 84
15 90
15 91
15 98
15 99
15 101
15 110
15 112
15 125
16 10
16 11
16 15
16 27
16 32
16 50
16 52
16 62
16 63
16 74
16 102
16 107
16 111
17 4
17 12
17 17
17 22
17 23
17 33
17 36
17 42
17 55
17 69
17 78
17 82
17 84
17 92
17 93
17 94
17 96
17 102
17 112
17 115
17 116
17 120
17 126
17 127
18 14
18 26
18 28
18 50
18 53
18 56
18 66
18 69
18 72
18 77
18 82
18 87
18 111
18 119
19 3
19 5
19 7
19 17
19 30
19 44
19 90
19 105
19 110
19 117
20 12
20 31
20 37
20 41
20 64
20 73
20 98
20 101
20 107
20 110
21 3
21 4
21 10
21 11
21 37
21 41
21 54
21 59
21 63
21 65
21 68
21 91
21 92
21 104
21 124
22 3
22 19
22 25
22 33
22 47
22 56
22 62
22 69
22 78
22 84
22 89
22 95
22 97
22 102
22 107
22 121
22 126
23 8
23 13
23 15
23 22
23 29
23 39
23 40
23 49
23 54
23 56
23 90
23 96
23 98
23 100
23 125
23 127
24 0
24 6
24 27
24 35
24 40
24 55
24 68
24 71
24 86
24 93
24 96
24 117
25 2
25 8
25 23
25 48
25 50
25 51
25 69
25 74
25 78
25 79
25 80
25 84
25 85
25 90
25 106
25 107
25 110
26 2
26 5
26 6
26 7
26 15
26 16
26 19
26 22
26 53
26 61
26 66
26 74
26 77
26 88
26 106
26 113
26 117
26 118
27 4
27 17
27 39
27 50
27 62
27 65
27 79
27 84
27 91
27 102
27 108
27 126
28 1
28 22
28 67
28 101
28 102
28 116
29 11
29 34
29 41
29 52
29 53
29 57
29 69
29 70
29 76
29 78
29 79
29 111
29 116
29 121
30 14
30 15
30 20
30 43
30 46
30 52
30 57
30 68
30 69
30 102
30 111
30 116
30 123
31 1
31 12
31 17
31 39
31 50
31 66
31 75
31 80
31 87
31 89
31 90
31 93
31 100
31 110
31 114
31 118
32 6
32 10
32 27
32 44
32 48
32 54
32 56
32 66
32 75
32 93
32 100
32 102
32 103
32 115
32 122
33 1
33 4
33 6
33 40
33 41
33 42
33 43
33 47
33 60
33 63
33 64
33 70
33 77
33 84
33 85
33 89
33 107
33 108
33 109
34 2
34 6
34 22
34 34
34 50
34 51
34 65
34 70
34 71
34 82
34 94
34 97
34 107
34 114
34 116
35 1
35 11
35 16
35 17
35 22
35 25
35 34
35 53
35 56
35 65
35 86
35 92
35 97
35 110
35 112
35 123
36 3
36 4
36 21
36 24
36 38
36 40
36 47
36 52
36 54
36 65
36 67
36 70
36 83
36 84
36 87
36 102
37 2
37 10
37 37
37 57
37 68
37 79
37 82
37 108
37 114
37 118
37 124
37 125
38 1
38 2
38 9
38 10
38 47
38 57
38 59
38 60
38 71
38 72
38 81
38 83
38 84
38 91
38 109
38 114
38 122
39 2
39 35
39 47
39 68
39 72
39 91
39 93
39 103
39 107
39 111
39 116
39 117
39 118
40 7
40 12
40 34
40 41
40 47
40 48
40 49
40 55
40 77
40 84
40 87
40 113
40 119
40 122
41 0
41 2
41 16
41 20
41 24
41 40
41 61
41 64
41 73
41 90
41 100
41 113
41 114
41 123
42 24
42 25
42 34
42 51
42 55
42 56
42 62
42 73
42 77
42 103
42 118
43 28
43 40
43 45
43 58
43 59
43 71
43 73
43 82
43 87
43 92
43 115
43 116
44 15
44 22
44 31
44 54
44 66
44 76
44 103
44 106
44 118
44 127
45 12
45 33
45 52
45 76
45 78
45 88
45 108
45 114
46 29
46 37
46 69
46 85
46 96
46 100
46 110
47 23
47 32
47 38
47 41
47 53
47 58
47 62
47 72
47 76
47 86
47 100
47 118
48 7
48 26
48 31
48 33
48 81
48 90
48 103
48 120
48 127
49 4
49 7
49 15
49 76
49 87
49 101
49 104
49 106
49 112
49 116
49 120
50 5
50 9
50 20
50 72
50 112
50 114
50 123
51 4
51 18
51 28
51 29
51 37
51 59
51 64
51 65
51 71
51 75
51 76
51 80
51 82
51 84
51 86
51 91
52 6
52 22
52 45
52 54
52 63
52 90
52 104
52 107
52 119
52 125
53 4
53 21
53 39
53 53
53 68
53 124
54 2
54 9
54 10
54 44
54 50
54 63
54 67
54 76
54 84
54 92
54 96
54 107
54 108
54 109
54 125
55 15
55 19
55 30
55 38
55 43
55 44
55 50
55 51
55 60
55 65
55 89
55 90
55 101
55 105
55 113
55 114
56 3
56 11
56 16
56 34
56 67
56 86
56 93
56 112
56 126
56 127
57 2
57 6
57 26
57 30
57 38
57 40
57 48
57 51
57 56
57 60
57 63
57 64
57 72
57 88
57 116
57 120
58 31
58 39
58 41
58 50
58 60
58 77
58 80
58 81
58 94
58 110
58 116
59 3
59 28
59 35
59 39
59 47
59 59
59 75
59 77
59 82
59 101
59 107
59 119
59 124
60 0
60 2
60 3
60 9
60 11
60 22
60 28
60 32
60 39
60 47
60 57
60 72
60 98
60 107
61 3
61 11
61 34
61 42
61 49
61 57
61 74
61 76
61 93
61 95
61 112
61 120
61 121
61 126
62 16
62 20
62 25
62 33
62 49
62 86
62 93
62 96
62 104
62 110
62 121
63 0
63 2
63 3
63 13
63 29
63 37
63 73
63 93
63 102
64 19
64 28
64 38
64 53
64 57
64 64
64 66
64 88
64 96
64 100
64 111
64 125
65 61
65 95
65 96
65 102
65 106
65 116
66 0
66 4
66 6
66 22
66 37
66 61
66 73
66 80
66 91
66 104
66 108
66 114
66 117
66 123
67 3
67 26
67 27
67 61
67 62
67 97
67 99
67 105
67 119
67 120
68 3
68 36
68 38
68 53
68 88
68 90
68 105
68 111
69 15
69 19
69 30
69 38
69 49
69 53
69 64
69 65
69 90
69 95
69 97
69 107
69 114
69 127
70 1
70 5
70 20
70 22
70 25
70 26
70 34
70 55
70 57
70 63
70 66
70 71
70 111
70 116
71 5
71 12
71 28
71 34
71 39
71 41
71 53
71 56
71 83
71 95
71 105
71 114
71 117
71 123
72 9
72 70
72 71
72 72
72 78
72 87
72 114
72 115
72 119
73 17
73 25
73 61
73 72
73 89
73 93
73 94
73 121
74 6
74 33
74 36
74 39
74 41
74 66
74 80
74 81
74 88
75 3
75 6
75 7
75 24
75 28
75 64
75 78
75 84
75 96
75 104
75 121
76 1
76 11
76 39
76 42
76 45
76 46
76 47
76 49
76 56
76 59
76 60
76 61
76 63
76 64
76 74
76 75
76 78
76 79
76 80
76 85
76 89
76 97
76 101
76 110
76 122
77 12
77 33
77 36
77 54
77 60
77 66
77 87
77 98
77 106
77 109
77 116
78 10
78 25
78 30
78 59
78 72
78 78
78 108
78 112
79 4
79 7
79 23
79 33
79 39
79 59
79 74
79 79
79 81
79 85
79 88
79 97
79 102
79 107
79 112
80 0
80 13
80 15
80 18
80 26
80 36
80 53
80 60
80 63
80 85
80 88
80 90
80 126
81 14
81 17
81 31
81 32
81 39
81 41
81 65
81 74
81 79
81 80
81 102
81 107
81 108
81 122
82 3
82 7
82 10
82 19
82 27
82 35
82 36
82 49
82 70
82 71
82 83
82 93
82 101
82 112
82 113
82 114
82 125
82 126
83 1
83 11
83 27
83 37
83 42
83 46
83 51
83 61
83 83
83 90
83 95
83 97
83 110
83 115
83 118
84 11
84 28
84 30
84 39
84 41
84 42
84 50
84 51
84 57
84 60
84 69
84 73
84 78
84 83
84 89
84 95
84 114
84 118
84 125
85 11
85 34
85 48
85 53
85 57
85 61
85 71
85 79
85 91
85 106
86 11
86 18
86 20
86 46
86 50
86 79
86 91
86 92
86 116
86 119
86 120
87 1
87 9
87 10
87 16
87 21
87 22
87 30
87 33
87 34
87 41
87 43
87 49
87 60
87 82
87 88
87 100
87 127
88 9
88 14
88 57
88 68
88 85
88 93
88 96
88 103
88 109
88 114
89 18
89 29
89 48
89 59
89 66
89 79
89 85
89 87
89 90
89 94
89 110
89 113
89 119
89 121
90 3
90 6
90 8
90 15
90 24
90 42
90 61
90 73
90 74
90 97
91 8
91 32
91 33
91 39
91 40
91 63
91 65
91 70
91 74
91 78
91 89
92 17
92 23
92 26
92 32
92 49
92 61
92 69
92 104
92 109
92 110
92 126
93 3
93 4
93 50
93 69
93 83
93 84
93 85
93 99
93 102
93 110
93 112
93 114
93 116
93 120
93 123
94 3
94 4
94 31
94 32
94 47
94 55
94 64
94 76
94 98
94 107
94 112
94 118
95 0
95 3
95 6
95 9
95 25
95 43
95 46
95 55
95 60
95 68
95 72
95 73
95 80
95 102
95 106
95 120
96 10
96 25
96 26
96 33
96 73
96 90
96 103
96 109
96 115
97 1
97 4
97 14
97 22
97 39
97 42
97 43
97 54
97 78
97 82
97 104
97 120
97 126
97 127
98 3
98 6
98 17
98 26
98 33
98 52
98 58
98 83
98 92
98 96
98 112
98 126
98 127
99 12
99 23
99 32
99 33
99 49
99 51
99 69
99 80
99 87
99 95
99 115
99 117
99 118
99 123
99 126
100 13
100 14
100 16
100 22
100 25
100 32
100 69
100 76
100 93
100 102
100 104
100 106
100 123
100 126
101 3
101 16
101 24
101 36
101 40
101 46
101 47
101 70
101 71
101 76
101 86
101 87
101 89
101 93
101 96
101 98
101 100
101 101
101 127
102 8
102 9
102 18
102 20
102 23
102 35
102 36
102 49
102 55
102 57
102 61
102 75
102 84
102 85
102 88
102 117
103 8
103 25
103 26
103 38
103 47
103 56
103 75
103 76
103 88
103 92
103 109
103 110
103 113
103 118
103 123
104 1
104 17
104 37
104 52
104 60
104 67
104 78
104 81
104 92
104 102
105 10
105 13
105 33
105 46
105 48
105 81
105 113
105 120
105 124
105 127
106 3
106 8
106 12
106 38
106 49
106 50
106 78
106 89
106 101
106 113
106 120
107 4
107 8
107 21
107 30
107 38
107 47
107 57
107 72
107 80
107 81
107 92
107 93
107 101
107 110
107 111
108 19
108 22
108 32
108 39
108 41
108 44
108 48
108 63
108 66
108 84
108 90
108 103
108 105
108 114
108 119
109 0
109 20
109 30
109 31
109 36
109 37
109 49
109 53
109 75
109 87
109 98
109 100
109 112
109 123
110 17
110 23
110 27
110 34
110 37
110 46
110 55
110 58
110 65
110 67
110 68
110 76
110 82
110 101
110 104
110 123
111 6
111 7
111 13
111 18
111 22
111 27
111 33
111 42
111 53
111 74
111 78
111 88
111 103
112 6
112 37
112 43
112 55
112 58
112 63
112 76
112 93
112 98
112 123
113 3
113 17
113 27
113 29
113 44
113 45
113 47
113 56
113 57
113 63
113 64
113 66
113 71
113 110
113 120
113 124
114 6
114 13
114 16
114 57
114 64
114 70
114 73
114 76
114 94
114 107
115 0
115 1
115 2
115 6
115 34
115 39
115 49
115 77
115 83
115 112
115 113
115 115
115 116
115 117
115 119
115 127
116 5
116 15
116 26
116 39
116 53
116 62
116 69
116 71
116 72
116 78
116 80
116 88
116 102
116 105
116 111
116 118
116 120
117 0
117 10
117 12
117 15
117 31
117 34
117 48
117 52
117 77
117 91
117 97
117 100
118 24
118 25
118 31
118 42
118 45
118 53
118 61
118 80
118 81
118 85
118 88
118 97
118 123
119 5
119 19
119 28
119 42
119 51
119 53
119 58
119 68
119 94
119 96
119 99
119 108
119 117
119 122
120 7
120 23
120 30
120 38
120 54
120 60
120 89
120 90
120 96
120 100
120 107
120 108
120 109
120 110
121 4
121 17
121 22
121 27
121 43
121 56
121 65
121 84
121 88
121 94
121 109
121 126
122 20
122 28
122 36
122 52
122 75
122 96
122 98
122 106
122 111
123 2
123 18
123 22
123 27
123 28
123 45
123 62
123 96
123 99
123 111
123 123
124 7
124 28
124 36
124 42
124 58
124 60
124 67
124 70
124 75
124 76
124 78
124 80
124 86
124 94
124 115
124 116
124 119
124 120
125 13
125 28
125 45
125 52
125 63
125 77
125 85
125 94
125 100
125 117
125 123
126 7
126 9
126 11
126 22
126 37
126 42
126 44
126 55
126 61
126 77
126 80
126 83
126 102
126 110
126 113
126 116
127 17
127 23
127 48
127 56
127 60
127 67
127 83
127 88
127 92
127 93
127 107
127 127
