0 9
0 15
0 16
0 20
0 22
0 54
0 77
0 84
0 85
0 86
0 94
0 111
0 113
0 114
0 117
1 0
1 1
1 2
1 7
1 10
1 19
1 21
1 24
1 39
1 40
1 53
1 85
1 89
1 96
1 99
1 102
1 108
1 124
1 125
2 5
2 24
2 25
2 29
2 39
2 46
2 50
2 51
2 58
2 59
2 65
2 68
2 76
2 77
2 101
2 102
2 105
2 107
2 118
2 122
2 125
3 9
3 18
3 19
3 27
3 41
3 42
3 44
3 53
3 56
3 58
3 60
3 61
3 72
3 82
3 88
3 96
3 101
3 103
3 107
3 110
3 114
3 115
3 122
3 123
3 126
4 6
4 37
4 44
4 60
4 62
4 65
4 75
4 84
4 85
4 86
4 97
4 104
4 109
4 122
4 125
5 21
5 48
5 51
5 52
5 72
5 85
5 86
5 87
5 89
5 105
5 106
5 110
5 113
5 114
5 119
5 121
6 19
6 34
6 36
6 38
6 45
6 55
6 57
6 70
6 74
6 80
6 83
6 85
6 86
6 87
6 111
6 113
6 125
7 4
7 13
7 29
7 33
7 34
7 35
7 42
7 48
7 58
7 60
7 76
7 92
7 94
7 99
7 107
7 113
7 116
7 120
8 0
8 1
8 13
8 15
8 17
8 21
8 23
8 24
8 48
8 49
8 59
8 64
8 95
8 103
8 107
8 118
8 127
9 6
9 14
9 25
9 32
9 40
9 42
9 71
9 76
9 85
9 86
9 95
9 97
9 107
9 110
9 114
9 116
9 121
9 122
9 124
9 126
9 127
10 1
10 10
10 26
10 33
10 34
10 40
10 42
10 43
10 45
10 53
10 55
10 57
10 62
10 64
10 66
10 74
10 83
10 89
10 97
10 102
10 110
10 115
10 120
10 123
10 127
11 1
11 6
11 21
11 27
11 31
11 34
11 36
11 47
11 49
11 53
11 54
11 58
11 65
11 72
11 80
11 82
11 97
11 99
11 110
11 114
11 117
11 124
11 126
12 1
12 2
12 4
12 18
12 21
12 23
12 24
12 32
12 39
12 48
12 71
12 76
12 77
12 87
12 100
12 101
12 116
12 120
13 27
13 30
13 31
13 35
13 37
13 40
13 50
13 56
13 59
13 70
13 83
13 85
13 87
13 96
13 99
13 101
13 104
13 107
13 110
14 14
14 26
14 33
14 35
14 41
14 47
14 58
14 77
14 80
14 87
14 89
14 91
14 101
14 105
14 125
15 8
15 18
15 25
15 28
15 33
15 34
15 35
15 36
15 47
15 51
15 52
15 59
15 61
15 62
15 76
15 80
15 85
15 88
15 89
15 111
16 7
16 10
16 16
16 21
16 28
16 42
16 45
16 50
16 52
16 54
16 59
16 65
16 69
16 73
16 75
16 78
16 85
16 99
16 103
16 121
16 123
17 5
17 7
17 15
17 17
17 19
17 20
17 35
17 36
17 40
17 48
17 49
17 50
17 55
17 74
17 91
17 106
17 110
17 122
17 124
17 125
17 127
18 27
18 28
18 36
18 37
18 42
18 44
18 46
18 56
18 58
18 62
18 63
18 66
18 71
18 76
18 77
18 78
18 88
18 89
18 97
18 108
18 110
18 112
18 113
18 115
18 124
19 2
19 4
19 14
19 17
19 18
19 22
19 24
19 25
19 38
19 43
19 54
19 55
19 66
19 68
19 76
19 79
19 84
19 85
19 102
19 122
19 126
20 3
20 10
20 31
20 32
20 43
20 47
20 48
20 63
20 74
20 77
20 80
20 84
20 87
20 98
20 114
20 123
21 8
21 9
21 14
21 16
21 26
21 36
21 37
21 41
21 42
21 51
21 77
21 82
21 89
21 91
21 95
21 96
21 103
21 107
21 108
21 109
21 113
21 121
22 8
22 13
22 14
22 17
22 52
22 59
22 78
22 81
22 85
22 86
22 87
22 91
22 117
23 4
23 16
23 33
23 37
23 46
23 47
23 57
23 59
23 61
23 63
23 67
23 78
23 79
23 89
23 91
23 96
23 105
23 116
23 118
23 124
23 126
24 4
24 22
24 24
24 27
24 34
24 40
24 50
24 56
24 58
24 62
24 72
24 79
24 82
24 96
24 99
24 102
24 110
24 112
24 114
24 115
24 118
24 123
25 4
25 8
25 21
25 24
25 39
25 49
25 50
25 54
25 60
25 61
25 64
25 65
25 74
25 86
25 88
25 91
25 96
25 100
25 101
25 113
25 114
25 115
26 30
26 33
26 34
26 40
26 45
26 47
26 49
26 57
26 59
26 77
26 89
26 96
26 104
26 113
27 5
27 7
27 18
27 23
27 37
27 39
27 64
27 67
27 79
27 95
27 98
27 103
27 104
27 106
27 115
27 122
27 127
28 5
28 7
28 10
28 11
28 15
28 20
28 36
28 38
28 43
28 68
28 72
28 79
28 85
28 90
28 92
28 101
28 106
28 114
28 118
29 1
29 5
29 8
29 12
29 17
29 22
29 25
29 28
29 32
29 34
29 43
29 44
29 49
29 51
29 64
29 66
29 75
29 81
29 83
29 84
29 96
29 104
29 108
29 110
29 114
29 122
30 8
30 15
30 27
30 33
30 42
30 48
30 60
30 71
30 99
30 115
30 122
31 1
31 8
31 10
31 13
31 18
31 20
31 36
31 37
31 40
31 51
31 57
31 60
31 63
31 65
31 79
31 83
31 85
31 89
31 93
31 110
31 113
31 117
31 119
31 121
32 8
32 13
32 27
32 28
32 39
32 40
32 44
32 49
32 53
32 56
32 59
32 69
32 73
32 79
32 85
32 89
32 90
32 96
32 103
32 106
32 108
32 112
32 120
32 122
33 13
33 16
33 23
33 35
33 47
33 60
33 62
33 69
33 70
33 74
33 76
33 79
33 80
33 95
33 96
33 113
33 127
34 10
34 31
34 33
34 35
34 36
34 47
34 48
34 51
34 57
34 70
34 84
34 93
34 105
34 113
34 125
35 8
35 12
35 14
35 36
35 58
35 60
35 77
35 78
35 86
35 88
35 105
35 111
35 112
35 113
35 116
35 118
35 119
35 127
36 8
36 13
36 15
36 20
36 22
36 30
36 34
36 60
36 62
36 66
36 67
36 68
36 91
36 97
36 99
36 104
36 110
36 115
36 124
37 4
37 7
37 17
37 27
37 31
37 36
37 40
37 41
37 42
37 48
37 50
37 56
37 58
37 72
37 75
37 94
37 98
37 101
37 111
37 117
38 1
38 9
38 13
38 15
38 28
38 29
38 41
38 54
38 63
38 65
38 69
38 90
38 93
38 96
38 99
38 104
38 118
38 126
39 2
39 4
39 8
39 14
39 24
39 27
39 28
39 51
39 55
39 62
39 64
39 67
39 78
39 81
39 82
39 93
39 96
39 97
39 99
39 101
39 107
39 114
39 115
39 116
39 119
40 8
40 20
40 30
40 49
40 51
40 65
40 85
40 93
40 94
40 96
40 106
40 112
40 114
40 118
40 121
41 1
41 2
41 13
41 25
41 26
41 28
41 32
41 34
41 36
41 41
41 60
41 66
41 78
41 79
41 87
41 94
41 124
41 125
41 126
42 1
42 2
42 12
42 13
42 18
42 21
42 26
42 29
42 34
42 37
42 39
42 54
42 61
42 69
42 74
42 75
42 78
42 87
42 96
42 98
43 0
43 17
43 18
43 21
43 29
43 34
43 37
43 46
43 50
43 61
43 71
43 86
43 95
43 109
43 117
43 118
43 121
44 0
44 2
44 5
44 10
44 16
44 25
44 26
44 43
44 45
44 46
44 50
44 58
44 61
44 63
44 87
44 99
44 101
44 102
44 104
44 108
44 110
44 120
45 4
45 15
45 28
45 32
45 63
45 77
45 83
45 97
45 103
45 117
45 118
45 124
46 2
46 5
46 14
46 20
46 30
46 31
46 38
46 53
46 56
46 62
46 77
46 84
46 94
46 108
46 114
46 120
47 6
47 21
47 25
47 31
47 39
47 52
47 61
47 63
47 74
47 79
47 90
47 91
47 103
47 108
47 123
47 126
48 4
48 9
48 17
48 20
48 29
48 44
48 47
48 66
48 69
48 72
48 74
48 90
48 94
48 100
48 104
48 108
48 109
48 115
48 116
48 119
48 124
48 126
48 127
49 6
49 13
49 21
49 27
49 39
49 45
49 48
49 51
49 56
49 62
49 74
49 94
49 122
49 123
49 126
50 1
50 10
50 12
50 18
50 24
50 27
50 29
50 32
50 42
50 44
50 47
50 48
50 62
50 67
50 73
50 93
50 94
50 97
50 100
50 113
51 2
51 9
51 10
51 12
51 16
51 27
51 30
51 33
51 35
51 45
51 54
51 58
51 71
51 85
51 91
51 93
51 96
51 97
51 104
51 113
51 114
51 119
51 121
52 0
52 6
52 14
52 20
52 30
52 32
52 33
52 35
52 37
52 38
52 42
52 46
52 63
52 70
52 71
52 72
52 73
52 88
52 89
52 97
52 100
52 101
52 102
52 107
52 126
53 2
53 5
53 8
53 13
53 16
53 18
53 20
53 31
53 38
53 42
53 49
53 63
53 64
53 71
53 80
53 83
53 91
53 100
53 109
53 120
53 122
53 125
54 2
54 24
54 25
54 34
54 56
54 68
54 78
54 79
54 91
54 97
54 114
54 117
55 8
55 9
55 11
55 13
55 15
55 34
55 59
55 64
55 71
55 76
55 82
55 83
55 96
55 103
55 111
55 120
56 10
56 17
56 44
56 48
56 56
56 58
56 59
56 63
56 65
56 69
56 83
56 88
56 92
56 106
56 115
56 121
57 1
57 18
57 23
57 32
57 39
57 48
57 52
57 64
57 67
57 71
57 72
57 73
57 78
57 80
57 110
57 123
57 126
58 1
58 9
58 10
58 17
58 21
58 25
58 33
58 36
58 37
58 39
58 49
58 61
58 68
58 69
58 86
58 96
58 104
58 108
58 109
58 110
58 114
58 121
58 126
59 0
59 7
59 8
59 10
59 16
59 23
59 25
59 26
59 54
59 55
59 74
59 78
59 79
59 81
59 95
59 101
59 102
59 120
59 124
60 3
60 21
60 24
60 25
60 39
60 41
60 57
60 62
60 67
60 68
60 69
60 73
60 77
60 92
60 95
60 98
60 104
60 125
60 127
61 5
61 7
61 10
61 12
61 17
61 18
61 28
61 34
61 43
61 45
61 52
61 59
61 84
61 86
61 92
61 100
61 103
61 107
61 120
61 122
61 125
62 7
62 14
62 20
62 22
62 24
62 28
62 32
62 37
62 42
62 53
62 56
62 58
62 62
62 68
62 79
62 80
62 100
62 106
62 112
62 127
63 0
63 13
63 21
63 22
63 24
63 31
63 45
63 68
63 86
63 87
63 94
63 103
63 113
63 119
64 11
64 24
64 31
64 36
64 37
64 40
64 41
64 42
64 45
64 55
64 56
64 68
64 71
64 75
64 78
64 81
64 91
64 94
64 100
64 114
64 125
65 1
65 6
65 9
65 13
65 14
65 17
65 20
65 22
65 26
65 27
65 35
65 59
65 63
65 64
65 67
65 78
65 79
65 84
65 85
65 95
65 109
65 112
65 117
65 123
65 125
66 0
66 13
66 19
66 23
66 30
66 34
66 43
66 48
66 55
66 59
66 63
66 71
66 73
66 76
66 87
66 94
66 95
66 100
66 110
67 5
67 29
67 35
67 36
67 37
67 42
67 43
67 59
67 66
67 68
67 69
67 72
67 73
67 81
67 83
67 92
67 93
67 95
67 99
67 112
67 115
68 13
68 20
68 21
68 38
68 45
68 60
68 67
68 76
68 81
68 82
68 94
68 107
68 122
69 16
69 17
69 26
69 36
69 38
69 50
69 55
69 61
69 66
69 67
69 69
69 70
69 77
69 81
69 84
69 87
69 111
69 125
70 11
70 23
70 24
70 39
70 41
70 43
70 50
70 52
70 54
70 57
70 59
70 60
70 61
70 63
70 68
70 91
70 99
70 106
70 110
70 114
70 119
70 124
71 0
71 10
71 11
71 12
71 14
71 36
71 37
71 40
71 51
71 52
71 62
71 68
71 69
71 72
71 76
71 78
71 83
71 84
71 93
71 94
71 95
71 96
71 97
71 103
71 107
71 110
71 122
72 5
72 30
72 32
72 34
72 51
72 63
72 64
72 75
72 90
72 123
72 124
72 127
73 1
73 10
73 22
73 24
73 26
73 27
73 30
73 37
73 57
73 61
73 62
73 66
73 68
73 70
73 90
73 94
73 97
74 1
74 6
74 10
74 12
74 17
74 30
74 34
74 39
74 48
74 56
74 61
74 66
74 74
74 79
74 84
74 91
74 95
74 110
74 118
75 2
75 3
75 4
75 6
75 7
75 15
75 25
75 26
75 30
75 31
75 32
75 33
75 35
75 36
75 41
75 42
75 43
75 55
75 59
75 62
75 71
75 76
75 77
75 98
75 105
75 111
75 112
75 118
75 123
76 2
76 5
76 8
76 17
76 24
76 27
76 28
76 30
76 54
76 59
76 60
76 77
76 78
76 81
76 84
76 94
76 102
76 110
76 116
76 127
77 0
77 4
77 8
77 16
77 21
77 35
77 44
77 45
77 47
77 55
77 60
77 61
77 64
77 76
77 93
77 95
77 110
77 112
77 114
77 115
77 126
78 4
78 11
78 13
78 16
78 18
78 23
78 25
78 28
78 32
78 41
78 47
78 50
78 65
78 67
78 117
78 125
79 5
79 6
79 14
79 29
79 32
79 44
79 47
79 54
79 65
79 70
79 71
79 77
79 92
79 104
79 105
79 110
79 115
79 116
79 120
79 123
80 3
80 10
80 47
80 52
80 54
80 100
80 104
80 109
80 110
80 113
80 116
81 20
81 22
81 25
81 32
81 42
81 45
81 48
81 49
81 53
81 58
81 67
81 72
81 79
81 91
81 94
81 97
81 114
81 118
81 124
82 18
82 26
82 33
82 41
82 44
82 46
82 51
82 54
82 55
82 59
82 73
82 102
82 106
82 107
82 109
82 113
82 119
83 8
83 12
83 16
83 21
83 34
83 36
83 37
83 45
83 47
83 51
83 63
83 69
83 74
83 79
83 94
83 97
83 102
83 105
83 120
83 122
83 124
84 6
84 12
84 32
84 34
84 39
84 45
84 50
84 60
84 77
84 78
84 80
84 81
84 93
84 107
84 108
84 113
84 118
85 4
85 5
85 8
85 13
85 22
85 23
85 32
85 34
85 41
85 52
85 61
85 76
85 82
85 85
85 94
85 105
85 107
85 111
86 5
86 16
86 22
86 33
86 35
86 49
86 64
86 66
86 79
86 88
86 96
86 101
86 102
86 103
86 105
86 117
86 123
87 3
87 5
87 6
87 18
87 24
87 28
87 43
87 52
87 54
87 56
87 59
87 60
87 62
87 68
87 72
87 82
87 85
87 87
87 88
87 91
87 93
87 103
87 108
87 118
88 3
88 4
88 10
88 15
88 17
88 20
88 21
88 29
88 33
88 39
88 45
88 59
88 68
88 77
88 80
88 90
88 101
88 105
88 106
88 107
89 1
89 10
89 15
89 21
89 22
89 33
89 39
89 40
89 53
89 54
89 58
89 70
89 80
89 88
89 110
89 116
89 120
89 126
90 0
90 6
90 13
90 21
90 26
90 33
90 35
90 53
90 62
90 68
90 70
90 82
90 83
90 110
90 116
90 117
90 122
90 124
90 125
91 3
91 17
91 20
91 23
91 37
91 43
91 51
91 52
91 56
91 65
91 73
91 74
91 90
91 93
91 94
91 96
91 101
91 102
91 105
91 118
91 120
92 11
92 22
92 25
92 32
92 43
92 58
92 62
92 65
92 73
92 77
92 82
92 83
92 93
92 94
92 114
92 119
93 3
93 4
93 11
93 15
93 16
93 26
93 30
93 35
93 38
93 39
93 42
93 53
93 54
93 55
93 59
93 65
93 84
93 87
93 89
93 91
93 101
93 109
93 113
93 116
93 123
93 124
93 125
94 5
94 17
94 18
94 33
94 39
94 50
94 51
94 72
94 76
94 82
94 90
94 96
94 100
94 106
94 110
94 117
94 122
95 7
95 17
95 18
95 22
95 23
95 26
95 32
95 42
95 44
95 46
95 61
95 71
95 73
95 78
95 79
95 80
95 84
95 88
95 96
95 105
95 110
95 120
95 124
95 125
96 2
96 4
96 5
96 10
96 12
96 17
96 22
96 27
96 35
96 36
96 47
96 54
96 56
96 59
96 66
96 83
96 84
96 98
96 99
96 104
96 105
96 113
96 127
97 2
97 3
97 4
97 5
97 18
97 20
97 27
97 37
97 46
97 54
97 56
97 59
97 81
97 90
97 98
97 101
97 106
97 114
97 115
97 119
97 124
98 10
98 36
98 47
98 49
98 54
98 71
98 73
98 83
98 96
98 100
98 111
98 116
98 118
98 120
98 125
99 14
99 29
99 34
99 37
99 38
99 41
99 59
99 73
99 74
99 76
99 98
99 100
99 107
99 110
99 116
100 6
100 21
100 23
100 31
100 35
100 45
100 51
100 60
100 68
100 75
100 76
100 85
100 91
100 94
100 105
100 121
100 125
101 7
101 26
101 33
101 38
101 46
101 49
101 54
101 55
101 77
101 81
101 84
101 87
101 99
101 109
101 110
101 112
101 116
101 122
101 123
101 127
102 0
102 2
102 31
102 36
102 44
102 50
102 55
102 58
102 59
102 60
102 77
102 80
102 83
102 85
102 95
102 98
102 99
102 100
102 104
102 116
103 11
103 17
103 23
103 25
103 50
103 51
103 57
103 58
103 64
103 83
103 88
103 114
104 1
104 5
104 18
104 24
104 30
104 45
104 55
104 61
104 74
104 75
104 78
104 98
104 99
104 102
104 106
104 107
104 108
104 110
105 2
105 3
105 15
105 16
105 21
105 24
105 26
105 33
105 40
105 41
105 48
105 49
105 52
105 57
105 59
105 67
105 72
105 76
105 99
105 102
105 108
105 110
105 114
105 127
106 3
106 18
106 22
106 24
106 28
106 31
106 34
106 47
106 73
106 76
106 81
106 85
106 87
106 89
106 97
106 107
106 111
106 115
106 116
106 117
106 127
107 2
107 16
107 18
107 22
107 26
107 36
107 48
107 75
107 82
107 93
107 99
107 103
107 115
107 117
107 121
107 122
108 0
108 26
108 27
108 38
108 42
108 44
108 47
108 56
108 62
108 70
108 78
108 94
108 98
108 103
108 110
108 113
108 115
108 116
108 120
108 122
109 4
109 8
109 19
109 20
109 22
109 31
109 36
109 37
109 38
109 43
109 52
109 60
109 73
109 78
109 81
109 83
109 84
109 89
109 90
109 94
109 102
109 106
109 107
109 112
109 124
110 2
110 9
110 17
110 34
110 41
110 53
110 55
110 63
110 66
110 87
110 103
110 105
110 120
110 124
110 127
111 4
111 8
111 10
111 11
111 14
111 19
111 28
111 31
111 33
111 34
111 38
111 44
111 46
111 62
111 64
111 68
111 69
111 75
111 84
111 106
111 115
111 119
111 123
111 127
112 2
112 10
112 14
112 23
112 26
112 32
112 34
112 50
112 53
112 57
112 62
112 64
112 65
112 69
112 91
112 93
112 119
112 120
112 121
112 127
113 13
113 27
113 34
113 35
113 38
113 44
113 50
113 83
113 88
113 93
113 95
113 96
113 99
113 107
113 119
113 121
113 123
114 3
114 4
114 20
114 24
114 32
114 33
114 50
114 51
114 52
114 59
114 66
114 72
114 73
114 74
114 85
114 90
114 94
114 104
114 109
114 115
114 117
114 122
114 124
114 126
115 19
115 27
115 41
115 44
115 57
115 64
115 72
115 82
115 88
115 94
115 99
115 104
115 107
115 115
115 116
115 126
115 127
116 12
116 19
116 38
116 39
116 40
116 54
116 62
116 65
116 68
116 74
116 83
116 91
116 94
116 96
116 100
116 113
116 114
116 118
117 24
117 28
117 31
117 35
117 42
117 65
117 76
117 85
117 91
117 99
117 101
117 117
117 121
118 8
118 30
118 35
118 42
118 46
118 50
118 56
118 57
118 78
118 79
118 84
118 94
118 98
118 109
118 110
118 113
118 120
119 0
119 3
119 23
119 36
119 37
119 44
119 46
119 47
119 51
119 54
119 60
119 63
119 67
119 70
119 75
119 87
119 94
119 96
119 102
119 114
119 121
119 122
120 2
120 3
120 12
120 21
120 31
120 32
120 35
120 36
120 37
120 46
120 51
120 57
120 58
120 60
120 68
120 77
120 82
120 85
120 103
120 105
120 114
120 121
120 123
120 126
120 127
121 8
121 10
121 11
121 16
121 32
121 34
121 41
121 43
121 44
121 64
121 76
121 78
121 79
121 91
121 92
121 104
121 114
121 115
121 119
121 121
121 124
121 127
122 1
122 5
122 17
122 29
122 30
122 32
122 41
122 43
122 44
122 49
122 52
122 60
122 62
122 66
122 109
122 111
122 112
122 116
122 118
122 127
123 16
123 20
123 32
123 56
123 66
123 69
123 73
123 76
123 82
123 89
123 99
123 100
123 107
123 108
123 115
123 119
123 121
124 2
124 11
124 12
124 15
124 28
124 51
124 56
124 57
124 78
124 89
124 95
124 100
124 105
124 108
124 114
124 115
125 11
125 20
125 21
125 26
125 34
125 69
125 73
125 74
125 76
125 83
125 86
125 93
125 97
125 99
125 101
125 105
125 109
125 116
125 120
126 0
126 2
126 3
126 6
126 25
126 29
126 32
126 42
126 44
126 48
126 59
126 62
126 63
126 64
126 78
126 79
126 83
126 86
126 87
126 103
126 109
126 127
127 1
127 9
127 19
127 20
127 21
127 26
127 39
127 56
127 63
127 65
127 67
127 71
127 75
127 78
127 81
127 86
127 108
127 123
127 124
127 126
