0 4
0 5
0 11
0 13
0 16
0 17
0 20
0 21
0 25
0 30
0 33
0 35
0 39
0 42
0 43
0 45
0 49
0 50
0 55
0 58
0 60
0 61
0 64
0 75
0 79
0 82
0 84
0 85
0 106
0 109
0 115
0 118
0 120
0 124
0 126
1 4
1 6
1 8
1 11
1 12
1 14
1 15
1 17
1 19
1 28
1 32
1 43
1 53
1 60
1 62
1 68
1 77
1 79
1 81
1 84
1 91
1 92
1 95
1 96
1 99
1 105
1 109
1 111
1 113
1 114
1 119
1 125
2 3
2 4
2 6
2 11
2 13
2 15
2 16
2 21
2 22
2 33
2 36
2 37
2 38
2 39
2 40
2 48
2 51
2 52
2 53
2 60
2 62
2 63
2 68
2 86
2 88
2 90
2 96
2 99
2 103
2 105
2 118
2 121
2 123
2 125
3 2
3 12
3 13
3 15
3 23
3 24
3 26
3 28
3 30
3 42
3 46
3 47
3 51
3 53
3 55
3 60
3 61
3 63
3 66
3 68
3 72
3 74
3 75
3 77
3 83
3 88
3 90
3 93
3 95
3 97
3 98
3 99
3 103
3 105
3 112
3 113
3 116
3 119
3 121
3 122
3 123
3 126
4 6
4 9
4 11
4 14
4 15
4 17
4 18
4 20
4 21
4 23
4 28
4 29
4 33
4 35
4 36
4 37
4 38
4 39
4 45
4 46
4 52
4 53
4 63
4 64
4 67
4 68
4 74
4 75
4 77
4 78
4 80
4 87
4 88
4 94
4 99
4 100
4 102
4 103
4 104
4 106
4 107
4 108
4 112
4 119
4 124
4 125
4 126
4 127
5 0
5 4
5 8
5 11
5 12
5 13
5 21
5 23
5 24
5 34
5 36
5 43
5 44
5 46
5 53
5 57
5 58
5 61
5 72
5 80
5 84
5 86
5 92
5 97
5 99
5 100
5 105
5 110
5 112
5 113
5 119
5 123
6 1
6 6
6 7
6 8
6 18
6 20
6 22
6 26
6 27
6 29
6 31
6 35
6 37
6 41
6 44
6 46
6 47
6 48
6 51
6 52
6 57
6 58
6 59
6 61
6 63
6 68
6 70
6 74
6 77
6 78
6 81
6 85
6 94
6 96
6 97
6 102
6 106
6 107
6 110
6 122
6 123
6 126
6 127
7 1
7 4
7 5
7 7
7 9
7 10
7 14
7 18
7 19
7 23
7 29
7 35
7 41
7 42
7 44
7 45
7 48
7 50
7 51
7 56
7 57
7 59
7 60
7 61
7 62
7 65
7 67
7 70
7 72
7 73
7 84
7 85
7 87
7 91
7 97
7 107
7 108
7 114
7 115
7 118
7 121
8 1
8 8
8 13
8 14
8 17
8 20
8 21
8 26
8 30
8 31
8 33
8 35
8 40
8 46
8 50
8 57
8 67
8 68
8 69
8 70
8 75
8 84
8 85
8 86
8 88
8 91
8 92
8 95
8 97
8 98
8 100
8 104
8 111
8 113
8 114
8 117
8 122
8 127
9 2
9 4
9 7
9 10
9 13
9 22
9 26
9 36
9 37
9 52
9 53
9 56
9 63
9 65
9 76
9 79
9 80
9 82
9 83
9 84
9 85
9 86
9 90
9 94
9 95
9 96
9 103
9 105
9 107
9 108
9 111
9 118
10 3
10 12
10 15
10 20
10 23
10 25
10 27
10 29
10 31
10 34
10 38
10 44
10 45
10 46
10 56
10 57
10 59
10 66
10 67
10 70
10 73
10 74
10 75
10 76
10 80
10 83
10 91
10 92
10 94
10 100
10 103
10 108
10 109
10 112
10 121
10 124
10 127
11 1
11 4
11 7
11 10
11 13
11 17
11 18
11 23
11 25
11 27
11 28
11 29
11 34
11 38
11 41
11 47
11 49
11 55
11 61
11 73
11 74
11 76
11 78
11 79
11 81
11 88
11 89
11 90
11 93
11 95
11 97
11 99
11 101
11 104
11 109
11 111
11 112
11 118
11 119
11 123
11 127
12 2
12 4
12 9
12 10
12 13
12 19
12 21
12 24
12 25
12 26
12 29
12 31
12 34
12 35
12 37
12 42
12 49
12 58
12 59
12 60
12 65
12 70
12 71
12 72
12 75
12 80
12 81
12 89
12 90
12 93
12 95
12 102
12 107
12 108
12 111
12 112
12 114
12 115
12 116
12 117
12 118
12 120
12 127
13 0
13 5
13 10
13 23
13 27
13 38
13 41
13 45
13 48
13 54
13 64
13 65
13 73
13 75
13 78
13 81
13 88
13 89
13 90
13 91
13 101
13 102
13 104
13 105
13 112
13 114
13 115
13 116
13 119
13 123
13 125
13 126
13 127
14 0
14 1
14 6
14 11
14 14
14 15
14 17
14 19
14 20
14 21
14 22
14 24
14 34
14 36
14 38
14 40
14 44
14 49
14 59
14 60
14 63
14 64
14 71
14 79
14 80
14 89
14 90
14 96
14 100
14 101
14 104
14 110
14 111
14 113
14 115
14 119
14 121
14 123
15 3
15 5
15 6
15 7
15 8
15 10
15 21
15 24
15 25
15 33
15 36
15 39
15 40
15 41
15 43
15 48
15 51
15 60
15 61
15 63
15 66
15 68
15 73
15 79
15 80
15 81
15 83
15 84
15 87
15 92
15 95
15 96
15 103
15 104
15 109
15 110
15 112
15 113
15 117
15 118
15 119
15 122
15 124
15 125
16 1
16 2
16 8
16 14
16 18
16 20
16 23
16 24
16 29
16 30
16 31
16 36
16 39
16 40
16 43
16 44
16 47
16 50
16 53
16 62
16 65
16 66
16 71
16 84
16 87
16 89
16 96
16 98
16 101
16 104
16 107
16 108
16 111
16 112
16 115
16 118
16 121
17 0
17 3
17 4
17 7
17 11
17 13
17 15
17 18
17 22
17 23
17 25
17 31
17 32
17 40
17 42
17 43
17 48
17 51
17 53
17 61
17 62
17 65
17 66
17 67
17 68
17 70
17 73
17 76
17 78
17 80
17 89
17 91
17 95
17 96
17 97
17 98
17 101
17 109
17 110
17 112
17 121
17 122
17 126
17 127
18 1
18 3
18 7
18 8
18 11
18 12
18 13
18 20
18 24
18 27
18 31
18 32
18 34
18 37
18 38
18 42
18 56
18 58
18 61
18 73
18 77
18 78
18 82
18 83
18 85
18 87
18 89
18 92
18 93
18 94
18 96
18 99
18 101
18 107
18 109
18 111
18 113
18 126
19 3
19 4
19 7
19 8
19 14
19 25
19 28
19 30
19 38
19 39
19 40
19 44
19 46
19 49
19 51
19 55
19 56
19 59
19 61
19 63
19 64
19 71
19 73
19 76
19 77
19 83
19 84
19 86
19 92
19 93
19 96
19 97
19 99
19 100
19 102
19 103
19 104
19 113
19 114
19 121
19 122
19 123
19 125
19 126
19 127
20 3
20 5
20 12
20 15
20 16
20 18
20 21
20 23
20 25
20 35
20 37
20 38
20 39
20 45
20 48
20 49
20 52
20 54
20 55
20 57
20 60
20 61
20 63
20 64
20 66
20 71
20 72
20 73
20 75
20 76
20 84
20 85
20 89
20 91
20 92
20 102
20 104
20 106
20 107
20 113
20 116
21 10
21 11
21 13
21 21
21 22
21 25
21 29
21 31
21 36
21 43
21 52
21 53
21 54
21 55
21 70
21 76
21 80
21 87
21 90
21 102
21 106
21 108
21 110
21 112
21 120
21 122
22 9
22 14
22 15
22 20
22 23
22 27
22 28
22 31
22 35
22 37
22 47
22 48
22 50
22 53
22 69
22 73
22 75
22 77
22 78
22 79
22 80
22 83
22 84
22 85
22 94
22 96
22 102
22 103
22 106
22 111
22 118
22 119
22 120
22 126
23 0
23 1
23 10
23 11
23 12
23 13
23 14
23 17
23 18
23 19
23 20
23 22
23 23
23 27
23 33
23 35
23 41
23 46
23 47
23 57
23 60
23 68
23 69
23 70
23 80
23 87
23 88
23 89
23 93
23 95
23 97
23 99
23 101
23 102
23 103
23 109
23 110
23 113
23 118
23 121
23 126
24 0
24 2
24 3
24 7
24 9
24 10
24 12
24 17
24 21
24 37
24 45
24 47
24 48
24 51
24 52
24 64
24 65
24 66
24 69
24 73
24 79
24 80
24 81
24 83
24 93
24 99
24 104
24 107
24 111
24 118
24 120
24 124
24 125
25 3
25 4
25 5
25 6
25 13
25 14
25 15
25 18
25 32
25 38
25 40
25 46
25 49
25 61
25 73
25 82
25 85
25 87
25 91
25 93
25 94
25 97
25 101
25 105
25 108
25 115
25 120
25 122
25 123
25 124
25 125
25 126
26 2
26 4
26 12
26 13
26 14
26 15
26 16
26 26
26 30
26 37
26 41
26 44
26 46
26 49
26 53
26 55
26 62
26 63
26 67
26 68
26 77
26 82
26 85
26 90
26 97
26 100
26 110
26 127
27 1
27 3
27 4
27 14
27 17
27 19
27 20
27 21
27 23
27 24
27 27
27 30
27 31
27 38
27 39
27 41
27 48
27 50
27 52
27 56
27 58
27 66
27 67
27 72
27 76
27 77
27 78
27 83
27 88
27 89
27 93
27 95
27 96
27 97
27 103
27 104
27 105
27 108
27 109
27 110
27 111
27 120
27 124
27 126
27 127
28 2
28 5
28 17
28 22
28 30
28 31
28 35
28 37
28 38
28 45
28 48
28 50
28 53
28 56
28 57
28 61
28 63
28 69
28 71
28 72
28 74
28 79
28 80
28 81
28 84
28 86
28 91
28 93
28 95
28 107
28 108
28 109
28 116
28 117
28 118
28 123
28 124
29 1
29 9
29 12
29 17
29 18
29 19
29 21
29 23
29 27
29 28
29 30
29 31
29 32
29 36
29 37
29 43
29 45
29 47
29 57
29 62
29 66
29 67
29 70
29 73
29 75
29 76
29 79
29 80
29 83
29 86
29 87
29 89
29 90
29 91
29 96
29 97
29 100
29 101
29 102
29 103
29 104
29 105
29 109
29 114
29 119
29 121
29 122
29 123
29 125
29 126
30 1
30 5
30 6
30 10
30 13
30 14
30 16
30 21
30 25
30 27
30 40
30 44
30 46
30 47
30 49
30 50
30 52
30 54
30 58
30 60
30 61
30 65
30 67
30 68
30 71
30 76
30 86
30 87
30 90
30 91
30 99
30 103
30 112
30 115
30 117
30 121
30 122
30 124
30 127
31 1
31 3
31 4
31 9
31 14
31 17
31 18
31 24
31 34
31 35
31 37
31 45
31 47
31 53
31 64
31 76
31 77
31 78
31 85
31 86
31 88
31 93
31 96
31 97
31 105
31 106
31 108
31 112
31 117
31 119
31 121
31 123
31 124
31 125
32 8
32 11
32 12
32 13
32 15
32 18
32 19
32 22
32 23
32 26
32 29
32 33
32 35
32 37
32 49
32 59
32 60
32 62
32 65
32 69
32 74
32 86
32 88
32 89
32 94
32 95
32 99
32 103
32 106
32 108
32 114
32 116
32 121
32 123
32 124
33 0
33 5
33 6
33 9
33 11
33 13
33 16
33 18
33 22
33 26
33 30
33 42
33 55
33 60
33 66
33 67
33 69
33 73
33 74
33 77
33 78
33 82
33 88
33 89
33 93
33 94
33 95
33 97
33 101
33 103
33 110
33 111
33 118
33 126
34 12
34 13
34 14
34 18
34 21
34 26
34 28
34 29
34 30
34 34
34 37
34 44
34 53
34 54
34 56
34 58
34 71
34 72
34 79
34 82
34 85
34 86
34 94
34 95
34 98
34 101
34 106
34 107
34 108
34 109
34 111
34 113
34 115
34 125
35 0
35 5
35 11
35 13
35 14
35 21
35 25
35 28
35 29
35 33
35 35
35 38
35 40
35 42
35 45
35 47
35 48
35 52
35 55
35 56
35 57
35 58
35 61
35 71
35 75
35 78
35 82
35 83
35 89
35 90
35 94
35 100
35 102
35 111
35 114
35 115
35 116
35 117
35 118
35 119
35 120
35 123
35 125
36 0
36 1
36 2
36 9
36 15
36 21
36 24
36 28
36 29
36 30
36 35
36 37
36 42
36 51
36 52
36 54
36 55
36 56
36 57
36 61
36 63
36 65
36 66
36 69
36 70
36 71
36 73
36 75
36 78
36 80
36 82
36 84
36 93
36 97
36 100
36 101
36 102
36 103
36 105
36 106
36 108
36 110
36 118
36 125
36 126
37 5
37 6
37 8
37 9
37 13
37 14
37 20
37 24
37 25
37 34
37 36
37 39
37 40
37 43
37 48
37 61
37 63
37 64
37 72
37 76
37 80
37 81
37 83
37 91
37 93
37 94
37 95
37 96
37 98
37 99
37 102
37 104
37 109
37 113
37 114
37 115
37 117
37 121
37 124
38 0
38 4
38 6
38 8
38 9
38 13
38 16
38 20
38 29
38 33
38 37
38 38
38 39
38 40
38 41
38 43
38 44
38 48
38 52
38 54
38 57
38 60
38 62
38 66
38 69
38 70
38 72
38 75
38 77
38 79
38 82
38 83
38 88
38 92
38 98
38 99
38 106
38 109
38 113
38 119
38 121
38 127
39 5
39 8
39 10
39 12
39 15
39 23
39 24
39 28
39 30
39 34
39 39
39 40
39 48
39 57
39 66
39 71
39 73
39 78
39 79
39 83
39 85
39 86
39 94
39 97
39 101
39 105
39 108
39 110
39 114
39 116
39 117
39 119
39 121
39 125
39 126
40 1
40 2
40 6
40 7
40 21
40 22
40 25
40 28
40 29
40 32
40 42
40 44
40 52
40 55
40 56
40 58
40 59
40 74
40 76
40 82
40 90
40 93
40 97
40 98
40 100
40 101
40 103
40 122
40 124
40 127
41 6
41 7
41 9
41 11
41 12
41 14
41 18
41 20
41 25
41 36
41 39
41 40
41 42
41 44
41 47
41 49
41 51
41 52
41 53
41 54
41 60
41 63
41 68
41 70
41 71
41 73
41 75
41 76
41 78
41 81
41 86
41 90
41 94
41 98
41 107
41 110
41 112
41 116
41 121
42 3
42 12
42 15
42 16
42 22
42 25
42 26
42 31
42 35
42 36
42 37
42 39
42 41
42 45
42 48
42 50
42 56
42 78
42 79
42 80
42 88
42 90
42 96
42 101
42 104
42 111
42 114
42 120
42 124
42 125
43 6
43 9
43 10
43 12
43 18
43 22
43 29
43 32
43 37
43 38
43 40
43 48
43 52
43 55
43 57
43 60
43 62
43 70
43 71
43 80
43 84
43 85
43 86
43 90
43 93
43 95
43 98
43 100
43 101
43 103
43 105
43 110
43 111
43 114
43 116
43 119
43 123
43 124
44 3
44 16
44 23
44 25
44 28
44 32
44 36
44 37
44 38
44 41
44 50
44 56
44 58
44 65
44 67
44 74
44 78
44 81
44 82
44 84
44 89
44 90
44 96
44 97
44 99
44 100
44 102
44 106
44 107
44 111
44 113
44 120
45 0
45 2
45 9
45 11
45 15
45 18
45 22
45 23
45 27
45 34
45 36
45 41
45 43
45 47
45 52
45 53
45 54
45 55
45 63
45 67
45 73
45 76
45 79
45 80
45 82
45 84
45 85
45 87
45 89
45 93
45 98
45 101
45 103
45 108
45 112
45 116
45 125
46 2
46 5
46 9
46 10
46 11
46 12
46 13
46 15
46 18
46 21
46 28
46 31
46 38
46 40
46 45
46 46
46 47
46 52
46 55
46 61
46 73
46 74
46 80
46 82
46 88
46 92
46 93
46 96
46 98
46 101
46 102
46 112
46 115
46 124
46 125
46 127
47 0
47 5
47 6
47 9
47 10
47 11
47 12
47 21
47 25
47 26
47 37
47 42
47 48
47 51
47 53
47 62
47 66
47 68
47 69
47 71
47 73
47 77
47 84
47 91
47 93
47 94
47 98
47 104
47 109
47 111
47 113
47 116
47 117
48 0
48 3
48 6
48 11
48 18
48 19
48 21
48 23
48 26
48 28
48 30
48 37
48 39
48 41
48 43
48 45
48 47
48 48
48 53
48 54
48 55
48 66
48 72
48 75
48 80
48 82
48 83
48 93
48 95
48 101
48 104
48 107
48 110
48 116
48 120
48 122
48 123
48 124
48 126
49 2
49 3
49 13
49 16
49 19
49 20
49 21
49 25
49 26
49 33
49 35
49 36
49 44
49 61
49 63
49 70
49 73
49 74
49 79
49 81
49 83
49 84
49 86
49 87
49 89
49 97
49 98
49 105
49 106
49 109
49 112
49 114
49 117
49 119
49 120
49 123
49 126
50 5
50 8
50 12
50 26
50 29
50 37
50 39
50 47
50 52
50 54
50 66
50 68
50 69
50 71
50 74
50 75
50 81
50 83
50 84
50 85
50 88
50 89
50 93
50 95
50 100
50 101
50 109
50 121
50 122
50 124
51 2
51 3
51 5
51 7
51 9
51 10
51 14
51 18
51 27
51 32
51 34
51 35
51 36
51 41
51 44
51 45
51 49
51 50
51 54
51 55
51 56
51 58
51 60
51 62
51 67
51 68
51 69
51 74
51 82
51 85
51 86
51 87
51 90
51 91
51 105
51 113
51 114
51 119
51 121
51 124
51 125
52 2
52 3
52 6
52 7
52 8
52 10
52 13
52 14
52 15
52 19
52 23
52 30
52 32
52 35
52 36
52 38
52 39
52 41
52 42
52 47
52 50
52 55
52 60
52 63
52 64
52 67
52 70
52 71
52 78
52 80
52 86
52 98
52 102
52 103
52 104
52 108
52 109
52 115
52 119
52 121
52 123
52 124
53 0
53 2
53 5
53 6
53 12
53 16
53 18
53 20
53 23
53 25
53 26
53 29
53 32
53 34
53 38
53 43
53 45
53 47
53 50
53 54
53 59
53 61
53 62
53 64
53 71
53 73
53 78
53 79
53 85
53 86
53 87
53 88
53 89
53 91
53 92
53 96
53 100
53 101
53 104
53 106
53 109
53 112
53 113
53 114
53 115
53 116
53 123
53 125
53 126
54 0
54 10
54 15
54 16
54 20
54 21
54 22
54 23
54 31
54 33
54 38
54 41
54 43
54 44
54 46
54 48
54 59
54 60
54 66
54 67
54 68
54 70
54 74
54 75
54 77
54 78
54 83
54 88
54 92
54 96
54 102
54 105
54 106
54 107
54 112
54 114
54 116
54 123
54 126
55 0
55 8
55 10
55 20
55 23
55 24
55 26
55 27
55 28
55 34
55 37
55 41
55 43
55 48
55 60
55 64
55 67
55 69
55 72
55 73
55 74
55 81
55 92
55 100
55 112
55 113
55 118
55 120
55 124
56 0
56 7
56 8
56 12
56 13
56 21
56 23
56 30
56 37
56 39
56 40
56 41
56 52
56 53
56 57
56 61
56 65
56 69
56 73
56 77
56 78
56 82
56 89
56 90
56 92
56 95
56 96
56 99
56 106
56 107
56 111
56 115
56 119
56 120
56 121
56 123
56 125
57 0
57 5
57 7
57 8
57 12
57 26
57 27
57 36
57 39
57 40
57 47
57 51
57 60
57 61
57 66
57 72
57 74
57 84
57 85
57 89
57 90
57 91
57 94
57 117
57 122
57 125
58 1
58 2
58 3
58 4
58 9
58 11
58 14
58 15
58 17
58 28
58 31
58 34
58 35
58 36
58 39
58 43
58 46
58 47
58 55
58 57
58 58
58 60
58 61
58 62
58 65
58 68
58 70
58 71
58 75
58 77
58 81
58 85
58 87
58 88
58 89
58 90
58 92
58 95
58 97
58 98
58 103
58 104
58 105
58 106
58 111
58 117
58 119
58 120
58 121
58 123
58 125
59 0
59 3
59 4
59 9
59 15
59 16
59 29
59 30
59 32
59 33
59 36
59 38
59 49
59 54
59 59
59 64
59 66
59 67
59 74
59 75
59 76
59 79
59 84
59 85
59 89
59 90
59 94
59 102
59 104
59 105
59 106
59 110
59 111
59 121
59 122
60 1
60 2
60 6
60 8
60 10
60 17
60 24
60 28
60 33
60 39
60 40
60 50
60 55
60 57
60 61
60 63
60 65
60 66
60 67
60 68
60 72
60 78
60 80
60 85
60 92
60 93
60 95
60 96
60 98
60 100
60 108
60 112
60 113
60 115
60 116
60 117
60 122
61 5
61 7
61 11
61 14
61 17
61 21
61 23
61 34
61 40
61 45
61 46
61 48
61 49
61 51
61 54
61 64
61 65
61 67
61 70
61 72
61 77
61 78
61 84
61 89
61 90
61 98
61 101
61 103
61 107
61 108
61 109
61 112
61 118
61 123
61 124
62 0
62 1
62 2
62 5
62 6
62 8
62 10
62 17
62 18
62 20
62 24
62 25
62 26
62 28
62 32
62 35
62 36
62 40
62 41
62 46
62 48
62 54
62 55
62 56
62 57
62 60
62 63
62 65
62 66
62 70
62 71
62 73
62 75
62 76
62 77
62 81
62 86
62 89
62 94
62 101
62 106
62 110
62 111
62 112
62 114
62 117
62 120
62 126
63 0
63 4
63 16
63 18
63 23
63 28
63 29
63 36
63 37
63 39
63 46
63 47
63 49
63 50
63 52
63 54
63 56
63 57
63 59
63 60
63 61
63 67
63 69
63 70
63 72
63 76
63 77
63 80
63 84
63 86
63 89
63 93
63 96
63 99
63 100
63 103
63 105
63 106
63 108
63 113
63 114
63 116
63 119
63 121
63 122
63 127
64 9
64 14
64 17
64 18
64 20
64 21
64 22
64 23
64 30
64 32
64 34
64 43
64 46
64 50
64 53
64 60
64 61
64 62
64 69
64 70
64 72
64 74
64 78
64 79
64 81
64 82
64 84
64 86
64 90
64 95
64 97
64 100
64 102
64 103
64 107
64 114
64 123
65 1
65 8
65 18
65 20
65 23
65 24
65 25
65 26
65 29
65 31
65 35
65 39
65 42
65 46
65 47
65 53
65 54
65 56
65 66
65 68
65 69
65 70
65 79
65 80
65 85
65 89
65 94
65 95
65 98
65 103
65 105
65 111
65 113
65 115
65 119
65 126
66 3
66 4
66 17
66 21
66 22
66 28
66 39
66 41
66 46
66 48
66 53
66 57
66 61
66 63
66 65
66 76
66 77
66 79
66 80
66 81
66 86
66 90
66 92
66 98
66 102
66 106
66 113
66 115
66 118
66 119
66 120
66 122
66 123
66 125
66 126
66 127
67 0
67 2
67 5
67 7
67 11
67 15
67 22
67 24
67 25
67 26
67 30
67 33
67 36
67 39
67 44
67 45
67 46
67 47
67 52
67 55
67 59
67 65
67 66
67 68
67 70
67 74
67 76
67 79
67 81
67 83
67 84
67 86
67 91
67 96
67 97
67 98
67 100
67 101
67 104
67 105
67 108
67 109
67 115
67 118
67 119
67 121
67 125
68 3
68 7
68 8
68 11
68 13
68 14
68 18
68 22
68 26
68 27
68 30
68 32
68 36
68 37
68 42
68 45
68 50
68 51
68 59
68 61
68 63
68 65
68 72
68 75
68 76
68 78
68 85
68 86
68 87
68 89
68 90
68 95
68 96
68 97
68 102
68 103
68 104
68 106
68 108
68 112
68 114
68 118
68 121
68 122
69 3
69 5
69 8
69 15
69 16
69 18
69 19
69 22
69 23
69 26
69 29
69 35
69 37
69 39
69 40
69 44
69 47
69 53
69 57
69 58
69 59
69 63
69 65
69 67
69 69
69 73
69 74
69 78
69 80
69 81
69 84
69 92
69 94
69 96
69 107
69 113
69 114
69 120
69 125
70 0
70 2
70 3
70 5
70 9
70 10
70 15
70 22
70 24
70 32
70 33
70 34
70 38
70 40
70 43
70 44
70 47
70 57
70 58
70 59
70 61
70 65
70 66
70 70
70 73
70 74
70 77
70 78
70 83
70 90
70 94
70 95
70 97
70 100
70 101
70 102
70 103
70 109
70 110
70 113
70 114
70 116
70 121
70 126
71 4
71 6
71 9
71 10
71 17
71 18
71 19
71 21
71 22
71 29
71 31
71 32
71 35
71 37
71 38
71 41
71 42
71 44
71 47
71 50
71 56
71 59
71 60
71 63
71 64
71 65
71 69
71 76
71 77
71 80
71 82
71 83
71 90
71 97
71 99
71 101
71 102
71 107
71 111
71 114
71 115
71 117
71 119
71 122
71 123
71 127
72 2
72 6
72 7
72 9
72 11
72 18
72 28
72 30
72 31
72 33
72 34
72 36
72 39
72 40
72 41
72 42
72 44
72 52
72 54
72 56
72 58
72 63
72 69
72 74
72 84
72 88
72 89
72 94
72 98
72 104
72 106
72 109
72 115
72 116
72 120
72 121
73 2
73 5
73 7
73 9
73 10
73 11
73 12
73 13
73 17
73 22
73 24
73 25
73 26
73 31
73 34
73 35
73 36
73 40
73 43
73 44
73 47
73 48
73 49
73 52
73 57
73 63
73 64
73 65
73 68
73 71
73 80
73 81
73 82
73 90
73 91
73 96
73 97
73 101
73 104
73 105
73 109
73 111
73 112
73 113
73 115
73 118
73 122
73 124
73 125
73 126
73 127
74 0
74 1
74 2
74 5
74 6
74 7
74 10
74 11
74 12
74 13
74 15
74 18
74 22
74 23
74 37
74 41
74 53
74 55
74 59
74 60
74 61
74 63
74 68
74 69
74 76
74 79
74 83
74 88
74 89
74 99
74 102
74 113
74 118
74 119
74 120
74 121
74 125
75 3
75 5
75 7
75 8
75 9
75 10
75 11
75 12
75 13
75 16
75 17
75 21
75 22
75 24
75 28
75 32
75 35
75 37
75 39
75 40
75 41
75 42
75 45
75 46
75 62
75 65
75 73
75 75
75 76
75 81
75 91
75 97
75 100
75 101
75 103
75 117
75 120
75 121
75 123
76 0
76 1
76 3
76 6
76 8
76 10
76 14
76 18
76 20
76 33
76 35
76 36
76 37
76 48
76 49
76 52
76 53
76 54
76 61
76 62
76 63
76 66
76 72
76 74
76 79
76 86
76 89
76 90
76 95
76 96
76 101
76 102
76 103
76 105
76 113
76 115
76 116
76 117
77 1
77 2
77 3
77 6
77 8
77 9
77 10
77 16
77 18
77 21
77 24
77 25
77 27
77 29
77 31
77 34
77 39
77 43
77 47
77 49
77 50
77 51
77 54
77 63
77 65
77 66
77 71
77 72
77 73
77 76
77 77
77 78
77 85
77 86
77 92
77 93
77 94
77 95
77 103
77 105
77 106
77 107
77 111
77 118
77 121
77 123
78 0
78 3
78 15
78 18
78 19
78 21
78 22
78 30
78 40
78 41
78 43
78 44
78 45
78 50
78 53
78 54
78 56
78 60
78 70
78 72
78 76
78 81
78 86
78 88
78 90
78 91
78 92
78 93
78 94
78 98
78 99
78 101
78 102
78 105
78 107
78 108
78 119
78 120
78 126
78 127
79 1
79 16
79 17
79 27
79 28
79 31
79 32
79 40
79 53
79 61
79 69
79 70
79 71
79 74
79 75
79 76
79 81
79 89
79 92
79 94
79 97
79 99
79 111
79 113
79 114
79 118
79 124
80 1
80 2
80 5
80 7
80 8
80 10
80 12
80 15
80 18
80 26
80 30
80 48
80 49
80 52
80 54
80 61
80 67
80 68
80 71
80 74
80 75
80 77
80 81
80 88
80 92
80 93
80 95
80 99
80 100
80 105
80 110
80 112
80 114
80 115
80 119
80 125
80 127
81 7
81 10
81 13
81 20
81 22
81 25
81 27
81 33
81 35
81 37
81 38
81 43
81 44
81 48
81 49
81 56
81 58
81 60
81 61
81 67
81 68
81 71
81 75
81 76
81 77
81 80
81 83
81 84
81 85
81 86
81 89
81 90
81 94
81 97
81 98
81 102
81 103
81 104
81 113
81 117
81 125
82 0
82 1
82 5
82 12
82 13
82 15
82 23
82 32
82 33
82 35
82 38
82 67
82 69
82 77
82 78
82 79
82 83
82 86
82 91
82 93
82 95
82 99
82 106
82 114
82 121
82 123
82 125
83 0
83 6
83 7
83 15
83 18
83 19
83 25
83 32
83 33
83 35
83 38
83 39
83 40
83 44
83 45
83 50
83 54
83 55
83 64
83 73
83 74
83 75
83 78
83 82
83 91
83 95
83 97
83 99
83 110
83 114
83 115
83 121
83 122
83 123
83 127
84 2
84 4
84 7
84 9
84 15
84 16
84 19
84 21
84 25
84 42
84 44
84 46
84 48
84 51
84 52
84 55
84 56
84 60
84 61
84 62
84 63
84 68
84 69
84 83
84 84
84 90
84 91
84 97
84 99
84 100
84 108
84 111
84 113
84 117
84 119
84 125
84 126
85 4
85 7
85 8
85 10
85 18
85 21
85 24
85 26
85 27
85 30
85 35
85 38
85 39
85 41
85 42
85 46
85 48
85 55
85 60
85 61
85 63
85 64
85 67
85 68
85 69
85 78
85 82
85 84
85 89
85 90
85 91
85 95
85 96
85 98
85 102
85 103
85 106
85 108
85 111
85 113
85 114
85 115
85 121
85 122
86 10
86 12
86 15
86 18
86 19
86 20
86 21
86 22
86 29
86 31
86 36
86 41
86 45
86 47
86 50
86 51
86 52
86 53
86 59
86 61
86 62
86 68
86 71
86 72
86 76
86 81
86 82
86 83
86 87
86 89
86 92
86 93
86 94
86 96
86 101
86 104
86 109
86 113
86 116
86 117
86 119
86 121
86 122
86 124
86 125
87 1
87 2
87 3
87 13
87 20
87 25
87 27
87 30
87 32
87 36
87 37
87 43
87 46
87 47
87 49
87 53
87 61
87 68
87 69
87 72
87 74
87 77
87 79
87 85
87 86
87 88
87 93
87 97
87 100
87 101
87 108
87 109
87 112
87 116
87 122
87 123
88 4
88 5
88 7
88 10
88 13
88 14
88 15
88 16
88 18
88 19
88 23
88 25
88 27
88 37
88 38
88 41
88 43
88 44
88 45
88 59
88 63
88 67
88 69
88 70
88 73
88 79
88 85
88 87
88 88
88 89
88 97
88 100
88 106
88 107
88 115
88 116
88 121
88 122
88 123
88 124
88 126
89 6
89 14
89 15
89 16
89 18
89 20
89 21
89 22
89 23
89 32
89 33
89 34
89 35
89 37
89 39
89 43
89 44
89 47
89 49
89 51
89 52
89 54
89 56
89 59
89 65
89 67
89 81
89 82
89 86
89 88
89 90
89 96
89 99
89 103
89 108
89 111
89 113
89 117
89 118
90 0
90 3
90 4
90 7
90 13
90 17
90 19
90 26
90 27
90 34
90 36
90 37
90 42
90 45
90 48
90 53
90 60
90 63
90 70
90 72
90 73
90 75
90 84
90 86
90 87
90 88
90 92
90 94
90 96
90 100
90 104
90 106
90 109
90 111
90 112
90 113
90 117
90 127
91 0
91 2
91 7
91 11
91 12
91 14
91 23
91 39
91 41
91 43
91 46
91 61
91 63
91 65
91 66
91 67
91 69
91 70
91 72
91 75
91 76
91 79
91 81
91 82
91 83
91 84
91 93
91 95
91 97
91 98
91 100
91 101
91 104
91 105
91 108
91 111
91 117
91 118
91 122
91 124
91 127
92 1
92 2
92 4
92 5
92 6
92 9
92 11
92 16
92 23
92 25
92 29
92 32
92 33
92 36
92 37
92 39
92 40
92 44
92 46
92 47
92 49
92 50
92 51
92 53
92 55
92 63
92 76
92 84
92 89
92 92
92 94
92 104
92 106
92 111
92 113
92 117
92 121
92 124
93 3
93 4
93 5
93 11
93 15
93 20
93 25
93 27
93 29
93 34
93 37
93 45
93 47
93 49
93 50
93 51
93 53
93 62
93 65
93 67
93 68
93 70
93 78
93 83
93 89
93 90
93 94
93 99
93 101
93 102
93 106
93 110
93 125
93 127
94 3
94 16
94 28
94 29
94 30
94 33
94 34
94 35
94 43
94 47
94 48
94 57
94 59
94 60
94 69
94 70
94 71
94 73
94 74
94 77
94 78
94 80
94 84
94 88
94 90
94 98
94 100
94 102
94 107
94 110
94 120
94 126
95 0
95 9
95 11
95 15
95 24
95 25
95 26
95 29
95 34
95 40
95 44
95 45
95 49
95 50
95 51
95 60
95 61
95 67
95 69
95 72
95 73
95 74
95 75
95 76
95 77
95 82
95 85
95 89
95 91
95 96
95 97
95 98
95 100
95 104
95 106
95 110
95 111
95 112
95 121
95 122
95 123
95 127
96 1
96 5
96 12
96 13
96 15
96 18
96 25
96 28
96 31
96 33
96 34
96 35
96 40
96 45
96 47
96 53
96 56
96 64
96 65
96 68
96 73
96 78
96 79
96 81
96 86
96 88
96 101
96 102
96 106
96 111
96 116
96 122
96 127
97 0
97 1
97 2
97 6
97 11
97 17
97 19
97 21
97 22
97 27
97 28
97 40
97 43
97 44
97 47
97 51
97 55
97 60
97 61
97 64
97 68
97 70
97 71
97 73
97 75
97 79
97 80
97 82
97 85
97 92
97 95
97 98
97 99
97 112
97 114
97 116
97 118
97 120
97 122
97 125
97 127
98 0
98 4
98 5
98 7
98 9
98 12
98 17
98 18
98 22
98 23
98 26
98 29
98 33
98 34
98 38
98 46
98 48
98 53
98 55
98 56
98 57
98 63
98 68
98 71
98 73
98 74
98 82
98 84
98 87
98 88
98 89
98 93
98 101
98 103
98 106
98 110
98 111
98 112
98 113
98 116
98 122
98 123
98 125
99 0
99 1
99 3
99 5
99 6
99 7
99 10
99 12
99 16
99 17
99 19
99 21
99 24
99 27
99 30
99 34
99 35
99 36
99 38
99 39
99 42
99 45
99 46
99 50
99 57
99 60
99 67
99 68
99 73
99 82
99 86
99 89
99 90
99 93
99 94
99 95
99 97
99 98
99 99
99 100
99 103
99 104
99 109
99 112
99 115
99 118
99 119
99 120
99 125
99 127
100 1
100 7
100 8
100 10
100 11
100 14
100 17
100 19
100 20
100 23
100 28
100 31
100 32
100 33
100 36
100 40
100 42
100 43
100 45
100 53
100 54
100 55
100 58
100 61
100 64
100 67
100 72
100 77
100 79
100 101
100 103
100 111
100 117
100 118
100 120
100 123
100 126
100 127
101 1
101 4
101 6
101 7
101 13
101 15
101 19
101 22
101 31
101 42
101 43
101 46
101 49
101 50
101 55
101 57
101 59
101 60
101 62
101 70
101 71
101 74
101 81
101 83
101 84
101 86
101 92
101 100
101 102
101 103
101 110
101 113
101 115
101 117
101 121
101 123
101 127
102 1
102 8
102 12
102 13
102 17
102 26
102 31
102 32
102 46
102 49
102 57
102 60
102 61
102 65
102 68
102 70
102 72
102 75
102 76
102 78
102 83
102 87
102 88
102 99
102 100
102 107
102 114
102 124
102 125
103 2
103 20
103 21
103 25
103 27
103 28
103 29
103 30
103 32
103 40
103 45
103 46
103 49
103 50
103 52
103 54
103 55
103 56
103 59
103 63
103 71
103 72
103 73
103 79
103 80
103 81
103 83
103 87
103 89
103 95
103 101
103 108
103 109
103 117
104 0
104 1
104 3
104 5
104 10
104 15
104 18
104 29
104 32
104 33
104 36
104 40
104 43
104 45
104 49
104 51
104 54
104 58
104 59
104 62
104 63
104 66
104 69
104 70
104 73
104 74
104 76
104 77
104 83
104 88
104 92
104 93
104 94
104 96
104 97
104 98
104 101
104 105
104 108
104 109
104 110
104 117
104 118
104 123
104 127
105 6
105 9
105 18
105 20
105 21
105 22
105 25
105 29
105 30
105 33
105 37
105 46
105 47
105 48
105 49
105 53
105 55
105 57
105 59
105 63
105 66
105 68
105 69
105 71
105 77
105 91
105 92
105 93
105 98
105 100
105 102
105 107
105 108
105 110
105 115
105 117
105 119
105 120
105 121
105 126
106 1
106 4
106 12
106 14
106 17
106 18
106 19
106 20
106 22
106 25
106 28
106 36
106 39
106 42
106 46
106 48
106 49
106 53
106 57
106 61
106 63
106 64
106 68
106 69
106 72
106 78
106 80
106 87
106 89
106 90
106 95
106 99
106 102
106 103
106 105
106 118
106 119
106 124
106 125
106 126
107 0
107 2
107 7
107 13
107 14
107 15
107 16
107 21
107 25
107 27
107 30
107 32
107 34
107 36
107 40
107 41
107 42
107 43
107 48
107 50
107 51
107 52
107 62
107 64
107 68
107 70
107 74
107 76
107 82
107 87
107 88
107 90
107 95
107 100
107 103
107 104
107 106
107 110
107 112
107 113
107 114
107 118
107 120
107 121
107 122
107 126
108 0
108 1
108 3
108 9
108 11
108 13
108 17
108 18
108 19
108 22
108 25
108 28
108 33
108 36
108 38
108 42
108 44
108 46
108 51
108 52
108 57
108 59
108 65
108 67
108 69
108 72
108 77
108 79
108 83
108 84
108 85
108 89
108 91
108 93
108 95
108 96
108 100
108 101
108 115
108 122
109 6
109 8
109 11
109 17
109 21
109 23
109 26
109 28
109 38
109 45
109 49
109 51
109 53
109 56
109 57
109 59
109 64
109 68
109 70
109 76
109 78
109 79
109 80
109 81
109 84
109 85
109 88
109 93
109 97
109 103
109 105
109 107
109 111
109 115
109 116
109 119
109 121
109 125
110 2
110 11
110 15
110 16
110 35
110 38
110 40
110 41
110 42
110 43
110 46
110 47
110 48
110 52
110 56
110 63
110 66
110 67
110 74
110 75
110 76
110 77
110 78
110 80
110 89
110 92
110 94
110 100
110 111
110 113
110 114
110 120
111 0
111 6
111 15
111 17
111 25
111 26
111 33
111 38
111 41
111 45
111 47
111 50
111 54
111 55
111 56
111 57
111 63
111 65
111 76
111 81
111 82
111 86
111 92
111 94
111 96
111 99
111 101
111 103
111 108
111 109
111 110
111 113
111 114
111 116
111 119
111 127
112 3
112 5
112 11
112 12
112 13
112 15
112 16
112 19
112 20
112 24
112 27
112 30
112 31
112 33
112 35
112 38
112 39
112 42
112 43
112 56
112 58
112 59
112 60
112 63
112 64
112 65
112 69
112 70
112 71
112 72
112 75
112 76
112 80
112 82
112 83
112 84
112 86
112 89
112 90
112 94
112 97
112 101
112 104
112 105
112 108
112 109
112 111
112 112
112 114
112 120
112 122
112 123
113 0
113 1
113 5
113 7
113 8
113 13
113 15
113 26
113 33
113 35
113 39
113 45
113 48
113 55
113 61
113 62
113 67
113 72
113 76
113 77
113 83
113 84
113 87
113 91
113 105
113 107
113 122
113 124
114 6
114 15
114 22
114 23
114 26
114 29
114 30
114 31
114 34
114 37
114 41
114 45
114 46
114 48
114 51
114 52
114 65
114 72
114 74
114 75
114 77
114 79
114 82
114 83
114 87
114 96
114 97
114 98
114 99
114 102
114 103
114 104
114 105
114 119
114 120
114 121
115 4
115 5
115 6
115 8
115 12
115 15
115 16
115 25
115 28
115 32
115 37
115 38
115 40
115 43
115 44
115 46
115 51
115 56
115 58
115 66
115 68
115 72
115 76
115 77
115 81
115 83
115 88
115 89
115 91
115 92
115 94
115 95
115 97
115 99
115 101
115 103
115 105
115 109
115 111
115 113
115 115
115 116
115 117
115 120
115 122
115 127
116 1
116 2
116 6
116 8
116 15
116 20
116 25
116 28
116 29
116 30
116 33
116 38
116 41
116 49
116 59
116 61
116 63
116 67
116 74
116 75
116 78
116 82
116 83
116 87
116 90
116 92
116 98
116 99
116 103
116 108
116 114
116 116
116 118
116 119
116 121
116 124
116 127
117 6
117 7
117 8
117 17
117 25
117 26
117 27
117 28
117 29
117 34
117 36
117 39
117 45
117 50
117 52
117 54
117 59
117 60
117 61
117 63
117 65
117 67
117 68
117 71
117 73
117 76
117 78
117 80
117 81
117 87
117 94
117 96
117 97
117 99
117 112
117 116
117 118
117 119
117 120
117 122
117 125
118 4
118 10
118 11
118 17
118 25
118 28
118 29
118 30
118 31
118 32
118 36
118 40
118 43
118 45
118 48
118 50
118 53
118 55
118 59
118 61
118 64
118 67
118 70
118 71
118 73
118 75
118 77
118 80
118 81
118 84
118 86
118 87
118 90
118 94
118 95
118 96
118 102
118 105
118 107
118 108
118 109
118 114
118 117
118 118
118 119
118 121
118 122
118 123
119 5
119 9
119 13
119 19
119 21
119 22
119 26
119 38
119 44
119 46
119 47
119 50
119 51
119 53
119 59
119 62
119 63
119 73
119 76
119 82
119 86
119 88
119 89
119 90
119 95
119 99
119 104
119 108
119 110
119 112
119 113
119 114
119 116
119 118
119 120
119 121
119 124
119 125
120 5
120 8
120 9
120 12
120 14
120 20
120 33
120 37
120 40
120 44
120 46
120 47
120 49
120 50
120 54
120 56
120 62
120 63
120 65
120 67
120 69
120 73
120 79
120 80
120 81
120 82
120 83
120 86
120 88
120 91
120 94
120 95
120 97
120 98
120 101
120 106
120 108
120 109
120 115
120 116
120 125
120 126
121 1
121 22
121 24
121 29
121 35
121 36
121 37
121 38
121 40
121 43
121 45
121 50
121 51
121 52
121 53
121 54
121 56
121 58
121 59
121 60
121 67
121 68
121 70
121 71
121 82
121 83
121 86
121 89
121 91
121 92
121 93
121 95
121 99
121 104
121 111
121 112
121 113
121 116
121 119
121 122
122 4
122 5
122 9
122 19
122 20
122 21
122 23
122 28
122 29
122 31
122 36
122 39
122 48
122 50
122 55
122 61
122 91
122 92
122 96
122 103
122 104
122 110
122 115
122 123
122 124
122 125
122 127
123 3
123 6
123 9
123 11
123 12
123 16
123 20
123 21
123 25
123 30
123 34
123 39
123 46
123 48
123 49
123 51
123 52
123 56
123 58
123 64
123 66
123 73
123 75
123 76
123 78
123 79
123 80
123 83
123 84
123 85
123 88
123 90
123 92
123 94
123 108
123 115
123 118
123 119
123 123
123 126
124 2
124 3
124 5
124 7
124 8
124 11
124 14
124 16
124 18
124 21
124 24
124 30
124 31
124 33
124 34
124 37
124 40
124 45
124 46
124 47
124 53
124 58
124 59
124 63
124 66
124 68
124 71
124 73
124 74
124 81
124 83
124 84
124 87
124 90
124 91
124 98
124 102
124 105
124 110
124 115
124 119
124 123
124 125
125 3
125 5
125 6
125 9
125 13
125 15
125 16
125 17
125 24
125 26
125 29
125 32
125 34
125 39
125 40
125 44
125 50
125 52
125 55
125 60
125 71
125 73
125 76
125 81
125 82
125 87
125 89
125 95
125 98
125 99
125 103
125 107
125 112
125 114
125 117
125 118
125 125
125 126
126 2
126 14
126 15
126 16
126 21
126 22
126 24
126 27
126 30
126 38
126 39
126 40
126 42
126 46
126 47
126 48
126 50
126 51
126 52
126 57
126 59
126 67
126 69
126 71
126 72
126 73
126 82
126 83
126 87
126 90
126 94
126 97
126 111
126 115
126 117
126 118
126 120
126 121
127 1
127 2
127 18
127 21
127 24
127 28
127 29
127 32
127 33
127 38
127 39
127 40
127 42
127 43
127 51
127 55
127 57
127 58
127 59
127 67
127 74
127 80
127 81
127 87
127 94
127 109
127 118
127 121
127 124
