0 0
0 3
0 12
0 16
0 38
0 46
0 47
0 68
0 69
0 75
0 77
0 78
0 80
0 82
0 97
0 104
0 107
0 117
0 121
1 1
1 2
1 12
1 17
1 19
1 21
1 32
1 35
1 41
1 45
1 48
1 51
1 55
1 59
1 66
1 71
1 80
1 81
2 4
2 5
2 6
2 15
2 20
2 22
2 25
2 29
2 30
2 31
2 39
2 41
2 53
2 54
2 56
2 60
2 64
2 65
2 81
2 86
2 89
2 90
2 92
2 94
2 97
2 99
2 102
2 107
2 109
2 110
2 112
2 114
2 115
2 122
2 125
3 4
3 15
3 29
3 35
3 36
3 38
3 45
3 48
3 59
3 61
3 62
3 68
3 73
3 74
3 75
3 76
3 77
3 83
3 85
3 88
3 96
3 100
3 104
3 106
3 108
3 123
4 4
4 6
4 7
4 8
4 11
4 14
4 17
4 20
4 27
4 36
4 42
4 62
4 63
4 64
4 68
4 69
4 71
4 73
4 78
4 84
4 89
4 93
4 95
4 99
4 103
4 105
4 108
4 110
4 112
4 126
5 2
5 5
5 6
5 15
5 16
5 18
5 31
5 41
5 44
5 47
5 48
5 63
5 64
5 67
5 68
5 69
5 70
5 72
5 74
5 78
5 80
5 82
5 89
5 91
5 97
5 102
5 103
5 109
5 112
5 113
5 119
5 121
5 126
6 1
6 9
6 11
6 18
6 30
6 40
6 42
6 48
6 65
6 67
6 72
6 78
6 79
6 88
6 89
6 94
6 95
6 99
6 100
6 105
6 111
6 120
6 126
7 3
7 15
7 19
7 27
7 32
7 40
7 41
7 50
7 52
7 69
7 71
7 73
7 75
7 79
7 83
7 85
7 86
7 97
7 98
7 99
7 101
7 102
7 104
7 113
7 115
7 119
7 125
8 6
8 10
8 12
8 13
8 19
8 26
8 34
8 35
8 37
8 40
8 44
8 68
8 73
8 76
8 80
8 87
8 91
8 95
8 96
8 100
8 102
8 110
8 111
8 123
8 124
8 126
9 1
9 10
9 11
9 15
9 18
9 23
9 30
9 34
9 37
9 40
9 42
9 43
9 44
9 49
9 51
9 58
9 66
9 71
9 79
9 95
9 112
9 116
9 119
9 126
10 0
10 1
10 17
10 45
10 47
10 48
10 55
10 58
10 64
10 66
10 68
10 69
10 81
10 86
10 93
10 99
10 103
10 104
10 106
10 115
10 120
10 127
11 2
11 6
11 9
11 14
11 23
11 29
11 33
11 36
11 37
11 42
11 45
11 52
11 58
11 75
11 76
11 82
11 91
11 92
11 96
11 101
11 103
11 112
11 114
11 117
11 119
11 120
11 124
12 0
12 1
12 15
12 16
12 17
12 18
12 19
12 39
12 40
12 41
12 42
12 47
12 54
12 76
12 88
12 91
12 92
12 95
12 98
12 100
12 105
12 120
12 124
12 126
13 2
13 3
13 15
13 17
13 18
13 19
13 21
13 28
13 30
13 31
13 47
13 51
13 66
13 71
13 75
13 76
13 80
13 87
13 91
13 97
13 99
13 107
13 109
13 110
13 119
14 1
14 6
14 15
14 18
14 25
14 30
14 37
14 38
14 40
14 52
14 56
14 57
14 59
14 60
14 62
14 64
14 79
14 80
14 84
14 94
14 107
14 110
15 0
15 3
15 4
15 8
15 19
15 20
15 21
15 22
15 24
15 34
15 38
15 39
15 49
15 56
15 61
15 65
15 67
15 74
15 79
15 80
15 85
15 86
15 89
15 93
15 98
15 106
15 110
15 111
15 118
15 120
15 125
15 127
16 3
16 4
16 8
16 12
16 17
16 32
16 35
16 36
16 44
16 50
16 59
16 64
16 71
16 72
16 74
16 76
16 91
16 96
16 97
16 101
16 104
16 105
16 115
16 127
17 0
17 3
17 4
17 9
17 10
17 17
17 22
17 24
17 30
17 34
17 36
17 37
17 49
17 53
17 60
17 61
17 63
17 64
17 73
17 77
17 78
17 89
17 93
17 98
17 100
17 108
17 124
17 125
18 0
18 1
18 2
18 4
18 11
18 21
18 25
18 27
18 28
18 30
18 35
18 40
18 41
18 71
18 72
18 77
18 83
18 87
18 89
18 93
18 94
18 98
18 99
18 101
18 115
18 116
18 117
18 119
18 123
18 127
19 4
19 6
19 12
19 16
19 19
19 22
19 23
19 24
19 31
19 34
19 42
19 47
19 51
19 54
19 56
19 65
19 68
19 70
19 78
19 80
19 82
19 96
19 100
19 115
19 120
20 9
20 12
20 17
20 20
20 24
20 27
20 28
20 40
20 41
20 56
20 58
20 62
20 65
20 68
20 75
20 77
20 82
20 83
20 87
20 92
20 95
20 98
20 103
20 108
20 117
20 125
21 17
21 21
21 29
21 45
21 50
21 59
21 65
21 67
21 68
21 69
21 71
21 73
21 76
21 78
21 85
21 88
21 90
21 92
21 96
21 105
21 122
21 127
22 3
22 9
22 12
22 19
22 22
22 31
22 41
22 48
22 53
22 54
22 59
22 82
22 83
22 93
22 99
22 100
22 104
22 112
22 115
22 122
23 4
23 9
23 11
23 19
23 26
23 30
23 43
23 44
23 53
23 56
23 57
23 65
23 67
23 69
23 78
23 81
23 93
23 99
23 101
23 104
23 105
23 121
23 125
24 0
24 1
24 3
24 7
24 13
24 17
24 21
24 23
24 24
24 26
24 49
24 53
24 58
24 60
24 63
24 66
24 67
24 69
24 71
24 78
24 94
24 97
24 99
24 109
24 118
24 124
25 9
25 12
25 14
25 22
25 29
25 33
25 36
25 37
25 49
25 50
25 52
25 54
25 70
25 72
25 75
25 79
25 81
25 84
25 85
25 90
25 94
25 102
25 109
25 117
25 118
25 119
25 120
25 126
25 127
26 4
26 33
26 47
26 60
26 61
26 67
26 70
26 79
26 84
26 85
26 90
26 95
26 104
26 112
26 115
26 117
26 118
26 127
27 16
27 17
27 19
27 20
27 24
27 27
27 30
27 43
27 44
27 56
27 59
27 60
27 63
27 64
27 76
27 77
27 80
27 83
27 86
27 95
27 96
27 98
27 100
27 103
27 123
28 8
28 22
28 25
28 27
28 31
28 36
28 42
28 44
28 45
28 55
28 56
28 58
28 60
28 66
28 76
28 77
28 81
28 89
28 90
28 96
28 97
28 104
28 114
28 119
28 120
28 124
28 126
29 1
29 2
29 13
29 16
29 19
29 20
29 24
29 30
29 36
29 43
29 51
29 52
29 58
29 70
29 72
29 74
29 75
29 89
29 103
29 110
29 118
29 120
29 124
29 127
30 2
30 4
30 16
30 37
30 40
30 42
30 46
30 54
30 56
30 57
30 67
30 72
30 76
30 77
30 80
30 83
30 90
30 92
30 96
30 101
30 102
30 104
30 115
30 121
30 127
31 1
31 30
31 31
31 34
31 38
31 39
31 42
31 53
31 60
31 66
31 67
31 71
31 73
31 80
31 98
31 104
31 105
31 120
31 125
31 126
31 127
32 16
32 20
32 22
32 27
32 28
32 41
32 44
32 52
32 53
32 59
32 60
32 64
32 65
32 70
32 73
32 74
32 79
32 85
32 86
32 89
32 92
32 99
32 103
32 105
32 110
32 112
32 113
32 116
32 118
32 126
33 0
33 7
33 9
33 14
33 15
33 22
33 29
33 31
33 41
33 54
33 55
33 67
33 70
33 71
33 76
33 81
33 84
33 89
33 95
33 98
33 108
33 114
33 121
33 127
34 6
34 10
34 15
34 21
34 26
34 31
34 32
34 33
34 36
34 42
34 54
34 62
34 64
34 69
34 79
34 82
34 83
34 85
34 88
34 90
34 93
34 99
34 100
34 105
34 115
34 121
34 124
34 125
34 126
35 0
35 11
35 27
35 30
35 32
35 35
35 40
35 47
35 48
35 49
35 64
35 72
35 74
35 78
35 79
35 87
35 91
35 102
35 108
35 112
35 121
36 5
36 9
36 10
36 14
36 40
36 46
36 49
36 52
36 54
36 62
36 64
36 66
36 68
36 70
36 72
36 85
36 86
36 89
36 91
36 96
36 103
36 110
36 120
37 1
37 3
37 19
37 22
37 26
37 37
37 49
37 54
37 60
37 66
37 74
37 79
37 81
37 91
37 92
37 104
37 108
37 114
37 115
37 118
37 119
37 123
38 1
38 6
38 9
38 11
38 32
38 34
38 36
38 38
38 41
38 42
38 45
38 47
38 48
38 49
38 50
38 51
38 54
38 58
38 75
38 81
38 82
38 87
38 101
38 102
38 108
38 110
38 119
38 121
39 1
39 8
39 14
39 16
39 20
39 30
39 31
39 33
39 39
39 41
39 52
39 57
39 60
39 66
39 69
39 70
39 76
39 77
39 80
39 85
39 89
39 91
39 93
39 101
39 104
39 106
39 114
39 117
39 125
39 127
40 0
40 9
40 11
40 13
40 14
40 24
40 30
40 32
40 37
40 42
40 44
40 52
40 55
40 62
40 64
40 67
40 68
40 74
40 75
40 79
40 81
40 82
40 86
40 88
40 94
40 96
40 102
40 110
40 117
40 119
40 124
40 126
41 1
41 6
41 11
41 14
41 15
41 19
41 22
41 32
41 39
41 40
41 42
41 50
41 52
41 56
41 67
41 68
41 70
41 71
41 72
41 74
41 78
41 84
41 86
41 95
41 98
41 101
41 102
41 103
41 104
41 106
41 107
41 109
41 111
41 116
41 125
41 126
41 127
42 2
42 11
42 14
42 15
42 19
42 26
42 28
42 40
42 41
42 58
42 76
42 77
42 79
42 82
42 98
42 104
42 114
42 117
42 118
42 120
42 121
43 2
43 3
43 4
43 9
43 11
43 12
43 20
43 24
43 27
43 28
43 29
43 30
43 37
43 39
43 42
43 48
43 49
43 53
43 58
43 63
43 67
43 78
43 79
43 82
43 88
43 95
43 96
43 97
43 98
43 101
43 106
43 109
43 119
43 120
43 126
44 3
44 4
44 8
44 11
44 16
44 20
44 24
44 27
44 30
44 40
44 46
44 50
44 55
44 57
44 58
44 63
44 76
44 81
44 82
44 84
44 87
44 90
44 96
44 108
44 114
44 119
44 120
45 9
45 12
45 22
45 40
45 46
45 47
45 56
45 59
45 60
45 62
45 63
45 66
45 72
45 79
45 89
45 92
45 105
45 107
45 110
45 114
45 123
45 124
45 125
46 3
46 19
46 20
46 29
46 40
46 43
46 49
46 50
46 52
46 70
46 71
46 76
46 82
46 91
46 93
46 97
46 99
46 104
46 108
46 118
46 120
47 1
47 6
47 13
47 18
47 24
47 29
47 41
47 42
47 46
47 58
47 60
47 74
47 75
47 81
47 83
47 86
47 91
47 92
47 94
47 97
47 99
47 103
47 104
47 110
47 111
47 118
47 124
47 125
48 1
48 5
48 7
48 18
48 21
48 22
48 28
48 43
48 48
48 57
48 58
48 60
48 61
48 71
48 84
48 86
48 90
48 98
48 100
48 102
48 108
48 109
48 111
48 115
48 117
48 118
48 122
48 124
48 125
48 127
49 4
49 8
49 14
49 37
49 40
49 41
49 49
49 50
49 59
49 65
49 66
49 67
49 69
49 80
49 85
49 88
49 94
49 100
49 106
49 107
49 109
49 117
49 120
49 123
49 124
50 2
50 8
50 11
50 35
50 46
50 51
50 52
50 54
50 73
50 75
50 85
50 94
50 98
50 101
50 103
50 109
50 112
50 115
51 10
51 18
51 21
51 26
51 31
51 32
51 39
51 49
51 50
51 58
51 67
51 71
51 77
51 84
51 85
51 88
51 92
51 93
51 95
51 101
51 107
51 114
51 117
51 119
51 120
51 122
52 2
52 6
52 7
52 9
52 17
52 22
52 24
52 27
52 36
52 49
52 50
52 54
52 57
52 64
52 66
52 76
52 78
52 81
52 82
52 86
52 93
52 97
52 100
52 103
52 107
52 115
52 120
53 1
53 6
53 7
53 10
53 17
53 28
53 38
53 41
53 48
53 49
53 61
53 64
53 68
53 69
53 70
53 76
53 81
53 85
53 92
53 93
53 94
53 96
53 98
53 106
53 107
53 110
53 119
53 123
53 126
54 6
54 9
54 10
54 12
54 19
54 21
54 22
54 23
54 27
54 31
54 37
54 42
54 48
54 50
54 53
54 55
54 64
54 65
54 66
54 68
54 72
54 78
54 93
54 94
54 100
54 101
54 105
54 112
54 115
54 118
54 122
55 2
55 8
55 10
55 14
55 17
55 20
55 30
55 37
55 38
55 41
55 52
55 59
55 65
55 66
55 69
55 70
55 76
55 79
55 94
55 95
55 105
55 113
56 3
56 11
56 16
56 19
56 21
56 22
56 23
56 43
56 44
56 45
56 58
56 72
56 86
56 87
56 90
56 101
56 105
56 107
56 109
56 110
56 114
56 118
57 13
57 15
57 20
57 21
57 22
57 28
57 29
57 33
57 34
57 38
57 40
57 42
57 48
57 54
57 55
57 57
57 64
57 68
57 76
57 83
57 93
57 94
57 102
57 103
57 114
57 117
57 120
58 1
58 2
58 4
58 7
58 8
58 18
58 30
58 31
58 33
58 42
58 44
58 46
58 49
58 52
58 59
58 62
58 67
58 72
58 76
58 79
58 80
58 83
58 89
58 90
58 92
58 93
58 98
58 99
58 104
58 109
58 112
58 115
58 122
59 9
59 10
59 11
59 13
59 17
59 22
59 25
59 32
59 38
59 44
59 46
59 50
59 69
59 72
59 77
59 81
59 83
59 90
59 95
59 99
59 100
59 102
59 107
59 108
59 110
59 113
59 116
60 4
60 5
60 10
60 12
60 15
60 17
60 21
60 27
60 30
60 32
60 41
60 45
60 47
60 49
60 55
60 56
60 60
60 70
60 72
60 78
60 94
60 100
60 104
60 107
60 119
60 127
61 0
61 6
61 8
61 10
61 13
61 14
61 17
61 19
61 26
61 31
61 33
61 41
61 42
61 44
61 45
61 50
61 55
61 59
61 61
61 62
61 65
61 72
61 73
61 86
61 102
61 103
61 104
61 106
61 120
61 122
61 124
61 125
61 126
62 1
62 2
62 4
62 16
62 25
62 28
62 30
62 40
62 46
62 58
62 59
62 69
62 75
62 80
62 84
62 95
62 102
62 104
62 110
62 111
62 114
62 122
63 0
63 4
63 12
63 15
63 19
63 24
63 26
63 29
63 37
63 44
63 45
63 53
63 62
63 65
63 66
63 67
63 73
63 75
63 76
63 78
63 80
63 90
63 108
63 111
63 113
63 116
63 117
64 7
64 12
64 25
64 26
64 42
64 43
64 44
64 54
64 58
64 61
64 62
64 67
64 72
64 77
64 81
64 91
64 93
64 101
65 2
65 11
65 13
65 15
65 27
65 38
65 39
65 42
65 46
65 48
65 52
65 57
65 61
65 66
65 68
65 75
65 88
65 91
65 92
65 109
65 115
65 117
66 6
66 11
66 17
66 25
66 32
66 42
66 44
66 46
66 58
66 62
66 72
66 75
66 76
66 78
66 89
66 99
66 105
66 110
66 120
67 2
67 3
67 5
67 8
67 12
67 22
67 28
67 30
67 34
67 36
67 44
67 46
67 51
67 56
67 59
67 67
67 69
67 73
67 74
67 79
67 87
67 91
67 93
67 100
67 108
67 112
67 113
67 114
67 115
67 119
67 120
67 124
68 2
68 5
68 6
68 7
68 22
68 24
68 29
68 32
68 36
68 38
68 40
68 43
68 47
68 48
68 55
68 56
68 59
68 61
68 69
68 72
68 85
68 103
68 107
68 112
68 120
68 121
68 124
68 127
69 4
69 6
69 8
69 12
69 17
69 19
69 20
69 28
69 29
69 32
69 34
69 38
69 43
69 48
69 54
69 56
69 57
69 59
69 65
69 75
69 81
69 90
69 93
69 96
69 99
69 113
69 116
69 118
69 123
70 2
70 6
70 10
70 15
70 18
70 26
70 27
70 29
70 30
70 32
70 43
70 46
70 49
70 50
70 54
70 70
70 73
70 78
70 82
70 89
70 92
70 105
70 113
70 116
70 119
71 5
71 6
71 12
71 13
71 17
71 21
71 23
71 24
71 25
71 31
71 36
71 44
71 45
71 50
71 59
71 65
71 68
71 70
71 91
71 94
71 95
71 97
71 98
71 100
71 102
71 104
71 113
71 120
71 122
71 126
72 0
72 2
72 15
72 18
72 19
72 20
72 24
72 26
72 27
72 30
72 35
72 38
72 39
72 40
72 50
72 61
72 66
72 69
72 70
72 71
72 74
72 79
72 85
72 89
72 95
72 100
72 101
72 102
72 104
72 106
72 107
72 110
72 121
73 0
73 1
73 11
73 12
73 21
73 34
73 36
73 39
73 44
73 45
73 47
73 48
73 51
73 52
73 60
73 69
73 70
73 72
73 73
73 79
73 83
73 84
73 86
73 120
74 3
74 14
74 15
74 22
74 25
74 35
74 37
74 49
74 50
74 51
74 55
74 58
74 59
74 60
74 73
74 80
74 86
74 88
74 90
74 100
74 103
74 105
74 112
74 117
74 119
75 12
75 18
75 20
75 21
75 23
75 25
75 29
75 34
75 39
75 42
75 43
75 48
75 52
75 54
75 57
75 65
75 68
75 70
75 72
75 78
75 80
75 82
75 92
75 95
75 96
75 97
75 99
75 102
75 105
75 106
75 108
75 117
75 123
75 124
76 3
76 4
76 31
76 32
76 33
76 36
76 43
76 44
76 52
76 53
76 57
76 58
76 60
76 62
76 70
76 76
76 77
76 83
76 84
76 88
76 101
76 105
77 3
77 12
77 15
77 22
77 35
77 38
77 39
77 45
77 63
77 65
77 78
77 86
77 91
77 96
77 97
77 98
77 100
77 114
77 120
77 122
78 6
78 7
78 34
78 35
78 40
78 70
78 77
78 85
78 87
78 92
78 97
78 105
78 108
78 117
78 122
78 124
78 125
79 8
79 23
79 26
79 30
79 32
79 35
79 41
79 47
79 53
79 54
79 57
79 61
79 68
79 70
79 73
79 74
79 83
79 86
79 92
79 103
79 113
79 116
80 1
80 2
80 6
80 39
80 59
80 72
80 79
80 80
80 82
80 88
80 94
80 105
80 106
80 111
80 112
80 113
80 114
80 115
80 123
80 126
81 12
81 21
81 40
81 54
81 56
81 57
81 59
81 60
81 62
81 63
81 67
81 69
81 91
81 97
81 106
81 110
81 117
81 118
81 120
81 121
81 122
81 124
82 4
82 8
82 16
82 18
82 23
82 25
82 26
82 28
82 32
82 33
82 34
82 35
82 36
82 40
82 41
82 57
82 59
82 61
82 63
82 65
82 76
82 83
82 84
82 89
82 92
82 102
82 103
82 112
82 124
83 0
83 1
83 2
83 7
83 17
83 42
83 53
83 54
83 55
83 57
83 58
83 59
83 62
83 63
83 64
83 70
83 72
83 74
83 80
83 81
83 83
83 84
83 87
83 94
83 100
83 103
83 105
83 107
83 108
83 109
83 112
83 116
83 122
84 0
84 2
84 9
84 13
84 15
84 18
84 19
84 26
84 29
84 34
84 47
84 51
84 64
84 66
84 67
84 69
84 77
84 78
84 83
84 85
84 95
84 97
84 100
84 101
84 117
84 121
84 124
84 125
85 8
85 14
85 17
85 20
85 27
85 33
85 39
85 41
85 47
85 52
85 61
85 67
85 73
85 82
85 90
85 106
85 108
85 110
85 111
85 112
85 123
86 7
86 19
86 26
86 28
86 33
86 34
86 35
86 37
86 38
86 41
86 42
86 44
86 75
86 81
86 83
86 87
86 89
86 93
86 95
86 97
86 98
86 101
86 105
86 119
86 122
86 124
87 10
87 16
87 23
87 25
87 28
87 33
87 37
87 38
87 49
87 52
87 53
87 56
87 60
87 65
87 67
87 71
87 78
87 79
87 84
87 87
87 89
87 94
87 97
87 106
87 109
87 111
87 114
87 123
88 7
88 8
88 17
88 25
88 38
88 43
88 44
88 48
88 51
88 52
88 57
88 59
88 65
88 67
88 68
88 70
88 75
88 80
88 82
88 106
88 107
88 112
88 125
88 126
89 7
89 8
89 16
89 20
89 32
89 37
89 45
89 58
89 61
89 68
89 76
89 77
89 87
89 93
89 96
89 98
89 106
89 114
89 118
89 125
90 0
90 6
90 7
90 9
90 12
90 14
90 17
90 20
90 25
90 27
90 30
90 37
90 42
90 43
90 49
90 52
90 54
90 60
90 64
90 65
90 66
90 67
90 75
90 76
90 82
90 94
90 103
90 112
90 118
90 123
90 125
91 0
91 2
91 4
91 13
91 15
91 16
91 19
91 22
91 25
91 45
91 47
91 52
91 61
91 75
91 76
91 81
91 98
91 101
91 103
91 105
91 108
91 111
91 118
91 124
91 126
91 127
92 5
92 15
92 31
92 35
92 39
92 45
92 49
92 52
92 72
92 76
92 79
92 82
92 92
92 106
92 114
93 6
93 7
93 10
93 11
93 13
93 21
93 22
93 32
93 35
93 36
93 40
93 52
93 58
93 63
93 64
93 79
93 82
93 86
93 88
93 96
93 102
93 113
93 115
93 121
93 122
93 125
93 127
94 0
94 17
94 23
94 33
94 36
94 37
94 39
94 40
94 41
94 43
94 44
94 60
94 65
94 66
94 70
94 71
94 73
94 74
94 76
94 91
94 95
94 100
94 104
94 107
94 112
94 115
94 122
94 124
95 7
95 12
95 21
95 22
95 31
95 36
95 38
95 49
95 50
95 51
95 56
95 59
95 63
95 64
95 65
95 68
95 70
95 71
95 73
95 77
95 81
95 82
95 86
95 87
95 92
95 95
95 96
95 110
95 119
95 124
96 1
96 2
96 7
96 18
96 20
96 26
96 27
96 35
96 41
96 43
96 44
96 46
96 51
96 55
96 56
96 65
96 69
96 72
96 73
96 76
96 77
96 79
96 83
96 91
96 92
96 97
96 107
96 108
96 114
96 119
96 121
96 127
97 3
97 4
97 11
97 12
97 15
97 20
97 23
97 25
97 26
97 33
97 34
97 36
97 39
97 43
97 44
97 46
97 48
97 50
97 52
97 54
97 57
97 62
97 67
97 74
97 78
97 82
97 83
97 87
97 89
97 101
97 111
97 117
97 118
97 119
97 123
97 124
97 125
97 127
98 2
98 5
98 16
98 20
98 23
98 27
98 28
98 35
98 40
98 50
98 55
98 78
98 79
98 86
98 88
98 105
98 107
98 112
98 116
98 126
99 3
99 8
99 9
99 11
99 17
99 28
99 43
99 47
99 58
99 70
99 78
99 85
99 87
99 90
99 110
99 111
99 115
99 120
99 126
100 2
100 7
100 19
100 20
100 30
100 34
100 35
100 39
100 44
100 46
100 49
100 50
100 56
100 59
100 60
100 62
100 64
100 70
100 73
100 76
100 81
100 83
100 98
100 99
100 102
100 103
100 112
100 115
100 120
100 121
101 5
101 6
101 8
101 15
101 18
101 23
101 35
101 37
101 42
101 43
101 48
101 51
101 54
101 60
101 67
101 69
101 73
101 75
101 80
101 90
101 98
101 105
101 109
101 110
101 111
101 122
101 123
102 1
102 5
102 8
102 13
102 17
102 18
102 21
102 23
102 24
102 25
102 28
102 31
102 35
102 55
102 63
102 72
102 77
102 81
102 88
102 99
102 107
102 109
102 114
102 117
103 0
103 14
103 16
103 17
103 25
103 34
103 46
103 57
103 59
103 65
103 68
103 71
103 75
103 82
103 84
103 95
103 103
103 106
103 108
103 114
103 118
103 120
103 122
103 126
104 3
104 15
104 20
104 23
104 31
104 32
104 35
104 38
104 54
104 56
104 76
104 78
104 79
104 87
104 90
104 92
104 98
104 99
104 119
104 120
104 121
104 127
105 3
105 12
105 16
105 17
105 19
105 24
105 31
105 35
105 41
105 42
105 47
105 51
105 52
105 53
105 56
105 61
105 65
105 74
105 77
105 80
105 83
105 84
105 85
105 86
105 91
105 92
105 95
105 101
105 110
105 113
106 7
106 8
106 18
106 19
106 22
106 26
106 28
106 37
106 38
106 45
106 46
106 52
106 54
106 67
106 68
106 91
106 93
106 104
106 110
106 113
106 115
106 118
106 119
106 126
107 5
107 9
107 16
107 20
107 21
107 22
107 24
107 31
107 41
107 62
107 63
107 72
107 92
107 93
107 94
107 98
107 99
107 100
107 101
107 105
107 107
107 109
107 117
107 122
107 127
108 0
108 2
108 5
108 10
108 20
108 28
108 29
108 30
108 34
108 37
108 43
108 47
108 49
108 50
108 52
108 69
108 73
108 80
108 81
108 83
108 84
108 85
108 86
108 102
108 103
108 105
108 111
108 123
108 124
108 125
109 2
109 4
109 7
109 8
109 14
109 25
109 26
109 27
109 37
109 55
109 60
109 70
109 77
109 78
109 79
109 85
109 88
109 89
109 95
109 102
109 105
109 108
109 110
109 120
109 125
110 0
110 4
110 7
110 8
110 15
110 18
110 36
110 45
110 47
110 51
110 52
110 57
110 68
110 73
110 84
110 87
110 88
110 91
110 93
110 95
110 102
110 104
110 105
110 111
110 112
110 127
111 1
111 2
111 10
111 19
111 20
111 23
111 24
111 26
111 27
111 36
111 40
111 45
111 46
111 48
111 55
111 57
111 62
111 66
111 71
111 75
111 77
111 85
111 87
111 89
111 95
111 104
111 106
111 107
111 110
111 115
112 0
112 7
112 16
112 25
112 27
112 29
112 30
112 36
112 38
112 40
112 53
112 58
112 80
112 85
112 88
112 93
112 95
112 105
112 109
112 110
112 114
112 121
112 124
112 127
113 9
113 10
113 14
113 15
113 16
113 19
113 30
113 34
113 37
113 43
113 53
113 60
113 68
113 80
113 81
113 87
113 96
113 110
113 115
113 124
113 125
114 6
114 9
114 15
114 24
114 25
114 31
114 35
114 37
114 45
114 50
114 55
114 56
114 60
114 70
114 77
114 79
114 80
114 83
114 84
114 87
114 88
114 94
114 96
114 115
114 118
114 120
115 0
115 7
115 9
115 12
115 14
115 15
115 19
115 24
115 29
115 31
115 38
115 51
115 64
115 66
115 69
115 70
115 97
115 99
115 102
115 118
115 121
115 127
116 5
116 10
116 15
116 17
116 19
116 27
116 33
116 42
116 44
116 45
116 46
116 49
116 53
116 64
116 75
116 76
116 78
116 79
116 88
116 89
116 92
116 93
116 100
116 123
116 125
116 126
117 2
117 6
117 8
117 9
117 18
117 23
117 37
117 39
117 51
117 57
117 65
117 68
117 69
117 70
117 74
117 78
117 81
117 82
117 83
117 86
117 88
117 107
117 110
117 116
117 123
117 124
117 125
118 5
118 6
118 10
118 12
118 20
118 28
118 31
118 40
118 45
118 51
118 54
118 60
118 66
118 70
118 86
118 93
118 94
118 99
118 101
118 105
118 111
118 115
118 118
118 119
118 121
119 3
119 17
119 22
119 31
119 36
119 40
119 51
119 52
119 56
119 68
119 89
119 95
119 104
119 105
119 121
119 125
120 8
120 18
120 22
120 34
120 70
120 75
120 84
120 87
120 94
120 113
120 114
121 9
121 10
121 18
121 21
121 22
121 38
121 39
121 48
121 52
121 55
121 56
121 59
121 80
121 89
121 108
121 109
121 110
121 114
121 115
121 125
122 0
122 2
122 3
122 5
122 25
122 27
122 45
122 49
122 54
122 60
122 61
122 67
122 68
122 69
122 73
122 82
122 85
122 92
122 95
122 101
122 103
122 104
122 115
122 118
122 126
123 0
123 1
123 5
123 12
123 15
123 18
123 19
123 23
123 32
123 36
123 37
123 39
123 46
123 57
123 60
123 87
123 90
123 92
123 96
123 100
123 103
123 107
123 123
124 2
124 5
124 10
124 13
124 14
124 24
124 31
124 34
124 51
124 52
124 55
124 57
124 59
124 61
124 63
124 68
124 74
124 75
124 76
124 81
124 82
124 92
124 95
124 97
124 99
124 104
124 106
124 108
124 124
125 8
125 13
125 19
125 27
125 34
125 36
125 37
125 45
125 47
125 51
125 53
125 57
125 71
125 87
125 88
125 103
125 104
125 107
125 123
125 124
126 1
126 13
126 19
126 27
126 28
126 30
126 33
126 37
126 40
126 43
126 48
126 50
126 51
126 57
126 60
126 61
126 66
126 73
126 76
126 78
126 85
126 88
126 91
126 93
126 99
126 100
126 115
126 116
126 119
126 123
126 124
127 0
127 6
127 8
127 9
127 12
127 13
127 15
127 19
127 20
127 21
127 34
127 37
127 40
127 60
127 61
127 62
127 67
127 68
127 69
127 73
127 77
127 78
127 84
127 88
127 89
127 93
127 97
127 98
127 99
127 106
127 110
127 113
127 124
127 127
