0 2
0 3
0 6
0 7
0 9
0 11
0 13
0 14
0 15
0 16
0 23
0 24
0 26
0 28
0 32
0 36
0 41
0 42
0 44
0 45
0 52
0 54
0 55
0 60
0 61
0 67
0 68
0 69
0 72
0 74
0 76
0 81
0 83
0 85
0 89
0 94
0 96
0 97
0 99
0 105
0 114
0 115
0 116
0 120
0 122
0 124
0 126
1 3
1 4
1 5
1 8
1 9
1 12
1 20
1 21
1 24
1 25
1 29
1 30
1 31
1 32
1 33
1 35
1 37
1 38
1 41
1 43
1 45
1 46
1 52
1 53
1 54
1 55
1 58
1 60
1 65
1 68
1 71
1 74
1 75
1 76
1 80
1 82
1 83
1 85
1 86
1 87
1 88
1 89
1 90
1 92
1 93
1 97
1 98
1 99
1 103
1 107
1 109
1 111
1 112
1 118
1 120
1 124
1 125
1 126
2 0
2 1
2 3
2 4
2 6
2 8
2 10
2 13
2 20
2 21
2 22
2 26
2 27
2 30
2 35
2 37
2 44
2 48
2 60
2 61
2 63
2 66
2 67
2 73
2 74
2 78
2 82
2 83
2 89
2 91
2 94
2 95
2 97
2 98
2 100
2 103
2 109
2 111
2 112
2 113
2 114
2 117
2 119
2 121
2 124
3 0
3 3
3 5
3 6
3 7
3 9
3 11
3 22
3 23
3 26
3 27
3 37
3 38
3 42
3 46
3 47
3 49
3 51
3 52
3 55
3 59
3 64
3 67
3 68
3 71
3 74
3 77
3 80
3 82
3 83
3 85
3 86
3 88
3 89
3 90
3 91
3 96
3 97
3 99
3 100
3 101
3 102
3 108
3 109
3 115
3 118
3 122
3 123
3 126
3 127
4 2
4 4
4 7
4 10
4 13
4 17
4 19
4 20
4 25
4 26
4 28
4 32
4 34
4 36
4 38
4 40
4 41
4 43
4 45
4 46
4 51
4 52
4 53
4 56
4 59
4 61
4 65
4 66
4 67
4 69
4 72
4 73
4 75
4 77
4 78
4 79
4 81
4 83
4 90
4 91
4 102
4 109
4 111
4 115
4 116
4 117
4 122
5 1
5 3
5 4
5 6
5 12
5 13
5 18
5 20
5 25
5 34
5 35
5 42
5 43
5 44
5 45
5 47
5 48
5 51
5 52
5 55
5 56
5 58
5 60
5 64
5 65
5 67
5 68
5 69
5 76
5 80
5 81
5 86
5 88
5 89
5 92
5 97
5 101
5 102
5 105
5 106
5 112
5 114
5 116
5 117
5 118
5 119
5 121
6 1
6 3
6 4
6 5
6 9
6 11
6 13
6 16
6 18
6 20
6 21
6 23
6 24
6 25
6 26
6 27
6 35
6 39
6 40
6 44
6 48
6 49
6 51
6 52
6 53
6 57
6 58
6 60
6 61
6 63
6 65
6 68
6 72
6 77
6 80
6 83
6 84
6 87
6 88
6 91
6 93
6 94
6 95
6 99
6 101
6 104
6 107
6 108
6 110
6 113
6 117
6 118
6 119
6 120
6 123
6 125
7 1
7 4
7 5
7 7
7 10
7 15
7 21
7 23
7 25
7 26
7 29
7 30
7 31
7 34
7 42
7 43
7 47
7 48
7 49
7 51
7 54
7 59
7 60
7 68
7 72
7 73
7 74
7 75
7 77
7 80
7 86
7 87
7 88
7 93
7 97
7 100
7 104
7 107
7 108
7 111
7 113
7 115
7 118
7 120
7 123
7 124
7 126
8 2
8 3
8 7
8 10
8 12
8 15
8 16
8 18
8 19
8 20
8 23
8 24
8 25
8 26
8 27
8 28
8 29
8 33
8 34
8 35
8 37
8 40
8 45
8 48
8 49
8 50
8 56
8 58
8 60
8 61
8 63
8 66
8 68
8 69
8 70
8 71
8 73
8 74
8 78
8 80
8 81
8 88
8 91
8 92
8 93
8 94
8 95
8 96
8 102
8 109
8 110
8 111
8 115
8 117
8 119
8 125
8 127
9 0
9 1
9 5
9 11
9 19
9 21
9 22
9 25
9 26
9 31
9 32
9 33
9 34
9 37
9 39
9 40
9 42
9 44
9 45
9 46
9 49
9 50
9 56
9 62
9 64
9 74
9 75
9 76
9 77
9 78
9 79
9 81
9 82
9 83
9 89
9 94
9 99
9 101
9 103
9 107
9 109
9 116
9 117
9 125
9 127
10 0
10 4
10 5
10 6
10 7
10 10
10 11
10 13
10 16
10 17
10 20
10 22
10 25
10 33
10 37
10 40
10 43
10 47
10 49
10 52
10 53
10 58
10 60
10 62
10 68
10 69
10 71
10 72
10 74
10 77
10 81
10 86
10 87
10 90
10 94
10 98
10 100
10 102
10 103
10 104
10 106
10 108
10 109
10 110
10 114
10 116
10 119
10 120
10 121
10 122
10 125
10 127
11 5
11 10
11 11
11 18
11 20
11 22
11 23
11 24
11 25
11 27
11 29
11 30
11 31
11 34
11 36
11 37
11 39
11 41
11 43
11 45
11 49
11 51
11 55
11 56
11 57
11 61
11 62
11 65
11 67
11 72
11 77
11 78
11 79
11 81
11 83
11 84
11 85
11 86
11 87
11 88
11 89
11 92
11 95
11 100
11 102
11 105
11 106
11 107
11 111
11 113
11 114
11 119
11 124
11 126
12 1
12 3
12 4
12 6
12 9
12 10
12 18
12 22
12 25
12 29
12 34
12 38
12 40
12 41
12 55
12 56
12 59
12 60
12 61
12 65
12 66
12 68
12 71
12 72
12 89
12 90
12 92
12 95
12 98
12 104
12 105
12 109
12 110
12 111
12 112
12 113
12 115
12 119
12 122
12 124
12 126
13 5
13 7
13 8
13 12
13 15
13 16
13 17
13 18
13 29
13 30
13 35
13 36
13 39
13 41
13 42
13 44
13 45
13 54
13 55
13 57
13 62
13 63
13 70
13 71
13 81
13 82
13 84
13 85
13 86
13 87
13 91
13 92
13 94
13 99
13 100
13 101
13 102
13 104
13 106
13 108
13 112
13 116
13 118
13 119
13 120
13 121
13 124
14 2
14 5
14 6
14 7
14 11
14 17
14 19
14 21
14 22
14 24
14 25
14 30
14 35
14 43
14 47
14 54
14 57
14 59
14 62
14 66
14 67
14 69
14 75
14 76
14 77
14 80
14 81
14 82
14 84
14 87
14 89
14 90
14 91
14 92
14 98
14 102
14 103
14 109
14 111
14 113
14 120
14 122
14 126
14 127
15 1
15 4
15 6
15 11
15 13
15 14
15 17
15 20
15 21
15 22
15 24
15 25
15 26
15 28
15 32
15 37
15 39
15 41
15 43
15 44
15 45
15 47
15 55
15 56
15 57
15 58
15 61
15 64
15 65
15 69
15 73
15 76
15 79
15 82
15 83
15 85
15 86
15 88
15 89
15 90
15 92
15 94
15 95
15 102
15 108
15 110
15 116
15 117
15 118
15 120
15 121
15 127
16 0
16 4
16 5
16 9
16 13
16 15
16 18
16 19
16 20
16 22
16 23
16 25
16 27
16 30
16 32
16 36
16 39
16 41
16 43
16 46
16 49
16 52
16 55
16 61
16 62
16 68
16 73
16 74
16 75
16 79
16 80
16 81
16 82
16 83
16 87
16 88
16 89
16 92
16 97
16 98
16 101
16 103
16 106
16 107
16 108
16 118
16 120
16 126
17 1
17 3
17 5
17 6
17 15
17 16
17 17
17 19
17 21
17 22
17 23
17 27
17 30
17 31
17 33
17 41
17 44
17 48
17 50
17 51
17 54
17 61
17 62
17 63
17 68
17 69
17 74
17 75
17 79
17 80
17 85
17 87
17 88
17 90
17 91
17 92
17 93
17 95
17 96
17 102
17 103
17 109
17 114
17 116
17 117
17 119
17 121
17 122
17 123
18 2
18 3
18 7
18 9
18 14
18 17
18 18
18 26
18 27
18 30
18 31
18 32
18 35
18 36
18 37
18 38
18 40
18 41
18 42
18 44
18 46
18 47
18 50
18 53
18 55
18 56
18 57
18 58
18 60
18 62
18 64
18 68
18 72
18 73
18 75
18 78
18 82
18 85
18 89
18 94
18 97
18 98
18 102
18 104
18 106
18 109
18 115
18 116
18 117
18 119
18 121
18 124
19 1
19 9
19 10
19 12
19 13
19 14
19 15
19 21
19 23
19 24
19 25
19 26
19 27
19 30
19 35
19 39
19 46
19 50
19 52
19 54
19 55
19 56
19 61
19 63
19 64
19 65
19 67
19 73
19 74
19 75
19 76
19 79
19 81
19 82
19 86
19 90
19 96
19 97
19 103
19 105
19 108
19 113
19 116
19 118
19 119
19 121
19 122
19 123
20 1
20 2
20 4
20 6
20 8
20 9
20 12
20 14
20 21
20 23
20 25
20 26
20 28
20 30
20 31
20 32
20 37
20 39
20 41
20 42
20 44
20 45
20 46
20 49
20 55
20 60
20 62
20 64
20 66
20 67
20 71
20 72
20 77
20 78
20 85
20 86
20 87
20 89
20 90
20 92
20 96
20 98
20 99
20 103
20 104
20 105
20 106
20 109
20 110
20 112
20 114
20 115
20 116
20 120
20 123
20 125
20 127
21 1
21 3
21 4
21 5
21 6
21 7
21 9
21 10
21 11
21 12
21 15
21 16
21 17
21 19
21 20
21 23
21 25
21 31
21 35
21 38
21 45
21 48
21 52
21 53
21 59
21 61
21 62
21 64
21 67
21 69
21 70
21 73
21 75
21 77
21 78
21 84
21 85
21 87
21 88
21 89
21 90
21 93
21 96
21 97
21 104
21 105
21 106
21 108
21 116
21 117
21 118
21 119
21 120
21 121
21 122
21 123
21 124
21 127
22 0
22 3
22 8
22 11
22 12
22 13
22 14
22 15
22 16
22 17
22 19
22 22
22 25
22 30
22 31
22 32
22 33
22 34
22 40
22 42
22 43
22 44
22 48
22 50
22 51
22 52
22 55
22 57
22 61
22 62
22 64
22 66
22 68
22 69
22 70
22 72
22 74
22 79
22 80
22 83
22 87
22 88
22 89
22 90
22 91
22 94
22 95
22 96
22 97
22 98
22 102
22 104
22 105
22 106
22 107
22 110
22 112
22 113
22 117
22 122
22 123
22 125
22 126
23 1
23 2
23 3
23 6
23 7
23 8
23 12
23 13
23 19
23 25
23 26
23 30
23 31
23 34
23 35
23 36
23 41
23 48
23 50
23 51
23 52
23 54
23 60
23 61
23 64
23 65
23 69
23 70
23 72
23 73
23 77
23 79
23 85
23 90
23 92
23 93
23 94
23 95
23 96
23 99
23 101
23 102
23 103
23 106
23 107
23 113
23 117
23 119
23 121
23 122
23 124
23 126
24 3
24 6
24 8
24 11
24 12
24 13
24 20
24 21
24 24
24 27
24 30
24 32
24 34
24 37
24 40
24 41
24 44
24 46
24 47
24 48
24 50
24 55
24 60
24 62
24 66
24 68
24 70
24 72
24 74
24 78
24 79
24 81
24 82
24 87
24 88
24 91
24 93
24 94
24 97
24 98
24 103
24 104
24 106
24 109
24 110
24 111
24 112
24 116
24 117
24 118
24 119
24 121
24 122
24 124
25 1
25 4
25 5
25 8
25 9
25 11
25 13
25 14
25 17
25 19
25 20
25 21
25 22
25 23
25 24
25 25
25 26
25 32
25 37
25 39
25 43
25 44
25 46
25 52
25 53
25 56
25 58
25 59
25 61
25 62
25 64
25 65
25 68
25 72
25 73
25 74
25 75
25 76
25 79
25 81
25 82
25 86
25 87
25 88
25 91
25 94
25 95
25 99
25 101
25 108
25 112
25 113
25 115
25 116
25 117
25 120
25 123
26 1
26 3
26 11
26 12
26 20
26 23
26 25
26 27
26 29
26 30
26 32
26 33
26 35
26 39
26 40
26 42
26 43
26 44
26 48
26 51
26 52
26 55
26 57
26 60
26 61
26 63
26 67
26 71
26 77
26 80
26 84
26 86
26 89
26 90
26 96
26 97
26 99
26 100
26 101
26 104
26 105
26 107
26 113
26 115
26 117
26 120
26 121
26 123
26 125
26 126
26 127
27 6
27 8
27 11
27 14
27 19
27 22
27 26
27 27
27 29
27 30
27 34
27 35
27 36
27 37
27 39
27 42
27 48
27 56
27 57
27 58
27 61
27 62
27 63
27 64
27 71
27 74
27 78
27 82
27 85
27 86
27 88
27 89
27 92
27 97
27 98
27 101
27 107
27 108
27 111
27 121
27 123
27 125
28 1
28 4
28 7
28 12
28 13
28 14
28 16
28 21
28 26
28 27
28 32
28 35
28 36
28 42
28 45
28 52
28 53
28 54
28 56
28 62
28 70
28 72
28 77
28 78
28 83
28 84
28 85
28 86
28 87
28 88
28 91
28 98
28 99
28 106
28 107
28 109
28 110
28 115
28 116
28 120
28 123
28 126
29 0
29 3
29 4
29 6
29 7
29 12
29 15
29 16
29 17
29 25
29 28
29 30
29 31
29 40
29 41
29 42
29 45
29 47
29 48
29 50
29 51
29 54
29 55
29 56
29 58
29 60
29 63
29 64
29 66
29 67
29 70
29 76
29 77
29 80
29 81
29 91
29 97
29 98
29 99
29 100
29 101
29 105
29 106
29 107
29 108
29 110
29 114
29 116
29 121
29 122
29 123
29 126
30 0
30 4
30 11
30 15
30 18
30 26
30 28
30 31
30 36
30 38
30 39
30 40
30 41
30 42
30 43
30 46
30 50
30 53
30 56
30 58
30 61
30 62
30 63
30 65
30 67
30 70
30 78
30 81
30 91
30 92
30 94
30 97
30 99
30 100
30 102
30 104
30 108
30 110
30 112
30 113
30 114
30 116
30 117
30 118
30 120
30 121
30 124
30 125
30 127
31 0
31 1
31 2
31 5
31 8
31 9
31 11
31 12
31 16
31 18
31 27
31 29
31 30
31 34
31 38
31 40
31 42
31 44
31 45
31 49
31 50
31 51
31 53
31 54
31 55
31 58
31 60
31 61
31 62
31 63
31 65
31 66
31 69
31 70
31 75
31 76
31 78
31 79
31 80
31 82
31 83
31 84
31 85
31 86
31 89
31 90
31 93
31 100
31 101
31 103
31 106
31 107
31 111
31 114
31 117
31 118
31 119
31 127
32 0
32 3
32 6
32 12
32 13
32 19
32 24
32 25
32 28
32 29
32 32
32 37
32 42
32 43
32 46
32 52
32 53
32 54
32 58
32 59
32 65
32 66
32 68
32 70
32 75
32 76
32 79
32 84
32 86
32 92
32 93
32 99
32 100
32 101
32 104
32 105
32 106
32 109
32 112
32 119
32 120
32 121
32 126
33 0
33 1
33 3
33 14
33 15
33 20
33 22
33 24
33 27
33 28
33 30
33 32
33 34
33 35
33 36
33 37
33 40
33 41
33 42
33 44
33 45
33 46
33 48
33 51
33 52
33 55
33 57
33 61
33 68
33 69
33 72
33 73
33 83
33 85
33 90
33 92
33 99
33 100
33 101
33 104
33 108
33 109
33 111
33 113
33 114
33 116
33 119
33 122
33 124
33 127
34 0
34 3
34 5
34 8
34 11
34 14
34 15
34 20
34 22
34 27
34 28
34 29
34 31
34 33
34 34
34 35
34 36
34 39
34 42
34 44
34 46
34 47
34 49
34 51
34 52
34 53
34 55
34 57
34 59
34 64
34 66
34 68
34 70
34 71
34 72
34 73
34 75
34 78
34 79
34 82
34 83
34 86
34 92
34 95
34 97
34 98
34 100
34 101
34 103
34 104
34 106
34 110
34 111
34 115
34 122
34 123
34 124
35 2
35 3
35 4
35 5
35 9
35 12
35 13
35 14
35 15
35 17
35 18
35 20
35 24
35 25
35 28
35 31
35 36
35 38
35 39
35 41
35 49
35 52
35 53
35 57
35 58
35 60
35 64
35 65
35 66
35 67
35 68
35 69
35 70
35 72
35 73
35 74
35 75
35 78
35 79
35 80
35 82
35 83
35 87
35 88
35 92
35 94
35 96
35 98
35 106
35 107
35 112
35 120
35 127
36 2
36 8
36 12
36 13
36 14
36 15
36 16
36 17
36 18
36 19
36 26
36 31
36 33
36 37
36 38
36 41
36 50
36 51
36 52
36 54
36 56
36 61
36 71
36 75
36 76
36 78
36 82
36 83
36 92
36 95
36 97
36 102
36 108
36 109
36 112
36 114
36 116
36 117
36 118
36 120
36 121
36 122
36 126
37 3
37 6
37 8
37 10
37 11
37 12
37 13
37 14
37 15
37 16
37 17
37 18
37 25
37 27
37 28
37 29
37 31
37 32
37 33
37 34
37 35
37 40
37 45
37 47
37 48
37 50
37 57
37 59
37 60
37 66
37 69
37 72
37 73
37 78
37 86
37 87
37 88
37 94
37 99
37 103
37 104
37 106
37 108
37 109
37 115
37 118
37 119
37 121
37 125
37 126
37 127
38 0
38 2
38 6
38 12
38 18
38 19
38 20
38 22
38 26
38 29
38 30
38 34
38 35
38 38
38 40
38 41
38 43
38 45
38 53
38 54
38 55
38 56
38 58
38 59
38 60
38 65
38 66
38 67
38 70
38 72
38 75
38 80
38 84
38 97
38 98
38 99
38 101
38 102
38 103
38 104
38 105
38 107
38 108
38 110
38 112
38 113
38 114
38 117
38 119
38 120
38 121
38 122
38 124
38 125
38 127
39 2
39 5
39 6
39 10
39 12
39 13
39 16
39 17
39 19
39 24
39 25
39 32
39 33
39 34
39 35
39 38
39 39
39 43
39 46
39 50
39 55
39 57
39 59
39 63
39 65
39 69
39 71
39 73
39 76
39 83
39 84
39 85
39 88
39 91
39 93
39 94
39 96
39 98
39 102
39 103
39 104
39 112
39 114
39 115
39 116
39 117
39 121
39 122
40 2
40 3
40 5
40 12
40 14
40 18
40 19
40 20
40 21
40 25
40 26
40 27
40 29
40 30
40 31
40 34
40 36
40 42
40 45
40 48
40 49
40 50
40 55
40 57
40 61
40 62
40 63
40 65
40 68
40 70
40 75
40 76
40 77
40 78
40 80
40 81
40 82
40 83
40 84
40 85
40 86
40 87
40 89
40 99
40 100
40 101
40 104
40 109
40 111
40 114
40 118
40 119
40 120
40 121
40 123
40 124
40 125
40 127
41 1
41 11
41 14
41 23
41 27
41 29
41 37
41 50
41 51
41 52
41 53
41 56
41 59
41 62
41 63
41 64
41 70
41 72
41 78
41 81
41 83
41 92
41 93
41 97
41 98
41 100
41 102
41 104
41 109
41 112
41 114
41 115
41 116
41 117
41 118
41 123
41 125
42 0
42 4
42 9
42 11
42 12
42 19
42 20
42 22
42 23
42 25
42 26
42 28
42 30
42 31
42 32
42 33
42 35
42 36
42 39
42 42
42 45
42 49
42 51
42 56
42 59
42 61
42 65
42 67
42 71
42 73
42 75
42 77
42 78
42 83
42 85
42 86
42 87
42 90
42 92
42 94
42 97
42 102
42 103
42 104
42 105
42 107
42 108
42 111
42 115
42 117
42 119
42 124
42 125
42 127
43 1
43 3
43 7
43 8
43 10
43 12
43 13
43 14
43 17
43 19
43 22
43 25
43 27
43 28
43 29
43 31
43 32
43 39
43 40
43 42
43 47
43 48
43 52
43 53
43 55
43 56
43 57
43 60
43 63
43 64
43 67
43 72
43 74
43 79
43 82
43 88
43 92
43 93
43 94
43 95
43 97
43 100
43 102
43 104
43 106
43 107
43 109
43 110
43 111
43 114
43 123
43 124
43 126
44 2
44 3
44 4
44 6
44 9
44 10
44 15
44 19
44 20
44 21
44 24
44 25
44 28
44 32
44 33
44 34
44 36
44 41
44 42
44 46
44 47
44 53
44 57
44 58
44 60
44 61
44 64
44 66
44 70
44 80
44 81
44 87
44 89
44 94
44 97
44 98
44 101
44 103
44 106
44 110
44 113
44 121
44 123
44 125
44 127
45 8
45 11
45 12
45 14
45 15
45 16
45 24
45 25
45 28
45 29
45 33
45 34
45 37
45 39
45 40
45 41
45 42
45 46
45 55
45 57
45 58
45 59
45 61
45 64
45 66
45 67
45 70
45 72
45 73
45 75
45 76
45 78
45 82
45 83
45 86
45 88
45 90
45 91
45 92
45 95
45 97
45 100
45 101
45 104
45 105
45 107
45 109
45 112
45 113
45 115
45 116
45 117
45 122
45 125
45 126
45 127
46 5
46 7
46 8
46 9
46 10
46 12
46 16
46 19
46 21
46 26
46 27
46 32
46 33
46 36
46 37
46 38
46 42
46 44
46 46
46 49
46 50
46 51
46 53
46 54
46 55
46 58
46 60
46 62
46 63
46 65
46 66
46 67
46 68
46 73
46 74
46 77
46 78
46 88
46 93
46 101
46 103
46 104
46 108
46 111
46 112
46 115
46 117
46 118
46 120
46 121
46 123
46 124
46 126
46 127
47 2
47 4
47 5
47 11
47 19
47 22
47 24
47 25
47 29
47 32
47 35
47 39
47 41
47 50
47 52
47 53
47 54
47 55
47 59
47 62
47 65
47 77
47 79
47 81
47 83
47 87
47 90
47 96
47 97
47 98
47 99
47 101
47 103
47 104
47 107
47 108
47 109
47 110
47 112
47 114
47 115
47 116
47 117
47 118
47 124
48 0
48 2
48 4
48 6
48 8
48 9
48 11
48 17
48 18
48 22
48 24
48 25
48 29
48 32
48 36
48 37
48 38
48 42
48 48
48 52
48 57
48 58
48 60
48 62
48 63
48 66
48 67
48 69
48 73
48 76
48 77
48 80
48 84
48 87
48 89
48 92
48 93
48 94
48 95
48 96
48 98
48 103
48 105
48 106
48 108
48 109
48 115
48 117
48 120
48 124
48 125
49 5
49 8
49 11
49 15
49 16
49 17
49 18
49 19
49 20
49 21
49 22
49 25
49 28
49 33
49 35
49 36
49 38
49 44
49 50
49 52
49 56
49 62
49 64
49 65
49 69
49 74
49 75
49 77
49 78
49 79
49 81
49 82
49 84
49 85
49 88
49 89
49 91
49 92
49 93
49 94
49 95
49 98
49 99
49 100
49 101
49 104
49 105
49 106
49 110
49 111
49 113
49 114
49 115
49 120
49 122
49 124
50 0
50 1
50 2
50 4
50 5
50 6
50 7
50 8
50 10
50 12
50 13
50 14
50 16
50 17
50 22
50 24
50 27
50 29
50 34
50 35
50 37
50 38
50 39
50 40
50 47
50 49
50 52
50 56
50 57
50 65
50 68
50 70
50 73
50 76
50 77
50 78
50 81
50 82
50 85
50 86
50 87
50 89
50 93
50 94
50 95
50 96
50 97
50 101
50 102
50 103
50 107
50 108
50 109
50 110
50 112
50 116
50 122
50 124
50 125
50 126
51 0
51 1
51 3
51 4
51 5
51 6
51 8
51 10
51 11
51 14
51 20
51 23
51 28
51 29
51 30
51 31
51 32
51 34
51 37
51 38
51 39
51 42
51 44
51 51
51 57
51 60
51 68
51 69
51 75
51 76
51 77
51 79
51 90
51 95
51 98
51 99
51 101
51 102
51 104
51 107
51 108
51 110
51 113
51 115
51 121
51 122
51 125
51 127
52 3
52 10
52 12
52 13
52 14
52 15
52 17
52 18
52 23
52 25
52 26
52 33
52 37
52 41
52 43
52 45
52 46
52 49
52 53
52 54
52 56
52 57
52 59
52 60
52 63
52 64
52 66
52 67
52 71
52 73
52 75
52 78
52 82
52 90
52 91
52 93
52 94
52 96
52 98
52 101
52 103
52 107
52 108
52 109
52 110
52 111
52 112
52 115
52 116
52 117
52 123
52 124
53 0
53 3
53 4
53 5
53 7
53 9
53 13
53 15
53 17
53 20
53 22
53 28
53 34
53 38
53 46
53 47
53 49
53 50
53 53
53 54
53 57
53 60
53 63
53 66
53 67
53 69
53 73
53 76
53 78
53 85
53 89
53 90
53 91
53 93
53 94
53 97
53 98
53 100
53 102
53 103
53 105
53 109
53 110
53 112
53 113
53 114
53 115
53 117
53 120
53 121
53 123
53 125
53 126
53 127
54 0
54 1
54 5
54 7
54 9
54 11
54 18
54 22
54 23
54 28
54 30
54 31
54 32
54 37
54 38
54 42
54 44
54 51
54 52
54 53
54 56
54 59
54 61
54 63
54 64
54 65
54 69
54 72
54 76
54 79
54 83
54 87
54 97
54 99
54 101
54 102
54 103
54 104
54 105
54 107
54 108
54 110
54 112
54 113
54 114
54 116
54 118
54 119
54 120
54 122
54 123
55 1
55 6
55 11
55 17
55 20
55 22
55 25
55 28
55 33
55 34
55 35
55 37
55 44
55 45
55 49
55 51
55 55
55 56
55 57
55 58
55 60
55 61
55 64
55 65
55 69
55 71
55 74
55 76
55 81
55 82
55 83
55 85
55 89
55 90
55 91
55 97
55 99
55 100
55 104
55 105
55 110
55 112
55 114
55 117
55 118
55 122
55 123
55 124
55 125
55 126
55 127
56 2
56 3
56 6
56 8
56 9
56 12
56 14
56 15
56 17
56 21
56 31
56 35
56 36
56 37
56 39
56 40
56 42
56 43
56 51
56 52
56 57
56 58
56 59
56 60
56 61
56 64
56 65
56 71
56 72
56 73
56 75
56 78
56 80
56 81
56 83
56 87
56 88
56 93
56 98
56 99
56 102
56 104
56 107
56 110
56 111
56 115
56 116
56 117
56 119
56 120
56 121
56 125
56 126
57 0
57 4
57 5
57 8
57 10
57 12
57 17
57 19
57 20
57 21
57 22
57 23
57 24
57 28
57 30
57 35
57 38
57 44
57 47
57 48
57 53
57 54
57 56
57 58
57 65
57 66
57 67
57 68
57 69
57 72
57 73
57 75
57 76
57 79
57 80
57 82
57 84
57 85
57 86
57 87
57 91
57 92
57 93
57 94
57 96
57 101
57 103
57 106
57 108
57 110
57 111
57 116
57 120
57 121
57 122
57 124
57 125
57 127
58 1
58 5
58 6
58 7
58 9
58 10
58 11
58 20
58 21
58 23
58 25
58 27
58 33
58 36
58 37
58 39
58 40
58 43
58 49
58 50
58 52
58 55
58 56
58 60
58 61
58 64
58 65
58 67
58 68
58 69
58 71
58 78
58 80
58 88
58 91
58 93
58 101
58 104
58 106
58 107
58 108
58 109
59 0
59 1
59 3
59 11
59 14
59 15
59 22
59 25
59 26
59 27
59 30
59 32
59 33
59 35
59 36
59 38
59 39
59 40
59 42
59 46
59 48
59 50
59 63
59 64
59 66
59 70
59 71
59 74
59 75
59 77
59 84
59 90
59 91
59 94
59 98
59 102
59 104
59 106
59 108
59 109
59 121
59 122
59 123
59 124
60 5
60 6
60 13
60 14
60 19
60 20
60 22
60 23
60 26
60 27
60 28
60 34
60 35
60 39
60 42
60 46
60 48
60 50
60 56
60 58
60 61
60 63
60 64
60 66
60 69
60 71
60 72
60 73
60 76
60 82
60 83
60 85
60 86
60 87
60 88
60 91
60 93
60 96
60 98
60 99
60 100
60 102
60 109
60 111
60 112
60 117
60 120
60 121
60 122
60 123
61 1
61 7
61 10
61 13
61 16
61 17
61 20
61 22
61 23
61 24
61 26
61 27
61 29
61 33
61 34
61 37
61 40
61 41
61 43
61 46
61 47
61 53
61 56
61 57
61 61
61 67
61 69
61 70
61 71
61 72
61 75
61 77
61 80
61 82
61 83
61 88
61 94
61 99
61 102
61 105
61 112
61 118
61 120
61 121
61 122
61 124
61 125
61 127
62 0
62 5
62 6
62 7
62 8
62 9
62 10
62 11
62 15
62 16
62 17
62 22
62 23
62 24
62 27
62 29
62 34
62 36
62 38
62 41
62 42
62 43
62 45
62 46
62 49
62 52
62 53
62 54
62 60
62 61
62 67
62 68
62 71
62 73
62 74
62 77
62 80
62 86
62 87
62 88
62 89
62 90
62 91
62 92
62 93
62 97
62 98
62 104
62 106
62 108
62 111
62 113
62 117
62 118
62 120
62 122
62 123
62 126
63 3
63 5
63 6
63 7
63 11
63 12
63 13
63 16
63 24
63 26
63 27
63 28
63 30
63 32
63 33
63 34
63 37
63 41
63 42
63 44
63 51
63 55
63 62
63 63
63 64
63 70
63 74
63 79
63 80
63 82
63 86
63 87
63 92
63 95
63 98
63 101
63 107
63 109
63 114
63 116
63 117
63 118
63 121
63 122
63 123
63 124
63 125
63 126
63 127
64 2
64 8
64 12
64 14
64 15
64 16
64 18
64 19
64 20
64 23
64 24
64 25
64 27
64 28
64 29
64 31
64 32
64 35
64 37
64 38
64 41
64 42
64 49
64 50
64 51
64 55
64 59
64 60
64 61
64 62
64 64
64 65
64 67
64 70
64 73
64 77
64 80
64 81
64 87
64 88
64 89
64 96
64 99
64 100
64 109
64 110
64 114
64 116
64 117
64 118
64 122
64 125
65 1
65 3
65 5
65 6
65 9
65 10
65 16
65 17
65 18
65 19
65 28
65 36
65 37
65 41
65 46
65 47
65 51
65 52
65 55
65 57
65 58
65 60
65 61
65 63
65 64
65 65
65 69
65 72
65 74
65 81
65 82
65 85
65 86
65 93
65 94
65 97
65 99
65 100
65 101
65 102
65 103
65 104
65 106
65 110
65 112
65 114
65 115
65 116
65 119
65 125
65 127
66 0
66 2
66 3
66 5
66 12
66 14
66 15
66 16
66 20
66 21
66 24
66 32
66 35
66 36
66 38
66 39
66 40
66 43
66 46
66 52
66 53
66 54
66 55
66 57
66 59
66 60
66 62
66 66
66 67
66 68
66 69
66 70
66 71
66 72
66 78
66 79
66 80
66 81
66 88
66 90
66 92
66 93
66 95
66 98
66 99
66 104
66 107
66 108
66 111
66 114
66 116
66 117
66 118
66 120
67 1
67 11
67 12
67 16
67 17
67 20
67 21
67 23
67 27
67 28
67 29
67 32
67 38
67 44
67 46
67 49
67 50
67 51
67 54
67 57
67 65
67 66
67 67
67 69
67 70
67 72
67 76
67 77
67 81
67 83
67 85
67 86
67 88
67 91
67 95
67 99
67 100
67 102
67 104
67 105
67 108
67 112
67 117
67 120
67 122
67 123
67 124
68 0
68 1
68 5
68 6
68 7
68 13
68 19
68 20
68 21
68 22
68 23
68 31
68 32
68 34
68 35
68 47
68 48
68 49
68 51
68 59
68 60
68 67
68 72
68 74
68 76
68 78
68 81
68 82
68 83
68 84
68 86
68 89
68 92
68 93
68 94
68 99
68 102
68 103
68 104
68 107
68 108
68 109
68 110
68 114
68 120
68 123
68 124
69 0
69 3
69 5
69 9
69 11
69 13
69 16
69 17
69 19
69 23
69 24
69 25
69 28
69 29
69 30
69 32
69 33
69 34
69 36
69 38
69 40
69 41
69 42
69 44
69 45
69 47
69 48
69 49
69 50
69 52
69 54
69 55
69 57
69 58
69 60
69 61
69 66
69 69
69 71
69 74
69 76
69 77
69 80
69 82
69 86
69 87
69 90
69 92
69 93
69 95
69 99
69 104
69 106
69 108
69 111
69 115
69 119
69 123
69 125
70 2
70 3
70 4
70 6
70 9
70 16
70 17
70 20
70 23
70 29
70 30
70 31
70 35
70 39
70 40
70 41
70 44
70 47
70 48
70 51
70 54
70 55
70 58
70 59
70 60
70 61
70 68
70 69
70 70
70 71
70 76
70 78
70 79
70 83
70 84
70 86
70 87
70 93
70 100
70 108
70 113
70 120
70 121
70 122
70 124
71 1
71 4
71 5
71 8
71 9
71 14
71 16
71 17
71 19
71 20
71 28
71 30
71 31
71 32
71 33
71 34
71 35
71 36
71 38
71 39
71 40
71 50
71 54
71 55
71 58
71 59
71 60
71 61
71 64
71 66
71 68
71 72
71 75
71 76
71 78
71 79
71 80
71 81
71 82
71 83
71 87
71 88
71 89
71 90
71 93
71 94
71 96
71 98
71 103
71 104
71 106
71 116
71 118
71 123
71 124
72 3
72 4
72 11
72 13
72 15
72 18
72 19
72 25
72 26
72 27
72 28
72 31
72 34
72 35
72 39
72 44
72 50
72 52
72 54
72 60
72 61
72 66
72 67
72 69
72 71
72 74
72 75
72 76
72 83
72 84
72 91
72 94
72 99
72 103
72 109
72 112
72 113
72 119
72 121
72 123
72 124
73 1
73 3
73 4
73 6
73 8
73 9
73 11
73 12
73 13
73 17
73 19
73 20
73 30
73 31
73 32
73 34
73 35
73 37
73 41
73 42
73 45
73 50
73 52
73 53
73 60
73 64
73 65
73 67
73 68
73 69
73 70
73 73
73 75
73 78
73 82
73 83
73 84
73 90
73 95
73 96
73 99
73 105
73 107
73 108
73 109
73 110
73 111
73 115
73 117
73 119
73 120
73 121
74 6
74 10
74 11
74 13
74 14
74 17
74 18
74 19
74 22
74 26
74 34
74 35
74 36
74 38
74 39
74 43
74 44
74 45
74 47
74 51
74 52
74 53
74 58
74 68
74 69
74 72
74 73
74 75
74 78
74 79
74 84
74 89
74 90
74 91
74 99
74 100
74 102
74 107
74 117
74 122
74 123
74 125
74 127
75 4
75 5
75 6
75 10
75 17
75 18
75 21
75 23
75 25
75 29
75 30
75 31
75 32
75 34
75 35
75 37
75 39
75 40
75 43
75 44
75 46
75 48
75 56
75 59
75 60
75 62
75 64
75 65
75 66
75 67
75 68
75 69
75 72
75 73
75 75
75 76
75 79
75 80
75 81
75 83
75 89
75 90
75 92
75 93
75 94
75 95
75 96
75 100
75 103
75 105
75 107
75 112
75 114
75 116
75 120
75 121
75 122
75 124
75 125
76 1
76 3
76 9
76 10
76 11
76 17
76 18
76 23
76 24
76 26
76 31
76 32
76 33
76 34
76 37
76 38
76 39
76 43
76 44
76 45
76 48
76 49
76 55
76 57
76 59
76 62
76 63
76 64
76 68
76 69
76 70
76 72
76 73
76 76
76 77
76 79
76 80
76 81
76 82
76 85
76 89
76 92
76 93
76 99
76 100
76 102
76 103
76 107
76 113
76 116
76 121
76 122
76 127
77 4
77 5
77 6
77 7
77 8
77 10
77 11
77 12
77 13
77 14
77 16
77 17
77 20
77 23
77 24
77 25
77 26
77 27
77 28
77 30
77 31
77 35
77 41
77 51
77 54
77 55
77 56
77 57
77 59
77 72
77 74
77 77
77 78
77 83
77 84
77 86
77 90
77 95
77 98
77 99
77 102
77 103
77 108
77 109
77 113
77 114
77 122
77 124
78 2
78 3
78 4
78 5
78 9
78 11
78 14
78 17
78 20
78 21
78 22
78 23
78 26
78 30
78 32
78 33
78 43
78 45
78 50
78 52
78 62
78 66
78 70
78 71
78 78
78 79
78 80
78 81
78 85
78 87
78 90
78 91
78 92
78 93
78 94
78 97
78 107
78 109
78 112
78 113
78 116
78 120
78 122
78 127
79 1
79 3
79 6
79 10
79 12
79 13
79 17
79 18
79 19
79 20
79 21
79 25
79 29
79 30
79 31
79 34
79 36
79 38
79 39
79 40
79 41
79 42
79 44
79 46
79 50
79 51
79 52
79 53
79 57
79 58
79 60
79 64
79 67
79 68
79 71
79 72
79 73
79 76
79 81
79 84
79 85
79 86
79 89
79 94
79 95
79 96
79 99
79 102
79 104
79 105
79 106
79 114
79 116
79 117
79 119
79 120
79 123
79 126
80 1
80 2
80 6
80 8
80 10
80 11
80 12
80 15
80 16
80 17
80 22
80 26
80 27
80 30
80 32
80 34
80 38
80 41
80 42
80 44
80 45
80 46
80 52
80 54
80 57
80 58
80 59
80 60
80 61
80 63
80 67
80 71
80 72
80 74
80 77
80 78
80 79
80 80
80 81
80 83
80 88
80 90
80 92
80 95
80 99
80 102
80 103
80 105
80 109
80 110
80 111
80 112
80 114
80 118
80 122
80 126
80 127
81 0
81 2
81 6
81 7
81 8
81 11
81 12
81 14
81 18
81 20
81 24
81 25
81 26
81 28
81 31
81 32
81 33
81 35
81 36
81 38
81 39
81 41
81 42
81 44
81 45
81 46
81 47
81 48
81 49
81 54
81 60
81 62
81 63
81 67
81 71
81 72
81 74
81 75
81 76
81 78
81 79
81 85
81 86
81 89
81 91
81 94
81 97
81 102
81 110
81 114
81 118
81 119
81 120
81 123
81 124
82 0
82 3
82 4
82 7
82 8
82 16
82 19
82 20
82 27
82 30
82 41
82 42
82 46
82 47
82 51
82 54
82 59
82 60
82 65
82 67
82 69
82 74
82 75
82 77
82 79
82 81
82 84
82 90
82 94
82 100
82 101
82 102
82 105
82 108
82 110
82 112
82 115
82 117
82 118
82 122
82 123
82 127
83 1
83 4
83 5
83 8
83 10
83 12
83 13
83 17
83 18
83 20
83 22
83 23
83 24
83 29
83 34
83 36
83 45
83 47
83 48
83 50
83 51
83 53
83 57
83 59
83 61
83 62
83 63
83 64
83 67
83 68
83 69
83 70
83 71
83 73
83 77
83 81
83 82
83 84
83 93
83 94
83 99
83 105
83 106
83 110
83 111
83 112
83 114
83 120
83 121
83 122
83 126
84 2
84 3
84 11
84 12
84 13
84 14
84 15
84 16
84 18
84 20
84 21
84 24
84 25
84 26
84 28
84 31
84 33
84 34
84 36
84 38
84 39
84 40
84 41
84 45
84 46
84 47
84 48
84 52
84 54
84 55
84 59
84 61
84 62
84 63
84 64
84 65
84 69
84 71
84 72
84 73
84 74
84 75
84 76
84 79
84 91
84 92
84 95
84 102
84 108
84 109
84 110
84 114
84 117
84 118
84 119
84 124
84 125
85 0
85 5
85 9
85 11
85 13
85 15
85 16
85 17
85 24
85 26
85 27
85 28
85 29
85 33
85 35
85 36
85 37
85 41
85 42
85 43
85 44
85 45
85 48
85 52
85 53
85 55
85 56
85 57
85 59
85 62
85 70
85 72
85 74
85 76
85 77
85 79
85 80
85 88
85 92
85 93
85 96
85 98
85 99
85 104
85 105
85 106
85 107
85 111
85 112
85 116
85 117
85 118
85 121
85 122
85 123
85 124
85 126
86 0
86 1
86 4
86 7
86 9
86 12
86 13
86 14
86 15
86 20
86 22
86 25
86 26
86 27
86 29
86 32
86 33
86 34
86 37
86 38
86 42
86 43
86 44
86 47
86 52
86 54
86 56
86 60
86 62
86 64
86 65
86 66
86 67
86 71
86 72
86 73
86 75
86 76
86 78
86 80
86 81
86 84
86 85
86 86
86 89
86 91
86 94
86 95
86 97
86 99
86 100
86 101
86 103
86 105
86 109
86 110
86 111
86 113
86 114
86 115
86 120
86 121
86 122
86 123
86 124
86 126
86 127
87 1
87 4
87 5
87 7
87 8
87 12
87 13
87 16
87 17
87 21
87 24
87 25
87 26
87 27
87 31
87 32
87 33
87 34
87 37
87 43
87 44
87 47
87 48
87 52
87 54
87 55
87 56
87 58
87 60
87 62
87 63
87 66
87 69
87 70
87 71
87 74
87 76
87 78
87 80
87 81
87 83
87 85
87 86
87 88
87 91
87 92
87 93
87 95
87 99
87 100
87 102
87 108
87 110
87 112
87 117
87 118
87 119
87 123
87 124
88 0
88 3
88 7
88 8
88 9
88 12
88 13
88 15
88 16
88 19
88 20
88 21
88 23
88 24
88 26
88 28
88 30
88 32
88 36
88 40
88 44
88 45
88 48
88 49
88 54
88 58
88 63
88 67
88 70
88 72
88 75
88 76
88 77
88 79
88 82
88 84
88 85
88 86
88 87
88 90
88 91
88 92
88 93
88 94
88 98
88 102
88 104
88 106
88 107
88 111
88 113
88 117
88 125
88 126
89 2
89 3
89 6
89 8
89 11
89 12
89 16
89 18
89 20
89 21
89 22
89 25
89 28
89 33
89 34
89 35
89 36
89 37
89 43
89 44
89 45
89 46
89 48
89 50
89 51
89 53
89 54
89 57
89 63
89 64
89 70
89 71
89 72
89 74
89 75
89 76
89 78
89 81
89 83
89 87
89 89
89 90
89 93
89 95
89 97
89 100
89 101
89 105
89 107
89 108
89 111
89 113
89 117
89 120
89 124
90 4
90 5
90 6
90 7
90 12
90 14
90 19
90 24
90 29
90 32
90 37
90 38
90 43
90 46
90 47
90 48
90 50
90 52
90 54
90 64
90 66
90 69
90 71
90 72
90 73
90 74
90 75
90 76
90 83
90 85
90 86
90 87
90 92
90 95
90 96
90 97
90 98
90 102
90 118
90 120
90 123
90 126
91 7
91 9
91 10
91 14
91 16
91 18
91 19
91 24
91 25
91 27
91 30
91 33
91 34
91 40
91 41
91 45
91 47
91 48
91 49
91 52
91 54
91 56
91 58
91 59
91 61
91 64
91 65
91 67
91 68
91 69
91 70
91 71
91 72
91 73
91 76
91 81
91 85
91 87
91 88
91 89
91 91
91 93
91 95
91 96
91 97
91 99
91 100
91 101
91 106
91 108
91 109
91 110
91 112
91 113
91 115
91 116
91 117
91 118
91 122
91 123
91 124
91 126
92 1
92 3
92 5
92 9
92 11
92 12
92 14
92 20
92 21
92 22
92 24
92 25
92 28
92 30
92 36
92 37
92 38
92 39
92 40
92 42
92 44
92 48
92 50
92 55
92 56
92 58
92 61
92 64
92 73
92 75
92 76
92 79
92 85
92 87
92 90
92 91
92 95
92 98
92 100
92 103
92 105
92 108
92 111
92 112
92 113
92 114
92 115
92 117
92 120
92 121
92 124
92 126
92 127
93 4
93 6
93 13
93 14
93 18
93 21
93 22
93 24
93 26
93 27
93 31
93 33
93 36
93 37
93 38
93 44
93 46
93 47
93 48
93 49
93 50
93 51
93 52
93 53
93 55
93 57
93 61
93 62
93 64
93 65
93 67
93 75
93 76
93 84
93 85
93 87
93 89
93 92
93 94
93 95
93 96
93 97
93 100
93 103
93 105
93 107
93 109
93 110
93 111
93 112
93 115
93 118
93 119
93 120
93 121
93 126
94 2
94 3
94 4
94 6
94 10
94 13
94 14
94 19
94 20
94 25
94 31
94 34
94 36
94 37
94 38
94 40
94 41
94 45
94 47
94 50
94 54
94 58
94 61
94 62
94 64
94 65
94 66
94 69
94 70
94 73
94 74
94 76
94 82
94 84
94 89
94 96
94 97
94 105
94 108
94 114
94 117
94 119
94 122
94 127
95 1
95 5
95 6
95 8
95 10
95 12
95 15
95 16
95 17
95 19
95 20
95 21
95 22
95 31
95 33
95 34
95 36
95 38
95 39
95 43
95 46
95 48
95 50
95 52
95 53
95 55
95 58
95 61
95 62
95 63
95 65
95 66
95 72
95 74
95 76
95 78
95 79
95 83
95 85
95 88
95 89
95 91
95 92
95 96
95 102
95 103
95 104
95 105
95 110
95 111
95 113
95 115
95 116
95 118
95 121
95 122
95 123
95 125
95 127
96 2
96 4
96 10
96 12
96 13
96 14
96 15
96 22
96 23
96 27
96 29
96 36
96 37
96 40
96 43
96 44
96 45
96 46
96 47
96 48
96 50
96 53
96 54
96 56
96 58
96 60
96 62
96 64
96 66
96 68
96 70
96 72
96 73
96 74
96 75
96 77
96 80
96 81
96 82
96 87
96 88
96 90
96 91
96 96
96 102
96 105
96 112
96 114
96 115
96 116
96 121
96 122
96 123
96 124
96 125
96 127
97 1
97 2
97 5
97 6
97 8
97 10
97 11
97 12
97 14
97 15
97 18
97 20
97 21
97 25
97 27
97 28
97 29
97 31
97 38
97 45
97 48
97 53
97 57
97 59
97 60
97 65
97 70
97 79
97 82
97 85
97 86
97 89
97 93
97 94
97 99
97 101
97 103
97 104
97 109
97 111
97 112
97 113
97 115
97 120
97 121
97 123
97 124
97 125
98 0
98 2
98 3
98 8
98 13
98 14
98 20
98 21
98 24
98 25
98 27
98 28
98 29
98 30
98 32
98 34
98 38
98 40
98 42
98 45
98 48
98 51
98 52
98 53
98 56
98 62
98 64
98 65
98 66
98 68
98 72
98 73
98 76
98 78
98 81
98 83
98 84
98 86
98 87
98 90
98 101
98 103
98 106
98 107
98 110
98 115
98 116
98 117
98 119
98 120
98 122
98 123
98 125
98 126
98 127
99 0
99 2
99 6
99 7
99 8
99 18
99 22
99 27
99 28
99 29
99 32
99 33
99 36
99 37
99 40
99 44
99 45
99 47
99 48
99 49
99 51
99 53
99 54
99 55
99 59
99 61
99 64
99 66
99 77
99 80
99 83
99 87
99 88
99 89
99 94
99 97
99 100
99 104
99 105
99 107
99 110
99 112
99 113
99 117
99 120
99 126
99 127
100 2
100 6
100 7
100 10
100 13
100 14
100 15
100 16
100 18
100 20
100 23
100 24
100 31
100 32
100 33
100 35
100 40
100 42
100 44
100 46
100 48
100 53
100 55
100 56
100 61
100 62
100 64
100 65
100 67
100 74
100 75
100 76
100 80
100 82
100 83
100 86
100 88
100 91
100 92
100 95
100 97
100 98
100 99
100 101
100 102
100 105
100 107
100 110
100 116
100 118
100 123
100 124
100 125
100 126
101 4
101 5
101 7
101 11
101 13
101 14
101 15
101 18
101 20
101 21
101 25
101 27
101 31
101 32
101 33
101 35
101 38
101 44
101 48
101 52
101 54
101 56
101 57
101 61
101 63
101 65
101 67
101 73
101 75
101 78
101 80
101 84
101 86
101 87
101 91
101 92
101 96
101 101
101 105
101 106
101 108
101 113
101 114
101 116
101 118
101 119
101 120
101 121
101 122
101 123
101 125
102 0
102 2
102 5
102 6
102 7
102 8
102 10
102 11
102 17
102 20
102 21
102 24
102 28
102 30
102 31
102 36
102 39
102 45
102 50
102 51
102 54
102 56
102 59
102 60
102 65
102 66
102 68
102 69
102 70
102 75
102 76
102 77
102 79
102 80
102 84
102 88
102 90
102 91
102 96
102 101
102 102
102 106
102 107
102 108
102 110
102 111
102 116
102 117
102 122
102 126
102 127
103 2
103 5
103 9
103 15
103 17
103 19
103 20
103 23
103 27
103 28
103 30
103 32
103 35
103 36
103 37
103 39
103 40
103 42
103 45
103 46
103 47
103 51
103 54
103 57
103 60
103 69
103 71
103 72
103 73
103 79
103 82
103 83
103 87
103 89
103 90
103 91
103 94
103 95
103 98
103 100
103 102
103 105
103 108
103 110
103 112
103 114
103 118
103 127
104 2
104 3
104 5
104 7
104 8
104 9
104 12
104 14
104 16
104 18
104 19
104 21
104 26
104 32
104 36
104 38
104 43
104 45
104 47
104 48
104 53
104 62
104 64
104 65
104 67
104 69
104 77
104 78
104 80
104 81
104 82
104 83
104 86
104 87
104 90
104 93
104 94
104 99
104 103
104 107
104 108
104 119
104 120
104 123
104 127
105 1
105 8
105 9
105 10
105 15
105 17
105 18
105 24
105 26
105 29
105 31
105 34
105 35
105 39
105 41
105 42
105 43
105 44
105 45
105 46
105 47
105 48
105 52
105 53
105 55
105 56
105 57
105 61
105 62
105 65
105 69
105 70
105 73
105 77
105 81
105 83
105 85
105 87
105 91
105 93
105 95
105 99
105 100
105 103
105 104
105 105
105 114
105 116
105 119
105 120
105 122
105 123
105 124
105 127
106 0
106 4
106 9
106 10
106 11
106 17
106 19
106 22
106 25
106 26
106 27
106 38
106 45
106 46
106 48
106 52
106 55
106 56
106 57
106 59
106 62
106 63
106 68
106 70
106 72
106 79
106 80
106 81
106 86
106 87
106 88
106 91
106 93
106 95
106 96
106 98
106 99
106 100
106 103
106 105
106 106
106 109
106 110
106 112
106 113
106 114
106 115
106 116
106 117
106 120
106 122
106 124
106 127
107 2
107 4
107 5
107 7
107 8
107 12
107 13
107 15
107 16
107 20
107 22
107 27
107 28
107 30
107 31
107 32
107 38
107 40
107 42
107 43
107 44
107 45
107 48
107 50
107 58
107 60
107 65
107 66
107 67
107 69
107 70
107 72
107 73
107 77
107 79
107 80
107 83
107 89
107 90
107 91
107 93
107 99
107 102
107 105
107 107
107 108
107 109
107 110
107 112
107 116
107 120
107 121
108 2
108 6
108 13
108 15
108 16
108 17
108 19
108 20
108 24
108 27
108 28
108 29
108 31
108 32
108 33
108 37
108 38
108 41
108 44
108 45
108 46
108 48
108 49
108 51
108 52
108 53
108 59
108 61
108 62
108 65
108 69
108 70
108 73
108 76
108 79
108 83
108 87
108 89
108 93
108 95
108 97
108 98
108 99
108 101
108 103
108 104
108 105
108 106
108 107
108 108
108 117
108 119
108 121
108 122
108 123
108 126
108 127
109 1
109 2
109 7
109 11
109 12
109 18
109 20
109 22
109 23
109 24
109 28
109 33
109 36
109 40
109 41
109 47
109 51
109 55
109 57
109 58
109 59
109 63
109 64
109 67
109 79
109 81
109 85
109 86
109 87
109 98
109 100
109 101
109 102
109 103
109 105
109 108
109 110
109 112
109 113
109 114
109 115
109 116
109 120
109 125
110 1
110 6
110 7
110 11
110 15
110 24
110 25
110 26
110 27
110 28
110 33
110 35
110 39
110 43
110 44
110 45
110 49
110 51
110 54
110 55
110 59
110 65
110 69
110 70
110 71
110 76
110 78
110 79
110 81
110 82
110 87
110 90
110 94
110 98
110 100
110 101
110 103
110 104
110 109
110 113
110 122
110 124
110 125
110 126
110 127
111 3
111 8
111 10
111 13
111 14
111 20
111 25
111 28
111 30
111 33
111 35
111 40
111 41
111 42
111 44
111 46
111 49
111 60
111 62
111 63
111 68
111 69
111 70
111 72
111 73
111 74
111 75
111 80
111 82
111 83
111 84
111 86
111 87
111 89
111 90
111 91
111 93
111 94
111 98
111 102
111 108
111 111
111 112
111 113
111 114
111 116
111 117
111 123
111 126
111 127
112 0
112 4
112 5
112 7
112 9
112 17
112 18
112 24
112 26
112 31
112 32
112 33
112 34
112 35
112 41
112 43
112 44
112 46
112 47
112 48
112 50
112 55
112 58
112 59
112 60
112 61
112 65
112 69
112 70
112 74
112 75
112 76
112 78
112 80
112 81
112 83
112 85
112 87
112 92
112 94
112 96
112 97
112 99
112 101
112 104
112 106
112 112
112 114
112 116
112 125
112 127
113 2
113 13
113 14
113 19
113 20
113 22
113 28
113 34
113 35
113 37
113 39
113 40
113 42
113 43
113 44
113 45
113 47
113 52
113 54
113 56
113 57
113 58
113 62
113 63
113 65
113 66
113 68
113 69
113 74
113 77
113 80
113 82
113 83
113 88
113 89
113 91
113 92
113 96
113 98
113 100
113 102
113 105
113 108
113 111
113 113
113 114
113 115
113 116
113 117
113 119
113 120
113 124
113 127
114 0
114 1
114 10
114 13
114 18
114 20
114 22
114 26
114 29
114 33
114 42
114 44
114 47
114 48
114 49
114 54
114 55
114 60
114 62
114 64
114 65
114 69
114 70
114 72
114 73
114 74
114 86
114 88
114 90
114 92
114 93
114 94
114 97
114 99
114 107
114 108
114 109
114 110
114 114
114 115
114 117
114 119
114 123
114 127
115 6
115 10
115 11
115 13
115 16
115 17
115 18
115 23
115 26
115 28
115 29
115 34
115 41
115 47
115 48
115 49
115 51
115 53
115 56
115 58
115 62
115 66
115 67
115 68
115 69
115 70
115 71
115 74
115 80
115 81
115 82
115 83
115 84
115 86
115 87
115 89
115 90
115 94
115 100
115 104
115 106
115 109
115 110
115 111
115 114
115 119
115 121
115 122
115 123
116 3
116 4
116 5
116 6
116 7
116 10
116 12
116 13
116 14
116 16
116 17
116 23
116 24
116 25
116 29
116 30
116 32
116 33
116 34
116 36
116 37
116 43
116 45
116 46
116 48
116 51
116 52
116 55
116 56
116 58
116 59
116 60
116 62
116 64
116 65
116 66
116 67
116 68
116 69
116 70
116 72
116 74
116 75
116 76
116 81
116 82
116 83
116 84
116 85
116 89
116 92
116 93
116 94
116 97
116 98
116 100
116 101
116 103
116 104
116 113
116 114
116 115
116 116
116 119
116 122
117 1
117 3
117 7
117 10
117 11
117 14
117 17
117 19
117 25
117 26
117 27
117 28
117 30
117 36
117 39
117 41
117 43
117 47
117 48
117 49
117 50
117 55
117 57
117 70
117 72
117 73
117 74
117 75
117 76
117 78
117 83
117 84
117 86
117 87
117 88
117 104
117 105
117 106
117 110
117 113
117 114
117 116
117 118
117 123
117 124
117 125
118 3
118 6
118 12
118 15
118 17
118 23
118 24
118 27
118 30
118 35
118 36
118 43
118 44
118 50
118 52
118 54
118 55
118 57
118 59
118 63
118 65
118 66
118 70
118 72
118 73
118 76
118 81
118 83
118 84
118 86
118 87
118 91
118 94
118 96
118 97
118 100
118 104
118 106
118 107
118 108
118 109
118 116
118 122
118 123
118 125
119 1
119 2
119 4
119 8
119 12
119 14
119 16
119 18
119 22
119 24
119 29
119 30
119 31
119 36
119 37
119 38
119 39
119 41
119 42
119 44
119 48
119 49
119 51
119 53
119 56
119 57
119 59
119 64
119 65
119 66
119 68
119 69
119 71
119 73
119 74
119 77
119 78
119 80
119 82
119 83
119 84
119 85
119 87
119 89
119 93
119 94
119 96
119 97
119 98
119 100
119 101
119 106
119 107
119 110
119 111
119 124
120 0
120 1
120 3
120 6
120 8
120 10
120 12
120 17
120 20
120 23
120 25
120 26
120 28
120 30
120 32
120 33
120 35
120 37
120 39
120 41
120 42
120 44
120 46
120 51
120 52
120 54
120 58
120 60
120 64
120 67
120 68
120 69
120 70
120 71
120 74
120 77
120 78
120 83
120 84
120 86
120 87
120 89
120 92
120 94
120 98
120 100
120 102
120 103
120 105
120 108
120 110
120 111
120 112
120 115
120 116
121 14
121 17
121 18
121 21
121 26
121 28
121 32
121 34
121 35
121 40
121 41
121 42
121 45
121 46
121 48
121 50
121 51
121 55
121 56
121 58
121 60
121 62
121 71
121 75
121 77
121 80
121 82
121 83
121 84
121 86
121 87
121 93
121 94
121 96
121 102
121 112
121 116
121 117
121 120
121 122
121 124
121 126
121 127
122 1
122 3
122 5
122 6
122 8
122 9
122 12
122 13
122 16
122 18
122 19
122 23
122 27
122 28
122 29
122 30
122 31
122 34
122 36
122 37
122 38
122 39
122 43
122 44
122 50
122 54
122 55
122 56
122 60
122 65
122 67
122 68
122 69
122 72
122 73
122 74
122 82
122 83
122 84
122 85
122 93
122 100
122 103
122 106
122 107
122 110
122 113
122 114
122 117
122 122
122 125
123 0
123 1
123 2
123 3
123 4
123 5
123 9
123 10
123 11
123 13
123 15
123 19
123 23
123 24
123 25
123 26
123 27
123 30
123 31
123 32
123 34
123 36
123 39
123 40
123 41
123 42
123 44
123 45
123 47
123 48
123 52
123 53
123 54
123 56
123 57
123 59
123 60
123 61
123 64
123 69
123 70
123 71
123 73
123 79
123 82
123 83
123 84
123 86
123 89
123 95
123 97
123 98
123 102
123 104
123 107
123 108
123 109
123 112
123 116
123 118
123 119
123 122
123 123
123 127
124 3
124 6
124 7
124 12
124 15
124 20
124 22
124 24
124 25
124 26
124 37
124 38
124 39
124 40
124 41
124 43
124 50
124 52
124 56
124 57
124 58
124 60
124 65
124 66
124 67
124 68
124 69
124 70
124 72
124 76
124 78
124 80
124 82
124 84
124 88
124 91
124 92
124 93
124 99
124 102
124 106
124 113
124 114
124 117
124 120
124 121
124 125
124 126
125 0
125 3
125 4
125 5
125 6
125 12
125 15
125 17
125 21
125 27
125 30
125 32
125 41
125 43
125 45
125 49
125 50
125 55
125 62
125 63
125 65
125 66
125 71
125 72
125 76
125 77
125 78
125 79
125 81
125 83
125 86
125 88
125 89
125 90
125 96
125 100
125 103
125 105
125 106
125 107
125 108
125 110
125 113
125 116
125 117
125 121
125 125
125 126
125 127
126 2
126 5
126 6
126 7
126 9
126 10
126 13
126 14
126 15
126 16
126 18
126 19
126 22
126 23
126 28
126 29
126 31
126 32
126 33
126 37
126 40
126 46
126 47
126 51
126 54
126 55
126 56
126 57
126 58
126 59
126 62
126 64
126 65
126 66
126 70
126 71
126 73
126 78
126 79
126 81
126 93
126 94
126 96
126 100
126 104
126 105
126 107
126 109
126 112
126 115
126 116
126 118
126 119
126 124
126 125
127 0
127 2
127 4
127 7
127 15
127 17
127 21
127 23
127 24
127 27
127 30
127 31
127 36
127 37
127 38
127 41
127 46
127 47
127 48
127 49
127 52
127 53
127 56
127 59
127 63
127 66
127 67
127 69
127 71
127 72
127 74
127 77
127 78
127 81
127 87
127 90
127 96
127 106
127 109
127 115
127 117
127 123
127 124
127 125
