0 2
0 35
0 72
0 76
0 87
0 89
0 90
0 92
0 104
0 113
0 124
1 0
1 3
1 21
1 26
1 27
1 29
1 32
1 37
1 43
1 47
1 50
1 52
1 53
1 62
1 69
1 77
1 82
1 83
1 92
1 98
1 124
2 11
2 15
2 30
2 38
2 48
2 53
2 54
2 60
2 63
2 67
2 69
2 71
2 89
2 98
2 108
2 109
2 126
3 5
3 9
3 14
3 30
3 33
3 35
3 48
3 63
3 77
3 92
3 97
3 102
3 114
3 116
3 121
4 16
4 30
4 84
4 91
4 100
4 112
4 122
5 24
5 25
5 29
5 37
5 47
5 60
5 84
5 93
5 101
5 104
5 110
5 114
6 11
6 21
6 38
6 48
6 53
6 92
6 98
6 101
6 104
6 123
6 125
7 20
7 66
7 78
7 91
7 109
7 113
7 124
8 9
8 19
8 25
8 46
8 47
8 61
8 69
8 70
8 81
8 89
8 97
8 120
8 125
9 9
9 14
9 34
9 73
9 75
9 85
9 91
10 25
10 36
10 41
10 48
10 84
10 92
10 102
10 103
10 119
11 4
11 18
11 24
11 29
11 39
11 41
11 59
11 68
11 72
11 90
11 94
11 115
11 122
12 26
12 29
12 34
12 38
12 57
12 58
12 66
12 82
12 84
12 97
12 115
12 118
12 123
13 3
13 10
13 31
13 54
13 68
13 80
13 84
13 87
13 98
13 101
13 106
13 110
13 111
13 112
13 123
14 2
14 12
14 62
14 71
14 83
14 85
14 86
14 98
14 107
14 124
15 1
15 21
15 49
15 52
15 67
15 84
15 85
15 97
15 104
16 2
16 21
16 38
16 39
16 40
16 41
16 42
16 63
16 65
16 73
16 76
16 82
16 86
16 108
16 109
16 115
16 125
17 17
17 19
17 21
17 22
17 56
17 58
17 62
17 67
17 71
17 80
17 83
17 89
17 94
17 100
17 102
17 119
18 9
18 11
18 21
18 42
18 52
18 56
18 62
18 83
18 102
18 126
19 14
19 15
19 22
19 26
19 49
19 52
19 54
19 63
19 65
19 76
19 81
19 88
19 111
20 0
20 1
20 8
20 9
20 12
20 55
20 69
20 74
20 79
20 105
20 114
21 8
21 19
21 73
21 84
21 85
21 91
21 110
21 112
21 118
21 120
22 5
22 9
22 14
22 21
22 24
22 39
22 49
22 52
22 85
22 87
22 101
22 115
23 14
23 32
23 39
23 49
23 56
23 62
23 69
23 83
23 95
23 97
23 99
23 115
23 116
24 9
24 18
24 22
24 25
24 29
24 31
24 34
24 45
24 46
24 60
24 92
24 100
24 102
24 112
24 127
25 6
25 14
25 16
25 28
25 56
25 61
25 73
25 74
25 80
25 81
25 87
25 96
25 102
26 17
26 29
26 37
26 38
26 41
26 42
26 68
26 71
26 89
26 97
27 2
27 8
27 20
27 29
27 37
27 49
27 58
27 63
27 65
27 73
27 77
27 97
27 103
27 106
27 111
27 114
27 118
27 120
28 12
28 14
28 56
28 65
28 66
28 74
28 76
28 79
28 92
28 98
28 107
28 112
28 122
28 123
28 126
29 8
29 9
29 29
29 37
29 47
29 48
29 67
29 68
29 71
29 77
29 78
29 82
29 88
29 89
29 97
29 109
30 1
30 16
30 19
30 22
30 24
30 45
30 47
30 50
30 57
30 60
30 97
30 102
30 116
30 119
30 122
31 1
31 14
31 53
31 87
31 95
31 97
31 111
31 124
32 4
32 10
32 12
32 26
32 34
32 37
32 44
32 49
32 53
32 57
32 66
32 73
32 76
32 77
32 80
32 96
32 98
32 100
32 109
32 112
32 115
32 118
32 120
33 1
33 24
33 34
33 61
33 93
33 102
33 107
33 108
33 117
33 118
34 31
34 52
34 69
34 76
34 83
34 86
34 88
34 99
34 106
35 3
35 6
35 29
35 40
35 55
35 61
35 68
35 70
35 76
35 80
35 86
35 87
35 90
35 92
35 100
35 118
35 122
36 2
36 3
36 19
36 22
36 25
36 31
36 34
36 44
36 55
36 59
36 66
36 91
36 92
36 113
36 126
37 4
37 19
37 28
37 54
37 66
37 79
37 84
37 88
37 92
37 103
38 19
38 22
38 26
38 35
38 52
38 58
38 74
38 76
38 102
38 107
38 118
38 120
39 0
39 4
39 17
39 39
39 65
39 70
39 71
39 85
39 108
39 114
39 121
40 23
40 29
40 39
40 40
40 61
40 73
40 74
40 79
40 83
40 93
40 111
40 118
41 1
41 3
41 4
41 11
41 14
41 24
41 41
41 42
41 45
41 69
41 75
41 76
41 77
41 91
41 92
41 99
41 107
41 119
41 120
41 123
41 124
42 8
42 13
42 15
42 24
42 29
42 31
42 53
42 67
42 70
42 86
42 103
42 106
43 5
43 32
43 34
43 57
43 58
43 66
43 69
43 76
43 77
43 80
43 116
43 125
44 6
44 12
44 27
44 37
44 47
44 75
44 105
44 125
45 20
45 53
45 62
45 73
45 86
45 92
46 21
46 37
46 74
46 79
46 81
46 94
46 110
46 123
46 126
46 127
47 2
47 18
47 22
47 29
47 44
47 48
47 52
47 77
47 98
47 105
47 118
47 121
48 12
48 24
48 29
48 39
48 58
48 59
48 60
48 72
48 85
48 86
48 122
49 4
49 24
49 26
49 28
49 40
49 56
49 69
49 74
49 79
49 80
49 84
49 86
49 88
49 99
49 106
50 12
50 23
50 25
50 37
50 38
50 58
50 76
50 96
50 102
50 107
50 114
51 0
51 1
51 8
51 38
51 51
51 53
51 68
51 74
51 86
51 88
51 94
52 19
52 22
52 38
52 39
52 83
52 100
52 103
52 115
52 118
53 35
53 45
53 47
53 48
53 73
53 81
53 84
53 87
53 89
53 93
53 102
53 104
53 106
53 121
54 12
54 37
54 39
54 43
54 53
54 86
54 93
54 118
55 14
55 39
55 44
55 45
55 52
55 62
55 63
55 73
55 77
55 82
55 84
55 91
55 110
55 112
55 124
56 20
56 25
56 26
56 30
56 36
56 41
56 46
56 51
56 54
56 79
56 93
56 105
56 110
56 127
57 10
57 11
57 30
57 35
57 38
57 47
57 55
57 69
57 79
57 85
57 92
57 94
57 99
57 100
57 109
57 117
58 0
58 2
58 12
58 32
58 47
58 54
58 62
58 74
58 79
58 80
58 81
58 87
58 88
58 106
58 111
58 112
58 121
58 125
59 5
59 6
59 10
59 12
59 27
59 35
59 43
59 69
59 86
59 93
59 96
59 101
59 113
60 6
60 7
60 25
60 34
60 49
60 60
60 67
60 78
60 87
60 98
60 109
60 119
60 127
61 4
61 11
61 24
61 56
61 59
61 71
61 94
61 114
61 116
62 0
62 9
62 11
62 19
62 57
62 65
62 85
62 87
62 105
62 114
63 14
63 16
63 22
63 40
63 42
63 46
63 51
63 57
63 61
63 80
63 92
64 2
64 6
64 17
64 21
64 32
64 43
64 51
64 60
64 77
64 78
64 93
64 119
64 124
64 126
65 1
65 38
65 51
65 55
65 74
65 82
65 83
65 85
65 86
65 95
65 103
65 114
65 125
66 7
66 31
66 42
66 43
66 44
66 45
66 51
66 67
66 84
66 85
66 89
66 93
66 94
66 125
67 30
67 34
67 36
67 38
67 44
67 55
67 56
67 74
67 81
67 93
67 100
67 108
67 127
68 0
68 9
68 15
68 20
68 21
68 25
68 47
68 48
68 50
68 70
68 80
68 104
69 3
69 6
69 16
69 23
69 45
69 50
69 51
69 64
69 103
69 117
70 36
70 42
70 43
70 63
70 66
70 67
70 113
70 114
71 3
71 4
71 6
71 9
71 26
71 35
71 36
71 40
71 50
71 53
71 85
71 87
71 92
71 106
71 112
71 115
72 2
72 3
72 24
72 25
72 32
72 43
72 53
72 76
72 77
72 94
73 4
73 8
73 22
73 25
73 26
73 49
73 61
73 65
73 67
73 77
73 84
73 88
73 89
73 93
73 104
73 107
73 109
73 116
73 125
74 20
74 28
74 29
74 36
74 47
74 59
74 68
74 71
74 73
74 82
74 89
74 93
74 101
74 103
74 116
74 119
75 0
75 2
75 3
75 18
75 28
75 44
75 51
75 77
75 79
75 101
75 103
75 104
75 121
75 124
76 12
76 13
76 23
76 42
76 48
76 51
76 58
76 62
76 64
76 85
76 110
76 119
76 125
77 2
77 63
77 64
77 83
77 84
77 86
77 89
77 98
77 103
77 125
77 126
78 8
78 13
78 22
78 33
78 34
78 43
78 48
78 53
78 56
78 68
78 77
78 91
78 113
78 119
78 122
79 10
79 37
79 42
79 51
79 66
79 72
79 74
79 83
79 99
79 114
79 122
80 1
80 11
80 26
80 30
80 40
80 42
80 48
80 62
80 96
80 102
80 103
80 114
81 0
81 19
81 29
81 34
81 54
81 61
81 73
81 81
81 117
81 121
81 125
82 22
82 31
82 35
82 38
82 41
82 43
82 55
82 65
82 69
82 80
82 86
82 87
82 103
82 116
83 6
83 9
83 14
83 26
83 32
83 36
83 49
83 53
83 57
83 74
83 80
83 84
83 94
83 112
83 122
83 123
84 8
84 22
84 23
84 27
84 39
84 44
84 45
84 56
84 80
84 82
84 115
84 118
84 119
84 124
85 24
85 30
85 31
85 40
85 42
85 71
85 73
85 86
85 116
86 6
86 12
86 22
86 36
86 42
86 52
86 54
86 56
86 59
86 60
86 72
86 75
86 84
86 85
86 87
86 89
86 91
86 106
86 123
86 124
87 2
87 18
87 40
87 44
87 45
87 50
87 61
87 76
87 88
87 94
88 9
88 13
88 49
88 68
88 92
88 104
89 1
89 11
89 18
89 20
89 24
89 41
89 55
89 70
89 75
89 81
89 85
89 86
89 88
89 99
89 108
89 112
89 126
90 0
90 8
90 25
90 27
90 35
90 40
90 42
90 52
90 54
90 59
90 71
90 73
90 78
90 84
90 92
90 101
90 111
90 112
90 118
90 123
91 0
91 7
91 49
91 50
91 63
91 71
91 72
91 80
91 83
91 92
91 96
91 101
91 104
91 123
92 27
92 30
92 42
92 51
92 62
92 70
92 79
92 85
92 126
93 1
93 8
93 10
93 11
93 17
93 19
93 23
93 34
93 36
93 40
93 50
93 55
93 78
93 79
93 80
93 91
93 94
93 110
93 113
94 8
94 13
94 14
94 33
94 34
94 45
94 49
94 54
94 60
94 69
94 71
94 75
94 87
94 93
94 97
94 105
94 111
94 113
95 6
95 25
95 29
95 39
95 47
95 63
95 68
95 74
95 75
95 106
95 109
95 118
95 127
96 9
96 15
96 20
96 23
96 25
96 35
96 36
96 47
96 80
96 85
96 86
96 115
97 5
97 9
97 32
97 34
97 46
97 47
97 51
97 55
97 81
97 104
97 108
97 109
97 117
97 121
98 1
98 4
98 25
98 32
98 56
98 72
98 73
98 76
98 87
98 108
98 117
98 122
99 32
99 41
99 55
99 56
99 64
99 80
99 86
99 88
99 97
99 112
99 118
99 126
100 13
100 34
100 35
100 36
100 46
100 72
100 74
100 84
100 87
100 90
100 95
100 98
100 103
100 127
101 0
101 3
101 21
101 23
101 28
101 29
101 33
101 38
101 50
101 54
101 61
101 62
101 72
101 81
101 86
101 104
101 120
102 4
102 5
102 10
102 15
102 29
102 47
102 59
102 74
102 77
102 82
102 87
102 89
102 90
102 95
102 97
102 101
102 108
102 110
102 118
102 121
103 8
103 27
103 28
103 30
103 33
103 47
103 55
103 65
103 68
103 85
103 105
103 127
104 4
104 8
104 23
104 31
104 48
104 49
104 58
104 62
104 75
104 77
104 79
104 81
104 84
104 85
104 86
104 109
104 111
104 120
105 12
105 46
105 49
105 56
105 88
105 90
105 95
105 100
105 125
106 2
106 5
106 15
106 20
106 32
106 37
106 70
106 75
106 78
106 127
107 4
107 11
107 23
107 29
107 30
107 35
107 44
107 73
107 101
107 118
108 32
108 34
108 39
108 40
108 44
108 82
108 86
108 95
108 96
108 110
108 117
109 10
109 15
109 16
109 31
109 45
109 79
109 83
109 87
109 102
109 110
109 118
109 124
109 126
110 4
110 12
110 24
110 25
110 54
110 63
110 67
110 85
110 89
110 92
110 97
110 102
110 112
111 0
111 33
111 35
111 37
111 55
111 58
111 72
111 80
111 82
111 124
112 1
112 6
112 7
112 11
112 33
112 34
112 43
112 66
112 89
112 99
112 107
112 115
112 117
113 12
113 14
113 32
113 49
113 50
113 51
113 53
113 57
113 67
113 69
113 86
113 89
113 94
113 95
113 97
113 98
113 99
113 114
113 122
113 127
114 1
114 10
114 14
114 29
114 33
114 37
114 39
114 44
114 55
114 59
114 64
114 67
114 86
114 120
115 22
115 41
115 43
115 67
115 68
115 73
115 114
115 115
116 5
116 7
116 25
116 27
116 43
116 46
116 67
116 72
116 73
116 97
116 100
116 102
116 106
117 6
117 8
117 21
117 23
117 29
117 31
117 37
117 45
117 47
117 59
117 70
117 75
117 106
117 116
118 13
118 23
118 31
118 37
118 38
118 54
118 89
118 103
118 108
118 109
118 125
118 127
119 1
119 9
119 47
119 51
119 54
119 58
119 65
119 67
119 71
119 75
119 91
119 102
119 104
119 114
119 119
120 11
120 16
120 24
120 34
120 40
120 49
120 54
120 56
120 90
120 106
120 125
121 13
121 19
121 26
121 28
121 29
121 55
121 87
121 102
121 105
121 113
121 118
122 11
122 22
122 45
122 67
122 90
122 100
122 105
122 108
122 112
122 113
122 117
122 123
123 23
123 34
123 40
123 56
123 80
123 92
123 108
123 120
124 6
124 7
124 8
124 36
124 48
124 56
124 65
124 66
124 86
124 98
124 108
125 20
125 42
125 68
125 69
125 70
125 73
125 103
126 11
126 12
126 16
126 25
126 26
126 39
126 40
126 48
126 61
126 64
126 82
126 90
126 106
126 111
126 115
126 117
126 125
127 2
127 5
127 8
127 22
127 25
127 33
127 45
127 48
127 52
127 72
127 85
127 88
127 91
127 123
