0 8
0 11
0 15
0 17
0 20
0 29
0 32
0 37
0 39
0 42
0 45
0 46
0 47
0 62
0 80
0 82
0 98
0 106
0 111
0 112
0 114
0 116
0 120
0 121
0 127
1 14
1 24
1 42
1 43
1 52
1 55
1 60
1 70
1 82
1 90
1 98
1 105
1 106
1 112
1 121
1 123
1 126
1 127
2 2
2 14
2 17
2 18
2 22
2 32
2 43
2 51
2 53
2 64
2 68
2 69
2 75
2 76
2 77
2 86
2 94
2 98
2 99
2 101
2 102
2 113
2 115
2 116
2 121
3 3
3 4
3 9
3 10
3 19
3 31
3 42
3 43
3 44
3 46
3 52
3 55
3 62
3 73
3 74
3 75
3 78
3 82
3 87
3 92
3 93
3 105
3 107
3 110
3 118
3 126
4 0
4 25
4 44
4 49
4 50
4 58
4 59
4 77
4 81
4 82
4 110
4 111
4 114
4 123
4 124
5 11
5 16
5 17
5 19
5 22
5 29
5 45
5 48
5 80
5 84
5 95
5 97
5 102
5 108
6 19
6 21
6 29
6 35
6 36
6 46
6 47
6 52
6 53
6 55
6 62
6 65
6 68
6 69
6 70
6 75
6 79
6 80
6 93
6 96
6 101
6 117
6 119
7 1
7 3
7 8
7 16
7 23
7 24
7 31
7 34
7 40
7 44
7 52
7 54
7 59
7 60
7 68
7 70
7 76
7 83
7 95
7 96
7 102
8 3
8 4
8 5
8 6
8 7
8 17
8 25
8 34
8 40
8 41
8 48
8 56
8 57
8 72
8 76
8 79
8 81
8 84
8 86
8 87
8 101
8 108
8 112
8 114
9 0
9 18
9 33
9 38
9 39
9 48
9 56
9 70
9 85
9 88
9 95
9 97
9 99
9 104
9 108
9 118
9 120
9 121
9 122
10 3
10 5
10 9
10 10
10 19
10 30
10 32
10 38
10 40
10 45
10 51
10 52
10 54
10 57
10 61
10 64
10 71
10 73
10 85
10 87
10 90
10 97
10 114
10 119
11 1
11 16
11 19
11 20
11 25
11 27
11 37
11 39
11 41
11 46
11 50
11 67
11 69
11 72
11 74
11 79
11 101
11 106
11 111
11 121
11 122
12 1
12 4
12 5
12 19
12 25
12 26
12 34
12 45
12 46
12 49
12 65
12 66
12 68
12 70
12 75
12 87
12 94
12 95
12 96
12 105
12 111
12 121
13 12
13 18
13 23
13 28
13 31
13 51
13 52
13 66
13 70
13 74
13 75
13 77
13 94
13 104
13 109
13 116
13 117
13 120
13 121
13 122
13 126
14 10
14 20
14 22
14 25
14 28
14 31
14 42
14 45
14 47
14 60
14 61
14 68
14 77
14 80
14 96
14 102
15 5
15 10
15 12
15 30
15 34
15 41
15 44
15 57
15 58
15 59
15 62
15 65
15 66
15 67
15 90
15 91
15 104
15 112
15 121
16 14
16 27
16 34
16 46
16 47
16 79
16 91
16 100
16 102
16 107
16 108
16 112
16 115
16 122
16 127
17 0
17 4
17 8
17 38
17 43
17 54
17 61
17 63
17 72
17 109
17 112
17 113
18 1
18 16
18 36
18 37
18 55
18 58
18 62
18 65
18 70
18 88
18 90
18 96
18 104
18 105
18 107
18 112
18 114
18 119
19 1
19 6
19 34
19 37
19 40
19 47
19 53
19 66
19 76
19 88
19 94
19 109
19 110
19 114
19 121
19 122
19 125
19 126
19 127
20 1
20 9
20 10
20 16
20 32
20 33
20 43
20 49
20 57
20 72
20 73
20 78
20 84
20 85
20 91
20 102
20 113
20 119
21 5
21 6
21 20
21 23
21 36
21 47
21 55
21 61
21 63
21 65
21 66
21 77
21 84
21 90
21 106
21 108
21 112
21 121
21 123
22 0
22 2
22 4
22 18
22 21
22 29
22 50
22 54
22 79
22 87
22 96
22 98
22 102
22 111
22 118
23 4
23 13
23 16
23 22
23 30
23 36
23 40
23 42
23 45
23 57
23 58
23 60
23 71
23 72
23 73
23 76
23 79
23 80
23 83
23 85
23 93
23 96
23 97
23 99
23 100
23 103
23 107
23 115
23 117
23 125
24 6
24 15
24 19
24 21
24 26
24 29
24 33
24 59
24 60
24 61
24 63
24 73
24 74
24 79
24 80
24 81
24 100
24 104
24 112
24 118
24 126
25 3
25 9
25 10
25 11
25 22
25 25
25 35
25 46
25 47
25 50
25 51
25 55
25 56
25 57
25 60
25 62
25 63
25 64
25 78
25 79
25 98
25 104
25 110
25 116
26 3
26 16
26 20
26 26
26 45
26 55
26 56
26 58
26 63
26 69
26 78
26 79
26 83
26 86
26 90
26 92
26 107
26 112
27 2
27 3
27 8
27 9
27 17
27 24
27 27
27 31
27 35
27 53
27 62
27 66
27 72
27 76
27 94
27 98
27 99
28 7
28 10
28 14
28 24
28 40
28 52
28 68
28 70
28 88
28 90
28 93
28 98
28 99
28 103
28 107
28 113
28 117
29 8
29 12
29 25
29 44
29 52
29 62
29 75
29 84
29 122
29 127
30 23
30 24
30 25
30 34
30 42
30 52
30 59
30 74
30 75
30 78
30 83
30 84
30 89
30 93
30 95
30 105
30 108
30 113
30 117
30 121
30 125
31 2
31 4
31 5
31 9
31 22
31 57
31 66
31 70
31 77
31 78
31 103
31 107
31 108
31 121
31 127
32 0
32 11
32 18
32 20
32 26
32 29
32 31
32 32
32 36
32 41
32 50
32 94
32 111
32 113
32 114
33 1
33 4
33 17
33 26
33 48
33 50
33 52
33 56
33 73
33 81
33 86
33 89
33 101
33 111
33 114
33 117
34 7
34 8
34 10
34 12
34 16
34 20
34 28
34 32
34 50
34 63
34 68
34 79
34 89
34 109
34 113
34 114
34 125
35 1
35 10
35 15
35 26
35 42
35 50
35 51
35 63
35 65
35 82
35 89
35 92
35 96
35 100
35 105
35 107
35 108
35 122
35 123
35 125
36 9
36 12
36 23
36 28
36 30
36 33
36 36
36 60
36 64
36 78
36 79
36 99
36 104
36 110
36 115
36 117
36 126
37 3
37 4
37 18
37 20
37 34
37 53
37 57
37 58
37 63
37 66
37 70
37 75
37 76
37 78
37 80
37 85
37 102
37 110
37 117
37 124
38 9
38 12
38 16
38 18
38 30
38 33
38 46
38 71
38 80
38 91
38 98
38 109
38 113
38 120
39 5
39 8
39 15
39 25
39 38
39 42
39 58
39 67
39 69
39 87
39 90
39 92
39 98
39 99
39 100
39 112
39 121
39 124
40 11
40 12
40 19
40 30
40 36
40 40
40 42
40 59
40 65
40 70
40 71
40 74
40 75
40 93
40 97
40 103
40 108
41 5
41 21
41 25
41 44
41 51
41 55
41 64
41 77
41 78
41 80
41 88
41 89
41 93
41 104
41 107
41 113
41 118
41 127
42 8
42 23
42 32
42 42
42 43
42 44
42 51
42 52
42 56
42 85
42 86
42 94
42 102
42 106
42 112
42 114
42 120
43 12
43 14
43 22
43 23
43 26
43 33
43 34
43 36
43 43
43 44
43 45
43 51
43 52
43 58
43 60
43 71
43 72
43 80
43 82
43 94
43 105
43 116
43 118
43 119
43 125
44 0
44 6
44 8
44 9
44 12
44 14
44 18
44 20
44 31
44 34
44 38
44 51
44 52
44 59
44 60
44 66
44 72
44 73
44 74
44 78
44 80
44 93
44 96
44 98
44 109
45 4
45 25
45 31
45 32
45 36
45 38
45 39
45 70
45 75
45 76
45 77
45 80
45 101
45 104
45 112
45 114
45 116
45 123
45 127
46 3
46 5
46 12
46 18
46 19
46 29
46 39
46 59
46 69
46 88
46 95
46 96
46 99
46 100
46 108
46 110
46 116
46 121
46 122
47 10
47 28
47 32
47 40
47 41
47 47
47 58
47 62
47 64
47 113
47 122
47 125
48 1
48 6
48 12
48 22
48 26
48 27
48 29
48 32
48 40
48 43
48 47
48 49
48 51
48 54
48 55
48 64
48 66
48 68
48 83
48 85
48 99
48 124
48 127
49 1
49 2
49 5
49 12
49 18
49 38
49 44
49 45
49 49
49 59
49 62
49 63
49 66
49 80
49 81
49 86
49 91
49 95
49 100
49 103
49 104
49 110
49 115
49 120
49 122
50 10
50 11
50 13
50 23
50 25
50 32
50 38
50 45
50 48
50 52
50 70
50 73
50 77
50 89
50 109
50 114
51 0
51 3
51 11
51 17
51 24
51 29
51 30
51 33
51 37
51 43
51 44
51 57
51 61
51 73
51 76
51 79
51 86
51 95
51 96
51 107
51 110
51 112
51 126
52 7
52 10
52 12
52 14
52 18
52 27
52 30
52 35
52 51
52 61
52 72
52 74
52 86
52 101
52 105
52 122
53 4
53 16
53 21
53 26
53 36
53 38
53 43
53 54
53 58
53 60
53 63
53 72
53 74
53 90
53 92
53 96
53 98
53 106
53 113
53 114
53 116
53 123
53 125
54 8
54 12
54 17
54 19
54 27
54 32
54 34
54 38
54 52
54 62
54 84
54 105
54 109
55 14
55 18
55 40
55 50
55 51
55 54
55 60
55 61
55 63
55 70
55 76
55 78
55 80
55 82
55 86
55 113
55 115
56 0
56 4
56 5
56 7
56 17
56 18
56 23
56 34
56 54
56 75
56 81
56 103
56 117
57 2
57 3
57 5
57 9
57 11
57 16
57 18
57 40
57 59
57 64
57 75
57 96
57 101
57 108
57 114
57 120
57 127
58 2
58 16
58 24
58 28
58 40
58 50
58 57
58 58
58 59
58 61
58 69
58 74
58 84
58 101
58 109
58 110
58 112
58 118
58 121
58 124
58 127
59 2
59 9
59 14
59 20
59 33
59 44
59 48
59 52
59 55
59 63
59 64
59 69
59 76
59 78
59 84
59 88
59 102
59 111
59 126
60 26
60 46
60 56
60 60
60 72
60 77
60 79
60 93
60 107
61 1
61 17
61 25
61 26
61 36
61 37
61 39
61 49
61 52
61 53
61 58
61 66
61 79
61 80
61 91
61 102
62 2
62 6
62 8
62 13
62 18
62 26
62 28
62 29
62 37
62 41
62 44
62 53
62 54
62 60
62 65
62 92
62 99
62 105
62 107
62 115
62 119
62 124
62 125
62 126
63 1
63 19
63 21
63 24
63 27
63 52
63 57
63 76
63 80
63 89
63 96
63 97
63 107
63 110
63 111
63 114
64 5
64 8
64 15
64 37
64 44
64 45
64 48
64 52
64 53
64 56
64 83
64 88
64 93
64 95
64 98
64 100
64 115
64 119
64 121
64 124
65 10
65 27
65 39
65 45
65 49
65 73
65 78
65 82
65 87
65 90
65 92
65 95
65 98
65 101
65 103
65 106
65 119
65 126
66 3
66 4
66 5
66 7
66 12
66 18
66 23
66 26
66 32
66 37
66 43
66 51
66 61
66 65
66 70
66 79
66 80
66 94
66 100
66 103
66 108
66 110
66 116
66 125
67 11
67 15
67 16
67 35
67 40
67 42
67 50
67 55
67 59
67 60
67 75
67 82
67 83
67 85
67 87
67 89
67 94
67 100
67 101
67 102
67 106
67 124
68 0
68 8
68 22
68 29
68 31
68 49
68 69
68 76
68 81
68 82
68 88
68 90
68 92
68 102
68 112
68 127
69 4
69 6
69 12
69 27
69 34
69 37
69 40
69 56
69 60
69 62
69 64
69 74
69 90
69 113
69 120
70 22
70 23
70 26
70 38
70 39
70 46
70 76
70 77
70 83
70 90
70 97
70 99
70 106
71 2
71 5
71 6
71 15
71 17
71 23
71 35
71 37
71 45
71 61
71 64
71 69
71 71
71 74
71 78
71 81
71 87
71 88
71 90
71 91
71 99
71 118
71 121
71 125
72 1
72 2
72 5
72 15
72 30
72 35
72 36
72 45
72 56
72 74
72 96
72 112
72 114
72 116
73 8
73 10
73 13
73 14
73 16
73 37
73 38
73 41
73 45
73 52
73 60
73 62
73 66
73 71
73 74
73 85
73 90
73 99
73 102
73 107
73 119
74 2
74 12
74 19
74 29
74 31
74 34
74 37
74 44
74 56
74 64
74 85
74 90
74 105
74 117
74 118
75 9
75 13
75 23
75 31
75 50
75 51
75 53
75 56
75 62
75 65
75 67
75 71
75 74
75 75
75 83
75 93
75 94
75 96
75 102
75 104
75 106
75 108
75 113
75 118
75 120
75 124
75 126
76 1
76 6
76 12
76 14
76 22
76 26
76 27
76 46
76 49
76 57
76 69
76 83
76 94
76 102
76 110
76 118
76 121
76 124
77 0
77 18
77 22
77 24
77 26
77 33
77 48
77 53
77 58
77 59
77 63
77 64
77 71
77 78
77 84
77 93
77 112
77 115
77 122
77 126
78 2
78 7
78 25
78 39
78 52
78 58
78 60
78 69
78 73
78 89
78 100
78 105
78 115
78 124
78 126
79 1
79 2
79 8
79 10
79 29
79 32
79 36
79 45
79 73
79 82
79 93
79 98
79 101
79 108
79 110
79 111
79 118
79 121
80 6
80 7
80 9
80 28
80 30
80 36
80 37
80 41
80 53
80 56
80 58
80 59
80 60
80 62
80 68
80 83
80 88
80 96
80 97
80 98
80 103
80 117
80 121
80 124
81 6
81 10
81 13
81 15
81 20
81 38
81 40
81 53
81 59
81 65
81 69
81 79
81 89
81 91
81 94
81 95
81 101
81 120
81 124
82 0
82 8
82 10
82 15
82 16
82 29
82 52
82 59
82 67
82 98
82 99
82 107
82 108
82 121
83 3
83 5
83 12
83 14
83 15
83 24
83 32
83 36
83 39
83 41
83 56
83 57
83 76
83 87
83 88
83 101
83 114
83 115
83 116
83 125
83 126
84 3
84 7
84 14
84 19
84 20
84 30
84 43
84 71
84 73
84 75
84 77
84 81
84 84
84 89
84 91
84 93
84 97
84 99
84 101
84 104
84 110
84 123
84 124
84 125
85 0
85 7
85 21
85 26
85 38
85 62
85 78
85 84
85 87
85 98
85 99
85 101
85 108
85 109
85 118
85 123
85 127
86 4
86 7
86 11
86 21
86 25
86 44
86 51
86 60
86 65
86 68
86 73
86 79
86 82
86 84
86 89
86 90
86 100
86 103
86 104
86 110
86 113
86 118
86 121
87 7
87 20
87 23
87 27
87 34
87 35
87 45
87 46
87 51
87 54
87 67
87 68
87 72
87 83
87 102
87 104
87 108
87 110
87 111
88 1
88 6
88 22
88 25
88 30
88 31
88 36
88 40
88 59
88 89
88 101
88 105
88 115
88 116
89 17
89 18
89 22
89 28
89 34
89 40
89 45
89 66
89 70
89 98
89 108
89 111
89 117
89 120
89 126
90 3
90 8
90 25
90 32
90 43
90 44
90 61
90 69
90 75
90 76
90 84
90 97
90 99
90 103
90 111
90 117
91 3
91 8
91 12
91 13
91 20
91 23
91 31
91 66
91 69
91 71
91 75
91 76
91 80
91 83
91 102
91 106
91 109
91 120
91 123
92 6
92 27
92 31
92 34
92 37
92 38
92 40
92 52
92 59
92 64
92 74
92 79
92 81
92 83
92 89
92 92
92 101
92 105
92 106
92 107
92 114
92 122
92 124
92 126
92 127
93 1
93 5
93 8
93 12
93 14
93 20
93 23
93 24
93 33
93 40
93 50
93 55
93 60
93 61
93 64
93 65
93 73
93 77
93 82
93 85
93 102
93 104
93 109
94 0
94 4
94 5
94 8
94 18
94 24
94 29
94 39
94 43
94 59
94 60
94 63
94 67
94 71
94 73
94 74
94 81
94 101
94 105
94 106
94 109
94 110
94 117
95 7
95 19
95 25
95 27
95 43
95 50
95 71
95 74
95 81
95 86
95 94
95 108
95 119
96 16
96 21
96 23
96 24
96 51
96 55
96 58
96 59
96 72
96 76
96 85
96 86
96 88
96 91
96 92
96 93
96 96
96 99
96 102
96 103
96 118
96 119
96 120
96 121
96 122
97 0
97 15
97 20
97 21
97 25
97 40
97 43
97 47
97 58
97 60
97 76
97 78
97 83
97 87
97 90
97 105
97 115
97 117
97 118
98 0
98 2
98 20
98 24
98 29
98 35
98 44
98 45
98 54
98 57
98 60
98 63
98 75
98 77
98 80
98 85
98 88
98 122
99 0
99 19
99 21
99 26
99 33
99 36
99 45
99 63
99 69
99 78
99 81
99 84
99 89
99 90
99 94
99 96
99 100
99 105
99 106
99 110
99 113
99 118
99 123
99 124
100 2
100 4
100 6
100 7
100 10
100 23
100 24
100 31
100 32
100 34
100 38
100 47
100 48
100 51
100 66
100 78
100 80
100 81
100 84
100 87
100 98
100 99
100 107
100 111
100 115
101 5
101 9
101 15
101 16
101 22
101 44
101 45
101 46
101 49
101 50
101 60
101 71
101 81
101 82
101 89
101 102
101 105
101 108
101 115
101 127
102 2
102 8
102 11
102 44
102 54
102 68
102 84
102 113
102 114
102 118
102 121
103 1
103 8
103 9
103 16
103 17
103 18
103 21
103 25
103 30
103 47
103 48
103 50
103 58
103 74
103 75
103 86
103 88
103 95
103 103
103 104
103 117
104 6
104 27
104 48
104 49
104 50
104 51
104 62
104 65
104 75
104 77
104 85
104 91
104 92
104 95
104 98
104 100
104 105
104 109
104 114
105 4
105 13
105 14
105 49
105 53
105 65
105 68
105 92
105 101
105 106
105 120
105 127
106 11
106 12
106 23
106 30
106 33
106 39
106 40
106 50
106 60
106 65
106 71
106 72
106 76
106 80
106 83
106 93
106 97
106 115
106 117
106 125
107 0
107 5
107 10
107 14
107 17
107 23
107 32
107 35
107 50
107 54
107 60
107 61
107 77
107 83
107 85
107 93
107 99
107 104
107 110
107 116
107 119
107 122
107 127
108 0
108 14
108 17
108 21
108 23
108 29
108 30
108 32
108 48
108 49
108 50
108 51
108 54
108 57
108 70
108 72
108 77
108 79
108 80
108 85
108 103
108 109
108 118
108 123
109 1
109 6
109 25
109 35
109 39
109 57
109 58
109 60
109 62
109 69
109 82
109 85
109 92
109 94
109 104
109 109
109 114
109 117
110 7
110 8
110 16
110 23
110 25
110 30
110 51
110 54
110 57
110 62
110 69
110 75
110 76
110 78
110 81
110 102
110 105
110 115
110 116
110 121
110 123
110 124
111 3
111 5
111 16
111 22
111 28
111 31
111 34
111 41
111 44
111 51
111 59
111 61
111 66
111 74
111 89
111 93
111 98
111 106
111 112
111 118
111 120
112 14
112 17
112 18
112 21
112 22
112 32
112 35
112 49
112 50
112 57
112 59
112 63
112 68
112 74
112 81
112 82
112 89
112 99
112 104
112 115
112 122
112 124
112 126
113 2
113 5
113 6
113 13
113 15
113 16
113 20
113 22
113 32
113 34
113 35
113 36
113 44
113 57
113 67
113 68
113 70
113 95
113 100
113 107
113 117
113 121
114 10
114 11
114 13
114 16
114 28
114 31
114 41
114 61
114 66
114 72
114 88
114 91
114 93
114 94
114 118
114 120
114 123
114 127
115 8
115 11
115 15
115 16
115 22
115 31
115 33
115 35
115 36
115 42
115 48
115 50
115 67
115 70
115 78
115 80
115 88
115 89
115 90
115 91
115 96
115 97
115 98
115 101
115 107
115 110
115 115
115 118
116 1
116 5
116 6
116 10
116 24
116 25
116 27
116 31
116 39
116 48
116 55
116 62
116 74
116 87
116 88
116 92
116 95
116 96
116 100
116 121
116 123
117 2
117 8
117 11
117 15
117 20
117 39
117 42
117 47
117 49
117 67
117 72
117 77
117 78
117 79
117 94
117 95
117 104
117 112
117 116
117 124
117 125
118 0
118 1
118 9
118 10
118 16
118 17
118 25
118 30
118 34
118 46
118 47
118 50
118 58
118 66
118 72
118 75
118 92
118 96
118 99
118 100
118 115
118 117
118 120
118 122
119 19
119 24
119 35
119 46
119 53
119 54
119 67
119 72
119 75
119 80
119 81
119 93
119 98
119 105
119 122
120 3
120 8
120 9
120 18
120 19
120 33
120 39
120 46
120 52
120 55
120 61
120 62
120 82
120 83
120 87
120 90
120 101
120 124
120 127
121 4
121 7
121 23
121 27
121 40
121 47
121 48
121 49
121 64
121 65
121 66
121 74
121 83
121 89
121 93
121 95
121 105
121 114
121 117
122 6
122 16
122 23
122 27
122 28
122 29
122 33
122 39
122 43
122 47
122 49
122 56
122 61
122 62
122 78
122 85
122 88
122 93
122 100
122 104
122 105
122 120
123 0
123 3
123 6
123 19
123 20
123 40
123 49
123 55
123 60
123 66
123 73
123 82
123 87
123 91
123 94
123 110
123 111
123 125
124 3
124 27
124 36
124 38
124 39
124 42
124 44
124 46
124 47
124 51
124 52
124 64
124 97
124 101
124 115
124 126
125 0
125 3
125 4
125 8
125 13
125 18
125 19
125 20
125 26
125 29
125 33
125 37
125 42
125 58
125 64
125 69
125 70
125 83
125 89
125 90
125 95
125 108
125 114
125 116
125 121
125 122
126 2
126 9
126 17
126 18
126 24
126 27
126 31
126 32
126 44
126 51
126 68
126 85
126 96
126 110
126 117
126 127
127 2
127 6
127 12
127 16
127 23
127 37
127 38
127 50
127 52
127 53
127 54
127 60
127 70
127 79
127 94
127 112
127 126
