0 6
0 9
0 12
0 42
0 54
0 56
0 57
0 72
0 80
0 91
0 118
0 126
1 27
1 34
1 44
1 66
1 90
1 100
1 108
1 112
1 122
2 8
2 33
2 58
2 96
2 100
2 116
2 117
2 121
2 126
3 54
3 67
3 103
3 125
4 26
4 34
4 48
4 60
4 70
4 96
4 97
4 108
5 0
5 25
5 86
5 118
5 121
5 123
6 2
6 29
6 35
6 71
6 85
6 97
7 4
7 61
7 75
7 76
7 90
7 105
7 107
7 124
8 4
8 10
8 20
8 41
8 43
8 46
8 66
8 74
8 87
8 104
9 25
9 44
9 59
9 75
9 89
9 111
9 113
9 116
9 117
10 1
10 5
10 23
10 41
10 71
10 110
10 123
10 127
11 14
11 16
11 22
11 29
11 34
11 46
11 68
11 79
12 30
12 35
12 53
12 68
12 75
12 84
12 96
12 112
13 3
13 5
13 23
13 56
13 77
13 91
13 97
13 107
13 116
13 124
14 36
14 53
14 60
14 107
15 11
15 12
15 40
15 41
15 44
15 53
15 54
15 69
15 73
15 101
15 109
16 2
16 13
16 41
16 47
16 66
16 81
16 82
17 0
17 65
17 69
17 94
17 97
17 106
17 113
17 116
18 3
18 11
18 18
18 20
18 23
18 24
18 34
18 61
18 81
18 92
18 102
18 114
18 124
19 58
19 61
19 94
19 115
19 125
20 17
20 21
20 35
20 53
20 63
20 86
20 124
21 2
21 17
21 20
21 41
21 63
21 121
22 9
22 23
22 34
22 49
22 106
22 126
23 16
23 21
23 27
23 37
23 70
23 83
23 96
23 102
23 111
23 114
23 116
24 30
24 57
24 70
24 85
24 91
24 93
24 104
24 107
24 119
25 20
25 61
25 92
26 17
26 29
26 36
26 70
26 72
26 88
26 98
26 99
27 16
27 44
27 64
27 87
27 91
27 126
28 14
28 78
28 109
28 114
28 116
29 26
29 42
29 48
29 77
29 107
29 108
30 12
30 24
30 25
30 38
30 40
30 42
30 43
30 56
30 82
30 83
30 103
30 107
31 19
31 35
31 37
31 44
31 67
31 88
31 94
31 119
31 121
32 44
32 72
32 80
32 82
32 89
32 103
32 109
32 124
32 125
33 4
33 7
33 12
33 59
33 60
33 63
33 72
33 81
33 100
33 110
33 114
34 0
34 4
34 56
34 85
34 109
35 4
35 15
35 39
35 45
35 57
35 66
35 67
35 114
35 117
35 122
36 32
36 35
36 81
36 88
36 91
36 94
36 104
36 105
37 65
37 85
37 113
37 114
37 124
38 11
38 66
38 83
38 121
38 127
39 6
39 13
39 15
39 29
39 63
39 71
39 82
39 92
39 95
39 109
40 5
40 8
40 28
40 29
40 31
40 36
40 69
40 84
40 98
40 116
41 18
41 36
41 73
41 87
41 88
41 103
42 0
42 3
42 11
42 17
42 52
42 53
42 61
42 70
42 82
42 118
43 2
43 37
43 59
43 68
44 53
44 58
44 76
44 123
44 125
45 27
45 47
45 63
45 88
45 115
46 78
46 97
46 105
46 111
47 51
47 72
47 90
47 95
47 113
48 1
48 24
48 45
48 75
48 104
48 112
49 23
49 31
49 61
49 70
49 77
49 82
49 89
50 23
50 73
50 76
50 95
50 96
51 24
51 70
51 71
51 111
51 120
52 12
52 25
52 31
52 38
52 40
52 71
52 73
52 127
53 8
53 10
53 33
53 34
53 49
53 91
53 112
53 117
53 121
54 9
54 13
54 29
54 38
54 41
54 69
54 77
54 82
54 115
55 10
55 12
55 18
55 37
55 107
55 112
55 113
55 117
56 0
56 29
56 37
56 54
56 105
56 107
56 126
57 7
57 48
57 56
57 58
57 63
57 76
58 2
58 4
58 7
58 18
58 22
58 51
58 61
58 77
58 82
58 100
58 121
59 27
59 73
59 112
60 29
60 35
60 58
60 92
60 110
60 111
60 116
61 11
61 29
61 51
61 54
61 73
61 98
61 112
61 123
62 3
62 8
62 20
62 36
62 50
62 51
62 55
62 78
62 99
62 125
62 126
63 0
63 14
63 22
63 28
63 31
63 44
63 84
63 100
63 102
64 25
64 67
65 15
65 30
65 31
65 41
65 48
65 54
65 72
65 74
65 86
66 28
66 31
66 42
66 55
66 66
66 80
66 96
66 98
66 110
66 123
66 126
67 38
67 50
67 67
67 78
67 87
67 95
67 117
67 120
68 13
68 21
68 26
68 41
68 103
68 111
68 113
68 123
68 127
69 1
69 4
69 11
69 13
69 17
69 21
69 30
69 31
69 35
69 38
69 48
69 58
69 61
69 67
69 70
69 80
70 32
70 40
70 41
70 42
70 46
70 55
70 103
71 23
71 24
71 26
71 69
71 71
71 74
71 95
72 18
72 39
72 46
72 49
72 94
72 110
72 112
72 127
73 6
73 36
73 58
73 60
73 99
74 15
74 16
74 38
74 77
74 85
74 89
74 113
74 124
75 3
75 33
75 59
75 84
75 94
75 96
75 117
75 125
76 5
76 8
76 46
76 57
76 102
76 115
76 116
77 10
77 63
77 73
77 92
78 15
78 52
78 88
78 94
79 2
79 27
79 38
79 51
79 54
79 60
80 22
80 48
80 65
80 70
80 79
80 89
80 91
80 93
80 117
80 125
81 5
81 21
81 36
81 43
81 57
81 61
81 63
81 65
81 92
82 12
82 15
82 19
82 39
82 41
82 58
82 81
82 91
82 94
82 108
83 39
83 43
83 64
83 77
84 7
84 31
84 34
84 43
84 58
84 72
84 104
84 117
85 20
85 46
85 55
85 81
85 83
86 11
86 38
86 45
86 75
86 78
86 83
86 107
86 116
87 5
87 7
87 37
87 50
87 61
87 62
87 69
87 80
87 84
87 111
87 114
87 122
87 124
88 18
88 80
88 89
88 90
88 98
88 102
88 113
88 122
88 123
89 17
89 39
89 47
89 60
89 62
89 63
89 76
89 80
90 5
90 27
90 29
90 37
90 38
90 42
90 70
90 73
90 77
90 81
90 96
90 100
90 125
91 27
91 41
91 62
91 67
91 75
91 97
92 10
92 14
92 28
92 47
92 53
92 92
92 98
93 6
93 27
93 31
93 96
93 111
94 0
94 2
94 20
94 32
94 43
94 73
94 116
94 122
95 13
95 46
95 50
95 61
95 62
95 68
95 84
95 97
95 122
96 7
96 31
96 33
96 34
96 62
96 67
96 72
96 83
96 84
96 95
97 0
97 21
97 26
97 29
97 49
97 53
97 66
97 84
98 12
98 32
98 35
98 91
98 103
98 106
98 121
99 1
99 13
99 14
99 24
99 26
99 27
99 39
99 64
99 87
99 88
99 92
99 94
99 119
100 30
100 31
100 32
100 35
100 118
101 4
101 21
101 101
102 5
102 6
102 8
102 14
102 38
102 53
102 62
102 79
102 80
102 83
102 100
102 110
102 116
102 118
103 9
103 15
103 47
103 61
103 89
103 93
103 94
103 103
103 111
103 112
103 123
104 1
104 29
104 40
104 45
104 100
104 102
104 123
105 4
105 20
105 22
105 55
105 70
105 88
106 0
106 2
106 21
106 27
106 28
106 34
106 52
106 76
106 79
106 91
106 100
106 110
107 15
107 17
107 18
107 22
107 35
107 64
107 125
108 26
108 48
108 76
108 81
108 110
108 120
109 6
109 12
109 16
109 31
109 39
109 60
109 77
109 87
109 92
109 122
110 12
110 14
110 38
110 49
110 61
110 65
110 82
110 86
110 111
110 123
110 126
111 14
111 15
111 17
111 20
111 29
111 30
111 34
111 47
111 65
111 71
111 91
111 118
111 123
112 18
112 27
112 37
112 50
112 91
112 123
113 0
113 3
113 22
113 120
113 123
114 10
114 16
114 21
114 24
114 55
114 78
114 126
115 19
115 34
115 35
115 52
115 69
115 89
115 112
115 114
116 17
116 33
116 44
116 52
116 55
116 57
116 71
116 101
116 110
116 121
117 29
117 55
117 60
117 66
117 75
117 81
117 84
117 123
118 6
118 31
118 37
118 48
118 69
118 92
118 97
119 19
119 27
119 51
119 54
119 88
119 95
119 97
120 44
120 46
120 53
120 55
120 65
120 66
120 69
120 86
120 126
121 5
121 12
121 28
121 30
121 40
121 66
121 71
121 72
121 75
121 80
121 89
121 104
121 113
122 2
122 26
122 38
122 44
122 72
122 82
122 113
123 10
123 24
123 36
123 45
123 46
123 64
123 98
123 100
124 13
124 55
124 61
124 66
124 75
124 97
124 111
124 121
125 12
125 49
125 53
125 57
125 104
125 105
125 119
125 127
126 23
126 117
127 1
127 2
127 4
127 28
127 45
127 48
127 55
127 83
127 100
127 112
127 123
