0 7
0 10
0 23
0 28
0 32
0 35
0 39
0 44
0 47
0 48
0 49
0 52
0 56
0 57
0 61
0 65
0 81
0 88
0 97
0 100
0 101
0 102
0 103
0 105
0 107
0 117
0 120
0 121
0 123
0 124
0 127
1 0
1 1
1 2
1 6
1 12
1 13
1 16
1 17
1 22
1 24
1 31
1 32
1 36
1 39
1 46
1 48
1 51
1 54
1 55
1 65
1 66
1 67
1 72
1 80
1 83
1 84
1 88
1 99
1 110
1 112
1 119
1 120
1 122
1 123
2 9
2 11
2 16
2 26
2 31
2 36
2 42
2 43
2 47
2 54
2 57
2 59
2 64
2 67
2 71
2 78
2 82
2 84
2 91
2 92
2 93
2 96
2 100
2 101
2 102
2 118
2 127
3 4
3 8
3 9
3 14
3 15
3 25
3 26
3 36
3 39
3 42
3 45
3 57
3 58
3 60
3 62
3 64
3 73
3 78
3 79
3 80
3 85
3 88
3 90
3 95
3 100
3 107
3 113
3 119
3 124
3 126
4 5
4 11
4 13
4 20
4 21
4 22
4 23
4 24
4 29
4 34
4 35
4 36
4 40
4 53
4 58
4 61
4 64
4 72
4 73
4 78
4 85
4 93
4 103
4 125
5 5
5 6
5 7
5 10
5 17
5 19
5 30
5 39
5 43
5 47
5 55
5 62
5 69
5 93
5 95
5 101
5 102
5 115
5 121
6 0
6 6
6 12
6 14
6 16
6 19
6 24
6 25
6 34
6 35
6 41
6 43
6 47
6 49
6 54
6 56
6 60
6 61
6 63
6 78
6 88
6 90
6 96
6 97
6 115
6 125
7 0
7 1
7 2
7 6
7 9
7 22
7 29
7 34
7 36
7 42
7 47
7 52
7 54
7 55
7 66
7 69
7 77
7 85
7 86
7 88
7 106
7 114
7 120
7 121
7 126
8 0
8 6
8 11
8 14
8 16
8 23
8 24
8 29
8 35
8 38
8 57
8 60
8 68
8 78
8 82
8 83
8 87
8 89
8 90
8 95
8 99
8 101
8 106
8 108
8 110
8 119
8 121
9 4
9 7
9 8
9 12
9 14
9 15
9 23
9 25
9 33
9 36
9 37
9 39
9 45
9 47
9 56
9 57
9 64
9 70
9 88
9 96
9 104
9 108
9 109
9 124
9 126
9 127
10 3
10 10
10 12
10 23
10 25
10 30
10 42
10 48
10 53
10 58
10 60
10 64
10 66
10 69
10 70
10 76
10 77
10 88
10 89
10 96
10 100
10 104
10 106
10 109
10 110
10 120
10 122
11 2
11 5
11 9
11 17
11 18
11 21
11 25
11 36
11 38
11 41
11 42
11 56
11 57
11 63
11 66
11 67
11 68
11 72
11 74
11 76
11 94
11 96
11 102
11 106
11 109
11 111
11 113
11 114
11 118
11 119
11 122
11 126
12 0
12 1
12 3
12 5
12 7
12 9
12 13
12 17
12 18
12 21
12 27
12 37
12 44
12 46
12 49
12 51
12 54
12 55
12 56
12 57
12 59
12 63
12 69
12 78
12 79
12 85
12 86
12 89
12 90
12 92
12 97
12 99
12 115
12 117
12 126
12 127
13 10
13 11
13 15
13 23
13 27
13 36
13 51
13 59
13 68
13 71
13 73
13 87
13 90
13 91
13 97
13 116
13 117
14 0
14 15
14 28
14 36
14 55
14 57
14 66
14 67
14 71
14 87
14 90
14 96
14 105
14 106
14 108
14 114
14 117
15 7
15 10
15 14
15 18
15 24
15 28
15 29
15 36
15 39
15 41
15 64
15 65
15 70
15 72
15 73
15 80
15 83
15 84
15 85
15 87
15 94
15 96
15 104
15 109
15 124
15 125
16 12
16 15
16 25
16 34
16 36
16 37
16 38
16 41
16 43
16 57
16 64
16 71
16 73
16 74
16 76
16 93
16 94
16 96
16 98
16 101
16 108
16 116
16 120
16 122
16 124
17 0
17 2
17 9
17 10
17 11
17 12
17 14
17 15
17 17
17 20
17 21
17 30
17 31
17 33
17 34
17 44
17 48
17 54
17 59
17 63
17 72
17 77
17 89
17 92
17 94
17 95
17 99
17 101
17 112
17 114
17 121
17 122
18 1
18 7
18 8
18 9
18 10
18 20
18 28
18 32
18 43
18 66
18 67
18 70
18 81
18 82
18 85
18 86
18 91
18 99
18 101
18 112
18 114
18 120
18 123
19 2
19 8
19 13
19 23
19 35
19 50
19 51
19 53
19 55
19 58
19 82
19 90
19 93
19 94
19 98
19 99
19 107
19 108
19 110
19 120
19 124
19 127
20 0
20 2
20 13
20 21
20 36
20 42
20 56
20 57
20 69
20 70
20 72
20 79
20 82
20 83
20 84
20 89
20 92
20 93
20 95
20 102
20 104
20 112
20 116
21 7
21 13
21 15
21 19
21 20
21 28
21 32
21 41
21 43
21 44
21 46
21 54
21 55
21 60
21 65
21 66
21 74
21 78
21 81
21 86
21 89
21 94
21 96
21 101
21 110
21 114
21 117
22 1
22 4
22 7
22 8
22 9
22 15
22 25
22 28
22 35
22 41
22 42
22 48
22 56
22 59
22 79
22 86
22 96
22 98
22 109
22 111
22 120
23 2
23 3
23 9
23 10
23 19
23 24
23 33
23 43
23 44
23 51
23 54
23 55
23 74
23 77
23 79
23 85
23 86
23 91
23 94
23 96
23 99
23 108
23 110
23 121
23 125
24 3
24 4
24 7
24 13
24 15
24 21
24 30
24 34
24 35
24 39
24 47
24 53
24 54
24 56
24 64
24 70
24 78
24 81
24 100
24 102
24 106
24 109
24 114
24 115
24 117
24 127
25 2
25 8
25 9
25 10
25 21
25 31
25 37
25 42
25 47
25 48
25 50
25 54
25 57
25 58
25 62
25 78
25 80
25 99
25 102
25 105
25 106
25 109
25 118
25 125
25 126
26 7
26 8
26 11
26 12
26 23
26 24
26 25
26 39
26 44
26 47
26 48
26 49
26 65
26 67
26 69
26 70
26 76
26 77
26 95
26 96
26 100
26 114
26 115
26 117
26 120
26 122
26 124
26 125
27 0
27 1
27 2
27 5
27 10
27 12
27 14
27 15
27 16
27 17
27 18
27 19
27 33
27 36
27 41
27 47
27 49
27 56
27 57
27 64
27 75
27 77
27 78
27 87
27 94
27 105
27 122
27 124
27 126
28 1
28 6
28 10
28 26
28 33
28 40
28 44
28 55
28 61
28 63
28 65
28 69
28 70
28 71
28 73
28 74
28 78
28 83
28 91
28 99
28 101
28 105
28 109
28 112
28 116
28 117
28 123
28 125
29 4
29 18
29 21
29 25
29 26
29 35
29 43
29 48
29 51
29 54
29 67
29 69
29 82
29 87
29 92
29 94
29 98
29 100
29 113
29 121
29 126
29 127
30 2
30 10
30 16
30 18
30 23
30 24
30 26
30 31
30 35
30 36
30 39
30 54
30 56
30 76
30 90
30 94
30 98
30 99
30 102
30 105
30 110
30 115
30 116
31 3
31 7
31 10
31 23
31 26
31 34
31 38
31 42
31 46
31 48
31 49
31 54
31 58
31 67
31 69
31 70
31 84
31 86
31 89
31 92
31 93
31 104
31 110
31 112
31 113
31 116
31 120
31 127
32 11
32 19
32 28
32 29
32 33
32 52
32 64
32 69
32 83
32 84
32 85
32 86
32 87
32 88
32 96
32 112
32 114
32 115
32 120
32 122
32 123
32 126
33 9
33 25
33 26
33 31
33 49
33 50
33 59
33 64
33 65
33 69
33 73
33 75
33 79
33 86
33 89
33 94
33 99
33 103
33 113
33 115
33 120
33 124
34 7
34 16
34 24
34 33
34 41
34 44
34 52
34 58
34 69
34 70
34 72
34 75
34 80
34 93
34 94
34 100
34 104
34 108
34 109
34 114
34 115
34 117
34 119
34 120
35 0
35 4
35 7
35 23
35 32
35 35
35 48
35 58
35 59
35 72
35 82
35 91
35 97
35 104
35 107
35 110
35 120
35 121
35 127
36 0
36 16
36 17
36 20
36 30
36 31
36 36
36 38
36 45
36 58
36 61
36 62
36 63
36 66
36 67
36 68
36 70
36 71
36 72
36 73
36 82
36 98
36 99
36 108
37 1
37 6
37 15
37 17
37 19
37 28
37 29
37 37
37 40
37 42
37 45
37 69
37 76
37 87
37 90
37 91
37 92
37 100
37 102
37 110
37 113
37 115
37 124
38 3
38 13
38 18
38 20
38 35
38 42
38 44
38 49
38 50
38 51
38 64
38 80
38 83
38 88
38 91
38 92
38 100
38 120
38 126
39 2
39 17
39 19
39 20
39 22
39 23
39 25
39 31
39 33
39 36
39 38
39 44
39 50
39 79
39 82
39 84
39 94
39 100
39 102
39 111
39 120
40 3
40 4
40 7
40 17
40 18
40 36
40 37
40 46
40 51
40 54
40 62
40 68
40 69
40 75
40 81
40 86
40 87
40 92
40 96
40 97
40 100
40 113
40 115
40 118
40 121
41 6
41 9
41 20
41 26
41 27
41 29
41 31
41 36
41 37
41 38
41 48
41 51
41 58
41 63
41 68
41 70
41 74
41 82
41 95
41 107
41 120
41 123
42 10
42 20
42 22
42 25
42 26
42 31
42 35
42 40
42 42
42 44
42 47
42 51
42 60
42 62
42 64
42 66
42 72
42 73
42 87
42 98
42 105
42 107
42 114
42 117
42 125
42 126
43 2
43 9
43 11
43 15
43 25
43 44
43 45
43 57
43 58
43 69
43 70
43 72
43 73
43 78
43 82
43 94
43 96
43 97
43 108
43 111
43 113
43 115
44 1
44 16
44 20
44 21
44 22
44 25
44 27
44 39
44 42
44 44
44 46
44 63
44 66
44 71
44 78
44 82
44 83
44 89
44 93
44 94
44 99
44 100
44 110
44 119
44 121
44 123
45 12
45 16
45 19
45 21
45 25
45 39
45 41
45 54
45 59
45 63
45 69
45 71
45 73
45 80
45 81
45 86
45 88
45 89
45 111
45 113
45 116
45 118
45 121
45 124
46 10
46 12
46 14
46 19
46 21
46 31
46 48
46 52
46 57
46 60
46 63
46 64
46 72
46 81
46 82
46 84
46 91
46 92
46 94
46 96
46 100
46 107
46 112
46 113
46 116
46 127
47 3
47 6
47 18
47 21
47 36
47 43
47 44
47 45
47 49
47 54
47 56
47 60
47 65
47 66
47 71
47 76
47 82
47 91
47 94
47 106
47 124
47 126
48 0
48 5
48 7
48 11
48 12
48 17
48 20
48 23
48 25
48 26
48 39
48 46
48 47
48 51
48 55
48 57
48 64
48 72
48 78
48 88
48 90
48 100
48 104
48 106
48 108
48 109
48 111
48 117
48 124
49 1
49 6
49 13
49 17
49 18
49 20
49 21
49 22
49 25
49 33
49 40
49 50
49 52
49 63
49 75
49 79
49 84
49 85
49 94
49 97
49 101
49 103
49 114
49 116
50 0
50 1
50 5
50 8
50 10
50 12
50 16
50 24
50 31
50 37
50 39
50 41
50 63
50 73
50 78
50 88
50 89
50 90
50 98
50 105
50 107
50 111
50 112
50 115
50 123
50 127
51 0
51 7
51 8
51 16
51 17
51 18
51 22
51 24
51 31
51 40
51 42
51 43
51 45
51 48
51 57
51 63
51 67
51 68
51 69
51 71
51 78
51 82
51 95
51 100
51 124
52 15
52 25
52 26
52 31
52 33
52 44
52 72
52 76
52 77
52 81
52 86
52 93
52 106
52 107
52 109
52 111
52 113
52 115
52 127
53 2
53 10
53 11
53 24
53 26
53 31
53 35
53 38
53 42
53 45
53 52
53 63
53 64
53 65
53 71
53 72
53 81
53 86
53 87
53 94
53 97
53 98
53 111
53 112
53 116
53 122
53 123
53 126
54 9
54 12
54 13
54 17
54 19
54 23
54 29
54 36
54 37
54 44
54 53
54 54
54 68
54 70
54 76
54 77
54 90
54 91
54 99
54 112
54 113
54 124
55 2
55 7
55 10
55 12
55 15
55 20
55 23
55 25
55 43
55 47
55 53
55 61
55 63
55 69
55 71
55 73
55 78
55 79
55 84
55 85
55 88
55 95
55 97
55 100
55 114
55 118
55 125
56 7
56 8
56 10
56 11
56 17
56 18
56 21
56 24
56 25
56 28
56 29
56 41
56 49
56 61
56 62
56 63
56 73
56 74
56 89
56 113
57 0
57 10
57 15
57 16
57 18
57 23
57 27
57 28
57 30
57 32
57 38
57 42
57 46
57 49
57 50
57 57
57 63
57 64
57 65
57 68
57 71
57 81
57 96
57 98
57 103
57 108
57 116
57 120
57 121
58 4
58 13
58 15
58 16
58 20
58 23
58 28
58 33
58 38
58 42
58 60
58 62
58 63
58 64
58 69
58 78
58 90
58 95
58 97
58 98
58 99
58 100
58 106
58 111
58 114
58 119
58 126
59 3
59 8
59 13
59 28
59 30
59 33
59 36
59 38
59 45
59 48
59 49
59 52
59 59
59 63
59 70
59 79
59 83
59 87
59 99
59 101
59 102
59 108
59 110
59 115
59 116
59 117
59 118
59 119
59 120
59 126
59 127
60 5
60 12
60 13
60 19
60 23
60 30
60 47
60 51
60 57
60 66
60 68
60 71
60 74
60 85
60 88
60 94
60 95
60 97
60 100
60 103
60 106
60 108
60 111
60 114
60 115
60 118
60 122
60 127
61 0
61 3
61 9
61 13
61 20
61 23
61 24
61 25
61 28
61 31
61 32
61 35
61 44
61 52
61 56
61 63
61 68
61 69
61 70
61 77
61 83
61 89
61 91
61 94
61 95
61 97
61 104
61 113
61 118
62 0
62 5
62 20
62 38
62 47
62 60
62 64
62 68
62 70
62 71
62 79
62 80
62 100
62 101
62 104
62 106
62 108
62 113
62 117
62 123
62 125
63 0
63 3
63 4
63 5
63 9
63 10
63 14
63 15
63 23
63 25
63 42
63 47
63 60
63 67
63 74
63 75
63 86
63 87
63 89
63 91
63 98
63 107
63 114
63 115
63 123
64 8
64 11
64 25
64 34
64 35
64 42
64 44
64 45
64 47
64 53
64 60
64 67
64 70
64 74
64 80
64 86
64 88
64 92
64 97
64 99
64 115
64 121
64 124
64 125
64 126
65 0
65 1
65 3
65 4
65 7
65 10
65 12
65 19
65 27
65 29
65 33
65 36
65 61
65 77
65 86
65 92
65 104
65 113
65 115
65 125
66 1
66 3
66 7
66 10
66 14
66 21
66 23
66 25
66 32
66 36
66 48
66 52
66 65
66 73
66 76
66 79
66 80
66 85
66 90
66 94
66 99
66 103
66 104
66 109
66 120
67 0
67 5
67 7
67 8
67 9
67 12
67 22
67 28
67 32
67 37
67 48
67 49
67 54
67 59
67 60
67 77
67 78
67 86
67 88
67 107
67 108
67 111
67 114
67 117
67 122
67 123
67 126
68 1
68 2
68 5
68 10
68 15
68 16
68 22
68 23
68 36
68 37
68 39
68 40
68 45
68 47
68 54
68 56
68 61
68 63
68 68
68 81
68 92
68 100
68 101
68 107
68 114
68 123
68 126
69 5
69 7
69 11
69 12
69 13
69 23
69 35
69 38
69 41
69 44
69 45
69 50
69 54
69 58
69 66
69 67
69 72
69 73
69 77
69 80
69 87
69 89
69 95
69 97
69 100
69 103
69 105
69 110
69 112
69 116
69 122
70 0
70 1
70 3
70 7
70 9
70 15
70 19
70 20
70 36
70 38
70 41
70 48
70 50
70 72
70 73
70 76
70 77
70 86
70 100
70 101
70 103
70 108
70 110
70 115
70 116
70 120
71 0
71 2
71 6
71 20
71 24
71 26
71 34
71 37
71 48
71 50
71 65
71 68
71 72
71 81
71 82
71 84
71 86
71 93
71 95
71 101
71 110
71 118
71 124
71 125
71 126
72 0
72 4
72 5
72 17
72 22
72 28
72 32
72 35
72 36
72 40
72 42
72 47
72 53
72 55
72 58
72 59
72 62
72 63
72 65
72 66
72 72
72 76
72 81
72 83
72 84
72 88
72 90
72 99
72 101
72 109
72 114
72 115
72 117
72 125
72 127
73 2
73 3
73 5
73 11
73 14
73 16
73 23
73 24
73 26
73 27
73 31
73 33
73 35
73 38
73 39
73 46
73 47
73 53
73 58
73 61
73 68
73 69
73 71
73 73
73 75
73 79
73 87
73 88
73 96
73 99
73 100
73 101
73 103
73 111
73 112
73 118
73 121
73 123
73 125
74 4
74 5
74 18
74 19
74 22
74 25
74 26
74 34
74 37
74 43
74 45
74 55
74 64
74 73
74 75
74 76
74 87
74 88
74 96
74 99
74 112
74 115
74 121
74 127
75 5
75 8
75 10
75 23
75 27
75 29
75 35
75 36
75 38
75 42
75 53
75 55
75 61
75 62
75 82
75 84
75 85
75 90
75 92
75 95
75 98
75 101
75 112
75 114
75 117
75 120
75 125
76 3
76 4
76 7
76 15
76 22
76 23
76 46
76 52
76 54
76 59
76 63
76 66
76 67
76 83
76 85
76 86
76 90
76 96
76 106
76 108
76 110
76 117
76 123
76 125
77 4
77 8
77 14
77 20
77 25
77 28
77 33
77 35
77 37
77 40
77 49
77 55
77 59
77 60
77 61
77 63
77 64
77 72
77 73
77 82
77 88
77 89
77 91
77 101
77 102
77 103
77 106
77 110
77 123
77 127
78 1
78 5
78 11
78 14
78 17
78 28
78 31
78 36
78 41
78 63
78 67
78 73
78 80
78 84
78 95
78 97
78 99
78 118
78 119
78 120
79 14
79 15
79 34
79 37
79 39
79 46
79 56
79 62
79 67
79 69
79 85
79 86
79 87
79 93
79 94
79 97
79 99
79 103
80 1
80 7
80 8
80 10
80 16
80 19
80 20
80 26
80 33
80 34
80 55
80 59
80 72
80 73
80 77
80 78
80 81
80 84
80 89
80 99
80 102
80 105
80 106
80 107
80 109
80 114
80 117
81 7
81 16
81 20
81 21
81 24
81 26
81 33
81 44
81 49
81 56
81 58
81 62
81 80
81 85
81 101
81 102
81 107
81 112
81 113
81 123
82 4
82 16
82 26
82 30
82 37
82 38
82 43
82 53
82 55
82 59
82 63
82 66
82 68
82 69
82 74
82 83
82 86
82 87
82 95
82 98
82 100
82 104
82 105
82 107
82 109
82 110
82 119
83 0
83 3
83 5
83 13
83 34
83 41
83 49
83 53
83 54
83 57
83 61
83 62
83 63
83 65
83 66
83 69
83 72
83 82
83 85
83 86
83 88
83 89
83 90
83 95
83 99
83 100
83 104
83 106
83 109
83 116
83 125
84 2
84 17
84 28
84 30
84 31
84 34
84 35
84 39
84 41
84 43
84 52
84 69
84 71
84 73
84 74
84 75
84 76
84 86
84 94
84 95
84 96
84 97
84 99
84 100
84 107
84 111
84 113
84 117
84 118
84 119
85 7
85 23
85 27
85 28
85 31
85 32
85 35
85 47
85 49
85 55
85 64
85 68
85 75
85 76
85 77
85 81
85 83
85 94
85 98
85 103
85 107
85 108
85 110
85 113
85 116
86 4
86 7
86 13
86 16
86 19
86 26
86 31
86 32
86 36
86 38
86 50
86 59
86 64
86 67
86 68
86 71
86 72
86 74
86 77
86 83
86 84
86 87
86 89
86 98
86 99
86 100
86 104
86 110
87 10
87 13
87 19
87 20
87 21
87 39
87 41
87 44
87 45
87 53
87 62
87 63
87 70
87 73
87 74
87 77
87 81
87 86
87 92
87 94
87 101
87 102
87 103
87 104
87 111
87 121
87 122
87 123
88 2
88 8
88 18
88 30
88 36
88 37
88 38
88 43
88 45
88 46
88 52
88 66
88 71
88 74
88 83
88 90
88 108
88 110
88 116
88 118
88 119
88 127
89 0
89 6
89 13
89 26
89 29
89 37
89 40
89 43
89 47
89 53
89 54
89 59
89 75
89 99
89 103
89 105
89 112
89 114
90 7
90 13
90 24
90 29
90 30
90 31
90 49
90 51
90 53
90 56
90 57
90 59
90 62
90 67
90 68
90 71
90 72
90 74
90 78
90 79
90 80
90 83
90 95
90 96
90 97
90 100
90 102
90 107
90 110
90 111
90 126
91 2
91 10
91 11
91 14
91 29
91 32
91 40
91 43
91 46
91 53
91 54
91 66
91 67
91 69
91 72
91 79
91 88
91 94
91 124
91 127
92 3
92 6
92 9
92 18
92 19
92 21
92 24
92 26
92 33
92 35
92 40
92 51
92 53
92 54
92 58
92 70
92 76
92 83
92 88
92 96
92 110
92 116
92 119
92 121
92 126
93 2
93 20
93 26
93 30
93 31
93 44
93 52
93 57
93 61
93 62
93 73
93 89
93 90
93 97
93 98
93 99
93 102
93 110
93 111
93 116
93 120
93 127
94 12
94 13
94 15
94 19
94 23
94 24
94 27
94 29
94 45
94 46
94 49
94 51
94 52
94 58
94 59
94 69
94 74
94 75
94 80
94 81
94 85
94 88
94 91
94 92
94 94
94 97
94 105
94 106
94 112
94 114
94 115
94 116
94 117
94 121
94 122
94 125
94 127
95 4
95 8
95 16
95 27
95 33
95 34
95 42
95 46
95 54
95 59
95 61
95 63
95 71
95 75
95 88
95 90
95 97
95 104
95 107
95 109
95 113
95 125
96 10
96 12
96 14
96 23
96 25
96 26
96 30
96 31
96 41
96 45
96 46
96 57
96 58
96 65
96 70
96 71
96 73
96 77
96 84
96 88
96 92
96 93
96 96
96 99
96 102
96 103
96 106
96 112
96 115
96 117
96 119
97 2
97 3
97 9
97 11
97 15
97 27
97 28
97 30
97 34
97 40
97 44
97 52
97 55
97 56
97 60
97 67
97 68
97 69
97 70
97 71
97 73
97 81
97 83
97 85
97 91
97 98
97 99
97 100
97 101
97 107
97 110
97 111
97 113
97 116
97 124
97 127
98 3
98 8
98 9
98 11
98 13
98 15
98 26
98 28
98 38
98 40
98 64
98 65
98 72
98 74
98 76
98 79
98 83
98 90
98 94
98 95
98 97
98 102
98 103
98 119
98 122
98 124
98 127
99 5
99 8
99 11
99 13
99 18
99 20
99 34
99 37
99 50
99 56
99 61
99 63
99 71
99 72
99 84
99 103
99 104
99 105
99 111
99 120
99 126
99 127
100 5
100 6
100 11
100 17
100 19
100 21
100 22
100 24
100 29
100 34
100 45
100 49
100 51
100 64
100 65
100 66
100 73
100 74
100 75
100 78
100 92
100 93
100 97
100 101
100 105
100 110
100 118
100 120
100 122
100 124
101 0
101 13
101 15
101 16
101 27
101 29
101 38
101 40
101 54
101 59
101 63
101 70
101 75
101 76
101 77
101 78
101 91
101 107
101 110
101 120
102 0
102 3
102 9
102 11
102 14
102 16
102 17
102 23
102 27
102 30
102 34
102 52
102 59
102 83
102 87
102 89
102 90
102 94
102 98
102 100
102 111
102 119
103 8
103 10
103 15
103 20
103 23
103 25
103 51
103 52
103 58
103 60
103 63
103 65
103 66
103 71
103 75
103 77
103 81
103 91
103 95
103 102
103 106
103 113
103 114
103 121
103 122
103 126
104 4
104 6
104 8
104 10
104 14
104 26
104 52
104 53
104 54
104 62
104 63
104 66
104 68
104 71
104 77
104 80
104 88
104 101
104 102
104 107
104 109
104 114
104 119
104 124
104 127
105 8
105 15
105 16
105 23
105 33
105 39
105 43
105 47
105 55
105 56
105 58
105 59
105 60
105 69
105 79
105 82
105 84
105 88
105 98
105 102
105 107
105 109
105 112
105 120
105 122
105 123
105 125
106 2
106 8
106 20
106 24
106 26
106 29
106 30
106 43
106 50
106 66
106 69
106 72
106 73
106 81
106 86
106 97
106 98
106 101
106 105
106 107
106 109
106 110
106 115
106 116
106 122
106 126
107 17
107 20
107 24
107 31
107 34
107 38
107 55
107 56
107 59
107 64
107 77
107 78
107 79
107 83
107 91
107 95
107 96
107 98
107 105
107 109
107 118
107 124
108 18
108 19
108 22
108 26
108 28
108 31
108 34
108 41
108 47
108 51
108 53
108 58
108 71
108 77
108 89
108 90
108 91
108 98
108 110
108 112
108 113
108 115
108 117
108 120
109 4
109 6
109 14
109 16
109 17
109 24
109 25
109 30
109 31
109 33
109 41
109 43
109 47
109 49
109 50
109 57
109 59
109 62
109 65
109 67
109 68
109 75
109 80
109 83
109 84
109 89
109 90
109 91
109 93
109 94
109 95
109 103
109 105
109 107
109 109
109 113
109 118
109 121
109 127
110 5
110 6
110 10
110 14
110 16
110 19
110 20
110 22
110 30
110 32
110 59
110 72
110 74
110 75
110 81
110 93
110 96
110 97
110 98
110 99
110 106
110 107
110 115
110 116
110 120
111 0
111 13
111 14
111 18
111 24
111 34
111 37
111 38
111 47
111 49
111 51
111 54
111 59
111 63
111 68
111 70
111 82
111 90
111 92
111 94
111 96
111 100
111 108
111 115
111 122
111 123
112 3
112 8
112 17
112 19
112 24
112 34
112 39
112 42
112 45
112 49
112 62
112 63
112 64
112 71
112 72
112 73
112 83
112 88
112 91
112 99
112 104
112 108
112 114
112 117
113 8
113 10
113 24
113 29
113 37
113 44
113 52
113 57
113 61
113 63
113 78
113 79
113 81
113 90
113 96
113 101
114 10
114 18
114 25
114 31
114 42
114 43
114 44
114 46
114 60
114 63
114 68
114 71
114 78
114 90
114 106
114 107
114 108
114 109
114 113
114 115
115 7
115 8
115 13
115 15
115 21
115 22
115 23
115 37
115 40
115 42
115 47
115 49
115 50
115 56
115 57
115 58
115 61
115 75
115 89
115 106
115 117
115 118
115 122
115 127
116 1
116 13
116 16
116 17
116 25
116 35
116 36
116 45
116 51
116 55
116 59
116 60
116 61
116 71
116 78
116 82
116 88
116 97
116 108
116 109
116 123
117 0
117 1
117 2
117 3
117 12
117 16
117 25
117 35
117 36
117 39
117 54
117 57
117 62
117 71
117 75
117 93
117 94
117 96
117 97
117 99
117 102
117 103
117 104
117 107
117 117
117 118
117 121
118 0
118 4
118 9
118 15
118 19
118 28
118 31
118 34
118 38
118 44
118 48
118 53
118 57
118 58
118 62
118 65
118 68
118 81
118 95
118 98
118 99
118 114
118 121
118 122
119 6
119 10
119 15
119 18
119 19
119 21
119 28
119 36
119 43
119 57
119 64
119 66
119 70
119 81
119 89
119 103
119 105
119 113
119 115
119 123
119 124
120 0
120 2
120 3
120 6
120 11
120 16
120 24
120 26
120 28
120 30
120 35
120 43
120 49
120 50
120 52
120 55
120 58
120 62
120 64
120 65
120 66
120 67
120 72
120 81
120 85
120 92
120 101
120 102
120 106
120 107
120 109
120 110
120 117
120 126
121 0
121 11
121 19
121 27
121 30
121 31
121 39
121 42
121 48
121 49
121 53
121 54
121 56
121 57
121 67
121 76
121 80
121 87
121 90
121 92
121 96
121 99
121 103
121 107
121 112
121 113
121 123
121 124
122 2
122 11
122 13
122 15
122 19
122 29
122 32
122 38
122 42
122 44
122 45
122 46
122 48
122 49
122 84
122 90
122 94
122 98
122 104
122 116
122 117
122 121
122 124
123 4
123 5
123 7
123 11
123 14
123 18
123 30
123 32
123 40
123 41
123 45
123 47
123 48
123 53
123 55
123 61
123 64
123 72
123 74
123 81
123 87
123 95
123 99
123 103
123 112
123 114
123 118
123 120
123 123
123 124
123 126
124 4
124 5
124 10
124 15
124 20
124 21
124 24
124 31
124 38
124 39
124 42
124 43
124 46
124 48
124 54
124 66
124 77
124 81
124 86
124 88
124 90
124 92
124 94
124 98
124 99
124 101
124 105
124 107
124 111
124 112
124 118
124 124
125 5
125 25
125 28
125 29
125 34
125 41
125 42
125 43
125 45
125 53
125 75
125 82
125 85
125 87
125 92
125 95
125 100
125 107
125 119
125 120
125 123
126 1
126 4
126 5
126 6
126 10
126 12
126 16
126 18
126 28
126 32
126 33
126 35
126 41
126 46
126 47
126 48
126 49
126 50
126 53
126 54
126 55
126 63
126 64
126 69
126 76
126 77
126 78
126 79
126 85
126 86
126 87
126 111
126 112
126 115
127 3
127 10
127 20
127 21
127 33
127 34
127 35
127 48
127 53
127 56
127 62
127 67
127 69
127 71
127 80
127 97
127 103
127 104
127 112
127 113
127 118
127 119
127 120
127 127
