0 1
0 6
0 8
0 10
0 12
0 13
0 14
0 18
0 21
0 24
0 26
0 27
0 30
0 33
0 37
0 41
0 46
0 49
0 55
0 56
0 57
0 60
0 66
0 67
0 71
0 72
0 73
0 75
0 77
0 78
0 80
0 82
0 84
0 90
0 91
0 94
0 97
0 101
0 102
0 104
0 105
0 106
0 107
0 120
1 1
1 3
1 5
1 6
1 7
1 8
1 10
1 17
1 19
1 26
1 27
1 36
1 38
1 40
1 43
1 44
1 47
1 48
1 52
1 54
1 56
1 60
1 65
1 69
1 77
1 81
1 82
1 83
1 84
1 91
1 93
1 94
1 103
1 104
1 106
1 108
1 109
1 111
1 115
1 116
1 117
1 118
1 121
1 125
2 0
2 3
2 5
2 6
2 12
2 18
2 24
2 25
2 35
2 37
2 38
2 43
2 44
2 45
2 46
2 53
2 54
2 55
2 58
2 60
2 61
2 69
2 73
2 74
2 76
2 80
2 86
2 98
2 100
2 102
2 105
2 109
2 110
2 112
2 113
2 114
2 118
2 124
3 2
3 4
3 8
3 12
3 16
3 18
3 19
3 23
3 25
3 28
3 29
3 40
3 43
3 44
3 45
3 47
3 48
3 50
3 53
3 56
3 57
3 58
3 60
3 64
3 70
3 73
3 76
3 83
3 84
3 93
3 94
3 102
3 117
3 121
3 123
3 124
3 125
3 127
4 0
4 3
4 5
4 14
4 15
4 16
4 23
4 26
4 30
4 31
4 32
4 34
4 36
4 46
4 47
4 48
4 49
4 55
4 59
4 63
4 69
4 70
4 72
4 73
4 74
4 80
4 82
4 84
4 86
4 93
4 97
4 98
4 105
4 113
4 114
4 118
4 120
4 121
4 123
4 125
5 1
5 3
5 5
5 6
5 8
5 13
5 14
5 16
5 19
5 20
5 22
5 23
5 24
5 30
5 34
5 37
5 39
5 41
5 44
5 57
5 59
5 62
5 63
5 65
5 67
5 71
5 72
5 76
5 78
5 79
5 84
5 87
5 88
5 89
5 92
5 98
5 103
5 106
5 108
5 111
5 112
5 113
5 117
5 119
5 122
5 123
5 126
5 127
6 0
6 1
6 5
6 7
6 11
6 13
6 15
6 17
6 18
6 21
6 23
6 24
6 25
6 27
6 31
6 33
6 37
6 39
6 43
6 45
6 48
6 53
6 54
6 55
6 57
6 58
6 59
6 60
6 61
6 63
6 65
6 73
6 76
6 78
6 82
6 87
6 90
6 92
6 95
6 96
6 97
6 98
6 100
6 101
6 103
6 106
6 111
6 112
6 113
6 115
6 121
6 124
7 2
7 3
7 5
7 10
7 13
7 14
7 15
7 21
7 22
7 24
7 27
7 29
7 30
7 31
7 39
7 41
7 42
7 44
7 46
7 47
7 49
7 50
7 51
7 53
7 54
7 55
7 58
7 66
7 67
7 70
7 75
7 76
7 77
7 78
7 81
7 86
7 89
7 93
7 106
7 107
7 118
7 120
7 121
7 122
7 124
8 0
8 2
8 9
8 14
8 18
8 19
8 20
8 22
8 28
8 37
8 38
8 39
8 40
8 42
8 44
8 46
8 49
8 52
8 54
8 57
8 60
8 63
8 71
8 82
8 83
8 84
8 85
8 88
8 90
8 91
8 92
8 94
8 97
8 101
8 103
8 109
8 114
8 118
8 122
9 1
9 4
9 6
9 12
9 19
9 27
9 34
9 40
9 42
9 44
9 45
9 46
9 49
9 50
9 56
9 59
9 62
9 66
9 70
9 72
9 76
9 78
9 82
9 86
9 87
9 88
9 92
9 94
9 103
9 104
9 106
9 114
9 121
9 125
9 126
10 0
10 2
10 5
10 6
10 7
10 8
10 14
10 15
10 18
10 22
10 25
10 28
10 30
10 32
10 36
10 37
10 38
10 43
10 44
10 45
10 49
10 57
10 59
10 60
10 61
10 62
10 63
10 64
10 68
10 71
10 72
10 77
10 78
10 80
10 84
10 85
10 86
10 87
10 91
10 93
10 94
10 95
10 97
10 99
10 100
10 102
10 103
10 107
10 111
10 116
10 123
10 124
10 127
11 1
11 5
11 7
11 10
11 14
11 17
11 18
11 20
11 23
11 24
11 25
11 27
11 30
11 31
11 33
11 38
11 44
11 45
11 48
11 52
11 54
11 62
11 70
11 75
11 76
11 90
11 93
11 95
11 97
11 100
11 101
11 102
11 107
11 111
11 113
11 114
11 115
11 116
11 119
11 121
11 122
11 123
11 125
12 3
12 7
12 9
12 10
12 11
12 13
12 17
12 21
12 22
12 26
12 31
12 32
12 35
12 37
12 48
12 53
12 54
12 56
12 60
12 61
12 63
12 66
12 70
12 73
12 75
12 77
12 79
12 86
12 88
12 94
12 97
12 99
12 101
12 104
12 105
12 106
12 107
12 108
12 116
12 124
12 126
12 127
13 0
13 1
13 4
13 9
13 11
13 15
13 17
13 20
13 25
13 29
13 31
13 33
13 35
13 36
13 39
13 41
13 42
13 43
13 48
13 50
13 54
13 56
13 57
13 59
13 65
13 71
13 72
13 79
13 82
13 85
13 88
13 90
13 95
13 96
13 99
13 101
13 106
13 110
13 114
13 122
13 126
13 127
14 3
14 4
14 7
14 10
14 12
14 13
14 15
14 19
14 20
14 23
14 25
14 26
14 27
14 35
14 40
14 46
14 47
14 48
14 49
14 54
14 56
14 58
14 61
14 62
14 63
14 68
14 72
14 73
14 75
14 76
14 81
14 84
14 85
14 87
14 88
14 89
14 92
14 93
14 94
14 97
14 98
14 101
14 103
14 106
14 107
14 111
14 113
14 118
14 119
14 125
14 127
15 0
15 1
15 2
15 3
15 4
15 5
15 6
15 15
15 16
15 18
15 19
15 22
15 27
15 29
15 31
15 32
15 34
15 37
15 38
15 40
15 43
15 46
15 48
15 50
15 54
15 57
15 61
15 63
15 64
15 66
15 68
15 71
15 73
15 75
15 76
15 80
15 81
15 85
15 88
15 94
15 96
15 99
15 100
15 102
15 103
15 108
15 109
15 110
15 114
15 124
15 126
16 6
16 8
16 16
16 19
16 27
16 28
16 29
16 30
16 31
16 32
16 35
16 37
16 40
16 41
16 43
16 46
16 48
16 49
16 51
16 54
16 63
16 64
16 70
16 71
16 72
16 84
16 85
16 87
16 88
16 90
16 92
16 95
16 96
16 103
16 109
16 114
16 119
16 122
16 123
16 124
17 4
17 8
17 10
17 12
17 18
17 22
17 26
17 32
17 35
17 38
17 40
17 41
17 42
17 43
17 45
17 47
17 48
17 49
17 51
17 52
17 55
17 56
17 62
17 69
17 72
17 75
17 80
17 82
17 86
17 88
17 100
17 102
17 105
17 106
17 115
17 116
17 118
17 122
17 126
18 2
18 4
18 6
18 8
18 10
18 16
18 17
18 23
18 25
18 26
18 31
18 37
18 38
18 44
18 47
18 49
18 50
18 52
18 54
18 57
18 58
18 59
18 60
18 61
18 62
18 65
18 68
18 71
18 77
18 78
18 82
18 83
18 88
18 90
18 94
18 95
18 101
18 102
18 104
18 112
18 113
18 115
18 121
19 3
19 4
19 7
19 8
19 9
19 12
19 16
19 21
19 24
19 25
19 27
19 30
19 32
19 33
19 34
19 36
19 43
19 44
19 56
19 57
19 64
19 65
19 67
19 73
19 76
19 78
19 79
19 81
19 82
19 83
19 84
19 87
19 89
19 92
19 96
19 97
19 99
19 100
19 102
19 106
19 109
19 114
19 115
19 119
19 122
19 124
19 126
19 127
20 2
20 3
20 4
20 5
20 16
20 20
20 21
20 26
20 34
20 36
20 38
20 43
20 48
20 49
20 50
20 52
20 54
20 55
20 56
20 62
20 76
20 78
20 79
20 85
20 86
20 87
20 90
20 92
20 95
20 96
20 99
20 109
20 112
20 113
20 119
20 120
20 127
21 0
21 2
21 5
21 14
21 15
21 18
21 19
21 21
21 22
21 23
21 24
21 26
21 28
21 30
21 31
21 32
21 37
21 40
21 43
21 45
21 47
21 51
21 52
21 58
21 60
21 65
21 67
21 68
21 69
21 90
21 94
21 96
21 103
21 109
21 110
21 111
21 112
21 113
21 116
21 118
22 2
22 3
22 5
22 8
22 10
22 14
22 15
22 17
22 18
22 20
22 21
22 22
22 27
22 31
22 32
22 37
22 42
22 44
22 46
22 48
22 51
22 55
22 59
22 61
22 63
22 66
22 68
22 69
22 70
22 71
22 74
22 79
22 82
22 83
22 87
22 91
22 95
22 96
22 97
22 98
22 100
22 101
22 102
22 105
22 112
22 113
22 114
22 117
22 119
22 120
22 123
22 124
22 125
23 3
23 6
23 8
23 17
23 18
23 21
23 23
23 26
23 29
23 30
23 32
23 35
23 36
23 37
23 42
23 47
23 49
23 51
23 53
23 54
23 55
23 56
23 57
23 61
23 77
23 78
23 89
23 92
23 94
23 95
23 97
23 102
23 103
23 105
23 106
23 109
23 117
23 121
23 124
23 126
24 0
24 2
24 3
24 5
24 12
24 14
24 15
24 16
24 18
24 21
24 25
24 26
24 29
24 33
24 34
24 37
24 39
24 44
24 45
24 46
24 47
24 51
24 53
24 54
24 56
24 57
24 59
24 60
24 63
24 65
24 72
24 73
24 75
24 78
24 84
24 85
24 90
24 95
24 97
24 102
24 108
24 110
24 113
24 116
24 117
24 125
25 3
25 5
25 6
25 8
25 11
25 15
25 17
25 23
25 27
25 28
25 34
25 36
25 37
25 42
25 47
25 48
25 49
25 53
25 54
25 55
25 58
25 59
25 60
25 65
25 67
25 68
25 69
25 70
25 71
25 73
25 80
25 83
25 84
25 86
25 88
25 90
25 93
25 99
25 100
25 101
25 102
25 103
25 109
25 110
25 111
25 114
25 117
25 120
25 126
26 4
26 8
26 18
26 22
26 24
26 34
26 35
26 37
26 39
26 42
26 46
26 49
26 52
26 54
26 57
26 58
26 60
26 63
26 64
26 66
26 70
26 76
26 78
26 82
26 84
26 86
26 103
26 106
26 107
26 108
26 109
26 112
26 113
26 114
26 116
26 117
26 119
26 121
26 122
26 123
27 6
27 10
27 13
27 17
27 22
27 27
27 29
27 33
27 35
27 36
27 38
27 54
27 56
27 57
27 60
27 62
27 63
27 64
27 67
27 70
27 72
27 73
27 74
27 84
27 86
27 92
27 98
27 100
27 105
27 110
27 114
27 115
27 117
27 119
27 121
27 124
27 126
28 4
28 5
28 8
28 9
28 11
28 12
28 15
28 17
28 21
28 23
28 24
28 26
28 27
28 28
28 29
28 34
28 36
28 40
28 41
28 47
28 48
28 49
28 52
28 54
28 57
28 60
28 62
28 64
28 65
28 66
28 73
28 75
28 77
28 78
28 80
28 83
28 85
28 94
28 96
28 97
28 98
28 101
28 102
28 109
28 111
28 114
28 121
28 127
29 0
29 2
29 5
29 8
29 17
29 20
29 21
29 25
29 27
29 29
29 31
29 35
29 38
29 41
29 43
29 48
29 49
29 51
29 55
29 58
29 59
29 60
29 63
29 65
29 69
29 73
29 74
29 77
29 80
29 81
29 85
29 86
29 87
29 90
29 92
29 94
29 99
29 106
29 108
29 109
29 110
29 112
29 115
29 118
29 122
29 123
29 127
30 2
30 5
30 8
30 12
30 13
30 16
30 17
30 23
30 29
30 30
30 33
30 37
30 38
30 43
30 49
30 53
30 55
30 57
30 59
30 61
30 65
30 66
30 68
30 69
30 70
30 73
30 75
30 76
30 78
30 82
30 85
30 87
30 89
30 90
30 91
30 97
30 98
30 99
30 102
30 104
30 108
30 109
30 110
30 111
30 113
30 120
30 122
30 126
31 2
31 4
31 8
31 9
31 11
31 26
31 32
31 34
31 36
31 39
31 43
31 46
31 48
31 49
31 54
31 56
31 58
31 60
31 63
31 67
31 68
31 74
31 80
31 85
31 86
31 87
31 88
31 92
31 93
31 95
31 98
31 99
31 103
31 106
31 108
31 112
31 113
31 117
31 119
31 120
31 124
31 126
32 0
32 5
32 7
32 11
32 12
32 13
32 15
32 16
32 18
32 19
32 21
32 23
32 28
32 31
32 35
32 36
32 38
32 41
32 43
32 44
32 46
32 47
32 48
32 49
32 51
32 55
32 57
32 59
32 64
32 67
32 69
32 70
32 71
32 74
32 78
32 79
32 80
32 81
32 82
32 84
32 85
32 88
32 91
32 100
32 103
32 104
32 107
32 109
32 110
32 111
32 112
32 127
33 1
33 2
33 6
33 8
33 12
33 14
33 17
33 28
33 29
33 30
33 32
33 34
33 35
33 39
33 41
33 45
33 47
33 49
33 55
33 58
33 60
33 61
33 62
33 63
33 64
33 66
33 70
33 73
33 76
33 77
33 78
33 80
33 82
33 84
33 85
33 92
33 93
33 94
33 99
33 104
33 108
33 110
33 114
33 117
33 123
34 0
34 3
34 5
34 10
34 15
34 18
34 22
34 24
34 25
34 26
34 28
34 29
34 33
34 39
34 40
34 44
34 45
34 48
34 56
34 57
34 58
34 59
34 63
34 64
34 66
34 68
34 74
34 76
34 77
34 79
34 81
34 88
34 90
34 91
34 95
34 100
34 101
34 104
34 111
34 114
34 115
34 122
34 123
35 3
35 14
35 15
35 16
35 18
35 20
35 22
35 23
35 27
35 29
35 31
35 34
35 35
35 36
35 38
35 39
35 40
35 44
35 48
35 49
35 51
35 54
35 60
35 61
35 63
35 67
35 73
35 76
35 80
35 82
35 83
35 88
35 89
35 90
35 97
35 100
35 101
35 103
35 104
35 107
35 110
35 112
35 115
35 119
35 120
35 124
35 127
36 8
36 12
36 13
36 16
36 19
36 25
36 29
36 30
36 38
36 39
36 43
36 45
36 51
36 53
36 60
36 62
36 63
36 64
36 67
36 71
36 72
36 73
36 78
36 81
36 83
36 87
36 90
36 91
36 94
36 99
36 101
36 103
36 105
36 106
36 108
36 109
36 110
36 111
36 112
36 115
36 117
36 121
36 122
37 3
37 5
37 9
37 14
37 20
37 25
37 26
37 28
37 33
37 34
37 37
37 38
37 42
37 43
37 44
37 45
37 47
37 49
37 52
37 53
37 56
37 63
37 65
37 66
37 68
37 74
37 75
37 79
37 85
37 93
37 94
37 97
37 98
37 101
37 102
37 104
37 108
37 109
37 117
37 123
38 4
38 7
38 8
38 10
38 13
38 14
38 17
38 20
38 22
38 25
38 28
38 29
38 34
38 36
38 40
38 42
38 43
38 44
38 49
38 51
38 52
38 53
38 56
38 58
38 62
38 63
38 65
38 67
38 68
38 71
38 74
38 77
38 78
38 79
38 80
38 83
38 87
38 90
38 100
38 101
38 103
38 104
38 106
38 107
38 108
38 109
38 112
38 113
38 114
38 120
39 0
39 1
39 2
39 3
39 4
39 7
39 10
39 16
39 24
39 25
39 27
39 30
39 32
39 36
39 38
39 39
39 40
39 41
39 42
39 44
39 48
39 54
39 55
39 57
39 60
39 63
39 65
39 67
39 68
39 70
39 71
39 74
39 84
39 85
39 88
39 93
39 95
39 97
39 102
39 106
39 109
39 110
39 115
39 116
39 117
39 118
39 119
39 121
39 124
40 0
40 2
40 5
40 8
40 9
40 12
40 15
40 17
40 20
40 24
40 25
40 27
40 28
40 29
40 31
40 34
40 41
40 42
40 48
40 49
40 53
40 58
40 59
40 60
40 61
40 67
40 73
40 82
40 84
40 93
40 95
40 97
40 99
40 103
40 104
40 106
40 108
40 111
40 115
40 116
40 117
40 118
40 121
40 122
40 123
40 126
41 0
41 3
41 7
41 12
41 16
41 18
41 22
41 25
41 26
41 27
41 28
41 32
41 33
41 37
41 38
41 39
41 42
41 43
41 47
41 48
41 50
41 53
41 54
41 58
41 60
41 62
41 70
41 78
41 86
41 88
41 91
41 92
41 95
41 96
41 102
41 103
41 106
41 107
41 117
41 119
41 120
41 123
41 124
41 125
41 126
42 3
42 6
42 7
42 9
42 10
42 11
42 12
42 14
42 17
42 18
42 25
42 27
42 28
42 33
42 34
42 36
42 38
42 41
42 43
42 47
42 50
42 52
42 54
42 57
42 59
42 61
42 62
42 68
42 69
42 72
42 76
42 77
42 80
42 85
42 92
42 95
42 98
42 101
42 102
42 109
42 110
42 113
42 118
42 119
42 121
42 124
43 2
43 4
43 6
43 7
43 8
43 11
43 19
43 20
43 21
43 23
43 25
43 29
43 33
43 34
43 36
43 49
43 56
43 60
43 61
43 62
43 64
43 66
43 68
43 79
43 83
43 84
43 93
43 94
43 95
43 98
43 99
43 103
43 104
43 106
43 112
43 118
43 119
43 122
43 124
44 0
44 5
44 6
44 7
44 10
44 15
44 17
44 19
44 22
44 25
44 29
44 36
44 40
44 41
44 45
44 46
44 47
44 48
44 51
44 56
44 57
44 60
44 63
44 64
44 66
44 74
44 75
44 76
44 79
44 96
44 97
44 101
44 103
44 105
44 111
44 114
44 115
44 116
44 119
44 120
44 122
44 126
45 1
45 2
45 6
45 10
45 11
45 13
45 14
45 18
45 20
45 22
45 24
45 25
45 28
45 30
45 33
45 37
45 41
45 50
45 51
45 56
45 58
45 59
45 62
45 65
45 69
45 75
45 76
45 79
45 82
45 83
45 84
45 86
45 91
45 92
45 96
45 98
45 99
45 100
45 104
45 105
45 110
45 112
45 114
45 118
45 120
45 125
45 127
46 0
46 2
46 3
46 4
46 5
46 8
46 9
46 18
46 20
46 23
46 33
46 36
46 37
46 40
46 41
46 45
46 46
46 50
46 51
46 52
46 53
46 54
46 55
46 62
46 63
46 71
46 73
46 76
46 78
46 83
46 92
46 96
46 98
46 100
46 107
46 117
46 119
46 123
46 127
47 1
47 2
47 7
47 11
47 12
47 15
47 18
47 19
47 20
47 21
47 25
47 26
47 28
47 29
47 33
47 36
47 37
47 39
47 40
47 47
47 48
47 50
47 51
47 56
47 57
47 59
47 62
47 70
47 71
47 73
47 75
47 78
47 81
47 82
47 88
47 94
47 95
47 98
47 100
47 101
47 106
47 110
47 111
47 113
47 115
47 116
47 120
47 122
47 123
47 127
48 1
48 3
48 8
48 9
48 11
48 16
48 18
48 21
48 25
48 26
48 32
48 33
48 34
48 36
48 37
48 41
48 42
48 52
48 57
48 59
48 60
48 62
48 68
48 72
48 76
48 78
48 81
48 83
48 85
48 87
48 88
48 90
48 92
48 95
48 96
48 98
48 101
48 102
48 107
48 110
48 111
48 114
48 118
48 121
48 123
48 126
49 3
49 7
49 8
49 10
49 11
49 13
49 14
49 19
49 21
49 23
49 27
49 28
49 29
49 31
49 32
49 35
49 40
49 44
49 45
49 46
49 47
49 48
49 50
49 51
49 57
49 58
49 59
49 60
49 62
49 63
49 65
49 68
49 70
49 72
49 79
49 80
49 82
49 83
49 85
49 87
49 88
49 89
49 93
49 102
49 105
49 108
49 115
49 117
49 121
49 123
49 125
49 127
50 1
50 2
50 4
50 8
50 10
50 12
50 14
50 17
50 18
50 20
50 21
50 24
50 29
50 31
50 32
50 33
50 34
50 36
50 37
50 38
50 48
50 50
50 54
50 55
50 59
50 60
50 61
50 64
50 66
50 68
50 70
50 72
50 75
50 76
50 77
50 81
50 84
50 86
50 90
50 93
50 95
50 98
50 99
50 101
50 104
50 105
50 107
50 108
50 109
50 110
50 114
50 116
51 0
51 9
51 12
51 14
51 16
51 17
51 27
51 28
51 32
51 33
51 36
51 39
51 41
51 42
51 45
51 54
51 55
51 56
51 57
51 58
51 63
51 64
51 66
51 69
51 71
51 72
51 76
51 79
51 81
51 82
51 85
51 94
51 96
51 100
51 101
51 104
51 106
51 107
51 113
51 117
51 119
51 120
51 124
51 125
51 126
51 127
52 2
52 5
52 7
52 8
52 10
52 14
52 20
52 23
52 24
52 25
52 26
52 27
52 31
52 34
52 36
52 37
52 42
52 43
52 44
52 46
52 52
52 56
52 59
52 60
52 61
52 64
52 65
52 66
52 68
52 69
52 70
52 71
52 73
52 76
52 77
52 80
52 83
52 84
52 85
52 87
52 91
52 96
52 98
52 104
52 106
52 107
52 108
52 110
52 116
52 118
52 121
52 126
52 127
53 1
53 2
53 4
53 11
53 13
53 15
53 18
53 23
53 24
53 27
53 28
53 32
53 35
53 37
53 38
53 43
53 46
53 50
53 51
53 58
53 60
53 61
53 65
53 69
53 70
53 74
53 80
53 81
53 83
53 84
53 85
53 86
53 87
53 90
53 91
53 92
53 96
53 100
53 101
53 105
53 108
53 109
53 111
53 113
53 115
53 120
53 122
53 125
53 126
54 2
54 3
54 7
54 8
54 9
54 11
54 17
54 18
54 19
54 23
54 24
54 27
54 31
54 33
54 42
54 43
54 46
54 50
54 64
54 67
54 69
54 71
54 73
54 74
54 81
54 87
54 90
54 91
54 97
54 102
54 104
54 107
54 109
54 110
54 115
54 117
54 126
55 0
55 1
55 2
55 8
55 9
55 10
55 12
55 17
55 21
55 24
55 31
55 33
55 36
55 40
55 45
55 46
55 48
55 49
55 51
55 52
55 53
55 54
55 58
55 64
55 65
55 68
55 70
55 73
55 74
55 75
55 78
55 80
55 86
55 87
55 89
55 93
55 94
55 95
55 96
55 99
55 106
55 107
55 111
55 118
55 120
55 123
56 3
56 5
56 9
56 12
56 15
56 18
56 19
56 20
56 21
56 24
56 26
56 27
56 38
56 44
56 46
56 47
56 56
56 57
56 58
56 62
56 72
56 73
56 76
56 83
56 84
56 85
56 89
56 94
56 95
56 96
56 105
56 106
56 107
56 109
56 110
56 114
56 115
56 119
56 123
56 127
57 3
57 5
57 6
57 11
57 12
57 14
57 18
57 19
57 24
57 25
57 30
57 33
57 35
57 38
57 39
57 40
57 41
57 42
57 47
57 48
57 52
57 53
57 57
57 60
57 65
57 67
57 68
57 69
57 70
57 79
57 80
57 83
57 85
57 88
57 96
57 97
57 103
57 105
57 109
57 110
57 112
57 116
57 121
57 124
57 127
58 2
58 5
58 6
58 7
58 12
58 16
58 17
58 18
58 21
58 27
58 28
58 29
58 38
58 39
58 41
58 42
58 45
58 46
58 47
58 52
58 53
58 56
58 58
58 60
58 62
58 63
58 65
58 68
58 70
58 75
58 76
58 78
58 79
58 83
58 87
58 88
58 89
58 91
58 96
58 97
58 99
58 101
58 109
58 112
58 113
58 115
58 116
58 117
58 119
58 120
58 123
58 127
59 4
59 5
59 9
59 15
59 17
59 18
59 19
59 20
59 22
59 23
59 24
59 26
59 31
59 32
59 34
59 35
59 39
59 41
59 42
59 49
59 50
59 52
59 53
59 54
59 55
59 58
59 62
59 64
59 65
59 69
59 75
59 77
59 79
59 83
59 84
59 88
59 90
59 97
59 98
59 101
59 103
59 104
59 105
59 109
59 111
59 112
59 113
59 120
59 121
59 125
59 126
60 7
60 9
60 13
60 15
60 24
60 26
60 32
60 34
60 37
60 44
60 45
60 46
60 48
60 50
60 51
60 54
60 57
60 62
60 64
60 65
60 69
60 73
60 77
60 79
60 81
60 82
60 83
60 84
60 88
60 90
60 94
60 99
60 104
60 109
60 110
60 115
60 117
60 122
60 125
60 126
61 0
61 4
61 11
61 12
61 13
61 14
61 19
61 22
61 23
61 24
61 27
61 29
61 30
61 34
61 35
61 38
61 39
61 42
61 46
61 48
61 50
61 52
61 53
61 54
61 57
61 65
61 69
61 71
61 75
61 78
61 79
61 81
61 84
61 88
61 90
61 95
61 101
61 109
61 110
61 113
61 114
61 116
61 119
61 122
61 124
61 125
61 126
61 127
62 1
62 2
62 5
62 8
62 9
62 11
62 14
62 16
62 19
62 25
62 36
62 39
62 40
62 44
62 45
62 47
62 48
62 51
62 53
62 55
62 56
62 57
62 58
62 59
62 60
62 61
62 64
62 65
62 67
62 68
62 70
62 71
62 74
62 76
62 80
62 85
62 87
62 88
62 90
62 93
62 95
62 97
62 98
62 103
62 104
62 105
62 108
62 115
62 116
62 117
62 118
62 121
62 127
63 1
63 2
63 3
63 4
63 5
63 8
63 11
63 17
63 22
63 23
63 26
63 31
63 35
63 38
63 47
63 48
63 49
63 50
63 53
63 63
63 69
63 73
63 75
63 82
63 83
63 86
63 87
63 88
63 89
63 94
63 96
63 100
63 102
63 103
63 105
63 106
63 109
63 112
63 113
63 124
63 127
64 2
64 6
64 7
64 15
64 17
64 21
64 25
64 27
64 28
64 30
64 32
64 43
64 45
64 49
64 51
64 52
64 54
64 57
64 60
64 64
64 65
64 66
64 74
64 77
64 78
64 82
64 86
64 87
64 88
64 91
64 93
64 96
64 97
64 98
64 101
64 105
64 106
64 111
64 112
64 114
64 115
64 117
64 123
64 125
64 127
65 3
65 5
65 12
65 14
65 15
65 17
65 19
65 22
65 25
65 28
65 29
65 37
65 39
65 40
65 43
65 44
65 45
65 51
65 59
65 60
65 63
65 64
65 65
65 72
65 73
65 80
65 83
65 84
65 85
65 86
65 91
65 94
65 97
65 103
65 108
65 109
65 110
65 112
65 114
65 115
65 120
65 121
65 122
65 124
65 125
66 10
66 15
66 18
66 20
66 25
66 27
66 29
66 32
66 39
66 44
66 49
66 57
66 58
66 61
66 64
66 65
66 68
66 72
66 73
66 77
66 78
66 82
66 83
66 86
66 94
66 95
66 96
66 99
66 100
66 102
66 103
66 106
66 118
66 122
66 124
66 126
67 0
67 1
67 3
67 4
67 5
67 6
67 7
67 13
67 15
67 16
67 24
67 25
67 29
67 31
67 34
67 35
67 38
67 40
67 45
67 50
67 53
67 61
67 65
67 67
67 71
67 73
67 74
67 75
67 77
67 80
67 82
67 85
67 86
67 89
67 92
67 93
67 103
67 104
67 106
67 107
67 109
67 114
67 116
67 117
67 122
67 126
67 127
68 1
68 3
68 5
68 6
68 9
68 15
68 19
68 25
68 26
68 28
68 33
68 34
68 36
68 37
68 41
68 42
68 44
68 46
68 48
68 50
68 54
68 67
68 69
68 70
68 72
68 79
68 83
68 86
68 90
68 95
68 98
68 99
68 107
68 110
68 112
68 115
68 116
68 118
68 120
69 0
69 6
69 9
69 13
69 16
69 18
69 20
69 21
69 23
69 28
69 32
69 34
69 39
69 41
69 45
69 46
69 48
69 54
69 56
69 58
69 59
69 64
69 67
69 69
69 73
69 74
69 79
69 81
69 86
69 89
69 91
69 95
69 99
69 102
69 103
69 108
69 110
69 111
69 112
69 119
69 122
69 123
69 124
69 125
70 0
70 1
70 2
70 11
70 13
70 14
70 15
70 20
70 23
70 27
70 29
70 34
70 36
70 38
70 44
70 49
70 51
70 52
70 54
70 58
70 59
70 63
70 65
70 72
70 73
70 74
70 76
70 80
70 81
70 82
70 84
70 85
70 89
70 90
70 93
70 98
70 100
70 101
70 102
70 103
70 104
70 114
70 116
70 119
70 120
70 124
70 126
71 1
71 6
71 11
71 16
71 28
71 30
71 32
71 39
71 40
71 41
71 43
71 45
71 47
71 50
71 61
71 68
71 69
71 75
71 77
71 82
71 89
71 90
71 93
71 96
71 99
71 100
71 106
71 111
71 112
71 113
71 115
71 124
72 1
72 6
72 9
72 10
72 12
72 13
72 15
72 16
72 19
72 21
72 22
72 24
72 25
72 26
72 27
72 34
72 35
72 41
72 45
72 47
72 49
72 51
72 54
72 55
72 57
72 58
72 62
72 64
72 65
72 70
72 72
72 74
72 78
72 83
72 87
72 93
72 95
72 102
72 103
72 111
72 113
72 114
72 118
72 124
73 4
73 11
73 17
73 18
73 19
73 21
73 23
73 24
73 27
73 28
73 29
73 30
73 32
73 33
73 37
73 38
73 41
73 46
73 47
73 49
73 50
73 51
73 52
73 54
73 61
73 65
73 66
73 67
73 69
73 75
73 76
73 81
73 89
73 90
73 99
73 101
73 107
73 109
73 111
73 117
73 118
73 119
73 120
73 124
74 0
74 2
74 3
74 5
74 6
74 12
74 19
74 21
74 25
74 26
74 34
74 36
74 38
74 40
74 44
74 47
74 53
74 54
74 57
74 60
74 62
74 66
74 67
74 76
74 79
74 81
74 84
74 88
74 91
74 109
74 110
74 118
74 119
74 120
74 122
74 126
74 127
75 0
75 2
75 3
75 5
75 7
75 8
75 10
75 14
75 16
75 18
75 20
75 21
75 23
75 30
75 35
75 36
75 42
75 45
75 50
75 57
75 61
75 63
75 66
75 71
75 72
75 76
75 83
75 84
75 85
75 91
75 94
75 95
75 96
75 102
75 104
75 105
75 108
75 111
75 112
75 113
75 117
75 119
75 120
75 122
75 125
76 0
76 1
76 3
76 5
76 6
76 7
76 9
76 10
76 13
76 14
76 16
76 19
76 20
76 21
76 23
76 26
76 34
76 35
76 38
76 39
76 41
76 42
76 43
76 44
76 45
76 53
76 56
76 57
76 58
76 59
76 61
76 63
76 65
76 67
76 68
76 73
76 75
76 81
76 88
76 93
76 106
76 107
76 108
76 111
76 113
76 114
76 118
76 123
76 126
76 127
77 5
77 6
77 14
77 15
77 22
77 23
77 25
77 30
77 31
77 40
77 42
77 48
77 51
77 55
77 60
77 67
77 68
77 70
77 71
77 76
77 80
77 81
77 83
77 84
77 87
77 89
77 90
77 97
77 100
77 105
77 108
77 111
77 116
77 117
77 121
77 122
78 2
78 9
78 16
78 17
78 18
78 19
78 20
78 25
78 27
78 29
78 30
78 32
78 37
78 38
78 39
78 42
78 43
78 45
78 49
78 52
78 56
78 58
78 61
78 62
78 63
78 67
78 69
78 72
78 78
78 79
78 80
78 82
78 92
78 98
78 99
78 100
78 102
78 106
78 112
78 113
78 114
78 116
78 117
78 118
78 119
78 120
78 122
78 123
78 124
79 5
79 7
79 8
79 10
79 17
79 20
79 21
79 22
79 23
79 24
79 28
79 30
79 31
79 32
79 34
79 41
79 42
79 43
79 45
79 50
79 53
79 55
79 56
79 57
79 63
79 64
79 69
79 74
79 80
79 81
79 82
79 88
79 90
79 92
79 94
79 97
79 99
79 101
79 102
79 103
79 105
79 111
79 119
79 120
79 121
79 124
79 125
79 127
80 2
80 4
80 6
80 8
80 9
80 12
80 18
80 19
80 25
80 26
80 27
80 29
80 37
80 38
80 40
80 42
80 43
80 46
80 47
80 51
80 62
80 63
80 64
80 66
80 67
80 68
80 71
80 72
80 73
80 75
80 79
80 81
80 83
80 87
80 88
80 93
80 95
80 107
80 109
80 111
80 118
80 121
80 123
80 124
80 125
81 0
81 1
81 2
81 7
81 10
81 12
81 13
81 20
81 23
81 24
81 26
81 28
81 29
81 30
81 44
81 45
81 50
81 53
81 55
81 56
81 57
81 61
81 62
81 63
81 64
81 72
81 73
81 75
81 76
81 77
81 80
81 82
81 87
81 90
81 92
81 100
81 102
81 104
81 106
81 108
81 109
81 110
81 112
81 115
81 119
81 120
81 124
81 125
81 126
82 2
82 7
82 9
82 13
82 16
82 23
82 25
82 28
82 32
82 34
82 39
82 45
82 46
82 50
82 52
82 53
82 54
82 57
82 64
82 66
82 67
82 70
82 72
82 74
82 76
82 77
82 79
82 80
82 82
82 85
82 89
82 91
82 96
82 98
82 99
82 107
82 109
82 111
82 114
82 120
82 122
82 124
83 0
83 3
83 5
83 6
83 7
83 10
83 12
83 21
83 24
83 26
83 27
83 31
83 38
83 41
83 43
83 44
83 48
83 53
83 56
83 57
83 58
83 59
83 62
83 67
83 68
83 69
83 74
83 81
83 82
83 85
83 92
83 95
83 98
83 100
83 101
83 106
83 109
83 116
83 117
83 118
83 119
83 122
83 125
84 2
84 4
84 5
84 9
84 11
84 17
84 21
84 23
84 24
84 25
84 26
84 27
84 29
84 37
84 39
84 44
84 53
84 57
84 58
84 62
84 63
84 64
84 66
84 68
84 71
84 74
84 83
84 86
84 87
84 89
84 90
84 91
84 93
84 94
84 99
84 110
84 116
85 1
85 2
85 5
85 6
85 11
85 14
85 16
85 17
85 18
85 23
85 25
85 27
85 28
85 30
85 35
85 44
85 46
85 47
85 48
85 50
85 55
85 57
85 59
85 61
85 62
85 65
85 66
85 72
85 74
85 83
85 86
85 87
85 88
85 90
85 92
85 93
85 94
85 96
85 105
85 106
85 111
85 116
85 119
85 121
85 122
86 0
86 2
86 3
86 8
86 9
86 11
86 13
86 21
86 23
86 26
86 30
86 38
86 40
86 45
86 46
86 49
86 53
86 54
86 55
86 58
86 60
86 63
86 66
86 67
86 69
86 72
86 80
86 81
86 83
86 91
86 92
86 93
86 99
86 101
86 102
86 105
86 106
86 107
86 112
86 113
86 116
86 126
87 1
87 7
87 10
87 23
87 28
87 31
87 33
87 35
87 37
87 40
87 41
87 42
87 43
87 47
87 48
87 49
87 51
87 54
87 61
87 63
87 76
87 77
87 78
87 81
87 83
87 92
87 93
87 98
87 110
87 112
87 115
87 116
87 120
87 122
87 123
87 124
88 2
88 6
88 8
88 9
88 11
88 18
88 19
88 21
88 23
88 24
88 27
88 30
88 31
88 33
88 38
88 43
88 46
88 47
88 48
88 49
88 52
88 55
88 59
88 60
88 65
88 66
88 70
88 71
88 74
88 78
88 82
88 83
88 86
88 89
88 90
88 93
88 95
88 96
88 97
88 102
88 104
88 106
88 108
88 113
88 114
88 120
88 121
88 122
88 123
88 125
88 126
89 2
89 6
89 8
89 10
89 13
89 16
89 20
89 21
89 23
89 24
89 32
89 34
89 36
89 39
89 42
89 44
89 45
89 48
89 49
89 50
89 54
89 65
89 66
89 70
89 72
89 80
89 82
89 83
89 86
89 88
89 89
89 90
89 91
89 93
89 94
89 96
89 99
89 103
89 109
89 112
89 113
89 121
89 123
89 124
90 0
90 4
90 5
90 6
90 7
90 13
90 15
90 18
90 24
90 26
90 28
90 29
90 33
90 36
90 38
90 39
90 43
90 48
90 53
90 54
90 55
90 56
90 59
90 62
90 64
90 67
90 69
90 73
90 77
90 85
90 91
90 92
90 96
90 100
90 104
90 105
90 107
90 108
90 109
90 110
90 111
90 117
90 118
90 121
90 123
90 124
90 125
90 126
91 2
91 3
91 12
91 16
91 17
91 24
91 25
91 27
91 28
91 34
91 39
91 44
91 49
91 54
91 55
91 56
91 58
91 60
91 61
91 63
91 64
91 67
91 69
91 70
91 71
91 72
91 73
91 78
91 82
91 87
91 88
91 90
91 92
91 94
91 102
91 103
91 104
91 107
91 112
91 114
91 121
92 1
92 4
92 8
92 9
92 16
92 19
92 23
92 28
92 31
92 33
92 34
92 38
92 40
92 43
92 50
92 51
92 52
92 54
92 55
92 56
92 57
92 59
92 61
92 65
92 68
92 69
92 70
92 75
92 78
92 81
92 87
92 88
92 90
92 93
92 105
92 106
92 109
92 111
92 121
92 125
92 127
93 0
93 1
93 3
93 4
93 7
93 9
93 12
93 14
93 18
93 21
93 23
93 24
93 25
93 28
93 32
93 34
93 35
93 38
93 39
93 42
93 45
93 46
93 48
93 53
93 55
93 56
93 57
93 63
93 69
93 72
93 79
93 80
93 83
93 87
93 88
93 89
93 90
93 94
93 99
93 100
93 102
93 103
93 106
93 108
93 109
93 111
93 112
93 114
93 117
93 118
93 125
94 1
94 3
94 4
94 7
94 11
94 14
94 16
94 18
94 21
94 24
94 25
94 26
94 35
94 37
94 38
94 47
94 58
94 60
94 61
94 62
94 63
94 65
94 68
94 70
94 71
94 73
94 74
94 75
94 76
94 79
94 84
94 87
94 88
94 90
94 91
94 106
94 114
94 118
94 119
94 120
94 121
94 123
94 124
94 126
94 127
95 4
95 8
95 11
95 12
95 15
95 16
95 21
95 28
95 34
95 39
95 40
95 41
95 47
95 48
95 51
95 55
95 57
95 58
95 59
95 64
95 67
95 72
95 73
95 75
95 78
95 80
95 84
95 85
95 87
95 89
95 91
95 92
95 98
95 106
95 107
95 109
95 111
95 118
95 121
95 124
95 125
95 126
96 3
96 5
96 6
96 13
96 14
96 15
96 17
96 19
96 21
96 23
96 29
96 31
96 35
96 36
96 37
96 40
96 41
96 44
96 47
96 51
96 53
96 54
96 55
96 56
96 57
96 61
96 65
96 67
96 70
96 75
96 77
96 83
96 88
96 90
96 91
96 92
96 93
96 95
96 99
96 104
96 105
96 109
96 110
96 111
96 113
96 118
96 121
96 127
97 0
97 2
97 5
97 10
97 13
97 14
97 16
97 19
97 25
97 27
97 28
97 29
97 30
97 31
97 32
97 34
97 42
97 44
97 48
97 52
97 53
97 55
97 56
97 61
97 63
97 67
97 70
97 72
97 74
97 76
97 82
97 94
97 97
97 98
97 99
97 107
97 114
97 117
97 118
97 122
97 124
97 127
98 5
98 10
98 13
98 18
98 21
98 22
98 24
98 27
98 29
98 32
98 33
98 37
98 41
98 42
98 43
98 45
98 46
98 53
98 55
98 66
98 67
98 68
98 70
98 71
98 72
98 74
98 75
98 78
98 80
98 81
98 83
98 90
98 92
98 94
98 98
98 99
98 100
98 104
98 107
98 108
98 111
98 112
98 113
98 114
98 115
98 117
98 118
98 123
99 1
99 3
99 9
99 12
99 16
99 17
99 18
99 23
99 25
99 26
99 28
99 31
99 41
99 46
99 47
99 50
99 56
99 57
99 59
99 60
99 61
99 65
99 68
99 69
99 75
99 82
99 85
99 92
99 97
99 98
99 99
99 101
99 103
99 104
99 105
99 108
99 110
99 113
99 114
99 118
99 122
99 125
99 126
100 0
100 4
100 5
100 6
100 10
100 12
100 14
100 16
100 18
100 21
100 22
100 23
100 26
100 27
100 33
100 40
100 41
100 45
100 46
100 48
100 49
100 55
100 60
100 63
100 64
100 65
100 66
100 68
100 73
100 80
100 82
100 85
100 87
100 89
100 91
100 96
100 98
100 99
100 102
100 103
100 105
100 106
100 109
100 114
100 117
100 121
100 124
100 125
101 3
101 9
101 11
101 14
101 15
101 19
101 21
101 22
101 23
101 24
101 28
101 31
101 35
101 36
101 41
101 42
101 43
101 48
101 54
101 56
101 59
101 60
101 63
101 66
101 67
101 68
101 72
101 73
101 76
101 80
101 81
101 84
101 87
101 89
101 93
101 94
101 97
101 100
101 101
101 103
101 104
101 105
101 108
101 112
101 114
101 116
101 120
101 122
101 123
102 4
102 5
102 7
102 9
102 13
102 14
102 17
102 18
102 19
102 20
102 21
102 22
102 23
102 24
102 27
102 28
102 29
102 31
102 32
102 37
102 40
102 43
102 45
102 47
102 48
102 49
102 50
102 54
102 55
102 60
102 61
102 64
102 66
102 67
102 71
102 73
102 74
102 76
102 77
102 78
102 79
102 87
102 91
102 93
102 96
102 101
102 104
102 107
102 109
102 111
102 116
102 117
102 119
102 120
102 124
102 125
102 126
103 2
103 4
103 10
103 14
103 16
103 17
103 20
103 22
103 23
103 25
103 28
103 30
103 31
103 32
103 33
103 34
103 36
103 37
103 39
103 45
103 46
103 47
103 52
103 53
103 57
103 58
103 59
103 60
103 62
103 63
103 64
103 65
103 66
103 68
103 72
103 73
103 74
103 76
103 77
103 78
103 79
103 81
103 84
103 86
103 92
103 96
103 97
103 98
103 99
103 102
103 103
103 107
103 111
103 112
103 113
103 115
103 119
103 123
103 124
103 127
104 0
104 2
104 3
104 10
104 16
104 20
104 22
104 27
104 40
104 50
104 52
104 53
104 57
104 59
104 60
104 65
104 68
104 69
104 76
104 82
104 85
104 87
104 89
104 92
104 93
104 97
104 101
104 105
104 107
104 113
104 117
104 119
104 124
104 125
105 2
105 6
105 13
105 16
105 17
105 19
105 20
105 21
105 22
105 23
105 26
105 31
105 33
105 36
105 37
105 42
105 43
105 44
105 49
105 51
105 57
105 59
105 61
105 62
105 64
105 65
105 66
105 72
105 74
105 75
105 78
105 79
105 80
105 81
105 87
105 88
105 93
105 98
105 101
105 102
105 103
105 105
105 106
105 117
105 122
105 123
105 126
106 0
106 2
106 4
106 5
106 6
106 7
106 9
106 16
106 22
106 26
106 30
106 31
106 40
106 41
106 48
106 53
106 54
106 55
106 57
106 60
106 61
106 67
106 69
106 71
106 72
106 73
106 76
106 77
106 79
106 81
106 82
106 83
106 86
106 90
106 98
106 103
106 106
106 107
106 110
106 114
106 116
106 117
106 122
106 123
106 125
106 127
107 3
107 4
107 7
107 9
107 10
107 15
107 22
107 28
107 29
107 31
107 37
107 38
107 40
107 41
107 43
107 44
107 48
107 50
107 52
107 56
107 59
107 62
107 68
107 69
107 72
107 75
107 79
107 80
107 83
107 86
107 92
107 93
107 98
107 105
107 109
107 114
107 117
107 122
107 123
107 124
107 125
107 126
108 3
108 4
108 5
108 14
108 16
108 19
108 20
108 21
108 22
108 24
108 30
108 34
108 35
108 36
108 37
108 44
108 51
108 53
108 57
108 58
108 64
108 69
108 70
108 71
108 73
108 74
108 80
108 84
108 85
108 89
108 91
108 95
108 98
108 102
108 103
108 105
108 106
108 118
108 123
108 126
108 127
109 1
109 9
109 10
109 12
109 16
109 17
109 18
109 19
109 22
109 33
109 34
109 35
109 40
109 41
109 44
109 49
109 51
109 52
109 54
109 56
109 57
109 59
109 71
109 72
109 75
109 80
109 85
109 86
109 90
109 91
109 92
109 93
109 95
109 97
109 102
109 104
109 107
109 108
109 111
109 112
109 115
109 118
109 124
109 125
110 0
110 2
110 4
110 5
110 8
110 9
110 11
110 13
110 25
110 26
110 28
110 30
110 33
110 35
110 38
110 39
110 44
110 46
110 47
110 50
110 52
110 54
110 56
110 59
110 61
110 68
110 71
110 75
110 82
110 91
110 94
110 96
110 97
110 98
110 100
110 102
110 104
110 110
110 111
110 115
110 116
110 117
110 119
110 123
110 124
110 125
111 6
111 9
111 10
111 13
111 14
111 15
111 19
111 20
111 22
111 24
111 26
111 27
111 28
111 29
111 33
111 34
111 37
111 44
111 50
111 52
111 55
111 57
111 59
111 60
111 62
111 65
111 71
111 79
111 82
111 83
111 84
111 95
111 100
111 105
111 107
111 108
111 110
111 111
111 115
111 119
111 121
111 123
111 127
112 3
112 8
112 9
112 12
112 13
112 15
112 16
112 17
112 19
112 22
112 23
112 26
112 30
112 32
112 35
112 37
112 40
112 41
112 42
112 52
112 53
112 54
112 55
112 56
112 57
112 58
112 62
112 64
112 70
112 71
112 75
112 82
112 84
112 85
112 86
112 90
112 92
112 95
112 96
112 99
112 101
112 102
112 104
112 106
112 115
112 116
112 122
113 1
113 7
113 8
113 15
113 16
113 19
113 21
113 22
113 29
113 32
113 33
113 34
113 35
113 39
113 40
113 42
113 43
113 44
113 46
113 49
113 50
113 52
113 53
113 57
113 59
113 60
113 61
113 62
113 66
113 72
113 73
113 75
113 78
113 84
113 85
113 88
113 89
113 94
113 98
113 101
113 113
113 115
113 117
113 119
113 125
114 1
114 3
114 5
114 7
114 8
114 13
114 15
114 18
114 19
114 20
114 28
114 31
114 34
114 35
114 36
114 40
114 41
114 45
114 48
114 50
114 52
114 53
114 59
114 60
114 61
114 62
114 63
114 64
114 67
114 69
114 70
114 71
114 73
114 74
114 76
114 79
114 82
114 83
114 88
114 91
114 93
114 94
114 98
114 100
114 102
114 105
114 106
114 107
114 113
114 117
114 119
114 121
114 122
114 124
114 125
114 126
115 1
115 3
115 4
115 5
115 7
115 8
115 14
115 18
115 22
115 24
115 25
115 26
115 30
115 33
115 34
115 35
115 39
115 40
115 46
115 50
115 53
115 55
115 56
115 57
115 61
115 65
115 68
115 70
115 71
115 80
115 81
115 83
115 87
115 88
115 89
115 91
115 92
115 93
115 96
115 102
115 103
115 104
115 107
115 108
115 112
115 114
115 115
115 117
115 127
116 1
116 5
116 15
116 18
116 24
116 28
116 33
116 36
116 37
116 38
116 39
116 41
116 43
116 54
116 55
116 56
116 58
116 59
116 60
116 61
116 65
116 70
116 76
116 79
116 80
116 81
116 89
116 97
116 112
116 117
116 120
116 121
116 123
116 127
117 1
117 4
117 7
117 8
117 10
117 11
117 12
117 13
117 16
117 21
117 27
117 33
117 35
117 37
117 40
117 43
117 45
117 47
117 55
117 60
117 61
117 63
117 64
117 65
117 66
117 67
117 69
117 71
117 73
117 74
117 80
117 81
117 86
117 87
117 89
117 90
117 98
117 99
117 100
117 101
117 105
117 110
117 112
117 114
117 116
117 119
117 124
117 125
117 126
118 6
118 11
118 12
118 22
118 23
118 24
118 29
118 35
118 37
118 39
118 43
118 52
118 53
118 54
118 55
118 60
118 61
118 62
118 65
118 66
118 71
118 72
118 73
118 74
118 76
118 81
118 82
118 84
118 85
118 87
118 92
118 95
118 97
118 98
118 100
118 103
118 112
118 114
118 115
118 117
118 118
118 119
118 122
118 125
119 0
119 1
119 7
119 14
119 15
119 17
119 26
119 27
119 31
119 33
119 35
119 38
119 39
119 43
119 46
119 50
119 51
119 52
119 53
119 57
119 58
119 66
119 67
119 68
119 74
119 76
119 78
119 79
119 81
119 82
119 85
119 86
119 88
119 101
119 102
119 104
119 109
119 112
119 114
119 118
119 122
119 123
119 124
119 127
120 1
120 2
120 3
120 6
120 7
120 11
120 14
120 15
120 16
120 18
120 20
120 23
120 34
120 38
120 42
120 43
120 44
120 45
120 46
120 48
120 50
120 53
120 55
120 60
120 61
120 65
120 66
120 72
120 76
120 77
120 79
120 86
120 88
120 93
120 103
120 104
120 109
120 110
120 112
120 113
120 118
120 121
120 122
120 123
120 124
120 127
121 2
121 3
121 4
121 9
121 10
121 14
121 18
121 21
121 22
121 29
121 31
121 38
121 39
121 40
121 44
121 45
121 55
121 58
121 59
121 62
121 66
121 70
121 71
121 72
121 78
121 83
121 90
121 91
121 92
121 93
121 97
121 98
121 99
121 101
121 104
121 105
121 106
121 108
121 110
121 113
121 115
121 119
121 126
122 3
122 5
122 6
122 8
122 13
122 17
122 19
122 22
122 29
122 30
122 31
122 35
122 36
122 37
122 42
122 43
122 44
122 50
122 55
122 60
122 61
122 62
122 63
122 66
122 67
122 70
122 72
122 77
122 78
122 81
122 85
122 89
122 90
122 102
122 103
122 104
122 106
122 111
122 113
122 116
122 122
122 123
122 125
122 126
123 0
123 6
123 7
123 9
123 12
123 17
123 22
123 30
123 33
123 37
123 38
123 40
123 41
123 43
123 46
123 52
123 53
123 54
123 56
123 62
123 66
123 73
123 75
123 80
123 81
123 83
123 85
123 86
123 87
123 89
123 93
123 94
123 95
123 96
123 99
123 100
123 102
123 104
123 106
123 114
123 116
123 126
123 127
124 1
124 6
124 7
124 8
124 10
124 12
124 13
124 14
124 15
124 18
124 24
124 25
124 29
124 34
124 35
124 37
124 39
124 41
124 42
124 43
124 47
124 49
124 51
124 61
124 64
124 66
124 67
124 69
124 73
124 76
124 77
124 78
124 79
124 83
124 89
124 91
124 94
124 95
124 98
124 99
124 101
124 104
124 108
124 112
124 114
124 115
124 120
124 123
124 124
124 127
125 13
125 14
125 18
125 19
125 20
125 21
125 31
125 32
125 33
125 34
125 37
125 38
125 40
125 42
125 43
125 44
125 45
125 48
125 49
125 54
125 61
125 66
125 67
125 68
125 71
125 72
125 76
125 78
125 81
125 83
125 84
125 86
125 89
125 91
125 92
125 101
125 105
125 107
125 108
125 111
125 115
125 118
125 122
126 2
126 3
126 6
126 7
126 8
126 12
126 14
126 19
126 21
126 23
126 25
126 27
126 33
126 35
126 37
126 38
126 41
126 42
126 43
126 54
126 60
126 61
126 70
126 71
126 75
126 77
126 80
126 85
126 86
126 87
126 90
126 92
126 96
126 98
126 104
126 113
126 118
126 121
126 125
126 127
127 0
127 2
127 6
127 8
127 11
127 15
127 16
127 17
127 18
127 19
127 23
127 27
127 32
127 34
127 37
127 39
127 40
127 41
127 43
127 45
127 48
127 49
127 50
127 51
127 53
127 56
127 57
127 58
127 59
127 62
127 63
127 64
127 67
127 75
127 76
127 79
127 83
127 86
127 88
127 89
127 92
127 95
127 97
127 98
127 99
127 105
127 106
127 107
127 118
127 119
127 122
127 126
127 127
