0 6
0 8
0 9
0 10
0 14
0 16
0 18
0 21
0 23
0 24
0 25
0 29
0 34
0 35
0 39
0 41
0 44
0 46
0 47
0 49
0 51
0 52
0 54
0 57
0 58
0 68
0 69
0 70
0 72
0 77
0 78
0 79
0 81
0 83
0 84
0 85
0 86
0 88
0 93
0 94
0 96
0 97
0 98
0 99
0 100
0 101
0 104
0 106
0 108
0 111
0 112
0 114
0 118
0 119
0 120
0 122
0 124
0 126
1 4
1 7
1 9
1 10
1 11
1 17
1 22
1 23
1 24
1 25
1 30
1 34
1 35
1 36
1 38
1 41
1 44
1 51
1 53
1 54
1 56
1 60
1 70
1 71
1 72
1 75
1 76
1 79
1 80
1 81
1 82
1 83
1 85
1 86
1 92
1 93
1 94
1 95
1 96
1 97
1 99
1 101
1 103
1 104
1 105
1 107
1 109
1 110
1 115
1 116
1 117
1 123
1 127
2 1
2 6
2 7
2 9
2 11
2 13
2 14
2 15
2 18
2 20
2 21
2 22
2 28
2 31
2 35
2 36
2 37
2 39
2 41
2 46
2 48
2 50
2 53
2 58
2 60
2 63
2 66
2 69
2 70
2 71
2 72
2 79
2 81
2 82
2 83
2 86
2 87
2 88
2 90
2 97
2 99
2 100
2 101
2 102
2 104
2 105
2 108
2 110
2 112
2 113
2 114
2 117
2 119
2 120
2 122
2 125
3 0
3 1
3 3
3 7
3 8
3 9
3 12
3 15
3 16
3 17
3 20
3 25
3 27
3 32
3 33
3 34
3 49
3 54
3 55
3 56
3 58
3 69
3 70
3 71
3 72
3 73
3 74
3 76
3 82
3 83
3 85
3 90
3 92
3 93
3 95
3 99
3 102
3 103
3 104
3 110
3 111
3 113
3 115
3 118
3 120
3 125
4 0
4 3
4 4
4 5
4 8
4 10
4 15
4 19
4 20
4 22
4 24
4 25
4 27
4 32
4 40
4 43
4 46
4 48
4 51
4 53
4 58
4 61
4 62
4 63
4 65
4 66
4 67
4 73
4 74
4 75
4 77
4 79
4 82
4 83
4 85
4 88
4 90
4 93
4 94
4 95
4 97
4 99
4 103
4 104
4 105
4 106
4 108
4 110
4 111
4 112
4 114
4 116
4 121
5 0
5 1
5 2
5 5
5 9
5 11
5 12
5 15
5 19
5 20
5 22
5 24
5 26
5 35
5 37
5 40
5 41
5 43
5 45
5 47
5 49
5 50
5 52
5 55
5 57
5 58
5 59
5 60
5 66
5 68
5 70
5 72
5 75
5 78
5 79
5 82
5 85
5 86
5 87
5 88
5 90
5 98
5 99
5 100
5 102
5 103
5 107
5 110
5 112
5 115
5 119
5 121
6 1
6 3
6 5
6 7
6 10
6 13
6 15
6 17
6 18
6 24
6 27
6 28
6 29
6 31
6 32
6 35
6 36
6 37
6 41
6 42
6 47
6 48
6 49
6 50
6 53
6 57
6 63
6 67
6 70
6 72
6 73
6 74
6 75
6 78
6 79
6 80
6 81
6 84
6 85
6 90
6 91
6 92
6 96
6 101
6 107
6 112
6 114
6 115
6 117
6 118
6 122
6 123
6 125
7 4
7 5
7 6
7 9
7 12
7 14
7 20
7 22
7 25
7 31
7 33
7 34
7 35
7 37
7 38
7 40
7 46
7 47
7 50
7 53
7 54
7 55
7 60
7 64
7 65
7 70
7 73
7 75
7 80
7 81
7 85
7 87
7 91
7 94
7 95
7 97
7 99
7 100
7 102
7 104
7 106
7 111
7 113
7 118
7 119
7 123
7 125
8 0
8 1
8 2
8 3
8 5
8 9
8 10
8 12
8 15
8 16
8 18
8 19
8 21
8 22
8 25
8 26
8 32
8 34
8 35
8 37
8 38
8 39
8 41
8 42
8 43
8 47
8 48
8 49
8 50
8 59
8 60
8 64
8 66
8 67
8 69
8 70
8 71
8 72
8 74
8 78
8 79
8 80
8 81
8 82
8 83
8 86
8 89
8 90
8 93
8 94
8 96
8 102
8 103
8 104
8 105
8 109
8 111
8 113
8 115
8 116
8 123
8 125
8 126
9 0
9 2
9 4
9 5
9 8
9 9
9 10
9 12
9 15
9 21
9 24
9 25
9 28
9 29
9 33
9 35
9 36
9 38
9 39
9 41
9 42
9 43
9 51
9 52
9 55
9 58
9 60
9 65
9 66
9 67
9 73
9 74
9 79
9 81
9 82
9 83
9 84
9 85
9 87
9 88
9 91
9 94
9 95
9 104
9 105
9 106
9 110
9 111
9 112
9 115
9 117
9 123
9 125
9 126
10 2
10 3
10 4
10 5
10 6
10 7
10 8
10 12
10 13
10 14
10 15
10 16
10 17
10 24
10 25
10 26
10 28
10 30
10 31
10 32
10 33
10 34
10 35
10 36
10 38
10 40
10 41
10 43
10 49
10 53
10 56
10 60
10 61
10 62
10 63
10 69
10 72
10 79
10 84
10 90
10 91
10 95
10 97
10 102
10 106
10 110
10 114
10 115
10 121
10 123
11 2
11 4
11 5
11 7
11 8
11 9
11 10
11 12
11 13
11 14
11 17
11 19
11 21
11 22
11 23
11 29
11 30
11 33
11 34
11 35
11 38
11 41
11 42
11 46
11 49
11 51
11 53
11 57
11 58
11 59
11 60
11 61
11 62
11 63
11 66
11 68
11 72
11 73
11 74
11 76
11 80
11 81
11 86
11 87
11 88
11 93
11 95
11 96
11 103
11 108
11 114
11 116
11 118
11 119
11 122
11 124
11 125
11 127
12 3
12 5
12 9
12 10
12 12
12 14
12 15
12 19
12 20
12 22
12 23
12 30
12 32
12 35
12 36
12 38
12 42
12 45
12 54
12 57
12 60
12 61
12 63
12 64
12 66
12 67
12 68
12 69
12 70
12 72
12 73
12 77
12 78
12 79
12 80
12 81
12 82
12 86
12 89
12 91
12 93
12 96
12 98
12 101
12 107
12 109
12 114
12 115
12 121
12 125
12 126
13 0
13 3
13 4
13 5
13 8
13 12
13 16
13 17
13 19
13 23
13 25
13 27
13 29
13 31
13 36
13 39
13 41
13 42
13 51
13 52
13 53
13 55
13 56
13 57
13 58
13 59
13 62
13 65
13 67
13 68
13 69
13 73
13 78
13 79
13 81
13 83
13 86
13 87
13 88
13 89
13 95
13 96
13 97
13 98
13 100
13 101
13 105
13 106
13 107
13 110
13 116
13 120
13 123
13 124
13 127
14 9
14 11
14 14
14 18
14 19
14 22
14 27
14 28
14 31
14 32
14 35
14 36
14 38
14 39
14 40
14 41
14 42
14 44
14 45
14 46
14 54
14 56
14 57
14 61
14 62
14 63
14 64
14 66
14 68
14 70
14 72
14 80
14 81
14 83
14 90
14 91
14 97
14 99
14 103
14 110
14 111
14 113
14 116
14 117
14 118
14 122
14 124
14 126
14 127
15 0
15 1
15 2
15 5
15 6
15 9
15 11
15 15
15 20
15 21
15 22
15 23
15 25
15 27
15 33
15 38
15 41
15 42
15 43
15 46
15 47
15 48
15 49
15 52
15 53
15 55
15 56
15 60
15 61
15 62
15 67
15 69
15 70
15 75
15 77
15 81
15 82
15 84
15 85
15 86
15 92
15 94
15 95
15 97
15 101
15 102
15 103
15 105
15 108
15 111
15 121
15 122
15 123
15 124
15 126
16 2
16 4
16 7
16 8
16 10
16 11
16 12
16 23
16 24
16 25
16 26
16 27
16 31
16 32
16 35
16 36
16 37
16 40
16 41
16 42
16 48
16 50
16 56
16 58
16 61
16 62
16 72
16 73
16 74
16 77
16 78
16 82
16 88
16 89
16 90
16 96
16 97
16 100
16 102
16 104
16 114
16 118
16 120
16 121
17 0
17 2
17 5
17 7
17 9
17 10
17 12
17 14
17 16
17 23
17 27
17 28
17 30
17 31
17 33
17 34
17 39
17 40
17 42
17 46
17 49
17 50
17 59
17 64
17 65
17 66
17 68
17 71
17 72
17 75
17 76
17 82
17 84
17 86
17 89
17 90
17 91
17 93
17 96
17 102
17 106
17 107
17 108
17 110
17 111
17 112
17 113
17 114
17 116
17 117
17 118
17 120
17 121
18 3
18 12
18 17
18 19
18 21
18 27
18 28
18 30
18 31
18 32
18 34
18 43
18 46
18 47
18 48
18 50
18 51
18 52
18 54
18 57
18 62
18 64
18 68
18 76
18 77
18 81
18 82
18 87
18 90
18 93
18 99
18 102
18 104
18 105
18 106
18 107
18 113
18 115
18 117
18 120
18 123
18 124
18 126
19 1
19 7
19 9
19 12
19 16
19 17
19 19
19 20
19 22
19 24
19 28
19 29
19 30
19 32
19 40
19 42
19 45
19 47
19 54
19 55
19 57
19 61
19 65
19 67
19 72
19 78
19 83
19 88
19 89
19 91
19 93
19 95
19 98
19 99
19 100
19 102
19 103
19 104
19 105
19 106
19 109
19 110
19 111
19 117
19 119
19 124
19 126
20 1
20 3
20 4
20 5
20 10
20 11
20 13
20 15
20 16
20 19
20 20
20 22
20 23
20 26
20 28
20 34
20 40
20 42
20 43
20 46
20 47
20 48
20 50
20 51
20 53
20 54
20 59
20 64
20 66
20 67
20 72
20 74
20 75
20 78
20 79
20 80
20 82
20 83
20 84
20 85
20 87
20 88
20 89
20 93
20 94
20 95
20 99
20 100
20 101
20 103
20 104
20 105
20 106
20 112
20 115
20 117
20 118
20 122
20 123
20 124
20 125
21 0
21 2
21 5
21 8
21 10
21 13
21 14
21 16
21 24
21 26
21 27
21 28
21 29
21 31
21 33
21 35
21 40
21 44
21 55
21 61
21 64
21 65
21 68
21 70
21 71
21 76
21 77
21 80
21 86
21 91
21 93
21 94
21 96
21 98
21 99
21 102
21 103
21 106
21 107
21 108
21 116
21 118
21 119
21 121
21 123
21 126
21 127
22 7
22 8
22 10
22 12
22 15
22 17
22 20
22 21
22 24
22 28
22 33
22 34
22 35
22 37
22 39
22 42
22 47
22 48
22 50
22 53
22 55
22 59
22 61
22 64
22 69
22 70
22 76
22 77
22 78
22 83
22 89
22 92
22 93
22 95
22 96
22 98
22 100
22 101
22 103
22 104
22 105
22 113
22 117
22 118
22 119
22 122
22 123
23 4
23 8
23 10
23 11
23 13
23 16
23 17
23 18
23 19
23 20
23 27
23 34
23 46
23 50
23 53
23 54
23 55
23 56
23 57
23 63
23 65
23 69
23 71
23 73
23 75
23 76
23 77
23 80
23 81
23 84
23 86
23 88
23 91
23 92
23 95
23 96
23 97
23 100
23 102
23 103
23 106
23 108
23 110
23 112
23 113
23 114
23 115
23 117
23 118
23 119
23 122
23 123
23 124
23 127
24 0
24 1
24 6
24 14
24 15
24 16
24 17
24 19
24 20
24 21
24 23
24 24
24 25
24 26
24 27
24 28
24 32
24 37
24 44
24 46
24 48
24 51
24 56
24 66
24 67
24 69
24 70
24 74
24 80
24 85
24 88
24 89
24 90
24 91
24 92
24 93
24 101
24 104
24 105
24 107
24 108
24 112
24 114
24 117
24 118
24 119
24 121
24 123
25 3
25 5
25 7
25 9
25 12
25 17
25 20
25 22
25 24
25 25
25 28
25 29
25 32
25 36
25 37
25 38
25 42
25 50
25 52
25 53
25 65
25 68
25 69
25 70
25 71
25 75
25 77
25 78
25 79
25 82
25 83
25 84
25 88
25 89
25 90
25 95
25 102
25 103
25 107
25 111
25 115
25 116
25 117
25 118
26 2
26 6
26 10
26 12
26 13
26 18
26 22
26 24
26 25
26 33
26 37
26 38
26 39
26 40
26 41
26 48
26 49
26 50
26 52
26 53
26 62
26 63
26 73
26 77
26 80
26 81
26 86
26 88
26 91
26 92
26 93
26 94
26 97
26 99
26 101
26 103
26 105
26 106
26 110
26 111
26 113
26 116
26 118
26 121
26 123
27 0
27 1
27 6
27 8
27 14
27 15
27 16
27 19
27 20
27 21
27 26
27 27
27 28
27 29
27 32
27 34
27 35
27 36
27 37
27 39
27 43
27 45
27 48
27 51
27 52
27 53
27 54
27 56
27 59
27 66
27 71
27 76
27 77
27 78
27 79
27 80
27 81
27 89
27 91
27 96
27 97
27 98
27 99
27 101
27 102
27 103
27 104
27 109
27 112
27 113
27 115
27 117
27 118
27 120
27 121
27 122
28 1
28 2
28 8
28 11
28 14
28 15
28 16
28 25
28 27
28 29
28 30
28 33
28 34
28 35
28 37
28 39
28 41
28 42
28 46
28 48
28 52
28 54
28 57
28 58
28 60
28 61
28 64
28 66
28 69
28 72
28 74
28 76
28 80
28 83
28 84
28 85
28 86
28 87
28 90
28 92
28 96
28 98
28 99
28 110
28 112
28 114
28 118
28 122
28 123
28 126
29 5
29 6
29 7
29 8
29 9
29 17
29 18
29 24
29 27
29 32
29 35
29 46
29 50
29 54
29 56
29 57
29 60
29 62
29 66
29 67
29 68
29 70
29 79
29 81
29 82
29 85
29 87
29 89
29 90
29 97
29 98
29 99
29 106
29 108
29 110
29 112
29 117
29 119
29 120
29 121
29 127
30 1
30 2
30 4
30 9
30 10
30 11
30 16
30 17
30 18
30 20
30 21
30 22
30 24
30 31
30 38
30 40
30 41
30 42
30 43
30 46
30 50
30 51
30 53
30 55
30 59
30 63
30 66
30 67
30 68
30 73
30 76
30 78
30 79
30 82
30 83
30 88
30 91
30 93
30 95
30 96
30 97
30 100
30 101
30 102
30 103
30 104
30 105
30 107
30 112
30 114
30 115
30 117
30 118
30 120
30 122
30 125
31 1
31 2
31 9
31 11
31 15
31 16
31 19
31 24
31 26
31 28
31 30
31 31
31 34
31 35
31 37
31 44
31 46
31 53
31 54
31 55
31 56
31 58
31 61
31 69
31 73
31 76
31 77
31 78
31 82
31 84
31 85
31 87
31 88
31 90
31 94
31 95
31 96
31 97
31 100
31 102
31 104
31 105
31 108
31 113
31 119
31 121
31 125
32 0
32 1
32 3
32 4
32 7
32 8
32 13
32 14
32 16
32 17
32 18
32 23
32 25
32 31
32 33
32 35
32 36
32 39
32 40
32 41
32 42
32 46
32 47
32 49
32 52
32 53
32 55
32 58
32 60
32 65
32 73
32 75
32 76
32 80
32 81
32 83
32 84
32 87
32 90
32 94
32 97
32 99
32 100
32 101
32 102
32 103
32 105
32 106
32 108
32 110
32 111
32 114
32 115
32 118
32 119
32 120
32 124
33 1
33 2
33 3
33 4
33 5
33 8
33 12
33 14
33 16
33 17
33 19
33 20
33 28
33 29
33 32
33 33
33 36
33 38
33 40
33 41
33 42
33 45
33 46
33 47
33 48
33 52
33 54
33 56
33 58
33 60
33 63
33 64
33 66
33 67
33 68
33 69
33 70
33 71
33 75
33 79
33 81
33 82
33 85
33 87
33 88
33 91
33 98
33 104
33 105
33 108
33 109
33 111
33 115
33 120
33 127
34 3
34 4
34 5
34 6
34 9
34 10
34 12
34 15
34 16
34 17
34 20
34 22
34 24
34 30
34 34
34 41
34 46
34 51
34 58
34 60
34 62
34 65
34 68
34 69
34 71
34 72
34 73
34 75
34 77
34 79
34 81
34 82
34 86
34 89
34 94
34 103
34 104
34 110
34 112
34 116
34 118
34 119
34 123
34 125
34 127
35 0
35 2
35 4
35 5
35 8
35 14
35 17
35 18
35 21
35 22
35 27
35 28
35 29
35 33
35 34
35 37
35 38
35 39
35 44
35 48
35 51
35 55
35 56
35 57
35 60
35 61
35 62
35 65
35 66
35 68
35 70
35 73
35 75
35 77
35 78
35 80
35 81
35 82
35 83
35 84
35 91
35 92
35 93
35 95
35 96
35 99
35 105
35 107
35 114
35 115
35 116
35 118
35 120
35 122
35 123
35 125
35 127
36 3
36 4
36 6
36 7
36 11
36 12
36 15
36 18
36 21
36 22
36 24
36 26
36 28
36 32
36 40
36 41
36 43
36 44
36 45
36 46
36 47
36 51
36 52
36 61
36 64
36 76
36 82
36 83
36 85
36 90
36 93
36 95
36 96
36 101
36 103
36 105
36 109
36 113
36 116
36 117
36 118
36 120
36 123
36 124
37 4
37 5
37 6
37 7
37 14
37 16
37 21
37 22
37 24
37 25
37 26
37 32
37 38
37 40
37 44
37 50
37 54
37 55
37 56
37 58
37 59
37 63
37 64
37 67
37 73
37 77
37 81
37 84
37 85
37 87
37 88
37 89
37 96
37 97
37 98
37 101
37 104
37 105
37 110
37 112
37 114
37 115
37 116
37 119
37 123
37 126
38 2
38 3
38 4
38 6
38 10
38 11
38 15
38 19
38 26
38 27
38 29
38 31
38 32
38 34
38 36
38 37
38 40
38 44
38 45
38 47
38 50
38 54
38 55
38 58
38 59
38 62
38 65
38 72
38 79
38 80
38 81
38 85
38 90
38 91
38 92
38 94
38 96
38 100
38 102
38 103
38 105
38 106
38 108
38 109
38 111
38 113
38 114
38 118
38 119
38 126
38 127
39 1
39 2
39 3
39 6
39 10
39 13
39 16
39 19
39 20
39 21
39 27
39 28
39 29
39 31
39 35
39 36
39 37
39 39
39 40
39 41
39 47
39 51
39 52
39 53
39 55
39 58
39 59
39 62
39 63
39 71
39 80
39 81
39 90
39 91
39 92
39 95
39 97
39 98
39 100
39 104
39 107
39 108
39 109
39 110
39 112
39 115
39 116
39 118
39 120
39 121
39 124
39 125
39 126
39 127
40 6
40 7
40 8
40 9
40 11
40 13
40 14
40 16
40 17
40 19
40 22
40 26
40 32
40 33
40 35
40 36
40 37
40 40
40 41
40 42
40 46
40 47
40 48
40 53
40 56
40 58
40 59
40 60
40 64
40 65
40 67
40 70
40 71
40 76
40 78
40 79
40 83
40 84
40 88
40 91
40 94
40 95
40 99
40 101
40 103
40 104
40 105
40 108
40 109
40 111
40 112
40 115
40 119
41 3
41 5
41 11
41 13
41 15
41 16
41 17
41 18
41 22
41 27
41 30
41 32
41 34
41 36
41 37
41 38
41 39
41 40
41 43
41 46
41 48
41 51
41 52
41 53
41 54
41 55
41 58
41 60
41 61
41 62
41 70
41 73
41 77
41 79
41 80
41 88
41 89
41 90
41 92
41 95
41 97
41 98
41 99
41 102
41 106
41 108
41 109
41 110
41 113
41 114
41 116
41 118
42 1
42 2
42 3
42 4
42 8
42 11
42 13
42 18
42 19
42 22
42 26
42 27
42 29
42 30
42 31
42 32
42 33
42 34
42 36
42 38
42 39
42 41
42 45
42 52
42 53
42 60
42 65
42 66
42 70
42 72
42 75
42 78
42 81
42 82
42 86
42 90
42 91
42 99
42 103
42 104
42 105
42 108
42 110
42 113
42 115
42 118
42 122
42 123
42 125
42 127
43 3
43 7
43 8
43 9
43 13
43 14
43 15
43 17
43 19
43 24
43 28
43 29
43 30
43 31
43 32
43 33
43 34
43 39
43 43
43 48
43 52
43 54
43 55
43 60
43 61
43 63
43 64
43 65
43 74
43 81
43 82
43 83
43 86
43 89
43 90
43 91
43 92
43 93
43 99
43 110
43 114
43 115
43 116
43 119
43 123
43 124
43 125
44 3
44 5
44 7
44 9
44 19
44 21
44 22
44 25
44 28
44 31
44 32
44 34
44 38
44 40
44 42
44 43
44 47
44 50
44 52
44 56
44 59
44 60
44 62
44 67
44 70
44 71
44 73
44 74
44 76
44 81
44 86
44 90
44 92
44 95
44 99
44 100
44 103
44 107
44 111
44 112
44 119
44 122
44 124
44 127
45 1
45 3
45 6
45 10
45 15
45 19
45 25
45 27
45 28
45 30
45 32
45 34
45 38
45 40
45 42
45 44
45 45
45 46
45 48
45 50
45 55
45 57
45 59
45 60
45 61
45 62
45 63
45 67
45 68
45 72
45 73
45 74
45 76
45 78
45 79
45 81
45 82
45 83
45 84
45 86
45 88
45 89
45 94
45 96
45 99
45 104
45 109
45 111
45 112
45 114
45 115
45 118
45 119
45 120
45 121
45 122
45 126
45 127
46 0
46 1
46 3
46 5
46 12
46 13
46 14
46 15
46 17
46 20
46 27
46 31
46 36
46 40
46 41
46 42
46 45
46 47
46 48
46 49
46 50
46 52
46 54
46 59
46 69
46 70
46 72
46 73
46 77
46 80
46 83
46 84
46 86
46 96
46 101
46 102
46 103
46 106
46 107
46 110
46 114
46 117
46 119
46 121
46 122
46 127
47 1
47 4
47 6
47 7
47 9
47 11
47 15
47 16
47 17
47 25
47 27
47 30
47 31
47 32
47 33
47 36
47 37
47 39
47 40
47 42
47 44
47 47
47 50
47 56
47 57
47 58
47 60
47 62
47 64
47 66
47 67
47 69
47 72
47 76
47 80
47 83
47 89
47 92
47 95
47 97
47 98
47 99
47 102
47 119
47 121
47 126
48 0
48 2
48 9
48 10
48 12
48 14
48 15
48 16
48 18
48 23
48 25
48 26
48 27
48 28
48 31
48 39
48 40
48 41
48 43
48 46
48 52
48 53
48 58
48 59
48 60
48 61
48 63
48 64
48 65
48 67
48 70
48 71
48 72
48 74
48 75
48 76
48 77
48 82
48 83
48 84
48 87
48 90
48 92
48 98
48 104
48 105
48 109
48 111
48 112
48 116
48 117
48 120
48 121
48 122
48 124
49 1
49 6
49 7
49 8
49 12
49 14
49 15
49 19
49 22
49 25
49 26
49 28
49 29
49 31
49 34
49 35
49 43
49 49
49 50
49 52
49 54
49 55
49 57
49 60
49 63
49 64
49 65
49 66
49 68
49 70
49 75
49 78
49 82
49 84
49 85
49 90
49 96
49 97
49 98
49 99
49 100
49 102
49 106
49 109
49 111
49 113
49 115
49 117
49 120
49 121
49 124
49 125
50 0
50 1
50 2
50 4
50 5
50 7
50 9
50 10
50 11
50 13
50 14
50 17
50 18
50 19
50 22
50 23
50 25
50 28
50 31
50 33
50 35
50 36
50 37
50 39
50 40
50 41
50 42
50 44
50 49
50 50
50 52
50 53
50 54
50 55
50 56
50 60
50 61
50 63
50 68
50 70
50 72
50 73
50 77
50 79
50 80
50 81
50 82
50 86
50 91
50 102
50 103
50 106
50 107
50 108
50 112
50 114
50 115
50 116
50 119
50 123
51 0
51 1
51 2
51 3
51 4
51 6
51 8
51 9
51 14
51 16
51 19
51 20
51 23
51 24
51 25
51 28
51 31
51 33
51 34
51 36
51 40
51 42
51 48
51 49
51 52
51 55
51 57
51 66
51 67
51 70
51 73
51 75
51 79
51 83
51 85
51 92
51 94
51 97
51 98
51 99
51 100
51 101
51 104
51 105
51 106
51 108
51 109
51 110
51 111
51 112
51 113
51 114
51 115
51 119
51 121
51 123
51 126
52 2
52 5
52 8
52 9
52 12
52 13
52 16
52 17
52 19
52 20
52 21
52 23
52 24
52 25
52 26
52 28
52 33
52 34
52 36
52 37
52 38
52 42
52 45
52 47
52 50
52 51
52 52
52 53
52 58
52 59
52 65
52 67
52 68
52 69
52 71
52 74
52 75
52 78
52 79
52 80
52 89
52 96
52 97
52 105
52 106
52 108
52 109
52 110
52 111
52 112
52 113
52 114
52 116
52 119
52 120
52 121
52 124
53 0
53 1
53 3
53 4
53 5
53 12
53 18
53 26
53 27
53 31
53 35
53 38
53 39
53 43
53 44
53 51
53 52
53 53
53 55
53 57
53 58
53 59
53 60
53 62
53 67
53 68
53 70
53 75
53 77
53 78
53 83
53 86
53 91
53 94
53 95
53 96
53 98
53 104
53 107
53 109
53 111
53 115
53 116
53 119
53 120
53 122
53 126
53 127
54 0
54 4
54 5
54 6
54 12
54 15
54 17
54 18
54 19
54 22
54 24
54 26
54 30
54 34
54 37
54 38
54 41
54 42
54 43
54 44
54 46
54 48
54 49
54 56
54 58
54 63
54 64
54 68
54 75
54 78
54 79
54 80
54 81
54 83
54 86
54 89
54 92
54 94
54 95
54 99
54 100
54 107
54 108
54 111
54 113
54 114
54 117
54 118
54 121
54 122
54 123
55 2
55 3
55 6
55 7
55 8
55 9
55 12
55 16
55 17
55 18
55 22
55 23
55 26
55 29
55 30
55 31
55 32
55 36
55 37
55 41
55 47
55 48
55 50
55 52
55 53
55 54
55 58
55 63
55 64
55 67
55 69
55 71
55 72
55 75
55 78
55 79
55 80
55 82
55 86
55 88
55 92
55 95
55 96
55 100
55 103
55 105
55 107
55 110
55 112
55 116
55 117
55 121
55 122
55 123
56 1
56 2
56 3
56 8
56 11
56 13
56 15
56 16
56 18
56 19
56 20
56 23
56 25
56 26
56 27
56 30
56 31
56 32
56 35
56 36
56 37
56 39
56 41
56 42
56 44
56 50
56 52
56 54
56 57
56 59
56 61
56 66
56 67
56 69
56 72
56 73
56 74
56 80
56 83
56 84
56 85
56 86
56 89
56 91
56 93
56 97
56 100
56 101
56 108
56 112
56 114
56 115
56 116
56 117
56 119
56 120
56 121
56 124
57 0
57 1
57 2
57 4
57 14
57 15
57 17
57 19
57 20
57 22
57 24
57 26
57 29
57 31
57 33
57 34
57 41
57 44
57 49
57 54
57 56
57 58
57 61
57 62
57 64
57 66
57 69
57 72
57 75
57 85
57 89
57 90
57 91
57 95
57 100
57 103
57 118
57 119
57 122
57 126
58 1
58 2
58 4
58 6
58 7
58 10
58 12
58 13
58 16
58 17
58 24
58 25
58 27
58 34
58 40
58 41
58 42
58 43
58 50
58 53
58 55
58 57
58 58
58 61
58 64
58 65
58 67
58 70
58 72
58 75
58 76
58 78
58 82
58 85
58 87
58 91
58 97
58 100
58 102
58 105
58 108
58 113
58 115
58 117
58 119
58 120
58 121
58 124
59 1
59 3
59 5
59 6
59 7
59 8
59 10
59 16
59 18
59 19
59 20
59 21
59 26
59 28
59 29
59 30
59 31
59 32
59 34
59 35
59 37
59 41
59 44
59 49
59 50
59 51
59 52
59 53
59 56
59 57
59 59
59 63
59 64
59 66
59 69
59 70
59 72
59 73
59 76
59 78
59 79
59 82
59 84
59 88
59 91
59 92
59 96
59 97
59 100
59 103
59 104
59 105
59 106
59 108
59 113
59 114
59 117
59 118
59 119
59 122
59 127
60 0
60 4
60 5
60 12
60 14
60 18
60 20
60 24
60 28
60 29
60 36
60 37
60 39
60 40
60 42
60 44
60 45
60 47
60 52
60 54
60 56
60 59
60 62
60 63
60 64
60 65
60 66
60 67
60 70
60 71
60 77
60 79
60 80
60 82
60 85
60 87
60 88
60 90
60 92
60 94
60 99
60 100
60 101
60 103
60 106
60 110
60 111
60 115
60 116
60 117
60 120
60 123
60 124
60 125
60 126
60 127
61 1
61 2
61 4
61 5
61 7
61 9
61 15
61 18
61 21
61 24
61 29
61 32
61 33
61 41
61 44
61 45
61 46
61 47
61 48
61 49
61 54
61 55
61 56
61 60
61 62
61 63
61 64
61 69
61 70
61 71
61 74
61 75
61 76
61 79
61 80
61 81
61 83
61 84
61 96
61 98
61 100
61 102
61 104
61 108
61 111
61 114
61 115
61 120
61 122
62 0
62 1
62 4
62 9
62 10
62 15
62 16
62 17
62 21
62 23
62 25
62 27
62 30
62 32
62 33
62 36
62 42
62 43
62 45
62 46
62 48
62 51
62 55
62 56
62 58
62 61
62 62
62 65
62 68
62 71
62 73
62 78
62 80
62 81
62 91
62 94
62 99
62 104
62 108
62 112
62 113
62 115
62 119
63 2
63 3
63 6
63 10
63 12
63 16
63 17
63 18
63 20
63 21
63 22
63 23
63 26
63 27
63 31
63 33
63 35
63 37
63 38
63 39
63 41
63 43
63 49
63 51
63 52
63 56
63 57
63 59
63 60
63 61
63 68
63 69
63 71
63 73
63 75
63 77
63 80
63 85
63 88
63 90
63 94
63 97
63 105
63 106
63 111
63 114
63 115
63 117
63 120
63 122
63 123
63 126
63 127
64 2
64 5
64 8
64 9
64 14
64 15
64 18
64 20
64 22
64 26
64 28
64 31
64 35
64 37
64 38
64 41
64 45
64 49
64 51
64 52
64 56
64 57
64 59
64 60
64 65
64 67
64 70
64 72
64 77
64 80
64 82
64 83
64 89
64 91
64 94
64 96
64 98
64 99
64 100
64 102
64 103
64 104
64 106
64 107
64 111
64 112
64 113
64 115
64 118
64 120
64 122
64 125
65 2
65 4
65 7
65 8
65 9
65 10
65 11
65 12
65 13
65 16
65 19
65 20
65 25
65 27
65 28
65 33
65 34
65 36
65 37
65 44
65 53
65 54
65 55
65 56
65 57
65 60
65 61
65 65
65 68
65 71
65 73
65 75
65 82
65 85
65 86
65 87
65 92
65 93
65 98
65 100
65 101
65 104
65 105
65 110
65 113
65 114
65 115
65 126
66 2
66 3
66 4
66 6
66 8
66 10
66 11
66 12
66 16
66 27
66 31
66 33
66 34
66 37
66 43
66 47
66 48
66 51
66 60
66 65
66 67
66 70
66 77
66 83
66 88
66 90
66 91
66 92
66 94
66 97
66 99
66 100
66 103
66 106
66 107
66 111
66 112
66 114
66 117
66 120
66 122
66 123
66 126
67 1
67 7
67 8
67 10
67 11
67 13
67 15
67 16
67 18
67 20
67 22
67 24
67 31
67 35
67 36
67 37
67 41
67 42
67 45
67 47
67 49
67 51
67 52
67 55
67 56
67 57
67 60
67 66
67 67
67 68
67 69
67 70
67 72
67 75
67 77
67 79
67 83
67 88
67 90
67 91
67 92
67 94
67 96
67 100
67 105
67 106
67 107
67 108
67 112
67 114
67 115
67 118
67 126
67 127
68 2
68 3
68 4
68 5
68 7
68 9
68 11
68 14
68 22
68 26
68 30
68 32
68 33
68 34
68 37
68 38
68 39
68 40
68 41
68 43
68 50
68 52
68 53
68 54
68 59
68 60
68 64
68 65
68 66
68 67
68 69
68 70
68 71
68 73
68 74
68 75
68 81
68 83
68 87
68 89
68 91
68 103
68 108
68 110
68 111
68 112
68 113
68 115
68 116
68 119
68 121
68 123
68 125
69 3
69 8
69 9
69 13
69 22
69 32
69 33
69 34
69 35
69 36
69 37
69 38
69 39
69 46
69 52
69 56
69 61
69 69
69 71
69 72
69 73
69 74
69 75
69 77
69 79
69 81
69 84
69 85
69 86
69 88
69 89
69 94
69 100
69 106
69 110
69 111
69 117
69 127
70 1
70 3
70 5
70 6
70 7
70 8
70 9
70 10
70 12
70 13
70 14
70 20
70 23
70 26
70 28
70 29
70 30
70 31
70 32
70 35
70 39
70 40
70 41
70 43
70 44
70 45
70 47
70 48
70 49
70 50
70 51
70 56
70 58
70 63
70 67
70 69
70 70
70 75
70 81
70 87
70 89
70 90
70 92
70 96
70 98
70 101
70 102
70 103
70 104
70 108
70 109
70 110
70 112
70 116
70 118
70 127
71 3
71 4
71 8
71 9
71 10
71 12
71 13
71 16
71 20
71 22
71 23
71 24
71 28
71 30
71 33
71 35
71 37
71 42
71 43
71 45
71 47
71 50
71 52
71 59
71 60
71 63
71 64
71 66
71 67
71 68
71 70
71 74
71 75
71 84
71 87
71 89
71 94
71 96
71 99
71 110
71 112
71 114
71 116
71 118
71 120
71 121
71 123
71 125
72 3
72 8
72 9
72 10
72 16
72 18
72 20
72 24
72 34
72 38
72 42
72 50
72 51
72 56
72 58
72 61
72 63
72 64
72 66
72 67
72 73
72 74
72 78
72 79
72 80
72 90
72 96
72 98
72 99
72 100
72 102
72 103
72 104
72 106
72 108
72 113
72 119
72 120
72 121
72 124
72 126
73 4
73 5
73 6
73 10
73 11
73 14
73 19
73 21
73 22
73 27
73 33
73 34
73 35
73 36
73 39
73 40
73 42
73 45
73 47
73 48
73 49
73 50
73 52
73 54
73 55
73 56
73 57
73 59
73 63
73 64
73 66
73 67
73 68
73 69
73 70
73 74
73 77
73 78
73 80
73 83
73 85
73 89
73 92
73 97
73 100
73 101
73 109
73 111
73 112
73 113
73 122
73 127
74 0
74 2
74 3
74 7
74 8
74 11
74 12
74 13
74 14
74 16
74 17
74 19
74 22
74 23
74 26
74 27
74 28
74 30
74 32
74 37
74 39
74 40
74 41
74 43
74 46
74 47
74 48
74 55
74 56
74 59
74 60
74 61
74 63
74 67
74 68
74 70
74 73
74 74
74 81
74 82
74 84
74 89
74 91
74 92
74 93
74 95
74 98
74 99
74 100
74 103
74 107
74 108
74 116
74 119
74 121
74 123
75 5
75 10
75 11
75 12
75 13
75 14
75 17
75 18
75 21
75 22
75 24
75 26
75 28
75 31
75 32
75 33
75 36
75 37
75 38
75 39
75 40
75 42
75 43
75 47
75 51
75 52
75 54
75 55
75 57
75 58
75 62
75 66
75 67
75 68
75 69
75 71
75 76
75 80
75 81
75 83
75 84
75 87
75 91
75 92
75 93
75 94
75 95
75 99
75 102
75 104
75 105
75 109
75 110
75 111
75 115
75 117
75 119
75 121
75 125
75 126
76 3
76 5
76 6
76 11
76 14
76 17
76 19
76 20
76 21
76 22
76 24
76 29
76 36
76 39
76 43
76 48
76 53
76 55
76 56
76 57
76 59
76 60
76 62
76 70
76 75
76 76
76 77
76 85
76 87
76 90
76 93
76 94
76 95
76 97
76 99
76 101
76 102
76 105
76 108
76 111
76 112
76 115
76 116
76 120
76 123
76 127
77 0
77 1
77 2
77 6
77 7
77 11
77 12
77 13
77 14
77 16
77 17
77 19
77 20
77 31
77 34
77 38
77 40
77 41
77 42
77 44
77 50
77 53
77 54
77 57
77 59
77 61
77 62
77 66
77 67
77 69
77 72
77 80
77 84
77 88
77 89
77 94
77 98
77 100
77 101
77 105
77 106
77 112
77 115
77 123
77 124
77 126
78 1
78 2
78 3
78 4
78 7
78 8
78 9
78 14
78 15
78 17
78 20
78 25
78 28
78 29
78 30
78 33
78 37
78 38
78 39
78 45
78 46
78 47
78 49
78 51
78 52
78 57
78 61
78 62
78 63
78 64
78 66
78 67
78 69
78 70
78 71
78 74
78 77
78 82
78 84
78 86
78 88
78 90
78 93
78 95
78 97
78 103
78 106
78 107
78 110
78 111
78 113
78 114
78 115
78 117
78 118
78 120
78 121
78 123
78 124
78 127
79 0
79 2
79 3
79 5
79 6
79 7
79 8
79 12
79 14
79 15
79 17
79 23
79 27
79 28
79 29
79 30
79 33
79 35
79 36
79 37
79 41
79 45
79 48
79 51
79 55
79 56
79 58
79 59
79 62
79 63
79 64
79 65
79 72
79 75
79 76
79 79
79 81
79 82
79 84
79 85
79 86
79 87
79 91
79 93
79 94
79 96
79 97
79 98
79 99
79 104
79 108
79 109
79 112
79 113
79 114
79 116
79 117
79 119
79 121
79 124
79 127
80 3
80 6
80 10
80 15
80 17
80 19
80 20
80 23
80 25
80 27
80 30
80 32
80 35
80 36
80 37
80 38
80 39
80 41
80 47
80 48
80 52
80 54
80 55
80 58
80 60
80 61
80 62
80 64
80 65
80 66
80 67
80 68
80 69
80 72
80 73
80 74
80 75
80 76
80 84
80 91
80 94
80 95
80 97
80 99
80 104
80 106
80 111
80 113
80 114
80 119
80 120
80 125
80 126
81 1
81 5
81 8
81 9
81 11
81 16
81 17
81 22
81 23
81 24
81 25
81 26
81 30
81 31
81 32
81 33
81 35
81 36
81 38
81 41
81 45
81 46
81 47
81 55
81 57
81 60
81 63
81 65
81 67
81 68
81 71
81 72
81 73
81 74
81 77
81 79
81 81
81 83
81 85
81 86
81 87
81 89
81 91
81 92
81 93
81 96
81 98
81 100
81 102
81 104
81 106
81 108
81 109
81 110
81 113
81 120
81 124
82 4
82 7
82 11
82 16
82 17
82 18
82 24
82 25
82 26
82 28
82 29
82 32
82 34
82 36
82 37
82 39
82 41
82 42
82 44
82 46
82 47
82 49
82 52
82 53
82 59
82 60
82 62
82 66
82 67
82 68
82 70
82 72
82 80
82 83
82 88
82 90
82 92
82 95
82 97
82 98
82 100
82 102
82 103
82 106
82 107
82 109
82 115
82 116
82 117
82 119
82 121
82 122
82 124
82 125
83 1
83 3
83 4
83 5
83 9
83 14
83 18
83 22
83 25
83 27
83 28
83 32
83 34
83 35
83 38
83 39
83 40
83 41
83 44
83 46
83 52
83 55
83 57
83 66
83 67
83 70
83 74
83 76
83 77
83 78
83 80
83 82
83 84
83 90
83 91
83 92
83 94
83 101
83 102
83 103
83 106
83 107
83 109
83 114
83 119
83 120
83 121
83 127
84 0
84 1
84 4
84 5
84 6
84 7
84 9
84 11
84 15
84 17
84 19
84 20
84 24
84 25
84 33
84 35
84 41
84 42
84 45
84 47
84 52
84 53
84 54
84 55
84 61
84 67
84 68
84 69
84 70
84 72
84 74
84 78
84 79
84 81
84 84
84 85
84 88
84 92
84 98
84 101
84 105
84 106
84 107
84 112
84 113
84 115
84 116
84 118
84 120
84 121
84 122
84 125
84 126
84 127
85 3
85 6
85 12
85 13
85 16
85 18
85 19
85 20
85 24
85 27
85 28
85 29
85 30
85 32
85 34
85 36
85 38
85 39
85 40
85 41
85 43
85 44
85 46
85 47
85 49
85 57
85 60
85 63
85 65
85 69
85 71
85 74
85 82
85 86
85 87
85 88
85 90
85 91
85 97
85 98
85 100
85 101
85 108
85 113
85 114
85 115
85 116
85 120
85 122
85 123
86 0
86 3
86 7
86 9
86 12
86 14
86 16
86 17
86 18
86 20
86 25
86 28
86 29
86 33
86 36
86 38
86 45
86 46
86 47
86 49
86 50
86 51
86 54
86 56
86 57
86 58
86 59
86 61
86 62
86 66
86 67
86 69
86 70
86 74
86 80
86 83
86 84
86 86
86 89
86 90
86 93
86 94
86 98
86 100
86 103
86 106
86 111
86 115
86 120
86 121
86 127
87 0
87 1
87 2
87 7
87 13
87 15
87 16
87 18
87 28
87 33
87 35
87 40
87 43
87 48
87 49
87 54
87 55
87 60
87 63
87 65
87 67
87 68
87 70
87 71
87 73
87 75
87 79
87 82
87 87
87 88
87 94
87 96
87 100
87 105
87 106
87 108
87 117
87 119
87 122
87 123
87 125
87 126
88 4
88 10
88 13
88 14
88 15
88 16
88 20
88 22
88 24
88 26
88 27
88 31
88 33
88 34
88 35
88 36
88 39
88 43
88 44
88 45
88 48
88 50
88 51
88 54
88 55
88 56
88 57
88 59
88 60
88 66
88 68
88 75
88 83
88 84
88 85
88 86
88 88
88 90
88 91
88 92
88 94
88 96
88 98
88 101
88 102
88 103
88 104
88 107
88 109
88 110
88 112
88 113
88 115
88 116
88 121
88 124
88 126
88 127
89 3
89 5
89 8
89 9
89 12
89 13
89 16
89 21
89 23
89 25
89 32
89 33
89 35
89 36
89 39
89 42
89 43
89 44
89 51
89 52
89 53
89 54
89 58
89 59
89 60
89 63
89 64
89 67
89 68
89 71
89 74
89 77
89 80
89 81
89 84
89 86
89 87
89 88
89 93
89 96
89 99
89 102
89 103
89 104
89 109
89 110
89 111
89 115
89 119
89 121
89 125
90 1
90 3
90 6
90 11
90 13
90 14
90 15
90 18
90 21
90 22
90 23
90 24
90 26
90 28
90 33
90 36
90 37
90 38
90 40
90 43
90 46
90 51
90 53
90 55
90 58
90 59
90 61
90 65
90 66
90 67
90 68
90 73
90 76
90 79
90 81
90 84
90 85
90 86
90 90
90 93
90 98
90 99
90 100
90 101
90 104
90 107
90 111
90 115
90 120
90 126
91 1
91 4
91 8
91 9
91 11
91 12
91 13
91 15
91 18
91 22
91 26
91 29
91 30
91 31
91 35
91 40
91 41
91 42
91 44
91 45
91 46
91 50
91 51
91 54
91 56
91 58
91 59
91 60
91 65
91 66
91 71
91 72
91 76
91 79
91 80
91 81
91 82
91 83
91 84
91 88
91 90
91 91
91 93
91 96
91 98
91 100
91 106
91 113
91 115
91 116
91 126
91 127
92 0
92 6
92 8
92 9
92 13
92 15
92 17
92 20
92 21
92 25
92 30
92 36
92 37
92 38
92 39
92 40
92 42
92 47
92 50
92 59
92 61
92 63
92 67
92 70
92 83
92 87
92 91
92 93
92 94
92 95
92 98
92 100
92 103
92 104
92 105
92 109
92 117
92 120
92 124
92 126
93 1
93 2
93 9
93 10
93 12
93 13
93 16
93 18
93 20
93 21
93 22
93 25
93 29
93 30
93 33
93 34
93 35
93 42
93 43
93 47
93 49
93 50
93 55
93 58
93 59
93 60
93 63
93 66
93 68
93 71
93 72
93 73
93 76
93 78
93 83
93 85
93 86
93 88
93 89
93 93
93 96
93 98
93 104
93 105
93 112
93 114
93 115
93 116
93 118
93 122
94 2
94 8
94 9
94 10
94 12
94 13
94 15
94 16
94 17
94 20
94 22
94 24
94 27
94 30
94 32
94 35
94 36
94 38
94 50
94 55
94 57
94 60
94 62
94 66
94 68
94 74
94 75
94 76
94 80
94 82
94 83
94 88
94 92
94 93
94 95
94 97
94 101
94 102
94 103
94 108
94 109
94 110
94 111
94 118
94 121
94 126
94 127
95 0
95 2
95 5
95 6
95 8
95 10
95 13
95 15
95 16
95 19
95 21
95 22
95 23
95 24
95 26
95 32
95 33
95 34
95 39
95 40
95 42
95 43
95 44
95 45
95 46
95 48
95 49
95 51
95 52
95 54
95 55
95 59
95 61
95 62
95 63
95 64
95 65
95 67
95 68
95 69
95 71
95 72
95 73
95 78
95 80
95 81
95 83
95 85
95 86
95 87
95 88
95 89
95 90
95 91
95 106
95 114
95 115
95 118
95 123
96 5
96 6
96 8
96 14
96 16
96 19
96 22
96 25
96 26
96 28
96 29
96 32
96 33
96 35
96 36
96 39
96 41
96 45
96 46
96 49
96 55
96 59
96 60
96 61
96 64
96 65
96 68
96 72
96 82
96 84
96 86
96 88
96 89
96 95
96 96
96 97
96 101
96 108
96 109
96 110
96 111
96 113
96 122
97 3
97 5
97 9
97 11
97 12
97 13
97 17
97 24
97 26
97 27
97 28
97 29
97 33
97 35
97 37
97 38
97 39
97 42
97 43
97 45
97 49
97 51
97 53
97 54
97 57
97 58
97 59
97 64
97 66
97 67
97 76
97 78
97 86
97 88
97 98
97 100
97 101
97 108
97 115
97 120
97 121
97 123
97 126
98 2
98 5
98 8
98 9
98 12
98 14
98 15
98 21
98 24
98 25
98 33
98 36
98 38
98 43
98 45
98 54
98 59
98 63
98 68
98 69
98 71
98 82
98 84
98 85
98 89
98 97
98 100
98 102
98 104
98 105
98 114
98 117
98 118
98 119
98 123
98 124
98 126
98 127
99 0
99 1
99 2
99 4
99 5
99 9
99 11
99 16
99 17
99 18
99 20
99 22
99 23
99 25
99 27
99 29
99 30
99 33
99 37
99 38
99 40
99 41
99 42
99 48
99 50
99 51
99 61
99 62
99 65
99 67
99 68
99 69
99 70
99 79
99 83
99 87
99 88
99 89
99 90
99 91
99 92
99 93
99 94
99 96
99 98
99 99
99 101
99 104
99 110
99 111
99 112
99 113
99 117
99 118
99 119
99 122
99 123
100 0
100 3
100 8
100 10
100 12
100 13
100 14
100 16
100 18
100 22
100 26
100 27
100 31
100 33
100 36
100 40
100 42
100 44
100 46
100 49
100 50
100 54
100 60
100 61
100 62
100 69
100 73
100 74
100 75
100 76
100 78
100 80
100 81
100 85
100 86
100 90
100 93
100 94
100 95
100 97
100 98
100 99
100 101
100 103
100 104
100 106
100 110
100 112
100 116
100 117
100 120
100 121
100 123
100 124
100 125
101 0
101 5
101 10
101 14
101 17
101 19
101 24
101 25
101 27
101 29
101 30
101 32
101 36
101 37
101 39
101 42
101 43
101 48
101 49
101 52
101 53
101 54
101 59
101 60
101 61
101 63
101 64
101 67
101 70
101 71
101 72
101 77
101 80
101 82
101 84
101 85
101 88
101 90
101 99
101 103
101 104
101 107
101 112
101 114
101 115
101 117
101 121
101 125
101 126
101 127
102 1
102 5
102 7
102 11
102 13
102 15
102 18
102 20
102 23
102 26
102 31
102 35
102 40
102 42
102 44
102 45
102 47
102 50
102 55
102 58
102 60
102 62
102 64
102 65
102 68
102 70
102 74
102 76
102 77
102 79
102 83
102 85
102 86
102 89
102 90
102 91
102 96
102 98
102 100
102 103
102 106
102 109
102 114
102 115
102 118
102 120
102 121
102 122
102 123
102 124
102 125
102 127
103 0
103 1
103 3
103 5
103 6
103 7
103 8
103 10
103 12
103 17
103 26
103 27
103 29
103 30
103 31
103 32
103 34
103 36
103 37
103 43
103 46
103 47
103 49
103 52
103 53
103 55
103 56
103 59
103 63
103 65
103 66
103 67
103 70
103 74
103 77
103 78
103 80
103 81
103 83
103 85
103 88
103 89
103 97
103 98
103 101
103 102
103 107
103 109
103 111
103 114
103 115
103 118
103 123
103 125
103 126
104 0
104 2
104 3
104 6
104 8
104 9
104 13
104 14
104 16
104 17
104 22
104 25
104 28
104 29
104 30
104 31
104 32
104 36
104 39
104 43
104 45
104 48
104 53
104 55
104 56
104 57
104 59
104 64
104 65
104 69
104 71
104 73
104 74
104 75
104 76
104 82
104 84
104 86
104 88
104 89
104 90
104 91
104 93
104 94
104 95
104 102
104 108
104 113
104 115
104 116
104 120
104 122
104 124
104 125
104 126
105 0
105 5
105 8
105 11
105 12
105 16
105 17
105 18
105 19
105 21
105 25
105 26
105 30
105 31
105 32
105 35
105 43
105 49
105 50
105 51
105 54
105 55
105 56
105 58
105 59
105 62
105 68
105 70
105 71
105 72
105 73
105 74
105 77
105 79
105 82
105 83
105 90
105 92
105 94
105 95
105 98
105 100
105 103
105 105
105 106
105 108
105 109
105 112
105 113
105 114
105 116
105 121
105 123
105 124
105 126
105 127
106 1
106 2
106 5
106 7
106 9
106 12
106 13
106 15
106 16
106 17
106 18
106 22
106 26
106 31
106 35
106 36
106 37
106 38
106 40
106 41
106 42
106 43
106 45
106 50
106 51
106 53
106 55
106 56
106 57
106 58
106 60
106 69
106 70
106 73
106 78
106 79
106 80
106 82
106 83
106 84
106 90
106 96
106 100
106 101
106 106
106 109
106 113
106 119
106 120
106 124
106 126
107 3
107 4
107 6
107 8
107 9
107 11
107 14
107 15
107 20
107 22
107 23
107 27
107 28
107 30
107 31
107 32
107 34
107 35
107 38
107 39
107 41
107 44
107 45
107 46
107 47
107 49
107 52
107 56
107 57
107 59
107 63
107 64
107 65
107 67
107 69
107 73
107 74
107 75
107 79
107 83
107 84
107 87
107 89
107 90
107 95
107 101
107 103
107 106
107 114
107 116
107 117
107 123
107 125
107 126
108 1
108 5
108 6
108 8
108 12
108 13
108 15
108 18
108 20
108 25
108 29
108 30
108 31
108 32
108 36
108 38
108 43
108 52
108 53
108 56
108 58
108 59
108 62
108 65
108 66
108 68
108 71
108 72
108 74
108 79
108 82
108 83
108 86
108 88
108 90
108 94
108 95
108 97
108 98
108 99
108 107
108 109
108 110
108 111
108 112
108 115
108 117
108 120
108 121
108 123
108 125
108 127
109 1
109 3
109 5
109 8
109 9
109 19
109 21
109 22
109 23
109 25
109 26
109 30
109 31
109 34
109 38
109 42
109 48
109 50
109 53
109 54
109 55
109 56
109 61
109 64
109 65
109 69
109 76
109 79
109 80
109 82
109 87
109 95
109 96
109 97
109 99
109 102
109 103
109 104
109 110
109 115
109 118
109 120
109 121
109 124
109 126
110 5
110 6
110 10
110 15
110 19
110 21
110 22
110 23
110 25
110 28
110 30
110 33
110 34
110 36
110 37
110 38
110 43
110 44
110 48
110 49
110 50
110 55
110 56
110 57
110 58
110 61
110 65
110 66
110 67
110 69
110 70
110 71
110 72
110 73
110 78
110 79
110 80
110 85
110 86
110 91
110 95
110 96
110 97
110 99
110 104
110 105
110 110
110 111
110 113
110 114
110 118
110 120
110 123
110 124
110 125
110 126
110 127
111 0
111 3
111 6
111 9
111 12
111 13
111 18
111 22
111 26
111 27
111 29
111 32
111 33
111 37
111 38
111 39
111 42
111 44
111 46
111 47
111 49
111 50
111 51
111 53
111 55
111 57
111 60
111 61
111 63
111 67
111 69
111 70
111 71
111 72
111 76
111 77
111 78
111 79
111 80
111 81
111 87
111 88
111 89
111 91
111 93
111 96
111 100
111 101
111 102
111 106
111 107
111 110
111 111
111 114
111 115
111 123
111 124
112 1
112 3
112 5
112 8
112 9
112 11
112 14
112 18
112 23
112 24
112 25
112 26
112 30
112 31
112 32
112 33
112 36
112 37
112 38
112 40
112 41
112 45
112 52
112 55
112 56
112 60
112 63
112 64
112 65
112 69
112 70
112 72
112 73
112 74
112 76
112 79
112 84
112 89
112 92
112 95
112 97
112 102
112 103
112 105
112 108
112 110
112 111
112 112
112 118
112 119
112 121
112 126
112 127
113 2
113 8
113 12
113 19
113 20
113 25
113 26
113 27
113 28
113 31
113 33
113 35
113 38
113 40
113 52
113 54
113 57
113 59
113 61
113 62
113 65
113 69
113 70
113 72
113 78
113 80
113 81
113 83
113 86
113 88
113 89
113 91
113 96
113 97
113 100
113 101
113 103
113 113
113 121
113 122
113 123
113 124
113 126
113 127
114 2
114 3
114 9
114 10
114 12
114 16
114 17
114 18
114 20
114 25
114 27
114 30
114 31
114 33
114 38
114 39
114 40
114 41
114 42
114 43
114 44
114 47
114 48
114 54
114 57
114 58
114 59
114 63
114 65
114 68
114 71
114 75
114 76
114 78
114 81
114 90
114 91
114 92
114 93
114 96
114 99
114 101
114 104
114 106
114 109
114 110
114 111
114 116
114 121
114 123
114 124
114 126
115 2
115 6
115 8
115 16
115 18
115 23
115 26
115 28
115 29
115 31
115 34
115 36
115 37
115 41
115 44
115 45
115 48
115 50
115 55
115 56
115 59
115 60
115 62
115 65
115 66
115 68
115 71
115 76
115 78
115 79
115 80
115 81
115 82
115 86
115 90
115 92
115 99
115 101
115 102
115 103
115 106
115 107
115 110
115 111
115 115
115 118
115 122
115 123
115 126
115 127
116 6
116 8
116 13
116 15
116 17
116 22
116 23
116 24
116 25
116 26
116 29
116 32
116 35
116 36
116 37
116 39
116 40
116 43
116 44
116 45
116 50
116 51
116 52
116 58
116 60
116 61
116 64
116 66
116 67
116 70
116 71
116 73
116 76
116 80
116 84
116 88
116 92
116 94
116 95
116 96
116 98
116 100
116 101
116 102
116 107
116 108
116 109
116 114
116 115
116 118
116 121
116 122
116 123
116 126
117 0
117 3
117 16
117 19
117 22
117 23
117 25
117 26
117 27
117 29
117 31
117 33
117 40
117 41
117 42
117 44
117 45
117 46
117 47
117 50
117 51
117 56
117 58
117 61
117 64
117 67
117 68
117 70
117 72
117 74
117 76
117 81
117 83
117 86
117 87
117 88
117 90
117 92
117 95
117 98
117 101
117 103
117 105
117 106
117 110
117 112
117 113
117 114
117 115
117 117
117 119
117 121
117 124
117 125
117 127
118 0
118 2
118 8
118 13
118 15
118 16
118 23
118 28
118 31
118 34
118 37
118 38
118 42
118 43
118 44
118 46
118 47
118 49
118 51
118 56
118 58
118 63
118 64
118 68
118 74
118 75
118 77
118 78
118 79
118 81
118 83
118 92
118 99
118 103
118 108
118 109
118 110
118 111
118 113
118 115
118 117
118 118
118 119
118 123
118 126
119 0
119 4
119 11
119 17
119 18
119 22
119 23
119 24
119 25
119 26
119 27
119 28
119 30
119 35
119 37
119 38
119 39
119 45
119 51
119 52
119 57
119 60
119 63
119 64
119 66
119 68
119 70
119 71
119 75
119 76
119 83
119 86
119 89
119 91
119 96
119 97
119 104
119 106
119 107
119 110
119 112
119 113
119 115
119 117
119 118
119 120
119 124
120 3
120 5
120 6
120 15
120 17
120 19
120 21
120 22
120 25
120 30
120 31
120 35
120 37
120 43
120 46
120 47
120 50
120 51
120 57
120 63
120 64
120 68
120 73
120 74
120 75
120 76
120 82
120 84
120 86
120 87
120 88
120 91
120 93
120 95
120 98
120 105
120 107
120 114
120 116
120 117
120 120
120 121
120 122
120 126
121 0
121 1
121 3
121 5
121 9
121 14
121 16
121 17
121 21
121 23
121 25
121 26
121 30
121 31
121 35
121 36
121 40
121 41
121 42
121 43
121 45
121 48
121 49
121 50
121 51
121 52
121 58
121 61
121 62
121 65
121 67
121 71
121 72
121 77
121 79
121 81
121 83
121 85
121 86
121 88
121 89
121 90
121 98
121 99
121 100
121 103
121 104
121 105
121 110
121 112
121 115
121 120
121 123
121 127
122 1
122 5
122 6
122 8
122 10
122 12
122 15
122 20
122 22
122 23
122 25
122 27
122 28
122 29
122 34
122 35
122 37
122 39
122 42
122 45
122 46
122 47
122 48
122 49
122 53
122 54
122 56
122 57
122 58
122 66
122 69
122 70
122 71
122 74
122 75
122 79
122 83
122 89
122 90
122 92
122 93
122 96
122 99
122 100
122 105
122 106
122 107
122 109
122 113
122 114
122 117
122 118
122 119
122 120
122 121
122 124
122 125
122 127
123 1
123 6
123 7
123 10
123 11
123 13
123 14
123 16
123 17
123 24
123 26
123 27
123 28
123 35
123 38
123 40
123 41
123 43
123 45
123 46
123 47
123 57
123 65
123 66
123 72
123 74
123 78
123 79
123 81
123 83
123 89
123 92
123 93
123 94
123 95
123 96
123 99
123 100
123 101
123 102
123 105
123 107
123 108
123 112
123 114
123 119
123 122
123 125
123 127
124 0
124 3
124 5
124 7
124 11
124 12
124 15
124 18
124 19
124 22
124 25
124 26
124 28
124 29
124 30
124 31
124 36
124 37
124 39
124 40
124 41
124 43
124 45
124 46
124 47
124 50
124 53
124 58
124 59
124 64
124 66
124 82
124 83
124 84
124 86
124 87
124 92
124 94
124 95
124 98
124 99
124 100
124 102
124 108
124 113
124 114
124 119
124 120
124 121
124 123
124 126
124 127
125 0
125 5
125 13
125 14
125 18
125 22
125 25
125 27
125 28
125 29
125 31
125 32
125 34
125 35
125 36
125 37
125 38
125 39
125 43
125 48
125 50
125 53
125 54
125 65
125 68
125 72
125 75
125 76
125 77
125 79
125 82
125 83
125 84
125 88
125 89
125 90
125 91
125 93
125 94
125 99
125 100
125 103
125 104
125 105
125 107
125 108
125 110
125 113
125 114
125 118
125 120
125 121
125 123
125 125
126 7
126 9
126 10
126 12
126 13
126 14
126 19
126 20
126 22
126 23
126 25
126 27
126 29
126 31
126 32
126 33
126 38
126 40
126 44
126 45
126 50
126 51
126 54
126 57
126 64
126 66
126 69
126 70
126 72
126 75
126 76
126 77
126 78
126 80
126 82
126 84
126 85
126 91
126 92
126 94
126 95
126 96
126 98
126 99
126 101
126 102
126 105
126 107
126 109
126 111
126 114
126 116
126 118
126 122
126 124
126 125
127 0
127 6
127 10
127 13
127 14
127 15
127 17
127 21
127 22
127 25
127 32
127 33
127 35
127 36
127 38
127 39
127 42
127 43
127 44
127 46
127 52
127 57
127 58
127 59
127 60
127 63
127 64
127 68
127 71
127 73
127 77
127 78
127 79
127 83
127 85
127 89
127 92
127 93
127 95
127 96
127 98
127 104
127 106
127 108
127 109
127 111
127 113
127 117
127 119
127 120
127 123
127 126
127 127
