0 6
0 11
0 24
0 41
0 42
0 48
0 52
0 53
0 74
0 75
0 85
0 121
0 123
1 3
1 19
1 37
1 67
1 73
1 91
1 112
1 125
2 8
2 30
2 46
2 49
2 76
2 97
2 101
2 120
2 125
3 14
3 29
3 43
3 53
3 59
3 69
3 80
3 103
3 113
3 116
4 5
4 24
4 54
4 59
4 60
4 71
4 74
4 90
4 101
4 112
4 123
4 124
5 10
5 13
5 34
5 45
5 47
5 56
5 76
5 82
6 3
6 5
6 10
6 13
6 15
6 19
6 24
6 49
6 58
6 86
6 95
6 96
7 17
7 33
7 53
7 63
7 74
7 117
7 121
8 33
8 44
8 45
8 67
8 88
8 98
8 102
9 49
9 58
9 64
9 68
9 86
9 100
9 105
10 7
10 9
10 11
10 31
10 52
10 76
10 83
10 101
10 122
10 123
11 53
11 56
11 59
11 94
11 119
12 15
12 17
12 21
12 69
12 70
12 94
12 102
12 103
13 7
13 19
13 24
13 58
13 103
13 123
14 0
14 6
14 10
14 16
14 36
14 37
14 64
14 122
15 3
15 11
15 24
15 32
15 36
15 87
16 14
16 21
16 42
16 62
16 107
17 34
17 66
17 68
17 108
17 121
18 5
18 15
18 50
18 58
18 70
18 116
19 3
19 20
19 24
19 34
19 38
19 40
19 62
19 88
19 95
20 68
20 88
20 96
20 105
20 122
21 1
21 25
21 36
21 59
21 86
21 101
21 116
21 117
21 124
21 126
22 16
22 32
22 35
22 50
22 65
22 78
22 84
22 86
22 93
22 116
23 8
23 18
23 25
23 48
23 53
23 79
23 116
24 11
24 37
24 38
24 54
24 64
24 70
24 117
24 118
24 126
25 10
25 12
25 14
25 15
25 16
25 21
25 41
25 52
25 62
25 85
25 127
26 0
26 9
26 39
26 42
26 61
26 71
26 125
27 9
27 20
27 21
27 46
27 50
27 58
27 70
27 85
28 3
28 18
28 35
28 53
28 66
28 75
28 87
28 95
28 96
28 122
29 16
29 42
29 48
29 57
29 60
29 77
29 81
29 82
29 107
29 124
30 1
30 8
30 12
30 23
30 30
30 101
30 119
30 126
30 127
31 53
31 70
31 101
31 103
31 125
32 15
32 19
32 21
32 41
32 58
32 60
32 87
32 108
33 0
33 8
33 16
33 25
33 32
33 33
33 36
33 75
33 88
33 96
33 99
33 104
33 106
33 112
33 115
33 120
33 121
34 29
34 70
34 94
34 112
34 116
35 11
35 80
35 124
36 0
36 31
36 55
36 74
36 84
36 85
36 109
36 117
36 121
37 20
37 27
37 34
37 35
37 38
37 73
37 74
37 106
37 120
37 123
38 4
38 10
38 19
38 21
38 39
38 44
38 60
38 65
38 68
38 86
38 113
38 126
39 37
39 40
39 50
39 78
39 79
39 81
39 85
39 108
40 9
40 10
40 14
40 29
40 47
40 55
40 67
40 84
40 89
40 95
40 101
40 103
40 105
41 2
41 29
41 43
41 50
41 53
41 78
41 80
41 96
41 97
41 105
41 112
42 20
42 42
42 66
42 120
42 124
43 53
43 75
43 89
43 105
43 116
44 6
44 20
44 33
44 48
44 52
44 68
44 83
45 14
45 27
45 80
45 81
45 105
46 3
46 19
46 21
46 48
46 59
46 95
46 119
47 6
47 11
47 44
47 67
47 75
47 78
47 84
48 42
48 69
48 87
48 108
48 113
48 126
49 40
49 88
49 89
49 116
49 124
50 18
50 47
50 112
51 8
51 9
51 12
51 14
51 32
51 45
51 46
51 83
51 105
51 124
51 126
52 21
52 45
52 78
52 80
52 81
52 90
52 92
52 95
52 101
52 117
52 124
52 126
53 1
53 3
53 9
53 34
53 50
53 58
53 60
53 80
53 88
53 94
53 100
54 13
54 22
54 29
54 48
54 87
54 88
55 16
55 19
55 38
55 70
55 73
56 27
56 31
56 38
56 63
56 78
56 93
56 105
57 4
57 10
57 28
57 76
57 85
57 88
57 99
58 2
58 3
58 22
58 28
58 31
58 33
58 35
58 39
58 53
58 64
58 68
59 6
59 31
59 45
59 53
59 62
59 82
59 89
59 92
60 10
60 16
60 29
60 35
60 49
60 54
60 64
60 78
60 79
60 87
61 3
61 12
61 27
61 64
61 91
61 94
61 98
61 107
61 112
61 116
61 117
62 20
62 52
62 65
62 82
62 109
63 41
63 62
63 105
64 1
64 20
64 24
64 50
64 80
64 86
65 33
65 43
65 61
65 65
65 120
66 21
66 36
66 51
66 63
66 65
66 78
66 91
66 94
66 95
66 98
66 105
67 14
67 23
67 42
67 54
67 85
67 91
67 94
67 118
68 13
68 30
68 65
68 83
68 99
68 111
69 9
69 38
69 50
69 60
69 63
69 79
69 82
69 83
69 87
69 90
69 101
69 113
69 120
69 121
70 8
70 25
70 31
70 33
70 68
70 71
70 85
70 94
70 109
70 126
71 18
71 28
71 43
71 53
71 67
71 75
71 78
71 85
71 99
71 102
71 115
71 125
72 11
72 46
72 54
72 55
72 62
72 70
72 123
73 48
73 52
73 59
73 60
73 66
73 81
73 88
74 3
74 6
74 7
74 58
74 62
74 74
74 103
74 111
74 112
74 116
75 21
75 64
75 65
75 66
75 84
75 94
75 103
75 124
76 1
76 82
76 83
76 87
76 92
76 97
76 119
77 20
77 23
77 25
77 60
77 87
77 94
77 101
77 113
78 16
78 46
78 47
78 96
78 97
78 120
78 123
79 5
79 6
79 9
79 22
79 83
79 86
79 89
79 95
79 113
79 122
79 125
80 20
80 35
80 36
80 79
80 81
80 88
80 106
80 107
80 114
80 125
81 7
81 30
81 54
81 71
81 99
81 106
81 112
81 117
82 4
82 5
82 14
82 43
82 85
82 96
82 107
82 123
83 27
83 35
83 38
83 44
83 57
83 61
83 78
83 104
83 115
84 36
84 73
84 81
84 85
84 102
84 113
84 127
85 4
85 11
85 17
85 37
85 54
85 110
85 126
86 1
86 2
86 13
86 27
86 39
86 54
86 56
86 66
86 98
86 113
87 61
87 85
87 93
87 97
87 124
88 10
88 15
88 87
88 120
89 3
89 17
89 24
89 29
89 39
89 60
89 70
89 72
89 89
89 102
90 4
90 6
90 15
90 26
90 45
90 48
90 57
90 59
90 73
90 82
90 86
90 101
91 44
91 51
91 54
91 58
91 65
91 121
92 0
92 39
92 44
92 73
92 79
93 9
93 22
93 55
93 86
93 95
94 24
94 32
94 45
94 89
94 105
94 112
94 125
95 4
95 26
95 27
95 32
95 59
95 82
95 114
95 122
96 8
96 23
96 35
96 45
96 55
96 92
96 123
97 5
97 12
97 16
97 20
97 51
97 62
97 89
97 93
98 9
98 23
98 53
98 80
98 88
98 100
98 112
98 114
99 12
99 28
99 45
99 48
99 81
99 102
99 115
100 45
100 48
100 50
100 61
100 72
101 1
101 14
101 26
101 60
101 65
101 69
101 74
101 92
101 111
102 11
102 12
102 31
102 34
102 39
102 56
102 66
102 71
102 82
102 96
102 103
102 105
102 114
103 41
103 46
103 88
103 110
104 32
104 33
104 39
104 55
104 93
104 103
104 117
105 7
105 24
105 25
105 32
105 37
105 44
105 81
105 90
105 95
105 99
105 109
105 126
106 43
106 66
106 103
106 124
107 25
107 30
107 34
107 36
107 52
107 53
107 62
107 71
107 76
107 113
107 120
107 122
108 24
108 57
109 36
109 46
109 52
109 69
109 73
109 108
109 109
109 116
110 76
110 89
110 107
110 125
111 7
111 12
111 14
111 19
111 31
111 43
111 45
111 55
111 64
111 68
111 92
111 105
111 127
112 4
112 28
112 36
112 44
112 76
112 81
113 12
113 45
113 92
113 103
114 4
114 20
114 32
114 90
114 95
114 103
115 9
115 89
115 100
116 30
116 35
116 65
116 97
117 17
117 20
117 21
117 36
117 41
117 84
117 99
118 38
118 42
118 51
118 95
119 21
119 71
119 72
119 76
119 77
119 89
119 109
120 4
120 29
120 33
120 35
120 37
120 45
120 86
120 91
120 124
121 10
121 12
121 18
121 19
121 31
121 44
121 61
121 82
121 85
121 124
121 125
122 10
122 21
122 24
122 33
122 41
122 48
122 66
122 69
122 72
122 83
122 85
122 116
122 125
123 3
123 13
123 105
123 109
123 119
124 4
124 42
124 48
124 57
124 106
124 126
125 85
125 101
126 47
126 69
126 71
126 102
126 118
126 121
127 35
127 41
127 58
127 62
127 65
127 66
127 78
127 81
127 84
127 91
127 116
