0 5
0 6
0 12
0 17
0 22
0 23
0 27
0 32
0 34
0 38
0 40
0 46
0 47
0 62
0 66
0 67
0 73
0 84
0 85
0 86
0 87
0 98
0 100
0 106
0 111
0 112
0 114
0 116
0 117
0 119
0 123
1 4
1 7
1 8
1 12
1 17
1 23
1 25
1 29
1 36
1 39
1 42
1 50
1 55
1 56
1 59
1 60
1 63
1 65
1 67
1 69
1 82
1 83
1 94
1 95
1 97
1 98
1 104
1 107
1 115
1 117
1 120
1 123
2 5
2 7
2 10
2 16
2 29
2 33
2 35
2 45
2 58
2 78
2 79
2 82
2 84
2 87
2 92
2 96
2 97
2 103
2 111
2 115
3 5
3 14
3 28
3 31
3 35
3 38
3 39
3 44
3 45
3 49
3 52
3 69
3 70
3 71
3 79
3 83
3 95
3 102
3 104
3 109
3 110
3 112
3 121
3 124
3 125
4 18
4 23
4 24
4 29
4 30
4 31
4 32
4 39
4 47
4 50
4 51
4 53
4 54
4 59
4 69
4 71
4 78
4 80
4 85
4 90
4 91
4 92
4 104
4 109
4 111
4 122
4 124
5 1
5 3
5 7
5 8
5 12
5 17
5 18
5 20
5 27
5 30
5 33
5 34
5 37
5 41
5 47
5 51
5 58
5 63
5 65
5 67
5 69
5 70
5 76
5 91
5 95
5 113
5 117
5 127
6 3
6 6
6 18
6 26
6 41
6 63
6 71
6 77
6 94
6 99
6 104
6 105
6 113
6 115
6 125
7 2
7 4
7 12
7 14
7 21
7 22
7 25
7 29
7 30
7 33
7 45
7 46
7 53
7 61
7 62
7 63
7 64
7 65
7 67
7 68
7 70
7 74
7 82
7 97
7 99
7 103
7 107
7 112
7 115
7 117
7 126
8 4
8 6
8 8
8 9
8 19
8 25
8 28
8 36
8 43
8 48
8 49
8 50
8 57
8 59
8 65
8 68
8 71
8 77
8 80
8 82
8 87
8 89
8 99
8 108
8 109
8 111
8 116
8 118
8 121
8 126
9 10
9 11
9 12
9 17
9 18
9 27
9 29
9 33
9 38
9 40
9 54
9 65
9 71
9 73
9 83
9 88
9 89
9 90
9 91
9 114
9 116
9 121
10 0
10 11
10 12
10 15
10 16
10 17
10 19
10 21
10 26
10 32
10 34
10 37
10 39
10 43
10 46
10 47
10 52
10 57
10 58
10 59
10 77
10 80
10 86
10 100
10 101
10 104
10 107
10 109
10 119
11 6
11 7
11 8
11 9
11 10
11 13
11 18
11 23
11 27
11 32
11 35
11 36
11 37
11 41
11 49
11 52
11 53
11 61
11 66
11 71
11 75
11 76
11 77
11 91
11 92
11 105
11 107
11 108
11 117
11 119
11 121
11 127
12 1
12 2
12 5
12 7
12 22
12 31
12 32
12 37
12 41
12 44
12 45
12 59
12 63
12 67
12 81
12 88
12 105
12 116
12 121
12 125
12 126
13 8
13 9
13 10
13 11
13 15
13 18
13 21
13 24
13 32
13 33
13 35
13 36
13 39
13 42
13 48
13 49
13 61
13 63
13 66
13 72
13 73
13 77
13 78
13 79
13 81
13 84
13 99
13 103
13 104
13 109
13 114
13 124
14 1
14 5
14 6
14 11
14 12
14 21
14 26
14 33
14 40
14 52
14 54
14 61
14 65
14 75
14 76
14 99
14 109
14 110
14 113
14 119
14 123
14 124
15 1
15 12
15 22
15 24
15 25
15 26
15 29
15 44
15 50
15 56
15 67
15 74
15 79
15 81
15 99
15 101
15 115
15 118
15 119
15 122
15 123
15 126
16 7
16 12
16 19
16 37
16 42
16 43
16 45
16 51
16 53
16 59
16 62
16 65
16 77
16 85
16 93
16 94
16 97
16 98
16 105
16 108
16 109
16 112
16 113
16 126
16 127
17 1
17 6
17 8
17 13
17 22
17 28
17 29
17 34
17 38
17 39
17 40
17 46
17 51
17 66
17 69
17 72
17 90
17 92
17 96
17 99
17 107
17 118
17 120
18 7
18 8
18 12
18 20
18 21
18 32
18 33
18 41
18 42
18 49
18 53
18 57
18 61
18 65
18 68
18 70
18 89
18 93
18 96
18 101
18 102
18 108
18 109
18 126
19 2
19 11
19 14
19 21
19 23
19 24
19 25
19 26
19 29
19 37
19 38
19 41
19 42
19 46
19 48
19 49
19 53
19 58
19 59
19 65
19 68
19 77
19 82
19 84
19 89
19 93
19 100
19 102
19 118
19 122
20 1
20 3
20 7
20 8
20 9
20 14
20 15
20 26
20 29
20 32
20 42
20 43
20 44
20 52
20 56
20 65
20 66
20 69
20 71
20 72
20 76
20 79
20 82
20 84
20 89
20 91
20 97
20 101
20 102
20 106
20 114
20 119
20 121
20 126
21 2
21 4
21 15
21 16
21 17
21 19
21 32
21 36
21 39
21 44
21 52
21 57
21 60
21 65
21 72
21 80
21 87
21 89
21 95
21 112
21 114
21 120
21 125
22 0
22 2
22 3
22 4
22 5
22 7
22 20
22 22
22 26
22 30
22 36
22 40
22 44
22 55
22 58
22 70
22 77
22 78
22 89
22 94
22 104
22 109
22 114
22 122
22 125
23 1
23 9
23 10
23 28
23 30
23 32
23 41
23 55
23 57
23 58
23 60
23 64
23 69
23 71
23 74
23 80
23 90
23 92
23 103
23 105
23 106
23 107
23 116
23 120
23 124
24 6
24 7
24 8
24 9
24 12
24 15
24 19
24 22
24 29
24 30
24 31
24 32
24 37
24 41
24 58
24 63
24 66
24 70
24 73
24 76
24 87
24 88
24 92
24 95
24 98
24 111
24 112
24 114
24 117
24 124
25 0
25 8
25 17
25 19
25 20
25 21
25 26
25 27
25 31
25 32
25 36
25 39
25 45
25 50
25 60
25 66
25 70
25 80
25 83
25 88
25 96
25 98
25 103
25 104
25 120
25 122
26 4
26 31
26 32
26 39
26 42
26 46
26 47
26 48
26 51
26 54
26 55
26 59
26 65
26 74
26 75
26 81
26 84
26 85
26 87
26 89
26 94
26 96
26 104
26 110
26 111
26 117
26 118
26 119
26 120
26 126
27 0
27 9
27 19
27 21
27 23
27 26
27 31
27 32
27 33
27 35
27 38
27 40
27 91
27 102
27 107
27 116
27 119
27 121
27 123
27 125
27 126
28 1
28 2
28 10
28 15
28 27
28 39
28 42
28 46
28 48
28 54
28 62
28 63
28 64
28 66
28 70
28 71
28 72
28 78
28 80
28 82
28 89
28 92
28 94
28 95
28 98
28 99
28 104
28 107
28 119
28 123
28 125
29 1
29 3
29 5
29 9
29 13
29 16
29 21
29 22
29 24
29 32
29 34
29 48
29 51
29 60
29 71
29 73
29 78
29 87
29 94
29 102
29 108
29 113
29 117
29 118
29 122
29 125
30 4
30 7
30 13
30 17
30 21
30 27
30 32
30 46
30 47
30 54
30 56
30 62
30 63
30 76
30 79
30 89
30 104
30 105
30 107
30 111
30 112
30 114
30 116
31 1
31 3
31 12
31 13
31 15
31 23
31 29
31 53
31 55
31 60
31 63
31 68
31 83
31 85
31 89
31 91
31 92
31 96
31 102
31 106
31 116
31 117
31 119
32 6
32 8
32 15
32 16
32 21
32 29
32 41
32 42
32 45
32 46
32 49
32 55
32 59
32 61
32 78
32 85
32 93
32 97
32 100
32 101
32 120
32 123
32 124
33 0
33 3
33 12
33 13
33 22
33 32
33 38
33 41
33 44
33 58
33 64
33 74
33 84
33 85
33 91
33 104
33 105
33 106
33 112
33 114
33 117
33 119
33 125
33 126
34 5
34 6
34 9
34 11
34 14
34 17
34 36
34 38
34 41
34 42
34 44
34 52
34 58
34 65
34 66
34 71
34 75
34 81
34 89
34 91
34 92
34 98
34 106
34 113
34 115
35 7
35 13
35 17
35 22
35 31
35 32
35 35
35 41
35 42
35 44
35 45
35 50
35 51
35 53
35 62
35 69
35 70
35 71
35 76
35 81
35 83
35 89
35 90
35 93
35 95
35 98
35 103
35 104
35 108
35 109
35 110
35 114
35 122
35 123
35 124
36 0
36 3
36 7
36 9
36 10
36 12
36 14
36 18
36 27
36 31
36 33
36 36
36 48
36 52
36 54
36 56
36 62
36 84
36 100
36 102
36 114
36 121
36 124
37 14
37 18
37 21
37 27
37 28
37 30
37 32
37 46
37 47
37 49
37 50
37 55
37 62
37 76
37 82
37 83
37 91
37 92
37 97
37 103
37 106
37 110
37 112
37 119
37 121
38 8
38 9
38 17
38 18
38 26
38 28
38 29
38 47
38 50
38 67
38 69
38 70
38 73
38 78
38 80
38 86
38 89
38 91
38 95
38 102
38 105
38 106
38 109
38 110
38 111
38 114
38 120
38 121
38 127
39 0
39 2
39 3
39 16
39 28
39 33
39 39
39 43
39 44
39 50
39 51
39 64
39 65
39 67
39 70
39 71
39 76
39 79
39 81
39 86
39 88
39 89
39 90
39 102
39 108
39 120
40 15
40 16
40 34
40 35
40 37
40 40
40 45
40 47
40 50
40 54
40 55
40 56
40 68
40 71
40 73
40 77
40 80
40 83
40 92
40 98
40 107
40 108
40 109
40 111
40 119
40 120
40 122
40 126
41 6
41 15
41 20
41 21
41 34
41 35
41 40
41 43
41 47
41 49
41 50
41 58
41 62
41 65
41 69
41 71
41 73
41 77
41 83
41 89
41 96
41 97
41 123
41 126
41 127
42 2
42 5
42 6
42 10
42 11
42 14
42 20
42 28
42 30
42 31
42 34
42 35
42 52
42 56
42 59
42 62
42 63
42 64
42 68
42 88
42 101
42 103
42 106
42 109
42 112
42 122
43 7
43 12
43 25
43 34
43 40
43 42
43 50
43 51
43 54
43 61
43 65
43 74
43 76
43 78
43 92
43 93
43 97
43 98
43 101
43 105
43 110
43 111
43 113
43 114
44 1
44 9
44 18
44 25
44 27
44 29
44 40
44 42
44 44
44 52
44 54
44 55
44 59
44 61
44 65
44 67
44 71
44 78
44 80
44 92
44 95
44 102
44 103
44 111
44 127
45 12
45 24
45 32
45 48
45 53
45 66
45 71
45 78
45 87
45 91
45 98
45 109
45 110
45 111
45 112
45 115
45 118
45 121
46 0
46 2
46 3
46 8
46 9
46 13
46 14
46 21
46 32
46 43
46 44
46 61
46 67
46 69
46 73
46 84
46 91
46 92
46 100
46 106
46 107
46 110
46 114
46 120
46 121
46 122
46 124
46 126
47 10
47 11
47 14
47 18
47 21
47 32
47 34
47 48
47 50
47 53
47 54
47 63
47 79
47 80
47 102
47 119
47 121
47 127
48 5
48 7
48 8
48 10
48 17
48 18
48 21
48 27
48 30
48 38
48 40
48 51
48 59
48 61
48 62
48 63
48 74
48 81
48 85
48 89
48 94
48 96
48 101
48 105
48 120
48 123
48 124
48 125
49 1
49 4
49 5
49 14
49 15
49 26
49 28
49 33
49 38
49 46
49 53
49 58
49 62
49 72
49 76
49 86
49 89
49 102
49 104
49 105
49 108
49 118
50 1
50 5
50 12
50 18
50 26
50 31
50 34
50 39
50 41
50 43
50 46
50 55
50 59
50 60
50 67
50 68
50 77
50 79
50 80
50 82
50 87
50 93
50 109
50 123
50 124
50 127
51 18
51 20
51 22
51 24
51 25
51 39
51 41
51 62
51 71
51 80
51 81
51 83
51 85
51 89
51 92
51 96
51 97
51 98
51 100
51 116
51 118
52 6
52 12
52 13
52 16
52 17
52 18
52 26
52 29
52 31
52 36
52 45
52 48
52 67
52 68
52 72
52 73
52 78
52 79
52 84
52 85
52 101
52 105
52 106
52 107
52 108
52 109
52 110
52 117
52 118
52 125
53 0
53 4
53 5
53 6
53 13
53 19
53 23
53 29
53 35
53 37
53 40
53 62
53 65
53 75
53 78
53 79
53 81
53 83
53 84
53 90
53 91
53 98
53 106
53 109
53 112
53 115
53 121
53 125
53 126
54 1
54 5
54 11
54 14
54 24
54 25
54 26
54 28
54 32
54 38
54 40
54 43
54 44
54 49
54 53
54 61
54 64
54 67
54 79
54 81
54 83
54 89
54 90
54 96
54 112
54 115
54 127
55 0
55 3
55 8
55 17
55 19
55 28
55 30
55 35
55 36
55 41
55 50
55 55
55 61
55 69
55 70
55 74
55 77
55 81
55 90
55 99
55 100
55 101
55 102
55 104
55 106
55 109
55 111
55 114
55 115
55 125
55 126
56 0
56 1
56 8
56 10
56 11
56 13
56 22
56 27
56 34
56 35
56 42
56 49
56 53
56 58
56 60
56 62
56 73
56 78
56 83
56 100
56 112
56 113
56 114
56 119
56 122
56 123
57 4
57 5
57 6
57 16
57 22
57 28
57 33
57 42
57 51
57 58
57 63
57 93
57 99
57 102
57 104
57 109
57 114
58 3
58 6
58 11
58 16
58 23
58 28
58 31
58 32
58 40
58 42
58 46
58 56
58 57
58 59
58 68
58 70
58 74
58 85
58 91
58 97
58 103
58 104
58 110
58 117
58 119
58 125
58 126
59 10
59 19
59 20
59 27
59 30
59 33
59 35
59 44
59 45
59 46
59 50
59 59
59 62
59 71
59 73
59 75
59 84
59 86
59 88
59 99
59 103
59 105
59 107
59 109
59 116
59 125
59 126
60 4
60 5
60 7
60 28
60 30
60 33
60 38
60 39
60 40
60 43
60 46
60 59
60 64
60 68
60 71
60 73
60 83
60 94
60 103
60 125
61 15
61 16
61 21
61 24
61 26
61 37
61 48
61 50
61 52
61 57
61 58
61 65
61 73
61 74
61 79
61 80
61 81
61 96
61 105
61 106
61 107
61 115
61 120
61 121
61 124
62 2
62 6
62 18
62 20
62 21
62 27
62 36
62 43
62 46
62 47
62 49
62 53
62 59
62 63
62 72
62 88
62 94
62 96
62 97
62 102
62 106
62 111
62 112
62 114
62 116
62 117
63 3
63 4
63 5
63 7
63 8
63 20
63 22
63 23
63 26
63 29
63 45
63 50
63 55
63 59
63 62
63 71
63 79
63 91
63 92
63 93
63 94
63 98
63 104
63 105
63 112
63 114
63 115
63 116
63 120
63 121
64 7
64 27
64 31
64 36
64 45
64 51
64 60
64 80
64 94
64 95
64 98
64 99
64 101
64 108
64 116
64 117
64 125
65 0
65 2
65 18
65 22
65 23
65 24
65 31
65 37
65 40
65 45
65 49
65 54
65 57
65 60
65 64
65 67
65 72
65 73
65 76
65 79
65 80
65 82
65 86
65 87
65 88
65 89
65 91
65 93
65 98
65 105
65 112
65 118
65 121
65 124
66 1
66 2
66 4
66 7
66 11
66 12
66 14
66 17
66 18
66 19
66 20
66 21
66 47
66 50
66 60
66 65
66 67
66 73
66 76
66 85
66 104
66 126
67 1
67 7
67 16
67 19
67 20
67 31
67 35
67 43
67 48
67 49
67 52
67 56
67 58
67 70
67 79
67 85
67 88
67 93
67 94
67 98
67 101
67 105
67 112
67 116
67 119
67 125
67 126
68 4
68 7
68 23
68 24
68 25
68 30
68 44
68 48
68 54
68 57
68 68
68 71
68 72
68 77
68 82
68 83
68 87
68 89
68 111
68 113
68 118
69 1
69 9
69 15
69 21
69 26
69 29
69 33
69 43
69 44
69 48
69 61
69 65
69 69
69 75
69 78
69 82
69 88
69 96
69 97
69 100
69 103
69 114
69 117
69 118
69 122
69 124
70 0
70 1
70 4
70 15
70 17
70 20
70 31
70 39
70 44
70 48
70 52
70 55
70 57
70 58
70 67
70 88
70 109
70 111
70 117
70 125
70 127
71 2
71 4
71 5
71 14
71 17
71 25
71 27
71 33
71 46
71 51
71 52
71 56
71 57
71 59
71 61
71 64
71 67
71 71
71 73
71 78
71 83
71 91
71 99
71 106
71 108
71 112
71 114
71 117
71 121
72 2
72 3
72 10
72 17
72 22
72 27
72 30
72 35
72 39
72 51
72 72
72 78
72 79
72 80
72 81
72 98
72 101
72 105
72 118
72 121
72 122
72 125
73 24
73 27
73 32
73 33
73 34
73 43
73 44
73 47
73 49
73 56
73 57
73 58
73 61
73 69
73 72
73 80
73 86
73 88
73 92
73 93
73 100
73 108
73 112
73 122
73 126
74 7
74 16
74 17
74 21
74 24
74 26
74 36
74 37
74 39
74 44
74 45
74 50
74 57
74 58
74 59
74 60
74 62
74 77
74 78
74 81
74 85
74 89
74 94
74 97
74 101
74 103
74 105
74 106
74 109
74 111
74 114
74 118
74 119
75 1
75 10
75 26
75 50
75 53
75 54
75 56
75 58
75 59
75 61
75 82
75 86
75 87
75 98
75 107
75 108
75 114
75 121
75 127
76 1
76 6
76 13
76 15
76 23
76 25
76 30
76 32
76 46
76 54
76 55
76 57
76 71
76 75
76 76
76 78
76 86
76 94
76 95
76 96
76 101
76 102
76 103
76 106
76 111
76 112
76 116
76 118
76 126
77 1
77 2
77 6
77 17
77 18
77 25
77 27
77 28
77 38
77 47
77 48
77 49
77 55
77 60
77 63
77 67
77 70
77 76
77 77
77 87
77 88
77 89
77 92
77 94
77 106
77 107
77 113
77 117
77 118
77 125
78 2
78 16
78 18
78 19
78 25
78 28
78 36
78 60
78 65
78 66
78 80
78 82
78 86
78 89
78 93
78 94
78 96
78 98
78 101
78 102
78 111
78 117
78 120
79 2
79 9
79 18
79 32
79 39
79 49
79 52
79 55
79 56
79 59
79 71
79 78
79 81
79 85
79 86
79 87
79 88
79 90
79 91
79 92
79 97
79 98
79 106
79 110
79 117
79 121
80 1
80 2
80 5
80 14
80 15
80 17
80 22
80 25
80 27
80 31
80 34
80 40
80 41
80 48
80 56
80 64
80 67
80 74
80 75
80 82
80 83
80 98
80 112
80 114
80 119
81 2
81 7
81 13
81 26
81 28
81 34
81 35
81 38
81 41
81 46
81 48
81 54
81 59
81 70
81 71
81 102
81 105
81 109
81 116
81 122
81 123
82 1
82 3
82 7
82 9
82 10
82 15
82 20
82 26
82 30
82 38
82 42
82 50
82 51
82 52
82 59
82 67
82 68
82 72
82 75
82 81
82 94
82 100
82 101
82 107
82 114
82 118
82 127
83 14
83 23
83 28
83 37
83 46
83 55
83 60
83 62
83 68
83 77
83 79
83 86
83 89
83 94
83 98
83 99
83 113
83 117
83 119
84 0
84 2
84 5
84 6
84 13
84 14
84 15
84 21
84 31
84 37
84 47
84 48
84 55
84 58
84 62
84 68
84 69
84 71
84 89
84 91
84 101
84 102
84 107
84 120
84 122
84 127
85 10
85 14
85 18
85 32
85 39
85 41
85 47
85 55
85 57
85 58
85 70
85 71
85 76
85 78
85 84
85 87
85 88
85 95
85 101
85 102
85 109
85 112
85 116
85 117
85 120
85 123
85 125
86 5
86 11
86 27
86 29
86 30
86 35
86 40
86 51
86 52
86 63
86 64
86 81
86 84
86 91
86 92
86 111
86 112
86 118
86 120
86 122
87 11
87 12
87 18
87 31
87 32
87 39
87 41
87 47
87 50
87 51
87 73
87 82
87 83
87 86
87 89
87 95
87 98
87 99
87 101
87 102
87 105
87 109
87 110
87 116
87 119
87 122
87 125
87 127
88 11
88 19
88 25
88 31
88 32
88 37
88 42
88 48
88 49
88 53
88 54
88 55
88 64
88 81
88 90
88 95
88 105
88 106
88 116
88 117
88 118
88 122
88 124
88 126
89 7
89 8
89 12
89 13
89 17
89 19
89 26
89 36
89 40
89 41
89 45
89 49
89 52
89 67
89 71
89 72
89 74
89 75
89 78
89 79
89 86
89 89
89 92
89 96
89 99
89 102
89 105
89 110
89 111
89 121
90 2
90 8
90 13
90 22
90 30
90 50
90 53
90 55
90 59
90 60
90 86
90 88
90 94
90 95
90 97
90 108
90 109
90 111
90 116
90 123
90 125
91 0
91 2
91 5
91 13
91 15
91 24
91 49
91 52
91 55
91 56
91 68
91 69
91 74
91 83
91 89
91 95
91 96
91 104
91 106
91 125
92 2
92 6
92 15
92 23
92 30
92 33
92 39
92 47
92 48
92 52
92 65
92 67
92 75
92 82
92 87
92 88
92 90
92 92
92 95
92 96
92 106
93 3
93 6
93 9
93 11
93 14
93 28
93 31
93 34
93 44
93 50
93 59
93 60
93 61
93 70
93 71
93 72
93 74
93 78
93 86
93 89
93 90
93 98
93 100
93 113
93 114
93 120
93 124
93 125
94 1
94 10
94 12
94 15
94 16
94 22
94 25
94 29
94 36
94 43
94 46
94 49
94 50
94 54
94 55
94 56
94 64
94 71
94 77
94 78
94 80
94 82
94 85
94 87
94 95
94 100
94 104
94 111
94 120
95 10
95 14
95 24
95 25
95 33
95 39
95 45
95 49
95 53
95 59
95 61
95 62
95 67
95 69
95 70
95 78
95 79
95 89
95 90
95 112
95 122
96 6
96 8
96 16
96 17
96 18
96 20
96 21
96 23
96 28
96 29
96 33
96 34
96 45
96 56
96 59
96 63
96 68
96 72
96 77
96 78
96 86
96 87
96 89
96 95
96 97
96 104
96 108
96 109
96 110
96 111
96 117
96 121
97 0
97 6
97 11
97 17
97 23
97 25
97 38
97 44
97 45
97 55
97 56
97 57
97 64
97 70
97 75
97 89
97 91
97 93
97 109
97 112
98 1
98 15
98 20
98 23
98 31
98 32
98 44
98 48
98 64
98 73
98 76
98 77
98 88
98 93
98 104
98 109
98 117
98 119
99 16
99 18
99 21
99 26
99 28
99 41
99 43
99 44
99 48
99 58
99 77
99 79
99 88
99 97
99 109
99 119
99 121
99 122
99 123
99 126
100 1
100 6
100 7
100 29
100 38
100 42
100 66
100 67
100 83
100 87
100 88
100 89
100 108
100 117
100 124
100 127
101 1
101 2
101 7
101 12
101 13
101 16
101 26
101 30
101 31
101 34
101 39
101 52
101 53
101 56
101 64
101 66
101 67
101 69
101 72
101 73
101 74
101 81
101 86
101 91
101 97
101 107
101 108
101 120
101 123
102 5
102 18
102 28
102 31
102 39
102 59
102 62
102 64
102 65
102 70
102 74
102 78
102 86
102 87
102 92
102 93
102 98
102 105
102 115
102 118
102 120
102 121
102 125
103 6
103 10
103 16
103 27
103 33
103 38
103 44
103 51
103 55
103 56
103 57
103 61
103 70
103 71
103 74
103 75
103 80
103 81
103 85
103 89
103 92
103 106
103 107
103 109
103 126
104 0
104 3
104 18
104 20
104 26
104 27
104 28
104 38
104 53
104 58
104 62
104 66
104 67
104 91
104 94
104 95
104 106
104 112
105 12
105 13
105 14
105 23
105 30
105 31
105 34
105 40
105 48
105 49
105 54
105 57
105 58
105 61
105 62
105 67
105 70
105 77
105 79
105 81
105 88
105 95
105 98
105 101
105 103
105 106
105 121
106 4
106 5
106 6
106 13
106 20
106 23
106 33
106 45
106 50
106 54
106 70
106 72
106 73
106 79
106 84
106 90
106 91
106 99
106 105
106 106
106 120
106 122
106 124
106 126
107 1
107 2
107 5
107 7
107 14
107 18
107 21
107 38
107 40
107 42
107 44
107 46
107 47
107 48
107 55
107 57
107 59
107 67
107 72
107 77
107 86
107 92
107 102
107 106
107 109
107 111
107 114
107 115
107 127
108 12
108 17
108 25
108 27
108 32
108 37
108 45
108 46
108 47
108 52
108 65
108 68
108 70
108 71
108 72
108 78
108 83
108 85
108 94
108 107
108 111
108 112
108 116
108 117
109 1
109 2
109 4
109 5
109 6
109 22
109 27
109 35
109 37
109 50
109 59
109 67
109 72
109 73
109 79
109 90
109 93
109 95
109 98
109 101
109 105
109 111
109 112
109 113
109 114
109 119
109 120
109 121
109 122
110 2
110 9
110 10
110 20
110 22
110 26
110 32
110 33
110 40
110 42
110 63
110 64
110 67
110 77
110 85
110 89
110 104
110 105
110 112
110 118
110 125
111 1
111 6
111 9
111 13
111 23
111 24
111 29
111 33
111 40
111 45
111 47
111 50
111 52
111 56
111 63
111 73
111 78
111 83
111 87
111 90
111 96
111 102
111 103
111 104
111 107
111 109
111 110
111 119
111 120
111 125
112 3
112 7
112 9
112 10
112 11
112 14
112 17
112 20
112 22
112 30
112 32
112 33
112 35
112 37
112 39
112 47
112 60
112 66
112 72
112 78
112 84
112 85
112 90
112 95
112 97
112 99
112 111
112 113
112 116
112 125
113 0
113 7
113 11
113 17
113 18
113 19
113 21
113 30
113 41
113 47
113 49
113 59
113 60
113 61
113 66
113 67
113 68
113 75
113 77
113 78
113 79
113 81
113 82
113 84
113 95
113 96
113 99
113 104
113 105
113 108
113 109
113 116
113 121
113 127
114 8
114 18
114 19
114 23
114 31
114 32
114 33
114 63
114 71
114 77
114 81
114 83
114 85
114 86
114 88
114 90
114 93
114 94
114 95
114 97
114 102
114 108
114 112
114 116
114 119
114 120
114 121
114 123
114 125
114 127
115 4
115 9
115 10
115 12
115 15
115 23
115 27
115 44
115 50
115 52
115 55
115 59
115 67
115 69
115 77
115 81
115 88
115 89
115 91
115 98
115 107
115 108
115 110
115 118
115 119
115 122
115 123
116 0
116 7
116 8
116 9
116 20
116 21
116 24
116 35
116 39
116 41
116 45
116 49
116 50
116 51
116 56
116 59
116 66
116 67
116 68
116 76
116 81
116 83
116 87
116 90
116 97
116 99
116 100
116 104
116 112
116 114
116 120
116 124
117 1
117 2
117 5
117 7
117 10
117 12
117 13
117 14
117 29
117 37
117 57
117 60
117 64
117 76
117 79
117 81
117 84
117 101
117 104
117 106
117 109
117 113
117 117
117 118
117 121
117 122
117 123
117 124
118 10
118 12
118 15
118 18
118 22
118 23
118 24
118 26
118 28
118 47
118 54
118 63
118 67
118 76
118 78
118 85
118 91
118 92
118 95
118 96
118 98
118 109
118 117
118 122
119 12
119 21
119 23
119 32
119 36
119 46
119 50
119 52
119 55
119 56
119 62
119 76
119 86
119 91
119 93
119 100
119 104
119 108
119 115
119 123
120 0
120 7
120 13
120 14
120 15
120 22
120 28
120 34
120 43
120 47
120 56
120 60
120 65
120 66
120 67
120 76
120 81
120 87
120 94
120 98
120 103
120 106
120 107
120 108
120 110
120 121
121 0
121 3
121 4
121 7
121 12
121 21
121 25
121 31
121 32
121 33
121 38
121 43
121 44
121 46
121 48
121 63
121 71
121 74
121 83
121 94
121 98
121 99
121 101
121 106
121 121
121 123
121 124
122 6
122 16
122 18
122 21
122 22
122 37
122 38
122 44
122 45
122 50
122 70
122 81
122 90
122 93
122 96
122 102
122 103
122 108
122 120
122 124
123 0
123 2
123 5
123 10
123 11
123 13
123 18
123 20
123 21
123 24
123 34
123 35
123 36
123 37
123 39
123 40
123 56
123 61
123 63
123 64
123 65
123 68
123 74
123 76
123 79
123 85
123 99
123 101
123 106
123 111
123 112
123 123
123 124
124 3
124 9
124 17
124 19
124 21
124 23
124 25
124 26
124 31
124 32
124 41
124 42
124 51
124 55
124 57
124 64
124 70
124 71
124 78
124 86
124 88
124 93
124 95
124 102
124 105
124 108
124 109
124 115
124 116
124 120
125 2
125 6
125 13
125 18
125 25
125 28
125 35
125 42
125 45
125 50
125 52
125 54
125 58
125 59
125 60
125 67
125 77
125 79
125 90
125 91
125 92
125 94
125 103
125 104
125 105
125 106
125 110
125 113
125 116
125 117
125 124
126 3
126 8
126 13
126 15
126 20
126 23
126 32
126 36
126 38
126 42
126 43
126 51
126 52
126 60
126 62
126 66
126 70
126 76
126 77
126 81
126 82
126 83
126 84
126 85
126 86
126 90
126 101
126 105
126 112
126 117
126 119
126 123
127 0
127 5
127 14
127 22
127 36
127 41
127 43
127 49
127 50
127 52
127 58
127 66
127 70
127 83
127 88
127 90
127 92
127 94
127 97
127 102
127 110
127 111
127 116
127 118
127 126
