0 1
0 2
0 3
0 5
0 11
0 14
0 15
0 16
0 17
0 18
0 21
0 26
0 27
0 30
0 32
0 33
0 35
0 38
0 41
0 42
0 44
0 47
0 49
0 50
0 52
0 54
0 55
0 57
0 59
0 62
0 64
0 65
0 66
0 67
0 80
0 81
0 83
0 85
0 86
0 89
0 91
0 92
0 99
0 100
0 105
0 108
0 109
0 110
0 120
0 124
0 125
1 0
1 1
1 3
1 5
1 6
1 10
1 11
1 13
1 14
1 15
1 22
1 24
1 25
1 29
1 31
1 33
1 36
1 37
1 41
1 44
1 46
1 47
1 48
1 52
1 53
1 58
1 59
1 67
1 71
1 75
1 76
1 80
1 81
1 83
1 85
1 90
1 93
1 96
1 100
1 105
1 108
1 112
1 115
1 119
1 120
1 124
2 0
2 2
2 3
2 5
2 7
2 11
2 17
2 19
2 21
2 23
2 24
2 29
2 31
2 34
2 35
2 37
2 39
2 40
2 42
2 51
2 54
2 55
2 56
2 67
2 70
2 75
2 76
2 79
2 83
2 86
2 88
2 92
2 93
2 94
2 95
2 97
2 98
2 101
2 102
2 103
2 109
2 111
2 113
2 115
2 116
2 125
2 126
3 2
3 4
3 5
3 6
3 7
3 11
3 12
3 13
3 15
3 20
3 23
3 24
3 27
3 29
3 32
3 33
3 35
3 37
3 39
3 47
3 50
3 51
3 52
3 57
3 58
3 62
3 64
3 68
3 70
3 71
3 72
3 73
3 76
3 78
3 79
3 80
3 81
3 82
3 83
3 85
3 86
3 89
3 90
3 92
3 97
3 98
3 99
3 100
3 102
3 103
3 107
3 109
3 112
3 114
3 115
3 117
3 118
3 119
3 120
3 124
3 125
4 0
4 7
4 9
4 11
4 21
4 23
4 26
4 27
4 29
4 30
4 31
4 33
4 37
4 38
4 42
4 44
4 49
4 54
4 59
4 64
4 66
4 68
4 72
4 73
4 75
4 76
4 77
4 80
4 84
4 86
4 91
4 94
4 95
4 99
4 103
4 108
4 109
4 112
4 114
4 115
4 116
4 120
4 123
4 126
4 127
5 3
5 4
5 6
5 8
5 10
5 11
5 14
5 17
5 21
5 25
5 26
5 29
5 30
5 31
5 37
5 39
5 40
5 42
5 48
5 50
5 51
5 59
5 65
5 66
5 69
5 72
5 74
5 77
5 81
5 83
5 84
5 93
5 94
5 99
5 102
5 104
5 106
5 110
5 113
5 114
5 115
5 121
5 122
5 123
6 3
6 4
6 6
6 7
6 11
6 12
6 14
6 16
6 18
6 20
6 24
6 28
6 34
6 37
6 38
6 40
6 41
6 42
6 43
6 44
6 45
6 52
6 56
6 58
6 59
6 60
6 63
6 71
6 75
6 80
6 84
6 88
6 90
6 91
6 92
6 94
6 95
6 96
6 99
6 101
6 103
6 104
6 111
6 112
6 114
6 123
6 127
7 0
7 3
7 6
7 8
7 9
7 10
7 11
7 12
7 14
7 15
7 16
7 18
7 19
7 21
7 25
7 27
7 29
7 30
7 31
7 32
7 40
7 45
7 46
7 48
7 52
7 56
7 57
7 59
7 61
7 64
7 66
7 71
7 78
7 80
7 82
7 84
7 89
7 90
7 92
7 93
7 95
7 98
7 99
7 103
7 107
7 116
7 118
7 119
7 120
7 121
7 122
7 124
8 2
8 6
8 7
8 9
8 10
8 11
8 16
8 22
8 26
8 27
8 29
8 32
8 36
8 40
8 41
8 43
8 44
8 45
8 48
8 51
8 54
8 56
8 59
8 60
8 61
8 65
8 69
8 70
8 71
8 76
8 77
8 78
8 81
8 84
8 85
8 88
8 91
8 94
8 95
8 97
8 98
8 99
8 103
8 104
8 105
8 106
8 109
8 115
8 120
8 122
8 125
8 127
9 0
9 3
9 5
9 6
9 7
9 11
9 12
9 13
9 14
9 15
9 21
9 24
9 25
9 26
9 28
9 29
9 31
9 33
9 34
9 35
9 36
9 37
9 40
9 41
9 43
9 47
9 48
9 52
9 53
9 58
9 64
9 65
9 67
9 70
9 72
9 74
9 77
9 81
9 84
9 92
9 93
9 95
9 96
9 97
9 101
9 103
9 104
9 105
9 110
9 111
9 113
9 114
9 116
9 117
9 119
9 122
9 126
9 127
10 0
10 3
10 5
10 8
10 12
10 15
10 16
10 19
10 21
10 25
10 33
10 34
10 41
10 43
10 44
10 47
10 48
10 49
10 50
10 53
10 55
10 56
10 61
10 66
10 67
10 68
10 72
10 74
10 75
10 76
10 77
10 80
10 85
10 89
10 90
10 92
10 93
10 94
10 95
10 97
10 100
10 101
10 102
10 103
10 107
10 111
10 112
10 114
10 117
10 118
10 121
10 122
10 123
10 125
11 0
11 4
11 5
11 9
11 11
11 12
11 14
11 15
11 22
11 26
11 27
11 28
11 37
11 38
11 41
11 42
11 44
11 45
11 46
11 47
11 48
11 49
11 50
11 51
11 53
11 55
11 60
11 62
11 65
11 68
11 70
11 72
11 79
11 81
11 84
11 86
11 87
11 88
11 91
11 92
11 94
11 95
11 96
11 97
11 98
11 103
11 108
11 109
11 115
11 120
11 121
11 124
11 125
12 1
12 4
12 6
12 8
12 10
12 13
12 15
12 18
12 24
12 28
12 33
12 35
12 36
12 37
12 39
12 40
12 44
12 46
12 47
12 48
12 49
12 51
12 52
12 56
12 57
12 63
12 64
12 66
12 69
12 70
12 72
12 74
12 76
12 77
12 80
12 81
12 82
12 89
12 92
12 97
12 99
12 102
12 103
12 104
12 108
12 111
12 112
12 115
12 116
12 125
12 126
13 1
13 2
13 5
13 6
13 10
13 16
13 18
13 21
13 24
13 25
13 26
13 27
13 28
13 33
13 34
13 35
13 37
13 42
13 43
13 45
13 46
13 48
13 51
13 53
13 54
13 56
13 62
13 65
13 71
13 72
13 74
13 75
13 80
13 81
13 82
13 84
13 87
13 88
13 93
13 98
13 103
13 108
13 109
13 112
13 113
13 114
13 115
13 117
13 119
13 121
13 123
13 124
13 125
14 0
14 1
14 3
14 4
14 8
14 13
14 14
14 17
14 18
14 19
14 20
14 23
14 27
14 31
14 33
14 36
14 38
14 40
14 42
14 44
14 45
14 47
14 48
14 50
14 55
14 61
14 63
14 64
14 65
14 66
14 69
14 70
14 71
14 72
14 77
14 79
14 81
14 83
14 84
14 85
14 93
14 95
14 96
14 100
14 101
14 103
14 107
14 108
14 113
14 114
14 116
14 119
14 125
15 2
15 7
15 12
15 13
15 14
15 15
15 19
15 20
15 26
15 27
15 28
15 34
15 36
15 37
15 38
15 52
15 55
15 56
15 58
15 59
15 61
15 62
15 64
15 65
15 67
15 69
15 70
15 71
15 73
15 76
15 78
15 79
15 82
15 83
15 84
15 85
15 87
15 89
15 90
15 91
15 95
15 97
15 98
15 101
15 103
15 104
15 107
15 108
15 111
15 114
15 115
15 116
15 121
15 122
15 125
16 2
16 5
16 7
16 8
16 9
16 11
16 13
16 15
16 16
16 17
16 22
16 23
16 26
16 31
16 32
16 34
16 53
16 54
16 61
16 62
16 63
16 64
16 65
16 69
16 72
16 73
16 76
16 78
16 81
16 88
16 90
16 99
16 107
16 111
16 113
16 117
16 119
16 120
16 121
16 123
16 126
16 127
17 5
17 6
17 9
17 10
17 14
17 15
17 16
17 17
17 18
17 19
17 20
17 21
17 24
17 29
17 30
17 32
17 35
17 38
17 39
17 43
17 49
17 50
17 57
17 59
17 60
17 61
17 68
17 69
17 70
17 75
17 77
17 79
17 81
17 82
17 84
17 85
17 88
17 90
17 91
17 92
17 96
17 97
17 105
17 108
17 110
17 112
17 114
17 115
17 119
17 120
17 122
17 124
17 125
17 126
18 0
18 1
18 3
18 5
18 6
18 7
18 15
18 16
18 25
18 27
18 28
18 29
18 34
18 37
18 38
18 40
18 41
18 42
18 46
18 49
18 51
18 53
18 54
18 56
18 57
18 58
18 59
18 60
18 62
18 66
18 67
18 69
18 72
18 80
18 86
18 88
18 89
18 96
18 99
18 104
18 105
18 109
18 111
18 113
18 117
18 120
18 122
18 126
18 127
19 3
19 8
19 9
19 10
19 12
19 13
19 15
19 17
19 19
19 21
19 24
19 26
19 30
19 31
19 35
19 36
19 43
19 44
19 46
19 51
19 52
19 54
19 57
19 63
19 69
19 70
19 73
19 74
19 77
19 79
19 82
19 83
19 84
19 87
19 90
19 92
19 94
19 97
19 98
19 101
19 105
19 107
19 108
19 114
19 115
19 117
19 118
19 121
19 122
19 123
19 124
19 125
20 5
20 7
20 10
20 11
20 13
20 15
20 17
20 21
20 22
20 23
20 26
20 29
20 32
20 34
20 35
20 36
20 38
20 45
20 49
20 50
20 51
20 52
20 53
20 56
20 60
20 61
20 64
20 65
20 68
20 72
20 73
20 74
20 75
20 77
20 80
20 83
20 85
20 87
20 88
20 89
20 90
20 96
20 97
20 100
20 101
20 102
20 103
20 104
20 109
20 112
20 113
20 115
20 118
20 120
20 123
20 124
20 127
21 0
21 1
21 6
21 8
21 9
21 15
21 21
21 23
21 30
21 31
21 33
21 35
21 37
21 38
21 39
21 45
21 47
21 49
21 50
21 52
21 57
21 58
21 59
21 61
21 64
21 65
21 67
21 68
21 70
21 75
21 77
21 79
21 81
21 82
21 83
21 84
21 87
21 88
21 91
21 93
21 100
21 115
21 124
21 125
22 0
22 2
22 3
22 6
22 9
22 10
22 17
22 23
22 24
22 25
22 29
22 31
22 32
22 34
22 35
22 38
22 40
22 43
22 44
22 46
22 48
22 51
22 58
22 60
22 62
22 63
22 65
22 68
22 78
22 79
22 80
22 82
22 83
22 84
22 85
22 91
22 92
22 93
22 95
22 99
22 100
22 103
22 104
22 106
22 107
22 109
22 110
22 113
22 114
22 116
22 117
22 118
22 120
22 122
23 1
23 2
23 3
23 4
23 10
23 11
23 13
23 15
23 18
23 19
23 20
23 21
23 22
23 24
23 25
23 27
23 28
23 33
23 34
23 35
23 36
23 38
23 42
23 45
23 46
23 47
23 49
23 50
23 51
23 54
23 56
23 57
23 59
23 62
23 65
23 71
23 76
23 77
23 82
23 83
23 84
23 87
23 88
23 90
23 91
23 94
23 97
23 99
23 101
23 102
23 109
23 111
23 113
23 117
23 118
23 119
23 121
23 122
23 123
23 127
24 0
24 4
24 6
24 9
24 10
24 11
24 17
24 19
24 23
24 24
24 25
24 26
24 31
24 32
24 33
24 35
24 37
24 38
24 42
24 43
24 46
24 51
24 53
24 56
24 58
24 59
24 60
24 62
24 63
24 66
24 69
24 71
24 73
24 82
24 84
24 85
24 88
24 91
24 92
24 93
24 95
24 96
24 102
24 106
24 111
24 113
24 116
24 117
24 118
24 119
24 120
24 121
24 122
25 1
25 3
25 7
25 8
25 11
25 14
25 17
25 18
25 20
25 21
25 25
25 28
25 30
25 32
25 33
25 34
25 35
25 36
25 38
25 39
25 40
25 45
25 47
25 49
25 50
25 51
25 52
25 65
25 66
25 71
25 73
25 75
25 77
25 80
25 82
25 86
25 89
25 93
25 97
25 99
25 100
25 104
25 105
25 115
25 119
25 120
25 123
25 125
26 1
26 2
26 3
26 4
26 6
26 12
26 18
26 19
26 22
26 24
26 25
26 26
26 28
26 31
26 33
26 40
26 41
26 42
26 43
26 45
26 46
26 47
26 49
26 51
26 53
26 55
26 57
26 61
26 62
26 67
26 68
26 70
26 76
26 79
26 85
26 93
26 101
26 107
26 109
26 111
26 115
26 116
26 118
26 119
26 121
26 123
26 126
27 0
27 2
27 5
27 7
27 18
27 20
27 21
27 22
27 23
27 25
27 29
27 32
27 33
27 35
27 37
27 43
27 47
27 50
27 56
27 58
27 62
27 63
27 64
27 66
27 68
27 69
27 73
27 74
27 77
27 78
27 79
27 81
27 82
27 83
27 91
27 92
27 94
27 99
27 100
27 101
27 103
27 111
27 112
27 113
27 115
27 117
27 121
27 126
28 0
28 5
28 6
28 10
28 16
28 19
28 20
28 23
28 26
28 31
28 32
28 33
28 38
28 40
28 43
28 46
28 47
28 52
28 56
28 57
28 59
28 62
28 64
28 70
28 71
28 72
28 78
28 80
28 82
28 84
28 85
28 89
28 90
28 92
28 100
28 103
28 112
28 113
28 114
28 115
28 118
28 120
28 124
28 125
28 126
29 1
29 2
29 3
29 4
29 9
29 16
29 17
29 19
29 20
29 24
29 32
29 42
29 43
29 46
29 47
29 50
29 55
29 59
29 62
29 66
29 68
29 69
29 72
29 74
29 75
29 79
29 80
29 81
29 82
29 83
29 84
29 86
29 87
29 88
29 91
29 92
29 93
29 94
29 95
29 98
29 101
29 107
29 108
29 113
29 119
29 121
29 122
29 124
29 126
30 0
30 2
30 4
30 6
30 10
30 11
30 12
30 14
30 16
30 17
30 22
30 26
30 29
30 30
30 33
30 34
30 39
30 42
30 44
30 45
30 46
30 48
30 49
30 55
30 57
30 58
30 59
30 62
30 64
30 67
30 72
30 75
30 76
30 79
30 80
30 81
30 83
30 85
30 90
30 92
30 93
30 95
30 97
30 98
30 99
30 100
30 103
30 105
30 108
30 109
30 112
30 113
30 114
30 115
30 118
30 119
30 124
30 125
31 5
31 6
31 11
31 12
31 14
31 15
31 18
31 20
31 21
31 22
31 23
31 27
31 29
31 30
31 31
31 32
31 35
31 39
31 42
31 44
31 47
31 51
31 52
31 54
31 55
31 60
31 61
31 62
31 63
31 64
31 67
31 70
31 71
31 72
31 75
31 76
31 77
31 78
31 79
31 82
31 84
31 87
31 90
31 93
31 97
31 98
31 99
31 103
31 107
31 108
31 112
31 115
31 117
31 120
31 121
31 122
31 125
32 0
32 8
32 9
32 12
32 16
32 17
32 23
32 28
32 29
32 30
32 31
32 35
32 38
32 39
32 40
32 56
32 59
32 60
32 62
32 64
32 66
32 68
32 69
32 70
32 71
32 78
32 79
32 81
32 82
32 83
32 87
32 88
32 90
32 91
32 92
32 93
32 94
32 96
32 100
32 102
32 104
32 107
32 110
32 113
32 116
32 119
32 121
32 123
32 126
32 127
33 0
33 1
33 2
33 5
33 6
33 7
33 9
33 10
33 15
33 18
33 19
33 20
33 21
33 22
33 23
33 24
33 26
33 27
33 34
33 36
33 37
33 43
33 44
33 45
33 46
33 51
33 54
33 56
33 59
33 60
33 63
33 65
33 69
33 71
33 72
33 73
33 75
33 76
33 77
33 80
33 81
33 82
33 83
33 85
33 86
33 92
33 93
33 95
33 98
33 100
33 102
33 103
33 104
33 106
33 110
33 111
33 115
33 116
33 117
33 118
33 119
33 120
33 122
33 124
33 126
33 127
34 1
34 2
34 3
34 4
34 6
34 11
34 12
34 13
34 14
34 23
34 24
34 26
34 28
34 32
34 39
34 40
34 43
34 47
34 51
34 52
34 53
34 54
34 55
34 57
34 59
34 60
34 63
34 65
34 66
34 67
34 70
34 72
34 73
34 74
34 76
34 78
34 80
34 82
34 84
34 88
34 90
34 91
34 92
34 94
34 96
34 100
34 103
34 104
34 113
34 114
34 115
34 122
34 124
34 125
34 127
35 1
35 5
35 6
35 7
35 11
35 12
35 16
35 22
35 25
35 27
35 31
35 34
35 40
35 42
35 43
35 45
35 47
35 51
35 52
35 54
35 57
35 58
35 59
35 60
35 61
35 64
35 68
35 70
35 72
35 74
35 75
35 77
35 79
35 81
35 83
35 89
35 90
35 98
35 100
35 103
35 106
35 107
35 108
35 109
35 110
35 111
35 112
35 114
35 125
36 2
36 9
36 10
36 15
36 21
36 24
36 25
36 30
36 31
36 32
36 43
36 44
36 46
36 47
36 54
36 57
36 59
36 61
36 66
36 70
36 74
36 75
36 79
36 83
36 85
36 86
36 87
36 92
36 93
36 94
36 97
36 99
36 102
36 103
36 105
36 115
36 119
36 126
37 4
37 6
37 12
37 13
37 14
37 15
37 16
37 17
37 19
37 21
37 22
37 23
37 28
37 31
37 32
37 33
37 39
37 41
37 44
37 45
37 48
37 49
37 50
37 51
37 53
37 57
37 62
37 63
37 64
37 65
37 70
37 73
37 74
37 75
37 85
37 88
37 89
37 90
37 91
37 94
37 95
37 97
37 100
37 103
37 104
37 105
37 106
37 107
37 108
37 110
37 112
37 114
37 115
37 116
37 117
37 118
37 120
37 122
37 125
37 126
38 0
38 2
38 6
38 14
38 15
38 17
38 18
38 20
38 22
38 23
38 27
38 30
38 31
38 40
38 44
38 46
38 48
38 49
38 50
38 51
38 56
38 62
38 63
38 64
38 65
38 69
38 70
38 75
38 76
38 77
38 78
38 80
38 82
38 85
38 86
38 88
38 89
38 91
38 94
38 95
38 99
38 100
38 101
38 106
38 107
38 109
38 111
38 112
38 113
38 124
38 125
38 127
39 0
39 5
39 6
39 8
39 10
39 14
39 19
39 20
39 24
39 25
39 30
39 32
39 33
39 38
39 46
39 47
39 48
39 49
39 50
39 55
39 56
39 61
39 64
39 66
39 67
39 68
39 69
39 72
39 74
39 75
39 78
39 81
39 83
39 85
39 94
39 95
39 96
39 97
39 100
39 106
39 125
40 0
40 2
40 8
40 9
40 10
40 11
40 17
40 19
40 20
40 25
40 30
40 31
40 34
40 36
40 41
40 46
40 48
40 56
40 57
40 58
40 60
40 66
40 69
40 72
40 73
40 75
40 76
40 77
40 82
40 85
40 87
40 89
40 91
40 93
40 95
40 100
40 102
40 104
40 109
40 111
40 114
40 118
40 120
40 121
40 122
40 124
40 125
41 1
41 4
41 9
41 12
41 13
41 19
41 20
41 23
41 27
41 30
41 31
41 32
41 34
41 37
41 39
41 44
41 47
41 48
41 53
41 55
41 60
41 65
41 71
41 74
41 80
41 81
41 82
41 85
41 88
41 90
41 94
41 95
41 96
41 98
41 101
41 108
41 109
41 121
41 122
41 124
41 127
42 0
42 3
42 5
42 8
42 11
42 12
42 18
42 20
42 24
42 26
42 28
42 29
42 30
42 33
42 35
42 36
42 39
42 40
42 41
42 43
42 46
42 47
42 52
42 53
42 54
42 55
42 56
42 59
42 60
42 61
42 63
42 67
42 68
42 70
42 71
42 73
42 74
42 75
42 80
42 81
42 84
42 85
42 87
42 92
42 98
42 99
42 100
42 101
42 103
42 104
42 106
42 109
42 110
42 111
42 112
42 113
42 116
42 118
42 119
42 121
42 122
42 126
42 127
43 2
43 3
43 4
43 5
43 7
43 13
43 16
43 17
43 19
43 21
43 26
43 27
43 30
43 31
43 33
43 34
43 35
43 36
43 41
43 42
43 43
43 52
43 55
43 59
43 62
43 63
43 64
43 65
43 66
43 67
43 69
43 73
43 74
43 77
43 78
43 79
43 80
43 81
43 82
43 85
43 86
43 87
43 88
43 89
43 93
43 94
43 100
43 103
43 104
43 105
43 106
43 109
43 114
43 115
43 116
43 119
43 120
43 121
43 122
43 123
43 125
43 126
44 0
44 4
44 5
44 7
44 12
44 14
44 15
44 16
44 17
44 19
44 20
44 22
44 27
44 28
44 29
44 30
44 33
44 36
44 43
44 45
44 46
44 50
44 51
44 54
44 61
44 64
44 65
44 66
44 67
44 71
44 72
44 74
44 75
44 77
44 79
44 80
44 86
44 88
44 93
44 98
44 100
44 102
44 104
44 105
44 106
44 108
44 113
44 116
44 119
44 121
44 125
44 126
45 0
45 3
45 4
45 6
45 8
45 9
45 11
45 12
45 13
45 14
45 21
45 22
45 25
45 30
45 33
45 34
45 38
45 42
45 45
45 46
45 48
45 51
45 57
45 60
45 61
45 62
45 66
45 67
45 69
45 72
45 73
45 74
45 76
45 77
45 79
45 80
45 85
45 88
45 93
45 99
45 100
45 102
45 107
45 108
45 109
45 110
45 111
45 115
45 116
45 125
46 0
46 3
46 4
46 6
46 7
46 8
46 11
46 12
46 16
46 17
46 18
46 20
46 21
46 23
46 27
46 31
46 32
46 36
46 37
46 39
46 41
46 45
46 46
46 49
46 55
46 56
46 58
46 63
46 64
46 70
46 71
46 72
46 75
46 81
46 86
46 87
46 88
46 89
46 92
46 94
46 96
46 98
46 101
46 102
46 103
46 104
46 109
46 110
46 111
46 113
46 115
46 116
46 120
46 121
46 122
46 127
47 2
47 3
47 4
47 5
47 7
47 8
47 9
47 11
47 14
47 17
47 19
47 27
47 28
47 29
47 30
47 33
47 34
47 35
47 37
47 38
47 44
47 45
47 46
47 51
47 52
47 55
47 58
47 62
47 63
47 65
47 67
47 70
47 74
47 75
47 77
47 79
47 80
47 81
47 83
47 86
47 90
47 91
47 93
47 94
47 95
47 97
47 99
47 103
47 104
47 106
47 107
47 108
47 112
47 114
47 118
47 121
47 123
48 0
48 2
48 3
48 5
48 10
48 11
48 12
48 13
48 14
48 16
48 18
48 20
48 23
48 24
48 25
48 26
48 27
48 29
48 30
48 33
48 35
48 40
48 41
48 42
48 45
48 46
48 49
48 52
48 54
48 58
48 59
48 61
48 62
48 65
48 69
48 70
48 72
48 75
48 77
48 80
48 82
48 89
48 90
48 91
48 92
48 93
48 101
48 103
48 104
48 109
48 118
48 121
48 125
48 126
49 1
49 8
49 14
49 15
49 18
49 20
49 22
49 23
49 24
49 32
49 33
49 35
49 36
49 37
49 39
49 40
49 41
49 44
49 45
49 46
49 48
49 49
49 50
49 51
49 56
49 57
49 58
49 60
49 63
49 67
49 71
49 72
49 73
49 74
49 77
49 78
49 79
49 81
49 82
49 87
49 88
49 92
49 93
49 94
49 97
49 100
49 102
49 103
49 104
49 105
49 110
49 111
49 112
49 113
49 115
49 116
49 118
49 123
50 3
50 8
50 9
50 10
50 11
50 13
50 14
50 16
50 18
50 19
50 21
50 24
50 25
50 27
50 29
50 31
50 32
50 33
50 34
50 36
50 40
50 41
50 43
50 45
50 46
50 48
50 50
50 56
50 57
50 58
50 59
50 60
50 61
50 63
50 64
50 67
50 68
50 69
50 71
50 72
50 75
50 78
50 79
50 82
50 87
50 92
50 96
50 101
50 104
50 108
50 109
50 111
50 112
50 116
50 117
50 119
50 121
50 122
50 124
50 126
50 127
51 2
51 5
51 6
51 10
51 11
51 13
51 16
51 17
51 22
51 25
51 32
51 34
51 36
51 38
51 49
51 54
51 55
51 56
51 60
51 61
51 62
51 63
51 64
51 68
51 69
51 73
51 74
51 75
51 76
51 78
51 82
51 85
51 88
51 93
51 94
51 98
51 100
51 103
51 105
51 106
51 108
51 112
51 114
51 117
51 121
51 122
51 124
51 126
52 2
52 3
52 4
52 5
52 7
52 10
52 11
52 13
52 14
52 15
52 17
52 18
52 20
52 21
52 22
52 24
52 26
52 29
52 31
52 34
52 36
52 40
52 41
52 45
52 46
52 48
52 59
52 63
52 68
52 71
52 73
52 75
52 76
52 83
52 84
52 85
52 91
52 93
52 94
52 95
52 97
52 100
52 105
52 108
52 111
52 112
52 113
52 114
52 115
52 117
52 118
52 120
52 122
52 123
52 126
53 0
53 1
53 2
53 6
53 8
53 9
53 11
53 12
53 13
53 17
53 19
53 20
53 21
53 25
53 30
53 31
53 34
53 38
53 39
53 40
53 43
53 46
53 48
53 49
53 51
53 56
53 57
53 59
53 62
53 67
53 69
53 71
53 77
53 78
53 80
53 81
53 82
53 86
53 90
53 93
53 95
53 97
53 100
53 101
53 103
53 105
53 110
53 111
53 112
53 113
53 114
53 115
53 117
53 118
53 119
53 122
53 123
53 124
53 125
54 3
54 7
54 8
54 12
54 13
54 14
54 18
54 21
54 22
54 26
54 27
54 28
54 30
54 31
54 32
54 35
54 39
54 41
54 43
54 44
54 46
54 49
54 50
54 54
54 59
54 80
54 82
54 83
54 84
54 89
54 90
54 91
54 94
54 95
54 96
54 97
54 98
54 100
54 103
54 104
54 105
54 108
54 111
54 114
54 118
54 119
54 120
54 122
54 124
54 127
55 2
55 6
55 13
55 14
55 15
55 16
55 18
55 19
55 23
55 24
55 30
55 32
55 34
55 35
55 38
55 39
55 40
55 43
55 47
55 49
55 53
55 57
55 62
55 65
55 69
55 71
55 75
55 76
55 77
55 78
55 79
55 81
55 84
55 85
55 87
55 92
55 94
55 98
55 99
55 103
55 104
55 106
55 108
55 109
55 110
55 112
55 113
55 117
55 122
55 123
55 124
55 125
55 126
56 1
56 3
56 6
56 8
56 9
56 12
56 14
56 15
56 25
56 28
56 31
56 33
56 36
56 39
56 44
56 46
56 49
56 51
56 52
56 56
56 57
56 60
56 63
56 71
56 74
56 75
56 79
56 80
56 83
56 84
56 91
56 92
56 95
56 96
56 98
56 101
56 102
56 108
56 116
56 119
56 122
56 124
56 126
57 3
57 4
57 5
57 10
57 12
57 15
57 16
57 19
57 20
57 25
57 26
57 28
57 29
57 34
57 37
57 39
57 41
57 42
57 48
57 51
57 57
57 62
57 66
57 67
57 68
57 74
57 78
57 81
57 82
57 85
57 87
57 88
57 89
57 90
57 91
57 92
57 95
57 96
57 97
57 101
57 104
57 107
57 109
57 113
57 114
57 116
57 118
57 119
57 122
57 123
57 126
57 127
58 0
58 1
58 5
58 6
58 8
58 12
58 13
58 18
58 19
58 22
58 23
58 24
58 27
58 31
58 35
58 37
58 40
58 42
58 43
58 45
58 46
58 47
58 48
58 51
58 53
58 54
58 57
58 59
58 63
58 68
58 73
58 74
58 75
58 76
58 77
58 78
58 84
58 87
58 88
58 90
58 97
58 98
58 99
58 101
58 103
58 107
58 110
58 112
58 114
58 115
58 116
58 121
58 122
58 124
58 127
59 2
59 7
59 8
59 14
59 15
59 18
59 20
59 21
59 29
59 31
59 32
59 36
59 41
59 42
59 44
59 48
59 49
59 53
59 55
59 57
59 58
59 63
59 64
59 66
59 72
59 76
59 79
59 82
59 85
59 88
59 89
59 91
59 96
59 100
59 103
59 104
59 107
59 110
59 117
59 118
59 119
59 121
59 126
60 3
60 7
60 11
60 12
60 15
60 17
60 21
60 25
60 27
60 29
60 30
60 31
60 32
60 38
60 39
60 40
60 42
60 43
60 47
60 50
60 53
60 55
60 56
60 59
60 62
60 63
60 64
60 68
60 70
60 74
60 76
60 80
60 83
60 85
60 88
60 90
60 92
60 94
60 96
60 98
60 100
60 104
60 106
60 107
60 117
60 119
60 120
61 9
61 10
61 11
61 12
61 17
61 18
61 19
61 26
61 29
61 31
61 33
61 34
61 35
61 40
61 41
61 43
61 47
61 49
61 54
61 58
61 59
61 62
61 65
61 66
61 69
61 70
61 71
61 72
61 73
61 77
61 79
61 81
61 82
61 84
61 85
61 88
61 89
61 96
61 100
61 101
61 104
61 107
61 110
61 113
61 114
61 116
61 118
61 122
61 123
62 0
62 1
62 2
62 3
62 4
62 6
62 7
62 9
62 13
62 14
62 16
62 18
62 21
62 29
62 35
62 36
62 37
62 43
62 45
62 46
62 47
62 52
62 54
62 56
62 57
62 59
62 62
62 63
62 64
62 65
62 66
62 67
62 71
62 72
62 75
62 76
62 78
62 83
62 86
62 90
62 91
62 92
62 93
62 94
62 95
62 96
62 100
62 106
62 107
62 109
62 110
62 113
62 114
62 115
62 117
62 119
62 123
62 126
63 1
63 4
63 5
63 6
63 7
63 8
63 14
63 18
63 22
63 26
63 28
63 31
63 34
63 35
63 38
63 41
63 42
63 43
63 45
63 51
63 54
63 56
63 63
63 64
63 65
63 68
63 72
63 73
63 75
63 79
63 87
63 88
63 89
63 90
63 91
63 92
63 93
63 97
63 98
63 100
63 101
63 102
63 104
63 106
63 107
63 108
63 109
63 110
63 112
63 120
63 121
63 122
63 125
63 126
64 0
64 8
64 11
64 12
64 13
64 14
64 16
64 17
64 20
64 21
64 25
64 27
64 29
64 30
64 31
64 32
64 34
64 38
64 44
64 45
64 46
64 48
64 51
64 53
64 56
64 65
64 66
64 67
64 68
64 70
64 73
64 76
64 77
64 78
64 79
64 80
64 81
64 86
64 91
64 92
64 94
64 96
64 98
64 100
64 103
64 105
64 107
64 111
64 112
64 114
64 115
64 116
64 117
64 118
64 119
64 123
64 126
64 127
65 0
65 1
65 3
65 7
65 10
65 13
65 16
65 17
65 21
65 22
65 23
65 27
65 28
65 29
65 32
65 33
65 34
65 36
65 37
65 38
65 40
65 42
65 43
65 44
65 53
65 54
65 55
65 58
65 60
65 62
65 67
65 68
65 72
65 73
65 74
65 76
65 83
65 87
65 88
65 90
65 93
65 96
65 99
65 101
65 104
65 105
65 106
65 112
65 117
65 121
65 122
65 124
65 125
65 126
65 127
66 5
66 6
66 10
66 12
66 13
66 14
66 24
66 25
66 31
66 33
66 34
66 36
66 38
66 42
66 45
66 47
66 50
66 53
66 56
66 62
66 63
66 66
66 68
66 69
66 73
66 76
66 82
66 83
66 86
66 89
66 90
66 92
66 97
66 99
66 101
66 104
66 105
66 108
66 110
66 111
66 116
66 126
67 2
67 3
67 4
67 6
67 7
67 10
67 11
67 14
67 16
67 17
67 20
67 26
67 33
67 38
67 41
67 45
67 46
67 47
67 52
67 55
67 56
67 58
67 63
67 65
67 66
67 67
67 74
67 75
67 76
67 77
67 78
67 81
67 84
67 85
67 88
67 91
67 94
67 99
67 103
67 106
67 107
67 108
67 112
67 114
67 115
67 120
67 121
67 122
67 124
68 3
68 5
68 8
68 11
68 12
68 15
68 16
68 17
68 22
68 23
68 28
68 36
68 45
68 47
68 48
68 49
68 52
68 54
68 56
68 58
68 59
68 60
68 61
68 65
68 68
68 70
68 72
68 75
68 76
68 78
68 80
68 81
68 83
68 85
68 90
68 93
68 95
68 96
68 103
68 105
68 113
68 116
68 124
68 125
68 127
69 0
69 1
69 4
69 9
69 11
69 12
69 13
69 15
69 16
69 17
69 20
69 28
69 30
69 31
69 32
69 33
69 35
69 42
69 43
69 44
69 45
69 47
69 49
69 51
69 53
69 61
69 62
69 63
69 67
69 68
69 70
69 79
69 80
69 87
69 88
69 89
69 90
69 91
69 93
69 94
69 95
69 97
69 98
69 99
69 101
69 103
69 108
69 111
69 112
69 116
69 117
69 118
69 120
69 121
69 122
69 124
70 0
70 2
70 4
70 5
70 7
70 8
70 10
70 13
70 14
70 16
70 17
70 19
70 24
70 30
70 32
70 35
70 36
70 43
70 47
70 52
70 54
70 58
70 59
70 61
70 63
70 65
70 68
70 71
70 72
70 75
70 80
70 81
70 82
70 83
70 86
70 89
70 95
70 96
70 97
70 98
70 104
70 106
70 108
70 111
70 112
70 115
70 117
70 120
70 124
71 0
71 3
71 6
71 9
71 10
71 12
71 17
71 18
71 19
71 23
71 25
71 26
71 28
71 30
71 32
71 33
71 34
71 36
71 37
71 40
71 42
71 43
71 45
71 51
71 52
71 53
71 54
71 57
71 59
71 63
71 64
71 65
71 68
71 70
71 76
71 78
71 79
71 82
71 84
71 85
71 86
71 87
71 88
71 90
71 97
71 99
71 100
71 101
71 103
71 104
71 105
71 107
71 109
71 110
71 115
71 118
71 121
71 125
72 2
72 5
72 7
72 8
72 12
72 13
72 16
72 17
72 20
72 21
72 23
72 27
72 31
72 33
72 34
72 39
72 40
72 43
72 45
72 46
72 47
72 50
72 51
72 57
72 58
72 59
72 61
72 63
72 64
72 66
72 68
72 75
72 76
72 79
72 80
72 81
72 82
72 85
72 86
72 87
72 90
72 93
72 95
72 97
72 98
72 102
72 103
72 104
72 107
72 108
72 109
72 111
72 116
72 117
72 118
73 0
73 1
73 3
73 8
73 9
73 11
73 20
73 23
73 24
73 30
73 31
73 32
73 34
73 36
73 38
73 39
73 40
73 42
73 43
73 45
73 46
73 47
73 49
73 55
73 56
73 59
73 62
73 64
73 65
73 66
73 67
73 69
73 73
73 77
73 81
73 82
73 87
73 89
73 90
73 95
73 99
73 101
73 102
73 104
73 110
73 113
73 114
73 116
73 120
73 122
73 123
73 125
73 127
74 3
74 4
74 5
74 10
74 13
74 15
74 16
74 20
74 23
74 26
74 28
74 32
74 33
74 34
74 36
74 38
74 40
74 43
74 45
74 46
74 47
74 50
74 51
74 53
74 56
74 57
74 58
74 61
74 63
74 64
74 65
74 66
74 68
74 69
74 72
74 74
74 76
74 77
74 78
74 80
74 81
74 82
74 83
74 85
74 86
74 88
74 89
74 90
74 94
74 95
74 97
74 99
74 100
74 101
74 109
74 110
74 112
74 115
74 118
75 0
75 5
75 9
75 10
75 11
75 15
75 18
75 20
75 21
75 22
75 25
75 30
75 32
75 34
75 37
75 38
75 39
75 40
75 41
75 42
75 46
75 49
75 52
75 54
75 55
75 58
75 59
75 63
75 70
75 72
75 75
75 76
75 79
75 82
75 83
75 87
75 88
75 90
75 95
75 97
75 102
75 105
75 106
75 107
75 111
75 116
75 118
75 121
75 123
75 126
76 5
76 6
76 10
76 11
76 17
76 23
76 27
76 28
76 29
76 32
76 34
76 42
76 43
76 44
76 45
76 46
76 48
76 50
76 51
76 53
76 54
76 55
76 59
76 61
76 62
76 65
76 66
76 69
76 70
76 73
76 74
76 76
76 77
76 83
76 85
76 86
76 92
76 95
76 97
76 100
76 102
76 108
76 109
76 117
76 118
76 121
77 1
77 3
77 5
77 6
77 7
77 13
77 14
77 16
77 17
77 19
77 20
77 21
77 24
77 27
77 28
77 29
77 32
77 33
77 34
77 35
77 36
77 39
77 40
77 45
77 47
77 50
77 51
77 54
77 56
77 57
77 58
77 59
77 60
77 63
77 67
77 72
77 73
77 75
77 76
77 78
77 80
77 82
77 84
77 87
77 91
77 92
77 100
77 101
77 102
77 104
77 105
77 112
77 114
77 115
77 117
78 0
78 2
78 3
78 4
78 7
78 9
78 11
78 14
78 17
78 19
78 21
78 22
78 24
78 25
78 28
78 29
78 31
78 37
78 39
78 40
78 44
78 49
78 50
78 51
78 52
78 56
78 58
78 60
78 61
78 63
78 66
78 67
78 69
78 72
78 73
78 74
78 79
78 80
78 81
78 82
78 85
78 97
78 99
78 103
78 105
78 108
78 110
78 112
78 114
78 122
78 125
79 5
79 7
79 15
79 16
79 21
79 27
79 28
79 29
79 30
79 33
79 35
79 36
79 40
79 43
79 44
79 45
79 46
79 47
79 49
79 50
79 51
79 60
79 62
79 63
79 64
79 65
79 66
79 67
79 71
79 72
79 73
79 75
79 77
79 80
79 83
79 84
79 91
79 97
79 98
79 100
79 101
79 107
79 109
79 113
79 115
79 118
79 119
79 120
79 121
79 124
79 127
80 4
80 7
80 8
80 9
80 10
80 14
80 21
80 22
80 24
80 25
80 26
80 28
80 30
80 31
80 39
80 41
80 42
80 43
80 44
80 49
80 51
80 52
80 54
80 56
80 58
80 59
80 60
80 61
80 63
80 67
80 68
80 74
80 79
80 80
80 81
80 83
80 87
80 89
80 92
80 93
80 94
80 95
80 96
80 99
80 101
80 103
80 105
80 107
80 113
80 119
80 122
80 126
81 0
81 1
81 4
81 5
81 6
81 7
81 8
81 9
81 13
81 14
81 15
81 17
81 20
81 22
81 24
81 25
81 29
81 31
81 33
81 37
81 40
81 46
81 48
81 49
81 50
81 52
81 53
81 58
81 60
81 61
81 62
81 68
81 72
81 74
81 75
81 76
81 78
81 80
81 82
81 84
81 86
81 90
81 93
81 96
81 98
81 99
81 104
81 107
81 108
81 109
81 111
81 112
81 114
81 118
81 119
81 121
81 123
81 125
81 126
82 1
82 2
82 7
82 8
82 10
82 11
82 15
82 27
82 30
82 33
82 36
82 39
82 40
82 51
82 54
82 55
82 56
82 57
82 62
82 66
82 67
82 71
82 73
82 74
82 75
82 80
82 82
82 85
82 92
82 94
82 95
82 99
82 106
82 107
82 110
82 112
82 114
82 116
82 121
82 122
82 124
82 125
83 0
83 2
83 3
83 6
83 9
83 12
83 19
83 29
83 32
83 33
83 36
83 38
83 43
83 49
83 51
83 53
83 54
83 56
83 62
83 66
83 67
83 71
83 72
83 74
83 76
83 77
83 79
83 80
83 82
83 86
83 87
83 91
83 93
83 94
83 96
83 102
83 103
83 104
83 106
83 110
83 111
83 114
83 115
83 117
83 121
83 123
83 124
83 125
83 126
84 2
84 5
84 7
84 8
84 9
84 13
84 14
84 16
84 17
84 19
84 21
84 22
84 25
84 26
84 27
84 32
84 34
84 35
84 40
84 43
84 44
84 46
84 47
84 55
84 59
84 60
84 62
84 67
84 73
84 76
84 77
84 79
84 84
84 92
84 93
84 96
84 97
84 98
84 104
84 105
84 108
84 109
84 111
84 112
84 117
84 121
84 122
84 123
84 125
84 126
85 1
85 2
85 5
85 6
85 9
85 10
85 11
85 14
85 17
85 24
85 28
85 31
85 38
85 39
85 40
85 41
85 43
85 48
85 52
85 59
85 63
85 69
85 71
85 72
85 74
85 75
85 76
85 78
85 80
85 82
85 83
85 86
85 90
85 94
85 99
85 100
85 101
85 109
85 113
85 114
85 115
85 120
85 125
86 1
86 2
86 5
86 8
86 9
86 10
86 11
86 12
86 13
86 22
86 23
86 25
86 28
86 30
86 31
86 33
86 34
86 38
86 43
86 45
86 50
86 57
86 60
86 62
86 63
86 65
86 67
86 68
86 70
86 72
86 73
86 78
86 79
86 80
86 82
86 83
86 88
86 89
86 93
86 99
86 100
86 103
86 105
86 117
86 118
86 121
86 124
86 126
87 4
87 6
87 8
87 13
87 14
87 17
87 18
87 26
87 27
87 34
87 37
87 40
87 41
87 45
87 48
87 49
87 50
87 57
87 61
87 64
87 66
87 67
87 68
87 75
87 76
87 80
87 83
87 84
87 85
87 86
87 87
87 91
87 93
87 94
87 96
87 97
87 102
87 103
87 104
87 105
87 107
87 112
87 115
87 118
87 119
87 120
87 122
87 124
87 126
88 1
88 7
88 8
88 15
88 16
88 20
88 21
88 25
88 26
88 29
88 31
88 34
88 37
88 38
88 41
88 46
88 50
88 53
88 54
88 56
88 59
88 62
88 64
88 66
88 70
88 71
88 73
88 74
88 75
88 77
88 78
88 79
88 81
88 82
88 85
88 87
88 94
88 95
88 96
88 100
88 103
88 107
88 109
88 112
88 121
88 126
89 0
89 3
89 6
89 7
89 9
89 11
89 14
89 18
89 19
89 20
89 21
89 22
89 26
89 27
89 29
89 34
89 35
89 38
89 39
89 40
89 41
89 43
89 45
89 46
89 48
89 50
89 51
89 54
89 56
89 61
89 63
89 64
89 65
89 71
89 76
89 77
89 78
89 81
89 82
89 83
89 85
89 87
89 89
89 91
89 93
89 95
89 98
89 99
89 100
89 103
89 104
89 106
89 110
89 114
89 117
89 120
89 122
89 123
89 124
89 125
90 0
90 2
90 4
90 7
90 12
90 15
90 17
90 18
90 19
90 20
90 24
90 25
90 28
90 33
90 34
90 36
90 37
90 38
90 42
90 45
90 49
90 54
90 55
90 56
90 59
90 60
90 61
90 64
90 66
90 68
90 69
90 70
90 72
90 73
90 77
90 78
90 81
90 84
90 85
90 86
90 89
90 92
90 96
90 99
90 102
90 109
90 113
90 115
90 122
90 123
90 124
91 0
91 1
91 4
91 6
91 9
91 11
91 12
91 13
91 19
91 21
91 23
91 24
91 25
91 29
91 31
91 34
91 36
91 39
91 40
91 41
91 46
91 52
91 55
91 59
91 63
91 68
91 69
91 70
91 78
91 83
91 84
91 85
91 87
91 90
91 95
91 96
91 97
91 98
91 100
91 103
91 104
91 105
91 108
91 109
91 110
91 111
91 113
91 117
91 121
91 122
91 124
92 0
92 2
92 7
92 8
92 14
92 16
92 21
92 22
92 23
92 24
92 25
92 26
92 32
92 34
92 35
92 36
92 37
92 42
92 45
92 48
92 49
92 50
92 51
92 52
92 56
92 57
92 58
92 59
92 67
92 69
92 70
92 71
92 72
92 74
92 78
92 79
92 81
92 82
92 84
92 85
92 95
92 96
92 98
92 99
92 100
92 103
92 104
92 105
92 111
92 112
92 115
92 116
92 119
92 125
92 127
93 1
93 2
93 8
93 9
93 10
93 15
93 18
93 20
93 22
93 23
93 25
93 27
93 29
93 37
93 39
93 42
93 43
93 44
93 45
93 47
93 48
93 49
93 59
93 64
93 67
93 70
93 73
93 75
93 76
93 80
93 83
93 88
93 89
93 90
93 92
93 93
93 94
93 95
93 96
93 99
93 106
93 109
93 113
93 115
93 119
93 120
93 121
93 124
93 125
93 126
94 0
94 1
94 2
94 3
94 6
94 7
94 9
94 10
94 15
94 17
94 19
94 22
94 24
94 26
94 28
94 30
94 32
94 34
94 37
94 39
94 41
94 43
94 48
94 50
94 54
94 56
94 59
94 62
94 64
94 65
94 67
94 72
94 74
94 78
94 79
94 80
94 84
94 87
94 88
94 91
94 92
94 95
94 104
94 105
94 106
94 107
94 115
94 118
94 119
94 120
94 121
94 124
94 125
94 126
94 127
95 7
95 12
95 15
95 16
95 21
95 23
95 24
95 27
95 28
95 30
95 31
95 33
95 39
95 45
95 46
95 47
95 48
95 50
95 51
95 53
95 56
95 58
95 60
95 65
95 69
95 70
95 72
95 74
95 79
95 81
95 83
95 90
95 91
95 94
95 98
95 99
95 101
95 103
95 104
95 107
95 108
95 109
95 110
95 112
95 113
95 118
95 121
95 125
96 2
96 3
96 4
96 11
96 12
96 13
96 14
96 17
96 19
96 21
96 22
96 23
96 24
96 28
96 33
96 34
96 35
96 40
96 42
96 43
96 47
96 49
96 50
96 56
96 58
96 59
96 60
96 62
96 63
96 64
96 71
96 72
96 74
96 75
96 80
96 85
96 87
96 90
96 92
96 95
96 97
96 100
96 103
96 104
96 108
96 109
96 116
96 117
96 124
96 125
96 127
97 1
97 2
97 6
97 14
97 16
97 17
97 19
97 21
97 22
97 37
97 38
97 40
97 41
97 42
97 46
97 49
97 50
97 51
97 53
97 54
97 55
97 58
97 59
97 62
97 63
97 64
97 65
97 66
97 73
97 76
97 80
97 81
97 82
97 85
97 87
97 88
97 92
97 96
97 102
97 103
97 105
97 108
97 109
97 110
97 112
97 119
97 125
97 127
98 4
98 12
98 14
98 17
98 19
98 20
98 24
98 25
98 26
98 28
98 29
98 32
98 36
98 37
98 38
98 39
98 40
98 43
98 45
98 47
98 48
98 53
98 56
98 64
98 65
98 67
98 70
98 71
98 72
98 76
98 77
98 79
98 86
98 88
98 89
98 94
98 96
98 98
98 107
98 113
98 115
98 118
98 122
98 125
98 126
98 127
99 2
99 3
99 5
99 6
99 12
99 19
99 21
99 23
99 26
99 32
99 37
99 40
99 41
99 42
99 44
99 46
99 56
99 59
99 60
99 62
99 63
99 73
99 74
99 77
99 78
99 79
99 84
99 98
99 100
99 104
99 105
99 106
99 108
99 110
99 121
99 123
99 124
99 127
100 0
100 1
100 4
100 6
100 11
100 12
100 18
100 19
100 20
100 21
100 22
100 25
100 26
100 29
100 34
100 41
100 42
100 44
100 46
100 49
100 52
100 53
100 56
100 61
100 62
100 63
100 64
100 69
100 71
100 73
100 74
100 76
100 77
100 79
100 80
100 81
100 84
100 86
100 88
100 90
100 92
100 93
100 97
100 98
100 103
100 106
100 107
100 108
100 110
100 111
100 114
100 118
100 119
100 122
101 0
101 1
101 2
101 5
101 10
101 11
101 14
101 18
101 20
101 21
101 23
101 25
101 28
101 30
101 31
101 32
101 34
101 35
101 36
101 38
101 39
101 42
101 43
101 46
101 47
101 49
101 50
101 53
101 56
101 60
101 61
101 65
101 67
101 68
101 69
101 71
101 72
101 73
101 75
101 78
101 82
101 83
101 87
101 98
101 100
101 104
101 108
101 109
101 111
101 114
101 115
101 120
101 121
101 122
101 126
102 0
102 2
102 4
102 5
102 10
102 11
102 12
102 15
102 18
102 24
102 25
102 30
102 33
102 36
102 42
102 44
102 46
102 47
102 48
102 50
102 51
102 54
102 59
102 61
102 64
102 65
102 66
102 69
102 70
102 71
102 74
102 75
102 79
102 82
102 83
102 85
102 86
102 91
102 93
102 96
102 97
102 99
102 100
102 101
102 102
102 107
102 110
102 111
102 118
102 119
103 3
103 7
103 11
103 13
103 14
103 17
103 23
103 25
103 26
103 28
103 31
103 33
103 34
103 35
103 36
103 43
103 46
103 50
103 52
103 55
103 56
103 60
103 62
103 63
103 65
103 66
103 70
103 72
103 73
103 81
103 84
103 88
103 89
103 91
103 95
103 97
103 99
103 102
103 106
103 107
103 111
103 113
103 116
103 120
103 125
103 126
104 1
104 5
104 9
104 10
104 15
104 20
104 22
104 28
104 29
104 32
104 34
104 40
104 42
104 43
104 44
104 45
104 46
104 52
104 54
104 55
104 60
104 62
104 65
104 66
104 67
104 72
104 74
104 75
104 76
104 78
104 83
104 85
104 87
104 89
104 90
104 91
104 94
104 96
104 97
104 98
104 102
104 104
104 105
104 107
104 109
104 113
104 115
104 122
104 123
104 124
104 126
104 127
105 2
105 3
105 4
105 5
105 9
105 11
105 12
105 16
105 17
105 19
105 21
105 25
105 26
105 32
105 38
105 39
105 42
105 44
105 47
105 49
105 54
105 58
105 63
105 64
105 68
105 72
105 73
105 77
105 79
105 81
105 83
105 88
105 91
105 95
105 99
105 102
105 103
105 106
105 108
105 110
105 113
105 114
105 115
105 117
105 120
106 0
106 6
106 7
106 8
106 12
106 14
106 19
106 20
106 21
106 36
106 37
106 38
106 42
106 43
106 44
106 46
106 48
106 52
106 53
106 55
106 56
106 57
106 58
106 59
106 63
106 65
106 68
106 71
106 72
106 73
106 75
106 78
106 79
106 81
106 84
106 86
106 87
106 89
106 90
106 91
106 93
106 94
106 100
106 101
106 103
106 106
106 109
106 110
106 117
106 120
106 122
106 126
107 2
107 4
107 7
107 10
107 11
107 12
107 13
107 14
107 15
107 17
107 18
107 20
107 21
107 22
107 24
107 28
107 29
107 31
107 32
107 34
107 39
107 41
107 42
107 46
107 47
107 48
107 53
107 54
107 55
107 57
107 59
107 60
107 62
107 63
107 65
107 68
107 70
107 72
107 77
107 78
107 80
107 81
107 83
107 84
107 86
107 93
107 95
107 100
107 105
107 106
107 107
107 109
107 110
107 112
107 116
107 118
107 119
107 124
107 125
107 127
108 0
108 1
108 3
108 20
108 21
108 25
108 26
108 27
108 29
108 33
108 40
108 41
108 43
108 47
108 50
108 53
108 55
108 57
108 58
108 59
108 60
108 64
108 65
108 66
108 67
108 68
108 74
108 75
108 79
108 80
108 82
108 83
108 84
108 85
108 87
108 89
108 90
108 91
108 95
108 100
108 102
108 107
108 110
108 111
108 112
108 113
108 115
108 116
108 119
108 124
109 0
109 1
109 2
109 4
109 6
109 8
109 10
109 11
109 15
109 16
109 21
109 23
109 24
109 30
109 31
109 33
109 34
109 36
109 50
109 55
109 56
109 59
109 63
109 65
109 66
109 67
109 69
109 73
109 75
109 76
109 77
109 79
109 85
109 89
109 92
109 94
109 98
109 101
109 104
109 105
109 108
109 111
109 112
109 113
109 118
109 121
109 122
109 127
110 0
110 4
110 6
110 7
110 13
110 14
110 17
110 20
110 22
110 30
110 33
110 34
110 39
110 40
110 42
110 43
110 52
110 65
110 66
110 71
110 73
110 74
110 84
110 85
110 86
110 93
110 94
110 96
110 97
110 101
110 103
110 104
110 105
110 107
110 108
110 109
110 110
110 111
110 112
110 113
110 118
110 120
110 125
111 0
111 6
111 9
111 10
111 12
111 15
111 17
111 19
111 21
111 24
111 26
111 27
111 30
111 31
111 32
111 36
111 40
111 44
111 45
111 46
111 48
111 50
111 52
111 54
111 56
111 58
111 61
111 62
111 70
111 71
111 75
111 76
111 77
111 81
111 82
111 86
111 88
111 90
111 91
111 92
111 94
111 100
111 102
111 103
111 104
111 108
111 109
111 110
111 111
111 112
111 116
111 117
111 120
111 125
111 126
112 3
112 4
112 6
112 9
112 11
112 14
112 16
112 17
112 22
112 26
112 36
112 39
112 42
112 47
112 50
112 51
112 52
112 54
112 55
112 58
112 60
112 64
112 67
112 69
112 70
112 73
112 76
112 78
112 79
112 91
112 92
112 94
112 98
112 99
112 100
112 102
112 108
112 114
112 118
112 126
113 3
113 4
113 8
113 11
113 13
113 15
113 16
113 17
113 18
113 22
113 25
113 27
113 29
113 31
113 36
113 38
113 42
113 44
113 45
113 46
113 47
113 49
113 50
113 52
113 54
113 55
113 56
113 57
113 59
113 60
113 61
113 63
113 66
113 67
113 68
113 73
113 76
113 77
113 80
113 81
113 86
113 91
113 93
113 97
113 98
113 106
113 117
113 119
113 121
113 123
113 126
114 1
114 3
114 4
114 5
114 6
114 8
114 10
114 14
114 16
114 18
114 19
114 20
114 22
114 23
114 24
114 29
114 31
114 33
114 38
114 45
114 49
114 54
114 55
114 56
114 57
114 58
114 59
114 60
114 61
114 62
114 67
114 70
114 72
114 73
114 81
114 86
114 87
114 88
114 95
114 99
114 100
114 101
114 105
114 108
114 110
114 111
114 112
114 113
114 115
114 116
114 121
114 123
114 124
114 126
115 1
115 2
115 4
115 6
115 7
115 11
115 12
115 13
115 14
115 15
115 16
115 17
115 21
115 23
115 24
115 25
115 28
115 29
115 30
115 31
115 32
115 36
115 37
115 39
115 41
115 44
115 51
115 52
115 54
115 56
115 58
115 59
115 60
115 61
115 66
115 67
115 69
115 71
115 73
115 81
115 88
115 89
115 94
115 99
115 102
115 103
115 105
115 107
115 110
115 112
115 115
115 116
115 119
115 123
115 126
116 0
116 1
116 2
116 4
116 6
116 7
116 10
116 12
116 13
116 15
116 16
116 19
116 22
116 24
116 26
116 27
116 28
116 29
116 31
116 34
116 37
116 40
116 41
116 47
116 52
116 53
116 56
116 60
116 61
116 64
116 67
116 68
116 70
116 71
116 74
116 76
116 79
116 87
116 92
116 93
116 97
116 99
116 106
116 108
116 110
116 113
116 114
116 116
116 127
117 0
117 5
117 9
117 11
117 12
117 14
117 15
117 16
117 18
117 20
117 25
117 26
117 27
117 32
117 37
117 42
117 44
117 48
117 51
117 53
117 54
117 57
117 58
117 60
117 64
117 66
117 70
117 74
117 76
117 78
117 79
117 80
117 81
117 83
117 88
117 90
117 97
117 99
117 101
117 102
117 106
117 120
117 122
117 124
117 127
118 1
118 4
118 5
118 6
118 14
118 16
118 17
118 18
118 21
118 22
118 28
118 29
118 33
118 34
118 36
118 37
118 39
118 42
118 46
118 48
118 53
118 56
118 59
118 63
118 67
118 68
118 69
118 70
118 72
118 75
118 76
118 78
118 82
118 85
118 86
118 88
118 94
118 96
118 103
118 105
118 106
118 107
118 108
118 109
118 124
118 126
118 127
119 0
119 2
119 4
119 5
119 8
119 9
119 10
119 17
119 20
119 25
119 27
119 28
119 31
119 32
119 41
119 44
119 53
119 54
119 55
119 59
119 62
119 63
119 65
119 68
119 71
119 74
119 77
119 78
119 84
119 91
119 92
119 93
119 95
119 99
119 100
119 102
119 104
119 107
119 108
119 110
119 112
119 113
119 114
119 117
119 122
119 125
119 126
120 1
120 4
120 6
120 7
120 10
120 11
120 12
120 13
120 15
120 19
120 29
120 30
120 31
120 38
120 41
120 42
120 46
120 48
120 49
120 53
120 56
120 58
120 61
120 63
120 67
120 68
120 69
120 70
120 77
120 82
120 84
120 87
120 88
120 94
120 99
120 100
120 101
120 103
120 106
120 107
120 109
120 113
120 117
120 118
120 119
120 123
120 127
121 0
121 4
121 8
121 9
121 15
121 16
121 17
121 18
121 22
121 23
121 33
121 34
121 36
121 39
121 42
121 43
121 46
121 48
121 49
121 50
121 51
121 52
121 57
121 62
121 63
121 66
121 70
121 75
121 79
121 81
121 84
121 85
121 88
121 90
121 91
121 92
121 96
121 100
121 101
121 102
121 103
121 104
121 106
121 107
121 108
121 114
121 116
121 120
121 121
121 123
121 124
121 127
122 1
122 2
122 3
122 4
122 5
122 9
122 17
122 19
122 21
122 22
122 23
122 24
122 27
122 30
122 31
122 34
122 35
122 36
122 38
122 40
122 47
122 49
122 50
122 51
122 52
122 55
122 56
122 57
122 61
122 62
122 64
122 66
122 68
122 71
122 72
122 73
122 75
122 76
122 80
122 81
122 83
122 84
122 89
122 93
122 97
122 99
122 101
122 102
122 103
122 104
122 108
122 109
122 110
122 115
122 117
122 120
122 122
122 126
122 127
123 5
123 9
123 10
123 11
123 12
123 14
123 15
123 17
123 19
123 21
123 22
123 23
123 24
123 25
123 26
123 27
123 28
123 31
123 33
123 36
123 38
123 42
123 43
123 44
123 46
123 47
123 50
123 51
123 55
123 57
123 61
123 62
123 64
123 65
123 69
123 72
123 78
123 79
123 84
123 85
123 87
123 93
123 100
123 103
123 107
123 114
123 117
123 119
123 121
123 124
123 125
123 126
124 3
124 8
124 14
124 16
124 17
124 18
124 21
124 22
124 29
124 31
124 33
124 34
124 35
124 38
124 40
124 45
124 47
124 49
124 52
124 58
124 59
124 60
124 66
124 67
124 70
124 71
124 73
124 76
124 79
124 81
124 82
124 87
124 96
124 97
124 105
124 106
124 107
124 108
124 112
124 118
124 125
124 126
125 4
125 7
125 13
125 16
125 17
125 19
125 20
125 21
125 22
125 23
125 26
125 27
125 29
125 30
125 31
125 32
125 35
125 41
125 42
125 43
125 45
125 49
125 50
125 52
125 56
125 57
125 59
125 61
125 65
125 68
125 72
125 75
125 76
125 77
125 78
125 82
125 83
125 87
125 88
125 89
125 90
125 91
125 93
125 98
125 100
125 103
125 108
125 120
125 122
125 123
125 124
125 125
125 126
125 127
126 0
126 1
126 5
126 12
126 14
126 15
126 16
126 18
126 19
126 20
126 21
126 26
126 27
126 29
126 30
126 34
126 35
126 36
126 37
126 38
126 39
126 43
126 44
126 45
126 46
126 48
126 49
126 51
126 53
126 55
126 59
126 61
126 62
126 65
126 69
126 72
126 77
126 79
126 80
126 84
126 85
126 90
126 92
126 93
126 94
126 95
126 100
126 101
126 104
126 105
126 107
126 114
126 115
126 120
126 122
126 124
126 126
126 127
127 1
127 3
127 6
127 7
127 8
127 9
127 11
127 13
127 14
127 17
127 18
127 19
127 21
127 22
127 30
127 31
127 32
127 33
127 41
127 42
127 45
127 46
127 47
127 50
127 54
127 55
127 58
127 60
127 63
127 66
127 68
127 69
127 73
127 74
127 76
127 81
127 83
127 85
127 87
127 88
127 92
127 94
127 96
127 104
127 108
127 115
127 116
127 119
127 123
127 124
127 125
127 127
