0 0
0 2
0 3
0 4
0 5
0 6
0 7
0 13
0 14
0 17
0 18
0 19
0 20
0 21
0 22
0 24
0 26
0 27
0 31
0 33
0 35
0 37
0 40
0 45
0 46
0 52
0 53
0 55
0 60
0 61
0 62
0 63
0 66
0 67
0 69
0 70
0 72
0 73
0 74
0 78
0 85
0 88
0 89
0 92
0 93
0 98
0 100
0 102
0 103
0 106
0 108
0 112
0 113
0 119
0 121
0 122
0 124
0 125
0 127
1 1
1 2
1 9
1 10
1 13
1 14
1 15
1 21
1 23
1 28
1 29
1 31
1 33
1 37
1 39
1 41
1 42
1 43
1 45
1 47
1 48
1 51
1 52
1 53
1 55
1 56
1 63
1 64
1 67
1 68
1 72
1 78
1 81
1 82
1 83
1 84
1 85
1 86
1 87
1 88
1 90
1 91
1 97
1 98
1 104
1 107
1 111
1 114
1 116
1 118
1 119
1 120
2 5
2 9
2 10
2 13
2 20
2 22
2 23
2 25
2 26
2 31
2 32
2 35
2 38
2 39
2 42
2 44
2 53
2 54
2 57
2 62
2 64
2 67
2 69
2 70
2 71
2 72
2 75
2 79
2 84
2 85
2 90
2 98
2 99
2 104
2 105
2 106
2 108
2 110
2 113
2 116
2 118
2 120
2 124
2 125
3 1
3 4
3 5
3 9
3 14
3 17
3 18
3 21
3 24
3 29
3 35
3 38
3 41
3 42
3 50
3 52
3 53
3 54
3 56
3 57
3 58
3 59
3 64
3 65
3 66
3 68
3 71
3 72
3 73
3 75
3 79
3 83
3 84
3 85
3 89
3 90
3 93
3 94
3 95
3 98
3 101
3 103
3 104
3 108
3 110
3 112
3 114
3 122
4 0
4 1
4 4
4 5
4 6
4 8
4 10
4 12
4 16
4 24
4 25
4 27
4 29
4 30
4 33
4 38
4 41
4 44
4 50
4 52
4 53
4 60
4 62
4 63
4 64
4 67
4 69
4 72
4 75
4 78
4 80
4 81
4 84
4 87
4 92
4 94
4 95
4 103
4 105
4 110
4 112
4 116
4 118
4 121
4 123
4 126
4 127
5 2
5 4
5 5
5 7
5 16
5 18
5 20
5 21
5 23
5 26
5 39
5 42
5 45
5 46
5 48
5 51
5 52
5 57
5 58
5 61
5 63
5 65
5 67
5 70
5 71
5 74
5 76
5 79
5 80
5 81
5 82
5 85
5 88
5 92
5 94
5 95
5 102
5 107
5 110
5 111
5 112
5 117
5 120
5 122
5 123
5 126
6 4
6 5
6 7
6 9
6 10
6 14
6 17
6 18
6 19
6 21
6 22
6 25
6 34
6 35
6 38
6 39
6 40
6 42
6 43
6 46
6 47
6 50
6 54
6 58
6 59
6 61
6 63
6 64
6 78
6 79
6 83
6 89
6 94
6 95
6 97
6 98
6 100
6 101
6 107
6 112
6 115
6 117
6 118
6 119
6 120
6 123
6 124
7 5
7 7
7 10
7 14
7 15
7 16
7 17
7 20
7 21
7 22
7 23
7 25
7 26
7 28
7 29
7 30
7 32
7 33
7 36
7 37
7 38
7 39
7 47
7 48
7 49
7 54
7 55
7 56
7 58
7 59
7 60
7 63
7 67
7 75
7 78
7 79
7 87
7 88
7 89
7 90
7 92
7 93
7 95
7 99
7 102
7 103
7 104
7 105
7 106
7 109
7 110
7 121
7 125
8 1
8 3
8 12
8 13
8 15
8 20
8 22
8 28
8 30
8 31
8 34
8 37
8 42
8 43
8 44
8 45
8 46
8 47
8 51
8 52
8 53
8 55
8 59
8 60
8 66
8 67
8 69
8 70
8 71
8 74
8 75
8 77
8 80
8 82
8 84
8 86
8 88
8 90
8 92
8 93
8 94
8 95
8 96
8 104
8 105
8 106
8 107
8 108
8 115
8 116
8 124
8 127
9 3
9 7
9 8
9 13
9 14
9 23
9 24
9 25
9 27
9 28
9 30
9 33
9 34
9 35
9 36
9 37
9 40
9 44
9 52
9 53
9 59
9 62
9 66
9 68
9 73
9 74
9 75
9 76
9 79
9 83
9 91
9 92
9 94
9 95
9 99
9 103
9 107
9 109
9 111
9 115
9 117
9 120
9 122
9 123
9 126
10 12
10 13
10 16
10 18
10 21
10 25
10 33
10 34
10 35
10 38
10 40
10 43
10 46
10 47
10 48
10 51
10 53
10 54
10 59
10 63
10 64
10 65
10 66
10 67
10 71
10 73
10 74
10 76
10 80
10 83
10 85
10 93
10 97
10 101
10 104
10 107
10 108
10 115
10 116
10 120
10 121
10 122
10 124
10 126
11 3
11 4
11 5
11 6
11 7
11 8
11 9
11 11
11 12
11 13
11 14
11 17
11 19
11 24
11 30
11 32
11 33
11 36
11 39
11 42
11 43
11 44
11 49
11 50
11 51
11 53
11 54
11 57
11 59
11 61
11 65
11 66
11 67
11 68
11 71
11 72
11 75
11 76
11 78
11 84
11 85
11 88
11 90
11 91
11 95
11 96
11 100
11 102
11 104
11 106
11 107
11 108
11 111
11 112
11 115
11 121
11 124
11 127
12 5
12 9
12 11
12 12
12 13
12 14
12 17
12 21
12 28
12 34
12 35
12 36
12 38
12 39
12 41
12 44
12 51
12 52
12 53
12 54
12 56
12 59
12 60
12 64
12 65
12 68
12 70
12 73
12 74
12 78
12 79
12 81
12 82
12 86
12 88
12 90
12 91
12 93
12 97
12 98
12 99
12 101
12 102
12 105
12 106
12 109
12 111
12 113
12 121
12 123
12 124
12 126
12 127
13 4
13 5
13 7
13 8
13 9
13 13
13 16
13 18
13 20
13 21
13 24
13 25
13 26
13 30
13 31
13 33
13 36
13 37
13 38
13 41
13 43
13 44
13 48
13 53
13 57
13 60
13 63
13 64
13 70
13 72
13 73
13 74
13 75
13 77
13 79
13 83
13 85
13 87
13 88
13 91
13 92
13 97
13 98
13 99
13 102
13 103
13 104
13 106
13 110
13 111
13 112
13 114
13 115
13 116
13 118
13 122
13 124
14 2
14 3
14 11
14 13
14 14
14 15
14 17
14 20
14 21
14 23
14 25
14 27
14 30
14 37
14 40
14 46
14 47
14 49
14 52
14 53
14 58
14 59
14 60
14 62
14 64
14 66
14 67
14 71
14 72
14 73
14 74
14 75
14 77
14 79
14 81
14 89
14 90
14 98
14 99
14 104
14 106
14 110
14 111
14 113
14 117
14 118
14 119
14 122
14 126
15 2
15 3
15 6
15 9
15 10
15 14
15 19
15 20
15 21
15 24
15 33
15 34
15 37
15 44
15 47
15 48
15 49
15 51
15 52
15 53
15 55
15 56
15 59
15 62
15 66
15 68
15 69
15 70
15 71
15 72
15 74
15 75
15 78
15 79
15 80
15 81
15 86
15 91
15 92
15 94
15 97
15 98
15 102
15 110
15 112
15 116
15 117
15 120
15 124
15 125
15 126
15 127
16 0
16 2
16 3
16 4
16 5
16 8
16 10
16 13
16 19
16 21
16 24
16 28
16 29
16 33
16 34
16 37
16 39
16 41
16 42
16 47
16 48
16 50
16 52
16 55
16 57
16 58
16 60
16 61
16 63
16 65
16 67
16 68
16 69
16 74
16 76
16 77
16 78
16 81
16 87
16 88
16 89
16 91
16 93
16 95
16 103
16 104
16 106
16 107
16 114
16 116
16 117
16 124
16 127
17 2
17 9
17 12
17 15
17 16
17 17
17 19
17 23
17 24
17 25
17 33
17 38
17 40
17 43
17 45
17 47
17 48
17 51
17 52
17 53
17 54
17 58
17 60
17 69
17 72
17 74
17 75
17 76
17 78
17 80
17 84
17 85
17 87
17 88
17 89
17 91
17 100
17 105
17 109
17 110
17 111
17 112
17 116
17 121
17 122
17 124
17 127
18 0
18 3
18 5
18 6
18 8
18 9
18 10
18 13
18 16
18 18
18 20
18 21
18 25
18 29
18 31
18 32
18 34
18 36
18 40
18 41
18 42
18 44
18 46
18 48
18 53
18 58
18 60
18 61
18 62
18 66
18 74
18 77
18 81
18 88
18 91
18 93
18 95
18 98
18 99
18 101
18 102
18 103
18 104
18 110
18 112
18 113
18 114
18 118
18 119
18 122
18 123
18 124
18 125
18 127
19 4
19 5
19 6
19 7
19 9
19 11
19 13
19 16
19 21
19 23
19 24
19 26
19 28
19 29
19 32
19 34
19 35
19 37
19 38
19 39
19 40
19 41
19 43
19 45
19 46
19 48
19 49
19 50
19 53
19 57
19 62
19 64
19 66
19 67
19 68
19 69
19 71
19 72
19 76
19 78
19 79
19 80
19 84
19 86
19 87
19 88
19 90
19 95
19 96
19 103
19 106
19 115
19 116
19 117
19 120
19 123
19 124
19 127
20 2
20 3
20 4
20 8
20 10
20 11
20 12
20 15
20 17
20 18
20 26
20 29
20 31
20 32
20 33
20 38
20 41
20 42
20 43
20 46
20 47
20 49
20 51
20 55
20 56
20 59
20 61
20 63
20 64
20 66
20 69
20 70
20 72
20 74
20 75
20 83
20 87
20 90
20 95
20 97
20 101
20 105
20 110
20 111
20 112
20 116
20 117
20 119
20 120
20 121
20 122
20 123
21 0
21 2
21 6
21 7
21 10
21 12
21 16
21 19
21 22
21 23
21 24
21 27
21 28
21 31
21 36
21 42
21 45
21 46
21 47
21 49
21 50
21 51
21 52
21 53
21 63
21 64
21 65
21 68
21 70
21 78
21 81
21 85
21 88
21 93
21 96
21 101
21 102
21 109
21 110
21 111
21 113
21 114
21 119
21 120
21 121
21 125
21 127
22 0
22 2
22 3
22 4
22 5
22 8
22 11
22 12
22 13
22 14
22 15
22 19
22 26
22 27
22 28
22 30
22 34
22 38
22 42
22 44
22 46
22 47
22 50
22 52
22 53
22 55
22 60
22 63
22 68
22 73
22 74
22 75
22 81
22 82
22 83
22 85
22 86
22 87
22 89
22 91
22 93
22 101
22 104
22 105
22 108
22 109
22 110
22 112
22 113
22 115
22 117
22 119
22 121
22 124
22 126
22 127
23 1
23 2
23 4
23 5
23 7
23 8
23 9
23 10
23 11
23 13
23 14
23 16
23 18
23 21
23 22
23 23
23 32
23 38
23 39
23 40
23 44
23 47
23 49
23 51
23 57
23 59
23 61
23 62
23 63
23 65
23 73
23 75
23 77
23 78
23 80
23 81
23 83
23 85
23 87
23 89
23 92
23 94
23 98
23 102
23 103
23 105
23 107
23 111
23 118
23 119
24 7
24 8
24 13
24 14
24 15
24 18
24 21
24 22
24 23
24 25
24 26
24 31
24 32
24 37
24 38
24 39
24 40
24 41
24 43
24 44
24 49
24 50
24 56
24 59
24 60
24 61
24 63
24 67
24 68
24 69
24 70
24 73
24 78
24 82
24 83
24 84
24 86
24 91
24 97
24 98
24 99
24 100
24 101
24 103
24 105
24 107
24 108
24 112
24 116
24 119
24 125
25 0
25 2
25 4
25 5
25 6
25 8
25 9
25 11
25 12
25 13
25 15
25 16
25 19
25 23
25 25
25 27
25 29
25 33
25 35
25 36
25 42
25 48
25 56
25 59
25 61
25 64
25 66
25 67
25 71
25 76
25 77
25 79
25 83
25 85
25 87
25 88
25 92
25 95
25 96
25 100
25 101
25 103
25 104
25 106
25 107
25 108
25 110
25 115
25 117
25 120
25 121
25 124
25 127
26 0
26 2
26 7
26 8
26 11
26 17
26 20
26 21
26 24
26 25
26 28
26 29
26 32
26 34
26 38
26 44
26 45
26 46
26 47
26 51
26 54
26 55
26 58
26 63
26 70
26 72
26 76
26 77
26 79
26 80
26 83
26 84
26 86
26 89
26 90
26 91
26 92
26 94
26 95
26 96
26 97
26 99
26 100
26 102
26 104
26 107
26 111
26 114
26 115
26 116
26 119
26 121
27 1
27 3
27 4
27 7
27 14
27 15
27 17
27 18
27 20
27 21
27 26
27 31
27 33
27 34
27 39
27 41
27 43
27 44
27 46
27 47
27 48
27 49
27 53
27 54
27 55
27 57
27 64
27 74
27 75
27 78
27 79
27 85
27 87
27 88
27 91
27 92
27 93
27 94
27 97
27 99
27 101
27 103
27 104
27 113
27 114
27 116
27 117
27 123
27 124
27 125
27 127
28 1
28 2
28 9
28 11
28 12
28 13
28 14
28 18
28 20
28 21
28 22
28 27
28 29
28 31
28 36
28 39
28 41
28 44
28 46
28 49
28 51
28 52
28 53
28 54
28 56
28 58
28 60
28 67
28 70
28 72
28 74
28 75
28 77
28 80
28 90
28 95
28 96
28 97
28 98
28 100
28 102
28 103
28 105
28 106
28 107
28 112
28 115
28 116
28 117
28 118
28 119
28 122
28 124
29 1
29 3
29 4
29 8
29 9
29 10
29 12
29 13
29 15
29 17
29 21
29 24
29 25
29 27
29 31
29 32
29 36
29 37
29 38
29 42
29 44
29 52
29 55
29 61
29 63
29 66
29 67
29 72
29 73
29 75
29 81
29 82
29 83
29 89
29 91
29 92
29 98
29 100
29 101
29 105
29 106
29 108
29 109
29 110
29 112
29 113
29 115
29 118
29 119
29 123
29 126
29 127
30 3
30 4
30 5
30 6
30 11
30 14
30 19
30 21
30 22
30 32
30 34
30 40
30 41
30 42
30 48
30 49
30 51
30 53
30 54
30 57
30 58
30 60
30 66
30 67
30 68
30 70
30 72
30 74
30 79
30 81
30 84
30 86
30 87
30 89
30 90
30 98
30 104
30 107
30 108
30 109
30 110
30 112
30 113
30 119
30 123
30 127
31 3
31 4
31 7
31 8
31 9
31 11
31 12
31 15
31 17
31 18
31 19
31 26
31 28
31 29
31 33
31 36
31 37
31 39
31 40
31 41
31 44
31 46
31 47
31 50
31 53
31 55
31 59
31 60
31 61
31 63
31 64
31 65
31 66
31 69
31 70
31 71
31 73
31 74
31 80
31 82
31 85
31 86
31 87
31 88
31 94
31 96
31 97
31 100
31 103
31 107
31 108
31 109
31 112
31 113
31 114
31 115
31 116
31 119
31 121
32 1
32 4
32 7
32 9
32 10
32 11
32 13
32 14
32 15
32 16
32 18
32 19
32 20
32 27
32 28
32 31
32 43
32 44
32 48
32 53
32 57
32 59
32 65
32 71
32 73
32 74
32 76
32 77
32 81
32 84
32 86
32 89
32 96
32 103
32 106
32 107
32 111
32 117
32 119
32 121
32 123
33 1
33 2
33 6
33 8
33 14
33 15
33 19
33 20
33 26
33 27
33 28
33 30
33 34
33 35
33 38
33 43
33 44
33 45
33 49
33 50
33 53
33 54
33 56
33 59
33 64
33 66
33 67
33 69
33 71
33 72
33 73
33 79
33 82
33 89
33 91
33 93
33 94
33 97
33 98
33 102
33 103
33 104
33 107
33 108
33 116
33 117
33 118
33 121
33 122
33 124
33 127
34 0
34 10
34 11
34 22
34 26
34 29
34 34
34 35
34 37
34 40
34 41
34 46
34 53
34 54
34 55
34 57
34 58
34 59
34 61
34 67
34 70
34 71
34 73
34 74
34 76
34 78
34 79
34 83
34 87
34 88
34 91
34 95
34 97
34 100
34 102
34 106
34 108
34 110
34 114
34 115
34 116
34 117
34 119
34 121
34 123
34 124
34 127
35 12
35 19
35 20
35 21
35 23
35 25
35 27
35 28
35 29
35 30
35 32
35 35
35 37
35 50
35 51
35 54
35 59
35 60
35 61
35 63
35 67
35 68
35 70
35 71
35 72
35 84
35 85
35 86
35 90
35 92
35 94
35 95
35 100
35 101
35 102
35 109
35 110
35 111
35 116
35 117
35 122
35 124
35 126
35 127
36 0
36 1
36 3
36 5
36 7
36 10
36 11
36 12
36 14
36 19
36 22
36 24
36 25
36 32
36 35
36 37
36 38
36 40
36 43
36 49
36 50
36 51
36 53
36 55
36 57
36 58
36 60
36 61
36 63
36 65
36 66
36 69
36 70
36 71
36 74
36 75
36 78
36 82
36 89
36 90
36 93
36 95
36 96
36 98
36 99
36 100
36 103
36 106
36 107
36 108
36 110
36 113
36 119
36 120
36 124
36 126
36 127
37 1
37 2
37 4
37 9
37 10
37 12
37 14
37 17
37 24
37 27
37 30
37 32
37 34
37 37
37 38
37 41
37 44
37 47
37 48
37 49
37 52
37 59
37 61
37 66
37 67
37 68
37 70
37 74
37 79
37 81
37 87
37 94
37 104
37 106
37 107
37 108
37 109
37 110
37 113
37 118
37 120
37 122
37 125
38 3
38 4
38 5
38 7
38 9
38 17
38 18
38 20
38 27
38 29
38 30
38 32
38 33
38 34
38 37
38 39
38 40
38 42
38 45
38 47
38 49
38 51
38 54
38 56
38 58
38 66
38 67
38 68
38 69
38 71
38 72
38 75
38 80
38 83
38 85
38 86
38 89
38 91
38 97
38 98
38 99
38 101
38 102
38 106
38 109
38 113
38 116
38 120
38 121
38 123
38 125
39 5
39 6
39 7
39 9
39 10
39 11
39 14
39 15
39 16
39 18
39 20
39 21
39 25
39 27
39 28
39 30
39 35
39 37
39 41
39 43
39 49
39 50
39 52
39 54
39 55
39 57
39 58
39 60
39 61
39 63
39 64
39 65
39 67
39 72
39 75
39 82
39 83
39 88
39 89
39 94
39 97
39 99
39 101
39 102
39 106
39 109
39 115
39 116
39 117
39 118
39 121
39 125
39 126
40 0
40 3
40 7
40 8
40 14
40 15
40 20
40 23
40 24
40 25
40 29
40 37
40 39
40 42
40 45
40 46
40 47
40 49
40 52
40 53
40 59
40 61
40 71
40 73
40 75
40 78
40 80
40 82
40 84
40 85
40 87
40 88
40 89
40 91
40 94
40 96
40 97
40 99
40 100
40 101
40 111
40 115
40 116
40 121
40 122
40 124
40 125
40 127
41 0
41 5
41 7
41 8
41 10
41 11
41 12
41 13
41 14
41 15
41 17
41 20
41 22
41 31
41 35
41 36
41 38
41 39
41 40
41 42
41 45
41 48
41 49
41 51
41 54
41 55
41 57
41 61
41 65
41 67
41 69
41 71
41 74
41 77
41 82
41 86
41 89
41 91
41 92
41 94
41 95
41 98
41 99
41 104
41 106
41 112
41 114
41 115
41 118
41 119
41 120
41 125
42 2
42 4
42 6
42 12
42 19
42 20
42 21
42 22
42 24
42 25
42 29
42 31
42 36
42 39
42 40
42 41
42 42
42 45
42 48
42 49
42 51
42 52
42 54
42 56
42 57
42 58
42 59
42 60
42 61
42 63
42 69
42 70
42 71
42 74
42 77
42 78
42 84
42 88
42 89
42 92
42 94
42 97
42 98
42 99
42 100
42 101
42 103
42 105
42 106
42 108
42 109
42 110
42 111
42 119
42 120
42 121
42 122
42 125
42 126
42 127
43 1
43 4
43 8
43 10
43 12
43 14
43 17
43 18
43 19
43 21
43 23
43 24
43 26
43 27
43 28
43 30
43 31
43 32
43 34
43 40
43 42
43 45
43 53
43 54
43 60
43 61
43 62
43 66
43 67
43 68
43 70
43 73
43 78
43 79
43 82
43 84
43 85
43 86
43 88
43 89
43 91
43 92
43 93
43 96
43 97
43 101
43 102
43 105
43 106
43 107
43 111
43 116
43 124
43 126
43 127
44 1
44 6
44 9
44 10
44 12
44 15
44 19
44 21
44 22
44 25
44 27
44 31
44 38
44 40
44 42
44 44
44 46
44 55
44 58
44 65
44 67
44 68
44 72
44 73
44 74
44 75
44 76
44 77
44 78
44 79
44 85
44 86
44 88
44 99
44 102
44 103
44 104
44 105
44 107
44 109
44 116
44 118
44 120
44 121
44 122
44 123
44 124
44 125
44 126
44 127
45 3
45 4
45 6
45 7
45 12
45 15
45 20
45 21
45 26
45 27
45 28
45 31
45 33
45 34
45 36
45 42
45 43
45 44
45 48
45 49
45 50
45 56
45 59
45 61
45 71
45 72
45 73
45 76
45 77
45 78
45 79
45 81
45 83
45 84
45 85
45 87
45 88
45 91
45 92
45 93
45 95
45 99
45 100
45 101
45 103
45 105
45 107
45 108
45 110
45 113
45 116
45 117
45 119
45 120
45 121
45 122
45 123
45 125
45 126
46 1
46 3
46 5
46 9
46 10
46 13
46 14
46 15
46 16
46 18
46 28
46 30
46 31
46 32
46 34
46 36
46 37
46 38
46 40
46 41
46 45
46 46
46 47
46 52
46 57
46 58
46 59
46 61
46 62
46 64
46 65
46 70
46 72
46 74
46 76
46 77
46 79
46 80
46 82
46 83
46 84
46 89
46 91
46 92
46 94
46 97
46 99
46 101
46 102
46 105
46 109
46 111
46 112
46 113
46 116
46 119
46 121
46 122
46 125
46 126
47 1
47 4
47 7
47 11
47 13
47 14
47 18
47 22
47 24
47 25
47 26
47 28
47 30
47 31
47 37
47 40
47 46
47 48
47 50
47 53
47 55
47 56
47 58
47 59
47 60
47 61
47 62
47 63
47 65
47 69
47 70
47 72
47 73
47 74
47 75
47 79
47 82
47 84
47 89
47 92
47 98
47 100
47 101
47 104
47 106
47 109
47 110
47 113
47 114
47 120
47 121
47 124
48 4
48 6
48 10
48 11
48 13
48 17
48 19
48 21
48 26
48 28
48 30
48 32
48 35
48 39
48 40
48 45
48 47
48 49
48 51
48 52
48 54
48 55
48 59
48 61
48 62
48 66
48 67
48 68
48 69
48 77
48 79
48 80
48 81
48 84
48 85
48 86
48 88
48 89
48 91
48 92
48 95
48 96
48 100
48 104
48 106
48 107
48 108
48 109
48 110
48 111
48 112
48 115
48 116
48 117
48 120
48 121
48 122
48 124
48 126
48 127
49 0
49 2
49 3
49 4
49 6
49 9
49 12
49 13
49 16
49 17
49 20
49 23
49 24
49 25
49 30
49 32
49 36
49 37
49 39
49 43
49 45
49 46
49 51
49 54
49 57
49 58
49 65
49 71
49 73
49 74
49 76
49 79
49 82
49 84
49 85
49 86
49 87
49 90
49 92
49 93
49 96
49 98
49 99
49 100
49 101
49 102
49 103
49 107
49 108
49 110
49 112
49 117
49 120
49 122
49 124
49 126
50 1
50 4
50 7
50 9
50 10
50 13
50 16
50 19
50 20
50 21
50 25
50 26
50 28
50 30
50 31
50 33
50 34
50 36
50 39
50 41
50 43
50 45
50 46
50 49
50 50
50 52
50 53
50 59
50 65
50 69
50 71
50 76
50 81
50 85
50 86
50 87
50 88
50 89
50 90
50 93
50 95
50 96
50 101
50 102
50 104
50 105
50 106
50 115
50 117
50 118
50 119
50 120
50 126
50 127
51 3
51 5
51 7
51 9
51 15
51 21
51 22
51 23
51 24
51 26
51 29
51 31
51 32
51 33
51 34
51 35
51 40
51 41
51 42
51 44
51 45
51 47
51 48
51 53
51 54
51 57
51 60
51 61
51 62
51 63
51 73
51 74
51 75
51 77
51 83
51 84
51 85
51 86
51 88
51 92
51 96
51 99
51 100
51 102
51 103
51 104
51 107
51 108
51 109
51 110
51 111
51 112
51 113
51 117
51 118
51 119
51 120
51 123
51 124
51 125
51 127
52 3
52 5
52 8
52 9
52 11
52 12
52 17
52 18
52 25
52 27
52 28
52 29
52 35
52 39
52 40
52 43
52 44
52 47
52 50
52 51
52 58
52 60
52 61
52 63
52 73
52 75
52 78
52 81
52 82
52 86
52 87
52 88
52 89
52 90
52 92
52 95
52 97
52 99
52 100
52 107
52 108
52 109
52 111
52 112
52 113
52 114
52 117
52 121
52 122
52 123
52 127
53 1
53 2
53 4
53 5
53 9
53 12
53 18
53 26
53 28
53 29
53 36
53 38
53 39
53 40
53 41
53 42
53 45
53 49
53 50
53 51
53 52
53 56
53 58
53 59
53 62
53 67
53 68
53 69
53 70
53 71
53 74
53 77
53 81
53 88
53 89
53 90
53 91
53 92
53 97
53 98
53 99
53 103
53 104
53 105
53 111
53 112
53 113
53 114
53 116
53 119
53 123
53 124
54 3
54 6
54 7
54 8
54 9
54 10
54 19
54 20
54 24
54 25
54 26
54 27
54 28
54 31
54 33
54 34
54 36
54 37
54 42
54 43
54 45
54 46
54 48
54 50
54 51
54 52
54 54
54 56
54 59
54 64
54 65
54 70
54 71
54 75
54 76
54 77
54 80
54 82
54 89
54 90
54 91
54 98
54 101
54 102
54 104
54 108
54 109
54 110
54 114
54 117
54 119
54 120
54 121
54 122
54 127
55 0
55 1
55 4
55 6
55 12
55 14
55 15
55 17
55 20
55 22
55 23
55 25
55 26
55 27
55 28
55 31
55 32
55 33
55 34
55 37
55 38
55 48
55 58
55 60
55 65
55 67
55 71
55 72
55 73
55 76
55 80
55 81
55 82
55 83
55 84
55 85
55 86
55 87
55 88
55 89
55 94
55 98
55 104
55 105
55 108
55 112
55 116
55 118
55 119
55 121
55 124
55 125
56 1
56 5
56 7
56 12
56 13
56 14
56 16
56 17
56 19
56 20
56 22
56 27
56 30
56 31
56 35
56 37
56 38
56 40
56 43
56 46
56 50
56 55
56 56
56 59
56 60
56 62
56 65
56 69
56 70
56 72
56 73
56 75
56 77
56 78
56 83
56 94
56 100
56 104
56 106
56 107
56 109
56 112
56 113
56 114
56 116
56 121
57 0
57 7
57 10
57 11
57 13
57 18
57 19
57 20
57 22
57 26
57 27
57 28
57 30
57 32
57 36
57 37
57 43
57 44
57 49
57 50
57 54
57 59
57 63
57 67
57 69
57 70
57 74
57 82
57 84
57 85
57 87
57 92
57 93
57 94
57 95
57 99
57 100
57 101
57 107
57 108
57 109
57 111
57 114
57 115
57 117
57 118
57 120
58 5
58 6
58 8
58 10
58 11
58 15
58 17
58 20
58 21
58 22
58 23
58 26
58 29
58 30
58 34
58 35
58 37
58 39
58 42
58 45
58 60
58 62
58 63
58 64
58 67
58 70
58 71
58 73
58 74
58 86
58 92
58 93
58 95
58 98
58 100
58 102
58 103
58 106
58 107
58 109
58 110
58 111
58 112
58 113
58 115
58 119
58 122
58 124
58 126
58 127
59 1
59 7
59 8
59 9
59 13
59 15
59 20
59 21
59 23
59 25
59 30
59 33
59 34
59 37
59 46
59 48
59 49
59 53
59 54
59 55
59 56
59 57
59 58
59 60
59 61
59 63
59 65
59 66
59 68
59 71
59 72
59 75
59 77
59 82
59 89
59 91
59 93
59 94
59 96
59 97
59 100
59 102
59 106
59 111
59 112
59 115
59 116
59 117
59 118
59 121
59 122
59 124
59 125
59 127
60 0
60 1
60 4
60 5
60 6
60 7
60 9
60 12
60 16
60 18
60 19
60 22
60 27
60 29
60 34
60 35
60 39
60 42
60 47
60 48
60 49
60 51
60 52
60 53
60 56
60 59
60 62
60 67
60 69
60 71
60 72
60 74
60 76
60 77
60 82
60 83
60 84
60 85
60 87
60 89
60 90
60 95
60 96
60 97
60 100
60 103
60 104
60 106
60 108
60 114
60 116
60 118
60 124
60 127
61 0
61 4
61 8
61 11
61 18
61 20
61 21
61 22
61 23
61 25
61 26
61 27
61 32
61 33
61 34
61 36
61 37
61 38
61 39
61 47
61 48
61 49
61 50
61 52
61 53
61 54
61 55
61 56
61 62
61 64
61 71
61 74
61 75
61 77
61 79
61 81
61 82
61 88
61 90
61 94
61 96
61 97
61 99
61 100
61 101
61 103
61 104
61 106
61 108
61 110
61 114
61 115
61 117
61 123
61 126
62 5
62 6
62 7
62 8
62 9
62 10
62 13
62 14
62 19
62 22
62 29
62 31
62 33
62 36
62 37
62 39
62 40
62 42
62 43
62 44
62 50
62 55
62 57
62 58
62 60
62 61
62 63
62 66
62 68
62 73
62 75
62 81
62 84
62 86
62 87
62 92
62 93
62 95
62 98
62 102
62 105
62 107
62 110
62 111
62 112
62 117
62 118
62 119
62 123
62 124
62 126
63 4
63 5
63 10
63 11
63 16
63 17
63 20
63 21
63 22
63 28
63 32
63 33
63 42
63 43
63 45
63 49
63 51
63 54
63 55
63 56
63 57
63 58
63 59
63 63
63 64
63 66
63 67
63 69
63 70
63 72
63 74
63 79
63 80
63 82
63 83
63 84
63 86
63 90
63 91
63 92
63 94
63 102
63 103
63 106
63 107
63 109
63 112
63 113
63 115
63 122
63 124
64 1
64 2
64 5
64 6
64 7
64 11
64 16
64 18
64 19
64 23
64 25
64 28
64 32
64 35
64 38
64 42
64 43
64 46
64 49
64 50
64 51
64 52
64 53
64 55
64 58
64 60
64 63
64 67
64 72
64 76
64 79
64 83
64 87
64 89
64 92
64 97
64 98
64 99
64 100
64 101
64 104
64 108
64 116
64 120
64 121
64 126
65 4
65 5
65 7
65 12
65 13
65 16
65 17
65 23
65 25
65 32
65 33
65 35
65 36
65 37
65 40
65 44
65 46
65 47
65 49
65 54
65 55
65 56
65 57
65 58
65 62
65 64
65 65
65 68
65 71
65 75
65 76
65 79
65 85
65 88
65 90
65 91
65 92
65 94
65 98
65 99
65 102
65 107
65 108
65 111
65 112
65 113
65 115
65 118
65 120
65 121
65 125
65 126
66 3
66 4
66 6
66 8
66 10
66 16
66 18
66 19
66 21
66 22
66 23
66 25
66 27
66 28
66 29
66 34
66 37
66 40
66 41
66 42
66 44
66 47
66 48
66 53
66 54
66 56
66 59
66 60
66 63
66 65
66 69
66 73
66 82
66 83
66 84
66 86
66 90
66 91
66 92
66 93
66 94
66 96
66 100
66 101
66 102
66 104
66 105
66 107
66 110
66 112
66 114
66 116
66 119
66 120
66 121
66 123
66 124
66 127
67 0
67 2
67 3
67 4
67 8
67 10
67 11
67 16
67 18
67 19
67 21
67 22
67 23
67 24
67 25
67 26
67 32
67 33
67 41
67 43
67 44
67 46
67 51
67 54
67 56
67 57
67 59
67 64
67 66
67 69
67 72
67 74
67 75
67 79
67 80
67 84
67 85
67 86
67 90
67 94
67 97
67 98
67 100
67 106
67 109
67 112
67 119
67 123
67 125
67 127
68 0
68 1
68 5
68 6
68 8
68 13
68 15
68 18
68 20
68 22
68 23
68 24
68 30
68 31
68 38
68 39
68 40
68 42
68 44
68 47
68 50
68 51
68 52
68 53
68 57
68 58
68 60
68 61
68 64
68 66
68 68
68 69
68 70
68 72
68 74
68 81
68 83
68 85
68 88
68 89
68 94
68 95
68 96
68 98
68 99
68 103
68 108
68 111
68 118
68 120
68 122
68 126
68 127
69 4
69 7
69 8
69 10
69 15
69 23
69 24
69 26
69 27
69 28
69 32
69 33
69 34
69 36
69 38
69 43
69 45
69 46
69 47
69 49
69 51
69 54
69 55
69 57
69 59
69 60
69 61
69 62
69 65
69 68
69 72
69 75
69 78
69 80
69 81
69 83
69 86
69 87
69 90
69 92
69 98
69 102
69 105
69 106
69 107
69 110
69 115
69 118
69 121
69 122
69 124
70 1
70 2
70 3
70 6
70 8
70 9
70 10
70 11
70 12
70 15
70 16
70 17
70 19
70 25
70 31
70 34
70 35
70 36
70 39
70 40
70 45
70 49
70 50
70 51
70 55
70 61
70 67
70 71
70 78
70 79
70 84
70 85
70 86
70 87
70 88
70 89
70 99
70 105
70 106
70 107
70 108
70 112
70 113
70 120
70 121
70 122
70 124
70 125
70 126
70 127
71 3
71 4
71 6
71 7
71 10
71 11
71 18
71 19
71 20
71 21
71 24
71 28
71 30
71 35
71 37
71 39
71 41
71 45
71 46
71 47
71 52
71 54
71 59
71 66
71 73
71 75
71 79
71 82
71 84
71 85
71 90
71 92
71 93
71 94
71 95
71 96
71 101
71 103
71 108
71 117
71 119
72 1
72 3
72 4
72 5
72 9
72 11
72 20
72 21
72 23
72 24
72 28
72 29
72 32
72 33
72 35
72 36
72 37
72 39
72 44
72 45
72 47
72 48
72 50
72 54
72 55
72 56
72 58
72 59
72 62
72 63
72 68
72 69
72 72
72 75
72 77
72 79
72 82
72 88
72 90
72 94
72 95
72 98
72 100
72 101
72 103
72 106
72 107
72 108
72 109
72 111
72 112
72 114
72 115
72 116
72 119
72 124
72 127
73 1
73 4
73 5
73 6
73 8
73 9
73 10
73 11
73 13
73 14
73 19
73 20
73 22
73 23
73 28
73 29
73 30
73 37
73 40
73 43
73 49
73 57
73 58
73 59
73 60
73 61
73 63
73 64
73 65
73 74
73 75
73 76
73 79
73 81
73 84
73 85
73 87
73 88
73 89
73 90
73 95
73 106
73 109
73 110
73 111
73 112
73 113
73 114
73 115
73 116
73 118
73 127
74 0
74 2
74 3
74 4
74 5
74 8
74 18
74 22
74 23
74 24
74 25
74 27
74 28
74 29
74 34
74 36
74 37
74 48
74 52
74 53
74 54
74 55
74 59
74 60
74 65
74 66
74 78
74 82
74 85
74 86
74 88
74 90
74 91
74 95
74 98
74 103
74 104
74 105
74 109
74 110
74 111
74 114
74 115
74 117
74 121
74 124
74 125
74 126
74 127
75 3
75 7
75 9
75 10
75 13
75 15
75 19
75 21
75 25
75 29
75 30
75 31
75 34
75 37
75 38
75 40
75 41
75 45
75 47
75 51
75 52
75 53
75 54
75 55
75 61
75 64
75 67
75 69
75 72
75 74
75 76
75 78
75 86
75 88
75 93
75 95
75 96
75 97
75 100
75 101
75 103
75 105
75 106
75 110
75 111
75 112
75 113
75 114
75 115
75 120
75 122
75 123
75 125
75 126
76 0
76 2
76 3
76 4
76 13
76 14
76 15
76 24
76 27
76 31
76 35
76 36
76 38
76 39
76 40
76 42
76 43
76 44
76 45
76 46
76 48
76 51
76 53
76 54
76 57
76 60
76 63
76 69
76 74
76 80
76 86
76 88
76 91
76 95
76 97
76 98
76 99
76 101
76 104
76 106
76 107
76 111
76 115
76 121
76 124
76 127
77 0
77 5
77 6
77 8
77 11
77 13
77 14
77 18
77 19
77 23
77 24
77 31
77 39
77 46
77 49
77 51
77 54
77 56
77 57
77 59
77 62
77 67
77 69
77 71
77 75
77 76
77 78
77 82
77 84
77 85
77 88
77 89
77 90
77 91
77 92
77 97
77 98
77 100
77 105
77 112
77 114
77 116
77 117
77 118
77 120
77 124
77 125
77 126
78 3
78 6
78 7
78 10
78 12
78 14
78 17
78 20
78 23
78 26
78 30
78 33
78 34
78 39
78 40
78 42
78 44
78 45
78 47
78 49
78 50
78 53
78 56
78 61
78 63
78 64
78 66
78 67
78 71
78 74
78 76
78 77
78 80
78 87
78 94
78 100
78 101
78 103
78 104
78 107
78 110
78 111
78 112
78 113
78 118
78 119
78 123
79 1
79 2
79 3
79 10
79 17
79 23
79 25
79 26
79 31
79 32
79 33
79 36
79 37
79 40
79 43
79 44
79 49
79 53
79 54
79 57
79 58
79 61
79 66
79 70
79 72
79 75
79 77
79 79
79 80
79 83
79 85
79 91
79 93
79 95
79 100
79 102
79 103
79 112
79 115
79 116
79 120
79 122
79 123
79 124
79 126
79 127
80 0
80 1
80 3
80 4
80 5
80 9
80 11
80 13
80 17
80 19
80 22
80 23
80 26
80 28
80 30
80 33
80 34
80 36
80 37
80 38
80 40
80 41
80 42
80 43
80 47
80 52
80 58
80 64
80 66
80 67
80 75
80 76
80 78
80 80
80 83
80 84
80 90
80 95
80 96
80 97
80 99
80 103
80 106
80 107
80 110
80 112
80 115
80 116
80 123
80 124
80 126
81 0
81 1
81 2
81 4
81 5
81 6
81 9
81 11
81 19
81 20
81 22
81 23
81 26
81 27
81 28
81 30
81 33
81 36
81 38
81 40
81 46
81 47
81 49
81 52
81 56
81 61
81 62
81 63
81 66
81 67
81 71
81 72
81 76
81 77
81 84
81 86
81 89
81 93
81 94
81 97
81 99
81 101
81 102
81 103
81 110
81 112
81 119
81 125
81 127
82 7
82 8
82 12
82 13
82 18
82 20
82 21
82 25
82 34
82 36
82 37
82 38
82 42
82 45
82 51
82 53
82 55
82 56
82 57
82 58
82 59
82 63
82 66
82 69
82 70
82 71
82 73
82 74
82 75
82 77
82 79
82 85
82 88
82 89
82 91
82 94
82 99
82 102
82 103
82 108
82 110
82 111
82 112
82 113
82 114
82 115
82 118
82 119
82 120
82 123
82 125
82 126
83 0
83 1
83 2
83 6
83 10
83 11
83 16
83 25
83 30
83 32
83 35
83 36
83 40
83 41
83 42
83 46
83 48
83 52
83 54
83 56
83 58
83 65
83 71
83 72
83 76
83 79
83 80
83 82
83 84
83 85
83 87
83 90
83 91
83 93
83 98
83 100
83 103
83 105
83 106
83 108
83 109
83 110
83 112
83 114
83 116
83 117
83 123
83 124
83 125
83 127
84 2
84 3
84 9
84 11
84 12
84 15
84 18
84 20
84 22
84 24
84 25
84 28
84 32
84 35
84 36
84 40
84 42
84 46
84 48
84 55
84 57
84 60
84 64
84 66
84 67
84 69
84 70
84 78
84 79
84 82
84 86
84 87
84 88
84 89
84 93
84 97
84 101
84 104
84 105
84 110
84 118
84 123
84 124
84 127
85 3
85 5
85 6
85 7
85 9
85 11
85 13
85 20
85 22
85 23
85 24
85 25
85 29
85 30
85 32
85 35
85 39
85 41
85 43
85 46
85 48
85 49
85 50
85 53
85 55
85 59
85 60
85 64
85 65
85 67
85 71
85 74
85 75
85 80
85 82
85 93
85 94
85 95
85 97
85 115
85 117
85 123
85 124
85 126
86 0
86 1
86 4
86 6
86 8
86 9
86 10
86 11
86 15
86 16
86 17
86 18
86 20
86 23
86 26
86 27
86 28
86 33
86 34
86 36
86 43
86 47
86 49
86 54
86 59
86 60
86 63
86 64
86 69
86 70
86 75
86 77
86 78
86 82
86 84
86 85
86 86
86 94
86 99
86 100
86 101
86 104
86 105
86 106
86 107
86 108
86 109
86 110
86 111
86 113
86 114
86 116
86 117
86 121
86 122
86 123
86 124
87 1
87 3
87 5
87 6
87 13
87 14
87 17
87 19
87 21
87 22
87 28
87 30
87 32
87 33
87 34
87 38
87 39
87 41
87 45
87 48
87 49
87 53
87 55
87 56
87 59
87 60
87 61
87 63
87 67
87 68
87 69
87 70
87 71
87 74
87 75
87 78
87 80
87 81
87 82
87 86
87 87
87 92
87 93
87 94
87 95
87 96
87 97
87 99
87 106
87 107
87 108
87 111
87 113
87 117
87 118
87 120
88 3
88 4
88 6
88 12
88 14
88 15
88 18
88 19
88 25
88 26
88 27
88 33
88 37
88 41
88 42
88 43
88 44
88 46
88 50
88 52
88 55
88 59
88 60
88 62
88 63
88 65
88 67
88 69
88 70
88 73
88 80
88 84
88 86
88 88
88 89
88 90
88 94
88 96
88 97
88 98
88 99
88 100
88 102
88 105
88 106
88 107
88 108
88 116
88 119
88 126
88 127
89 3
89 6
89 8
89 11
89 12
89 14
89 21
89 22
89 24
89 25
89 26
89 33
89 35
89 37
89 40
89 41
89 49
89 51
89 52
89 53
89 55
89 56
89 60
89 61
89 67
89 73
89 74
89 79
89 80
89 82
89 83
89 84
89 85
89 87
89 89
89 90
89 92
89 93
89 95
89 99
89 101
89 102
89 104
89 105
89 107
89 110
89 112
89 113
89 114
89 115
89 116
89 117
89 120
89 123
89 126
90 1
90 3
90 5
90 7
90 10
90 12
90 15
90 17
90 21
90 22
90 23
90 24
90 25
90 31
90 34
90 36
90 37
90 41
90 42
90 43
90 45
90 46
90 49
90 50
90 52
90 53
90 56
90 61
90 64
90 67
90 70
90 73
90 75
90 77
90 78
90 82
90 84
90 85
90 87
90 88
90 95
90 96
90 97
90 98
90 99
90 102
90 103
90 106
90 110
90 111
90 112
90 114
90 118
90 119
90 120
90 121
90 124
91 1
91 3
91 6
91 8
91 9
91 10
91 14
91 16
91 25
91 27
91 35
91 38
91 45
91 48
91 50
91 54
91 55
91 58
91 62
91 63
91 66
91 67
91 70
91 71
91 72
91 75
91 77
91 78
91 79
91 80
91 84
91 85
91 92
91 96
91 99
91 102
91 104
91 107
91 110
91 111
91 117
91 118
91 119
91 124
91 127
92 0
92 5
92 7
92 12
92 13
92 14
92 16
92 19
92 20
92 23
92 25
92 31
92 33
92 34
92 35
92 37
92 38
92 39
92 40
92 44
92 45
92 46
92 52
92 59
92 61
92 62
92 63
92 66
92 68
92 69
92 71
92 72
92 74
92 78
92 82
92 86
92 88
92 91
92 92
92 96
92 101
92 102
92 103
92 104
92 110
92 114
92 115
92 119
92 124
93 1
93 2
93 3
93 4
93 5
93 6
93 7
93 9
93 12
93 13
93 19
93 20
93 22
93 24
93 25
93 26
93 28
93 29
93 30
93 34
93 35
93 39
93 42
93 45
93 48
93 49
93 51
93 52
93 59
93 60
93 62
93 63
93 68
93 79
93 81
93 82
93 85
93 86
93 88
93 89
93 92
93 93
93 97
93 99
93 101
93 103
93 104
93 105
93 106
93 107
93 109
93 112
93 114
93 116
93 119
93 121
94 0
94 1
94 2
94 3
94 4
94 7
94 9
94 12
94 13
94 16
94 17
94 18
94 19
94 20
94 26
94 29
94 31
94 33
94 34
94 35
94 37
94 40
94 42
94 43
94 44
94 45
94 46
94 47
94 48
94 49
94 54
94 57
94 58
94 59
94 60
94 63
94 64
94 67
94 68
94 69
94 72
94 75
94 77
94 78
94 81
94 83
94 84
94 88
94 91
94 98
94 103
94 105
94 106
94 114
94 116
94 117
94 118
94 121
94 122
94 123
94 124
94 125
94 126
94 127
95 0
95 2
95 7
95 8
95 11
95 14
95 16
95 25
95 33
95 34
95 37
95 39
95 40
95 41
95 44
95 49
95 54
95 55
95 57
95 58
95 59
95 61
95 68
95 73
95 74
95 75
95 78
95 80
95 81
95 82
95 84
95 85
95 87
95 88
95 89
95 95
95 97
95 99
95 100
95 101
95 110
95 115
95 116
95 118
95 121
95 122
95 126
96 0
96 2
96 4
96 7
96 10
96 13
96 15
96 16
96 19
96 20
96 28
96 29
96 31
96 32
96 36
96 38
96 40
96 41
96 43
96 48
96 61
96 62
96 65
96 68
96 76
96 77
96 79
96 80
96 81
96 84
96 85
96 86
96 88
96 89
96 95
96 97
96 98
96 101
96 106
96 108
96 110
96 112
96 113
96 114
96 116
96 118
96 120
96 126
96 127
97 2
97 3
97 6
97 12
97 13
97 16
97 20
97 21
97 23
97 25
97 31
97 34
97 37
97 41
97 42
97 48
97 51
97 56
97 57
97 58
97 59
97 61
97 62
97 63
97 67
97 68
97 69
97 75
97 77
97 78
97 81
97 83
97 84
97 85
97 87
97 89
97 91
97 93
97 95
97 96
97 97
97 98
97 99
97 106
97 110
97 111
97 113
97 114
97 116
97 119
97 122
97 123
97 124
97 126
97 127
98 0
98 1
98 3
98 7
98 9
98 10
98 14
98 16
98 17
98 19
98 20
98 21
98 23
98 24
98 26
98 27
98 31
98 32
98 36
98 37
98 39
98 43
98 45
98 47
98 51
98 52
98 54
98 55
98 56
98 57
98 62
98 65
98 69
98 79
98 83
98 85
98 86
98 92
98 95
98 97
98 99
98 100
98 101
98 104
98 106
98 107
98 111
98 113
98 117
98 122
98 124
98 126
99 3
99 4
99 5
99 7
99 14
99 17
99 21
99 22
99 25
99 27
99 30
99 31
99 32
99 34
99 43
99 44
99 45
99 47
99 51
99 53
99 54
99 55
99 57
99 58
99 60
99 61
99 65
99 74
99 77
99 78
99 79
99 82
99 84
99 85
99 87
99 90
99 95
99 103
99 105
99 108
99 111
99 113
99 115
99 118
99 121
99 122
99 123
99 124
100 5
100 6
100 16
100 17
100 18
100 19
100 22
100 24
100 27
100 28
100 31
100 35
100 36
100 39
100 40
100 45
100 46
100 48
100 52
100 53
100 59
100 61
100 62
100 63
100 64
100 66
100 71
100 74
100 75
100 78
100 85
100 87
100 92
100 96
100 97
100 99
100 100
100 104
100 107
100 108
100 109
100 113
100 115
100 116
100 117
100 120
100 121
100 123
100 126
101 1
101 4
101 6
101 8
101 11
101 12
101 13
101 14
101 15
101 16
101 17
101 18
101 19
101 22
101 23
101 25
101 27
101 28
101 30
101 32
101 36
101 37
101 39
101 43
101 54
101 55
101 57
101 58
101 59
101 61
101 64
101 71
101 72
101 74
101 75
101 78
101 79
101 80
101 89
101 94
101 99
101 100
101 101
101 104
101 105
101 107
101 119
101 123
101 124
101 126
102 5
102 9
102 10
102 11
102 14
102 15
102 17
102 20
102 21
102 26
102 28
102 34
102 37
102 42
102 43
102 46
102 47
102 49
102 54
102 57
102 58
102 59
102 61
102 62
102 65
102 67
102 68
102 70
102 72
102 77
102 81
102 84
102 86
102 88
102 89
102 91
102 94
102 97
102 98
102 103
102 107
102 108
102 112
102 113
102 114
102 115
102 118
102 122
102 124
102 125
102 127
103 1
103 3
103 5
103 7
103 15
103 16
103 19
103 20
103 28
103 32
103 35
103 38
103 39
103 45
103 47
103 48
103 49
103 50
103 55
103 56
103 57
103 60
103 61
103 64
103 65
103 66
103 67
103 68
103 69
103 70
103 73
103 75
103 76
103 84
103 91
103 92
103 98
103 100
103 102
103 103
103 106
103 107
103 109
103 114
103 115
103 116
103 119
103 124
103 125
103 127
104 4
104 5
104 6
104 9
104 12
104 13
104 18
104 20
104 24
104 26
104 29
104 31
104 32
104 36
104 38
104 41
104 45
104 46
104 53
104 54
104 55
104 57
104 59
104 60
104 63
104 67
104 69
104 75
104 76
104 77
104 79
104 81
104 83
104 84
104 87
104 88
104 89
104 90
104 93
104 96
104 98
104 100
104 102
104 103
104 104
104 105
104 110
104 111
104 112
104 113
104 115
104 123
104 126
105 0
105 1
105 3
105 6
105 7
105 8
105 10
105 12
105 13
105 18
105 19
105 22
105 23
105 26
105 27
105 32
105 34
105 35
105 42
105 48
105 49
105 51
105 53
105 54
105 55
105 56
105 58
105 59
105 61
105 62
105 63
105 65
105 67
105 70
105 72
105 78
105 81
105 85
105 86
105 87
105 89
105 90
105 100
105 102
105 103
105 104
105 106
105 108
105 109
105 112
105 114
105 117
105 119
105 121
105 125
105 126
106 0
106 1
106 5
106 12
106 13
106 16
106 23
106 24
106 25
106 26
106 32
106 34
106 35
106 44
106 45
106 46
106 47
106 51
106 55
106 57
106 58
106 61
106 62
106 63
106 68
106 69
106 73
106 75
106 76
106 77
106 78
106 79
106 81
106 83
106 86
106 97
106 104
106 109
106 110
106 115
106 118
106 122
106 125
106 126
107 1
107 2
107 4
107 5
107 18
107 19
107 21
107 22
107 24
107 29
107 32
107 35
107 38
107 39
107 42
107 43
107 50
107 53
107 56
107 60
107 61
107 63
107 64
107 67
107 70
107 73
107 78
107 79
107 81
107 82
107 86
107 88
107 97
107 98
107 99
107 105
107 107
107 113
107 114
107 117
107 119
107 120
107 123
107 124
107 126
108 3
108 9
108 16
108 18
108 20
108 23
108 25
108 26
108 27
108 35
108 38
108 41
108 42
108 43
108 46
108 53
108 55
108 58
108 60
108 62
108 63
108 65
108 67
108 71
108 72
108 75
108 76
108 77
108 81
108 82
108 83
108 84
108 85
108 86
108 88
108 90
108 91
108 93
108 95
108 96
108 101
108 102
108 106
108 107
108 111
108 112
108 117
108 118
108 121
108 123
108 124
108 127
109 3
109 4
109 5
109 10
109 11
109 12
109 13
109 17
109 20
109 21
109 23
109 27
109 28
109 29
109 33
109 37
109 39
109 42
109 48
109 51
109 57
109 60
109 62
109 67
109 73
109 79
109 80
109 82
109 83
109 85
109 87
109 91
109 96
109 100
109 102
109 103
109 105
109 106
109 107
109 108
109 112
109 116
109 117
109 120
110 0
110 7
110 9
110 10
110 12
110 14
110 19
110 23
110 24
110 25
110 26
110 31
110 33
110 36
110 37
110 38
110 39
110 41
110 42
110 45
110 49
110 50
110 52
110 53
110 55
110 59
110 60
110 61
110 63
110 65
110 81
110 86
110 89
110 91
110 93
110 96
110 103
110 106
110 107
110 108
110 109
110 111
110 117
110 121
110 122
111 0
111 1
111 7
111 8
111 12
111 13
111 21
111 26
111 27
111 31
111 35
111 38
111 39
111 41
111 46
111 51
111 55
111 56
111 58
111 60
111 73
111 76
111 77
111 78
111 80
111 93
111 94
111 97
111 100
111 102
111 104
111 107
111 112
111 115
111 116
111 118
111 119
111 123
111 124
111 125
111 127
112 4
112 8
112 13
112 18
112 20
112 26
112 27
112 33
112 35
112 36
112 37
112 38
112 43
112 46
112 49
112 51
112 59
112 60
112 67
112 68
112 72
112 73
112 74
112 75
112 76
112 77
112 78
112 84
112 86
112 87
112 88
112 89
112 91
112 96
112 97
112 100
112 102
112 103
112 104
112 105
112 108
112 109
112 111
112 112
112 114
112 115
112 116
112 117
112 118
112 123
112 127
113 1
113 4
113 5
113 8
113 10
113 12
113 13
113 14
113 17
113 19
113 20
113 23
113 25
113 26
113 28
113 30
113 32
113 34
113 36
113 37
113 38
113 42
113 45
113 52
113 54
113 57
113 58
113 59
113 63
113 64
113 68
113 69
113 73
113 74
113 75
113 80
113 84
113 85
113 86
113 89
113 93
113 95
113 99
113 103
113 106
113 107
113 112
113 113
113 118
113 119
113 122
113 123
113 124
113 126
114 0
114 2
114 3
114 4
114 5
114 6
114 7
114 9
114 11
114 21
114 22
114 23
114 29
114 30
114 32
114 35
114 36
114 42
114 43
114 49
114 50
114 52
114 56
114 57
114 60
114 62
114 64
114 65
114 72
114 73
114 75
114 76
114 79
114 84
114 86
114 97
114 99
114 100
114 109
114 110
114 111
114 112
114 116
114 117
114 118
114 120
114 122
115 3
115 7
115 8
115 14
115 18
115 22
115 23
115 24
115 25
115 26
115 27
115 28
115 32
115 35
115 36
115 40
115 44
115 45
115 46
115 51
115 52
115 54
115 55
115 57
115 58
115 63
115 65
115 66
115 68
115 70
115 72
115 76
115 77
115 85
115 86
115 87
115 88
115 90
115 94
115 97
115 103
115 104
115 106
115 108
115 109
115 110
115 111
115 112
115 115
115 119
115 120
115 122
115 127
116 1
116 2
116 4
116 5
116 7
116 8
116 9
116 10
116 11
116 13
116 16
116 19
116 20
116 25
116 31
116 36
116 41
116 42
116 44
116 46
116 52
116 55
116 60
116 61
116 62
116 66
116 69
116 71
116 74
116 76
116 77
116 84
116 85
116 86
116 94
116 95
116 96
116 97
116 99
116 100
116 101
116 105
116 107
116 108
116 114
116 115
116 116
116 117
116 120
116 121
116 122
116 126
117 0
117 2
117 4
117 12
117 13
117 18
117 21
117 22
117 25
117 26
117 30
117 33
117 38
117 39
117 40
117 44
117 45
117 47
117 49
117 52
117 56
117 57
117 58
117 60
117 62
117 63
117 66
117 68
117 69
117 70
117 71
117 72
117 76
117 78
117 79
117 80
117 81
117 84
117 91
117 93
117 96
117 99
117 102
117 104
117 109
117 112
117 113
117 114
117 116
117 117
117 119
117 122
117 123
117 124
117 125
118 1
118 7
118 9
118 10
118 11
118 14
118 15
118 17
118 20
118 21
118 25
118 28
118 29
118 30
118 32
118 33
118 35
118 36
118 37
118 38
118 43
118 44
118 46
118 50
118 52
118 55
118 56
118 58
118 62
118 63
118 65
118 67
118 68
118 73
118 75
118 76
118 77
118 82
118 84
118 91
118 93
118 94
118 97
118 99
118 100
118 104
118 106
118 108
118 109
118 111
118 116
118 117
118 119
118 123
118 124
118 126
118 127
119 0
119 1
119 6
119 8
119 14
119 16
119 18
119 19
119 24
119 28
119 35
119 36
119 37
119 38
119 39
119 41
119 42
119 44
119 45
119 46
119 51
119 58
119 62
119 65
119 71
119 73
119 88
119 90
119 93
119 94
119 95
119 96
119 98
119 99
119 104
119 108
119 111
119 113
119 116
119 121
119 122
119 123
119 126
120 2
120 5
120 7
120 11
120 12
120 13
120 16
120 19
120 20
120 25
120 29
120 33
120 38
120 40
120 41
120 44
120 52
120 53
120 55
120 56
120 58
120 60
120 62
120 64
120 69
120 73
120 75
120 77
120 80
120 82
120 83
120 88
120 94
120 95
120 96
120 100
120 104
120 105
120 107
120 108
120 109
120 110
120 120
120 125
120 126
120 127
121 1
121 2
121 4
121 5
121 9
121 11
121 12
121 14
121 15
121 17
121 24
121 26
121 28
121 29
121 30
121 32
121 34
121 37
121 38
121 39
121 45
121 46
121 48
121 49
121 50
121 51
121 53
121 56
121 57
121 61
121 64
121 68
121 70
121 71
121 74
121 77
121 78
121 82
121 86
121 95
121 96
121 98
121 101
121 102
121 104
121 110
121 111
121 114
121 117
121 120
121 121
121 123
121 126
122 0
122 2
122 4
122 7
122 11
122 13
122 14
122 16
122 17
122 18
122 19
122 21
122 22
122 28
122 29
122 32
122 33
122 35
122 37
122 39
122 40
122 41
122 42
122 43
122 44
122 45
122 48
122 51
122 60
122 62
122 63
122 65
122 69
122 70
122 71
122 72
122 77
122 78
122 79
122 80
122 84
122 87
122 89
122 90
122 91
122 93
122 94
122 98
122 103
122 105
122 106
122 108
122 110
122 112
122 113
122 116
122 118
122 120
122 121
122 123
122 125
122 126
122 127
123 0
123 1
123 4
123 5
123 9
123 12
123 19
123 20
123 22
123 24
123 26
123 27
123 28
123 29
123 32
123 35
123 36
123 38
123 39
123 41
123 43
123 44
123 46
123 49
123 51
123 55
123 56
123 58
123 59
123 63
123 64
123 69
123 70
123 71
123 73
123 74
123 77
123 79
123 82
123 84
123 85
123 88
123 90
123 92
123 96
123 97
123 99
123 103
123 106
123 108
123 109
123 114
123 115
123 118
123 121
123 123
123 127
124 3
124 7
124 8
124 11
124 12
124 15
124 17
124 18
124 20
124 21
124 23
124 27
124 28
124 30
124 31
124 32
124 33
124 34
124 41
124 43
124 44
124 45
124 48
124 55
124 56
124 60
124 61
124 62
124 63
124 70
124 72
124 73
124 76
124 84
124 85
124 88
124 89
124 91
124 94
124 96
124 98
124 100
124 102
124 103
124 104
124 106
124 108
124 110
124 112
124 114
124 115
124 116
124 118
124 119
124 120
124 121
124 122
124 127
125 1
125 2
125 5
125 6
125 12
125 13
125 20
125 21
125 23
125 26
125 28
125 29
125 32
125 33
125 34
125 35
125 36
125 41
125 45
125 46
125 47
125 50
125 52
125 53
125 59
125 62
125 65
125 66
125 68
125 69
125 71
125 73
125 75
125 76
125 77
125 78
125 82
125 83
125 84
125 86
125 87
125 88
125 89
125 93
125 94
125 98
125 99
125 100
125 102
125 118
125 122
125 123
126 0
126 1
126 2
126 9
126 10
126 11
126 12
126 15
126 18
126 19
126 20
126 22
126 23
126 24
126 29
126 36
126 39
126 40
126 45
126 53
126 56
126 59
126 63
126 66
126 67
126 69
126 71
126 75
126 76
126 77
126 78
126 79
126 82
126 83
126 86
126 87
126 90
126 99
126 107
126 108
126 109
126 110
126 111
126 115
126 119
126 122
126 126
127 1
127 4
127 11
127 12
127 24
127 25
127 26
127 27
127 32
127 33
127 36
127 40
127 41
127 46
127 48
127 53
127 55
127 57
127 60
127 62
127 64
127 65
127 68
127 70
127 71
127 80
127 82
127 84
127 86
127 87
127 89
127 92
127 93
127 100
127 103
127 108
127 109
127 112
127 117
127 118
127 120
127 121
127 125
