0 2
0 19
0 36
0 46
0 62
0 64
0 70
0 94
0 99
0 104
0 125
1 3
1 9
1 32
1 46
1 70
1 76
1 83
1 107
2 4
2 34
2 57
2 94
2 97
2 98
2 104
2 114
2 115
3 0
3 30
3 38
3 39
3 45
3 48
3 81
3 95
3 99
3 103
4 20
4 25
4 36
4 82
4 100
4 104
4 113
4 125
5 5
5 21
5 33
5 42
5 43
5 57
5 58
5 61
5 76
5 90
5 115
6 26
6 29
6 33
6 45
6 48
6 60
6 126
7 25
7 26
7 38
7 39
7 44
7 45
7 54
7 60
7 107
7 116
8 4
8 11
8 27
8 33
8 60
8 81
8 94
8 97
8 125
9 25
9 38
9 52
9 59
9 63
9 75
9 109
10 14
10 15
10 26
10 46
10 52
10 53
10 83
10 85
11 23
11 41
11 68
11 125
12 0
12 12
12 19
12 49
12 65
12 84
12 85
12 104
13 48
13 56
13 62
13 74
13 91
13 97
13 101
13 117
13 119
14 32
14 42
14 65
14 90
14 97
14 102
14 112
14 124
14 125
15 17
15 34
15 61
15 72
15 83
15 99
15 108
15 113
16 2
16 6
16 37
16 60
16 69
16 71
16 86
16 92
16 94
16 118
17 21
17 61
17 72
17 85
17 89
17 101
18 15
18 54
18 66
18 79
18 82
18 91
18 102
18 109
19 46
19 51
19 61
19 67
19 76
19 89
19 102
19 114
20 0
20 21
20 42
20 52
20 61
20 106
21 29
21 84
21 94
21 113
21 124
22 16
22 21
22 22
22 26
22 31
22 34
22 37
22 115
22 126
23 39
23 47
23 53
23 62
23 93
23 121
23 126
24 6
24 23
24 42
24 57
24 58
24 75
24 92
25 17
25 41
25 45
25 80
25 126
26 15
26 40
26 72
26 78
26 81
26 86
26 94
26 96
26 123
27 15
27 18
27 19
27 29
27 39
27 41
27 55
27 58
27 63
27 71
27 82
28 0
28 5
28 9
28 14
28 17
28 21
28 40
28 43
28 51
28 73
28 90
28 95
28 118
28 124
29 1
29 6
29 42
29 60
29 97
29 108
30 1
30 62
30 67
30 90
30 92
30 95
30 115
31 53
31 66
31 96
31 117
31 121
31 126
32 11
32 26
32 29
32 45
32 49
32 74
32 75
32 76
32 99
32 102
32 107
32 110
32 112
32 117
33 1
33 6
33 58
34 69
34 124
35 4
35 46
35 47
35 51
35 70
35 73
35 81
35 85
35 109
36 21
36 43
36 61
36 65
36 95
36 98
36 127
37 4
37 39
37 41
37 54
37 76
38 2
38 4
38 10
38 44
38 48
38 58
38 64
38 69
38 76
38 98
38 118
38 127
39 2
39 15
39 19
39 54
39 69
39 78
39 93
39 111
39 117
39 127
40 14
40 17
40 41
40 60
40 81
40 103
40 121
41 5
41 13
41 15
42 7
42 8
42 9
42 25
42 54
42 59
42 63
42 67
43 10
43 29
43 72
43 75
43 96
43 100
43 115
44 45
44 49
44 65
44 70
44 122
45 34
45 35
45 59
45 77
45 85
45 113
45 121
46 16
46 24
46 44
46 95
46 98
46 105
46 113
46 118
46 121
47 21
47 35
47 37
47 50
47 70
47 100
47 115
48 1
48 36
48 37
48 43
48 47
48 72
48 79
48 81
48 109
49 19
49 33
49 46
49 55
49 56
49 61
49 91
49 94
50 32
50 34
50 90
51 6
51 34
51 65
51 79
51 87
51 97
51 103
51 107
51 122
51 124
52 0
52 3
52 22
52 40
52 43
52 63
52 67
52 78
53 6
53 30
53 38
53 54
53 57
53 79
53 110
54 6
54 17
54 21
54 44
54 52
54 55
54 60
54 88
54 96
54 124
55 10
55 35
55 64
55 69
55 71
55 87
56 0
56 11
56 12
56 15
56 45
56 70
56 76
56 77
56 81
56 84
56 110
57 7
57 24
57 46
57 78
57 112
57 113
57 114
57 124
58 4
58 25
58 31
58 33
58 37
58 38
58 41
58 46
58 101
58 102
58 111
59 29
59 71
59 74
59 104
59 126
60 7
60 20
60 37
60 41
60 61
60 62
60 80
60 116
60 123
61 8
61 27
61 31
61 47
61 50
61 53
61 83
61 86
61 89
61 98
62 8
62 16
62 27
62 39
62 63
62 66
62 76
62 124
63 1
63 11
63 27
63 41
63 42
63 48
63 89
63 91
63 99
63 122
64 41
64 55
64 58
64 66
64 71
64 72
64 84
64 92
64 95
64 103
64 105
65 16
65 30
65 54
65 56
65 78
65 86
65 119
65 127
66 16
66 19
66 38
66 71
66 75
66 79
66 115
66 123
66 125
67 1
67 6
67 13
67 17
67 30
67 37
67 39
67 62
67 98
67 118
68 10
68 35
68 55
68 62
68 108
69 17
69 25
69 40
69 68
69 80
69 120
70 15
70 18
70 46
70 56
70 74
70 109
70 115
70 116
70 124
71 8
71 17
71 33
71 39
71 44
71 45
71 48
71 70
71 80
71 112
72 6
72 29
72 41
72 43
72 49
72 64
72 85
73 20
73 23
73 29
73 35
73 46
73 51
73 78
73 80
73 114
74 20
74 50
74 55
74 62
74 64
74 80
74 86
74 100
74 112
74 126
75 6
75 21
75 54
75 57
75 85
75 96
75 118
76 7
76 11
76 25
76 46
76 53
76 104
77 46
77 56
77 62
77 81
77 111
77 113
78 8
78 16
78 17
78 39
78 47
78 69
78 84
78 101
79 9
79 17
79 20
79 58
79 103
79 104
79 125
80 43
80 59
80 60
80 80
80 81
80 93
80 96
80 107
80 117
81 29
81 42
81 60
81 84
81 102
81 117
82 30
82 56
82 82
82 107
83 19
83 41
83 60
83 70
83 92
83 106
83 112
83 119
83 127
84 0
84 28
84 39
84 46
84 50
84 55
84 116
84 122
85 17
85 34
85 36
85 44
85 45
85 57
85 82
85 104
85 111
85 115
85 123
86 0
86 26
86 36
86 72
87 14
87 60
87 71
87 87
87 102
87 103
87 111
87 115
88 1
88 60
88 79
88 85
88 107
88 112
88 117
88 122
88 126
89 12
89 16
89 38
89 47
89 55
89 84
90 12
90 41
90 92
90 97
91 12
91 16
91 40
91 52
91 54
91 74
91 76
91 79
91 96
91 112
92 2
92 18
92 37
92 67
92 104
92 111
92 122
93 27
93 32
93 40
93 58
93 69
93 97
93 103
93 113
93 117
94 4
94 7
94 13
94 34
94 45
94 68
94 72
94 80
94 87
94 122
95 61
95 70
95 75
95 103
95 105
96 0
96 8
96 33
96 67
96 72
96 78
96 100
96 104
96 124
97 2
97 8
97 21
97 27
97 46
97 51
97 60
97 62
97 71
97 82
97 114
97 118
98 55
98 77
98 80
98 97
98 112
98 116
99 4
99 40
99 66
99 83
99 92
99 100
99 119
100 15
100 37
100 62
100 78
100 86
101 8
101 34
101 39
101 64
101 69
101 87
101 95
101 96
101 106
102 17
102 31
102 39
102 50
102 84
102 88
102 95
102 101
103 30
103 62
103 64
103 126
104 20
104 44
104 53
104 60
104 90
104 94
104 109
104 117
105 1
105 33
105 36
105 57
105 58
105 106
105 120
106 13
106 21
106 44
106 53
106 81
107 3
107 27
107 62
107 89
107 117
108 2
108 10
108 16
108 119
109 26
109 50
109 56
109 59
109 69
109 86
110 23
110 35
110 42
110 54
110 82
110 84
110 103
110 112
111 7
111 14
111 17
111 49
111 52
111 53
111 63
111 72
111 122
112 2
112 18
112 43
112 76
112 77
112 83
112 91
112 99
112 105
112 107
113 16
113 24
113 53
113 78
113 85
113 97
113 119
113 124
114 21
114 48
114 51
114 53
114 61
114 67
114 72
114 74
115 7
115 10
115 19
115 21
115 34
115 49
115 65
115 84
115 104
115 110
116 4
116 20
116 22
116 40
116 41
116 64
116 75
116 109
116 126
117 5
117 19
117 45
117 56
117 62
117 66
117 121
118 17
118 29
118 63
118 84
118 97
118 99
118 106
119 8
119 14
119 15
119 37
119 47
119 65
119 95
119 98
119 101
119 121
120 3
120 4
120 15
120 16
120 35
120 44
120 55
120 78
121 12
121 53
121 62
121 89
121 103
121 121
121 124
121 127
122 12
122 17
122 44
122 84
122 87
123 4
123 35
123 43
123 44
123 83
123 84
123 115
124 21
124 32
124 37
124 52
124 99
124 101
124 104
124 115
125 2
125 19
125 27
125 49
125 86
126 11
126 15
126 37
126 53
126 54
126 58
126 59
126 80
126 94
126 97
126 105
126 115
126 122
127 9
127 13
127 15
127 24
127 34
127 39
127 50
127 69
127 74
127 98
