0 2
0 6
0 13
0 14
0 15
0 20
0 29
0 30
0 34
0 41
0 48
0 51
0 52
0 54
0 55
0 67
0 69
0 72
0 75
0 76
0 82
0 87
0 88
0 102
0 109
0 118
0 121
0 125
0 126
1 0
1 5
1 8
1 13
1 16
1 20
1 22
1 27
1 28
1 29
1 44
1 45
1 47
1 51
1 54
1 58
1 68
1 77
1 86
1 92
1 96
1 98
1 99
1 103
1 106
1 109
1 110
1 120
1 123
1 125
2 3
2 4
2 6
2 10
2 17
2 19
2 20
2 25
2 30
2 37
2 44
2 60
2 61
2 65
2 67
2 70
2 71
2 73
2 76
2 79
2 90
2 92
2 94
2 99
2 108
2 110
2 113
2 115
2 119
2 126
2 127
3 0
3 10
3 14
3 32
3 47
3 61
3 70
3 78
3 79
3 90
3 98
3 100
3 102
3 107
3 110
3 115
3 118
3 121
4 3
4 4
4 7
4 9
4 10
4 14
4 16
4 28
4 30
4 49
4 53
4 76
4 77
4 91
4 98
4 102
4 103
4 104
4 109
4 114
4 115
4 120
5 11
5 15
5 19
5 23
5 24
5 28
5 64
5 65
5 69
5 76
5 84
5 87
5 90
5 107
5 110
5 124
6 2
6 4
6 16
6 17
6 59
6 69
6 71
6 75
6 78
6 80
6 85
6 87
6 89
6 92
6 93
6 95
6 111
6 115
6 121
7 21
7 27
7 43
7 45
7 57
7 61
7 63
7 67
7 68
7 73
7 74
7 107
7 111
7 119
7 120
7 123
8 3
8 6
8 7
8 8
8 15
8 19
8 23
8 24
8 28
8 29
8 30
8 40
8 41
8 46
8 50
8 55
8 57
8 61
8 70
8 72
8 73
8 74
8 76
8 79
8 85
8 92
8 94
8 99
8 111
8 114
8 115
8 118
8 125
9 0
9 12
9 19
9 23
9 33
9 39
9 41
9 53
9 55
9 57
9 64
9 65
9 85
9 92
9 96
9 100
9 102
9 103
9 111
9 114
9 120
10 0
10 2
10 6
10 11
10 13
10 27
10 29
10 41
10 43
10 45
10 49
10 53
10 55
10 64
10 65
10 70
10 74
10 75
10 78
10 83
10 91
10 100
10 115
10 118
10 127
11 3
11 4
11 7
11 25
11 27
11 28
11 29
11 35
11 45
11 48
11 49
11 52
11 53
11 55
11 56
11 61
11 63
11 67
11 71
11 72
11 82
11 85
11 91
11 101
11 104
11 111
11 113
11 117
11 120
11 125
11 126
12 6
12 8
12 10
12 11
12 13
12 17
12 18
12 32
12 37
12 41
12 56
12 59
12 61
12 69
12 80
12 82
12 91
12 98
12 103
12 105
12 107
12 108
12 114
12 115
12 118
12 119
12 124
13 1
13 3
13 13
13 14
13 17
13 31
13 33
13 46
13 47
13 48
13 53
13 54
13 57
13 61
13 73
13 76
13 83
13 89
13 95
13 99
13 101
13 103
13 124
14 0
14 2
14 6
14 20
14 24
14 32
14 38
14 40
14 41
14 42
14 43
14 51
14 55
14 61
14 62
14 86
14 92
14 93
14 94
14 96
14 97
14 99
14 106
14 112
14 114
14 121
14 122
15 17
15 33
15 39
15 40
15 44
15 52
15 59
15 65
15 70
15 75
15 80
15 82
15 85
15 105
15 108
15 110
15 115
15 122
15 123
16 1
16 3
16 6
16 7
16 12
16 15
16 18
16 20
16 22
16 26
16 28
16 34
16 40
16 42
16 48
16 50
16 51
16 57
16 69
16 70
16 72
16 76
16 84
16 86
16 89
16 100
16 104
16 110
16 113
16 118
16 120
16 125
16 127
17 4
17 11
17 20
17 26
17 27
17 37
17 42
17 48
17 52
17 53
17 63
17 65
17 68
17 74
17 77
17 92
17 98
17 102
17 111
17 115
17 121
17 122
17 125
17 126
18 4
18 6
18 10
18 12
18 20
18 31
18 34
18 35
18 36
18 39
18 41
18 44
18 53
18 60
18 64
18 66
18 86
18 92
18 106
18 107
18 109
18 125
19 0
19 3
19 7
19 11
19 14
19 20
19 23
19 25
19 38
19 44
19 52
19 56
19 67
19 80
19 87
19 88
19 94
19 98
19 99
19 106
19 111
19 124
20 2
20 5
20 11
20 12
20 13
20 18
20 20
20 21
20 28
20 35
20 36
20 38
20 45
20 48
20 62
20 64
20 69
20 70
20 79
20 81
20 82
20 86
20 89
20 90
20 93
20 99
20 124
20 125
21 4
21 9
21 15
21 17
21 21
21 37
21 39
21 41
21 42
21 45
21 48
21 52
21 61
21 65
21 88
21 89
21 92
21 95
21 103
21 106
21 112
21 120
21 123
21 127
22 2
22 8
22 26
22 38
22 39
22 41
22 51
22 55
22 56
22 58
22 65
22 73
22 76
22 79
22 82
22 90
22 92
22 100
22 103
22 114
22 117
22 118
22 122
22 123
23 0
23 1
23 7
23 13
23 16
23 23
23 33
23 40
23 56
23 62
23 63
23 67
23 73
23 76
23 93
23 95
23 102
23 106
23 109
23 110
23 112
23 116
23 120
23 123
23 126
24 0
24 7
24 9
24 13
24 25
24 36
24 41
24 54
24 65
24 66
24 67
24 69
24 70
24 75
24 81
24 83
24 91
24 92
24 95
24 99
24 106
24 110
24 119
24 120
24 121
25 2
25 19
25 21
25 23
25 25
25 27
25 32
25 37
25 44
25 45
25 48
25 55
25 62
25 64
25 66
25 70
25 71
25 79
25 93
25 99
25 108
25 115
25 116
25 118
25 119
25 121
25 122
25 125
26 0
26 14
26 17
26 21
26 28
26 30
26 31
26 34
26 35
26 36
26 52
26 64
26 66
26 69
26 72
26 78
26 80
26 84
26 92
26 100
26 119
26 120
26 123
26 124
27 15
27 21
27 22
27 23
27 32
27 33
27 34
27 35
27 41
27 46
27 51
27 62
27 67
27 75
27 81
27 82
27 86
27 89
27 91
27 97
27 103
27 104
27 105
27 121
27 125
28 2
28 3
28 10
28 12
28 16
28 19
28 21
28 22
28 27
28 31
28 34
28 45
28 46
28 47
28 59
28 63
28 68
28 72
28 74
28 77
28 78
28 81
28 85
28 87
28 88
28 90
28 98
28 99
28 108
28 119
28 120
28 123
29 2
29 5
29 6
29 9
29 16
29 33
29 34
29 38
29 43
29 54
29 60
29 61
29 62
29 70
29 77
29 79
29 80
29 86
29 88
29 91
29 96
29 105
29 108
29 110
29 112
29 121
30 2
30 3
30 8
30 13
30 16
30 24
30 39
30 41
30 43
30 51
30 57
30 59
30 63
30 64
30 65
30 69
30 75
30 77
30 78
30 86
30 90
30 93
30 97
30 98
30 99
30 101
30 102
30 103
30 112
30 117
30 118
30 119
30 120
30 121
30 126
31 0
31 5
31 12
31 21
31 32
31 33
31 41
31 44
31 57
31 62
31 66
31 67
31 71
31 72
31 82
31 93
31 99
31 100
31 106
31 107
31 115
31 116
31 127
32 11
32 14
32 15
32 17
32 20
32 23
32 34
32 37
32 44
32 45
32 60
32 66
32 73
32 85
32 89
32 92
32 110
32 112
32 113
32 114
32 115
32 117
32 121
32 123
32 124
33 19
33 21
33 25
33 32
33 34
33 38
33 43
33 47
33 49
33 50
33 53
33 55
33 56
33 59
33 61
33 63
33 64
33 65
33 85
33 88
33 96
33 104
33 105
33 107
33 124
33 127
34 6
34 11
34 14
34 31
34 37
34 49
34 51
34 64
34 69
34 70
34 80
34 82
34 84
34 85
34 86
34 89
34 95
34 103
34 109
34 116
35 0
35 6
35 22
35 31
35 34
35 49
35 51
35 52
35 59
35 66
35 80
35 81
35 83
35 85
35 86
35 87
35 88
35 89
35 91
35 93
35 99
35 100
35 105
35 107
35 116
35 121
35 122
36 5
36 13
36 28
36 34
36 39
36 47
36 51
36 55
36 58
36 59
36 72
36 73
36 75
36 76
36 82
36 83
36 97
36 108
36 110
36 123
37 18
37 19
37 23
37 35
37 41
37 48
37 52
37 54
37 56
37 60
37 63
37 64
37 67
37 73
37 74
37 76
37 81
37 86
37 90
37 97
37 99
37 106
37 113
37 114
37 124
37 125
38 0
38 6
38 28
38 31
38 32
38 34
38 36
38 45
38 63
38 66
38 70
38 72
38 79
38 84
38 89
38 92
38 93
38 101
38 109
38 115
38 121
38 125
39 0
39 6
39 9
39 10
39 15
39 17
39 25
39 27
39 30
39 38
39 39
39 46
39 49
39 51
39 53
39 56
39 64
39 65
39 69
39 71
39 72
39 79
39 102
39 105
39 109
39 110
39 113
40 5
40 8
40 13
40 26
40 38
40 42
40 46
40 47
40 52
40 54
40 57
40 60
40 62
40 63
40 64
40 70
40 73
40 75
40 76
40 83
40 85
40 86
40 94
40 96
40 97
40 99
40 100
40 101
40 102
40 105
40 107
40 111
40 114
41 6
41 8
41 9
41 13
41 15
41 16
41 26
41 43
41 44
41 57
41 60
41 62
41 66
41 69
41 70
41 74
41 77
41 80
41 85
41 98
41 101
41 104
41 115
41 123
41 126
42 7
42 11
42 15
42 18
42 19
42 24
42 29
42 38
42 46
42 50
42 53
42 55
42 70
42 76
42 78
42 80
42 87
42 89
42 90
42 95
42 103
42 112
42 122
43 8
43 13
43 15
43 19
43 20
43 23
43 26
43 27
43 28
43 29
43 30
43 31
43 45
43 50
43 53
43 56
43 60
43 65
43 66
43 68
43 73
43 76
43 77
43 80
43 82
43 85
43 86
43 98
43 101
43 112
43 114
43 115
44 3
44 4
44 17
44 31
44 35
44 38
44 43
44 47
44 48
44 50
44 53
44 62
44 66
44 69
44 70
44 74
44 75
44 77
44 78
44 80
44 83
44 90
44 91
44 104
44 105
44 111
44 119
44 127
45 1
45 2
45 4
45 8
45 13
45 16
45 22
45 29
45 31
45 32
45 40
45 47
45 48
45 50
45 53
45 57
45 68
45 71
45 75
45 76
45 87
45 94
45 97
45 98
45 101
45 103
45 105
45 108
45 110
45 115
45 117
45 122
45 126
46 0
46 1
46 7
46 8
46 13
46 20
46 22
46 29
46 31
46 49
46 52
46 67
46 73
46 74
46 84
46 97
46 98
46 101
46 104
46 108
46 109
46 112
46 123
46 124
47 1
47 3
47 6
47 8
47 16
47 19
47 22
47 26
47 28
47 30
47 35
47 38
47 46
47 49
47 57
47 58
47 59
47 71
47 73
47 75
47 76
47 77
47 79
47 84
47 86
47 87
47 92
47 97
47 102
47 111
47 113
47 114
47 117
47 123
47 127
48 1
48 4
48 7
48 8
48 16
48 23
48 27
48 29
48 31
48 32
48 38
48 46
48 53
48 55
48 60
48 64
48 81
48 83
48 84
48 87
48 91
48 96
48 100
48 101
48 102
48 105
48 121
48 125
49 1
49 3
49 6
49 10
49 11
49 15
49 19
49 27
49 29
49 38
49 46
49 50
49 65
49 66
49 69
49 71
49 74
49 82
49 83
49 86
49 89
49 90
49 95
49 105
49 109
49 110
49 114
49 116
49 121
49 124
49 125
50 12
50 13
50 14
50 21
50 22
50 27
50 29
50 31
50 35
50 38
50 44
50 48
50 49
50 51
50 62
50 65
50 69
50 79
50 80
50 84
50 86
50 99
50 102
50 107
50 119
50 124
50 125
50 127
51 21
51 22
51 33
51 41
51 45
51 51
51 65
51 80
51 84
51 85
51 87
51 88
51 101
51 104
51 117
51 123
52 3
52 5
52 7
52 9
52 11
52 13
52 22
52 27
52 32
52 35
52 38
52 43
52 47
52 48
52 55
52 57
52 64
52 65
52 68
52 73
52 76
52 78
52 91
52 100
52 109
52 110
52 113
52 117
52 122
52 127
53 3
53 19
53 21
53 27
53 28
53 30
53 31
53 37
53 39
53 41
53 48
53 58
53 68
53 71
53 72
53 80
53 82
53 92
53 93
53 97
53 107
53 120
53 121
53 123
53 124
54 4
54 11
54 17
54 19
54 20
54 27
54 39
54 40
54 42
54 46
54 52
54 53
54 55
54 58
54 75
54 83
54 87
54 89
54 100
54 104
54 107
54 112
54 116
54 125
55 1
55 2
55 7
55 11
55 14
55 20
55 21
55 24
55 26
55 29
55 36
55 37
55 39
55 40
55 44
55 49
55 57
55 68
55 71
55 78
55 79
55 80
55 82
55 84
55 95
55 101
55 104
55 109
55 117
55 124
56 3
56 10
56 21
56 31
56 45
56 52
56 53
56 55
56 63
56 64
56 69
56 70
56 78
56 80
56 81
56 95
56 96
56 100
56 109
56 113
56 116
56 118
57 2
57 4
57 6
57 15
57 22
57 24
57 37
57 38
57 45
57 51
57 53
57 54
57 55
57 61
57 64
57 73
57 84
57 90
57 91
57 97
57 100
57 107
57 114
57 118
57 121
57 126
58 2
58 11
58 18
58 26
58 29
58 30
58 38
58 48
58 50
58 52
58 53
58 55
58 62
58 63
58 72
58 79
58 88
58 92
58 93
58 108
58 121
58 126
59 10
59 24
59 28
59 36
59 37
59 39
59 40
59 41
59 43
59 47
59 48
59 51
59 56
59 62
59 70
59 75
59 78
59 83
59 87
59 97
59 102
59 103
59 106
59 109
59 110
59 118
59 119
59 124
59 127
60 0
60 6
60 8
60 18
60 31
60 43
60 62
60 65
60 68
60 69
60 73
60 77
60 78
60 85
60 86
60 109
60 110
60 125
61 5
61 12
61 19
61 21
61 25
61 28
61 42
61 44
61 47
61 48
61 54
61 59
61 62
61 72
61 73
61 76
61 78
61 79
61 82
61 83
61 84
61 86
61 91
61 92
61 102
61 111
61 117
62 1
62 7
62 8
62 12
62 20
62 24
62 30
62 54
62 59
62 62
62 67
62 76
62 77
62 79
62 80
62 83
62 84
62 95
62 98
62 100
62 104
62 108
62 110
62 112
62 121
62 123
62 125
63 0
63 3
63 7
63 15
63 16
63 19
63 23
63 26
63 29
63 36
63 38
63 40
63 41
63 44
63 46
63 61
63 66
63 81
63 82
63 86
63 89
63 100
63 101
63 110
63 113
63 114
64 0
64 15
64 21
64 29
64 33
64 35
64 39
64 44
64 53
64 55
64 59
64 60
64 61
64 67
64 68
64 76
64 85
64 86
64 87
64 90
64 92
64 97
64 101
64 104
64 110
64 114
64 115
64 117
64 120
64 125
65 9
65 10
65 13
65 14
65 20
65 28
65 30
65 31
65 35
65 49
65 51
65 62
65 64
65 74
65 78
65 79
65 81
65 82
65 86
65 93
65 97
65 106
65 108
65 121
66 3
66 5
66 6
66 13
66 15
66 34
66 35
66 40
66 54
66 60
66 66
66 67
66 72
66 80
66 88
66 94
66 102
66 108
66 117
66 122
66 125
67 0
67 1
67 3
67 4
67 11
67 13
67 18
67 25
67 28
67 32
67 34
67 36
67 40
67 41
67 45
67 48
67 51
67 59
67 62
67 64
67 75
67 81
67 83
67 87
67 93
67 97
67 105
67 108
67 111
67 119
68 4
68 5
68 6
68 7
68 11
68 23
68 31
68 32
68 43
68 45
68 48
68 51
68 64
68 71
68 73
68 74
68 75
68 76
68 78
68 79
68 85
68 96
68 102
68 108
68 111
68 114
68 116
68 124
69 4
69 15
69 18
69 23
69 28
69 32
69 35
69 42
69 45
69 51
69 54
69 56
69 62
69 65
69 66
69 69
69 71
69 73
69 79
69 80
69 86
69 100
69 102
69 108
69 109
69 112
69 116
69 119
70 7
70 24
70 26
70 32
70 54
70 55
70 56
70 57
70 58
70 60
70 64
70 65
70 72
70 80
70 93
70 99
70 113
70 115
70 121
70 124
71 3
71 26
71 28
71 30
71 31
71 32
71 48
71 50
71 55
71 58
71 67
71 75
71 76
71 77
71 83
71 88
71 95
71 97
71 100
71 101
71 105
71 116
71 118
71 119
71 124
71 127
72 7
72 10
72 13
72 19
72 29
72 41
72 44
72 46
72 57
72 67
72 68
72 73
72 74
72 86
72 90
72 96
72 97
72 99
72 104
72 105
72 111
72 113
72 117
73 2
73 10
73 18
73 25
73 26
73 36
73 37
73 47
73 49
73 56
73 60
73 71
73 77
73 89
73 93
73 95
73 98
73 112
73 119
73 122
73 123
73 125
74 0
74 10
74 19
74 20
74 30
74 39
74 43
74 51
74 52
74 60
74 64
74 69
74 74
74 77
74 93
74 95
74 100
74 103
74 108
74 110
74 114
74 123
75 0
75 5
75 10
75 14
75 15
75 21
75 30
75 39
75 46
75 50
75 53
75 57
75 58
75 62
75 63
75 80
75 95
75 108
75 110
75 111
75 117
75 119
76 3
76 5
76 6
76 7
76 19
76 21
76 23
76 25
76 26
76 30
76 34
76 39
76 45
76 46
76 53
76 58
76 66
76 67
76 77
76 90
76 98
76 100
76 103
76 109
76 119
76 120
76 123
76 124
77 0
77 2
77 7
77 14
77 15
77 17
77 27
77 31
77 38
77 41
77 44
77 45
77 47
77 52
77 54
77 66
77 70
77 71
77 84
77 85
77 94
77 97
77 104
77 105
77 108
77 115
77 116
78 2
78 6
78 8
78 9
78 18
78 20
78 34
78 50
78 59
78 63
78 64
78 71
78 77
78 79
78 124
79 1
79 9
79 12
79 14
79 18
79 29
79 32
79 51
79 64
79 67
79 70
79 72
79 74
79 79
79 84
79 87
79 93
79 107
79 108
79 109
79 113
79 126
80 2
80 6
80 8
80 11
80 12
80 19
80 27
80 31
80 32
80 38
80 42
80 45
80 46
80 58
80 60
80 70
80 73
80 75
80 76
80 82
80 86
80 97
80 102
80 103
80 107
80 109
80 115
80 117
80 125
80 127
81 16
81 20
81 23
81 24
81 29
81 34
81 36
81 38
81 40
81 42
81 44
81 45
81 48
81 50
81 52
81 54
81 57
81 61
81 62
81 70
81 75
81 78
81 82
81 84
81 87
81 88
81 93
81 102
81 105
81 107
81 108
81 112
81 119
81 125
82 0
82 2
82 3
82 4
82 5
82 11
82 20
82 25
82 36
82 38
82 40
82 43
82 49
82 61
82 62
82 68
82 77
82 84
82 85
82 98
82 99
82 102
82 104
82 109
82 112
82 116
82 118
82 125
83 0
83 4
83 10
83 13
83 14
83 20
83 21
83 39
83 40
83 44
83 50
83 51
83 59
83 66
83 74
83 80
83 83
83 84
83 99
83 106
83 107
83 114
83 116
83 124
84 2
84 5
84 19
84 26
84 28
84 33
84 36
84 49
84 53
84 69
84 76
84 78
84 83
84 84
84 88
84 89
84 91
84 92
84 98
84 104
84 105
84 110
84 124
85 7
85 11
85 15
85 17
85 32
85 41
85 46
85 52
85 63
85 65
85 70
85 76
85 78
85 87
85 90
85 97
85 99
85 101
85 106
85 117
85 122
85 125
85 127
86 1
86 4
86 7
86 17
86 20
86 21
86 24
86 26
86 27
86 31
86 32
86 49
86 69
86 70
86 73
86 78
86 79
86 100
86 106
86 110
86 118
86 123
86 125
87 4
87 7
87 8
87 13
87 20
87 21
87 24
87 26
87 30
87 42
87 61
87 63
87 66
87 70
87 72
87 73
87 75
87 78
87 100
87 103
87 105
87 110
87 112
87 113
87 114
87 122
88 5
88 6
88 12
88 20
88 21
88 26
88 39
88 41
88 48
88 53
88 57
88 58
88 60
88 64
88 75
88 78
88 81
88 83
88 87
88 92
88 108
88 110
88 111
88 123
89 1
89 6
89 13
89 14
89 16
89 21
89 29
89 42
89 44
89 48
89 50
89 52
89 54
89 56
89 59
89 61
89 68
89 73
89 77
89 81
89 83
89 87
89 91
89 97
89 98
89 101
89 102
89 106
89 109
89 111
89 112
89 113
90 4
90 12
90 28
90 32
90 36
90 54
90 55
90 57
90 62
90 76
90 83
90 87
90 89
90 90
90 92
90 99
90 101
90 114
90 124
91 4
91 9
91 14
91 20
91 21
91 24
91 31
91 34
91 46
91 49
91 54
91 57
91 67
91 73
91 84
91 90
91 95
91 97
91 101
91 106
91 120
92 5
92 6
92 11
92 12
92 14
92 23
92 26
92 29
92 33
92 36
92 52
92 61
92 69
92 70
92 73
92 74
92 80
92 88
92 91
92 96
92 97
92 99
92 112
92 117
92 119
92 120
92 126
93 5
93 8
93 12
93 14
93 16
93 17
93 21
93 23
93 28
93 32
93 49
93 50
93 56
93 59
93 61
93 62
93 64
93 65
93 66
93 67
93 69
93 84
93 85
93 90
93 94
93 96
93 103
93 112
93 118
93 122
94 1
94 15
94 17
94 20
94 22
94 24
94 25
94 26
94 29
94 40
94 45
94 61
94 62
94 85
94 87
94 90
94 92
94 94
94 100
94 103
94 108
94 109
94 124
94 125
94 127
95 2
95 4
95 10
95 11
95 15
95 19
95 26
95 31
95 34
95 35
95 39
95 52
95 56
95 59
95 61
95 65
95 66
95 68
95 72
95 74
95 77
95 78
95 98
95 104
95 105
95 109
95 119
95 125
96 15
96 27
96 28
96 31
96 41
96 42
96 44
96 58
96 64
96 71
96 78
96 91
96 92
96 94
96 97
96 100
96 101
96 107
96 124
97 4
97 11
97 12
97 13
97 26
97 34
97 36
97 40
97 42
97 49
97 53
97 57
97 58
97 60
97 64
97 67
97 70
97 74
97 78
97 80
97 84
97 85
97 86
97 89
97 93
97 97
97 103
97 111
97 113
97 114
97 116
97 124
97 127
98 1
98 2
98 8
98 21
98 23
98 26
98 30
98 32
98 35
98 38
98 47
98 49
98 53
98 63
98 75
98 80
98 81
98 87
98 95
98 96
98 106
98 112
98 115
98 118
98 119
98 120
98 123
98 126
98 127
99 1
99 5
99 15
99 23
99 30
99 31
99 41
99 56
99 68
99 80
99 84
99 96
99 104
99 105
99 106
99 121
99 123
99 124
100 0
100 5
100 9
100 10
100 14
100 15
100 22
100 29
100 43
100 44
100 50
100 51
100 61
100 69
100 81
100 83
100 85
100 89
100 95
100 99
100 100
100 102
100 103
100 106
100 109
100 113
100 119
100 124
100 127
101 0
101 1
101 2
101 4
101 5
101 7
101 9
101 18
101 19
101 20
101 24
101 30
101 36
101 37
101 42
101 48
101 57
101 62
101 67
101 69
101 73
101 80
101 85
101 96
101 97
101 107
101 108
101 111
101 124
101 125
102 6
102 15
102 19
102 21
102 33
102 44
102 45
102 46
102 47
102 54
102 57
102 66
102 67
102 75
102 76
102 77
102 81
102 92
102 98
102 100
102 102
102 105
102 111
102 116
102 119
102 126
103 8
103 18
103 24
103 25
103 27
103 29
103 35
103 42
103 50
103 58
103 61
103 62
103 67
103 68
103 70
103 72
103 73
103 78
103 89
103 90
103 95
103 100
103 105
103 107
103 108
103 113
103 118
103 122
103 126
104 11
104 12
104 14
104 18
104 21
104 23
104 26
104 28
104 40
104 42
104 45
104 53
104 64
104 65
104 67
104 78
104 79
104 85
104 86
104 89
104 97
104 98
104 99
104 114
104 119
105 6
105 15
105 19
105 22
105 46
105 54
105 65
105 67
105 68
105 75
105 80
105 87
105 89
105 91
105 92
105 93
105 94
105 95
105 96
105 102
105 107
105 110
105 111
105 116
105 117
105 118
105 127
106 2
106 5
106 12
106 13
106 14
106 17
106 21
106 29
106 32
106 33
106 34
106 36
106 39
106 41
106 57
106 62
106 63
106 70
106 74
106 76
106 86
106 100
106 110
106 111
106 112
106 113
106 122
106 126
106 127
107 6
107 17
107 19
107 22
107 31
107 34
107 37
107 40
107 42
107 47
107 63
107 72
107 73
107 74
107 75
107 81
107 97
107 102
107 104
107 105
107 109
107 112
107 116
107 117
107 120
107 121
107 127
108 0
108 11
108 20
108 22
108 28
108 31
108 39
108 43
108 44
108 53
108 62
108 72
108 73
108 75
108 76
108 79
108 83
108 86
108 89
108 95
108 96
108 99
108 122
108 123
109 1
109 6
109 11
109 12
109 13
109 15
109 21
109 40
109 42
109 43
109 45
109 51
109 52
109 56
109 62
109 65
109 66
109 67
109 68
109 69
109 73
109 74
109 76
109 78
109 89
109 96
109 106
109 120
109 124
110 1
110 4
110 9
110 11
110 13
110 15
110 17
110 22
110 24
110 26
110 28
110 30
110 40
110 43
110 52
110 58
110 60
110 61
110 63
110 66
110 71
110 73
110 75
110 79
110 83
110 91
110 92
110 101
110 102
110 108
110 113
110 119
110 120
110 127
111 8
111 10
111 18
111 24
111 35
111 36
111 39
111 41
111 44
111 46
111 47
111 60
111 61
111 66
111 73
111 78
111 93
111 94
111 95
111 96
111 104
111 108
111 114
111 118
111 121
111 123
111 124
112 2
112 3
112 4
112 6
112 11
112 26
112 28
112 29
112 43
112 44
112 51
112 53
112 54
112 55
112 56
112 57
112 59
112 61
112 63
112 66
112 70
112 75
112 87
112 95
112 109
112 116
112 121
112 122
112 124
112 127
113 5
113 18
113 32
113 34
113 35
113 38
113 42
113 44
113 47
113 49
113 50
113 51
113 55
113 63
113 68
113 71
113 72
113 77
113 82
113 85
113 92
113 96
113 98
113 118
114 0
114 1
114 2
114 4
114 11
114 15
114 17
114 18
114 24
114 32
114 34
114 39
114 45
114 52
114 55
114 63
114 64
114 67
114 68
114 73
114 77
114 84
114 93
114 98
114 117
114 124
114 127
115 2
115 5
115 9
115 27
115 29
115 32
115 36
115 39
115 40
115 43
115 54
115 56
115 58
115 61
115 63
115 66
115 68
115 69
115 73
115 82
115 85
115 93
115 94
115 98
115 104
115 105
115 113
115 117
115 119
115 125
115 127
116 0
116 3
116 5
116 18
116 19
116 29
116 34
116 42
116 55
116 63
116 69
116 79
116 81
116 86
116 87
116 96
116 103
117 2
117 4
117 9
117 15
117 16
117 19
117 22
117 24
117 26
117 31
117 34
117 38
117 41
117 45
117 46
117 57
117 58
117 68
117 76
117 89
117 112
117 113
118 3
118 14
118 31
118 32
118 40
118 44
118 49
118 51
118 63
118 64
118 72
118 73
118 76
118 78
118 82
118 92
118 97
118 100
118 101
118 106
118 109
118 110
118 116
118 122
119 4
119 7
119 26
119 29
119 42
119 47
119 57
119 61
119 64
119 67
119 75
119 79
119 83
119 88
119 95
119 100
119 102
119 106
119 111
119 112
119 126
120 2
120 9
120 11
120 18
120 23
120 29
120 36
120 37
120 43
120 52
120 84
120 88
120 92
120 93
120 96
120 100
120 102
120 106
120 108
120 114
120 116
120 119
120 124
120 127
121 3
121 8
121 9
121 16
121 19
121 20
121 25
121 40
121 45
121 46
121 47
121 56
121 58
121 60
121 73
121 74
121 83
121 87
121 88
121 89
121 90
121 94
121 98
121 105
121 108
122 6
122 9
122 11
122 13
122 20
122 22
122 27
122 29
122 34
122 42
122 48
122 49
122 57
122 64
122 70
122 71
122 92
122 117
122 120
122 122
122 124
123 2
123 4
123 6
123 9
123 15
123 17
123 24
123 32
123 33
123 37
123 43
123 54
123 59
123 67
123 69
123 71
123 75
123 79
123 86
123 91
123 96
123 100
123 101
123 111
123 112
124 3
124 5
124 12
124 19
124 27
124 28
124 37
124 45
124 52
124 55
124 60
124 62
124 74
124 75
124 84
124 99
124 101
124 102
124 103
124 106
124 117
124 122
124 127
125 0
125 4
125 7
125 8
125 14
125 22
125 37
125 41
125 42
125 45
125 68
125 70
125 72
125 76
125 84
125 92
125 95
125 97
125 108
125 111
125 114
125 115
126 6
126 7
126 9
126 11
126 16
126 17
126 18
126 29
126 32
126 36
126 40
126 53
126 63
126 68
126 69
126 72
126 84
126 86
126 87
126 92
126 100
126 104
126 112
126 113
126 117
127 0
127 5
127 6
127 12
127 14
127 17
127 27
127 29
127 30
127 36
127 40
127 41
127 45
127 51
127 53
127 58
127 60
127 61
127 62
127 64
127 66
127 67
127 70
127 74
127 75
127 77
127 78
127 92
127 94
127 99
127 102
127 117
127 125
127 127
