0 2
0 3
0 4
0 5
0 13
0 17
0 27
0 50
0 52
0 53
0 57
0 61
0 64
0 68
0 71
0 74
0 76
0 77
0 85
0 91
0 99
0 104
0 107
0 115
0 117
0 118
0 121
0 122
0 127
1 1
1 22
1 23
1 27
1 28
1 30
1 35
1 37
1 48
1 49
1 59
1 63
1 68
1 76
1 81
1 93
1 103
1 112
1 118
1 119
1 120
1 126
2 1
2 4
2 10
2 14
2 16
2 19
2 21
2 26
2 27
2 29
2 30
2 31
2 45
2 51
2 52
2 55
2 59
2 64
2 70
2 71
2 77
2 78
2 79
2 80
2 84
2 88
2 91
2 102
2 106
2 109
2 110
2 115
3 2
3 6
3 9
3 10
3 11
3 16
3 19
3 21
3 28
3 32
3 44
3 56
3 58
3 59
3 64
3 68
3 81
3 83
3 86
3 88
3 89
3 90
3 94
3 97
3 103
3 104
3 106
3 112
3 116
3 117
3 121
4 2
4 4
4 18
4 21
4 34
4 51
4 54
4 60
4 65
4 70
4 79
4 81
4 83
4 95
4 96
4 101
4 103
4 110
4 121
4 124
5 0
5 1
5 2
5 14
5 33
5 54
5 69
5 75
5 78
5 79
5 80
5 94
5 96
5 98
5 100
5 111
5 112
5 116
5 117
5 119
5 124
6 6
6 12
6 13
6 15
6 16
6 19
6 23
6 28
6 41
6 42
6 49
6 51
6 59
6 65
6 70
6 72
6 73
6 76
6 77
6 83
6 88
6 96
6 110
6 112
6 114
6 117
6 122
6 125
6 126
7 1
7 3
7 7
7 14
7 22
7 23
7 32
7 37
7 38
7 44
7 46
7 52
7 63
7 71
7 73
7 78
7 80
7 81
7 86
7 87
7 90
7 95
7 109
7 110
7 111
7 115
7 117
7 118
8 6
8 12
8 18
8 22
8 24
8 32
8 38
8 41
8 48
8 61
8 64
8 68
8 75
8 80
8 85
8 87
8 93
8 97
8 101
8 107
8 111
8 113
8 116
8 119
8 121
8 124
8 127
9 1
9 14
9 17
9 21
9 22
9 24
9 29
9 32
9 38
9 41
9 44
9 51
9 61
9 71
9 82
9 88
9 93
9 107
9 109
9 114
9 120
9 125
9 127
10 1
10 7
10 8
10 9
10 22
10 42
10 49
10 51
10 56
10 60
10 62
10 63
10 74
10 75
10 77
10 95
10 96
10 100
10 104
10 107
10 111
10 115
10 118
10 119
10 121
10 123
11 2
11 6
11 9
11 12
11 16
11 18
11 28
11 32
11 36
11 38
11 45
11 58
11 66
11 79
11 85
11 89
11 94
11 97
11 102
11 103
11 104
11 108
11 111
11 118
11 119
12 0
12 3
12 11
12 12
12 32
12 35
12 36
12 41
12 50
12 51
12 64
12 68
12 72
12 73
12 74
12 79
12 80
12 85
12 108
12 116
12 118
12 120
12 121
12 122
12 123
12 127
13 0
13 6
13 7
13 27
13 28
13 29
13 38
13 39
13 40
13 44
13 47
13 51
13 52
13 54
13 55
13 58
13 59
13 63
13 67
13 69
13 77
13 78
13 82
13 87
13 89
13 90
13 97
13 102
13 109
13 117
13 120
13 125
14 4
14 8
14 13
14 17
14 22
14 31
14 33
14 38
14 42
14 43
14 47
14 48
14 60
14 62
14 68
14 73
14 79
14 84
14 85
14 100
14 107
14 109
14 123
14 125
15 6
15 9
15 31
15 33
15 40
15 44
15 54
15 55
15 58
15 62
15 63
15 66
15 70
15 79
15 82
15 83
15 84
15 86
15 87
15 90
15 92
15 93
15 101
15 105
15 108
15 111
15 113
15 115
16 1
16 8
16 11
16 16
16 19
16 23
16 27
16 35
16 36
16 38
16 45
16 57
16 65
16 68
16 74
16 79
16 83
16 84
16 87
16 93
16 98
16 100
16 105
16 111
16 115
16 120
16 121
16 124
16 126
17 0
17 16
17 18
17 22
17 25
17 34
17 41
17 52
17 55
17 57
17 60
17 64
17 65
17 66
17 77
17 79
17 81
17 82
17 87
17 98
17 100
17 101
17 105
17 112
17 123
17 127
18 1
18 2
18 3
18 7
18 10
18 11
18 19
18 26
18 30
18 31
18 36
18 40
18 43
18 49
18 58
18 67
18 70
18 81
18 82
18 90
18 93
18 95
18 101
18 103
18 107
18 109
18 112
18 116
18 123
18 125
18 127
19 8
19 9
19 21
19 28
19 32
19 33
19 37
19 44
19 45
19 49
19 53
19 57
19 58
19 65
19 66
19 67
19 71
19 73
19 78
19 80
19 81
19 82
19 92
19 100
19 108
19 109
19 122
19 125
20 0
20 4
20 13
20 16
20 22
20 27
20 33
20 35
20 40
20 42
20 49
20 50
20 51
20 52
20 60
20 61
20 73
20 84
20 91
20 98
20 108
20 113
20 127
21 13
21 23
21 24
21 25
21 29
21 31
21 38
21 42
21 45
21 56
21 58
21 62
21 72
21 76
21 80
21 82
21 85
21 92
21 102
21 108
21 114
21 118
21 119
21 125
22 11
22 16
22 18
22 24
22 26
22 32
22 35
22 44
22 45
22 55
22 59
22 60
22 67
22 75
22 77
22 85
22 88
22 102
22 107
22 110
22 111
22 118
22 119
23 9
23 14
23 15
23 18
23 21
23 34
23 36
23 37
23 46
23 48
23 50
23 51
23 73
23 82
23 85
23 88
23 112
24 1
24 4
24 6
24 7
24 11
24 14
24 17
24 29
24 31
24 41
24 44
24 45
24 46
24 52
24 54
24 57
24 60
24 61
24 66
24 71
24 74
24 83
24 85
24 105
25 0
25 2
25 3
25 4
25 10
25 12
25 19
25 20
25 26
25 52
25 53
25 55
25 57
25 66
25 70
25 71
25 72
25 74
25 76
25 89
25 90
25 95
25 97
25 98
25 103
25 112
25 116
26 3
26 9
26 10
26 20
26 21
26 25
26 27
26 29
26 36
26 38
26 41
26 46
26 47
26 50
26 51
26 61
26 64
26 79
26 81
26 82
26 84
26 85
26 89
26 92
26 93
26 104
26 110
26 115
26 127
27 2
27 6
27 7
27 17
27 20
27 21
27 24
27 32
27 37
27 43
27 45
27 54
27 57
27 60
27 98
27 99
27 104
27 105
27 108
27 110
27 113
27 116
27 117
27 119
27 126
28 0
28 4
28 5
28 9
28 11
28 13
28 17
28 21
28 35
28 38
28 40
28 42
28 58
28 59
28 63
28 67
28 68
28 82
28 94
28 96
28 98
28 103
28 107
28 117
28 118
28 119
28 120
28 126
29 5
29 8
29 15
29 17
29 25
29 26
29 31
29 32
29 33
29 41
29 42
29 43
29 45
29 46
29 54
29 61
29 64
29 68
29 71
29 74
29 78
29 89
29 97
29 99
29 112
29 114
29 123
30 1
30 4
30 5
30 7
30 16
30 18
30 25
30 27
30 31
30 32
30 33
30 35
30 41
30 50
30 63
30 69
30 70
30 75
30 78
30 79
30 82
30 84
30 87
30 90
30 92
30 94
30 107
30 117
30 120
30 124
30 126
31 1
31 7
31 14
31 20
31 22
31 26
31 29
31 32
31 47
31 51
31 53
31 57
31 59
31 61
31 65
31 66
31 67
31 71
31 72
31 74
31 75
31 77
31 79
31 81
31 97
31 98
31 106
31 108
31 113
31 116
31 121
31 123
31 124
31 125
32 2
32 3
32 7
32 8
32 11
32 16
32 17
32 19
32 22
32 24
32 25
32 29
32 32
32 45
32 49
32 50
32 52
32 54
32 55
32 64
32 65
32 66
32 68
32 73
32 91
32 93
32 94
32 96
32 101
32 111
32 113
32 120
32 123
32 125
33 1
33 4
33 15
33 18
33 23
33 29
33 30
33 33
33 34
33 35
33 43
33 44
33 47
33 50
33 53
33 55
33 59
33 73
33 78
33 81
33 89
33 90
33 93
33 95
33 103
33 105
33 110
33 112
33 117
33 118
33 121
33 122
33 124
33 126
34 4
34 5
34 11
34 41
34 43
34 47
34 49
34 50
34 52
34 53
34 64
34 65
34 75
34 76
34 84
34 88
34 97
34 101
34 110
34 113
34 116
34 117
34 118
35 2
35 4
35 7
35 9
35 13
35 25
35 39
35 42
35 47
35 48
35 52
35 56
35 63
35 76
35 94
35 99
35 102
35 104
35 106
35 110
35 117
35 119
35 121
35 125
36 1
36 2
36 3
36 16
36 25
36 28
36 32
36 54
36 58
36 59
36 79
36 84
36 91
36 101
36 109
36 111
36 115
36 127
37 16
37 18
37 25
37 30
37 36
37 37
37 40
37 48
37 62
37 64
37 65
37 66
37 67
37 69
37 73
37 90
37 91
37 101
37 102
37 112
37 116
38 11
38 12
38 16
38 40
38 46
38 49
38 51
38 63
38 69
38 71
38 72
38 73
38 80
38 87
38 104
38 107
38 109
38 115
38 120
39 1
39 12
39 19
39 30
39 33
39 45
39 48
39 50
39 54
39 57
39 78
39 82
39 90
39 96
39 97
39 99
39 123
39 124
40 10
40 28
40 39
40 40
40 44
40 60
40 61
40 64
40 77
40 88
40 96
40 98
40 105
40 107
40 108
40 109
40 119
40 126
41 9
41 17
41 20
41 26
41 32
41 36
41 40
41 41
41 42
41 43
41 44
41 49
41 51
41 52
41 55
41 57
41 70
41 76
41 82
41 86
41 93
41 105
41 112
41 115
41 116
41 118
41 122
41 126
42 0
42 6
42 14
42 17
42 22
42 23
42 30
42 31
42 40
42 42
42 44
42 49
42 50
42 59
42 66
42 68
42 73
42 80
42 81
42 83
42 93
42 94
42 96
42 100
42 103
42 106
42 112
42 113
42 114
42 118
42 122
43 2
43 8
43 19
43 29
43 30
43 31
43 39
43 44
43 45
43 46
43 50
43 54
43 57
43 71
43 84
43 97
43 105
43 107
43 109
43 116
43 121
43 124
43 125
44 3
44 4
44 9
44 11
44 12
44 13
44 14
44 17
44 19
44 21
44 25
44 26
44 32
44 42
44 43
44 44
44 46
44 49
44 50
44 51
44 54
44 58
44 62
44 63
44 67
44 68
44 81
44 82
44 86
44 93
44 102
44 115
44 122
44 125
45 1
45 3
45 11
45 20
45 26
45 36
45 40
45 46
45 58
45 62
45 72
45 74
45 76
45 79
45 92
45 93
45 113
45 118
45 120
46 5
46 28
46 30
46 37
46 41
46 50
46 53
46 55
46 59
46 61
46 72
46 80
46 83
46 94
46 104
46 108
46 109
46 116
46 117
46 127
47 4
47 7
47 8
47 18
47 20
47 26
47 27
47 30
47 31
47 33
47 37
47 43
47 47
47 59
47 68
47 71
47 75
47 76
47 77
47 82
47 83
47 87
47 89
47 116
47 117
47 120
47 124
48 1
48 16
48 24
48 26
48 28
48 31
48 34
48 35
48 45
48 54
48 56
48 66
48 78
48 80
48 83
48 90
48 100
48 111
48 114
48 118
48 120
48 123
48 124
48 127
49 2
49 11
49 13
49 16
49 21
49 30
49 31
49 71
49 85
49 87
49 88
49 89
49 90
49 92
49 100
49 106
49 120
49 121
49 126
49 127
50 5
50 11
50 20
50 39
50 46
50 80
50 81
50 84
50 85
50 86
50 89
50 97
50 113
50 119
50 123
50 124
51 11
51 12
51 21
51 24
51 29
51 34
51 35
51 36
51 41
51 47
51 52
51 69
51 71
51 74
51 75
51 78
51 80
51 82
51 84
51 101
51 103
51 108
51 112
51 114
52 2
52 5
52 6
52 12
52 14
52 21
52 24
52 30
52 31
52 33
52 44
52 45
52 52
52 53
52 68
52 69
52 82
52 86
52 97
52 103
52 110
52 115
52 117
52 118
52 120
52 123
52 126
53 11
53 33
53 36
53 47
53 53
53 54
53 58
53 64
53 69
53 70
53 73
53 74
53 81
53 86
53 91
53 97
53 98
53 99
53 100
53 102
53 104
53 110
53 112
53 116
53 118
53 119
53 121
53 123
53 125
54 1
54 4
54 19
54 20
54 22
54 23
54 24
54 25
54 28
54 35
54 49
54 53
54 61
54 65
54 71
54 78
54 79
54 81
54 87
54 89
54 90
54 95
54 99
54 108
54 124
55 1
55 10
55 11
55 14
55 15
55 17
55 29
55 35
55 37
55 39
55 48
55 49
55 52
55 57
55 61
55 66
55 67
55 68
55 72
55 74
55 75
55 76
55 90
55 91
55 93
55 97
55 100
55 101
55 103
55 104
55 109
55 116
55 117
55 121
55 122
55 123
55 126
55 127
56 0
56 3
56 6
56 9
56 19
56 21
56 30
56 33
56 34
56 43
56 48
56 49
56 51
56 53
56 64
56 72
56 80
56 100
56 101
56 106
56 108
56 115
56 117
56 123
56 126
57 2
57 5
57 10
57 11
57 20
57 22
57 25
57 28
57 33
57 36
57 38
57 47
57 50
57 57
57 62
57 65
57 71
57 72
57 90
57 91
57 92
57 101
57 108
57 118
57 120
57 122
58 1
58 20
58 21
58 24
58 27
58 30
58 31
58 37
58 40
58 42
58 43
58 44
58 45
58 56
58 61
58 71
58 80
58 82
58 84
58 92
58 95
58 96
58 99
58 100
58 105
58 110
58 118
58 120
58 123
58 124
58 125
58 126
59 1
59 8
59 12
59 14
59 19
59 26
59 27
59 28
59 47
59 52
59 55
59 57
59 67
59 68
59 69
59 80
59 86
59 87
59 90
59 93
59 98
59 106
59 107
59 113
59 115
59 119
59 123
59 127
60 0
60 4
60 5
60 12
60 14
60 23
60 26
60 27
60 30
60 32
60 39
60 42
60 45
60 50
60 53
60 63
60 67
60 68
60 77
60 83
60 100
60 101
60 108
60 116
60 117
60 122
61 1
61 5
61 15
61 16
61 17
61 19
61 20
61 23
61 24
61 28
61 35
61 37
61 41
61 44
61 47
61 52
61 54
61 55
61 61
61 69
61 72
61 74
61 77
61 80
61 84
61 87
61 94
61 100
61 106
61 110
61 112
61 124
62 5
62 11
62 17
62 20
62 27
62 30
62 31
62 32
62 35
62 37
62 40
62 42
62 43
62 44
62 46
62 57
62 60
62 66
62 70
62 72
62 75
62 81
62 84
62 85
62 89
62 90
62 94
62 115
62 117
62 121
62 122
63 2
63 4
63 5
63 15
63 16
63 29
63 42
63 45
63 47
63 50
63 55
63 60
63 65
63 71
63 75
63 79
63 87
63 90
63 97
63 102
63 103
63 106
63 119
63 122
63 125
64 0
64 13
64 15
64 19
64 23
64 26
64 31
64 39
64 48
64 49
64 51
64 62
64 68
64 82
64 85
64 91
64 93
64 96
64 99
64 101
64 111
64 113
64 118
64 119
64 122
64 126
65 4
65 9
65 10
65 13
65 15
65 17
65 24
65 29
65 31
65 32
65 46
65 51
65 63
65 75
65 86
65 88
65 92
65 95
65 100
65 103
65 107
65 113
65 114
65 115
65 117
65 124
65 126
66 0
66 7
66 15
66 27
66 36
66 46
66 48
66 51
66 56
66 69
66 79
66 95
66 96
66 98
66 100
66 107
66 111
66 123
67 7
67 8
67 9
67 10
67 35
67 44
67 49
67 53
67 64
67 69
67 70
67 81
67 83
67 86
67 89
67 91
67 92
67 101
67 106
67 111
67 118
67 119
67 122
67 125
68 4
68 8
68 13
68 17
68 20
68 24
68 29
68 31
68 32
68 39
68 41
68 42
68 44
68 46
68 47
68 48
68 52
68 67
68 78
68 81
68 82
68 87
68 88
68 94
68 98
68 100
68 104
68 107
68 111
68 126
69 11
69 20
69 21
69 28
69 35
69 42
69 43
69 44
69 45
69 53
69 62
69 63
69 69
69 70
69 72
69 75
69 94
69 107
69 112
69 115
69 125
70 0
70 16
70 26
70 28
70 35
70 43
70 44
70 58
70 63
70 64
70 65
70 70
70 73
70 75
70 80
70 81
70 83
70 88
70 94
70 99
70 100
70 102
70 103
70 105
70 114
70 115
70 120
70 121
71 4
71 19
71 22
71 25
71 29
71 35
71 39
71 53
71 82
71 97
71 101
71 112
71 116
71 119
71 121
71 127
72 9
72 10
72 11
72 12
72 13
72 21
72 22
72 35
72 38
72 40
72 53
72 70
72 71
72 78
72 81
72 84
72 91
72 96
72 97
72 98
72 104
72 108
72 118
72 119
72 124
73 2
73 3
73 6
73 20
73 26
73 40
73 42
73 46
73 48
73 49
73 54
73 64
73 66
73 68
73 70
73 80
73 93
73 97
73 103
73 104
73 108
74 5
74 8
74 9
74 12
74 27
74 30
74 43
74 50
74 56
74 63
74 65
74 67
74 76
74 86
74 92
74 96
74 98
74 100
74 112
75 7
75 16
75 19
75 22
75 24
75 31
75 50
75 55
75 60
75 65
75 70
75 71
75 75
75 91
75 94
75 100
75 107
75 110
75 117
75 118
75 120
75 123
76 1
76 11
76 15
76 20
76 23
76 27
76 28
76 31
76 33
76 34
76 35
76 39
76 44
76 50
76 53
76 62
76 63
76 64
76 71
76 74
76 78
76 79
76 80
76 82
76 83
76 93
76 101
76 104
76 107
76 113
76 115
76 117
76 125
77 0
77 2
77 5
77 7
77 13
77 14
77 18
77 22
77 26
77 27
77 33
77 36
77 42
77 43
77 51
77 54
77 57
77 66
77 69
77 80
77 89
77 98
77 99
77 104
77 105
77 108
77 109
77 113
77 121
77 123
77 127
78 3
78 9
78 21
78 31
78 35
78 51
78 57
78 59
78 75
78 88
78 91
78 95
78 100
78 105
78 112
78 114
78 116
78 125
79 3
79 7
79 14
79 19
79 22
79 27
79 33
79 37
79 38
79 45
79 46
79 64
79 66
79 69
79 73
79 75
79 76
79 81
79 84
79 85
79 88
79 104
79 107
79 109
80 0
80 7
80 17
80 23
80 27
80 34
80 37
80 48
80 50
80 51
80 58
80 59
80 73
80 75
80 76
80 77
80 83
80 90
80 97
80 99
80 101
80 112
80 118
80 119
80 122
80 124
81 13
81 14
81 15
81 16
81 19
81 23
81 27
81 30
81 32
81 34
81 38
81 48
81 51
81 55
81 58
81 61
81 63
81 67
81 72
81 77
81 83
81 86
81 87
81 90
81 96
81 102
81 111
81 112
81 115
81 117
81 127
82 3
82 13
82 18
82 26
82 27
82 28
82 30
82 33
82 34
82 38
82 53
82 54
82 63
82 84
82 92
82 94
82 99
82 103
82 107
82 111
82 114
82 119
82 125
83 12
83 27
83 30
83 32
83 33
83 43
83 60
83 62
83 66
83 70
83 75
83 77
83 93
83 94
83 96
83 100
83 102
83 106
83 107
83 108
83 109
83 115
83 118
83 120
83 124
83 126
84 5
84 13
84 15
84 29
84 37
84 44
84 47
84 48
84 50
84 51
84 53
84 55
84 70
84 76
84 78
84 88
84 93
84 95
84 99
84 103
84 110
84 113
84 118
85 1
85 3
85 5
85 7
85 15
85 16
85 17
85 22
85 24
85 39
85 51
85 53
85 59
85 64
85 77
85 78
85 83
85 88
85 99
85 114
85 125
85 126
86 0
86 2
86 5
86 11
86 18
86 19
86 27
86 30
86 47
86 64
86 66
86 68
86 71
86 83
86 90
86 94
86 97
86 100
86 101
86 102
86 112
86 113
86 121
86 123
87 12
87 15
87 21
87 28
87 33
87 36
87 40
87 48
87 58
87 59
87 61
87 62
87 64
87 67
87 69
87 72
87 79
87 83
87 89
87 95
87 96
87 101
87 108
87 110
87 124
87 125
87 126
88 1
88 17
88 20
88 28
88 30
88 39
88 40
88 44
88 45
88 46
88 50
88 51
88 58
88 59
88 61
88 66
88 70
88 78
88 80
88 89
88 95
88 99
88 107
88 109
88 117
88 124
89 7
89 9
89 17
89 18
89 22
89 45
89 49
89 51
89 52
89 55
89 56
89 62
89 66
89 68
89 79
89 80
89 100
89 103
89 105
89 111
89 116
89 124
90 1
90 2
90 11
90 14
90 18
90 20
90 22
90 28
90 29
90 39
90 43
90 47
90 52
90 53
90 63
90 79
90 81
90 85
90 91
90 92
90 95
90 96
90 105
90 107
90 109
90 113
90 119
90 123
90 124
91 3
91 6
91 17
91 36
91 43
91 55
91 59
91 61
91 65
91 67
91 80
91 81
91 89
91 100
91 104
91 105
91 109
91 115
91 120
91 126
92 3
92 16
92 24
92 27
92 29
92 33
92 38
92 39
92 42
92 43
92 59
92 63
92 72
92 74
92 76
92 78
92 86
92 95
92 98
92 103
92 104
92 106
92 111
92 121
92 122
92 124
93 0
93 8
93 10
93 11
93 13
93 16
93 17
93 22
93 23
93 24
93 26
93 27
93 28
93 40
93 57
93 60
93 61
93 68
93 76
93 78
93 87
93 90
93 92
93 93
93 95
93 106
93 113
94 10
94 17
94 19
94 22
94 25
94 26
94 31
94 35
94 45
94 48
94 49
94 62
94 64
94 65
94 78
94 80
94 81
94 82
94 90
94 93
94 95
94 105
94 109
94 117
94 121
94 122
94 125
94 126
94 127
95 3
95 7
95 14
95 33
95 39
95 40
95 42
95 45
95 49
95 52
95 56
95 57
95 61
95 63
95 68
95 87
95 92
95 106
95 110
95 119
96 0
96 1
96 3
96 4
96 6
96 7
96 9
96 19
96 23
96 24
96 28
96 37
96 45
96 46
96 49
96 50
96 60
96 67
96 74
96 82
96 95
96 96
96 102
96 103
96 105
96 109
96 113
96 126
97 5
97 8
97 9
97 10
97 11
97 19
97 30
97 32
97 41
97 47
97 50
97 56
97 57
97 61
97 68
97 72
97 76
97 77
97 85
97 86
97 88
97 89
97 90
97 97
97 106
97 121
98 5
98 8
98 9
98 11
98 12
98 13
98 21
98 26
98 31
98 32
98 42
98 51
98 56
98 58
98 61
98 68
98 69
98 71
98 72
98 80
98 83
98 93
98 94
98 100
98 104
98 119
98 127
99 2
99 10
99 13
99 15
99 27
99 42
99 45
99 48
99 56
99 59
99 62
99 65
99 68
99 72
99 74
99 76
99 87
99 89
99 97
99 99
99 102
99 108
99 110
99 112
99 116
99 118
99 120
99 127
100 3
100 4
100 13
100 14
100 15
100 17
100 18
100 22
100 28
100 30
100 32
100 35
100 40
100 44
100 58
100 59
100 63
100 64
100 69
100 75
100 77
100 78
100 87
100 95
100 97
100 99
100 105
100 112
100 114
100 117
100 123
100 125
100 126
101 9
101 10
101 12
101 16
101 19
101 28
101 31
101 33
101 35
101 40
101 44
101 49
101 64
101 72
101 75
101 76
101 86
101 93
101 96
101 101
101 103
101 106
101 107
101 110
101 120
101 122
102 20
102 26
102 30
102 35
102 36
102 46
102 52
102 62
102 65
102 66
102 70
102 77
102 81
102 82
102 91
102 110
102 111
102 112
102 115
102 125
103 6
103 12
103 23
103 30
103 31
103 32
103 36
103 38
103 65
103 69
103 73
103 74
103 82
103 85
103 86
103 92
103 93
103 94
103 95
103 96
103 97
103 101
103 109
103 110
103 116
103 120
103 122
103 123
103 124
104 16
104 18
104 20
104 26
104 29
104 32
104 33
104 45
104 56
104 72
104 76
104 83
104 84
104 89
104 94
104 102
104 105
104 110
104 115
104 116
105 3
105 5
105 12
105 16
105 17
105 25
105 27
105 28
105 33
105 34
105 36
105 37
105 41
105 48
105 61
105 64
105 66
105 69
105 76
105 83
105 85
105 89
105 96
105 97
105 99
105 109
105 117
105 120
105 124
105 125
105 126
106 0
106 10
106 14
106 18
106 21
106 22
106 24
106 26
106 27
106 29
106 31
106 43
106 45
106 52
106 53
106 62
106 64
106 74
106 77
106 78
106 84
106 89
106 91
106 94
106 106
106 110
106 112
106 113
106 120
107 16
107 32
107 38
107 44
107 48
107 49
107 53
107 56
107 60
107 62
107 63
107 71
107 77
107 83
107 84
107 89
107 93
107 98
107 99
107 106
107 109
107 112
107 120
107 121
107 123
108 9
108 11
108 13
108 15
108 20
108 31
108 41
108 46
108 47
108 61
108 64
108 68
108 79
108 83
108 93
108 94
108 95
108 103
108 106
108 124
108 125
109 0
109 11
109 17
109 20
109 24
109 25
109 34
109 40
109 42
109 45
109 55
109 58
109 59
109 65
109 67
109 70
109 75
109 97
109 98
109 101
109 111
109 114
109 116
109 122
109 124
109 125
110 2
110 4
110 8
110 10
110 13
110 19
110 32
110 37
110 48
110 50
110 53
110 60
110 61
110 63
110 72
110 75
110 99
110 104
110 120
110 126
111 7
111 10
111 11
111 14
111 16
111 23
111 24
111 27
111 31
111 35
111 52
111 56
111 61
111 62
111 66
111 70
111 75
111 85
111 89
111 95
111 96
111 97
111 98
111 109
111 112
111 113
111 114
111 118
111 125
111 126
112 8
112 9
112 10
112 26
112 27
112 32
112 34
112 41
112 48
112 55
112 64
112 69
112 79
112 86
112 87
112 88
112 92
112 99
112 107
112 109
112 110
112 112
112 117
113 2
113 7
113 12
113 14
113 19
113 25
113 34
113 36
113 37
113 38
113 48
113 62
113 63
113 67
113 69
113 70
113 79
113 81
113 87
113 92
113 98
113 106
113 121
113 123
113 127
114 2
114 14
114 16
114 18
114 26
114 27
114 31
114 44
114 46
114 47
114 53
114 55
114 56
114 60
114 63
114 72
114 73
114 74
114 76
114 87
114 90
114 97
114 100
114 102
114 104
114 108
114 126
115 0
115 9
115 10
115 11
115 13
115 21
115 22
115 35
115 38
115 39
115 42
115 44
115 48
115 52
115 58
115 61
115 66
115 72
115 76
115 82
115 85
115 94
115 112
116 3
116 16
116 22
116 23
116 49
116 51
116 52
116 69
116 72
116 73
116 74
116 78
116 83
116 90
116 97
116 101
116 102
116 103
116 111
116 115
116 116
116 120
116 123
117 3
117 5
117 7
117 8
117 22
117 23
117 24
117 26
117 27
117 29
117 30
117 32
117 35
117 37
117 38
117 43
117 44
117 52
117 53
117 66
117 69
117 70
117 93
117 100
117 107
117 117
117 122
117 123
118 3
118 4
118 8
118 18
118 39
118 40
118 45
118 47
118 50
118 52
118 56
118 58
118 59
118 65
118 66
118 72
118 73
118 78
118 80
118 83
118 84
118 86
118 88
118 89
118 90
118 97
118 98
118 103
118 106
118 115
118 124
118 126
118 127
119 10
119 18
119 25
119 28
119 32
119 37
119 42
119 44
119 46
119 47
119 57
119 59
119 63
119 67
119 70
119 73
119 78
119 80
119 84
119 87
119 94
119 99
119 101
119 107
119 110
119 121
119 123
119 124
119 126
120 1
120 3
120 9
120 17
120 18
120 22
120 32
120 33
120 48
120 58
120 61
120 63
120 73
120 76
120 79
120 95
120 98
120 104
120 105
120 118
120 120
121 1
121 2
121 3
121 6
121 8
121 11
121 14
121 18
121 23
121 38
121 40
121 43
121 46
121 47
121 48
121 49
121 59
121 60
121 70
121 71
121 78
121 86
121 87
121 98
121 107
121 118
121 125
122 2
122 3
122 17
122 19
122 22
122 30
122 31
122 37
122 46
122 50
122 63
122 71
122 72
122 80
122 85
122 86
122 93
122 95
122 101
122 115
122 124
122 126
123 3
123 8
123 13
123 16
123 19
123 22
123 41
123 42
123 51
123 56
123 57
123 63
123 64
123 70
123 71
123 72
123 74
123 77
123 78
123 79
123 83
123 85
123 86
123 87
123 89
123 104
123 119
124 4
124 6
124 14
124 18
124 24
124 26
124 31
124 33
124 45
124 46
124 52
124 56
124 78
124 79
124 85
124 86
124 88
124 92
124 93
124 97
124 110
124 117
124 122
124 123
125 0
125 7
125 8
125 13
125 16
125 24
125 33
125 37
125 41
125 43
125 46
125 47
125 52
125 53
125 68
125 71
125 72
125 74
125 75
125 76
125 79
125 84
125 85
125 86
125 88
125 92
125 94
125 99
125 103
125 106
125 110
125 112
125 121
125 126
126 14
126 18
126 19
126 27
126 35
126 44
126 53
126 76
126 77
126 83
126 90
126 102
126 103
126 104
126 106
126 109
126 119
126 121
126 126
126 127
127 8
127 17
127 29
127 30
127 32
127 35
127 40
127 43
127 47
127 59
127 75
127 81
127 82
127 91
127 95
127 99
127 110
127 112
127 117
