0 1
0 34
0 112
0 118
1 48
1 71
1 75
1 87
1 103
2 56
3 11
3 12
3 22
3 75
3 84
3 91
4 35
4 46
4 56
4 57
4 105
4 115
5 44
5 87
5 94
5 117
6 27
6 63
6 85
6 88
6 100
7 10
7 17
7 31
7 80
7 124
8 7
8 98
8 111
8 116
9 31
9 32
9 64
10 17
10 19
10 47
10 95
10 118
11 4
11 33
11 43
11 66
11 99
12 15
12 55
12 57
12 60
12 94
12 105
12 109
12 112
13 46
13 99
13 104
13 115
14 14
14 88
14 124
15 35
15 110
16 60
17 94
18 30
18 40
18 66
18 71
18 84
18 104
19 4
19 61
19 67
20 66
21 67
21 99
22 67
22 85
22 107
22 123
23 8
23 34
23 103
24 23
24 96
25 10
25 57
25 71
25 75
25 76
26 75
26 86
27 33
28 25
28 41
28 52
28 84
29 67
29 89
29 103
29 123
30 24
30 44
30 46
30 97
30 107
31 11
31 17
31 27
31 37
31 95
31 113
31 122
32 7
32 17
32 39
32 75
32 80
32 83
32 108
32 118
33 78
33 104
33 112
33 114
34 80
34 90
34 118
35 34
35 36
35 39
35 60
35 69
35 92
35 117
35 124
36 41
36 55
37 11
37 85
37 122
38 24
38 31
38 36
38 57
38 122
39 24
39 58
40 15
40 69
40 95
41 13
41 35
41 76
41 105
42 22
42 49
42 82
42 87
42 89
43 12
44 19
44 88
44 127
45 7
45 35
45 39
45 42
45 52
45 59
45 80
45 120
46 23
46 26
46 75
47 34
47 46
47 58
47 72
47 91
48 6
48 10
48 33
48 100
48 116
48 124
49 2
49 19
49 83
50 7
50 8
50 121
51 2
51 15
51 90
52 54
52 73
52 82
52 98
53 84
54 7
54 73
54 78
54 115
55 33
55 46
55 92
56 89
56 104
56 119
57 85
57 94
57 95
57 107
58 29
58 52
58 55
58 65
58 66
58 80
58 112
58 121
59 57
59 62
59 66
59 91
59 99
59 119
60 29
60 99
60 119
61 20
61 38
61 46
61 90
61 107
62 4
62 63
62 69
62 95
62 102
62 121
63 12
63 27
63 38
63 42
63 85
63 86
63 113
65 63
65 114
66 15
66 30
66 41
66 111
66 127
67 71
67 97
67 118
68 13
68 88
69 1
69 116
70 12
71 1
71 72
72 16
72 67
72 89
72 113
73 8
73 106
73 120
73 127
74 8
74 9
74 19
74 26
74 38
74 61
74 64
74 87
74 98
74 109
75 3
75 36
75 69
75 75
75 116
75 123
76 32
76 38
76 68
76 101
77 51
77 63
77 85
78 33
78 58
78 105
79 38
79 56
79 92
79 101
79 108
80 18
80 27
80 37
80 79
80 92
81 8
81 96
82 24
82 30
82 34
82 35
82 81
82 86
82 93
83 11
83 36
83 38
83 66
83 81
84 24
84 112
84 114
85 12
85 16
85 26
85 40
86 3
86 9
86 26
86 49
86 52
86 53
86 61
86 85
87 62
87 123
88 4
88 5
88 89
88 105
89 8
89 31
89 68
89 69
89 99
89 105
89 121
90 6
90 19
90 39
90 51
90 83
90 86
90 111
91 4
91 9
91 64
91 112
92 118
93 3
93 55
94 8
94 48
95 8
95 16
95 39
95 40
95 56
95 102
96 10
96 94
97 6
97 63
97 100
97 120
97 127
98 20
98 53
98 54
98 67
98 69
98 115
99 59
99 115
100 15
100 54
101 1
101 16
101 91
102 3
102 24
102 65
102 72
103 3
103 43
103 49
103 83
104 27
104 41
104 49
104 67
104 88
104 101
105 65
105 108
106 1
106 16
106 55
106 56
106 77
106 87
106 96
107 28
107 127
108 3
108 46
108 65
108 109
109 2
109 65
109 99
110 2
110 3
110 22
110 53
110 97
111 21
111 31
111 68
111 115
111 123
112 31
112 44
112 56
112 98
113 12
113 77
113 82
114 32
114 50
114 83
114 122
115 8
115 31
115 49
115 106
115 120
116 32
116 56
116 104
117 17
117 35
118 32
118 80
118 90
118 125
119 4
119 46
119 69
119 96
119 99
119 107
120 27
120 74
120 100
120 105
120 113
121 100
122 9
122 27
122 111
123 17
123 80
123 118
124 98
124 126
125 1
125 3
125 38
125 89
125 99
125 108
126 13
126 52
126 113
127 44
127 104
