0 18
0 26
0 28
0 41
0 43
0 52
0 83
0 96
0 98
0 107
1 15
1 20
1 21
1 30
1 32
1 36
1 40
1 53
1 67
1 75
1 76
1 80
1 82
1 91
1 102
1 108
1 123
2 6
2 30
2 49
2 52
2 82
2 83
2 88
2 98
2 104
2 119
2 126
3 9
3 27
3 32
3 34
3 54
3 62
3 63
3 70
3 73
3 79
3 80
3 87
3 93
3 99
3 109
3 117
4 10
4 25
4 26
4 32
4 51
4 57
4 61
4 63
4 68
4 70
4 77
4 79
4 108
4 111
4 119
4 124
4 126
5 5
5 13
5 23
5 31
5 33
5 36
5 43
5 61
5 70
5 71
5 86
5 87
6 4
6 10
6 17
6 25
6 45
6 60
6 64
6 65
6 66
6 76
6 92
6 114
7 48
7 59
7 65
7 67
7 75
7 92
7 95
7 105
7 106
7 113
7 114
8 1
8 17
8 55
8 57
8 65
8 70
8 71
8 72
8 76
8 78
8 103
8 113
9 18
9 28
9 47
9 58
9 92
9 100
10 10
10 38
10 49
10 52
10 56
10 64
10 70
10 75
10 79
10 98
10 99
10 101
10 104
10 112
10 114
11 0
11 2
11 6
11 7
11 9
11 12
11 17
11 21
11 29
11 43
11 49
11 54
11 58
11 72
11 78
11 85
11 86
11 88
11 90
11 99
11 102
11 106
12 1
12 19
12 34
12 39
12 57
12 114
12 117
12 119
12 121
13 0
13 10
13 12
13 14
13 22
13 23
13 31
13 35
13 37
13 38
13 42
13 43
13 47
13 58
13 60
13 94
13 103
13 113
13 120
13 127
14 12
14 15
14 31
14 40
14 42
14 44
14 53
14 54
14 58
14 59
14 68
14 73
14 77
14 85
14 114
14 116
14 121
15 4
15 19
15 22
15 32
15 36
15 37
15 38
15 60
15 112
15 125
15 127
16 11
16 26
16 29
16 41
16 57
16 66
16 76
16 79
16 80
16 84
16 88
16 104
16 111
16 123
16 126
16 127
17 13
17 21
17 25
17 37
17 48
17 49
17 73
17 91
17 93
17 104
17 112
17 113
17 114
17 115
18 6
18 18
18 24
18 27
18 45
18 53
18 58
18 60
18 79
18 81
18 82
18 86
18 101
18 110
19 7
19 14
19 19
19 31
19 38
19 49
19 50
19 53
19 56
19 62
19 74
19 77
19 89
19 109
19 110
19 114
19 118
19 121
19 123
19 126
20 14
20 64
20 66
20 78
20 85
20 93
20 125
21 26
21 27
21 31
21 78
21 96
22 11
22 12
22 14
22 21
22 29
22 37
22 46
22 57
22 59
22 69
22 85
22 101
22 115
22 118
22 123
23 13
23 14
23 17
23 39
23 50
23 55
23 100
23 108
23 115
23 121
24 5
24 23
24 29
24 35
24 40
24 41
24 52
24 54
24 60
24 74
24 76
24 89
24 92
24 93
24 97
24 111
24 113
24 126
25 14
25 15
25 33
25 50
25 52
25 53
25 60
25 66
25 87
25 88
25 117
25 124
26 21
26 26
26 32
26 35
26 45
26 52
26 68
26 70
26 82
26 104
26 123
27 16
27 29
27 32
27 33
27 52
27 83
27 98
27 99
27 114
27 117
27 123
27 124
28 11
28 35
28 45
28 46
28 61
28 81
28 95
28 102
28 120
29 9
29 10
29 18
29 24
29 29
29 34
29 41
29 43
29 70
29 93
29 102
29 105
29 122
29 123
30 23
30 38
30 46
30 49
30 90
30 96
30 112
30 115
30 116
30 120
31 0
31 2
31 8
31 13
31 28
31 43
31 58
31 108
31 111
31 118
32 11
32 24
32 32
32 42
32 54
32 62
32 75
32 85
32 95
32 104
32 108
33 22
33 25
33 47
33 49
33 52
33 60
33 62
33 69
33 93
33 100
33 102
33 108
33 113
33 115
34 16
34 19
34 23
34 30
34 48
34 53
34 59
34 64
34 86
34 96
34 104
34 111
34 119
34 127
35 13
35 20
35 40
35 41
35 61
35 77
35 87
36 1
36 2
36 4
36 6
36 25
36 27
36 35
36 48
36 61
36 66
36 82
36 85
36 96
36 103
36 112
36 116
36 118
36 124
37 2
37 5
37 17
37 18
37 20
37 32
37 41
37 43
37 55
37 66
37 74
37 79
37 104
37 107
37 113
37 123
38 17
38 26
38 43
38 45
38 63
38 123
39 1
39 5
39 7
39 14
39 40
39 99
40 24
40 30
40 45
40 50
40 59
40 61
40 79
40 95
40 106
40 109
40 112
41 4
41 24
41 25
41 43
41 45
41 77
41 81
41 104
41 106
41 107
41 110
41 126
42 3
42 18
42 32
42 36
42 42
42 46
42 51
42 66
42 67
42 72
42 76
42 78
42 105
42 111
42 116
42 120
42 122
43 3
43 7
43 19
43 27
43 47
43 58
43 66
43 76
43 77
43 81
43 89
43 96
44 12
44 23
44 26
44 32
44 39
44 44
44 77
44 88
44 89
44 97
44 103
44 112
44 121
44 125
44 126
45 9
45 27
45 71
45 77
45 98
45 103
46 28
46 30
46 41
46 50
46 61
46 71
46 75
46 83
46 89
46 91
46 104
46 121
46 122
46 125
47 2
47 15
47 29
47 33
47 47
47 50
47 67
47 94
47 113
47 127
48 7
48 13
48 23
48 28
48 32
48 33
48 47
48 54
48 66
48 82
48 118
49 1
49 39
49 40
49 41
49 59
49 67
49 83
49 118
50 6
50 21
50 22
50 32
50 34
50 36
50 70
50 72
50 74
50 88
50 100
50 106
50 114
50 116
51 7
51 13
51 21
51 22
51 26
51 46
51 60
51 63
51 72
51 73
51 75
51 86
51 111
51 115
51 116
52 1
52 15
52 19
52 26
52 46
52 47
52 70
52 78
52 85
52 86
52 102
52 112
52 113
52 115
53 5
53 6
53 21
53 33
53 48
53 69
53 71
53 73
53 77
53 97
53 104
53 127
54 4
54 13
54 15
54 31
54 33
54 37
54 66
54 72
54 86
54 90
54 96
54 107
54 115
54 121
55 0
55 4
55 8
55 20
55 24
55 46
55 56
55 63
55 69
55 73
55 101
55 105
55 111
55 120
56 28
56 38
56 39
56 47
56 63
56 78
56 82
56 86
56 88
56 94
56 99
56 108
56 113
57 10
57 48
57 64
57 77
57 104
57 112
58 0
58 8
58 12
58 19
58 27
58 39
58 53
58 58
58 59
58 78
58 91
58 96
58 103
58 124
58 126
59 18
59 19
59 20
59 24
59 30
59 50
59 52
59 90
59 97
59 98
59 106
59 108
59 116
59 120
59 126
60 21
60 37
60 38
60 48
60 50
60 52
60 85
60 95
60 97
60 103
60 112
60 116
61 5
61 7
61 31
61 47
61 51
61 61
61 69
61 70
61 100
61 114
61 117
62 10
62 29
62 42
62 52
62 54
62 78
62 86
62 87
62 89
62 91
62 110
62 121
62 126
63 2
63 23
63 32
63 33
63 43
63 51
63 65
63 97
63 100
63 102
63 106
63 110
63 116
63 122
63 123
64 7
64 25
64 35
64 38
64 64
64 72
64 92
64 103
64 105
64 109
64 113
64 115
64 120
64 122
64 127
65 3
65 8
65 14
65 18
65 40
65 46
65 54
65 60
65 70
65 73
65 77
65 104
65 112
65 115
65 120
66 11
66 32
66 57
66 67
66 91
66 108
66 111
66 114
66 115
66 119
67 25
67 36
67 47
67 67
67 77
67 78
67 123
67 126
68 14
68 26
68 39
68 44
68 47
68 77
68 79
68 83
68 90
68 94
68 99
68 120
69 7
69 12
69 14
69 16
69 37
69 42
69 47
69 54
69 55
69 66
69 67
69 73
69 76
69 82
69 84
69 95
69 105
70 13
70 26
70 30
70 35
70 39
70 47
70 53
70 61
70 68
70 69
70 70
70 86
70 100
70 104
70 107
70 116
71 2
71 9
71 14
71 16
71 18
71 19
71 22
71 66
71 72
71 84
71 92
71 95
71 103
71 105
71 112
71 118
71 124
71 127
72 4
72 12
72 16
72 20
72 51
72 59
72 72
72 75
72 82
72 107
72 113
72 120
73 6
73 12
73 18
73 21
73 57
73 60
73 62
73 86
73 98
73 102
73 122
74 8
74 11
74 15
74 25
74 29
74 58
74 89
74 91
74 106
74 124
74 126
75 0
75 32
75 47
75 54
75 76
75 82
75 91
75 96
75 97
75 122
76 8
76 35
76 43
76 50
76 54
76 64
76 77
76 91
76 118
76 122
76 123
76 125
76 126
77 11
77 12
77 17
77 22
77 23
77 27
77 64
77 71
77 86
77 101
77 113
78 8
78 12
78 13
78 17
78 21
78 29
78 32
78 36
78 51
78 60
78 64
78 80
78 105
78 109
78 111
78 126
78 127
79 8
79 10
79 14
79 16
79 31
79 52
79 53
79 57
79 60
79 61
79 77
79 78
79 85
79 86
79 100
79 124
80 13
80 31
80 35
80 38
80 40
80 56
80 58
80 81
80 85
80 108
80 118
80 127
81 0
81 5
81 36
81 37
81 69
81 88
81 94
81 103
81 126
82 0
82 5
82 10
82 12
82 22
82 25
82 33
82 42
82 52
82 55
82 62
82 72
82 85
82 96
82 107
82 108
82 114
82 115
82 122
82 124
83 10
83 23
83 32
83 40
83 43
83 49
83 62
83 63
83 89
83 93
83 94
83 114
84 0
84 4
84 15
84 23
84 27
84 30
84 31
84 34
84 63
84 65
84 66
84 74
84 79
84 118
84 121
85 29
85 31
85 43
85 49
85 50
85 52
85 71
85 121
86 6
86 10
86 25
86 26
86 29
86 40
86 69
86 72
86 75
86 76
86 79
86 80
86 83
86 118
87 6
87 10
87 13
87 16
87 17
87 26
87 33
87 46
87 48
87 50
87 59
87 69
87 80
87 93
87 99
87 100
87 119
88 9
88 32
88 41
88 42
88 46
88 50
88 57
88 58
88 64
88 85
88 91
88 101
88 123
89 14
89 15
89 23
89 41
89 62
89 80
89 96
89 97
89 98
89 107
90 1
90 11
90 15
90 27
90 37
90 41
90 43
90 66
90 83
90 87
90 91
90 95
90 112
90 117
91 7
91 53
91 55
91 58
91 60
91 70
91 79
91 111
91 118
91 119
91 127
92 12
92 16
92 33
92 42
92 50
92 59
92 87
92 91
92 98
92 102
92 103
92 108
92 127
93 3
93 9
93 21
93 48
93 53
93 61
93 62
93 65
93 70
93 77
93 90
93 93
93 108
93 118
93 119
93 127
94 1
94 3
94 29
94 31
94 62
94 69
94 70
94 89
94 97
94 102
94 108
94 113
94 118
94 120
94 125
95 1
95 22
95 29
95 94
95 99
95 106
95 109
95 117
96 7
96 10
96 15
96 16
96 21
96 23
96 46
96 47
96 49
96 62
96 67
96 83
96 95
96 105
96 106
96 108
96 121
96 127
97 0
97 11
97 35
97 41
97 50
97 51
97 66
97 73
97 102
97 104
98 12
98 19
98 28
98 42
98 45
98 63
98 85
98 97
98 111
98 113
99 4
99 9
99 11
99 13
99 34
99 69
99 77
99 81
99 125
100 5
100 11
100 29
100 31
100 39
100 44
100 48
100 55
100 69
100 89
100 94
100 97
100 98
100 101
100 103
100 104
100 108
100 116
101 1
101 2
101 12
101 29
101 37
101 43
101 51
101 57
101 61
101 82
101 87
101 90
101 91
101 103
101 111
101 116
101 117
101 127
102 0
102 20
102 27
102 29
102 32
102 55
102 78
102 92
102 107
102 122
102 126
103 9
103 32
103 33
103 36
103 42
103 43
103 46
103 52
103 56
103 63
103 68
103 74
103 91
103 106
104 11
104 13
104 21
104 25
104 37
104 43
104 49
104 50
104 52
104 60
104 62
104 83
104 87
104 88
104 91
104 93
104 96
104 108
105 3
105 5
105 15
105 36
105 60
105 102
105 110
105 112
105 125
105 126
106 3
106 10
106 27
106 29
106 42
106 67
106 71
106 95
106 102
106 121
107 20
107 23
107 33
107 38
107 44
107 54
107 57
107 61
107 62
107 88
107 92
107 110
107 111
107 126
108 1
108 2
108 9
108 10
108 11
108 12
108 21
108 48
108 80
108 92
108 94
108 106
108 107
108 112
108 116
108 121
109 31
109 37
109 44
109 55
109 74
109 84
109 103
110 9
110 11
110 27
110 34
110 37
110 47
110 52
110 53
110 59
110 74
110 95
110 104
111 1
111 3
111 14
111 15
111 24
111 25
111 33
111 49
111 54
111 56
111 61
111 71
111 77
111 78
111 80
111 105
111 106
111 114
111 120
112 7
112 43
112 48
112 49
112 57
112 67
112 71
112 72
112 79
112 84
112 108
112 109
112 110
112 119
113 1
113 16
113 35
113 38
113 44
113 51
113 70
113 76
113 86
113 93
113 123
113 127
114 2
114 5
114 10
114 18
114 36
114 43
114 48
114 57
114 73
114 85
114 94
114 106
114 110
114 123
114 127
115 3
115 11
115 17
115 41
115 42
115 45
115 62
115 67
115 73
115 80
115 83
115 118
115 122
115 123
116 10
116 19
116 20
116 24
116 48
116 67
116 73
116 80
116 98
116 107
116 121
117 12
117 26
117 29
117 47
117 55
117 77
117 86
117 101
117 124
118 3
118 20
118 28
118 48
118 56
118 67
118 74
118 87
118 88
118 91
118 111
118 118
119 4
119 6
119 7
119 11
119 32
119 39
119 40
119 44
119 59
119 61
119 70
119 75
119 83
119 85
119 91
119 123
120 1
120 15
120 25
120 40
120 46
120 52
120 53
120 54
120 61
120 81
120 94
120 100
120 119
120 120
120 122
121 7
121 29
121 30
121 46
121 61
121 74
121 81
121 91
121 93
121 94
121 101
121 109
121 123
122 7
122 17
122 56
122 62
122 74
122 76
122 91
122 93
122 104
122 112
122 115
122 116
123 15
123 34
123 49
123 52
123 53
123 76
123 81
123 88
123 97
123 101
123 123
124 15
124 21
124 27
124 41
124 44
124 53
124 69
124 76
124 87
124 92
124 97
124 108
125 4
125 10
125 12
125 18
125 78
125 86
125 89
125 113
126 10
126 37
126 42
126 57
126 58
126 60
126 62
126 82
126 87
126 88
126 96
126 110
126 114
126 118
126 119
126 120
127 9
127 22
127 24
127 27
127 39
127 50
127 75
127 90
127 125
