1 13
3 7
5 69
6 0
8 34
8 75
9 6
9 104
9 107
11 96
12 13
16 50
17 111
17 123
18 9
20 35
21 11
23 118
25 52
30 35
30 96
32 12
34 63
34 66
34 108
36 11
36 121
37 1
39 3
39 13
41 25
43 101
44 120
45 104
47 102
47 121
49 113
50 33
50 71
51 69
51 108
52 37
55 91
55 96
56 97
56 114
57 106
58 49
59 66
59 88
62 3
62 93
63 24
64 99
65 34
66 8
67 45
68 93
70 113
71 8
72 109
73 20
73 47
74 5
74 106
74 118
76 16
77 64
78 59
78 100
83 89
85 3
85 34
88 8
88 29
88 79
89 60
89 77
90 17
91 11
92 94
92 115
94 67
96 77
96 78
97 121
98 30
100 39
101 50
102 11
102 27
104 29
110 108
110 123
111 108
118 42
119 16
122 38
126 49
126 114
