0 2
0 7
0 60
0 71
0 72
0 73
0 83
0 91
0 104
0 110
0 112
1 3
1 9
1 10
1 15
1 28
1 30
1 37
1 41
1 43
1 48
1 51
1 52
1 58
1 61
1 72
1 81
1 83
1 97
1 99
1 107
1 110
2 25
2 31
2 44
2 48
2 70
2 95
3 0
3 6
3 44
3 51
3 64
3 65
3 75
3 88
3 124
4 10
4 13
4 18
4 19
4 26
4 35
4 36
4 78
4 82
4 85
4 94
4 103
4 106
5 24
5 34
5 36
5 46
5 52
5 63
5 70
5 83
5 122
6 2
6 10
6 44
6 54
6 58
6 61
6 62
6 68
6 77
6 82
6 89
6 92
6 125
6 127
7 3
7 4
7 7
7 24
7 29
7 42
7 49
7 50
7 55
7 64
7 72
7 76
7 77
7 82
7 115
7 120
8 8
8 11
8 29
8 63
8 74
9 18
9 25
9 42
9 43
9 45
9 54
9 90
9 97
9 113
9 118
9 121
10 13
10 25
10 29
10 35
10 43
10 71
10 73
10 94
10 120
10 122
11 6
11 7
11 18
11 53
11 65
11 84
11 88
11 108
11 111
11 112
11 123
12 3
12 15
12 18
12 21
12 46
12 48
12 51
12 52
12 61
12 67
12 81
12 100
12 112
12 126
13 5
13 8
13 46
13 50
13 62
13 63
13 114
13 123
14 4
14 10
14 11
14 27
14 50
14 55
14 59
14 64
14 97
14 108
14 110
14 114
14 115
14 123
15 14
15 16
15 19
15 25
15 27
15 37
15 46
15 54
15 59
15 77
15 80
15 84
15 110
15 127
16 0
16 12
16 29
16 41
16 54
16 76
16 83
16 94
16 97
16 111
17 5
17 10
17 13
17 16
17 33
17 36
17 38
17 47
17 48
17 96
17 97
17 98
17 103
17 111
17 122
18 0
18 6
18 8
18 10
18 24
18 39
18 43
18 73
18 81
18 87
18 93
18 96
18 112
18 123
19 0
19 4
19 23
19 27
19 61
19 67
19 110
19 112
19 126
20 2
20 16
20 31
20 41
20 44
20 53
20 58
20 68
20 88
20 96
20 105
20 107
20 118
20 120
20 122
20 124
21 19
21 28
21 40
21 49
21 51
21 59
21 77
21 94
21 103
21 111
22 9
22 12
22 14
22 23
22 36
22 41
22 53
22 56
22 58
22 75
22 83
22 94
22 110
22 122
23 1
23 10
23 13
23 30
23 43
23 50
23 57
23 91
23 97
24 21
24 36
24 44
24 46
24 47
24 58
24 59
24 65
24 74
24 87
24 92
24 105
24 111
25 15
25 23
25 33
25 38
25 67
25 90
25 110
25 113
25 118
25 127
26 13
26 18
26 37
26 55
26 56
26 61
26 86
26 93
26 110
26 121
26 124
26 126
27 11
27 12
27 28
27 43
27 45
27 91
27 95
27 99
27 104
27 115
28 4
28 6
28 40
28 42
28 49
28 66
28 98
28 112
29 23
29 33
29 58
29 60
29 76
29 84
29 86
29 89
29 104
29 106
29 112
30 16
30 33
30 46
30 48
30 53
30 62
30 83
30 111
31 22
31 28
31 56
31 57
31 65
31 90
31 93
31 94
31 96
31 114
32 5
32 7
32 13
32 14
32 17
32 21
32 26
32 27
32 29
32 55
32 58
32 72
32 79
32 115
32 126
32 127
33 0
33 4
33 5
33 11
33 19
33 20
33 31
33 32
33 38
33 40
33 56
33 68
33 85
33 92
33 127
34 1
34 14
34 57
34 60
34 69
34 97
35 0
35 4
35 27
35 39
35 41
35 76
35 105
35 111
35 114
36 3
36 6
36 7
36 10
36 42
36 46
36 57
36 58
36 68
36 73
36 79
36 89
36 95
36 101
36 106
36 110
36 114
36 127
37 2
37 10
37 44
37 55
37 82
37 97
37 103
37 108
37 111
37 112
38 12
38 18
38 19
38 36
38 46
38 53
38 58
38 67
38 73
38 78
38 87
38 94
38 105
38 116
38 120
39 8
39 13
39 16
39 18
39 22
39 28
39 35
39 57
39 70
39 103
40 11
40 29
40 34
40 40
40 48
40 49
40 58
40 73
40 90
40 127
41 2
41 4
41 12
41 21
41 29
41 44
41 49
41 63
41 70
41 114
41 125
42 8
42 29
42 33
42 38
42 40
42 48
42 69
42 85
42 117
42 122
42 125
43 4
43 13
43 19
43 29
43 39
43 46
43 48
43 55
43 71
43 82
43 84
43 94
43 105
43 110
43 127
44 16
44 24
44 26
44 30
44 34
44 35
44 37
44 41
44 47
44 50
44 54
44 60
44 72
44 81
44 114
45 26
45 29
45 69
45 106
45 122
46 0
46 8
46 25
46 35
46 39
46 44
46 54
46 66
46 76
47 5
47 31
47 49
47 69
47 74
47 76
47 80
47 88
47 96
47 118
47 127
48 4
48 5
48 30
48 31
48 36
48 78
48 79
48 87
48 109
48 119
49 37
49 39
49 56
49 58
49 79
49 85
49 88
49 95
49 105
49 111
49 118
50 0
50 2
50 6
50 13
50 28
50 34
50 53
50 54
50 65
50 70
50 92
50 106
50 107
50 110
50 117
50 125
50 127
51 1
51 7
51 23
51 30
51 46
51 51
51 76
51 77
51 79
51 82
51 97
51 102
51 107
52 5
52 6
52 26
52 31
52 33
52 35
52 43
52 49
52 54
52 63
52 66
52 69
52 78
52 90
52 92
52 105
52 116
52 120
52 121
53 0
53 5
53 6
53 53
53 78
53 98
53 107
53 120
53 121
53 124
54 10
54 15
54 18
54 19
54 20
54 81
54 92
54 114
55 0
55 6
55 10
55 27
55 30
55 33
55 41
55 46
55 68
55 69
55 89
55 95
55 97
55 102
55 112
55 115
55 116
55 120
55 122
56 11
56 12
56 15
56 29
56 33
56 57
56 63
56 81
56 106
56 107
56 110
56 111
56 115
56 119
57 12
57 15
57 21
57 25
57 29
57 52
57 59
57 64
57 67
57 73
57 81
57 83
57 85
57 97
57 110
57 122
58 8
58 11
58 12
58 16
58 18
58 19
58 25
58 28
58 29
58 33
58 38
58 61
58 62
58 67
58 96
58 115
58 117
58 124
58 125
59 10
59 12
59 51
59 57
59 69
59 74
59 79
59 80
59 111
59 118
60 21
60 22
60 70
60 71
60 89
60 105
60 111
61 17
61 52
61 68
61 75
61 91
61 98
61 99
61 113
61 125
62 9
62 11
62 20
62 23
62 30
62 31
62 53
62 77
62 90
62 102
62 104
62 108
62 112
63 38
63 43
63 50
63 51
63 68
63 74
63 76
63 78
63 83
63 88
63 94
63 101
63 112
64 7
64 28
64 34
64 41
64 48
64 60
64 65
64 106
65 27
65 28
65 33
65 37
65 53
65 68
65 69
65 71
65 99
65 105
66 1
66 3
66 61
66 77
66 78
66 80
66 90
66 101
66 115
67 1
67 13
67 32
67 44
67 45
67 46
67 67
67 68
67 74
67 77
67 82
67 83
67 110
67 114
67 120
68 11
68 13
68 38
68 40
68 43
68 52
68 57
68 63
68 64
68 71
68 77
68 87
68 93
69 2
69 3
69 16
69 36
69 65
69 70
69 97
69 101
69 110
69 118
70 7
70 9
70 30
70 38
70 54
70 70
70 78
70 96
70 102
70 109
70 117
70 127
71 2
71 22
71 28
71 29
71 34
71 49
71 69
71 84
71 106
71 122
71 127
72 1
72 5
72 59
72 65
72 72
72 87
72 104
72 122
73 3
73 4
73 14
73 17
73 31
73 34
73 71
73 78
73 80
73 100
73 108
73 109
73 119
73 124
74 6
74 27
74 28
74 41
74 42
74 43
74 57
74 59
74 60
74 85
74 88
74 121
75 4
75 11
75 49
75 57
75 58
75 72
75 84
75 111
76 0
76 21
76 48
76 53
76 54
76 72
76 84
76 95
76 101
76 113
76 123
76 125
77 0
77 10
77 11
77 22
77 43
77 66
77 74
77 89
77 90
77 127
78 1
78 32
78 36
78 40
78 76
78 82
78 84
78 89
78 98
79 33
79 50
79 53
79 70
79 82
79 95
79 111
79 113
79 117
80 27
80 40
80 58
80 65
80 68
80 104
80 117
80 126
81 0
81 10
81 18
81 25
81 45
81 46
81 52
81 73
81 80
81 96
81 98
81 116
81 119
82 3
82 31
82 34
82 59
82 62
82 64
82 67
82 71
82 88
82 95
82 110
83 6
83 11
83 15
83 50
83 56
83 61
83 85
83 95
83 113
84 6
84 25
84 42
84 48
84 55
84 64
84 69
84 122
84 126
85 10
85 15
85 20
85 21
85 31
85 38
85 43
85 45
85 61
85 122
86 5
86 10
86 15
86 35
86 38
86 54
86 56
86 63
86 73
86 74
86 84
86 92
86 104
86 109
86 120
86 125
87 20
87 37
87 64
87 73
87 85
87 102
87 118
88 29
88 34
88 37
88 41
88 47
88 59
88 62
88 64
88 67
88 73
88 104
88 107
88 110
89 9
89 13
89 16
89 33
89 36
89 46
89 47
89 58
89 76
89 89
89 106
89 109
89 119
90 23
90 40
90 45
90 46
90 62
90 72
90 115
91 15
91 29
91 37
91 40
91 62
91 72
91 86
91 90
91 113
91 116
91 125
92 12
92 14
92 15
92 16
92 34
92 40
92 44
92 51
92 60
92 70
92 77
92 80
92 113
92 120
93 1
93 4
93 10
93 12
93 17
93 29
93 33
93 47
93 48
93 79
93 94
93 97
93 110
94 7
94 8
94 19
94 23
94 26
94 32
94 45
94 48
94 59
94 74
94 88
94 98
94 102
94 113
94 124
95 20
95 28
95 37
95 44
95 45
95 49
95 62
95 65
95 81
95 83
95 94
95 100
95 104
96 4
96 6
96 13
96 25
96 39
96 40
96 47
96 48
96 54
96 63
96 75
96 80
96 99
96 100
96 103
96 106
96 111
96 122
96 123
97 0
97 22
97 30
97 44
97 58
97 78
97 81
97 103
97 110
98 24
98 30
98 37
98 40
98 55
98 58
98 61
98 74
98 92
98 109
99 17
99 29
99 32
99 33
99 53
99 62
99 77
99 103
99 111
99 126
100 6
100 7
100 11
100 55
100 57
100 63
100 73
100 81
100 85
100 106
100 107
100 115
100 121
100 122
101 3
101 9
101 13
101 19
101 49
101 64
101 77
101 78
101 81
101 82
101 114
101 117
101 120
102 10
102 27
102 32
102 48
102 57
102 73
102 88
102 90
102 97
102 112
102 119
103 28
103 67
103 82
103 96
103 99
103 109
103 115
104 5
104 8
104 9
104 17
104 35
104 43
104 70
104 75
104 76
104 78
104 80
104 90
104 116
104 118
104 119
105 2
105 4
105 5
105 13
105 23
105 31
105 33
105 47
105 49
105 54
105 55
105 68
105 95
105 101
105 104
106 21
106 32
106 43
106 46
106 51
106 56
106 63
106 86
106 88
106 90
106 109
106 119
106 126
107 6
107 8
107 18
107 20
107 34
107 49
107 50
107 53
107 64
107 81
107 83
107 96
107 127
108 0
108 3
108 7
108 35
108 38
108 47
108 48
108 50
108 65
108 73
108 74
108 80
108 88
108 108
108 110
108 115
108 120
109 1
109 10
109 21
109 38
109 65
109 70
109 71
109 72
109 81
109 90
109 115
109 119
110 0
110 8
110 10
110 11
110 39
110 45
110 61
110 74
110 80
110 104
111 25
111 72
111 73
111 74
111 99
111 108
111 111
111 122
111 126
111 127
112 2
112 23
112 57
112 59
112 60
112 63
112 65
112 69
112 84
112 94
112 102
112 126
113 10
113 15
113 23
113 25
113 38
113 42
113 43
113 48
113 71
113 97
113 105
113 106
113 115
113 124
114 3
114 59
114 67
114 108
114 114
114 116
114 117
115 23
115 30
115 36
115 52
115 56
115 71
115 81
115 82
115 87
115 91
115 93
115 100
115 107
116 17
116 29
116 38
116 40
116 43
116 50
116 56
116 60
116 71
116 85
116 87
116 122
117 3
117 5
117 9
117 25
117 27
117 31
117 35
117 55
117 69
117 89
117 95
117 98
117 114
117 115
118 0
118 12
118 31
118 41
118 42
118 53
118 73
118 76
118 79
118 83
118 85
118 88
118 91
118 100
118 115
118 116
118 117
119 5
119 7
119 35
119 36
119 46
119 59
119 90
119 92
119 93
119 100
119 102
119 108
120 12
120 30
120 33
120 40
120 47
120 51
120 56
120 70
120 101
120 108
121 15
121 24
121 27
121 36
121 42
121 59
121 64
121 77
121 81
121 92
121 93
121 121
122 12
122 22
122 35
122 38
122 55
122 72
122 86
122 88
122 94
122 103
123 0
123 2
123 20
123 26
123 32
123 36
123 59
123 64
123 70
123 92
123 96
123 101
123 122
124 17
124 27
124 47
124 61
124 65
124 72
124 74
124 86
124 93
124 102
124 109
124 110
124 120
125 18
125 22
125 45
125 61
125 75
125 76
125 81
125 82
125 88
125 91
125 100
125 106
125 121
126 2
126 16
126 25
126 28
126 61
126 82
126 87
126 106
127 1
127 2
127 5
127 7
127 8
127 9
127 12
127 53
127 81
127 98
127 123
