1 18
1 33
2 26
4 9
4 76
5 3
5 91
7 80
8 51
8 54
8 58
11 41
12 6
12 112
13 25
15 5
15 37
15 41
16 92
18 32
18 78
19 94
20 108
21 1
21 21
22 56
28 84
28 107
29 66
30 49
30 56
30 71
31 107
34 124
34 126
35 23
35 109
36 118
37 125
38 60
38 71
38 72
39 15
39 98
41 83
43 31
44 105
46 73
47 96
48 51
48 116
49 14
52 84
57 91
60 29
60 86
61 61
61 109
62 22
62 65
65 112
66 85
67 113
69 67
71 78
72 45
73 94
75 82
79 41
79 99
81 48
82 25
85 98
85 106
85 109
86 4
86 41
86 119
89 2
90 29
91 6
94 6
96 71
100 86
102 1
102 98
105 66
107 40
108 119
110 52
110 53
111 92
112 22
112 74
112 83
112 86
118 69
123 56
123 94
123 106
