0 8
0 25
0 46
0 50
0 51
0 105
0 127
1 18
1 19
1 63
1 82
1 83
1 109
2 16
2 19
2 21
2 32
2 54
2 68
2 80
2 112
3 4
3 10
3 47
3 71
3 72
3 75
3 80
3 91
3 113
4 37
4 39
4 42
4 54
4 63
4 83
5 23
5 24
5 42
5 63
5 76
5 78
5 94
5 99
5 116
5 121
6 51
6 72
6 76
6 84
6 112
6 125
7 16
7 17
7 31
7 43
7 57
7 73
7 79
7 81
7 90
7 115
7 118
7 124
8 7
8 8
8 28
8 56
8 59
8 65
8 80
8 81
8 83
8 98
8 115
8 120
8 121
8 125
9 15
9 18
9 39
9 49
9 59
9 76
9 84
9 92
9 110
10 7
10 25
10 26
10 29
10 38
10 60
10 64
11 17
11 27
11 57
11 70
11 72
11 80
11 101
11 118
12 1
12 26
12 32
12 59
12 89
12 114
12 121
12 126
12 127
13 8
13 12
13 28
13 35
13 61
13 83
13 95
14 15
14 42
14 54
14 103
15 2
15 17
15 19
15 20
15 36
15 44
15 61
15 71
15 92
15 95
15 96
15 104
15 127
16 26
16 34
16 45
16 54
16 66
16 117
16 126
17 0
17 1
17 23
17 85
17 89
17 108
18 44
18 72
18 99
18 117
18 126
19 19
19 35
19 71
19 80
19 95
19 98
20 9
20 12
20 44
20 46
20 48
20 59
21 11
21 12
21 17
21 55
21 58
21 73
21 75
21 83
21 85
21 95
21 116
22 16
22 23
22 58
22 75
22 99
22 104
22 108
23 13
23 26
23 27
23 59
23 67
23 97
23 104
23 117
23 126
24 16
24 64
24 80
24 121
24 123
25 43
25 77
25 105
25 124
26 1
26 11
26 28
26 35
26 44
26 81
26 86
26 121
27 0
27 7
27 21
27 44
27 65
27 94
28 34
28 74
28 102
29 4
29 33
29 55
29 56
29 65
29 67
29 73
29 84
29 98
29 114
29 117
29 118
30 12
30 24
30 31
30 32
30 34
30 41
30 46
30 48
30 70
30 72
30 101
31 9
31 14
31 45
31 55
31 57
31 91
32 6
32 49
32 127
33 20
33 68
33 92
33 107
33 116
34 6
34 9
34 22
34 25
34 30
34 58
34 92
34 114
34 115
35 12
35 33
35 52
35 61
35 68
35 69
35 73
35 75
35 91
35 123
36 14
36 38
36 62
36 69
36 101
36 115
37 48
37 73
37 74
37 77
37 82
37 99
38 1
38 30
38 66
38 67
38 76
38 97
38 109
39 26
39 31
39 56
39 69
39 73
39 77
39 92
40 25
40 32
40 58
40 87
40 97
41 21
41 26
41 69
41 70
41 104
41 119
41 120
42 2
42 4
42 7
42 14
42 57
42 58
42 64
42 69
42 76
42 78
42 86
42 123
43 44
43 52
43 54
43 56
43 65
44 25
44 36
44 94
44 104
44 106
45 21
45 28
45 56
45 57
45 83
45 113
46 37
46 41
46 48
46 55
46 99
46 103
46 114
47 16
47 26
47 32
47 36
47 63
47 69
47 94
47 97
47 104
47 120
47 123
47 126
48 8
48 11
48 34
48 38
48 43
48 45
48 46
48 61
48 62
48 82
48 83
48 95
48 106
48 110
48 127
49 0
49 8
49 63
49 74
49 95
49 96
49 103
50 29
50 32
50 39
50 64
50 72
50 75
50 116
50 118
50 122
51 44
51 52
51 76
51 80
51 117
52 2
52 4
52 6
52 7
52 38
52 40
52 62
52 107
53 33
53 35
53 46
53 47
53 50
53 60
53 98
53 109
53 118
54 0
54 2
54 9
54 27
54 38
54 73
54 86
54 105
54 109
54 126
55 11
55 15
55 26
55 28
55 37
55 45
55 87
55 105
56 1
56 3
56 16
56 27
56 59
56 72
56 74
56 75
56 108
56 115
57 25
57 30
57 49
57 60
57 88
57 91
57 96
57 106
57 119
57 123
57 125
58 0
58 16
58 28
58 30
58 62
58 94
58 118
59 24
59 25
59 35
59 43
59 52
59 65
59 83
59 93
59 124
59 127
60 25
60 31
60 38
60 88
60 93
60 115
61 1
61 4
61 9
61 17
61 18
61 26
61 34
61 51
61 63
61 70
61 83
61 92
61 105
61 106
62 9
62 16
62 19
62 25
62 55
62 57
62 65
62 95
62 99
63 5
63 20
63 66
63 68
63 70
63 105
63 119
63 121
63 125
64 1
64 30
64 45
64 47
64 48
64 97
65 0
65 11
65 45
65 51
65 64
65 78
65 98
66 5
66 11
66 16
66 47
66 61
66 101
66 120
67 5
67 12
67 33
67 45
67 67
67 82
67 85
67 97
67 106
67 107
67 125
68 10
68 51
68 58
68 59
68 68
68 110
68 126
69 12
69 16
69 36
69 59
69 79
69 99
69 116
69 125
70 17
70 35
70 74
70 77
70 90
70 101
70 115
70 122
70 124
71 3
71 22
71 25
71 42
71 43
71 75
71 76
71 104
71 106
72 4
72 25
72 38
72 44
72 55
73 16
73 18
73 56
73 70
73 90
73 97
73 100
73 114
73 121
74 7
74 45
74 53
74 67
74 89
74 99
74 113
74 126
75 2
75 28
75 31
75 37
75 38
75 42
75 51
75 65
75 76
75 78
75 112
75 114
75 124
76 17
76 49
76 59
76 113
76 115
76 118
76 121
77 12
77 22
77 23
77 30
77 37
77 50
77 73
77 77
77 82
77 86
77 124
78 1
78 11
78 14
78 73
78 79
78 124
78 126
79 41
79 42
79 68
79 78
79 82
79 85
79 105
80 20
80 25
80 31
80 35
80 108
80 113
80 119
80 127
81 4
81 7
81 13
81 30
81 40
81 56
81 62
81 87
81 119
82 4
82 12
82 16
82 35
82 39
82 70
82 106
82 114
82 126
83 6
83 7
83 10
83 90
83 108
83 110
84 18
84 32
84 65
84 84
84 108
84 111
84 112
84 117
85 0
85 5
85 20
85 33
85 72
85 83
85 109
86 29
86 41
86 58
86 59
86 76
86 77
86 115
86 118
86 124
87 11
87 17
87 41
87 69
87 81
87 98
87 111
88 20
88 72
88 97
89 31
89 39
89 54
89 62
89 106
89 113
89 120
90 10
90 15
90 26
90 38
90 53
90 78
90 115
90 121
90 123
91 8
91 27
91 37
91 43
91 52
91 81
91 92
91 102
91 111
91 122
92 2
92 21
92 40
92 45
92 73
92 94
92 117
93 3
93 28
93 42
93 60
93 93
93 121
94 2
94 4
94 39
94 66
94 85
94 103
94 104
95 6
95 11
95 19
95 25
95 27
95 39
95 45
95 46
95 48
95 61
95 68
95 75
95 85
95 115
96 29
96 59
96 94
96 100
96 110
96 114
96 120
97 12
97 54
97 90
98 0
98 2
98 26
98 37
98 49
98 60
98 82
98 115
99 10
99 13
99 34
99 43
99 45
99 48
99 66
99 81
99 87
99 119
100 4
100 10
100 52
100 54
100 60
100 94
100 111
100 112
100 121
101 15
101 23
101 48
101 73
101 76
101 86
101 92
101 109
101 113
101 123
102 72
103 3
103 16
103 39
103 68
103 80
103 83
103 85
103 120
104 10
104 32
104 45
104 53
104 62
105 8
105 12
105 34
105 48
105 55
105 62
105 68
105 72
105 122
106 31
106 38
106 50
106 53
106 63
106 69
106 79
106 95
106 104
106 106
107 8
107 87
107 97
107 101
108 1
108 35
108 36
108 56
108 82
108 91
108 102
108 125
109 2
109 4
109 39
109 53
109 60
109 61
109 67
109 81
109 92
109 113
109 124
110 4
110 27
110 29
110 35
110 43
110 45
110 53
111 25
111 52
111 59
111 62
111 93
112 10
112 15
112 18
112 30
112 52
112 69
112 100
112 101
113 4
113 8
113 13
113 38
113 47
113 56
113 63
113 78
113 98
113 112
114 10
114 11
114 24
114 37
114 41
114 76
114 124
115 4
115 9
115 28
115 49
115 54
115 73
115 103
115 105
115 127
116 24
116 43
116 82
116 99
116 104
116 111
117 39
117 70
117 102
117 113
117 116
118 21
118 65
118 77
118 87
118 95
118 97
118 98
118 119
119 59
119 81
119 103
119 110
120 7
120 10
120 11
120 13
120 19
120 20
120 40
120 47
120 57
120 103
120 121
121 4
121 32
121 71
121 80
121 81
121 85
121 125
122 28
122 31
122 34
122 49
122 79
122 86
122 107
122 114
122 119
123 26
123 28
123 38
123 51
123 86
123 114
124 0
124 60
124 74
124 82
124 86
124 95
124 116
124 123
125 24
125 40
125 50
125 62
125 80
125 107
125 118
125 122
126 9
126 11
126 34
126 37
126 46
126 73
126 110
126 117
127 9
127 17
127 64
127 86
127 90
127 99
127 101
127 127
