0 13
0 28
0 33
0 37
0 48
0 55
0 78
0 84
0 102
0 107
0 115
0 123
0 125
1 3
1 7
1 45
1 54
1 66
1 83
1 94
1 95
1 98
1 105
1 111
1 113
1 120
1 123
1 127
2 0
2 23
2 26
2 41
2 48
2 58
2 61
2 72
2 76
3 2
3 4
3 15
3 20
3 38
3 54
3 58
3 64
3 80
3 95
3 101
3 110
4 8
4 17
4 18
4 27
4 36
4 37
4 44
4 58
4 68
4 72
4 90
4 92
4 96
4 100
4 109
4 117
5 5
5 15
5 27
5 36
5 41
5 54
5 68
5 80
5 97
5 106
5 108
5 117
6 14
6 32
6 49
6 54
6 55
6 68
6 73
6 77
6 81
6 82
6 86
6 96
6 97
6 101
7 0
7 17
7 54
7 64
7 65
7 67
7 68
7 75
7 82
7 91
7 103
7 104
7 105
7 114
8 21
8 72
8 83
8 88
8 97
8 107
8 118
9 15
9 23
9 24
9 30
9 37
9 53
9 71
9 74
9 75
9 92
10 11
10 28
10 44
10 56
10 60
10 65
10 77
10 78
10 92
10 96
10 117
10 119
11 6
11 16
11 30
11 34
11 46
11 64
11 73
11 74
11 79
11 86
11 95
11 103
11 115
11 116
12 0
12 6
12 7
12 10
12 11
12 26
12 36
12 44
12 51
12 56
12 57
12 73
12 86
12 87
12 90
12 105
13 2
13 6
13 14
13 15
13 19
13 46
13 88
13 90
13 123
14 0
14 9
14 23
14 31
14 60
14 70
14 74
14 75
14 88
14 93
14 98
14 103
14 122
14 126
15 21
15 22
15 61
15 65
15 72
15 80
15 85
15 94
15 105
15 124
16 16
16 44
16 69
16 78
16 94
16 103
16 110
16 125
17 25
17 30
17 34
17 45
17 47
17 52
17 54
17 57
17 67
17 79
17 80
17 108
17 113
18 7
18 12
18 58
18 59
18 62
18 75
18 106
18 114
18 115
18 119
19 35
19 47
19 53
19 55
19 58
19 68
19 91
19 93
19 94
19 97
19 122
19 127
20 2
20 34
20 40
20 43
20 60
20 66
20 94
20 98
20 111
21 3
21 5
21 12
21 22
21 32
21 42
21 50
21 62
21 95
21 117
21 126
22 22
22 26
22 37
22 42
22 45
22 48
22 51
22 57
22 59
22 74
22 94
22 104
23 1
23 17
23 40
23 44
23 48
23 63
23 83
23 98
23 112
23 115
23 125
24 1
24 7
24 23
24 25
24 31
24 49
24 55
24 60
24 63
24 65
24 104
25 30
25 36
25 41
25 88
25 117
25 124
26 0
26 2
26 16
26 18
26 27
26 30
26 41
26 45
26 52
26 64
26 98
26 109
26 117
26 122
27 16
27 25
27 34
27 42
27 48
27 61
27 70
27 99
27 100
27 102
27 108
27 127
28 12
28 24
28 29
28 49
28 50
28 63
28 82
28 83
28 86
28 87
28 94
28 98
28 100
28 102
28 114
28 123
28 126
28 127
29 12
29 16
29 23
29 24
29 28
29 32
29 40
29 44
29 50
29 70
29 76
29 93
29 101
29 110
29 123
30 4
30 8
30 13
30 25
30 38
30 57
30 62
30 67
30 70
30 78
30 87
30 106
30 114
30 116
30 119
30 126
31 9
31 15
31 18
31 32
31 45
31 73
31 75
31 87
31 91
31 112
31 115
32 6
32 27
32 29
32 32
32 50
32 75
32 98
32 117
32 125
33 7
33 26
33 33
33 41
33 81
33 113
34 0
34 7
34 21
34 22
34 32
34 40
34 52
34 56
34 57
34 64
34 81
34 95
34 115
34 117
34 124
35 33
35 40
35 44
35 51
35 56
35 58
35 63
35 69
35 70
35 90
35 91
35 112
35 116
35 122
35 127
36 3
36 7
36 10
36 17
36 20
36 46
36 54
36 56
36 72
36 85
36 91
36 94
36 115
36 127
37 16
37 45
37 50
37 51
37 55
37 57
37 62
37 67
37 74
37 77
37 92
37 96
37 103
37 119
38 9
38 26
38 33
38 46
38 52
38 53
38 64
38 88
38 92
38 99
38 101
38 124
39 0
39 25
39 38
39 53
39 65
39 67
39 73
39 97
39 103
39 126
40 3
40 21
40 26
40 45
40 54
40 60
40 61
40 64
40 93
40 104
40 109
40 112
40 127
41 0
41 14
41 19
41 26
41 70
41 72
41 82
41 98
41 100
41 101
41 122
41 126
42 6
42 17
42 49
42 58
42 62
42 73
42 82
42 83
42 84
42 112
42 113
42 119
42 122
42 127
43 0
43 6
43 21
43 23
43 33
43 63
43 67
43 81
43 83
43 96
43 102
43 113
43 126
44 1
44 14
44 16
44 19
44 72
44 90
44 101
44 110
44 112
44 115
45 3
45 9
45 15
45 20
45 25
45 33
45 45
45 52
45 66
45 76
45 82
45 110
45 118
45 120
45 127
46 9
46 20
46 37
46 48
46 52
46 66
46 71
46 73
46 84
46 126
47 0
47 26
47 31
47 38
47 61
47 70
47 77
47 79
47 85
47 106
47 107
47 117
48 23
48 44
48 47
48 57
48 58
48 59
48 86
48 91
48 112
48 114
49 3
49 10
49 39
49 47
49 56
49 72
49 73
49 76
49 93
49 95
49 115
49 119
50 14
50 20
50 28
50 43
50 47
50 64
50 120
51 15
51 50
51 57
51 71
51 72
51 81
51 86
51 112
51 121
52 2
52 4
52 6
52 25
52 26
52 31
52 37
52 38
52 47
52 50
52 54
52 65
52 86
52 87
52 108
52 110
52 124
52 125
53 4
53 14
53 31
53 32
53 38
53 52
53 54
53 56
53 62
53 96
53 122
54 5
54 12
54 34
54 83
54 87
54 89
54 99
54 107
54 121
54 125
55 12
55 27
55 35
55 37
55 48
55 52
55 68
55 72
56 11
56 19
56 21
56 23
56 27
56 47
56 48
56 63
56 70
56 76
56 100
56 105
56 109
56 113
56 117
57 9
57 12
57 24
57 53
57 55
57 59
57 83
57 87
57 101
57 125
58 5
58 12
58 38
58 42
58 44
58 45
58 63
58 64
58 68
58 69
58 73
58 99
58 106
58 117
58 124
59 10
59 11
59 29
59 33
59 38
59 71
59 84
59 101
59 109
60 7
60 29
60 39
60 59
60 77
61 6
61 26
61 41
61 67
61 105
61 106
62 3
62 5
62 15
62 33
62 37
62 46
62 57
62 92
62 97
62 115
62 118
62 127
63 0
63 11
63 18
63 30
63 39
63 102
63 122
64 57
64 59
64 67
64 78
64 86
64 92
64 93
64 105
64 111
64 115
65 6
65 12
65 24
65 32
65 48
65 50
65 53
65 67
65 117
66 15
66 16
66 84
66 91
66 102
66 108
67 6
67 8
67 13
67 21
67 37
67 38
67 69
67 77
67 81
67 88
67 127
68 26
68 27
68 39
68 81
68 91
68 123
69 9
69 13
69 23
69 26
69 28
69 29
69 46
69 50
69 57
69 64
69 87
69 90
69 99
69 106
69 111
69 113
69 123
69 125
69 126
70 2
70 16
70 17
70 42
70 56
70 72
70 79
70 87
70 98
70 99
71 10
71 12
71 30
71 58
71 61
71 110
71 119
72 16
72 42
72 44
72 53
72 61
72 77
72 83
72 91
72 96
72 120
73 7
73 24
73 67
73 75
73 82
73 100
73 117
73 118
74 16
74 23
74 30
74 53
74 54
74 61
74 66
74 87
74 90
74 94
74 95
74 118
74 120
74 123
75 7
75 21
75 27
75 29
75 30
75 35
75 45
75 48
75 52
75 54
75 57
75 58
75 70
75 74
75 76
75 84
75 111
75 113
76 0
76 6
76 10
76 20
76 37
76 74
76 85
76 96
76 117
76 120
76 121
77 9
77 12
77 14
77 18
77 31
77 39
77 40
77 51
77 55
77 65
77 77
77 78
77 96
77 98
77 101
77 127
78 0
78 10
78 34
78 53
78 55
78 75
78 93
78 95
78 103
79 17
79 32
79 54
79 68
79 71
79 72
79 80
79 102
79 103
79 109
79 111
79 112
79 123
80 27
80 38
80 53
80 62
80 66
80 68
80 89
80 94
80 97
80 105
80 117
80 127
81 0
81 2
81 13
81 19
81 20
81 26
81 38
81 57
81 58
81 61
81 71
81 83
81 98
81 99
81 110
81 124
82 0
82 5
82 20
82 33
82 35
82 48
82 49
82 54
82 57
82 59
82 61
82 68
82 69
82 88
82 113
82 114
83 24
83 34
83 61
83 64
83 92
83 98
83 102
83 104
83 112
83 124
84 10
84 20
84 23
84 25
84 26
84 32
84 34
84 47
84 51
84 58
84 69
84 80
84 84
84 92
84 105
84 108
84 112
84 121
84 126
85 5
85 14
85 15
85 28
85 32
85 33
85 52
85 58
85 61
85 62
85 83
85 111
85 120
85 125
86 3
86 28
86 48
86 73
86 81
86 89
86 118
87 13
87 16
87 22
87 24
87 53
87 68
87 75
87 84
87 86
87 110
87 111
87 119
87 122
88 8
88 23
88 34
88 41
88 55
88 59
88 63
88 76
88 79
88 103
88 104
88 107
88 109
89 18
89 27
89 56
89 63
89 65
89 75
89 88
89 125
89 127
90 2
90 5
90 14
90 24
90 27
90 59
90 82
90 83
90 106
90 108
90 118
90 121
91 6
91 71
91 103
91 118
92 5
92 17
92 22
92 25
92 87
92 99
92 108
92 124
93 10
93 18
93 25
93 64
93 81
93 93
93 102
93 103
93 106
93 109
93 126
94 9
94 42
94 52
94 60
94 75
94 92
94 95
94 123
95 11
95 19
95 26
95 33
95 38
95 51
95 61
95 63
95 71
95 79
95 86
95 89
95 92
95 95
95 117
95 122
96 38
96 44
96 54
96 66
96 73
96 79
96 91
96 97
96 110
96 116
97 1
97 6
97 7
97 17
97 57
97 99
97 125
98 22
98 23
98 37
98 44
98 47
98 49
98 58
98 68
98 81
98 94
98 102
98 105
98 111
98 127
99 9
99 42
99 46
99 59
99 63
99 70
99 76
99 92
99 94
99 95
99 105
99 117
99 125
100 0
100 1
100 33
100 40
100 57
100 63
100 85
100 95
100 100
101 4
101 10
101 12
101 31
101 36
101 58
101 70
101 76
101 87
101 107
101 115
101 120
102 0
102 8
102 12
102 15
102 19
102 21
102 23
102 27
102 34
102 41
102 49
102 52
102 57
102 66
102 112
102 121
102 125
103 5
103 33
103 37
103 39
103 73
103 75
103 77
103 85
103 94
103 114
103 116
103 123
104 2
104 10
104 23
104 32
104 52
104 57
104 66
104 75
104 98
104 106
105 1
105 7
105 15
105 18
105 25
105 33
105 52
105 58
105 76
105 80
105 99
105 106
105 112
105 121
106 2
106 12
106 28
106 52
106 64
106 74
106 95
107 3
107 12
107 19
107 29
107 35
107 39
107 40
107 44
107 65
107 79
107 80
107 93
107 104
107 120
107 122
107 124
108 19
108 22
108 23
108 26
108 28
108 39
108 45
108 48
108 51
108 58
108 61
108 62
108 66
108 71
108 88
108 90
108 111
108 119
108 127
109 1
109 23
109 25
109 36
109 56
109 70
109 75
109 93
109 95
109 99
109 126
110 3
110 5
110 12
110 16
110 30
110 55
110 69
110 71
110 80
110 89
110 93
110 127
111 3
111 34
111 38
111 42
111 86
112 8
112 24
112 39
112 46
112 51
112 54
112 79
112 81
112 82
112 91
112 120
112 122
112 125
113 0
113 12
113 47
113 72
113 74
113 75
113 89
113 99
113 105
113 108
113 122
113 124
114 3
114 5
114 8
114 17
114 45
114 49
114 50
114 58
114 65
114 78
114 84
114 86
114 96
114 108
115 1
115 9
115 28
115 43
115 49
115 52
115 76
115 77
115 118
115 119
115 124
115 126
116 26
116 62
116 69
116 73
116 91
116 97
116 99
116 127
117 6
117 27
117 32
117 51
117 53
117 55
117 59
117 64
117 90
117 93
117 101
117 110
117 121
117 124
118 11
118 22
118 35
118 36
118 46
118 56
118 72
118 75
118 82
118 95
118 109
118 115
118 118
118 127
119 0
119 16
119 42
119 54
119 59
119 80
119 81
119 113
119 127
120 8
120 16
120 22
120 26
120 36
120 54
120 57
120 61
120 66
120 71
120 76
120 78
120 79
120 83
120 87
120 103
120 109
120 114
120 116
120 117
121 6
121 12
121 20
121 27
121 43
121 44
121 54
121 107
121 111
121 112
122 18
122 28
122 38
122 46
122 61
122 73
122 80
122 85
122 89
122 95
122 99
122 101
122 105
122 107
122 108
122 117
122 124
123 18
123 23
123 37
123 42
123 61
123 70
123 71
123 85
123 92
123 107
124 10
124 26
124 36
124 38
124 46
124 51
124 53
124 57
124 63
124 66
124 89
124 94
124 115
125 1
125 43
125 51
125 62
125 86
125 92
125 102
125 124
125 125
126 19
126 25
126 26
126 45
126 52
126 55
126 70
126 109
127 11
127 15
127 22
127 23
127 29
127 37
127 38
127 46
127 50
127 53
127 60
127 72
127 75
127 84
127 85
127 102
127 115
127 119
127 122
127 127
