0 1
0 9
0 10
0 13
0 15
0 23
0 25
0 26
0 27
0 28
0 29
0 33
0 40
0 43
0 47
0 48
0 54
0 55
0 59
0 60
0 61
0 63
0 65
0 67
0 69
0 71
0 73
0 74
0 75
0 77
0 82
0 89
0 91
0 96
0 97
0 100
0 104
0 105
0 106
0 109
0 111
0 119
0 123
0 125
0 126
1 3
1 6
1 7
1 12
1 13
1 15
1 18
1 27
1 28
1 31
1 32
1 33
1 40
1 41
1 46
1 48
1 49
1 52
1 59
1 61
1 64
1 69
1 73
1 74
1 77
1 83
1 86
1 88
1 93
1 94
1 98
1 101
1 107
1 110
1 111
1 112
1 113
1 114
1 116
1 117
1 118
1 119
1 120
1 121
1 123
2 2
2 5
2 19
2 23
2 25
2 30
2 35
2 39
2 41
2 43
2 44
2 50
2 56
2 58
2 59
2 60
2 66
2 67
2 68
2 71
2 72
2 75
2 78
2 84
2 87
2 93
2 97
2 101
2 104
2 115
2 116
2 117
2 118
2 120
2 121
2 125
2 127
3 0
3 7
3 8
3 9
3 11
3 21
3 25
3 27
3 30
3 32
3 34
3 35
3 40
3 41
3 42
3 45
3 46
3 48
3 49
3 50
3 51
3 52
3 59
3 60
3 65
3 72
3 74
3 75
3 78
3 81
3 83
3 85
3 88
3 89
3 91
3 93
3 96
3 97
3 109
3 111
3 118
3 119
3 122
3 124
4 4
4 9
4 21
4 31
4 34
4 35
4 36
4 40
4 41
4 45
4 46
4 50
4 51
4 54
4 57
4 62
4 65
4 67
4 72
4 74
4 75
4 76
4 79
4 84
4 85
4 90
4 92
4 94
4 96
4 98
4 99
4 109
4 112
4 118
4 127
5 0
5 6
5 17
5 23
5 24
5 29
5 31
5 32
5 36
5 37
5 41
5 47
5 49
5 52
5 53
5 66
5 73
5 74
5 90
5 102
5 104
5 105
5 106
5 121
5 122
5 126
6 1
6 2
6 6
6 7
6 17
6 18
6 27
6 31
6 34
6 36
6 37
6 42
6 43
6 44
6 47
6 52
6 53
6 55
6 56
6 59
6 70
6 72
6 78
6 84
6 85
6 86
6 91
6 97
6 100
6 102
6 106
6 109
6 111
6 112
6 117
6 118
6 124
7 0
7 3
7 6
7 18
7 20
7 21
7 27
7 29
7 30
7 31
7 32
7 34
7 37
7 40
7 42
7 49
7 54
7 58
7 59
7 62
7 66
7 67
7 69
7 72
7 73
7 79
7 84
7 98
7 101
7 102
7 103
7 105
7 111
7 116
7 118
7 122
8 8
8 11
8 12
8 18
8 20
8 22
8 36
8 37
8 42
8 46
8 51
8 52
8 53
8 56
8 58
8 67
8 70
8 71
8 75
8 82
8 87
8 88
8 90
8 97
8 101
8 102
8 103
8 108
8 110
8 111
8 114
8 117
8 123
9 2
9 3
9 9
9 14
9 23
9 27
9 39
9 43
9 44
9 46
9 51
9 52
9 54
9 56
9 58
9 60
9 63
9 66
9 68
9 69
9 73
9 82
9 87
9 89
9 100
9 101
9 104
9 105
9 107
9 119
9 120
9 122
9 123
9 127
10 1
10 4
10 5
10 11
10 14
10 17
10 23
10 25
10 28
10 31
10 33
10 35
10 37
10 39
10 41
10 45
10 53
10 56
10 62
10 65
10 67
10 75
10 76
10 77
10 85
10 86
10 101
10 104
10 108
10 110
10 112
10 119
10 121
10 125
11 1
11 10
11 13
11 20
11 24
11 25
11 26
11 32
11 33
11 42
11 43
11 44
11 47
11 49
11 50
11 51
11 59
11 60
11 61
11 65
11 66
11 69
11 70
11 74
11 77
11 87
11 95
11 103
11 108
11 112
11 116
11 117
11 119
11 121
11 125
12 1
12 3
12 4
12 7
12 12
12 13
12 15
12 16
12 18
12 23
12 25
12 41
12 46
12 47
12 48
12 49
12 52
12 55
12 56
12 66
12 67
12 70
12 76
12 82
12 92
12 95
12 97
12 100
12 106
12 107
12 108
12 109
12 111
12 115
12 116
12 127
13 0
13 1
13 2
13 6
13 11
13 16
13 17
13 20
13 23
13 26
13 28
13 29
13 35
13 37
13 38
13 41
13 46
13 49
13 50
13 51
13 53
13 59
13 61
13 68
13 69
13 73
13 76
13 81
13 84
13 87
13 89
13 93
13 94
13 98
13 106
13 109
13 110
13 111
13 112
13 123
13 126
14 0
14 10
14 11
14 13
14 14
14 15
14 17
14 20
14 22
14 26
14 33
14 36
14 40
14 48
14 57
14 59
14 60
14 62
14 70
14 71
14 73
14 81
14 82
14 87
14 94
14 95
14 98
14 102
14 103
14 108
14 110
14 112
14 115
14 117
14 120
14 121
14 124
14 127
15 3
15 19
15 21
15 28
15 29
15 35
15 36
15 37
15 39
15 40
15 42
15 44
15 46
15 51
15 54
15 56
15 57
15 60
15 61
15 63
15 66
15 75
15 77
15 81
15 83
15 88
15 89
15 90
15 96
15 97
15 100
15 101
15 112
15 114
15 116
15 120
15 122
15 126
16 0
16 3
16 7
16 8
16 12
16 27
16 31
16 32
16 33
16 36
16 38
16 39
16 42
16 45
16 48
16 49
16 51
16 52
16 54
16 55
16 62
16 65
16 67
16 68
16 73
16 75
16 78
16 81
16 82
16 84
16 85
16 87
16 88
16 90
16 92
16 95
16 96
16 97
16 102
16 104
16 112
16 114
16 116
16 118
16 121
16 122
16 125
17 5
17 8
17 11
17 12
17 13
17 20
17 23
17 26
17 35
17 43
17 44
17 55
17 59
17 60
17 61
17 62
17 66
17 69
17 82
17 89
17 90
17 91
17 94
17 98
17 113
17 120
18 4
18 7
18 10
18 11
18 24
18 26
18 34
18 37
18 40
18 42
18 43
18 44
18 48
18 52
18 72
18 73
18 74
18 81
18 83
18 84
18 86
18 88
18 90
18 99
18 100
18 102
18 103
18 104
18 105
18 106
18 110
18 117
18 122
18 123
18 124
18 125
19 1
19 4
19 6
19 7
19 17
19 19
19 25
19 27
19 28
19 30
19 35
19 36
19 39
19 43
19 49
19 53
19 55
19 58
19 59
19 60
19 65
19 66
19 67
19 72
19 77
19 83
19 85
19 87
19 92
19 100
19 102
19 104
19 106
19 108
19 114
19 115
19 118
19 121
20 0
20 1
20 4
20 10
20 12
20 13
20 14
20 16
20 18
20 19
20 20
20 31
20 34
20 37
20 41
20 42
20 44
20 49
20 50
20 62
20 64
20 65
20 75
20 76
20 78
20 85
20 88
20 103
20 106
20 111
20 118
20 119
20 123
20 124
20 126
21 1
21 2
21 3
21 8
21 11
21 18
21 19
21 29
21 39
21 41
21 44
21 48
21 53
21 56
21 60
21 62
21 64
21 71
21 73
21 79
21 81
21 82
21 86
21 92
21 97
21 99
21 100
21 101
21 102
21 104
21 106
21 111
21 116
21 120
21 121
21 122
21 123
21 124
21 125
21 126
22 1
22 2
22 19
22 21
22 24
22 25
22 29
22 31
22 32
22 35
22 37
22 40
22 43
22 44
22 45
22 46
22 50
22 52
22 57
22 62
22 68
22 74
22 75
22 77
22 83
22 86
22 87
22 91
22 95
22 100
22 108
22 109
22 111
22 115
22 116
22 122
22 127
23 3
23 4
23 7
23 8
23 9
23 10
23 12
23 15
23 23
23 24
23 25
23 26
23 28
23 29
23 51
23 54
23 71
23 73
23 74
23 75
23 79
23 86
23 88
23 90
23 91
23 93
23 95
23 96
23 98
23 113
23 114
23 117
23 119
23 122
23 123
23 127
24 4
24 9
24 10
24 13
24 14
24 18
24 19
24 30
24 37
24 39
24 40
24 43
24 46
24 48
24 52
24 53
24 56
24 57
24 62
24 67
24 75
24 78
24 80
24 83
24 92
24 94
24 95
24 100
24 102
24 106
24 107
24 117
24 121
24 122
24 123
25 0
25 4
25 5
25 8
25 9
25 16
25 19
25 22
25 25
25 29
25 32
25 33
25 37
25 43
25 45
25 51
25 55
25 57
25 58
25 65
25 69
25 73
25 77
25 79
25 89
25 92
25 93
25 96
25 98
25 102
25 103
25 104
25 111
25 118
25 119
25 123
26 3
26 7
26 8
26 15
26 18
26 19
26 21
26 24
26 25
26 26
26 31
26 33
26 34
26 36
26 38
26 40
26 42
26 45
26 57
26 75
26 78
26 80
26 88
26 89
26 90
26 92
26 93
26 94
26 97
26 98
26 103
26 107
26 112
26 117
26 119
26 120
26 122
26 125
27 0
27 8
27 11
27 14
27 19
27 20
27 21
27 23
27 25
27 27
27 30
27 38
27 39
27 42
27 44
27 48
27 54
27 55
27 56
27 59
27 64
27 65
27 68
27 72
27 73
27 74
27 75
27 84
27 89
27 92
27 94
27 97
27 99
27 108
27 112
27 116
27 118
27 121
27 127
28 1
28 2
28 7
28 10
28 12
28 15
28 16
28 30
28 31
28 35
28 37
28 38
28 40
28 46
28 47
28 54
28 60
28 61
28 63
28 66
28 67
28 70
28 75
28 78
28 80
28 81
28 83
28 84
28 88
28 91
28 96
28 97
28 98
28 100
28 103
28 110
28 111
28 114
28 118
28 120
28 125
28 127
29 5
29 6
29 10
29 12
29 13
29 14
29 20
29 25
29 31
29 34
29 35
29 36
29 39
29 47
29 49
29 50
29 52
29 58
29 66
29 69
29 74
29 76
29 79
29 82
29 85
29 86
29 98
29 104
29 105
29 106
29 114
29 116
29 120
29 121
29 125
29 126
30 2
30 3
30 4
30 9
30 16
30 21
30 23
30 25
30 30
30 35
30 36
30 39
30 51
30 52
30 54
30 56
30 57
30 59
30 60
30 62
30 65
30 72
30 76
30 79
30 84
30 85
30 88
30 90
30 93
30 99
30 104
30 106
30 108
30 109
30 114
30 117
30 118
30 119
30 120
30 121
30 123
30 125
30 126
30 127
31 1
31 5
31 7
31 9
31 12
31 15
31 24
31 26
31 33
31 34
31 37
31 38
31 40
31 46
31 48
31 49
31 50
31 53
31 56
31 62
31 64
31 66
31 71
31 72
31 73
31 77
31 78
31 79
31 81
31 82
31 92
31 95
31 100
31 107
31 117
31 118
31 124
31 125
31 127
32 1
32 5
32 9
32 13
32 18
32 19
32 22
32 33
32 34
32 35
32 38
32 45
32 51
32 55
32 56
32 58
32 59
32 60
32 68
32 69
32 71
32 80
32 86
32 88
32 89
32 90
32 102
32 105
32 114
32 122
32 125
32 126
32 127
33 0
33 4
33 9
33 13
33 15
33 19
33 22
33 24
33 25
33 29
33 34
33 36
33 38
33 40
33 41
33 42
33 43
33 46
33 47
33 56
33 68
33 71
33 74
33 79
33 80
33 81
33 84
33 90
33 93
33 97
33 101
33 104
33 105
33 107
33 108
33 112
33 115
33 120
33 124
33 125
33 126
34 4
34 9
34 11
34 12
34 13
34 14
34 19
34 20
34 26
34 31
34 32
34 33
34 34
34 37
34 39
34 42
34 43
34 58
34 62
34 63
34 66
34 78
34 79
34 80
34 81
34 82
34 84
34 85
34 87
34 88
34 90
34 100
34 102
34 106
34 107
34 111
34 113
34 116
34 117
34 118
34 121
34 124
34 125
34 126
34 127
35 2
35 4
35 7
35 10
35 15
35 16
35 23
35 24
35 25
35 26
35 32
35 34
35 37
35 39
35 43
35 45
35 48
35 49
35 50
35 53
35 64
35 68
35 69
35 70
35 71
35 72
35 73
35 78
35 79
35 81
35 84
35 86
35 87
35 88
35 91
35 92
35 93
35 102
35 105
35 108
35 112
35 120
35 123
36 1
36 6
36 9
36 10
36 16
36 18
36 21
36 22
36 26
36 27
36 28
36 31
36 45
36 52
36 53
36 55
36 56
36 59
36 60
36 64
36 66
36 67
36 69
36 71
36 75
36 76
36 78
36 79
36 81
36 87
36 88
36 89
36 90
36 93
36 94
36 103
36 107
36 109
36 112
36 113
36 119
36 121
36 123
37 0
37 2
37 8
37 11
37 17
37 18
37 27
37 32
37 33
37 41
37 43
37 45
37 48
37 54
37 59
37 66
37 70
37 71
37 73
37 82
37 86
37 89
37 91
37 92
37 93
37 101
37 105
37 106
37 117
37 120
37 121
38 1
38 2
38 6
38 7
38 15
38 16
38 18
38 20
38 21
38 22
38 26
38 32
38 33
38 37
38 42
38 47
38 49
38 53
38 55
38 57
38 58
38 62
38 64
38 66
38 67
38 71
38 79
38 84
38 90
38 94
38 106
38 113
38 119
38 122
38 123
38 125
38 126
39 1
39 7
39 9
39 12
39 13
39 15
39 17
39 21
39 28
39 29
39 31
39 33
39 36
39 37
39 39
39 42
39 43
39 45
39 46
39 48
39 57
39 58
39 60
39 61
39 63
39 64
39 65
39 69
39 71
39 75
39 78
39 81
39 90
39 93
39 96
39 98
39 100
39 108
39 109
39 111
39 114
39 117
39 119
40 3
40 10
40 12
40 13
40 16
40 17
40 18
40 19
40 22
40 25
40 27
40 29
40 34
40 37
40 42
40 43
40 50
40 51
40 55
40 56
40 58
40 64
40 68
40 70
40 75
40 80
40 81
40 94
40 97
40 107
40 112
40 113
40 114
40 115
40 118
40 119
40 125
40 126
41 3
41 5
41 6
41 14
41 16
41 20
41 21
41 22
41 25
41 26
41 32
41 38
41 44
41 45
41 49
41 53
41 54
41 62
41 73
41 76
41 77
41 79
41 80
41 83
41 86
41 89
41 91
41 92
41 95
41 96
41 97
41 99
41 103
41 105
41 109
41 113
41 115
41 116
41 118
41 119
41 121
41 122
41 123
41 125
41 127
42 2
42 3
42 7
42 9
42 14
42 15
42 20
42 21
42 24
42 29
42 31
42 32
42 40
42 41
42 42
42 48
42 49
42 51
42 53
42 57
42 60
42 61
42 66
42 70
42 72
42 76
42 81
42 86
42 87
42 89
42 91
42 98
42 101
42 104
42 105
42 109
42 111
42 115
42 118
42 126
42 127
43 2
43 3
43 4
43 5
43 6
43 8
43 10
43 13
43 15
43 16
43 19
43 23
43 25
43 29
43 30
43 31
43 32
43 37
43 38
43 43
43 48
43 51
43 56
43 64
43 68
43 72
43 75
43 78
43 83
43 91
43 92
43 93
43 98
43 101
43 104
43 109
43 115
43 127
44 5
44 7
44 8
44 9
44 11
44 14
44 35
44 44
44 58
44 60
44 61
44 63
44 64
44 67
44 69
44 76
44 78
44 80
44 84
44 85
44 88
44 89
44 91
44 95
44 97
44 98
44 108
44 115
44 124
44 125
44 127
45 0
45 3
45 4
45 12
45 13
45 19
45 20
45 22
45 25
45 27
45 28
45 29
45 30
45 31
45 35
45 41
45 44
45 48
45 49
45 52
45 54
45 56
45 57
45 58
45 61
45 62
45 66
45 74
45 85
45 86
45 91
45 103
45 104
45 106
45 116
45 117
45 121
45 122
46 1
46 7
46 8
46 11
46 12
46 14
46 17
46 26
46 27
46 28
46 31
46 33
46 40
46 41
46 49
46 51
46 52
46 53
46 56
46 63
46 64
46 67
46 68
46 70
46 71
46 73
46 76
46 79
46 80
46 81
46 82
46 90
46 93
46 96
46 98
46 99
46 112
46 115
46 118
46 126
47 0
47 3
47 6
47 10
47 11
47 13
47 14
47 23
47 27
47 28
47 29
47 37
47 40
47 41
47 42
47 44
47 48
47 56
47 57
47 58
47 59
47 66
47 67
47 68
47 82
47 85
47 95
47 99
47 104
47 106
47 110
47 111
47 113
47 118
47 121
47 125
47 126
47 127
48 0
48 1
48 2
48 3
48 9
48 14
48 15
48 20
48 21
48 22
48 23
48 28
48 29
48 30
48 31
48 35
48 36
48 39
48 46
48 53
48 55
48 56
48 68
48 70
48 71
48 77
48 88
48 91
48 94
48 100
48 109
48 114
48 116
48 118
48 119
48 122
48 123
49 0
49 2
49 3
49 4
49 21
49 22
49 23
49 32
49 40
49 41
49 44
49 49
49 50
49 54
49 60
49 63
49 66
49 67
49 68
49 73
49 74
49 76
49 79
49 82
49 85
49 96
49 98
49 101
49 108
49 109
49 110
49 111
49 121
49 122
49 124
49 127
50 3
50 4
50 6
50 7
50 10
50 12
50 15
50 24
50 32
50 33
50 34
50 38
50 49
50 51
50 53
50 59
50 60
50 61
50 64
50 66
50 67
50 77
50 78
50 81
50 93
50 103
50 107
50 109
50 110
50 113
50 117
50 119
50 120
50 123
51 1
51 2
51 8
51 12
51 13
51 20
51 22
51 27
51 28
51 29
51 36
51 37
51 40
51 41
51 42
51 46
51 58
51 59
51 63
51 69
51 73
51 74
51 75
51 76
51 78
51 81
51 83
51 84
51 85
51 88
51 89
51 101
51 105
51 107
51 108
51 109
51 111
51 116
51 118
51 120
51 124
52 2
52 4
52 6
52 10
52 16
52 26
52 29
52 35
52 39
52 42
52 48
52 49
52 53
52 56
52 58
52 59
52 60
52 67
52 73
52 80
52 94
52 100
52 101
52 104
52 107
52 109
52 111
52 115
52 116
52 117
52 118
52 124
53 2
53 3
53 6
53 7
53 10
53 11
53 19
53 20
53 25
53 27
53 28
53 34
53 35
53 36
53 37
53 38
53 44
53 46
53 48
53 56
53 60
53 63
53 69
53 75
53 76
53 81
53 85
53 87
53 90
53 92
53 94
53 96
53 101
53 102
53 104
53 107
53 117
53 118
53 120
53 121
53 125
53 126
53 127
54 1
54 2
54 13
54 14
54 17
54 26
54 38
54 42
54 43
54 47
54 55
54 56
54 66
54 78
54 80
54 81
54 83
54 84
54 85
54 86
54 90
54 97
54 98
54 100
54 101
54 106
54 110
54 114
54 117
54 119
54 126
55 9
55 19
55 20
55 22
55 28
55 33
55 36
55 40
55 45
55 47
55 54
55 68
55 70
55 71
55 75
55 81
55 87
55 98
55 99
55 105
55 108
55 109
55 112
55 114
55 115
55 116
55 125
55 127
56 0
56 1
56 5
56 15
56 26
56 31
56 35
56 36
56 40
56 44
56 45
56 47
56 51
56 52
56 54
56 55
56 58
56 59
56 67
56 72
56 80
56 83
56 84
56 85
56 88
56 93
56 101
56 105
56 107
56 110
56 112
56 113
56 118
56 127
57 1
57 7
57 8
57 14
57 16
57 20
57 22
57 23
57 24
57 27
57 28
57 30
57 33
57 38
57 40
57 41
57 43
57 44
57 49
57 52
57 54
57 57
57 60
57 63
57 65
57 67
57 70
57 73
57 79
57 86
57 90
57 93
57 94
57 96
57 99
57 102
57 108
57 111
57 113
57 122
58 0
58 1
58 2
58 3
58 5
58 6
58 10
58 14
58 15
58 18
58 26
58 28
58 32
58 34
58 40
58 48
58 51
58 52
58 54
58 60
58 61
58 63
58 68
58 70
58 71
58 73
58 80
58 83
58 88
58 93
58 96
58 98
58 105
58 107
58 109
58 111
58 112
58 114
58 116
58 119
58 121
58 122
58 126
59 1
59 5
59 6
59 15
59 19
59 20
59 22
59 23
59 26
59 27
59 32
59 34
59 40
59 41
59 45
59 47
59 49
59 50
59 56
59 58
59 60
59 62
59 63
59 68
59 69
59 72
59 73
59 75
59 78
59 81
59 90
59 91
59 98
59 100
59 102
59 110
59 112
59 115
59 116
59 117
59 118
59 120
60 0
60 8
60 12
60 15
60 22
60 29
60 31
60 36
60 38
60 39
60 41
60 45
60 60
60 63
60 64
60 70
60 80
60 81
60 82
60 86
60 89
60 92
60 93
60 94
60 97
60 102
60 103
60 111
60 115
60 116
60 117
60 120
60 125
61 9
61 13
61 14
61 17
61 19
61 21
61 26
61 30
61 33
61 38
61 40
61 41
61 42
61 43
61 45
61 46
61 47
61 50
61 53
61 64
61 69
61 72
61 73
61 75
61 85
61 89
61 92
61 94
61 95
61 96
61 99
61 102
61 107
61 108
61 110
61 111
61 113
61 121
61 124
62 5
62 13
62 18
62 20
62 22
62 27
62 35
62 47
62 54
62 55
62 58
62 59
62 61
62 63
62 64
62 66
62 67
62 69
62 70
62 74
62 78
62 88
62 94
62 103
62 104
62 111
62 118
62 121
62 124
62 125
63 2
63 5
63 6
63 9
63 11
63 18
63 19
63 20
63 23
63 25
63 26
63 28
63 30
63 32
63 38
63 49
63 51
63 53
63 58
63 59
63 64
63 73
63 75
63 85
63 86
63 101
63 104
63 107
63 108
63 112
63 115
63 117
63 122
63 123
63 127
64 0
64 4
64 5
64 8
64 17
64 24
64 28
64 29
64 37
64 49
64 50
64 52
64 53
64 54
64 58
64 60
64 62
64 67
64 68
64 69
64 74
64 76
64 78
64 82
64 86
64 90
64 91
64 93
64 94
64 98
64 99
64 106
64 109
64 110
64 112
64 119
64 120
64 121
64 123
64 124
64 127
65 1
65 3
65 11
65 14
65 17
65 20
65 21
65 22
65 24
65 26
65 28
65 29
65 31
65 37
65 39
65 42
65 43
65 44
65 47
65 50
65 55
65 65
65 67
65 68
65 70
65 72
65 73
65 75
65 76
65 77
65 82
65 84
65 87
65 90
65 92
65 99
65 100
65 110
65 114
65 115
65 118
65 120
65 123
65 124
65 126
66 0
66 6
66 7
66 13
66 16
66 18
66 22
66 28
66 29
66 30
66 31
66 34
66 37
66 47
66 50
66 51
66 52
66 54
66 58
66 61
66 74
66 75
66 76
66 80
66 83
66 85
66 86
66 96
66 97
66 99
66 104
66 112
66 113
66 114
66 115
66 117
66 118
66 120
66 122
66 124
66 127
67 1
67 2
67 4
67 8
67 9
67 11
67 16
67 23
67 27
67 29
67 31
67 32
67 33
67 43
67 44
67 52
67 54
67 60
67 61
67 64
67 70
67 72
67 73
67 76
67 77
67 81
67 83
67 85
67 88
67 93
67 101
67 103
67 108
67 114
67 115
67 117
67 118
67 123
67 124
67 125
68 0
68 4
68 9
68 13
68 17
68 18
68 19
68 22
68 27
68 30
68 33
68 36
68 37
68 40
68 41
68 43
68 45
68 47
68 48
68 50
68 51
68 63
68 64
68 66
68 73
68 74
68 75
68 77
68 86
68 87
68 90
68 91
68 94
68 99
68 104
68 106
68 107
68 109
68 110
68 111
68 119
68 120
68 125
68 126
69 3
69 5
69 10
69 13
69 16
69 18
69 19
69 20
69 21
69 23
69 31
69 37
69 38
69 46
69 51
69 59
69 61
69 62
69 63
69 70
69 74
69 88
69 92
69 95
69 96
69 102
69 109
69 114
69 117
69 118
69 125
70 1
70 3
70 4
70 10
70 12
70 19
70 20
70 22
70 26
70 27
70 28
70 33
70 35
70 36
70 49
70 51
70 52
70 55
70 57
70 58
70 61
70 64
70 65
70 66
70 67
70 68
70 72
70 74
70 80
70 83
70 85
70 87
70 91
70 92
70 93
70 98
70 99
70 103
70 109
70 110
70 112
70 114
70 120
70 122
70 127
71 1
71 11
71 12
71 13
71 23
71 31
71 32
71 33
71 35
71 38
71 40
71 42
71 43
71 44
71 47
71 54
71 57
71 60
71 62
71 64
71 68
71 70
71 73
71 79
71 80
71 82
71 89
71 91
71 92
71 94
71 95
71 102
71 103
71 104
71 109
71 114
71 115
71 116
71 119
71 124
71 127
72 1
72 2
72 5
72 7
72 9
72 10
72 11
72 18
72 29
72 31
72 33
72 34
72 38
72 48
72 53
72 54
72 58
72 67
72 69
72 70
72 71
72 73
72 76
72 78
72 83
72 86
72 90
72 91
72 95
72 96
72 103
72 104
72 106
72 109
72 112
72 118
72 124
73 10
73 11
73 16
73 17
73 22
73 23
73 24
73 26
73 28
73 29
73 32
73 37
73 49
73 57
73 60
73 62
73 63
73 72
73 75
73 76
73 77
73 78
73 79
73 83
73 85
73 86
73 89
73 90
73 91
73 93
73 96
73 103
73 111
73 113
73 116
73 117
73 119
73 122
73 125
73 126
74 4
74 6
74 13
74 14
74 15
74 17
74 19
74 21
74 25
74 26
74 29
74 31
74 32
74 33
74 36
74 41
74 42
74 45
74 47
74 48
74 51
74 52
74 54
74 69
74 71
74 74
74 76
74 84
74 89
74 94
74 95
74 96
74 98
74 99
74 105
74 107
74 111
74 116
74 117
74 118
74 124
74 125
75 1
75 2
75 6
75 8
75 9
75 12
75 13
75 16
75 18
75 19
75 24
75 28
75 30
75 33
75 35
75 36
75 39
75 46
75 48
75 49
75 51
75 52
75 53
75 55
75 59
75 60
75 61
75 65
75 69
75 70
75 72
75 73
75 75
75 76
75 81
75 83
75 84
75 86
75 87
75 98
75 103
75 104
75 105
75 109
75 111
75 112
75 114
75 117
75 121
75 124
75 125
76 0
76 4
76 7
76 10
76 11
76 21
76 29
76 32
76 34
76 40
76 43
76 44
76 45
76 53
76 55
76 56
76 58
76 59
76 61
76 63
76 64
76 66
76 68
76 70
76 71
76 76
76 77
76 80
76 84
76 87
76 90
76 93
76 96
76 104
76 109
76 112
76 114
76 117
76 118
76 123
76 126
76 127
77 4
77 7
77 8
77 10
77 11
77 17
77 20
77 21
77 23
77 24
77 25
77 27
77 29
77 35
77 36
77 40
77 43
77 49
77 51
77 54
77 57
77 59
77 62
77 64
77 65
77 69
77 71
77 72
77 77
77 78
77 82
77 84
77 88
77 96
77 98
77 101
77 108
77 111
77 119
77 120
77 121
77 122
77 123
78 1
78 3
78 4
78 10
78 11
78 13
78 15
78 17
78 19
78 20
78 23
78 26
78 29
78 31
78 32
78 37
78 49
78 50
78 51
78 53
78 54
78 58
78 62
78 66
78 68
78 71
78 73
78 75
78 77
78 78
78 79
78 82
78 85
78 93
78 101
78 110
78 111
78 114
78 116
78 118
78 119
78 121
79 6
79 8
79 14
79 15
79 19
79 23
79 24
79 28
79 38
79 39
79 43
79 50
79 60
79 61
79 62
79 76
79 80
79 81
79 93
79 94
79 100
79 101
79 103
79 106
79 107
79 114
79 118
79 120
79 123
79 124
79 126
80 1
80 7
80 8
80 9
80 11
80 18
80 23
80 24
80 42
80 43
80 44
80 45
80 46
80 49
80 51
80 53
80 67
80 69
80 70
80 71
80 86
80 87
80 88
80 89
80 92
80 94
80 102
80 105
80 106
80 110
80 115
80 117
80 121
81 5
81 9
81 11
81 17
81 21
81 22
81 30
81 33
81 34
81 45
81 46
81 53
81 54
81 55
81 63
81 66
81 70
81 83
81 84
81 85
81 87
81 88
81 91
81 92
81 97
81 98
81 99
81 105
81 106
81 107
81 110
81 119
81 120
81 125
81 126
82 0
82 3
82 6
82 16
82 17
82 21
82 23
82 29
82 31
82 32
82 33
82 34
82 35
82 46
82 48
82 49
82 50
82 51
82 54
82 61
82 65
82 66
82 69
82 70
82 77
82 78
82 80
82 84
82 86
82 88
82 89
82 96
82 99
82 102
82 105
82 108
82 112
82 113
82 114
82 115
82 117
82 119
82 122
82 125
83 0
83 1
83 3
83 12
83 15
83 19
83 21
83 24
83 27
83 31
83 32
83 34
83 46
83 50
83 54
83 55
83 56
83 57
83 58
83 63
83 71
83 72
83 74
83 80
83 81
83 86
83 89
83 95
83 97
83 100
83 101
83 102
83 106
83 108
83 110
83 112
83 115
83 120
83 123
83 126
83 127
84 1
84 4
84 8
84 11
84 13
84 19
84 20
84 22
84 23
84 28
84 31
84 33
84 40
84 42
84 43
84 52
84 56
84 60
84 61
84 65
84 66
84 67
84 70
84 80
84 81
84 83
84 87
84 92
84 95
84 96
84 97
84 98
84 99
84 100
84 109
84 117
84 118
84 120
84 121
84 123
85 0
85 4
85 6
85 15
85 28
85 30
85 37
85 38
85 39
85 40
85 51
85 52
85 58
85 64
85 68
85 78
85 82
85 90
85 97
85 98
85 103
85 106
85 108
85 110
85 114
85 124
86 2
86 5
86 9
86 16
86 17
86 21
86 22
86 25
86 26
86 33
86 38
86 41
86 46
86 47
86 48
86 49
86 50
86 52
86 53
86 54
86 60
86 70
86 79
86 83
86 88
86 89
86 90
86 95
86 96
86 97
86 101
86 102
86 103
86 107
86 109
86 111
86 113
86 115
86 117
86 119
86 124
86 126
87 10
87 17
87 18
87 22
87 23
87 25
87 33
87 38
87 40
87 43
87 44
87 46
87 53
87 58
87 59
87 61
87 62
87 63
87 70
87 71
87 76
87 79
87 80
87 81
87 90
87 93
87 95
87 99
87 103
87 109
87 114
87 118
87 120
87 123
87 124
87 125
87 126
88 0
88 8
88 12
88 14
88 15
88 16
88 24
88 30
88 32
88 35
88 36
88 43
88 45
88 46
88 48
88 55
88 56
88 61
88 62
88 63
88 65
88 69
88 71
88 77
88 79
88 81
88 86
88 88
88 89
88 90
88 92
88 95
88 98
88 102
88 103
88 107
88 113
88 115
88 118
88 119
88 126
89 5
89 14
89 16
89 17
89 18
89 23
89 25
89 29
89 30
89 32
89 33
89 34
89 36
89 37
89 40
89 46
89 47
89 53
89 56
89 59
89 61
89 65
89 69
89 71
89 72
89 79
89 81
89 83
89 84
89 85
89 87
89 90
89 98
89 101
89 102
89 106
89 112
89 113
89 114
89 117
89 118
89 123
90 0
90 3
90 5
90 9
90 12
90 15
90 20
90 22
90 29
90 41
90 44
90 50
90 53
90 54
90 58
90 61
90 62
90 67
90 73
90 77
90 80
90 87
90 88
90 92
90 93
90 94
90 95
90 96
90 98
90 101
90 102
90 104
90 106
90 109
90 110
90 119
90 121
90 125
91 4
91 5
91 6
91 7
91 10
91 12
91 14
91 16
91 20
91 23
91 25
91 27
91 30
91 35
91 36
91 39
91 43
91 52
91 62
91 63
91 64
91 65
91 69
91 70
91 74
91 77
91 78
91 82
91 85
91 86
91 87
91 93
91 97
91 99
91 101
91 103
91 108
91 112
91 113
91 121
91 127
92 14
92 18
92 21
92 35
92 39
92 42
92 43
92 48
92 50
92 51
92 52
92 53
92 54
92 55
92 56
92 61
92 63
92 66
92 70
92 74
92 87
92 88
92 91
92 93
92 97
92 98
92 99
92 107
92 108
92 109
92 117
92 123
92 127
93 0
93 6
93 7
93 12
93 14
93 16
93 19
93 22
93 25
93 30
93 31
93 33
93 36
93 40
93 41
93 45
93 50
93 51
93 56
93 57
93 59
93 60
93 64
93 65
93 66
93 70
93 71
93 72
93 73
93 75
93 76
93 77
93 78
93 83
93 91
93 93
93 94
93 98
93 99
93 103
93 106
93 108
93 111
93 116
93 118
93 122
93 127
94 0
94 1
94 2
94 9
94 11
94 18
94 22
94 33
94 35
94 37
94 38
94 39
94 40
94 41
94 42
94 48
94 50
94 53
94 56
94 59
94 61
94 63
94 65
94 66
94 69
94 71
94 72
94 78
94 80
94 83
94 87
94 96
94 98
94 99
94 111
94 112
94 117
94 123
94 127
95 2
95 4
95 7
95 8
95 9
95 16
95 17
95 18
95 19
95 20
95 22
95 24
95 32
95 38
95 40
95 41
95 46
95 50
95 53
95 54
95 57
95 58
95 59
95 61
95 64
95 68
95 69
95 70
95 72
95 73
95 78
95 79
95 88
95 89
95 90
95 96
95 106
95 110
95 111
95 114
95 118
95 120
95 122
95 123
95 124
96 3
96 5
96 6
96 8
96 11
96 15
96 17
96 23
96 24
96 28
96 29
96 30
96 34
96 35
96 36
96 38
96 44
96 45
96 53
96 58
96 62
96 63
96 64
96 67
96 70
96 73
96 74
96 76
96 77
96 79
96 80
96 96
96 103
96 105
96 110
96 112
96 116
96 120
97 0
97 2
97 7
97 10
97 11
97 12
97 13
97 23
97 27
97 39
97 40
97 43
97 44
97 46
97 55
97 60
97 61
97 62
97 67
97 68
97 72
97 73
97 75
97 76
97 80
97 85
97 87
97 88
97 89
97 92
97 93
97 96
97 99
97 100
97 104
97 105
97 106
97 107
97 111
97 113
97 116
97 117
97 120
97 121
97 123
97 125
97 126
98 11
98 16
98 17
98 19
98 22
98 23
98 24
98 25
98 31
98 38
98 39
98 40
98 43
98 60
98 61
98 63
98 73
98 78
98 79
98 80
98 82
98 83
98 85
98 87
98 92
98 98
98 113
98 115
98 117
98 118
98 122
98 123
98 125
99 2
99 3
99 4
99 9
99 15
99 19
99 20
99 22
99 23
99 25
99 28
99 31
99 32
99 34
99 38
99 39
99 40
99 41
99 44
99 49
99 50
99 51
99 53
99 60
99 65
99 70
99 72
99 75
99 76
99 80
99 83
99 86
99 87
99 89
99 93
99 94
99 103
99 105
99 111
99 114
99 121
99 123
99 124
99 126
100 0
100 1
100 3
100 10
100 16
100 17
100 18
100 24
100 26
100 27
100 30
100 33
100 36
100 38
100 44
100 47
100 49
100 52
100 54
100 62
100 64
100 67
100 70
100 71
100 75
100 82
100 84
100 85
100 89
100 90
100 93
100 96
100 98
100 99
100 103
100 105
100 106
100 108
100 111
100 113
100 115
100 116
100 119
100 123
101 0
101 5
101 6
101 9
101 14
101 23
101 25
101 32
101 36
101 40
101 46
101 49
101 55
101 56
101 58
101 63
101 64
101 72
101 74
101 76
101 77
101 78
101 79
101 80
101 82
101 84
101 85
101 89
101 90
101 92
101 95
101 97
101 99
101 102
101 104
101 113
101 116
101 122
101 125
102 2
102 3
102 5
102 11
102 14
102 18
102 20
102 24
102 26
102 27
102 32
102 33
102 35
102 39
102 46
102 47
102 49
102 52
102 53
102 59
102 64
102 65
102 68
102 71
102 72
102 76
102 78
102 79
102 83
102 84
102 86
102 89
102 91
102 95
102 100
102 103
102 111
102 114
102 115
102 118
102 123
102 127
103 1
103 2
103 7
103 11
103 14
103 16
103 19
103 21
103 26
103 28
103 29
103 33
103 34
103 35
103 39
103 47
103 49
103 57
103 59
103 64
103 69
103 73
103 79
103 80
103 82
103 85
103 89
103 90
103 93
103 96
103 97
103 100
103 106
103 108
103 126
104 2
104 3
104 10
104 17
104 21
104 27
104 28
104 31
104 33
104 34
104 38
104 42
104 46
104 47
104 50
104 51
104 54
104 57
104 58
104 61
104 69
104 70
104 75
104 77
104 78
104 79
104 80
104 86
104 87
104 91
104 92
104 93
104 97
104 103
104 106
104 108
104 114
105 3
105 6
105 13
105 14
105 19
105 21
105 23
105 25
105 26
105 30
105 32
105 34
105 36
105 41
105 42
105 45
105 49
105 50
105 51
105 52
105 63
105 64
105 65
105 66
105 68
105 71
105 74
105 76
105 77
105 81
105 86
105 88
105 92
105 95
105 97
105 99
105 103
105 105
105 106
105 119
105 121
105 127
106 7
106 9
106 11
106 22
106 24
106 26
106 32
106 34
106 45
106 54
106 56
106 60
106 61
106 62
106 63
106 74
106 75
106 76
106 78
106 83
106 84
106 87
106 89
106 95
106 96
106 97
106 99
106 102
106 106
106 110
106 113
106 117
106 119
106 121
106 122
107 1
107 2
107 5
107 12
107 23
107 25
107 26
107 28
107 29
107 36
107 40
107 41
107 48
107 50
107 51
107 52
107 57
107 72
107 73
107 74
107 79
107 81
107 84
107 93
107 94
107 95
107 102
107 103
107 104
107 105
107 120
107 123
107 125
108 14
108 17
108 21
108 27
108 34
108 35
108 37
108 38
108 40
108 44
108 47
108 52
108 54
108 55
108 58
108 60
108 67
108 69
108 71
108 73
108 75
108 76
108 79
108 82
108 87
108 90
108 92
108 93
108 94
108 102
108 105
108 106
108 113
108 114
108 115
108 123
108 127
109 7
109 8
109 12
109 13
109 14
109 18
109 19
109 20
109 21
109 23
109 24
109 26
109 28
109 29
109 30
109 35
109 43
109 49
109 58
109 59
109 62
109 65
109 72
109 75
109 78
109 80
109 83
109 88
109 89
109 95
109 96
109 100
109 105
109 108
109 112
109 125
109 126
110 2
110 4
110 5
110 7
110 9
110 13
110 17
110 21
110 24
110 25
110 26
110 29
110 30
110 35
110 38
110 40
110 42
110 43
110 45
110 52
110 54
110 57
110 62
110 67
110 76
110 83
110 86
110 87
110 98
110 105
110 112
110 117
110 120
110 121
110 123
110 124
110 125
111 1
111 4
111 5
111 11
111 14
111 17
111 22
111 23
111 24
111 31
111 33
111 44
111 45
111 51
111 54
111 63
111 67
111 71
111 77
111 84
111 85
111 90
111 91
111 104
111 109
111 113
111 115
111 120
111 122
111 127
112 1
112 2
112 3
112 4
112 6
112 10
112 13
112 15
112 19
112 21
112 22
112 34
112 35
112 37
112 38
112 42
112 46
112 47
112 53
112 54
112 59
112 60
112 65
112 67
112 69
112 70
112 74
112 76
112 80
112 85
112 89
112 90
112 92
112 95
112 96
112 103
112 107
112 108
112 110
112 111
112 113
112 117
112 118
112 127
113 0
113 1
113 5
113 9
113 10
113 11
113 17
113 19
113 23
113 25
113 27
113 28
113 29
113 40
113 42
113 43
113 51
113 54
113 58
113 61
113 62
113 63
113 68
113 72
113 73
113 74
113 75
113 78
113 83
113 102
113 109
113 111
113 113
113 118
113 121
113 122
114 2
114 3
114 15
114 19
114 24
114 27
114 33
114 38
114 39
114 47
114 48
114 50
114 56
114 59
114 60
114 62
114 66
114 73
114 75
114 78
114 81
114 82
114 84
114 87
114 93
114 97
114 99
114 103
114 104
114 106
114 110
114 111
114 112
114 113
114 114
114 115
114 118
114 122
114 125
115 5
115 13
115 16
115 23
115 24
115 28
115 29
115 30
115 35
115 37
115 39
115 51
115 53
115 54
115 64
115 67
115 70
115 71
115 74
115 80
115 83
115 89
115 95
115 99
115 100
115 102
115 103
115 107
115 113
115 117
115 125
116 0
116 4
116 7
116 8
116 14
116 15
116 17
116 20
116 22
116 27
116 29
116 34
116 37
116 39
116 50
116 57
116 68
116 71
116 75
116 81
116 82
116 83
116 85
116 90
116 93
116 104
116 111
116 113
116 115
116 116
116 118
116 119
116 120
116 123
117 3
117 8
117 9
117 10
117 13
117 15
117 16
117 18
117 21
117 26
117 37
117 42
117 43
117 44
117 46
117 47
117 50
117 54
117 56
117 58
117 60
117 62
117 63
117 64
117 68
117 70
117 75
117 81
117 89
117 91
117 92
117 93
117 96
117 98
117 102
117 107
117 109
117 112
117 114
117 121
117 125
117 127
118 0
118 4
118 5
118 9
118 12
118 18
118 23
118 32
118 36
118 38
118 39
118 52
118 55
118 58
118 61
118 66
118 69
118 70
118 73
118 76
118 78
118 79
118 81
118 83
118 84
118 86
118 91
118 95
118 96
118 97
118 98
118 99
118 101
118 103
118 104
118 109
118 114
118 115
118 117
118 118
118 124
118 125
118 127
119 2
119 3
119 8
119 11
119 12
119 13
119 16
119 21
119 25
119 28
119 33
119 38
119 45
119 48
119 49
119 50
119 51
119 53
119 56
119 57
119 62
119 65
119 69
119 71
119 76
119 77
119 78
119 79
119 89
119 92
119 93
119 94
119 102
119 104
119 107
119 114
119 116
119 117
119 118
119 121
119 127
120 4
120 6
120 8
120 10
120 17
120 18
120 23
120 24
120 25
120 36
120 41
120 47
120 48
120 51
120 52
120 54
120 55
120 57
120 58
120 63
120 72
120 74
120 75
120 78
120 86
120 87
120 90
120 91
120 93
120 94
120 97
120 105
120 106
120 110
120 111
120 117
120 118
120 127
121 1
121 8
121 9
121 10
121 12
121 14
121 18
121 19
121 28
121 30
121 31
121 35
121 40
121 45
121 46
121 47
121 54
121 56
121 59
121 67
121 71
121 77
121 88
121 100
121 105
121 106
121 111
121 116
121 118
122 2
122 5
122 7
122 10
122 12
122 13
122 17
122 19
122 21
122 22
122 23
122 26
122 27
122 31
122 34
122 36
122 43
122 54
122 55
122 59
122 65
122 69
122 73
122 76
122 78
122 80
122 82
122 85
122 86
122 89
122 90
122 91
122 94
122 95
122 105
122 106
122 110
122 111
122 118
122 122
122 123
123 0
123 5
123 10
123 12
123 17
123 20
123 22
123 24
123 31
123 33
123 38
123 40
123 48
123 50
123 51
123 52
123 53
123 54
123 59
123 60
123 61
123 62
123 65
123 68
123 69
123 70
123 72
123 73
123 74
123 82
123 86
123 87
123 88
123 89
123 94
123 96
123 99
123 100
123 103
123 106
123 113
123 117
123 118
123 123
123 125
123 126
124 0
124 1
124 2
124 3
124 5
124 9
124 11
124 14
124 16
124 17
124 22
124 24
124 26
124 27
124 28
124 31
124 32
124 36
124 43
124 47
124 55
124 59
124 60
124 61
124 64
124 65
124 67
124 73
124 74
124 76
124 77
124 86
124 92
124 100
124 107
124 112
124 114
124 117
124 121
124 123
124 125
124 126
125 0
125 2
125 4
125 12
125 15
125 18
125 19
125 21
125 22
125 37
125 38
125 39
125 43
125 49
125 54
125 56
125 57
125 58
125 61
125 62
125 67
125 69
125 76
125 80
125 81
125 87
125 88
125 90
125 93
125 97
125 100
125 102
125 103
125 105
125 110
125 124
125 126
126 2
126 5
126 6
126 7
126 8
126 9
126 13
126 20
126 25
126 26
126 29
126 31
126 34
126 40
126 47
126 49
126 52
126 66
126 68
126 69
126 70
126 73
126 78
126 79
126 80
126 83
126 84
126 85
126 86
126 89
126 91
126 94
126 95
126 100
126 101
126 103
126 112
126 124
126 125
126 127
127 0
127 2
127 6
127 15
127 17
127 19
127 20
127 21
127 22
127 24
127 31
127 34
127 35
127 47
127 48
127 50
127 51
127 54
127 58
127 61
127 68
127 70
127 72
127 80
127 82
127 83
127 85
127 89
127 90
127 91
127 92
127 94
127 95
127 102
127 104
127 108
127 113
127 118
127 120
127 122
127 123
