0 0
0 2
0 6
0 7
0 9
0 11
0 12
0 13
0 14
0 17
0 18
0 19
0 23
0 25
0 27
0 29
0 30
0 35
0 43
0 47
0 48
0 49
0 52
0 53
0 56
0 60
0 63
0 65
0 66
0 71
0 75
0 76
0 79
0 80
0 81
0 82
0 83
0 84
0 85
0 86
0 89
0 92
0 93
0 97
0 100
0 101
0 105
0 106
0 110
0 113
0 114
0 117
0 118
0 123
0 125
0 126
1 2
1 5
1 11
1 12
1 13
1 15
1 18
1 21
1 22
1 23
1 24
1 28
1 30
1 31
1 32
1 34
1 36
1 37
1 38
1 39
1 42
1 44
1 47
1 48
1 50
1 51
1 52
1 53
1 54
1 58
1 59
1 63
1 64
1 65
1 66
1 68
1 69
1 71
1 78
1 81
1 82
1 86
1 89
1 90
1 92
1 97
1 99
1 104
1 105
1 106
1 118
1 120
1 121
1 122
1 125
1 127
2 0
2 2
2 3
2 5
2 8
2 9
2 12
2 13
2 14
2 18
2 28
2 29
2 30
2 32
2 33
2 39
2 40
2 42
2 44
2 47
2 52
2 53
2 58
2 60
2 63
2 66
2 67
2 76
2 78
2 80
2 83
2 84
2 85
2 87
2 89
2 90
2 93
2 98
2 102
2 105
2 106
2 107
2 108
2 111
2 113
2 114
2 116
2 117
2 118
2 120
2 121
2 122
3 1
3 3
3 5
3 8
3 9
3 13
3 16
3 19
3 20
3 21
3 23
3 25
3 31
3 35
3 38
3 39
3 40
3 44
3 45
3 48
3 49
3 51
3 54
3 55
3 56
3 57
3 61
3 62
3 63
3 65
3 67
3 68
3 70
3 77
3 80
3 83
3 86
3 87
3 88
3 89
3 90
3 91
3 94
3 97
3 98
3 99
3 100
3 101
3 103
3 107
3 108
3 111
3 112
3 115
3 116
3 117
3 124
3 125
3 126
4 1
4 2
4 4
4 7
4 10
4 13
4 14
4 18
4 19
4 21
4 25
4 26
4 29
4 30
4 32
4 33
4 34
4 39
4 40
4 42
4 43
4 45
4 46
4 49
4 52
4 57
4 62
4 63
4 67
4 70
4 72
4 74
4 75
4 77
4 80
4 81
4 82
4 84
4 88
4 90
4 95
4 98
4 103
4 106
4 115
4 119
5 6
5 12
5 13
5 14
5 16
5 19
5 21
5 23
5 30
5 33
5 36
5 39
5 40
5 44
5 47
5 49
5 50
5 57
5 60
5 62
5 63
5 67
5 69
5 70
5 71
5 73
5 75
5 77
5 78
5 79
5 83
5 85
5 87
5 88
5 92
5 94
5 100
5 101
5 109
5 118
5 122
5 124
6 2
6 3
6 4
6 6
6 7
6 8
6 10
6 13
6 19
6 25
6 28
6 30
6 33
6 38
6 40
6 45
6 47
6 51
6 52
6 53
6 56
6 57
6 58
6 60
6 62
6 67
6 70
6 71
6 76
6 78
6 82
6 83
6 84
6 86
6 89
6 92
6 99
6 100
6 101
6 106
6 109
6 110
6 111
6 112
6 114
6 115
6 116
6 118
6 119
6 121
6 122
6 123
6 124
7 0
7 1
7 2
7 4
7 5
7 10
7 11
7 13
7 14
7 16
7 20
7 22
7 25
7 28
7 31
7 34
7 35
7 42
7 43
7 45
7 53
7 54
7 61
7 62
7 65
7 68
7 69
7 73
7 75
7 78
7 81
7 82
7 87
7 88
7 92
7 101
7 102
7 104
7 105
7 106
7 107
7 108
7 109
7 110
7 111
7 113
7 116
7 123
8 1
8 4
8 5
8 10
8 17
8 25
8 26
8 35
8 43
8 48
8 51
8 52
8 53
8 55
8 57
8 61
8 68
8 71
8 75
8 77
8 79
8 80
8 84
8 85
8 94
8 96
8 97
8 101
8 102
8 103
8 105
8 106
8 108
8 110
8 113
8 114
8 115
8 116
8 122
8 123
8 124
8 125
8 126
9 1
9 4
9 6
9 9
9 10
9 11
9 15
9 17
9 18
9 20
9 21
9 23
9 24
9 27
9 28
9 30
9 36
9 39
9 41
9 47
9 49
9 51
9 53
9 54
9 55
9 56
9 58
9 60
9 62
9 63
9 68
9 69
9 71
9 72
9 75
9 76
9 77
9 78
9 80
9 82
9 86
9 88
9 92
9 93
9 94
9 95
9 99
9 102
9 104
9 105
9 111
9 112
9 115
9 116
9 117
9 121
9 124
9 125
9 126
9 127
10 1
10 4
10 5
10 8
10 11
10 12
10 14
10 16
10 20
10 24
10 26
10 27
10 29
10 30
10 31
10 33
10 38
10 40
10 44
10 45
10 55
10 57
10 59
10 62
10 63
10 65
10 66
10 68
10 69
10 70
10 73
10 75
10 77
10 78
10 80
10 82
10 83
10 85
10 86
10 87
10 90
10 93
10 98
10 99
10 100
10 101
10 105
10 107
10 110
10 118
10 119
10 122
10 124
10 125
10 127
11 1
11 3
11 4
11 7
11 8
11 10
11 12
11 17
11 19
11 22
11 23
11 24
11 25
11 26
11 29
11 30
11 31
11 32
11 33
11 34
11 35
11 39
11 42
11 44
11 48
11 58
11 65
11 66
11 69
11 70
11 73
11 74
11 77
11 80
11 83
11 84
11 85
11 90
11 91
11 92
11 93
11 94
11 95
11 96
11 97
11 101
11 103
11 108
11 109
11 111
11 112
11 118
11 120
11 126
12 0
12 1
12 2
12 5
12 12
12 13
12 14
12 15
12 16
12 18
12 19
12 20
12 21
12 25
12 26
12 31
12 32
12 38
12 40
12 44
12 45
12 46
12 47
12 48
12 56
12 59
12 62
12 63
12 64
12 65
12 66
12 67
12 70
12 71
12 72
12 74
12 78
12 81
12 86
12 88
12 89
12 90
12 91
12 92
12 93
12 97
12 98
12 100
12 101
12 107
12 110
12 111
12 114
12 115
12 121
12 123
12 125
12 127
13 2
13 5
13 7
13 10
13 16
13 17
13 18
13 19
13 21
13 24
13 25
13 26
13 29
13 31
13 33
13 35
13 37
13 38
13 41
13 43
13 46
13 49
13 50
13 56
13 60
13 62
13 63
13 66
13 67
13 69
13 70
13 72
13 76
13 78
13 85
13 86
13 87
13 88
13 91
13 93
13 94
13 95
13 96
13 100
13 101
13 104
13 107
13 109
13 111
13 113
13 114
13 116
13 120
13 122
13 124
13 127
14 0
14 1
14 2
14 6
14 10
14 12
14 18
14 25
14 26
14 27
14 28
14 33
14 35
14 39
14 46
14 49
14 50
14 53
14 55
14 61
14 62
14 66
14 67
14 71
14 73
14 75
14 76
14 81
14 84
14 86
14 88
14 89
14 91
14 95
14 96
14 98
14 100
14 101
14 104
14 105
14 110
14 113
14 118
14 119
14 121
14 123
14 124
14 125
15 0
15 2
15 3
15 4
15 5
15 6
15 9
15 10
15 12
15 13
15 16
15 17
15 21
15 22
15 24
15 28
15 30
15 35
15 36
15 37
15 41
15 45
15 49
15 53
15 54
15 56
15 57
15 58
15 63
15 64
15 65
15 74
15 75
15 76
15 77
15 78
15 80
15 82
15 83
15 84
15 86
15 87
15 88
15 91
15 94
15 95
15 102
15 104
15 107
15 109
15 112
15 115
15 118
15 121
15 122
16 0
16 2
16 4
16 6
16 12
16 24
16 28
16 30
16 31
16 38
16 43
16 45
16 46
16 47
16 48
16 50
16 52
16 54
16 62
16 66
16 67
16 68
16 69
16 70
16 71
16 72
16 74
16 76
16 79
16 80
16 84
16 86
16 89
16 93
16 98
16 100
16 101
16 104
16 107
16 108
16 114
16 117
16 118
16 119
16 121
16 125
17 1
17 3
17 4
17 5
17 8
17 13
17 14
17 15
17 17
17 21
17 22
17 23
17 24
17 28
17 30
17 31
17 32
17 36
17 42
17 44
17 45
17 47
17 49
17 51
17 52
17 58
17 59
17 60
17 61
17 64
17 65
17 66
17 69
17 70
17 73
17 74
17 78
17 81
17 86
17 90
17 94
17 95
17 96
17 97
17 98
17 105
17 106
17 109
17 110
17 116
17 119
17 124
17 125
18 0
18 3
18 6
18 8
18 9
18 10
18 13
18 15
18 17
18 18
18 21
18 23
18 25
18 26
18 32
18 34
18 35
18 39
18 41
18 45
18 46
18 47
18 48
18 49
18 53
18 55
18 57
18 62
18 64
18 66
18 68
18 69
18 70
18 73
18 74
18 77
18 79
18 82
18 83
18 86
18 90
18 93
18 94
18 95
18 98
18 99
18 101
18 102
18 103
18 105
18 107
18 108
18 111
18 114
18 119
18 120
18 123
18 124
18 127
19 5
19 7
19 11
19 13
19 17
19 18
19 19
19 20
19 23
19 24
19 25
19 27
19 29
19 38
19 39
19 40
19 41
19 52
19 53
19 54
19 57
19 61
19 62
19 63
19 68
19 69
19 77
19 78
19 80
19 82
19 85
19 88
19 92
19 93
19 94
19 99
19 100
19 102
19 105
19 106
19 109
19 114
19 115
19 116
19 122
19 123
19 126
20 0
20 1
20 4
20 7
20 8
20 10
20 11
20 16
20 19
20 20
20 23
20 26
20 27
20 28
20 29
20 35
20 38
20 39
20 40
20 42
20 43
20 47
20 51
20 59
20 60
20 61
20 66
20 69
20 70
20 73
20 74
20 75
20 76
20 77
20 78
20 79
20 83
20 84
20 85
20 86
20 87
20 89
20 90
20 91
20 92
20 93
20 98
20 100
20 101
20 102
20 104
20 105
20 106
20 107
20 109
20 110
20 112
20 114
20 115
20 117
20 119
20 125
20 126
21 1
21 4
21 8
21 9
21 10
21 12
21 14
21 16
21 17
21 19
21 21
21 27
21 30
21 31
21 33
21 34
21 36
21 37
21 40
21 46
21 47
21 51
21 67
21 68
21 69
21 70
21 74
21 77
21 80
21 83
21 86
21 87
21 91
21 92
21 93
21 94
21 100
21 104
21 105
21 110
21 111
21 118
21 120
21 125
21 126
21 127
22 5
22 6
22 7
22 11
22 12
22 15
22 16
22 18
22 21
22 25
22 31
22 33
22 38
22 39
22 42
22 45
22 46
22 60
22 61
22 63
22 64
22 68
22 69
22 70
22 73
22 74
22 75
22 77
22 78
22 79
22 80
22 85
22 86
22 90
22 91
22 96
22 99
22 100
22 101
22 102
22 103
22 105
22 108
22 110
22 113
22 114
22 117
22 119
22 120
22 125
22 126
23 4
23 6
23 7
23 9
23 11
23 12
23 14
23 15
23 20
23 21
23 22
23 23
23 24
23 26
23 30
23 32
23 34
23 40
23 43
23 46
23 48
23 50
23 52
23 53
23 54
23 57
23 61
23 69
23 71
23 73
23 75
23 80
23 82
23 83
23 85
23 87
23 88
23 90
23 97
23 98
23 99
23 101
23 105
23 107
23 108
23 111
23 112
23 119
23 122
23 124
23 126
24 0
24 4
24 7
24 9
24 12
24 13
24 14
24 16
24 17
24 18
24 20
24 22
24 23
24 24
24 28
24 30
24 36
24 37
24 39
24 40
24 41
24 43
24 45
24 46
24 47
24 48
24 49
24 51
24 54
24 56
24 57
24 59
24 64
24 66
24 74
24 75
24 76
24 77
24 78
24 80
24 84
24 85
24 86
24 88
24 90
24 95
24 97
24 99
24 103
24 106
24 113
24 114
24 117
24 118
24 119
24 123
24 125
24 127
25 0
25 10
25 15
25 18
25 21
25 22
25 23
25 25
25 32
25 33
25 34
25 35
25 37
25 38
25 41
25 42
25 45
25 49
25 52
25 53
25 55
25 56
25 62
25 66
25 68
25 69
25 71
25 73
25 75
25 83
25 85
25 86
25 87
25 88
25 93
25 95
25 97
25 98
25 99
25 101
25 102
25 108
25 110
25 111
25 116
25 119
25 120
25 122
25 123
26 5
26 9
26 10
26 12
26 13
26 18
26 19
26 24
26 25
26 26
26 29
26 33
26 37
26 38
26 39
26 42
26 43
26 45
26 50
26 51
26 52
26 55
26 57
26 58
26 59
26 63
26 65
26 69
26 70
26 71
26 75
26 76
26 79
26 80
26 83
26 85
26 91
26 93
26 94
26 95
26 99
26 100
26 101
26 102
26 107
26 108
26 109
26 114
26 117
26 122
26 124
26 127
27 1
27 5
27 9
27 11
27 13
27 15
27 17
27 19
27 20
27 21
27 22
27 28
27 29
27 30
27 31
27 33
27 34
27 40
27 42
27 44
27 46
27 47
27 48
27 50
27 52
27 54
27 57
27 58
27 61
27 62
27 64
27 66
27 68
27 75
27 78
27 79
27 82
27 85
27 86
27 87
27 91
27 97
27 99
27 104
27 105
27 108
27 109
27 111
27 114
27 115
27 120
27 121
27 123
27 124
27 125
28 5
28 7
28 9
28 12
28 13
28 14
28 16
28 17
28 18
28 19
28 20
28 25
28 28
28 31
28 33
28 35
28 36
28 37
28 39
28 41
28 44
28 51
28 56
28 59
28 64
28 65
28 66
28 67
28 68
28 70
28 75
28 81
28 82
28 84
28 86
28 90
28 91
28 94
28 97
28 98
28 99
28 102
28 106
28 110
28 111
28 112
28 113
28 116
28 118
28 119
28 124
28 127
29 1
29 2
29 6
29 7
29 15
29 17
29 21
29 22
29 23
29 25
29 28
29 32
29 34
29 35
29 36
29 39
29 42
29 46
29 47
29 48
29 49
29 50
29 52
29 57
29 60
29 61
29 62
29 63
29 66
29 68
29 70
29 71
29 72
29 73
29 74
29 75
29 78
29 79
29 80
29 81
29 82
29 83
29 85
29 86
29 87
29 90
29 91
29 96
29 97
29 98
29 99
29 101
29 102
29 103
29 105
29 107
29 108
29 110
29 111
29 114
29 119
29 124
30 2
30 5
30 8
30 10
30 13
30 15
30 17
30 19
30 22
30 23
30 25
30 26
30 30
30 40
30 43
30 46
30 50
30 52
30 57
30 59
30 60
30 61
30 63
30 64
30 66
30 67
30 70
30 72
30 73
30 75
30 76
30 84
30 85
30 86
30 91
30 94
30 98
30 101
30 102
30 105
30 108
30 111
30 112
30 113
30 116
30 118
30 124
31 4
31 7
31 10
31 13
31 15
31 18
31 19
31 21
31 22
31 24
31 26
31 28
31 34
31 37
31 38
31 39
31 41
31 43
31 44
31 46
31 51
31 53
31 58
31 65
31 66
31 67
31 69
31 72
31 74
31 76
31 77
31 78
31 81
31 83
31 92
31 93
31 96
31 99
31 104
31 105
31 106
31 109
31 112
31 114
31 115
31 121
31 122
31 126
31 127
32 2
32 3
32 6
32 9
32 11
32 17
32 19
32 22
32 28
32 30
32 41
32 42
32 45
32 46
32 47
32 55
32 60
32 61
32 63
32 67
32 70
32 71
32 75
32 77
32 79
32 85
32 88
32 89
32 95
32 96
32 101
32 103
32 106
32 108
32 109
32 118
32 119
32 123
32 125
33 2
33 7
33 8
33 11
33 12
33 15
33 18
33 19
33 20
33 21
33 25
33 35
33 36
33 42
33 43
33 50
33 51
33 52
33 53
33 54
33 56
33 66
33 67
33 69
33 77
33 81
33 82
33 85
33 88
33 92
33 93
33 96
33 97
33 99
33 102
33 106
33 107
33 108
33 113
33 118
33 120
33 121
33 123
33 124
33 125
33 126
33 127
34 0
34 2
34 3
34 4
34 6
34 7
34 11
34 13
34 14
34 16
34 19
34 22
34 23
34 29
34 37
34 42
34 45
34 52
34 58
34 60
34 63
34 64
34 65
34 68
34 69
34 70
34 76
34 83
34 88
34 89
34 90
34 91
34 99
34 107
34 111
34 113
34 114
34 115
34 117
34 118
34 120
34 122
34 127
35 1
35 2
35 14
35 15
35 19
35 20
35 22
35 23
35 24
35 27
35 30
35 38
35 40
35 41
35 43
35 44
35 45
35 46
35 47
35 50
35 51
35 53
35 55
35 57
35 58
35 60
35 61
35 63
35 66
35 67
35 69
35 74
35 87
35 95
35 99
35 100
35 101
35 103
35 104
35 109
35 113
35 116
35 117
35 118
35 123
36 7
36 9
36 10
36 12
36 15
36 17
36 18
36 19
36 22
36 24
36 27
36 28
36 30
36 31
36 35
36 38
36 41
36 43
36 44
36 47
36 49
36 52
36 53
36 56
36 62
36 65
36 68
36 69
36 71
36 72
36 76
36 82
36 83
36 87
36 88
36 91
36 94
36 96
36 98
36 99
36 102
36 105
36 107
36 109
36 112
36 114
36 116
36 117
36 119
36 120
36 121
36 125
37 0
37 1
37 3
37 7
37 9
37 12
37 18
37 19
37 22
37 27
37 31
37 33
37 38
37 40
37 41
37 43
37 46
37 47
37 50
37 51
37 52
37 54
37 58
37 60
37 61
37 63
37 66
37 67
37 68
37 69
37 70
37 74
37 75
37 76
37 77
37 78
37 79
37 80
37 86
37 88
37 94
37 97
37 101
37 107
37 108
37 110
37 111
37 112
37 116
37 117
38 1
38 12
38 14
38 17
38 19
38 20
38 23
38 28
38 29
38 31
38 32
38 36
38 49
38 61
38 62
38 67
38 68
38 72
38 78
38 79
38 82
38 83
38 85
38 86
38 87
38 88
38 89
38 94
38 95
38 98
38 99
38 102
38 104
38 106
38 110
38 112
38 113
38 114
38 117
38 118
38 120
38 122
38 125
38 126
38 127
39 1
39 3
39 6
39 9
39 11
39 15
39 17
39 19
39 20
39 22
39 23
39 25
39 26
39 28
39 33
39 34
39 38
39 40
39 42
39 44
39 51
39 52
39 54
39 56
39 69
39 73
39 75
39 76
39 77
39 78
39 81
39 84
39 85
39 86
39 87
39 89
39 91
39 92
39 93
39 101
39 102
39 103
39 105
39 106
39 107
39 109
39 110
39 112
39 116
39 119
39 120
39 123
39 124
40 0
40 1
40 4
40 5
40 6
40 8
40 14
40 20
40 26
40 29
40 32
40 33
40 38
40 43
40 46
40 48
40 49
40 50
40 54
40 55
40 58
40 60
40 67
40 70
40 72
40 77
40 79
40 80
40 81
40 85
40 90
40 92
40 94
40 95
40 99
40 100
40 103
40 104
40 105
40 106
40 107
40 108
40 109
40 112
40 113
40 114
40 116
40 120
40 122
40 125
41 0
41 4
41 5
41 6
41 10
41 12
41 19
41 20
41 21
41 22
41 25
41 34
41 35
41 36
41 41
41 43
41 44
41 45
41 47
41 49
41 50
41 51
41 52
41 53
41 56
41 58
41 65
41 66
41 75
41 78
41 79
41 82
41 84
41 86
41 87
41 90
41 92
41 94
41 97
41 114
41 116
41 121
41 122
41 123
41 124
42 1
42 10
42 11
42 15
42 17
42 18
42 19
42 25
42 26
42 27
42 29
42 31
42 32
42 34
42 40
42 42
42 43
42 44
42 45
42 52
42 62
42 63
42 64
42 70
42 75
42 76
42 77
42 80
42 82
42 84
42 92
42 96
42 98
42 100
42 109
42 111
42 113
42 114
42 115
42 121
42 123
42 125
43 0
43 3
43 6
43 9
43 10
43 13
43 16
43 18
43 20
43 21
43 24
43 28
43 30
43 34
43 39
43 40
43 41
43 43
43 44
43 49
43 50
43 51
43 52
43 59
43 60
43 63
43 64
43 66
43 67
43 68
43 72
43 76
43 77
43 78
43 84
43 85
43 89
43 91
43 94
43 95
43 96
43 97
43 98
43 103
43 105
43 106
43 111
43 114
43 115
43 116
43 118
43 122
43 123
43 127
44 0
44 2
44 3
44 4
44 5
44 6
44 7
44 10
44 11
44 12
44 14
44 15
44 16
44 17
44 18
44 20
44 23
44 24
44 26
44 27
44 28
44 31
44 33
44 35
44 37
44 39
44 44
44 45
44 47
44 55
44 56
44 60
44 63
44 64
44 70
44 72
44 73
44 74
44 75
44 77
44 78
44 79
44 81
44 83
44 84
44 88
44 90
44 91
44 94
44 97
44 99
44 100
44 101
44 102
44 109
44 111
44 112
44 118
44 120
44 123
44 126
45 1
45 4
45 6
45 9
45 14
45 16
45 21
45 23
45 28
45 32
45 33
45 40
45 43
45 44
45 49
45 51
45 53
45 54
45 55
45 60
45 61
45 63
45 66
45 67
45 68
45 69
45 70
45 71
45 72
45 73
45 75
45 78
45 79
45 80
45 82
45 88
45 92
45 93
45 94
45 95
45 97
45 98
45 105
45 112
45 114
45 117
45 123
45 126
46 5
46 10
46 12
46 13
46 17
46 18
46 20
46 21
46 22
46 23
46 24
46 32
46 34
46 36
46 38
46 39
46 40
46 44
46 45
46 47
46 48
46 50
46 51
46 54
46 55
46 58
46 60
46 70
46 71
46 72
46 73
46 77
46 78
46 79
46 88
46 90
46 91
46 92
46 94
46 100
46 101
46 105
46 107
46 108
46 109
46 113
46 119
46 120
46 121
46 123
46 126
46 127
47 0
47 1
47 4
47 9
47 12
47 15
47 17
47 18
47 19
47 24
47 28
47 30
47 31
47 35
47 38
47 39
47 44
47 45
47 46
47 49
47 52
47 62
47 65
47 68
47 72
47 75
47 77
47 87
47 91
47 92
47 93
47 95
47 99
47 101
47 103
47 104
47 105
47 108
47 109
47 110
47 111
47 113
47 117
47 120
47 121
47 123
47 126
48 1
48 3
48 6
48 7
48 11
48 13
48 14
48 16
48 17
48 20
48 21
48 25
48 28
48 32
48 33
48 37
48 38
48 39
48 42
48 43
48 44
48 46
48 48
48 50
48 53
48 55
48 56
48 58
48 61
48 63
48 66
48 67
48 72
48 75
48 76
48 77
48 78
48 80
48 84
48 86
48 89
48 90
48 91
48 92
48 95
48 98
48 102
48 104
48 106
48 107
48 109
48 110
48 115
48 118
48 119
48 120
48 122
48 123
48 125
49 1
49 9
49 14
49 19
49 24
49 25
49 27
49 33
49 35
49 39
49 40
49 42
49 44
49 45
49 50
49 51
49 56
49 59
49 60
49 68
49 69
49 72
49 76
49 78
49 81
49 82
49 85
49 86
49 97
49 98
49 100
49 105
49 115
49 118
49 120
49 122
49 123
49 127
50 0
50 1
50 2
50 3
50 4
50 5
50 6
50 7
50 8
50 9
50 15
50 18
50 21
50 24
50 28
50 30
50 32
50 34
50 36
50 38
50 41
50 45
50 47
50 51
50 53
50 57
50 60
50 66
50 68
50 69
50 72
50 73
50 76
50 78
50 82
50 84
50 85
50 89
50 90
50 92
50 96
50 98
50 100
50 101
50 103
50 107
50 110
50 114
50 115
50 116
50 117
50 119
50 120
50 124
50 126
51 0
51 2
51 5
51 8
51 13
51 18
51 19
51 25
51 29
51 36
51 38
51 41
51 43
51 47
51 52
51 53
51 56
51 60
51 62
51 63
51 71
51 76
51 77
51 80
51 81
51 82
51 86
51 88
51 89
51 90
51 91
51 92
51 93
51 95
51 96
51 104
51 106
51 108
51 111
51 118
51 119
51 121
51 122
51 125
52 5
52 8
52 14
52 15
52 16
52 17
52 19
52 20
52 22
52 23
52 24
52 25
52 26
52 31
52 33
52 39
52 40
52 42
52 44
52 46
52 51
52 56
52 57
52 63
52 65
52 74
52 77
52 79
52 80
52 82
52 83
52 88
52 92
52 94
52 97
52 98
52 99
52 100
52 102
52 103
52 106
52 112
52 113
52 115
52 117
52 119
52 123
52 124
52 125
53 0
53 1
53 2
53 3
53 4
53 6
53 9
53 11
53 17
53 21
53 22
53 23
53 24
53 25
53 27
53 30
53 32
53 39
53 40
53 41
53 44
53 45
53 50
53 52
53 53
53 54
53 55
53 56
53 60
53 64
53 65
53 68
53 69
53 70
53 71
53 72
53 73
53 75
53 76
53 78
53 81
53 82
53 84
53 88
53 89
53 90
53 95
53 96
53 100
53 105
53 107
53 110
53 111
53 112
53 116
53 119
53 120
53 122
53 123
53 126
54 1
54 3
54 4
54 6
54 7
54 8
54 13
54 14
54 16
54 19
54 22
54 24
54 26
54 28
54 29
54 34
54 35
54 36
54 41
54 44
54 47
54 50
54 51
54 57
54 58
54 62
54 65
54 66
54 67
54 69
54 70
54 73
54 75
54 77
54 80
54 81
54 83
54 84
54 87
54 88
54 90
54 91
54 92
54 94
54 95
54 96
54 97
54 100
54 101
54 104
54 105
54 107
54 108
54 110
54 114
54 118
54 120
54 121
54 123
54 124
54 125
55 5
55 8
55 13
55 15
55 18
55 19
55 20
55 21
55 23
55 25
55 26
55 28
55 30
55 31
55 32
55 34
55 39
55 41
55 42
55 43
55 44
55 45
55 46
55 47
55 48
55 49
55 51
55 56
55 58
55 62
55 63
55 65
55 72
55 73
55 75
55 80
55 81
55 82
55 85
55 86
55 92
55 94
55 95
55 97
55 98
55 99
55 107
55 109
55 112
55 113
55 114
55 115
55 118
55 119
55 121
55 124
56 2
56 3
56 6
56 8
56 9
56 10
56 12
56 13
56 15
56 19
56 20
56 25
56 26
56 33
56 35
56 36
56 37
56 40
56 42
56 43
56 45
56 46
56 48
56 50
56 52
56 53
56 55
56 57
56 61
56 65
56 66
56 72
56 74
56 75
56 76
56 79
56 82
56 85
56 86
56 87
56 92
56 101
56 106
56 107
56 109
56 110
56 111
56 112
56 113
56 115
56 116
56 118
56 119
56 121
56 122
56 124
56 125
57 5
57 11
57 15
57 17
57 23
57 31
57 33
57 35
57 36
57 42
57 44
57 47
57 49
57 50
57 53
57 54
57 55
57 56
57 58
57 63
57 64
57 65
57 66
57 68
57 78
57 79
57 86
57 87
57 97
57 102
57 103
57 115
57 120
57 123
58 3
58 4
58 7
58 9
58 13
58 14
58 16
58 19
58 21
58 22
58 25
58 27
58 28
58 30
58 37
58 39
58 43
58 49
58 50
58 53
58 54
58 56
58 58
58 60
58 65
58 66
58 67
58 69
58 70
58 73
58 78
58 81
58 85
58 86
58 87
58 91
58 93
58 94
58 96
58 97
58 99
58 101
58 102
58 105
58 107
58 109
58 110
58 112
58 114
58 115
58 118
58 119
58 124
59 0
59 4
59 9
59 10
59 12
59 17
59 21
59 22
59 23
59 29
59 30
59 31
59 40
59 45
59 51
59 54
59 57
59 58
59 59
59 67
59 71
59 72
59 86
59 87
59 88
59 91
59 95
59 97
59 101
59 103
59 105
59 111
59 114
59 115
59 116
59 121
60 6
60 9
60 10
60 11
60 12
60 13
60 15
60 18
60 20
60 23
60 26
60 28
60 33
60 34
60 42
60 47
60 50
60 51
60 55
60 59
60 63
60 65
60 69
60 70
60 72
60 73
60 75
60 76
60 78
60 79
60 85
60 87
60 89
60 91
60 92
60 93
60 94
60 95
60 98
60 102
60 105
60 108
60 111
60 112
60 114
60 117
60 120
60 121
60 122
60 123
60 124
60 125
60 126
61 1
61 2
61 5
61 7
61 9
61 11
61 18
61 20
61 21
61 24
61 27
61 28
61 30
61 37
61 41
61 42
61 44
61 52
61 55
61 58
61 59
61 61
61 62
61 63
61 64
61 72
61 73
61 79
61 82
61 84
61 88
61 89
61 98
61 99
61 101
61 104
61 105
61 112
61 113
61 116
61 121
61 124
61 125
61 127
62 1
62 2
62 3
62 4
62 5
62 6
62 8
62 10
62 11
62 13
62 17
62 18
62 22
62 27
62 29
62 31
62 36
62 42
62 46
62 48
62 49
62 50
62 51
62 54
62 55
62 56
62 57
62 59
62 62
62 63
62 64
62 67
62 68
62 69
62 70
62 76
62 77
62 80
62 81
62 82
62 86
62 88
62 104
62 105
62 109
62 110
62 114
62 116
62 118
62 119
62 120
62 124
62 126
63 3
63 5
63 10
63 11
63 15
63 17
63 18
63 19
63 20
63 21
63 23
63 25
63 27
63 28
63 29
63 30
63 31
63 34
63 35
63 37
63 41
63 43
63 45
63 46
63 52
63 53
63 57
63 58
63 59
63 61
63 66
63 70
63 73
63 75
63 77
63 82
63 86
63 87
63 88
63 92
63 93
63 95
63 96
63 98
63 99
63 100
63 102
63 103
63 112
63 114
63 115
63 116
63 121
63 122
63 125
64 0
64 3
64 4
64 5
64 11
64 13
64 15
64 16
64 17
64 20
64 22
64 24
64 29
64 32
64 36
64 38
64 39
64 46
64 47
64 49
64 50
64 53
64 56
64 66
64 69
64 72
64 79
64 86
64 87
64 89
64 94
64 97
64 100
64 101
64 105
64 107
64 108
64 111
64 112
64 116
64 120
64 126
65 0
65 3
65 4
65 6
65 11
65 12
65 15
65 16
65 17
65 18
65 21
65 25
65 26
65 27
65 32
65 34
65 36
65 38
65 39
65 41
65 45
65 46
65 47
65 48
65 49
65 50
65 53
65 55
65 56
65 60
65 61
65 62
65 65
65 68
65 69
65 74
65 75
65 76
65 78
65 79
65 83
65 84
65 86
65 87
65 89
65 90
65 91
65 94
65 98
65 101
65 107
65 109
65 112
65 115
65 116
65 122
65 124
65 126
65 127
66 3
66 5
66 7
66 11
66 14
66 15
66 16
66 19
66 20
66 24
66 29
66 32
66 37
66 39
66 40
66 41
66 42
66 47
66 50
66 52
66 53
66 58
66 61
66 74
66 79
66 80
66 83
66 85
66 86
66 88
66 91
66 94
66 107
66 109
66 110
66 112
66 113
66 114
66 119
66 120
67 0
67 1
67 2
67 3
67 4
67 5
67 6
67 7
67 8
67 11
67 15
67 16
67 17
67 20
67 22
67 29
67 30
67 33
67 44
67 46
67 47
67 49
67 52
67 54
67 55
67 57
67 58
67 59
67 60
67 61
67 62
67 63
67 65
67 69
67 72
67 74
67 75
67 76
67 81
67 90
67 93
67 97
67 102
67 108
67 113
67 114
67 119
67 120
67 121
67 123
67 124
67 126
68 2
68 5
68 8
68 10
68 12
68 15
68 16
68 18
68 22
68 26
68 27
68 28
68 29
68 30
68 31
68 34
68 36
68 37
68 38
68 40
68 42
68 43
68 44
68 47
68 57
68 59
68 63
68 64
68 67
68 72
68 73
68 75
68 78
68 80
68 81
68 82
68 84
68 87
68 89
68 92
68 93
68 94
68 95
68 97
68 98
68 101
68 104
68 105
68 106
68 111
68 112
68 117
68 122
68 125
68 126
69 0
69 3
69 6
69 10
69 16
69 17
69 21
69 24
69 27
69 31
69 34
69 41
69 46
69 48
69 50
69 52
69 56
69 58
69 60
69 63
69 69
69 73
69 74
69 75
69 77
69 79
69 80
69 81
69 84
69 87
69 93
69 96
69 101
69 102
69 108
69 111
69 112
69 115
69 118
69 121
69 123
69 124
69 125
69 127
70 0
70 1
70 2
70 4
70 6
70 9
70 12
70 16
70 17
70 18
70 21
70 24
70 25
70 29
70 31
70 33
70 34
70 36
70 37
70 38
70 42
70 44
70 47
70 49
70 53
70 54
70 56
70 57
70 62
70 66
70 67
70 71
70 72
70 75
70 78
70 80
70 87
70 89
70 92
70 93
70 94
70 97
70 99
70 101
70 102
70 103
70 104
70 105
70 106
70 107
70 108
70 109
70 110
70 114
70 115
70 119
70 120
70 122
70 124
70 125
71 3
71 11
71 12
71 14
71 17
71 19
71 28
71 31
71 32
71 33
71 37
71 41
71 43
71 52
71 53
71 57
71 58
71 60
71 61
71 65
71 70
71 71
71 74
71 76
71 77
71 78
71 79
71 80
71 82
71 85
71 86
71 89
71 90
71 91
71 92
71 98
71 99
71 100
71 102
71 104
71 105
71 110
71 113
71 114
71 118
71 120
71 121
71 122
71 124
71 125
71 126
72 1
72 3
72 5
72 6
72 7
72 8
72 10
72 11
72 12
72 14
72 16
72 21
72 22
72 29
72 31
72 33
72 38
72 39
72 40
72 41
72 43
72 45
72 46
72 53
72 54
72 55
72 57
72 68
72 75
72 80
72 91
72 96
72 97
72 99
72 100
72 103
72 104
72 105
72 109
72 110
72 111
72 113
72 115
72 116
72 118
72 123
72 127
73 2
73 4
73 7
73 16
73 18
73 20
73 21
73 22
73 23
73 25
73 26
73 28
73 32
73 34
73 39
73 41
73 51
73 54
73 57
73 58
73 59
73 60
73 61
73 67
73 71
73 75
73 76
73 77
73 79
73 80
73 82
73 85
73 88
73 91
73 96
73 97
73 98
73 101
73 107
73 108
73 114
73 118
73 120
73 123
73 124
74 0
74 2
74 3
74 4
74 9
74 10
74 11
74 16
74 19
74 28
74 29
74 32
74 33
74 35
74 36
74 37
74 39
74 47
74 48
74 50
74 53
74 54
74 59
74 66
74 72
74 76
74 77
74 78
74 82
74 89
74 96
74 99
74 103
74 112
74 114
74 116
74 119
74 120
74 121
74 122
74 123
74 125
74 127
75 0
75 3
75 4
75 6
75 7
75 9
75 10
75 17
75 21
75 22
75 25
75 34
75 37
75 40
75 41
75 42
75 45
75 46
75 48
75 51
75 53
75 55
75 57
75 65
75 70
75 71
75 74
75 76
75 77
75 78
75 80
75 81
75 83
75 84
75 85
75 86
75 90
75 96
75 99
75 102
75 103
75 104
75 105
75 108
75 110
75 123
75 124
75 127
76 0
76 2
76 4
76 5
76 11
76 13
76 16
76 20
76 23
76 24
76 26
76 27
76 28
76 29
76 33
76 39
76 44
76 50
76 51
76 54
76 55
76 56
76 60
76 64
76 65
76 67
76 70
76 75
76 76
76 81
76 83
76 87
76 88
76 89
76 94
76 97
76 102
76 103
76 104
76 106
76 107
76 108
76 109
76 111
76 115
76 116
76 117
76 118
76 121
76 122
76 123
76 126
76 127
77 0
77 4
77 6
77 7
77 8
77 13
77 14
77 15
77 19
77 22
77 24
77 25
77 29
77 30
77 33
77 34
77 35
77 38
77 39
77 40
77 46
77 48
77 52
77 53
77 55
77 57
77 58
77 62
77 65
77 66
77 73
77 76
77 82
77 91
77 94
77 95
77 96
77 99
77 104
77 105
77 106
77 107
77 111
77 112
77 114
77 119
77 122
77 123
77 124
77 126
77 127
78 2
78 4
78 5
78 6
78 8
78 9
78 11
78 12
78 16
78 18
78 19
78 20
78 22
78 24
78 29
78 34
78 36
78 39
78 40
78 47
78 49
78 52
78 54
78 55
78 57
78 58
78 60
78 63
78 68
78 69
78 71
78 78
78 81
78 85
78 86
78 90
78 91
78 92
78 101
78 102
78 107
78 109
78 110
78 112
78 113
78 117
78 118
78 122
78 124
78 125
78 126
79 5
79 9
79 11
79 12
79 14
79 15
79 16
79 17
79 19
79 20
79 21
79 22
79 23
79 28
79 31
79 32
79 33
79 38
79 40
79 42
79 44
79 48
79 49
79 50
79 53
79 55
79 57
79 58
79 59
79 60
79 61
79 67
79 69
79 70
79 72
79 73
79 74
79 75
79 77
79 78
79 79
79 80
79 82
79 84
79 85
79 86
79 89
79 90
79 92
79 98
79 99
79 100
79 101
79 112
79 116
79 118
79 119
79 120
79 121
79 122
79 123
79 126
79 127
80 0
80 2
80 3
80 11
80 13
80 14
80 19
80 20
80 21
80 22
80 27
80 29
80 30
80 33
80 34
80 35
80 37
80 40
80 42
80 43
80 44
80 47
80 49
80 52
80 59
80 61
80 62
80 67
80 68
80 69
80 70
80 72
80 74
80 75
80 76
80 77
80 79
80 82
80 84
80 85
80 88
80 94
80 95
80 96
80 97
80 98
80 102
80 105
80 109
80 110
80 117
80 123
80 125
80 126
80 127
81 0
81 1
81 3
81 4
81 7
81 13
81 16
81 18
81 20
81 22
81 24
81 27
81 29
81 32
81 33
81 35
81 36
81 38
81 40
81 41
81 42
81 46
81 48
81 51
81 53
81 56
81 58
81 59
81 63
81 66
81 67
81 69
81 75
81 81
81 83
81 85
81 88
81 89
81 90
81 91
81 94
81 95
81 99
81 101
81 104
81 105
81 107
81 109
81 110
81 113
81 114
81 117
81 119
81 121
81 122
81 126
82 0
82 5
82 8
82 11
82 12
82 15
82 19
82 20
82 25
82 33
82 34
82 35
82 40
82 41
82 42
82 43
82 44
82 47
82 48
82 49
82 50
82 52
82 53
82 56
82 67
82 68
82 73
82 76
82 78
82 79
82 80
82 82
82 83
82 84
82 85
82 87
82 88
82 90
82 91
82 97
82 99
82 102
82 103
82 108
82 110
82 112
82 114
82 115
82 117
82 118
82 120
82 121
83 0
83 2
83 3
83 4
83 6
83 7
83 9
83 10
83 12
83 15
83 16
83 20
83 22
83 23
83 25
83 27
83 30
83 31
83 33
83 35
83 37
83 43
83 44
83 45
83 46
83 48
83 49
83 50
83 51
83 53
83 56
83 58
83 59
83 60
83 61
83 63
83 64
83 68
83 70
83 74
83 75
83 78
83 80
83 81
83 82
83 84
83 86
83 87
83 90
83 91
83 95
83 97
83 98
83 101
83 102
83 105
83 107
83 110
83 112
83 113
83 115
83 121
83 124
83 127
84 7
84 8
84 10
84 13
84 22
84 23
84 24
84 25
84 27
84 28
84 30
84 37
84 40
84 43
84 44
84 47
84 48
84 49
84 50
84 53
84 54
84 56
84 58
84 63
84 68
84 69
84 75
84 76
84 78
84 79
84 81
84 83
84 85
84 86
84 88
84 95
84 96
84 101
84 104
84 106
84 107
84 109
84 116
84 117
84 122
84 125
85 1
85 2
85 5
85 8
85 9
85 10
85 14
85 17
85 24
85 25
85 26
85 27
85 28
85 31
85 34
85 35
85 36
85 37
85 39
85 42
85 43
85 44
85 46
85 48
85 51
85 59
85 60
85 61
85 63
85 64
85 66
85 77
85 79
85 80
85 82
85 83
85 84
85 85
85 86
85 88
85 90
85 94
85 99
85 100
85 102
85 103
85 109
85 111
85 114
85 115
85 116
85 117
85 118
85 120
85 121
85 123
85 125
85 127
86 1
86 2
86 5
86 8
86 10
86 13
86 14
86 15
86 18
86 19
86 20
86 21
86 24
86 25
86 30
86 34
86 35
86 46
86 47
86 50
86 52
86 54
86 55
86 58
86 61
86 62
86 63
86 67
86 72
86 75
86 76
86 78
86 80
86 88
86 91
86 92
86 93
86 94
86 97
86 101
86 102
86 103
86 104
86 105
86 106
86 107
86 113
86 116
86 125
86 127
87 0
87 2
87 5
87 10
87 14
87 15
87 17
87 18
87 19
87 20
87 21
87 23
87 26
87 28
87 29
87 31
87 32
87 34
87 39
87 44
87 45
87 46
87 47
87 49
87 50
87 53
87 56
87 58
87 59
87 60
87 65
87 66
87 68
87 71
87 74
87 77
87 78
87 80
87 81
87 82
87 85
87 92
87 93
87 94
87 95
87 96
87 99
87 100
87 101
87 102
87 103
87 106
87 107
87 114
87 116
87 117
87 119
87 124
88 0
88 2
88 4
88 5
88 6
88 10
88 11
88 16
88 22
88 24
88 27
88 31
88 37
88 38
88 39
88 40
88 41
88 42
88 46
88 47
88 48
88 49
88 51
88 53
88 56
88 57
88 58
88 61
88 63
88 64
88 67
88 68
88 69
88 72
88 73
88 74
88 77
88 83
88 84
88 90
88 91
88 95
88 99
88 100
88 101
88 102
88 104
88 106
88 107
88 108
88 109
88 111
88 123
88 125
88 126
89 0
89 2
89 5
89 7
89 8
89 16
89 18
89 19
89 27
89 29
89 33
89 41
89 44
89 45
89 48
89 50
89 51
89 52
89 58
89 61
89 63
89 65
89 66
89 67
89 69
89 70
89 74
89 75
89 76
89 77
89 79
89 81
89 84
89 85
89 90
89 92
89 93
89 97
89 100
89 102
89 105
89 109
89 110
89 112
89 113
89 119
89 122
89 124
90 0
90 9
90 14
90 19
90 22
90 27
90 34
90 36
90 43
90 44
90 50
90 59
90 63
90 66
90 68
90 70
90 72
90 75
90 80
90 81
90 84
90 85
90 87
90 88
90 89
90 92
90 93
90 95
90 97
90 106
90 107
90 108
90 109
90 111
90 113
90 114
90 115
90 119
90 120
90 121
90 124
90 125
90 126
90 127
91 1
91 2
91 4
91 9
91 11
91 12
91 14
91 15
91 20
91 24
91 25
91 26
91 30
91 31
91 33
91 37
91 38
91 39
91 44
91 45
91 47
91 53
91 57
91 59
91 61
91 64
91 67
91 68
91 70
91 73
91 75
91 78
91 81
91 83
91 84
91 85
91 90
91 94
91 96
91 97
91 98
91 99
91 102
91 107
91 108
91 110
91 113
91 114
91 116
91 119
91 124
91 125
92 12
92 16
92 17
92 20
92 22
92 23
92 26
92 27
92 28
92 30
92 35
92 37
92 39
92 40
92 46
92 50
92 51
92 52
92 55
92 63
92 65
92 69
92 70
92 71
92 75
92 77
92 79
92 81
92 82
92 84
92 86
92 89
92 97
92 102
92 103
92 106
92 107
92 109
92 111
92 115
92 118
92 121
92 122
92 123
92 125
92 126
92 127
93 3
93 8
93 9
93 11
93 13
93 14
93 19
93 20
93 21
93 24
93 27
93 30
93 32
93 36
93 38
93 39
93 41
93 45
93 48
93 54
93 60
93 67
93 68
93 69
93 70
93 72
93 73
93 77
93 78
93 80
93 84
93 85
93 87
93 96
93 97
93 101
93 102
93 105
93 107
93 110
93 111
93 112
93 113
93 115
93 119
93 123
93 125
93 127
94 1
94 2
94 3
94 4
94 5
94 6
94 11
94 12
94 17
94 18
94 19
94 21
94 22
94 26
94 27
94 30
94 32
94 35
94 38
94 42
94 43
94 44
94 50
94 51
94 53
94 54
94 57
94 58
94 59
94 62
94 75
94 77
94 79
94 82
94 83
94 84
94 94
94 95
94 103
94 104
94 106
94 109
94 111
94 112
94 120
94 122
94 124
95 1
95 4
95 6
95 7
95 9
95 12
95 13
95 16
95 18
95 25
95 27
95 30
95 31
95 32
95 35
95 36
95 38
95 42
95 43
95 46
95 47
95 48
95 49
95 50
95 51
95 56
95 60
95 61
95 64
95 69
95 70
95 81
95 84
95 87
95 89
95 100
95 103
95 110
95 111
95 113
95 115
95 116
95 121
95 123
95 124
96 0
96 1
96 2
96 5
96 7
96 8
96 9
96 11
96 12
96 13
96 15
96 16
96 17
96 18
96 22
96 23
96 24
96 30
96 31
96 39
96 40
96 47
96 49
96 51
96 52
96 54
96 58
96 60
96 62
96 63
96 65
96 73
96 75
96 78
96 80
96 81
96 84
96 85
96 86
96 87
96 88
96 89
96 94
96 95
96 98
96 100
96 101
96 103
96 105
96 109
96 110
96 112
96 115
96 116
96 118
96 120
96 121
96 122
96 123
96 124
96 127
97 1
97 3
97 4
97 6
97 11
97 12
97 15
97 17
97 18
97 22
97 23
97 24
97 25
97 26
97 28
97 29
97 33
97 36
97 37
97 38
97 42
97 43
97 48
97 49
97 50
97 51
97 62
97 65
97 67
97 70
97 71
97 74
97 80
97 84
97 85
97 86
97 89
97 90
97 91
97 92
97 93
97 94
97 97
97 100
97 105
97 107
97 112
97 114
97 115
97 123
97 125
98 2
98 4
98 5
98 6
98 8
98 11
98 12
98 13
98 14
98 15
98 17
98 21
98 25
98 28
98 30
98 31
98 34
98 35
98 41
98 42
98 44
98 45
98 46
98 48
98 49
98 54
98 56
98 59
98 60
98 62
98 65
98 69
98 72
98 75
98 82
98 83
98 91
98 99
98 102
98 103
98 104
98 105
98 112
98 115
98 119
98 121
98 122
98 123
98 124
99 2
99 11
99 14
99 15
99 23
99 25
99 27
99 33
99 35
99 36
99 40
99 41
99 43
99 47
99 50
99 54
99 56
99 61
99 63
99 66
99 67
99 68
99 71
99 72
99 75
99 80
99 81
99 82
99 83
99 84
99 85
99 86
99 87
99 88
99 89
99 91
99 94
99 95
99 97
99 98
99 107
99 108
99 109
99 114
99 119
99 122
99 124
99 126
100 0
100 6
100 12
100 14
100 18
100 20
100 28
100 30
100 31
100 34
100 38
100 42
100 44
100 45
100 48
100 49
100 50
100 53
100 54
100 56
100 57
100 58
100 61
100 63
100 67
100 71
100 74
100 75
100 77
100 83
100 85
100 88
100 91
100 92
100 97
100 98
100 99
100 100
100 101
100 102
100 106
100 107
100 110
100 114
100 121
100 125
100 127
101 0
101 1
101 5
101 7
101 9
101 12
101 14
101 17
101 18
101 19
101 21
101 23
101 24
101 29
101 31
101 36
101 38
101 43
101 45
101 50
101 51
101 52
101 53
101 54
101 57
101 58
101 61
101 67
101 69
101 72
101 74
101 77
101 78
101 82
101 87
101 88
101 90
101 95
101 98
101 99
101 100
101 103
101 105
101 106
101 111
101 112
101 114
101 119
101 121
101 122
102 0
102 2
102 3
102 4
102 5
102 6
102 8
102 9
102 11
102 14
102 15
102 16
102 18
102 19
102 20
102 22
102 25
102 31
102 32
102 35
102 36
102 39
102 40
102 41
102 42
102 44
102 46
102 48
102 51
102 52
102 54
102 55
102 56
102 59
102 60
102 62
102 63
102 66
102 67
102 70
102 71
102 72
102 74
102 77
102 80
102 83
102 84
102 85
102 87
102 88
102 89
102 97
102 99
102 101
102 102
102 105
102 107
102 108
102 111
102 112
102 114
102 116
102 120
102 125
102 126
103 0
103 8
103 13
103 16
103 17
103 20
103 23
103 27
103 29
103 34
103 40
103 41
103 44
103 45
103 48
103 52
103 57
103 60
103 61
103 71
103 72
103 82
103 83
103 87
103 89
103 90
103 92
103 95
103 96
103 97
103 98
103 102
103 103
103 106
103 109
103 110
103 112
103 114
103 116
103 118
103 119
103 120
103 123
103 126
103 127
104 1
104 4
104 8
104 9
104 15
104 16
104 20
104 21
104 22
104 23
104 25
104 27
104 30
104 32
104 37
104 39
104 42
104 45
104 46
104 49
104 50
104 58
104 60
104 61
104 64
104 68
104 74
104 75
104 79
104 83
104 84
104 88
104 89
104 91
104 92
104 93
104 97
104 98
104 100
104 104
104 107
104 109
104 110
104 113
104 115
104 116
104 117
104 118
104 120
104 121
104 123
104 126
105 1
105 2
105 6
105 9
105 16
105 17
105 19
105 23
105 25
105 26
105 27
105 31
105 33
105 34
105 37
105 45
105 47
105 48
105 50
105 52
105 53
105 54
105 60
105 61
105 62
105 63
105 66
105 68
105 72
105 77
105 78
105 82
105 84
105 85
105 86
105 89
105 90
105 94
105 95
105 96
105 106
105 107
105 108
105 111
105 115
105 120
105 121
105 122
105 124
105 125
105 126
105 127
106 9
106 11
106 14
106 15
106 17
106 21
106 22
106 27
106 28
106 30
106 31
106 33
106 41
106 42
106 44
106 45
106 46
106 47
106 48
106 52
106 54
106 56
106 58
106 69
106 75
106 77
106 79
106 85
106 86
106 93
106 95
106 96
106 98
106 104
106 106
106 108
106 110
106 115
106 117
106 118
106 119
106 120
106 121
106 122
106 123
106 124
106 125
107 0
107 3
107 6
107 8
107 11
107 13
107 16
107 19
107 23
107 25
107 26
107 28
107 30
107 31
107 34
107 37
107 40
107 41
107 43
107 45
107 47
107 50
107 53
107 54
107 55
107 56
107 57
107 61
107 62
107 63
107 64
107 67
107 70
107 73
107 75
107 76
107 77
107 82
107 84
107 85
107 87
107 89
107 92
107 95
107 97
107 100
107 101
107 104
107 106
107 110
107 111
107 112
107 113
107 116
107 118
107 119
107 120
107 123
107 124
107 125
108 3
108 5
108 6
108 9
108 15
108 18
108 20
108 21
108 24
108 25
108 26
108 27
108 31
108 33
108 34
108 35
108 36
108 38
108 41
108 43
108 44
108 46
108 51
108 52
108 53
108 55
108 57
108 59
108 60
108 61
108 62
108 63
108 65
108 70
108 72
108 75
108 76
108 77
108 79
108 84
108 85
108 86
108 88
108 89
108 93
108 94
108 95
108 96
108 98
108 99
108 103
108 105
108 106
108 107
108 108
108 109
108 111
108 113
108 115
108 116
108 117
108 120
108 121
108 122
108 124
108 127
109 0
109 4
109 5
109 8
109 9
109 15
109 17
109 19
109 23
109 26
109 27
109 28
109 30
109 31
109 34
109 36
109 38
109 40
109 43
109 45
109 46
109 54
109 55
109 61
109 62
109 64
109 65
109 66
109 69
109 70
109 71
109 75
109 78
109 79
109 83
109 90
109 92
109 95
109 99
109 109
109 113
109 116
109 119
109 122
109 124
110 0
110 3
110 16
110 17
110 22
110 24
110 25
110 27
110 31
110 35
110 37
110 39
110 40
110 42
110 43
110 44
110 45
110 46
110 47
110 48
110 50
110 52
110 53
110 54
110 56
110 60
110 62
110 63
110 65
110 66
110 67
110 68
110 74
110 77
110 79
110 80
110 81
110 82
110 84
110 85
110 90
110 91
110 94
110 101
110 103
110 104
110 108
110 110
110 112
110 117
110 119
110 121
110 124
111 3
111 4
111 5
111 6
111 7
111 9
111 12
111 15
111 16
111 17
111 18
111 20
111 22
111 23
111 27
111 28
111 29
111 32
111 35
111 38
111 42
111 47
111 53
111 54
111 55
111 56
111 63
111 64
111 67
111 68
111 71
111 73
111 74
111 75
111 77
111 79
111 82
111 84
111 85
111 86
111 87
111 88
111 91
111 93
111 99
111 100
111 101
111 102
111 104
111 107
111 108
111 109
111 110
111 114
111 115
111 119
111 121
111 122
111 126
112 1
112 2
112 3
112 7
112 10
112 12
112 15
112 16
112 18
112 23
112 25
112 27
112 30
112 31
112 33
112 35
112 39
112 41
112 43
112 44
112 49
112 50
112 51
112 52
112 54
112 63
112 64
112 66
112 67
112 68
112 73
112 75
112 76
112 78
112 84
112 87
112 91
112 95
112 97
112 98
112 99
112 102
112 103
112 105
112 107
112 109
112 111
112 115
112 117
112 120
112 122
112 125
113 1
113 2
113 4
113 5
113 7
113 11
113 13
113 14
113 15
113 16
113 18
113 19
113 25
113 26
113 27
113 29
113 32
113 33
113 34
113 36
113 43
113 45
113 46
113 49
113 51
113 52
113 53
113 55
113 59
113 60
113 62
113 66
113 69
113 71
113 72
113 77
113 78
113 79
113 80
113 81
113 86
113 89
113 90
113 91
113 92
113 96
113 100
113 101
113 103
113 105
113 106
113 110
113 116
113 117
113 120
113 121
113 125
113 126
114 6
114 7
114 8
114 14
114 15
114 17
114 21
114 24
114 26
114 28
114 29
114 31
114 32
114 33
114 35
114 40
114 41
114 49
114 50
114 51
114 52
114 57
114 60
114 61
114 63
114 64
114 65
114 67
114 69
114 70
114 71
114 74
114 75
114 77
114 78
114 79
114 81
114 82
114 83
114 84
114 85
114 87
114 95
114 96
114 97
114 99
114 101
114 104
114 105
114 106
114 108
114 111
114 116
114 120
114 121
114 125
114 126
114 127
115 2
115 6
115 7
115 16
115 17
115 22
115 24
115 25
115 28
115 30
115 32
115 33
115 34
115 36
115 37
115 40
115 45
115 46
115 48
115 49
115 50
115 54
115 56
115 59
115 61
115 62
115 63
115 64
115 72
115 74
115 76
115 78
115 79
115 80
115 83
115 85
115 87
115 90
115 93
115 105
115 106
115 111
115 114
115 115
115 116
115 119
115 121
115 124
115 125
115 126
115 127
116 2
116 4
116 7
116 11
116 12
116 15
116 18
116 19
116 22
116 25
116 28
116 29
116 31
116 36
116 37
116 38
116 42
116 43
116 44
116 45
116 46
116 47
116 49
116 52
116 56
116 59
116 62
116 67
116 69
116 71
116 72
116 73
116 78
116 81
116 83
116 90
116 95
116 96
116 98
116 99
116 100
116 105
116 107
116 108
116 109
116 120
116 121
116 123
116 124
117 4
117 6
117 11
117 13
117 14
117 16
117 17
117 18
117 19
117 21
117 26
117 29
117 36
117 37
117 39
117 40
117 42
117 48
117 50
117 51
117 52
117 54
117 55
117 57
117 58
117 59
117 60
117 61
117 67
117 68
117 72
117 74
117 79
117 80
117 81
117 84
117 86
117 90
117 94
117 98
117 100
117 101
117 106
117 110
117 111
117 118
117 119
117 120
117 121
117 122
117 124
118 0
118 2
118 10
118 11
118 12
118 18
118 19
118 21
118 24
118 27
118 29
118 30
118 32
118 34
118 37
118 39
118 42
118 46
118 48
118 50
118 55
118 57
118 58
118 67
118 71
118 72
118 73
118 75
118 76
118 77
118 79
118 80
118 82
118 85
118 87
118 90
118 91
118 92
118 98
118 100
118 105
118 106
118 109
118 116
118 118
118 119
118 120
118 121
118 124
118 125
119 3
119 5
119 8
119 16
119 19
119 26
119 29
119 31
119 34
119 36
119 41
119 44
119 45
119 47
119 49
119 50
119 52
119 55
119 57
119 58
119 59
119 60
119 62
119 63
119 66
119 75
119 77
119 80
119 81
119 84
119 87
119 88
119 90
119 91
119 93
119 97
119 101
119 104
119 106
119 108
119 113
119 115
119 116
119 118
119 119
119 121
119 123
119 124
119 125
119 126
120 3
120 4
120 7
120 11
120 12
120 16
120 17
120 19
120 20
120 22
120 23
120 31
120 36
120 40
120 41
120 42
120 46
120 49
120 54
120 56
120 58
120 59
120 64
120 65
120 67
120 68
120 71
120 74
120 75
120 78
120 83
120 90
120 92
120 93
120 94
120 96
120 98
120 100
120 105
120 107
120 112
120 116
120 119
120 123
121 5
121 7
121 9
121 10
121 11
121 14
121 15
121 16
121 20
121 21
121 27
121 29
121 30
121 31
121 33
121 37
121 38
121 39
121 41
121 42
121 43
121 46
121 47
121 48
121 49
121 52
121 53
121 55
121 57
121 58
121 59
121 61
121 65
121 73
121 77
121 79
121 81
121 89
121 90
121 91
121 92
121 94
121 96
121 97
121 98
121 103
121 105
121 107
121 108
121 110
121 111
121 112
121 113
121 114
121 115
121 116
121 120
121 123
121 124
121 126
122 2
122 5
122 9
122 13
122 16
122 18
122 19
122 23
122 28
122 29
122 30
122 32
122 34
122 35
122 40
122 45
122 49
122 52
122 57
122 60
122 66
122 71
122 72
122 74
122 77
122 78
122 80
122 81
122 85
122 87
122 89
122 90
122 91
122 98
122 99
122 100
122 101
122 102
122 106
122 109
122 114
122 115
122 116
122 118
122 125
122 127
123 6
123 11
123 12
123 14
123 17
123 18
123 20
123 21
123 25
123 26
123 33
123 34
123 35
123 36
123 37
123 39
123 40
123 44
123 45
123 47
123 52
123 57
123 58
123 59
123 60
123 62
123 64
123 67
123 68
123 73
123 75
123 79
123 81
123 83
123 84
123 85
123 87
123 88
123 91
123 93
123 94
123 95
123 108
123 109
123 110
123 116
123 117
123 121
123 123
124 1
124 3
124 5
124 8
124 9
124 12
124 13
124 15
124 17
124 21
124 23
124 24
124 25
124 26
124 29
124 32
124 33
124 34
124 39
124 41
124 47
124 52
124 53
124 54
124 55
124 61
124 68
124 73
124 76
124 77
124 78
124 82
124 83
124 87
124 93
124 95
124 97
124 102
124 105
124 106
124 112
124 116
124 123
125 1
125 2
125 9
125 10
125 12
125 13
125 14
125 15
125 18
125 20
125 22
125 24
125 26
125 27
125 28
125 29
125 33
125 34
125 39
125 43
125 45
125 49
125 50
125 51
125 52
125 53
125 55
125 56
125 57
125 58
125 63
125 64
125 70
125 72
125 75
125 77
125 78
125 80
125 83
125 87
125 91
125 98
125 100
125 101
125 102
125 103
125 104
125 113
125 115
125 118
125 121
125 122
126 1
126 2
126 3
126 5
126 10
126 11
126 12
126 13
126 16
126 19
126 21
126 23
126 24
126 26
126 27
126 28
126 31
126 35
126 36
126 38
126 39
126 43
126 49
126 53
126 54
126 56
126 58
126 59
126 62
126 64
126 67
126 68
126 70
126 73
126 75
126 76
126 77
126 84
126 86
126 89
126 90
126 92
126 99
126 100
126 102
126 104
126 107
126 112
126 113
126 116
126 118
126 119
126 120
126 121
126 127
127 2
127 3
127 6
127 7
127 12
127 18
127 21
127 22
127 27
127 29
127 30
127 32
127 37
127 38
127 45
127 47
127 48
127 49
127 51
127 54
127 58
127 66
127 67
127 71
127 73
127 75
127 76
127 78
127 82
127 87
127 88
127 90
127 91
127 93
127 94
127 95
127 97
127 98
127 99
127 100
127 110
127 112
127 113
127 115
127 123
