0 1
0 5
0 8
0 13
0 20
0 21
0 26
0 27
0 31
0 46
0 52
0 54
0 57
0 69
0 71
0 73
0 74
0 93
0 96
0 102
0 106
0 110
0 117
0 119
0 121
1 3
1 13
1 29
1 30
1 32
1 37
1 47
1 48
1 53
1 55
1 56
1 59
1 61
1 62
1 65
1 68
1 71
1 92
1 99
1 101
1 102
1 105
1 106
1 107
1 108
1 114
1 120
1 126
2 4
2 5
2 7
2 14
2 16
2 19
2 20
2 23
2 24
2 31
2 33
2 39
2 44
2 49
2 57
2 59
2 61
2 62
2 66
2 69
2 83
2 84
2 87
2 95
2 106
2 107
2 112
2 120
2 127
3 5
3 10
3 11
3 13
3 16
3 18
3 19
3 26
3 34
3 38
3 51
3 59
3 62
3 67
3 72
3 84
3 86
3 89
3 90
3 91
3 109
3 117
3 118
4 12
4 13
4 15
4 25
4 44
4 48
4 49
4 51
4 56
4 60
4 61
4 66
4 67
4 71
4 72
4 82
4 84
4 91
4 94
4 95
4 96
4 97
4 101
4 104
4 106
4 107
4 117
4 120
4 126
5 3
5 5
5 10
5 13
5 17
5 19
5 22
5 23
5 24
5 38
5 40
5 44
5 50
5 56
5 57
5 60
5 66
5 71
5 76
5 77
5 78
5 79
5 81
5 82
5 91
5 105
5 109
5 110
5 115
5 118
5 120
5 121
6 4
6 5
6 8
6 11
6 16
6 28
6 31
6 33
6 37
6 38
6 39
6 42
6 43
6 46
6 48
6 51
6 56
6 57
6 58
6 60
6 66
6 73
6 75
6 82
6 83
6 95
6 101
6 109
6 115
6 118
6 120
6 123
6 124
7 1
7 8
7 9
7 13
7 15
7 19
7 21
7 22
7 25
7 33
7 34
7 39
7 40
7 42
7 47
7 61
7 62
7 71
7 74
7 76
7 78
7 82
7 90
7 91
7 93
7 103
7 107
7 115
7 117
7 120
7 126
8 4
8 6
8 9
8 11
8 13
8 14
8 19
8 22
8 29
8 32
8 36
8 44
8 45
8 49
8 61
8 71
8 72
8 74
8 75
8 76
8 77
8 81
8 95
8 97
8 99
8 104
8 120
8 121
8 125
9 1
9 6
9 12
9 15
9 16
9 24
9 25
9 27
9 32
9 36
9 41
9 43
9 45
9 50
9 54
9 57
9 63
9 69
9 72
9 79
9 83
9 88
9 95
9 99
9 103
9 104
9 114
9 118
9 123
9 127
10 7
10 25
10 31
10 33
10 42
10 45
10 88
10 89
10 100
10 106
10 107
10 109
10 110
10 117
10 120
11 2
11 4
11 8
11 24
11 30
11 32
11 33
11 38
11 41
11 42
11 44
11 46
11 48
11 54
11 60
11 62
11 63
11 79
11 83
11 88
11 91
11 93
11 95
11 98
11 105
11 114
11 115
11 116
11 120
11 124
12 1
12 11
12 12
12 15
12 19
12 20
12 26
12 28
12 29
12 36
12 42
12 46
12 51
12 53
12 55
12 59
12 65
12 71
12 72
12 75
12 87
12 95
12 103
12 106
12 109
12 117
12 118
12 122
12 123
12 125
13 5
13 7
13 10
13 15
13 18
13 24
13 40
13 41
13 43
13 46
13 53
13 58
13 63
13 68
13 76
13 88
13 89
13 107
14 1
14 3
14 20
14 22
14 26
14 34
14 35
14 36
14 44
14 50
14 53
14 54
14 56
14 61
14 68
14 69
14 71
14 77
14 79
14 82
14 83
14 94
14 104
14 109
14 110
14 118
14 119
15 0
15 22
15 24
15 33
15 34
15 35
15 39
15 42
15 48
15 51
15 53
15 60
15 75
15 78
15 81
15 84
15 86
15 96
15 115
16 2
16 4
16 14
16 17
16 19
16 21
16 22
16 31
16 32
16 35
16 39
16 42
16 50
16 57
16 61
16 83
16 95
16 104
16 107
16 108
16 110
16 111
16 112
16 116
16 121
16 125
17 12
17 14
17 27
17 30
17 31
17 47
17 48
17 50
17 51
17 58
17 66
17 69
17 82
17 83
17 84
17 94
17 96
17 102
17 108
17 109
17 126
18 6
18 14
18 18
18 28
18 29
18 30
18 37
18 52
18 55
18 56
18 59
18 60
18 64
18 66
18 69
18 73
18 79
18 82
18 95
18 96
18 100
18 102
18 110
18 113
18 114
18 117
18 119
18 125
18 126
19 1
19 11
19 30
19 35
19 49
19 64
19 68
19 70
19 72
19 78
19 89
19 95
19 99
19 112
19 122
19 126
20 1
20 7
20 10
20 11
20 12
20 18
20 21
20 22
20 23
20 24
20 26
20 29
20 38
20 39
20 41
20 50
20 58
20 59
20 61
20 64
20 69
20 72
20 78
20 79
20 80
20 82
20 90
20 94
20 97
20 100
20 105
20 106
20 107
20 120
20 124
20 125
20 127
21 2
21 3
21 5
21 7
21 11
21 12
21 14
21 21
21 23
21 24
21 26
21 28
21 33
21 36
21 42
21 47
21 55
21 66
21 80
21 83
21 88
21 93
21 94
21 99
21 100
21 105
21 108
21 109
21 113
21 115
21 117
21 119
22 12
22 32
22 33
22 35
22 44
22 45
22 47
22 55
22 57
22 62
22 64
22 65
22 68
22 74
22 77
22 80
22 88
22 98
22 99
22 104
22 118
22 126
23 19
23 36
23 40
23 44
23 45
23 47
23 48
23 65
23 67
23 75
23 86
23 90
23 92
23 102
23 105
23 107
23 108
23 121
24 7
24 10
24 16
24 20
24 24
24 25
24 27
24 29
24 37
24 40
24 41
24 44
24 45
24 50
24 56
24 57
24 61
24 64
24 65
24 77
24 84
24 89
24 94
24 101
24 102
24 103
24 110
24 122
24 123
24 124
25 0
25 2
25 10
25 14
25 19
25 20
25 25
25 26
25 32
25 43
25 44
25 51
25 54
25 60
25 72
25 78
25 79
25 82
25 89
25 99
25 104
25 110
25 114
25 117
25 126
26 2
26 4
26 5
26 18
26 21
26 27
26 28
26 38
26 42
26 56
26 58
26 60
26 70
26 72
26 76
26 77
26 81
26 91
26 93
26 95
26 96
26 98
26 104
26 119
27 8
27 10
27 14
27 15
27 20
27 24
27 25
27 28
27 39
27 44
27 55
27 56
27 63
27 68
27 69
27 70
27 75
27 80
27 87
27 93
27 95
27 99
27 102
27 107
27 115
27 120
28 3
28 16
28 17
28 19
28 32
28 33
28 41
28 47
28 50
28 52
28 56
28 66
28 67
28 71
28 76
28 87
28 89
28 96
28 117
28 124
28 126
29 2
29 10
29 19
29 20
29 22
29 27
29 29
29 57
29 59
29 65
29 67
29 78
29 83
29 86
29 99
29 106
29 108
29 109
29 110
29 118
29 120
30 3
30 8
30 13
30 22
30 24
30 25
30 28
30 31
30 39
30 46
30 65
30 66
30 74
30 76
30 79
30 81
30 87
30 91
30 93
30 95
30 96
30 98
30 100
30 102
30 109
30 110
30 116
30 119
31 0
31 2
31 16
31 18
31 20
31 27
31 39
31 46
31 48
31 53
31 59
31 75
31 92
31 99
31 100
31 103
31 113
31 115
31 118
31 120
31 126
32 7
32 10
32 14
32 21
32 22
32 24
32 32
32 33
32 36
32 39
32 44
32 49
32 50
32 52
32 54
32 63
32 65
32 66
32 74
32 75
32 79
32 83
32 84
32 88
32 93
32 94
32 101
32 103
32 109
32 120
32 122
33 18
33 24
33 25
33 32
33 37
33 38
33 40
33 51
33 53
33 55
33 64
33 66
33 72
33 73
33 74
33 75
33 79
33 80
33 84
33 89
33 91
33 93
33 99
33 102
33 103
33 120
33 123
34 0
34 5
34 13
34 24
34 37
34 39
34 48
34 55
34 58
34 61
34 86
34 88
34 93
34 95
34 96
34 98
34 102
34 113
34 115
34 116
34 125
34 127
35 12
35 16
35 18
35 20
35 24
35 25
35 32
35 33
35 48
35 51
35 52
35 55
35 56
35 62
35 64
35 69
35 74
35 80
35 84
35 85
35 87
35 89
35 93
35 107
35 112
35 123
35 127
36 6
36 7
36 8
36 20
36 21
36 26
36 29
36 35
36 36
36 37
36 47
36 49
36 51
36 63
36 65
36 67
36 77
36 90
36 99
36 100
36 101
36 108
36 111
36 115
36 117
36 122
36 126
37 0
37 1
37 5
37 9
37 10
37 17
37 19
37 22
37 23
37 31
37 33
37 37
37 41
37 43
37 56
37 58
37 70
37 71
37 72
37 77
37 78
37 94
37 95
37 96
37 119
37 124
37 126
38 3
38 4
38 5
38 8
38 10
38 11
38 12
38 17
38 19
38 24
38 32
38 34
38 37
38 45
38 47
38 48
38 51
38 53
38 65
38 69
38 70
38 72
38 73
38 80
38 85
38 91
38 98
38 105
38 126
39 2
39 10
39 18
39 23
39 31
39 36
39 39
39 44
39 47
39 51
39 56
39 66
39 69
39 73
39 74
39 78
39 88
39 90
39 91
39 120
39 124
40 5
40 15
40 21
40 22
40 26
40 30
40 35
40 37
40 38
40 40
40 44
40 49
40 58
40 62
40 66
40 69
40 73
40 77
40 88
40 89
40 91
40 95
40 100
40 103
40 116
40 119
40 121
40 127
41 2
41 4
41 6
41 10
41 11
41 15
41 21
41 22
41 24
41 30
41 37
41 39
41 42
41 43
41 53
41 55
41 58
41 65
41 71
41 75
41 81
41 92
41 93
41 103
41 104
41 107
41 114
41 121
42 5
42 6
42 8
42 13
42 17
42 19
42 33
42 34
42 38
42 43
42 65
42 67
42 72
42 74
42 80
42 81
42 83
42 85
42 88
42 98
42 104
42 122
42 126
43 4
43 9
43 10
43 23
43 31
43 37
43 38
43 49
43 56
43 61
43 71
43 78
43 79
43 84
43 85
43 89
43 93
43 97
43 101
43 105
43 116
43 120
44 3
44 5
44 7
44 17
44 19
44 33
44 39
44 44
44 57
44 61
44 68
44 74
44 82
44 91
44 92
44 93
44 95
44 96
44 97
44 100
44 101
44 104
44 107
44 114
44 120
44 122
45 3
45 8
45 11
45 13
45 17
45 23
45 35
45 36
45 38
45 46
45 53
45 57
45 59
45 64
45 78
45 80
45 84
45 92
45 101
45 103
45 117
45 124
46 4
46 5
46 12
46 13
46 15
46 17
46 22
46 29
46 38
46 44
46 59
46 60
46 64
46 70
46 74
46 76
46 79
46 85
46 95
46 96
46 97
46 98
46 106
46 107
46 120
46 122
47 3
47 6
47 17
47 19
47 20
47 21
47 30
47 32
47 36
47 41
47 71
47 77
47 86
47 94
47 97
47 98
47 108
47 117
47 127
48 1
48 4
48 5
48 14
48 22
48 23
48 26
48 34
48 35
48 36
48 42
48 55
48 63
48 68
48 76
48 77
48 81
48 82
48 87
48 107
48 108
48 110
48 119
48 122
49 0
49 1
49 2
49 4
49 8
49 13
49 16
49 23
49 25
49 30
49 32
49 35
49 42
49 49
49 52
49 57
49 58
49 60
49 63
49 70
49 73
49 75
49 80
49 84
49 90
49 92
49 96
49 98
49 106
49 111
49 119
49 121
50 10
50 11
50 13
50 16
50 18
50 22
50 24
50 29
50 32
50 39
50 43
50 44
50 51
50 67
50 70
50 74
50 88
50 89
50 104
50 116
50 126
51 14
51 15
51 19
51 31
51 36
51 38
51 42
51 52
51 56
51 58
51 62
51 71
51 74
51 78
51 82
51 85
51 87
51 100
51 113
51 114
51 118
52 0
52 3
52 10
52 14
52 26
52 30
52 33
52 35
52 36
52 39
52 43
52 52
52 59
52 66
52 69
52 70
52 72
52 74
52 86
52 102
52 103
52 104
52 105
52 106
52 109
52 114
52 119
53 9
53 12
53 18
53 19
53 22
53 28
53 36
53 38
53 39
53 40
53 51
53 52
53 57
53 58
53 67
53 73
53 74
53 83
53 85
53 93
53 103
53 104
53 106
53 115
53 116
53 117
53 126
54 3
54 19
54 48
54 51
54 53
54 60
54 74
54 85
54 96
54 102
54 104
54 106
54 111
54 112
54 114
54 122
55 0
55 12
55 13
55 25
55 40
55 42
55 43
55 46
55 50
55 53
55 59
55 61
55 64
55 69
55 74
55 78
55 82
55 87
55 88
55 90
55 93
55 105
55 113
55 115
55 120
55 122
56 3
56 4
56 5
56 9
56 11
56 19
56 31
56 41
56 44
56 53
56 58
56 63
56 64
56 67
56 70
56 71
56 76
56 84
56 87
56 88
56 89
56 90
56 95
56 98
56 106
56 110
56 114
56 116
56 123
57 15
57 21
57 22
57 25
57 29
57 32
57 34
57 37
57 38
57 42
57 50
57 51
57 52
57 53
57 77
57 80
57 83
57 84
57 86
57 94
57 97
57 98
57 107
57 114
57 115
57 122
58 15
58 20
58 25
58 26
58 33
58 38
58 40
58 43
58 47
58 50
58 55
58 56
58 60
58 74
58 76
58 79
58 84
58 100
58 109
58 111
58 118
58 122
58 126
59 16
59 29
59 37
59 57
59 59
59 62
59 64
59 68
59 69
59 71
59 77
59 81
59 85
59 92
59 95
59 98
59 105
59 112
59 113
59 126
60 4
60 20
60 29
60 35
60 40
60 44
60 46
60 49
60 51
60 57
60 58
60 70
60 81
60 85
60 86
60 92
60 94
60 106
60 116
60 127
61 8
61 9
61 32
61 33
61 39
61 45
61 48
61 50
61 60
61 80
61 81
61 87
61 88
61 101
61 102
61 114
61 115
61 116
61 120
61 124
62 0
62 6
62 7
62 13
62 17
62 18
62 24
62 27
62 34
62 36
62 42
62 47
62 50
62 52
62 53
62 59
62 60
62 61
62 65
62 70
62 77
62 79
62 85
62 86
62 95
62 97
62 102
62 104
62 113
62 118
62 124
63 0
63 3
63 5
63 13
63 15
63 21
63 29
63 35
63 42
63 45
63 49
63 50
63 55
63 56
63 61
63 69
63 71
63 72
63 74
63 76
63 79
63 80
63 86
63 88
63 93
63 96
63 105
63 120
64 14
64 16
64 17
64 19
64 23
64 29
64 43
64 46
64 49
64 50
64 51
64 53
64 55
64 56
64 57
64 69
64 70
64 83
64 84
64 87
64 91
64 97
64 99
64 107
64 120
64 121
64 122
65 3
65 4
65 8
65 15
65 18
65 28
65 42
65 50
65 51
65 55
65 66
65 74
65 75
65 76
65 78
65 83
65 97
65 98
65 101
65 107
65 109
65 110
65 112
65 115
65 120
65 124
66 2
66 3
66 4
66 8
66 10
66 18
66 19
66 26
66 30
66 31
66 39
66 40
66 42
66 54
66 56
66 58
66 61
66 63
66 65
66 68
66 70
66 71
66 74
66 75
66 83
66 85
66 87
66 92
66 93
66 94
66 97
66 98
66 102
66 104
66 105
66 107
66 109
66 110
66 114
67 8
67 10
67 12
67 14
67 15
67 18
67 20
67 23
67 25
67 34
67 35
67 37
67 38
67 39
67 40
67 42
67 45
67 55
67 63
67 82
67 87
67 90
67 92
67 99
67 106
67 116
67 117
67 119
67 125
67 127
68 18
68 20
68 26
68 27
68 34
68 38
68 47
68 60
68 78
68 79
68 80
68 82
68 83
68 86
68 88
68 89
68 93
68 96
68 100
68 101
68 104
68 105
68 107
68 110
68 119
68 122
68 127
69 2
69 3
69 4
69 5
69 9
69 14
69 17
69 20
69 40
69 48
69 53
69 57
69 61
69 63
69 70
69 71
69 87
69 88
69 102
69 104
69 115
69 116
69 121
69 126
69 127
70 1
70 5
70 24
70 25
70 28
70 29
70 31
70 43
70 44
70 46
70 47
70 49
70 50
70 53
70 55
70 59
70 65
70 73
70 103
70 107
70 113
70 114
70 123
71 1
71 7
71 15
71 25
71 26
71 28
71 33
71 37
71 42
71 48
71 59
71 60
71 64
71 66
71 69
71 85
71 96
71 101
71 109
71 113
71 114
71 118
71 120
72 21
72 22
72 29
72 33
72 38
72 47
72 48
72 49
72 53
72 55
72 57
72 59
72 63
72 64
72 70
72 75
72 77
72 78
72 79
72 81
72 93
72 96
72 97
72 101
72 102
72 104
72 109
72 117
72 119
72 125
73 3
73 15
73 21
73 29
73 41
73 48
73 50
73 53
73 59
73 70
73 71
73 73
73 74
73 77
73 80
73 82
73 87
73 90
73 97
73 98
73 100
73 105
73 115
73 116
74 5
74 8
74 10
74 11
74 30
74 36
74 40
74 45
74 59
74 62
74 68
74 71
74 72
74 79
74 82
74 83
74 84
74 85
74 86
74 88
74 96
74 103
74 110
74 111
74 112
74 113
74 117
74 118
74 122
75 20
75 23
75 26
75 46
75 47
75 50
75 57
75 64
75 66
75 74
75 77
75 83
75 85
75 86
75 88
75 89
75 92
75 97
75 98
75 101
75 102
75 104
75 105
75 109
75 110
75 112
75 115
75 116
75 119
75 123
75 124
76 0
76 3
76 5
76 6
76 16
76 26
76 28
76 44
76 54
76 57
76 61
76 76
76 82
76 84
76 102
76 103
76 109
76 110
76 121
76 122
77 5
77 12
77 14
77 19
77 20
77 22
77 29
77 35
77 39
77 42
77 43
77 44
77 45
77 47
77 48
77 51
77 65
77 70
77 73
77 81
77 85
77 98
77 100
77 101
77 113
77 118
77 123
77 127
78 18
78 24
78 25
78 27
78 32
78 38
78 42
78 46
78 49
78 50
78 58
78 59
78 61
78 66
78 68
78 70
78 72
78 87
78 99
78 100
78 103
78 106
78 111
78 114
78 122
78 125
79 9
79 10
79 11
79 16
79 17
79 23
79 24
79 26
79 27
79 28
79 40
79 47
79 50
79 57
79 61
79 63
79 64
79 66
79 70
79 79
79 83
79 84
79 88
79 93
79 95
79 98
79 99
79 101
79 102
79 104
79 107
79 108
79 115
79 120
79 122
79 125
80 4
80 24
80 34
80 35
80 39
80 41
80 43
80 44
80 50
80 51
80 61
80 67
80 69
80 74
80 76
80 77
80 78
80 80
80 87
80 90
80 91
80 99
80 107
80 111
80 121
80 125
81 8
81 20
81 35
81 36
81 38
81 41
81 44
81 54
81 64
81 74
81 77
81 81
81 82
81 85
81 97
81 100
81 110
81 120
81 122
82 0
82 1
82 5
82 9
82 15
82 19
82 24
82 25
82 27
82 28
82 30
82 31
82 33
82 34
82 40
82 43
82 47
82 51
82 53
82 58
82 66
82 69
82 71
82 72
82 77
82 79
82 84
82 89
82 90
82 99
82 107
82 110
82 111
82 112
82 121
82 123
82 125
83 1
83 4
83 8
83 11
83 20
83 30
83 36
83 46
83 59
83 62
83 63
83 65
83 69
83 70
83 74
83 78
83 89
83 91
83 101
83 104
83 107
83 110
83 115
83 122
84 21
84 24
84 27
84 28
84 38
84 39
84 67
84 86
84 88
84 98
84 109
84 115
84 119
84 123
84 125
85 38
85 45
85 46
85 54
85 60
85 61
85 72
85 76
85 77
85 87
85 89
85 94
85 104
85 120
86 13
86 32
86 35
86 38
86 39
86 44
86 45
86 51
86 59
86 65
86 66
86 69
86 81
86 85
86 87
86 93
86 97
86 109
86 119
86 121
86 123
86 124
86 125
87 4
87 6
87 9
87 11
87 17
87 18
87 20
87 23
87 30
87 31
87 38
87 52
87 59
87 74
87 75
87 76
87 78
87 87
87 90
87 91
87 93
87 95
87 98
87 101
87 106
87 110
87 112
87 118
87 122
87 125
87 127
88 5
88 6
88 9
88 12
88 15
88 17
88 18
88 20
88 21
88 23
88 29
88 33
88 34
88 36
88 41
88 51
88 56
88 59
88 60
88 63
88 66
88 82
88 83
88 90
88 91
88 95
88 99
88 100
88 102
88 108
88 115
88 119
88 124
89 3
89 4
89 20
89 24
89 26
89 27
89 31
89 34
89 35
89 37
89 42
89 44
89 49
89 54
89 58
89 70
89 73
89 80
89 81
89 84
89 86
89 91
89 92
89 94
89 95
89 96
89 98
89 100
89 109
89 113
89 115
89 116
89 120
90 0
90 8
90 14
90 15
90 21
90 27
90 28
90 35
90 38
90 42
90 45
90 46
90 48
90 58
90 62
90 64
90 70
90 72
90 73
90 82
90 84
90 97
90 99
90 100
90 109
90 125
91 8
91 10
91 14
91 16
91 35
91 36
91 39
91 40
91 42
91 56
91 59
91 65
91 76
91 80
91 81
91 85
91 87
91 100
91 108
91 112
92 8
92 17
92 18
92 19
92 45
92 56
92 59
92 65
92 71
92 77
92 79
92 86
92 90
92 91
92 94
92 96
92 104
92 110
92 118
92 122
92 127
93 2
93 14
93 15
93 18
93 32
93 38
93 39
93 47
93 79
93 80
93 81
93 82
93 86
93 88
93 101
93 110
93 113
93 120
93 122
93 123
94 11
94 12
94 14
94 17
94 18
94 24
94 29
94 33
94 41
94 49
94 50
94 57
94 59
94 61
94 64
94 67
94 71
94 77
94 80
94 85
94 93
94 94
94 96
94 103
94 105
94 106
94 109
94 125
94 126
95 0
95 4
95 16
95 19
95 22
95 27
95 29
95 37
95 46
95 48
95 60
95 61
95 62
95 64
95 70
95 71
95 72
95 77
95 94
95 99
95 101
95 125
95 127
96 0
96 7
96 10
96 15
96 18
96 19
96 20
96 22
96 24
96 27
96 28
96 33
96 45
96 47
96 55
96 59
96 63
96 77
96 80
96 91
96 110
96 122
96 123
96 127
97 0
97 7
97 13
97 17
97 21
97 25
97 29
97 45
97 47
97 55
97 56
97 61
97 66
97 71
97 73
97 80
97 82
97 84
97 105
97 112
97 113
98 3
98 7
98 11
98 21
98 28
98 32
98 33
98 45
98 46
98 48
98 49
98 50
98 54
98 58
98 59
98 60
98 64
98 70
98 76
98 77
98 82
98 85
98 88
98 89
98 90
98 99
98 101
98 105
98 110
98 116
98 117
98 119
98 126
99 7
99 9
99 10
99 12
99 19
99 26
99 28
99 33
99 36
99 39
99 40
99 44
99 49
99 50
99 52
99 53
99 64
99 79
99 80
99 85
99 90
99 96
99 98
99 102
99 104
99 106
99 107
99 110
99 111
99 112
99 124
99 125
100 0
100 3
100 13
100 16
100 17
100 38
100 53
100 54
100 55
100 60
100 76
100 79
100 84
100 91
100 95
100 97
100 100
100 102
100 103
100 107
100 113
100 116
100 118
100 127
101 4
101 11
101 16
101 21
101 23
101 33
101 34
101 36
101 37
101 55
101 56
101 57
101 65
101 69
101 84
101 85
101 87
101 98
101 111
101 114
101 116
101 126
102 1
102 3
102 23
102 24
102 28
102 35
102 41
102 62
102 63
102 68
102 70
102 74
102 76
102 77
102 81
102 82
102 85
102 90
102 94
102 96
102 108
102 110
102 112
102 115
102 121
103 1
103 3
103 4
103 5
103 7
103 16
103 20
103 22
103 38
103 47
103 51
103 58
103 64
103 67
103 78
103 81
103 90
103 103
103 105
103 108
103 112
103 119
103 122
104 0
104 3
104 26
104 27
104 32
104 33
104 37
104 43
104 58
104 65
104 77
104 82
104 93
104 95
104 98
104 100
104 103
104 104
104 107
104 108
104 109
104 112
104 116
105 3
105 10
105 11
105 18
105 33
105 37
105 49
105 56
105 60
105 70
105 80
105 81
105 85
105 99
105 103
105 108
105 109
105 113
105 115
106 5
106 7
106 10
106 16
106 29
106 32
106 46
106 60
106 62
106 63
106 64
106 74
106 85
106 91
106 92
106 95
106 98
106 102
106 111
106 114
106 116
106 118
106 123
106 126
106 127
107 3
107 4
107 9
107 10
107 11
107 18
107 21
107 22
107 27
107 31
107 35
107 36
107 38
107 40
107 41
107 47
107 48
107 50
107 60
107 62
107 70
107 71
107 77
107 85
107 88
107 96
107 101
107 106
107 108
107 112
107 124
107 126
108 2
108 10
108 14
108 15
108 16
108 22
108 23
108 31
108 32
108 40
108 41
108 56
108 61
108 63
108 68
108 71
108 72
108 73
108 83
108 90
108 109
108 110
108 120
108 122
108 124
109 6
109 11
109 12
109 13
109 23
109 34
109 39
109 42
109 46
109 51
109 53
109 55
109 58
109 60
109 69
109 75
109 84
109 92
109 96
109 101
109 106
109 116
109 118
109 123
109 126
110 7
110 8
110 11
110 12
110 13
110 14
110 17
110 18
110 19
110 22
110 25
110 26
110 34
110 53
110 56
110 60
110 65
110 67
110 68
110 75
110 76
110 85
110 86
110 88
110 91
110 103
110 105
110 106
110 111
110 116
110 117
110 119
110 120
110 123
111 2
111 5
111 10
111 13
111 17
111 20
111 30
111 31
111 32
111 46
111 56
111 82
111 88
111 92
111 93
111 94
111 95
111 104
111 109
111 111
111 113
111 121
111 122
112 5
112 8
112 10
112 15
112 16
112 23
112 27
112 31
112 33
112 35
112 37
112 43
112 49
112 56
112 60
112 62
112 70
112 76
112 80
112 82
112 85
112 91
112 93
112 94
112 95
112 114
112 116
112 118
112 122
112 125
113 7
113 11
113 17
113 21
113 22
113 23
113 26
113 30
113 32
113 38
113 44
113 48
113 50
113 56
113 66
113 91
113 104
113 111
113 116
113 121
113 122
114 8
114 15
114 17
114 26
114 27
114 37
114 40
114 44
114 49
114 51
114 53
114 57
114 62
114 81
114 84
114 88
114 89
114 90
114 94
114 97
114 98
114 100
114 112
114 117
115 15
115 18
115 26
115 27
115 39
115 43
115 46
115 49
115 50
115 52
115 61
115 65
115 81
115 85
115 88
115 93
115 106
115 109
115 118
115 120
115 124
115 125
116 2
116 7
116 11
116 12
116 13
116 18
116 23
116 25
116 35
116 37
116 51
116 53
116 55
116 68
116 72
116 74
116 81
116 94
116 97
116 100
116 101
116 110
116 112
116 124
116 125
116 127
117 3
117 7
117 16
117 35
117 38
117 40
117 41
117 54
117 66
117 67
117 70
117 74
117 82
117 84
117 94
117 96
117 102
117 108
117 114
117 115
117 122
118 2
118 8
118 18
118 19
118 20
118 30
118 40
118 43
118 50
118 52
118 58
118 60
118 63
118 64
118 70
118 73
118 77
118 82
118 87
118 93
118 94
118 97
118 100
118 101
118 102
118 108
118 110
118 115
118 124
118 126
119 8
119 9
119 16
119 17
119 23
119 26
119 41
119 49
119 52
119 57
119 58
119 59
119 78
119 80
119 83
119 87
119 92
119 93
119 94
119 97
119 100
119 102
119 103
119 114
119 119
119 120
119 123
119 124
120 1
120 5
120 8
120 10
120 18
120 22
120 34
120 37
120 44
120 47
120 49
120 51
120 54
120 62
120 77
120 78
120 92
120 93
120 101
120 103
120 104
120 112
120 124
121 1
121 8
121 12
121 20
121 21
121 24
121 26
121 28
121 29
121 30
121 37
121 42
121 44
121 47
121 76
121 77
121 79
121 83
121 84
121 90
121 91
121 94
121 100
121 107
121 114
121 121
121 122
121 125
121 127
122 5
122 6
122 7
122 8
122 10
122 11
122 20
122 31
122 38
122 41
122 42
122 47
122 60
122 62
122 67
122 76
122 80
122 87
122 93
122 94
122 108
122 111
122 114
122 117
122 118
123 10
123 11
123 25
123 27
123 45
123 46
123 47
123 52
123 53
123 55
123 59
123 63
123 80
123 82
123 85
123 88
123 91
123 96
123 97
123 103
123 104
123 115
123 127
124 5
124 14
124 16
124 17
124 18
124 22
124 23
124 33
124 40
124 42
124 52
124 73
124 82
124 83
124 85
124 93
124 94
124 95
124 97
124 101
124 107
124 109
124 118
124 126
125 3
125 4
125 9
125 10
125 11
125 15
125 17
125 25
125 30
125 33
125 43
125 47
125 69
125 72
125 87
125 90
125 103
125 104
125 105
125 120
125 122
125 126
126 0
126 1
126 2
126 3
126 5
126 11
126 14
126 23
126 27
126 29
126 30
126 34
126 46
126 56
126 57
126 65
126 70
126 72
126 79
126 80
126 99
126 101
126 107
126 110
126 116
126 119
126 123
127 0
127 1
127 10
127 17
127 20
127 25
127 26
127 29
127 31
127 32
127 36
127 38
127 41
127 43
127 49
127 53
127 58
127 67
127 70
127 71
127 73
127 74
127 76
127 81
127 84
127 92
127 103
127 106
127 107
127 122
127 125
127 127
