0 1
0 5
0 8
0 9
0 12
0 14
0 18
0 25
0 27
0 29
0 32
0 44
0 49
0 54
0 62
0 64
0 70
0 85
0 89
0 96
0 102
0 103
0 106
0 107
0 109
0 111
0 112
0 114
0 117
0 119
0 123
0 125
0 126
1 0
1 3
1 4
1 10
1 16
1 17
1 22
1 24
1 25
1 28
1 32
1 33
1 43
1 50
1 58
1 59
1 60
1 65
1 66
1 70
1 84
1 88
1 92
1 93
1 94
1 96
1 106
1 112
1 114
1 116
1 120
1 124
1 125
2 7
2 17
2 21
2 22
2 29
2 32
2 33
2 40
2 42
2 44
2 49
2 51
2 56
2 61
2 67
2 71
2 74
2 75
2 78
2 82
2 85
2 87
2 90
2 92
2 93
2 94
2 95
2 96
2 100
2 101
2 102
2 103
2 107
2 110
2 112
2 114
2 115
2 118
2 121
2 123
3 12
3 18
3 19
3 21
3 23
3 28
3 31
3 33
3 44
3 47
3 50
3 54
3 56
3 58
3 59
3 70
3 71
3 74
3 78
3 79
3 80
3 81
3 82
3 84
3 87
3 91
3 92
3 93
3 101
3 103
3 108
3 109
3 112
3 115
3 116
3 119
3 124
4 5
4 6
4 9
4 14
4 15
4 17
4 19
4 21
4 24
4 25
4 26
4 30
4 31
4 33
4 34
4 35
4 37
4 51
4 56
4 57
4 65
4 66
4 69
4 71
4 75
4 78
4 79
4 80
4 81
4 82
4 87
4 89
4 92
4 93
4 94
4 96
4 97
4 98
4 100
4 107
4 114
4 118
4 123
4 126
5 2
5 6
5 9
5 16
5 20
5 23
5 25
5 27
5 32
5 37
5 38
5 41
5 42
5 43
5 53
5 55
5 58
5 62
5 66
5 73
5 83
5 88
5 92
5 93
5 99
5 103
5 107
5 110
5 111
5 112
5 119
5 124
6 13
6 15
6 17
6 26
6 31
6 33
6 35
6 36
6 46
6 50
6 51
6 59
6 61
6 64
6 66
6 67
6 68
6 74
6 76
6 79
6 84
6 88
6 92
6 99
6 101
6 108
6 110
6 111
6 113
6 114
6 117
6 118
6 122
6 124
6 127
7 0
7 2
7 9
7 10
7 12
7 13
7 26
7 32
7 35
7 37
7 57
7 58
7 60
7 65
7 68
7 69
7 74
7 78
7 85
7 87
7 93
7 94
7 106
7 112
7 115
7 122
7 123
7 124
7 126
8 0
8 5
8 14
8 16
8 17
8 18
8 19
8 21
8 25
8 31
8 34
8 41
8 42
8 43
8 47
8 49
8 50
8 53
8 54
8 55
8 56
8 65
8 78
8 81
8 82
8 88
8 89
8 90
8 91
8 93
8 99
8 104
8 113
8 117
8 123
8 125
9 3
9 13
9 17
9 19
9 21
9 23
9 25
9 29
9 39
9 44
9 45
9 52
9 54
9 57
9 58
9 61
9 65
9 68
9 69
9 71
9 75
9 77
9 78
9 80
9 84
9 86
9 87
9 88
9 91
9 92
9 95
9 99
9 107
9 108
9 117
9 118
9 124
10 0
10 6
10 11
10 12
10 20
10 21
10 25
10 26
10 31
10 37
10 39
10 43
10 45
10 48
10 49
10 52
10 53
10 57
10 58
10 59
10 61
10 69
10 73
10 75
10 78
10 82
10 91
10 92
10 106
10 111
10 115
10 121
10 123
10 124
10 126
11 0
11 1
11 6
11 11
11 15
11 18
11 22
11 35
11 36
11 38
11 40
11 56
11 62
11 64
11 67
11 68
11 70
11 73
11 75
11 81
11 83
11 90
11 92
11 95
11 98
11 105
11 106
11 109
11 110
11 111
11 112
11 123
11 126
12 9
12 19
12 22
12 24
12 35
12 36
12 37
12 39
12 40
12 55
12 56
12 59
12 64
12 65
12 66
12 69
12 71
12 79
12 93
12 96
12 98
12 107
12 113
12 125
12 126
12 127
13 9
13 11
13 16
13 19
13 28
13 31
13 34
13 37
13 38
13 42
13 44
13 45
13 46
13 48
13 60
13 67
13 75
13 77
13 80
13 82
13 87
13 88
13 91
13 96
13 97
13 103
13 105
13 107
13 109
13 112
13 113
13 115
13 120
13 125
14 0
14 6
14 7
14 8
14 19
14 21
14 22
14 27
14 28
14 30
14 32
14 39
14 43
14 45
14 62
14 67
14 74
14 75
14 84
14 86
14 91
14 92
14 97
14 99
14 106
14 107
14 108
14 109
14 113
14 116
14 125
15 7
15 9
15 11
15 19
15 28
15 34
15 37
15 39
15 40
15 41
15 45
15 51
15 53
15 55
15 59
15 63
15 65
15 66
15 72
15 75
15 83
15 86
15 93
15 94
15 99
15 105
15 109
15 110
15 115
15 116
15 124
15 125
16 3
16 6
16 8
16 15
16 19
16 27
16 30
16 43
16 49
16 53
16 63
16 64
16 69
16 71
16 75
16 80
16 84
16 87
16 97
16 111
16 113
16 115
17 0
17 1
17 2
17 16
17 22
17 25
17 27
17 29
17 41
17 43
17 49
17 51
17 52
17 53
17 57
17 58
17 60
17 61
17 64
17 69
17 72
17 81
17 82
17 89
17 97
17 106
17 107
17 108
17 109
17 111
17 115
17 119
17 122
18 0
18 1
18 6
18 7
18 8
18 9
18 14
18 17
18 21
18 24
18 25
18 29
18 36
18 37
18 40
18 47
18 49
18 70
18 73
18 76
18 81
18 82
18 85
18 95
18 98
18 114
18 117
18 123
19 1
19 4
19 8
19 9
19 13
19 19
19 22
19 23
19 30
19 31
19 34
19 35
19 38
19 39
19 41
19 42
19 44
19 53
19 62
19 64
19 68
19 71
19 72
19 74
19 75
19 76
19 79
19 83
19 87
19 88
19 93
19 97
19 102
19 105
19 112
19 117
19 123
19 125
19 127
20 2
20 5
20 9
20 17
20 23
20 27
20 31
20 34
20 36
20 42
20 44
20 45
20 47
20 62
20 76
20 80
20 83
20 86
20 88
20 92
20 97
20 102
20 110
20 116
20 119
20 121
20 122
20 123
20 125
21 0
21 3
21 8
21 13
21 24
21 27
21 29
21 31
21 33
21 35
21 43
21 46
21 50
21 51
21 52
21 54
21 64
21 67
21 73
21 82
21 85
21 89
21 95
21 98
21 102
21 104
21 112
21 117
21 121
21 122
21 124
21 127
22 4
22 7
22 9
22 15
22 19
22 33
22 34
22 41
22 47
22 50
22 55
22 58
22 59
22 69
22 81
22 85
22 89
22 91
22 101
22 104
22 107
22 112
22 114
22 121
23 3
23 5
23 8
23 12
23 13
23 15
23 23
23 25
23 26
23 28
23 30
23 32
23 35
23 37
23 40
23 43
23 51
23 55
23 58
23 62
23 64
23 69
23 76
23 78
23 80
23 81
23 93
23 96
23 98
23 99
23 101
23 103
23 116
23 119
23 121
24 4
24 5
24 7
24 10
24 11
24 15
24 24
24 25
24 28
24 30
24 32
24 34
24 38
24 39
24 40
24 41
24 48
24 49
24 51
24 55
24 80
24 84
24 86
24 87
24 88
24 90
24 91
24 100
24 111
24 116
24 120
24 121
24 126
25 11
25 16
25 22
25 23
25 24
25 26
25 33
25 36
25 43
25 51
25 53
25 78
25 83
25 84
25 86
25 96
25 103
25 106
25 111
25 113
25 116
26 7
26 8
26 11
26 13
26 14
26 20
26 21
26 22
26 26
26 30
26 44
26 52
26 54
26 55
26 57
26 58
26 60
26 65
26 66
26 68
26 75
26 76
26 78
26 89
26 92
26 105
26 113
26 114
26 117
26 118
26 127
27 2
27 5
27 7
27 8
27 9
27 19
27 21
27 22
27 23
27 27
27 28
27 29
27 31
27 33
27 43
27 44
27 50
27 52
27 56
27 58
27 62
27 70
27 76
27 77
27 82
27 84
27 88
27 92
27 100
27 101
27 103
27 107
27 113
27 118
27 120
27 121
27 122
27 123
27 124
28 4
28 7
28 9
28 13
28 16
28 17
28 18
28 22
28 23
28 24
28 25
28 28
28 30
28 34
28 43
28 47
28 55
28 58
28 63
28 70
28 71
28 87
28 95
28 96
28 99
28 101
28 103
28 110
28 116
28 120
28 124
28 127
29 3
29 5
29 6
29 8
29 9
29 14
29 15
29 24
29 29
29 31
29 35
29 36
29 40
29 42
29 44
29 45
29 46
29 51
29 54
29 55
29 72
29 75
29 91
29 94
29 95
29 103
29 104
29 115
29 117
29 119
29 120
30 3
30 9
30 15
30 17
30 22
30 23
30 24
30 25
30 26
30 29
30 30
30 46
30 51
30 54
30 57
30 60
30 62
30 69
30 71
30 74
30 75
30 83
30 87
30 90
30 92
30 98
30 101
30 103
30 114
30 116
31 2
31 3
31 6
31 8
31 11
31 16
31 24
31 26
31 31
31 36
31 39
31 41
31 47
31 48
31 61
31 65
31 67
31 71
31 80
31 81
31 84
31 96
31 105
31 106
31 116
31 119
31 120
31 121
31 122
31 123
31 125
32 1
32 4
32 17
32 19
32 21
32 28
32 38
32 42
32 46
32 50
32 54
32 56
32 58
32 66
32 72
32 74
32 75
32 77
32 84
32 86
32 87
32 90
32 101
32 105
32 107
32 108
32 117
32 118
32 120
32 124
32 125
32 126
33 1
33 8
33 16
33 18
33 19
33 25
33 28
33 29
33 33
33 36
33 42
33 49
33 52
33 53
33 54
33 55
33 58
33 60
33 62
33 63
33 68
33 70
33 76
33 77
33 78
33 79
33 97
33 104
33 106
33 107
33 111
33 117
34 1
34 11
34 16
34 21
34 25
34 26
34 29
34 31
34 32
34 33
34 45
34 53
34 55
34 59
34 60
34 68
34 71
34 78
34 80
34 86
34 93
34 95
34 98
34 104
34 105
34 113
34 117
34 118
34 122
35 7
35 8
35 11
35 16
35 20
35 28
35 32
35 36
35 43
35 46
35 50
35 54
35 69
35 70
35 71
35 74
35 79
35 80
35 83
35 86
35 87
35 95
35 98
35 99
35 107
35 112
35 113
35 114
35 116
36 2
36 5
36 12
36 14
36 15
36 21
36 34
36 35
36 36
36 38
36 47
36 53
36 54
36 58
36 62
36 63
36 71
36 73
36 80
36 84
36 85
36 90
36 96
36 97
36 101
36 105
36 110
36 111
36 112
36 114
36 120
36 122
36 125
36 127
37 1
37 3
37 5
37 8
37 12
37 14
37 16
37 21
37 28
37 36
37 37
37 38
37 48
37 51
37 55
37 57
37 66
37 67
37 72
37 74
37 75
37 87
37 88
37 92
37 95
37 106
37 113
37 118
37 127
38 0
38 6
38 14
38 17
38 24
38 25
38 32
38 35
38 38
38 43
38 47
38 51
38 54
38 56
38 61
38 75
38 81
38 82
38 84
38 85
38 88
38 97
38 99
38 104
38 107
38 112
38 115
38 121
38 123
38 125
39 4
39 6
39 10
39 12
39 15
39 20
39 21
39 25
39 26
39 27
39 31
39 37
39 40
39 41
39 48
39 55
39 56
39 62
39 63
39 67
39 75
39 77
39 79
39 83
39 93
39 96
39 97
39 100
39 101
39 109
39 113
39 118
39 124
40 1
40 3
40 4
40 10
40 21
40 22
40 28
40 31
40 32
40 34
40 36
40 51
40 56
40 57
40 63
40 66
40 68
40 69
40 71
40 84
40 85
40 90
40 91
40 93
40 97
40 98
40 99
40 102
40 104
40 106
40 108
40 109
40 110
40 121
40 122
40 123
40 124
40 125
41 11
41 16
41 25
41 28
41 35
41 40
41 46
41 48
41 59
41 60
41 62
41 63
41 64
41 65
41 70
41 78
41 79
41 80
41 82
41 84
41 85
41 89
41 91
41 99
41 104
41 107
41 113
41 118
41 119
41 120
41 121
41 123
41 125
41 126
42 3
42 7
42 11
42 12
42 14
42 22
42 23
42 29
42 34
42 39
42 46
42 49
42 50
42 53
42 54
42 57
42 68
42 79
42 81
42 84
42 86
42 92
42 98
42 113
42 118
42 119
42 124
42 127
43 11
43 16
43 18
43 25
43 27
43 31
43 36
43 43
43 49
43 54
43 55
43 60
43 63
43 72
43 74
43 76
43 84
43 85
43 90
43 92
43 93
43 97
43 98
43 101
43 104
43 106
43 109
43 110
43 111
43 119
44 3
44 5
44 16
44 17
44 19
44 28
44 30
44 37
44 42
44 45
44 50
44 51
44 55
44 59
44 63
44 78
44 79
44 93
44 94
44 101
44 102
44 105
44 109
44 112
44 116
44 119
44 122
44 124
44 127
45 1
45 2
45 3
45 4
45 7
45 8
45 9
45 12
45 24
45 25
45 40
45 41
45 46
45 47
45 49
45 51
45 53
45 63
45 65
45 78
45 84
45 86
45 88
45 93
45 96
45 98
45 100
45 101
45 102
45 107
45 112
45 114
45 119
45 127
46 0
46 3
46 10
46 12
46 17
46 21
46 23
46 26
46 28
46 33
46 35
46 37
46 46
46 53
46 62
46 63
46 70
46 73
46 74
46 79
46 80
46 81
46 89
46 93
46 94
46 99
46 101
46 103
46 109
46 114
46 116
46 118
46 124
46 127
47 0
47 7
47 10
47 11
47 12
47 16
47 18
47 20
47 26
47 28
47 38
47 41
47 43
47 50
47 54
47 66
47 70
47 75
47 79
47 96
47 102
47 105
47 116
47 126
48 1
48 2
48 7
48 11
48 12
48 13
48 21
48 22
48 24
48 31
48 43
48 44
48 45
48 47
48 61
48 62
48 64
48 66
48 69
48 70
48 79
48 80
48 84
48 87
48 92
48 96
48 103
48 107
48 109
48 110
48 116
48 123
48 125
49 9
49 16
49 18
49 32
49 37
49 42
49 43
49 46
49 61
49 62
49 63
49 69
49 73
49 76
49 80
49 87
49 88
49 91
49 94
49 97
49 101
49 102
49 114
49 115
49 122
49 127
50 3
50 6
50 9
50 11
50 14
50 20
50 22
50 24
50 28
50 34
50 36
50 37
50 38
50 44
50 45
50 48
50 50
50 51
50 53
50 54
50 65
50 70
50 76
50 79
50 83
50 84
50 86
50 94
50 97
50 101
50 105
50 108
50 112
50 119
50 120
50 126
50 127
51 0
51 1
51 8
51 10
51 11
51 20
51 22
51 25
51 26
51 31
51 35
51 38
51 54
51 57
51 64
51 66
51 69
51 79
51 85
51 88
51 96
51 97
51 98
51 100
51 104
51 108
51 114
51 117
51 119
51 124
52 1
52 5
52 6
52 13
52 14
52 19
52 20
52 25
52 26
52 29
52 36
52 38
52 39
52 48
52 49
52 51
52 53
52 54
52 61
52 63
52 67
52 71
52 74
52 77
52 82
52 87
52 91
52 94
52 97
52 98
52 100
52 101
52 104
52 105
52 110
52 112
52 117
52 121
53 7
53 12
53 13
53 18
53 23
53 26
53 28
53 30
53 31
53 38
53 48
53 50
53 51
53 55
53 58
53 62
53 64
53 71
53 73
53 87
53 88
53 90
53 101
53 107
53 109
53 113
53 123
54 5
54 12
54 14
54 16
54 19
54 25
54 28
54 29
54 30
54 37
54 45
54 49
54 51
54 58
54 69
54 70
54 72
54 74
54 77
54 78
54 79
54 97
54 102
54 108
54 114
54 116
54 118
54 123
55 3
55 5
55 7
55 18
55 21
55 23
55 27
55 31
55 33
55 35
55 39
55 45
55 76
55 79
55 81
55 85
55 86
55 90
55 92
55 93
55 95
55 102
55 105
55 106
55 111
55 112
55 113
55 115
55 116
55 117
55 118
56 9
56 10
56 11
56 17
56 22
56 24
56 35
56 36
56 48
56 54
56 56
56 58
56 60
56 61
56 63
56 73
56 74
56 77
56 87
56 89
56 92
56 102
56 106
56 111
56 123
56 126
57 8
57 10
57 12
57 15
57 17
57 22
57 24
57 25
57 28
57 29
57 33
57 40
57 44
57 47
57 55
57 56
57 64
57 65
57 67
57 71
57 72
57 80
57 86
57 87
57 88
57 90
57 91
57 94
57 98
57 100
57 105
57 109
57 110
57 113
57 115
57 118
57 119
57 120
57 126
58 11
58 15
58 16
58 19
58 20
58 22
58 27
58 32
58 36
58 39
58 41
58 44
58 47
58 49
58 50
58 52
58 54
58 56
58 60
58 63
58 65
58 69
58 71
58 77
58 78
58 81
58 82
58 87
58 90
58 92
58 96
58 106
58 107
58 110
58 111
58 113
58 114
58 115
58 116
58 117
58 120
58 122
58 127
59 0
59 5
59 10
59 16
59 20
59 23
59 25
59 30
59 33
59 38
59 39
59 41
59 42
59 56
59 60
59 66
59 71
59 72
59 75
59 76
59 80
59 84
59 86
59 88
59 90
59 93
59 97
59 98
59 106
60 1
60 9
60 11
60 19
60 21
60 22
60 28
60 32
60 38
60 40
60 41
60 44
60 46
60 52
60 55
60 56
60 57
60 60
60 62
60 67
60 71
60 83
60 88
60 95
60 103
60 107
60 109
60 115
60 120
60 125
60 127
61 1
61 2
61 3
61 17
61 18
61 24
61 33
61 34
61 43
61 61
61 64
61 66
61 67
61 70
61 72
61 73
61 76
61 81
61 82
61 86
61 91
61 94
61 99
61 100
61 101
61 102
61 104
61 105
61 111
61 113
61 114
61 115
61 117
61 118
61 122
61 123
61 125
62 1
62 2
62 7
62 9
62 11
62 16
62 20
62 27
62 34
62 37
62 44
62 45
62 49
62 50
62 51
62 53
62 54
62 61
62 62
62 63
62 68
62 71
62 84
62 86
62 87
62 92
62 93
62 102
62 106
62 107
62 111
62 113
62 114
62 125
63 0
63 4
63 5
63 7
63 15
63 16
63 17
63 19
63 23
63 25
63 26
63 36
63 39
63 40
63 46
63 48
63 51
63 56
63 57
63 64
63 67
63 73
63 75
63 79
63 82
63 85
63 87
63 90
63 93
63 94
63 97
63 98
63 102
63 103
63 108
63 113
63 125
63 126
64 4
64 6
64 9
64 10
64 11
64 13
64 14
64 26
64 28
64 34
64 41
64 42
64 54
64 61
64 65
64 66
64 67
64 69
64 77
64 80
64 82
64 85
64 86
64 90
64 99
64 101
64 105
64 107
64 114
64 123
65 0
65 1
65 3
65 12
65 13
65 14
65 16
65 20
65 21
65 24
65 26
65 29
65 30
65 32
65 36
65 38
65 43
65 47
65 49
65 54
65 58
65 62
65 66
65 78
65 84
65 95
65 96
65 101
65 105
65 106
65 110
65 112
65 113
65 126
66 0
66 12
66 13
66 19
66 24
66 25
66 31
66 50
66 51
66 54
66 55
66 57
66 77
66 78
66 79
66 82
66 85
66 86
66 91
66 94
66 96
66 100
66 101
66 102
66 105
66 106
66 107
66 111
66 113
66 118
66 120
66 125
67 6
67 8
67 11
67 13
67 15
67 18
67 19
67 34
67 38
67 39
67 41
67 42
67 43
67 47
67 51
67 58
67 68
67 69
67 80
67 81
67 85
67 87
67 88
67 90
67 97
67 98
67 100
67 101
67 103
67 107
67 108
67 114
67 117
67 122
67 125
68 22
68 25
68 27
68 28
68 31
68 33
68 38
68 43
68 44
68 45
68 48
68 50
68 60
68 61
68 62
68 65
68 69
68 70
68 71
68 73
68 85
68 86
68 88
68 89
68 90
68 92
68 96
68 99
68 106
68 107
68 111
68 113
68 118
69 7
69 9
69 10
69 12
69 14
69 15
69 24
69 25
69 27
69 33
69 34
69 37
69 44
69 49
69 56
69 59
69 76
69 82
69 84
69 87
69 89
69 93
69 97
69 103
69 109
69 112
69 115
69 118
69 122
69 124
69 127
70 4
70 6
70 7
70 11
70 14
70 16
70 18
70 19
70 20
70 22
70 23
70 27
70 30
70 35
70 49
70 62
70 65
70 68
70 70
70 72
70 76
70 79
70 84
70 86
70 88
70 95
70 100
70 105
70 116
70 120
70 122
71 1
71 2
71 4
71 13
71 14
71 18
71 30
71 37
71 39
71 41
71 44
71 45
71 47
71 48
71 49
71 51
71 56
71 62
71 66
71 67
71 69
71 76
71 77
71 80
71 81
71 82
71 89
71 94
71 97
71 98
71 103
71 104
71 108
71 110
71 112
71 114
71 116
71 118
71 126
72 4
72 6
72 8
72 10
72 16
72 20
72 21
72 35
72 38
72 41
72 44
72 47
72 48
72 49
72 51
72 53
72 58
72 62
72 67
72 75
72 76
72 82
72 84
72 85
72 91
72 93
72 95
72 101
72 107
72 111
72 113
72 118
72 119
72 125
73 0
73 3
73 7
73 8
73 10
73 20
73 24
73 30
73 33
73 36
73 37
73 40
73 43
73 47
73 52
73 58
73 61
73 63
73 64
73 65
73 69
73 93
73 94
73 95
73 100
73 101
73 102
73 107
73 119
73 127
74 1
74 6
74 18
74 22
74 23
74 34
74 38
74 39
74 45
74 46
74 49
74 52
74 56
74 58
74 61
74 64
74 67
74 73
74 75
74 76
74 84
74 87
74 91
74 93
74 94
74 96
74 102
74 115
74 118
74 125
75 1
75 2
75 5
75 6
75 27
75 28
75 36
75 42
75 45
75 51
75 52
75 54
75 59
75 60
75 62
75 64
75 65
75 67
75 73
75 76
75 77
75 83
75 88
75 93
75 94
75 96
75 103
75 104
75 109
75 110
75 111
75 120
75 121
76 4
76 6
76 7
76 18
76 25
76 29
76 30
76 31
76 41
76 45
76 47
76 53
76 56
76 59
76 60
76 61
76 74
76 80
76 81
76 94
76 95
76 99
76 103
76 104
76 106
76 113
76 116
76 117
76 121
77 6
77 7
77 8
77 9
77 13
77 20
77 27
77 29
77 34
77 37
77 38
77 39
77 41
77 48
77 55
77 70
77 74
77 78
77 85
77 93
77 97
77 100
77 107
77 108
77 112
77 119
77 121
77 124
77 125
78 1
78 6
78 12
78 19
78 24
78 31
78 33
78 34
78 36
78 37
78 42
78 43
78 44
78 45
78 47
78 62
78 64
78 65
78 71
78 73
78 83
78 87
78 88
78 92
78 93
78 98
78 99
78 105
78 121
78 124
79 2
79 8
79 9
79 10
79 12
79 14
79 16
79 17
79 26
79 30
79 33
79 41
79 44
79 47
79 49
79 54
79 60
79 73
79 78
79 80
79 82
79 91
79 96
79 99
79 106
79 111
79 119
80 4
80 5
80 8
80 11
80 21
80 23
80 25
80 26
80 27
80 31
80 37
80 48
80 51
80 53
80 56
80 58
80 60
80 61
80 67
80 69
80 72
80 77
80 80
80 81
80 85
80 99
80 100
80 101
80 102
80 106
80 107
80 111
80 115
80 119
80 126
81 2
81 3
81 4
81 8
81 17
81 23
81 40
81 45
81 46
81 52
81 55
81 57
81 59
81 62
81 64
81 68
81 69
81 72
81 74
81 76
81 78
81 83
81 84
81 88
81 89
81 94
81 95
81 96
81 100
81 101
81 109
81 115
81 117
81 120
81 121
81 122
81 126
81 127
82 1
82 3
82 5
82 12
82 15
82 23
82 29
82 30
82 33
82 35
82 37
82 40
82 42
82 44
82 46
82 48
82 49
82 50
82 51
82 55
82 56
82 58
82 66
82 67
82 68
82 69
82 72
82 81
82 89
82 92
82 93
82 98
82 100
82 104
82 106
82 115
82 117
82 123
83 1
83 8
83 25
83 29
83 30
83 31
83 34
83 36
83 37
83 47
83 51
83 55
83 61
83 65
83 69
83 74
83 75
83 80
83 83
83 94
83 100
83 102
83 105
83 116
84 0
84 7
84 18
84 19
84 21
84 24
84 26
84 28
84 31
84 32
84 37
84 49
84 53
84 63
84 75
84 84
84 86
84 88
84 91
84 94
84 95
84 97
84 104
84 107
84 109
84 110
84 113
84 114
84 117
84 125
84 127
85 0
85 7
85 8
85 13
85 16
85 18
85 19
85 20
85 22
85 24
85 25
85 33
85 34
85 38
85 49
85 56
85 62
85 63
85 64
85 66
85 74
85 76
85 79
85 84
85 94
85 97
85 100
85 102
85 104
85 105
85 117
85 118
85 120
85 124
86 2
86 6
86 10
86 13
86 22
86 27
86 31
86 32
86 33
86 34
86 36
86 37
86 39
86 41
86 44
86 46
86 47
86 49
86 51
86 56
86 62
86 65
86 72
86 74
86 88
86 89
86 99
86 100
86 105
86 106
86 115
86 116
86 120
87 2
87 5
87 6
87 8
87 17
87 29
87 30
87 31
87 32
87 41
87 42
87 43
87 47
87 53
87 54
87 57
87 58
87 63
87 66
87 73
87 76
87 77
87 78
87 79
87 80
87 95
87 96
87 97
87 103
87 106
87 109
87 118
87 126
88 0
88 2
88 4
88 8
88 9
88 13
88 16
88 22
88 25
88 28
88 29
88 35
88 36
88 37
88 38
88 41
88 42
88 43
88 44
88 47
88 50
88 54
88 59
88 62
88 63
88 68
88 69
88 76
88 84
88 85
88 91
88 93
88 96
88 97
88 100
88 106
88 110
88 112
88 114
88 120
88 124
89 5
89 6
89 7
89 12
89 14
89 23
89 25
89 27
89 30
89 31
89 32
89 39
89 40
89 43
89 53
89 61
89 63
89 70
89 72
89 78
89 90
89 93
89 97
89 106
89 107
89 111
89 118
89 122
89 125
90 3
90 4
90 6
90 12
90 14
90 15
90 16
90 17
90 18
90 21
90 23
90 24
90 29
90 31
90 40
90 46
90 49
90 50
90 53
90 54
90 62
90 67
90 71
90 77
90 80
90 84
90 85
90 87
90 88
90 89
90 98
90 99
90 100
90 102
90 105
90 107
90 110
90 114
90 116
90 119
90 124
91 4
91 6
91 10
91 11
91 14
91 18
91 19
91 20
91 24
91 30
91 31
91 32
91 33
91 36
91 39
91 43
91 45
91 46
91 47
91 52
91 61
91 62
91 63
91 74
91 81
91 83
91 91
91 107
91 109
91 112
91 116
91 117
92 4
92 14
92 16
92 19
92 21
92 27
92 32
92 34
92 36
92 39
92 41
92 47
92 49
92 53
92 54
92 59
92 70
92 72
92 91
92 93
92 98
92 99
92 104
92 106
92 108
92 109
92 110
92 112
92 122
92 124
92 125
93 2
93 5
93 15
93 23
93 25
93 36
93 42
93 52
93 59
93 63
93 67
93 68
93 69
93 71
93 74
93 87
93 106
93 111
93 124
94 0
94 2
94 4
94 5
94 9
94 10
94 11
94 15
94 27
94 33
94 35
94 37
94 38
94 49
94 54
94 58
94 59
94 60
94 63
94 71
94 76
94 78
94 79
94 85
94 90
94 93
94 98
94 112
94 117
94 121
94 124
94 127
95 3
95 5
95 8
95 10
95 15
95 17
95 18
95 23
95 24
95 28
95 31
95 35
95 38
95 39
95 60
95 64
95 66
95 67
95 69
95 71
95 79
95 89
95 94
95 98
95 103
95 111
95 118
95 120
95 125
95 126
96 1
96 8
96 9
96 10
96 16
96 26
96 33
96 34
96 35
96 38
96 39
96 45
96 52
96 59
96 60
96 62
96 70
96 71
96 72
96 77
96 79
96 81
96 94
96 95
96 96
96 97
96 106
96 113
96 115
96 116
96 118
96 126
97 1
97 6
97 9
97 17
97 22
97 31
97 33
97 38
97 40
97 52
97 54
97 57
97 62
97 64
97 68
97 74
97 76
97 78
97 79
97 90
97 91
97 97
97 99
97 106
97 126
98 0
98 3
98 4
98 9
98 18
98 19
98 23
98 24
98 25
98 30
98 31
98 32
98 33
98 35
98 36
98 37
98 42
98 47
98 53
98 56
98 59
98 65
98 70
98 75
98 79
98 83
98 88
98 92
98 94
98 95
98 100
98 103
98 104
98 106
98 107
98 109
98 110
98 112
98 118
98 119
98 120
98 127
99 3
99 8
99 10
99 11
99 14
99 20
99 22
99 31
99 35
99 37
99 40
99 42
99 47
99 53
99 57
99 59
99 61
99 68
99 70
99 73
99 74
99 75
99 78
99 80
99 83
99 86
99 93
99 108
99 115
99 116
99 126
100 2
100 5
100 6
100 7
100 8
100 11
100 13
100 22
100 24
100 33
100 35
100 37
100 38
100 40
100 51
100 60
100 74
100 76
100 85
100 88
100 93
100 94
100 98
100 102
100 106
100 107
100 108
100 109
100 110
100 116
100 122
100 123
100 124
100 125
100 126
100 127
101 8
101 10
101 13
101 14
101 17
101 21
101 22
101 25
101 26
101 28
101 39
101 45
101 50
101 51
101 55
101 57
101 59
101 61
101 68
101 70
101 71
101 74
101 87
101 88
101 92
101 96
101 100
101 101
101 104
101 105
101 110
101 111
101 113
101 114
102 2
102 3
102 7
102 14
102 19
102 20
102 23
102 28
102 29
102 33
102 34
102 39
102 47
102 49
102 50
102 55
102 57
102 62
102 67
102 70
102 80
102 84
102 86
102 87
102 89
102 91
102 92
102 98
102 100
102 108
102 116
102 120
102 121
103 2
103 3
103 4
103 5
103 6
103 9
103 10
103 11
103 12
103 16
103 20
103 29
103 32
103 40
103 43
103 48
103 52
103 54
103 65
103 67
103 68
103 70
103 72
103 73
103 75
103 85
103 86
103 91
103 109
103 121
103 125
104 3
104 6
104 8
104 13
104 14
104 31
104 33
104 38
104 45
104 46
104 55
104 57
104 59
104 60
104 63
104 70
104 72
104 73
104 74
104 80
104 83
104 84
104 86
104 88
104 95
104 101
104 102
104 111
105 0
105 3
105 4
105 5
105 15
105 16
105 29
105 32
105 35
105 36
105 39
105 46
105 50
105 62
105 65
105 71
105 75
105 77
105 80
105 83
105 86
105 90
105 94
105 102
105 111
105 112
105 116
105 117
105 118
106 3
106 10
106 18
106 23
106 25
106 28
106 42
106 46
106 49
106 51
106 55
106 58
106 66
106 70
106 76
106 83
106 84
106 93
106 101
106 104
106 106
106 112
106 115
106 116
106 120
106 124
106 125
106 127
107 0
107 4
107 18
107 20
107 22
107 24
107 25
107 32
107 40
107 42
107 44
107 46
107 51
107 53
107 56
107 58
107 59
107 63
107 69
107 71
107 80
107 82
107 91
107 93
107 96
107 97
107 103
107 107
107 119
107 121
108 2
108 5
108 6
108 9
108 13
108 15
108 30
108 34
108 36
108 38
108 40
108 41
108 45
108 49
108 54
108 56
108 63
108 67
108 74
108 88
108 91
108 93
108 102
108 104
108 106
108 113
108 118
108 119
108 123
108 124
109 1
109 3
109 7
109 9
109 11
109 19
109 21
109 23
109 26
109 28
109 45
109 47
109 48
109 52
109 55
109 56
109 69
109 79
109 80
109 81
109 83
109 90
109 97
109 98
109 100
109 109
109 111
109 113
109 121
110 0
110 12
110 16
110 20
110 30
110 32
110 33
110 36
110 37
110 56
110 57
110 61
110 67
110 70
110 73
110 80
110 81
110 83
110 86
110 92
110 95
110 99
110 100
110 104
110 107
110 113
110 120
110 121
110 124
110 127
111 5
111 8
111 9
111 10
111 15
111 20
111 21
111 22
111 26
111 31
111 32
111 36
111 37
111 46
111 52
111 55
111 64
111 73
111 75
111 76
111 78
111 84
111 87
111 89
111 102
111 105
111 107
111 112
111 116
111 119
111 120
111 126
111 127
112 5
112 9
112 10
112 12
112 13
112 16
112 19
112 22
112 25
112 26
112 28
112 29
112 30
112 36
112 38
112 42
112 43
112 49
112 58
112 65
112 67
112 70
112 75
112 80
112 87
112 89
112 90
112 91
112 98
112 104
112 113
112 117
112 118
112 125
113 3
113 4
113 8
113 10
113 11
113 13
113 16
113 20
113 23
113 24
113 31
113 33
113 40
113 46
113 48
113 49
113 52
113 53
113 60
113 61
113 62
113 66
113 67
113 78
113 82
113 87
113 94
113 97
113 104
113 111
113 112
113 114
113 118
113 123
113 124
113 125
113 127
114 3
114 4
114 7
114 9
114 14
114 15
114 17
114 23
114 29
114 30
114 46
114 59
114 61
114 64
114 65
114 72
114 76
114 80
114 85
114 97
114 98
114 100
114 111
114 123
114 127
115 0
115 14
115 18
115 21
115 24
115 29
115 30
115 33
115 51
115 52
115 54
115 60
115 63
115 64
115 67
115 69
115 70
115 73
115 76
115 80
115 83
115 86
115 98
115 99
115 100
115 104
115 108
115 110
115 112
115 113
115 116
115 117
115 123
115 124
115 125
116 7
116 9
116 15
116 20
116 32
116 35
116 36
116 43
116 45
116 46
116 47
116 48
116 49
116 56
116 57
116 59
116 62
116 63
116 65
116 70
116 72
116 75
116 79
116 82
116 91
116 93
116 94
116 99
116 105
116 111
116 118
116 121
116 122
116 125
117 2
117 6
117 7
117 12
117 14
117 15
117 25
117 39
117 40
117 41
117 45
117 48
117 50
117 52
117 56
117 57
117 60
117 67
117 68
117 73
117 75
117 78
117 79
117 92
117 95
117 100
117 102
117 103
117 107
117 108
117 115
117 124
117 127
118 1
118 6
118 24
118 25
118 28
118 51
118 54
118 65
118 67
118 68
118 75
118 76
118 81
118 83
118 88
118 91
118 93
118 97
118 105
118 106
118 108
118 109
118 112
118 116
118 117
118 120
118 122
118 125
118 126
119 0
119 7
119 15
119 21
119 22
119 23
119 24
119 40
119 44
119 47
119 48
119 69
119 71
119 72
119 78
119 95
119 98
119 101
119 111
119 119
119 126
120 9
120 16
120 24
120 26
120 29
120 31
120 33
120 35
120 39
120 40
120 43
120 70
120 72
120 73
120 80
120 86
120 87
120 89
120 90
120 92
120 99
120 100
120 101
120 107
120 110
120 111
120 113
120 116
120 117
120 125
121 2
121 3
121 5
121 6
121 11
121 16
121 20
121 27
121 29
121 51
121 58
121 75
121 78
121 84
121 88
121 90
121 98
121 99
121 105
121 108
121 109
121 113
121 117
121 118
121 124
122 1
122 2
122 3
122 4
122 9
122 11
122 18
122 27
122 35
122 37
122 40
122 45
122 47
122 50
122 52
122 54
122 65
122 69
122 70
122 71
122 79
122 83
122 85
122 91
122 93
122 94
122 95
122 101
122 102
122 104
122 109
122 110
122 113
122 116
122 118
122 125
123 3
123 5
123 11
123 19
123 23
123 31
123 32
123 34
123 49
123 51
123 52
123 55
123 61
123 64
123 69
123 70
123 73
123 75
123 79
123 82
123 88
123 91
123 92
123 97
123 99
123 103
123 104
123 111
123 124
123 126
124 2
124 3
124 14
124 15
124 17
124 18
124 23
124 24
124 29
124 33
124 37
124 40
124 44
124 46
124 49
124 64
124 66
124 71
124 74
124 80
124 81
124 87
124 91
124 99
124 108
124 111
124 112
124 120
125 2
125 10
125 15
125 17
125 18
125 22
125 23
125 25
125 28
125 29
125 33
125 37
125 42
125 44
125 50
125 51
125 52
125 59
125 76
125 89
125 95
125 98
125 99
125 102
125 103
125 104
125 110
125 111
125 117
125 122
125 125
126 0
126 2
126 10
126 11
126 14
126 16
126 22
126 25
126 28
126 33
126 36
126 37
126 44
126 47
126 50
126 51
126 54
126 55
126 60
126 61
126 62
126 65
126 73
126 77
126 78
126 79
126 81
126 85
126 86
126 89
126 93
126 95
126 99
126 101
126 103
126 109
126 110
126 116
126 122
127 0
127 10
127 11
127 17
127 20
127 22
127 37
127 41
127 43
127 44
127 47
127 49
127 50
127 52
127 56
127 57
127 64
127 66
127 68
127 69
127 70
127 73
127 81
127 84
127 86
127 93
127 94
127 96
127 99
127 100
127 101
127 106
127 113
127 116
127 121
127 122
127 124
