0 0
0 6
0 8
0 10
0 11
0 12
0 15
0 18
0 20
0 30
0 34
0 35
0 36
0 37
0 39
0 42
0 43
0 44
0 45
0 47
0 49
0 50
0 54
0 56
0 62
0 71
0 73
0 74
0 75
0 81
0 83
0 84
0 89
0 91
0 92
0 95
0 98
0 101
0 102
0 103
0 105
0 107
0 109
0 111
0 112
0 113
0 116
0 118
0 120
0 123
0 124
0 127
1 0
1 2
1 3
1 7
1 8
1 10
1 11
1 12
1 17
1 18
1 19
1 22
1 25
1 32
1 36
1 39
1 40
1 45
1 47
1 48
1 49
1 50
1 51
1 53
1 59
1 64
1 65
1 66
1 75
1 76
1 78
1 79
1 87
1 92
1 93
1 94
1 97
1 98
1 100
1 103
1 110
1 111
1 113
1 114
1 115
1 116
1 118
1 119
1 120
1 121
1 123
1 124
2 1
2 5
2 6
2 7
2 8
2 9
2 10
2 11
2 15
2 16
2 19
2 29
2 32
2 33
2 35
2 39
2 40
2 44
2 46
2 49
2 51
2 53
2 56
2 58
2 63
2 65
2 84
2 87
2 89
2 90
2 91
2 94
2 100
2 104
2 109
2 110
2 111
2 118
2 119
2 120
2 121
2 124
2 125
3 1
3 10
3 11
3 12
3 14
3 16
3 18
3 19
3 24
3 25
3 31
3 34
3 36
3 37
3 38
3 39
3 40
3 41
3 45
3 46
3 50
3 51
3 56
3 57
3 60
3 62
3 66
3 68
3 69
3 70
3 71
3 73
3 75
3 77
3 79
3 82
3 90
3 92
3 94
3 99
3 101
3 102
3 103
3 106
3 107
3 108
3 110
3 114
3 119
3 122
4 0
4 1
4 3
4 4
4 5
4 6
4 8
4 9
4 11
4 12
4 18
4 21
4 22
4 24
4 28
4 30
4 38
4 44
4 46
4 48
4 49
4 50
4 53
4 55
4 59
4 61
4 65
4 68
4 69
4 70
4 71
4 72
4 73
4 74
4 77
4 80
4 83
4 86
4 87
4 88
4 89
4 91
4 93
4 96
4 99
4 100
4 104
4 106
4 109
4 114
4 116
4 117
4 120
4 125
4 127
5 0
5 3
5 5
5 7
5 9
5 12
5 15
5 17
5 19
5 25
5 27
5 28
5 30
5 36
5 37
5 38
5 40
5 44
5 45
5 46
5 48
5 50
5 52
5 60
5 61
5 64
5 65
5 68
5 69
5 71
5 72
5 74
5 80
5 83
5 84
5 85
5 89
5 93
5 95
5 96
5 100
5 101
5 102
5 104
5 105
5 110
5 111
5 113
5 118
5 120
5 123
5 124
6 1
6 2
6 6
6 10
6 11
6 13
6 15
6 17
6 21
6 27
6 32
6 33
6 34
6 41
6 42
6 44
6 48
6 49
6 50
6 52
6 54
6 56
6 59
6 60
6 63
6 65
6 66
6 68
6 69
6 72
6 74
6 75
6 76
6 77
6 79
6 80
6 84
6 87
6 88
6 91
6 96
6 97
6 98
6 100
6 101
6 104
6 105
6 106
6 107
6 108
6 109
6 112
6 114
6 115
6 116
6 121
6 122
6 126
6 127
7 2
7 3
7 6
7 9
7 13
7 17
7 19
7 20
7 23
7 28
7 29
7 33
7 34
7 37
7 39
7 40
7 41
7 42
7 46
7 47
7 50
7 53
7 59
7 60
7 63
7 67
7 69
7 73
7 77
7 78
7 80
7 81
7 82
7 85
7 86
7 87
7 88
7 91
7 92
7 93
7 104
7 105
7 109
7 110
7 113
7 114
7 120
7 122
7 123
7 124
7 126
7 127
8 2
8 3
8 6
8 14
8 24
8 28
8 29
8 30
8 35
8 38
8 39
8 41
8 43
8 44
8 45
8 46
8 50
8 53
8 54
8 56
8 65
8 66
8 68
8 72
8 84
8 85
8 89
8 93
8 94
8 95
8 96
8 97
8 98
8 101
8 103
8 105
8 107
8 112
8 113
8 114
8 115
8 116
8 120
8 124
8 125
8 127
9 3
9 4
9 8
9 10
9 14
9 15
9 16
9 17
9 18
9 24
9 25
9 26
9 28
9 29
9 38
9 40
9 44
9 45
9 47
9 50
9 51
9 52
9 57
9 58
9 62
9 65
9 67
9 69
9 70
9 72
9 74
9 75
9 76
9 77
9 84
9 85
9 87
9 88
9 92
9 94
9 99
9 102
9 107
9 110
9 111
9 114
9 115
9 116
9 117
9 118
9 124
9 126
10 0
10 3
10 6
10 8
10 9
10 13
10 14
10 22
10 27
10 31
10 32
10 37
10 39
10 40
10 44
10 47
10 48
10 49
10 50
10 53
10 54
10 55
10 56
10 59
10 61
10 63
10 68
10 70
10 71
10 75
10 77
10 79
10 86
10 89
10 91
10 93
10 96
10 99
10 102
10 105
10 107
10 112
10 113
10 115
10 118
10 119
10 122
10 123
10 127
11 0
11 1
11 2
11 3
11 6
11 7
11 13
11 15
11 16
11 19
11 21
11 22
11 25
11 26
11 27
11 28
11 32
11 35
11 36
11 37
11 38
11 39
11 42
11 43
11 44
11 45
11 47
11 53
11 55
11 56
11 57
11 61
11 62
11 64
11 66
11 68
11 71
11 72
11 74
11 75
11 77
11 79
11 80
11 83
11 86
11 87
11 88
11 89
11 94
11 95
11 98
11 100
11 101
11 103
11 104
11 110
11 113
11 118
11 123
12 1
12 3
12 4
12 5
12 8
12 10
12 11
12 12
12 14
12 20
12 21
12 23
12 25
12 28
12 31
12 36
12 40
12 42
12 48
12 50
12 53
12 54
12 61
12 62
12 65
12 67
12 69
12 78
12 81
12 83
12 85
12 86
12 87
12 88
12 94
12 95
12 98
12 99
12 101
12 104
12 105
12 107
12 108
12 112
12 114
12 115
12 118
12 121
12 122
12 126
13 0
13 5
13 7
13 8
13 9
13 11
13 13
13 16
13 20
13 28
13 32
13 36
13 38
13 40
13 42
13 45
13 51
13 52
13 53
13 58
13 60
13 61
13 63
13 64
13 67
13 69
13 75
13 76
13 77
13 78
13 82
13 84
13 85
13 86
13 87
13 88
13 93
13 102
13 104
13 108
13 110
13 112
13 115
13 116
13 118
13 122
13 123
13 125
13 126
14 4
14 8
14 9
14 13
14 14
14 16
14 19
14 21
14 28
14 34
14 37
14 39
14 41
14 42
14 43
14 45
14 47
14 50
14 52
14 53
14 54
14 55
14 56
14 58
14 63
14 65
14 67
14 68
14 69
14 71
14 72
14 74
14 80
14 81
14 85
14 89
14 90
14 93
14 94
14 98
14 99
14 106
14 108
14 112
14 114
14 116
14 123
15 3
15 5
15 6
15 8
15 10
15 15
15 17
15 22
15 23
15 29
15 30
15 33
15 39
15 41
15 42
15 44
15 47
15 51
15 53
15 55
15 57
15 59
15 60
15 62
15 64
15 65
15 66
15 69
15 70
15 71
15 74
15 75
15 78
15 81
15 83
15 84
15 87
15 90
15 93
15 94
15 98
15 104
15 106
15 108
15 110
15 111
15 112
15 114
15 115
15 116
15 119
15 123
15 124
16 3
16 6
16 8
16 10
16 11
16 12
16 13
16 14
16 15
16 16
16 19
16 24
16 25
16 32
16 37
16 38
16 39
16 45
16 50
16 58
16 63
16 65
16 69
16 72
16 74
16 75
16 76
16 78
16 83
16 85
16 86
16 88
16 89
16 93
16 94
16 95
16 100
16 105
16 107
16 108
16 109
16 114
16 117
16 118
16 123
16 124
16 125
16 127
17 0
17 3
17 4
17 5
17 8
17 10
17 12
17 16
17 18
17 23
17 24
17 25
17 29
17 32
17 34
17 39
17 41
17 42
17 43
17 46
17 49
17 50
17 53
17 54
17 57
17 58
17 59
17 60
17 61
17 62
17 69
17 70
17 71
17 72
17 73
17 79
17 84
17 85
17 86
17 95
17 97
17 98
17 99
17 100
17 105
17 108
17 109
17 110
17 111
17 114
17 116
17 117
17 120
17 126
17 127
18 0
18 1
18 2
18 9
18 10
18 12
18 14
18 15
18 17
18 20
18 22
18 27
18 29
18 33
18 42
18 44
18 45
18 46
18 50
18 52
18 54
18 56
18 58
18 59
18 60
18 62
18 67
18 69
18 70
18 71
18 73
18 75
18 76
18 77
18 79
18 80
18 82
18 84
18 85
18 90
18 91
18 92
18 94
18 95
18 100
18 104
18 105
18 106
18 111
18 114
18 124
19 5
19 6
19 9
19 10
19 13
19 16
19 18
19 19
19 21
19 23
19 29
19 30
19 32
19 33
19 34
19 35
19 41
19 42
19 44
19 45
19 47
19 48
19 50
19 52
19 54
19 55
19 56
19 57
19 58
19 60
19 68
19 69
19 70
19 71
19 72
19 75
19 77
19 80
19 83
19 86
19 90
19 91
19 93
19 94
19 96
19 98
19 103
19 104
19 108
19 111
19 113
19 114
19 121
19 124
20 0
20 1
20 3
20 4
20 6
20 7
20 8
20 9
20 10
20 15
20 17
20 20
20 25
20 28
20 33
20 34
20 36
20 37
20 40
20 41
20 48
20 56
20 61
20 62
20 67
20 68
20 69
20 70
20 72
20 75
20 76
20 77
20 82
20 83
20 88
20 89
20 92
20 93
20 95
20 99
20 101
20 103
20 107
20 109
20 112
20 114
20 115
20 116
20 121
20 123
20 126
21 0
21 1
21 5
21 7
21 8
21 15
21 16
21 18
21 19
21 26
21 27
21 29
21 33
21 34
21 37
21 39
21 44
21 46
21 51
21 53
21 57
21 59
21 60
21 65
21 67
21 71
21 72
21 73
21 75
21 78
21 79
21 80
21 81
21 82
21 85
21 90
21 96
21 97
21 98
21 99
21 100
21 101
21 102
21 105
21 108
21 110
21 112
21 116
21 118
21 120
21 122
21 123
21 125
22 0
22 3
22 4
22 5
22 6
22 9
22 12
22 13
22 26
22 27
22 28
22 29
22 37
22 38
22 39
22 42
22 45
22 46
22 48
22 50
22 55
22 57
22 61
22 64
22 66
22 67
22 68
22 70
22 75
22 80
22 81
22 88
22 91
22 95
22 97
22 100
22 103
22 109
22 111
22 113
22 121
22 123
22 124
22 127
23 0
23 3
23 4
23 5
23 8
23 9
23 10
23 12
23 13
23 15
23 17
23 18
23 20
23 25
23 27
23 28
23 30
23 32
23 33
23 34
23 37
23 39
23 41
23 43
23 47
23 50
23 57
23 60
23 62
23 66
23 69
23 70
23 77
23 78
23 79
23 82
23 84
23 85
23 86
23 89
23 92
23 98
23 100
23 103
23 105
23 107
23 109
23 111
23 112
23 114
23 115
23 117
23 119
23 121
23 122
23 123
23 124
24 2
24 6
24 9
24 12
24 14
24 16
24 23
24 24
24 28
24 31
24 32
24 34
24 38
24 41
24 42
24 46
24 47
24 48
24 50
24 56
24 57
24 58
24 63
24 64
24 65
24 66
24 70
24 71
24 72
24 75
24 78
24 81
24 82
24 83
24 87
24 89
24 92
24 96
24 97
24 98
24 105
24 107
24 108
24 110
24 112
24 114
24 116
24 119
24 120
24 121
24 125
24 126
24 127
25 1
25 2
25 3
25 8
25 9
25 12
25 13
25 15
25 19
25 22
25 23
25 24
25 30
25 31
25 32
25 33
25 35
25 37
25 43
25 44
25 45
25 50
25 52
25 53
25 55
25 56
25 57
25 59
25 60
25 61
25 66
25 67
25 69
25 70
25 76
25 80
25 85
25 89
25 94
25 95
25 99
25 101
25 102
25 103
25 106
25 107
25 108
25 113
25 114
25 115
25 117
25 119
25 122
26 2
26 5
26 6
26 11
26 15
26 19
26 20
26 27
26 28
26 32
26 36
26 37
26 38
26 40
26 41
26 43
26 47
26 55
26 56
26 57
26 59
26 60
26 62
26 65
26 75
26 76
26 78
26 80
26 84
26 88
26 91
26 92
26 93
26 94
26 96
26 99
26 103
26 107
26 108
26 110
26 111
26 112
26 119
26 120
26 121
26 122
27 3
27 6
27 7
27 8
27 9
27 11
27 14
27 16
27 17
27 23
27 26
27 28
27 32
27 33
27 34
27 35
27 40
27 43
27 45
27 46
27 49
27 52
27 55
27 57
27 58
27 64
27 68
27 70
27 72
27 74
27 75
27 77
27 79
27 80
27 82
27 86
27 87
27 89
27 90
27 91
27 93
27 95
27 97
27 99
27 102
27 104
27 109
27 113
27 118
27 122
27 124
28 0
28 1
28 2
28 5
28 7
28 8
28 9
28 14
28 16
28 20
28 23
28 24
28 25
28 27
28 28
28 29
28 32
28 33
28 35
28 38
28 39
28 44
28 45
28 46
28 49
28 50
28 57
28 58
28 61
28 63
28 64
28 65
28 68
28 69
28 70
28 74
28 76
28 77
28 83
28 84
28 87
28 89
28 91
28 93
28 98
28 102
28 107
28 111
28 113
28 115
28 116
28 121
28 122
28 123
28 126
28 127
29 0
29 3
29 10
29 15
29 18
29 19
29 20
29 25
29 28
29 30
29 31
29 32
29 38
29 39
29 40
29 41
29 45
29 47
29 49
29 50
29 51
29 53
29 54
29 55
29 58
29 61
29 63
29 64
29 66
29 67
29 68
29 70
29 71
29 78
29 81
29 82
29 84
29 87
29 88
29 91
29 92
29 94
29 96
29 100
29 102
29 109
29 112
29 116
29 119
29 124
29 127
30 2
30 4
30 6
30 8
30 9
30 15
30 16
30 17
30 19
30 20
30 21
30 26
30 27
30 28
30 31
30 34
30 35
30 37
30 39
30 40
30 41
30 42
30 45
30 46
30 52
30 53
30 57
30 61
30 62
30 63
30 64
30 65
30 66
30 68
30 72
30 73
30 74
30 78
30 80
30 81
30 82
30 86
30 90
30 91
30 97
30 103
30 104
30 105
30 108
30 109
30 111
30 112
30 113
30 116
30 122
30 123
30 127
31 0
31 1
31 2
31 5
31 7
31 13
31 14
31 16
31 18
31 19
31 21
31 25
31 28
31 29
31 33
31 34
31 43
31 45
31 46
31 47
31 48
31 52
31 55
31 61
31 63
31 70
31 72
31 73
31 75
31 79
31 80
31 82
31 83
31 84
31 89
31 91
31 92
31 95
31 97
31 98
31 101
31 102
31 103
31 106
31 111
31 119
31 121
31 124
31 126
31 127
32 4
32 5
32 6
32 8
32 11
32 13
32 14
32 15
32 16
32 17
32 18
32 19
32 21
32 24
32 25
32 28
32 31
32 35
32 36
32 39
32 45
32 48
32 51
32 52
32 54
32 57
32 60
32 61
32 63
32 64
32 67
32 71
32 75
32 77
32 78
32 81
32 82
32 83
32 84
32 85
32 87
32 88
32 91
32 96
32 98
32 99
32 100
32 101
32 103
32 104
32 114
32 118
32 119
32 120
32 121
32 124
32 126
32 127
33 7
33 9
33 10
33 13
33 17
33 18
33 22
33 27
33 29
33 34
33 35
33 36
33 39
33 40
33 41
33 44
33 47
33 48
33 49
33 51
33 54
33 55
33 62
33 63
33 71
33 72
33 73
33 76
33 77
33 78
33 80
33 82
33 84
33 85
33 86
33 87
33 90
33 91
33 93
33 96
33 100
33 104
33 106
33 109
33 113
33 114
33 115
33 118
33 119
33 120
33 122
33 126
33 127
34 0
34 1
34 2
34 9
34 10
34 11
34 14
34 15
34 17
34 18
34 19
34 20
34 22
34 23
34 25
34 26
34 28
34 29
34 30
34 39
34 44
34 45
34 47
34 52
34 57
34 59
34 60
34 65
34 70
34 72
34 73
34 74
34 76
34 79
34 81
34 82
34 87
34 89
34 92
34 94
34 100
34 101
34 105
34 106
34 110
34 111
34 113
34 116
34 118
34 120
34 123
34 125
35 0
35 2
35 7
35 8
35 9
35 13
35 17
35 18
35 19
35 20
35 21
35 24
35 27
35 28
35 30
35 31
35 32
35 34
35 36
35 39
35 44
35 46
35 48
35 55
35 56
35 58
35 59
35 63
35 67
35 70
35 77
35 79
35 80
35 81
35 84
35 86
35 88
35 89
35 91
35 96
35 98
35 99
35 102
35 103
35 106
35 107
35 108
35 109
35 112
35 117
35 118
35 120
35 125
36 0
36 1
36 2
36 6
36 12
36 13
36 15
36 22
36 24
36 25
36 27
36 29
36 33
36 36
36 37
36 45
36 50
36 51
36 52
36 57
36 61
36 62
36 64
36 65
36 66
36 68
36 70
36 71
36 73
36 74
36 75
36 76
36 79
36 80
36 81
36 85
36 86
36 87
36 89
36 90
36 93
36 99
36 104
36 105
36 112
36 113
36 117
36 118
36 119
36 120
36 126
37 0
37 1
37 5
37 9
37 16
37 17
37 20
37 22
37 26
37 27
37 28
37 30
37 31
37 36
37 37
37 38
37 41
37 49
37 51
37 52
37 54
37 57
37 61
37 63
37 73
37 74
37 76
37 80
37 82
37 86
37 87
37 91
37 92
37 95
37 97
37 98
37 102
37 105
37 106
37 108
37 110
37 114
37 116
37 119
37 120
37 121
37 124
37 127
38 3
38 6
38 7
38 10
38 14
38 15
38 16
38 19
38 23
38 27
38 29
38 32
38 33
38 34
38 37
38 39
38 41
38 49
38 50
38 52
38 55
38 58
38 62
38 63
38 64
38 68
38 70
38 71
38 74
38 75
38 76
38 81
38 86
38 89
38 94
38 106
38 108
38 110
38 112
38 113
38 114
38 119
38 122
38 123
38 124
38 125
38 126
39 0
39 4
39 5
39 6
39 7
39 9
39 10
39 13
39 17
39 20
39 21
39 22
39 25
39 28
39 29
39 32
39 40
39 42
39 45
39 47
39 49
39 57
39 58
39 59
39 61
39 63
39 66
39 67
39 69
39 72
39 73
39 75
39 76
39 78
39 79
39 80
39 81
39 86
39 87
39 88
39 89
39 90
39 91
39 92
39 96
39 98
39 107
39 117
39 118
39 120
39 121
39 122
39 123
39 126
39 127
40 0
40 1
40 2
40 4
40 7
40 8
40 14
40 17
40 21
40 22
40 26
40 28
40 30
40 31
40 33
40 40
40 42
40 43
40 44
40 47
40 48
40 49
40 53
40 54
40 55
40 56
40 61
40 72
40 73
40 79
40 80
40 82
40 84
40 85
40 86
40 90
40 91
40 105
40 106
40 109
40 118
40 122
41 3
41 4
41 5
41 6
41 8
41 9
41 15
41 17
41 22
41 25
41 26
41 29
41 30
41 33
41 35
41 39
41 40
41 41
41 43
41 46
41 49
41 52
41 53
41 55
41 56
41 57
41 58
41 60
41 61
41 64
41 65
41 67
41 69
41 73
41 75
41 80
41 81
41 82
41 88
41 90
41 91
41 92
41 93
41 96
41 98
41 99
41 100
41 101
41 103
41 104
41 105
41 108
41 110
41 111
41 113
41 114
41 115
41 118
41 122
41 126
41 127
42 2
42 8
42 9
42 10
42 14
42 15
42 17
42 18
42 20
42 22
42 23
42 26
42 31
42 33
42 35
42 36
42 38
42 42
42 45
42 48
42 50
42 52
42 53
42 54
42 56
42 57
42 60
42 61
42 63
42 64
42 65
42 69
42 71
42 72
42 80
42 81
42 84
42 85
42 86
42 88
42 89
42 90
42 96
42 97
42 98
42 101
42 102
42 103
42 106
42 108
42 109
42 111
42 114
42 116
42 119
42 120
42 125
42 127
43 0
43 1
43 2
43 3
43 5
43 7
43 15
43 19
43 22
43 24
43 26
43 33
43 35
43 37
43 43
43 46
43 47
43 48
43 55
43 56
43 57
43 60
43 61
43 64
43 73
43 76
43 77
43 80
43 85
43 86
43 100
43 101
43 103
43 106
43 107
43 114
43 115
43 116
43 117
43 119
43 122
43 124
43 125
43 127
44 0
44 3
44 4
44 7
44 10
44 12
44 13
44 15
44 17
44 18
44 20
44 24
44 26
44 30
44 31
44 34
44 35
44 38
44 41
44 46
44 47
44 51
44 52
44 53
44 54
44 57
44 58
44 61
44 62
44 63
44 64
44 66
44 67
44 73
44 74
44 75
44 77
44 78
44 82
44 84
44 86
44 87
44 89
44 96
44 97
44 98
44 102
44 103
44 104
44 105
44 106
44 107
44 108
44 109
44 112
44 117
44 118
44 120
44 123
44 124
44 127
45 0
45 1
45 2
45 3
45 4
45 5
45 6
45 7
45 9
45 10
45 12
45 15
45 16
45 18
45 22
45 23
45 28
45 31
45 44
45 45
45 46
45 47
45 54
45 57
45 60
45 61
45 62
45 64
45 66
45 70
45 76
45 78
45 80
45 84
45 87
45 89
45 90
45 92
45 95
45 97
45 99
45 100
45 102
45 110
45 111
45 112
45 114
45 115
45 120
45 122
45 123
45 126
45 127
46 1
46 3
46 4
46 5
46 9
46 11
46 12
46 16
46 18
46 20
46 21
46 25
46 28
46 30
46 34
46 35
46 40
46 43
46 47
46 53
46 55
46 56
46 57
46 59
46 60
46 61
46 63
46 66
46 70
46 71
46 73
46 74
46 81
46 85
46 88
46 89
46 90
46 91
46 92
46 93
46 96
46 97
46 98
46 99
46 103
46 107
46 108
46 109
46 111
46 113
46 114
46 116
46 119
46 120
46 123
46 124
46 127
47 0
47 3
47 7
47 8
47 11
47 17
47 18
47 20
47 22
47 23
47 25
47 26
47 27
47 28
47 32
47 33
47 34
47 36
47 39
47 43
47 44
47 45
47 51
47 61
47 63
47 65
47 66
47 69
47 70
47 72
47 73
47 75
47 78
47 85
47 86
47 87
47 88
47 90
47 97
47 98
47 101
47 102
47 103
47 104
47 105
47 108
47 109
47 111
47 116
47 118
47 121
47 124
48 1
48 3
48 4
48 5
48 9
48 14
48 15
48 17
48 19
48 21
48 22
48 24
48 28
48 29
48 30
48 33
48 35
48 38
48 42
48 45
48 46
48 49
48 52
48 61
48 62
48 63
48 66
48 67
48 73
48 77
48 79
48 81
48 82
48 84
48 89
48 91
48 93
48 97
48 98
48 99
48 101
48 103
48 104
48 105
48 110
48 115
48 116
48 117
48 119
48 120
48 121
48 122
48 123
48 124
48 127
49 2
49 4
49 8
49 12
49 14
49 16
49 17
49 21
49 23
49 24
49 25
49 27
49 29
49 31
49 37
49 40
49 41
49 42
49 48
49 49
49 54
49 66
49 67
49 69
49 73
49 76
49 80
49 81
49 84
49 85
49 86
49 87
49 88
49 89
49 92
49 93
49 98
49 100
49 103
49 104
49 106
49 109
49 112
49 113
49 114
49 118
49 119
49 120
49 121
49 122
49 123
49 124
49 126
50 2
50 3
50 4
50 8
50 12
50 13
50 17
50 18
50 19
50 21
50 24
50 29
50 36
50 39
50 41
50 44
50 48
50 54
50 58
50 60
50 63
50 69
50 70
50 72
50 73
50 79
50 81
50 92
50 93
50 95
50 99
50 101
50 104
50 109
50 112
50 116
50 118
50 119
50 121
50 123
51 0
51 4
51 5
51 6
51 9
51 13
51 14
51 15
51 18
51 21
51 24
51 25
51 26
51 27
51 29
51 32
51 34
51 35
51 36
51 38
51 40
51 43
51 45
51 49
51 51
51 52
51 54
51 56
51 58
51 60
51 61
51 64
51 66
51 68
51 73
51 74
51 76
51 78
51 79
51 88
51 89
51 91
51 96
51 100
51 102
51 103
51 105
51 109
51 112
51 115
51 118
51 121
51 124
51 125
52 2
52 8
52 9
52 12
52 17
52 19
52 20
52 21
52 22
52 23
52 28
52 32
52 33
52 35
52 39
52 41
52 42
52 46
52 50
52 58
52 60
52 68
52 72
52 74
52 82
52 86
52 87
52 90
52 95
52 100
52 102
52 103
52 104
52 105
52 107
52 112
52 115
52 117
52 119
52 120
52 121
52 123
53 0
53 5
53 7
53 9
53 12
53 13
53 15
53 17
53 18
53 19
53 21
53 23
53 25
53 26
53 27
53 29
53 30
53 33
53 34
53 37
53 39
53 40
53 42
53 43
53 44
53 45
53 48
53 50
53 51
53 53
53 54
53 55
53 56
53 57
53 59
53 60
53 61
53 68
53 70
53 72
53 74
53 75
53 80
53 81
53 82
53 83
53 89
53 93
53 97
53 98
53 100
53 103
53 106
53 108
53 111
53 112
53 114
53 121
53 122
53 123
53 125
53 127
54 0
54 3
54 6
54 9
54 12
54 13
54 23
54 26
54 28
54 30
54 32
54 33
54 39
54 43
54 45
54 54
54 55
54 57
54 58
54 59
54 60
54 64
54 65
54 70
54 71
54 73
54 75
54 76
54 77
54 80
54 81
54 84
54 94
54 95
54 96
54 97
54 98
54 101
54 102
54 109
54 110
54 113
54 116
54 124
54 126
55 2
55 3
55 4
55 5
55 8
55 14
55 15
55 16
55 17
55 22
55 23
55 26
55 28
55 29
55 33
55 34
55 35
55 36
55 38
55 48
55 51
55 53
55 54
55 55
55 56
55 57
55 58
55 59
55 61
55 62
55 63
55 64
55 68
55 69
55 70
55 75
55 76
55 79
55 85
55 86
55 87
55 92
55 94
55 97
55 99
55 100
55 101
55 103
55 104
55 105
55 111
55 117
55 119
55 121
55 122
55 124
55 127
56 6
56 7
56 8
56 12
56 13
56 14
56 15
56 16
56 18
56 19
56 20
56 23
56 27
56 29
56 33
56 39
56 43
56 44
56 45
56 46
56 48
56 49
56 50
56 51
56 54
56 55
56 56
56 58
56 62
56 66
56 68
56 71
56 75
56 78
56 79
56 81
56 84
56 88
56 92
56 93
56 95
56 97
56 99
56 101
56 105
56 106
56 109
56 110
56 111
56 114
56 118
56 119
56 122
56 123
56 124
56 126
56 127
57 0
57 1
57 2
57 3
57 4
57 8
57 14
57 19
57 20
57 22
57 26
57 27
57 29
57 30
57 31
57 39
57 42
57 47
57 52
57 53
57 54
57 55
57 58
57 61
57 63
57 64
57 65
57 69
57 72
57 77
57 81
57 83
57 85
57 95
57 96
57 98
57 100
57 101
57 102
57 104
57 110
57 111
57 116
57 118
57 120
57 124
58 0
58 4
58 5
58 8
58 13
58 15
58 17
58 18
58 22
58 26
58 28
58 30
58 35
58 40
58 45
58 46
58 47
58 48
58 51
58 52
58 54
58 58
58 61
58 63
58 65
58 66
58 76
58 77
58 79
58 81
58 83
58 84
58 86
58 91
58 92
58 101
58 103
58 105
58 106
58 108
58 109
58 110
58 111
58 112
58 113
58 122
58 125
58 126
58 127
59 0
59 1
59 3
59 5
59 6
59 7
59 8
59 17
59 18
59 20
59 26
59 27
59 29
59 33
59 36
59 37
59 39
59 43
59 48
59 52
59 54
59 55
59 56
59 57
59 59
59 60
59 62
59 64
59 65
59 68
59 69
59 70
59 71
59 72
59 73
59 74
59 75
59 76
59 77
59 79
59 80
59 81
59 83
59 84
59 86
59 89
59 90
59 92
59 96
59 99
59 100
59 103
59 108
59 112
59 116
59 118
59 122
59 123
59 125
59 126
60 2
60 3
60 4
60 6
60 7
60 9
60 11
60 13
60 16
60 17
60 18
60 19
60 21
60 22
60 24
60 25
60 28
60 31
60 33
60 34
60 35
60 37
60 38
60 39
60 40
60 45
60 51
60 54
60 56
60 58
60 61
60 63
60 67
60 68
60 70
60 75
60 80
60 84
60 86
60 87
60 88
60 90
60 92
60 94
60 95
60 97
60 99
60 102
60 111
60 113
60 114
60 115
60 117
60 119
60 120
60 121
60 123
60 125
60 126
61 1
61 4
61 7
61 8
61 9
61 10
61 11
61 12
61 13
61 14
61 21
61 22
61 25
61 27
61 30
61 32
61 33
61 35
61 37
61 44
61 46
61 48
61 49
61 53
61 55
61 56
61 59
61 60
61 62
61 66
61 69
61 71
61 73
61 82
61 87
61 91
61 94
61 95
61 96
61 97
61 101
61 102
61 104
61 105
61 108
61 109
61 110
61 114
61 115
61 118
61 122
61 124
61 126
62 0
62 1
62 2
62 5
62 10
62 13
62 14
62 16
62 18
62 20
62 21
62 23
62 24
62 26
62 28
62 30
62 31
62 34
62 35
62 38
62 41
62 46
62 47
62 48
62 53
62 56
62 61
62 63
62 64
62 65
62 66
62 68
62 69
62 70
62 71
62 73
62 74
62 75
62 76
62 78
62 81
62 87
62 91
62 95
62 96
62 101
62 103
62 104
62 107
62 108
62 111
62 114
62 115
62 116
62 117
62 123
62 124
63 4
63 5
63 6
63 12
63 13
63 14
63 15
63 18
63 22
63 24
63 40
63 41
63 42
63 43
63 44
63 45
63 46
63 47
63 48
63 49
63 50
63 52
63 53
63 56
63 58
63 62
63 65
63 77
63 80
63 87
63 90
63 92
63 93
63 94
63 95
63 98
63 99
63 100
63 102
63 103
63 108
63 109
63 110
63 111
63 113
63 114
63 115
63 116
63 118
63 119
63 120
63 123
63 127
64 1
64 4
64 6
64 7
64 9
64 15
64 16
64 17
64 21
64 22
64 23
64 28
64 29
64 33
64 34
64 36
64 38
64 40
64 43
64 46
64 47
64 48
64 53
64 55
64 60
64 61
64 63
64 64
64 69
64 71
64 72
64 74
64 75
64 80
64 81
64 82
64 83
64 85
64 89
64 91
64 94
64 95
64 98
64 101
64 102
64 104
64 106
64 107
64 108
64 109
64 110
64 116
64 117
64 118
64 119
64 120
65 0
65 1
65 3
65 5
65 7
65 13
65 14
65 16
65 20
65 22
65 25
65 33
65 34
65 35
65 36
65 38
65 39
65 41
65 43
65 44
65 46
65 47
65 53
65 56
65 59
65 68
65 75
65 76
65 79
65 80
65 84
65 85
65 86
65 87
65 89
65 91
65 96
65 97
65 99
65 100
65 103
65 105
65 106
65 107
65 111
65 114
65 115
65 117
65 120
65 121
65 122
66 1
66 2
66 4
66 6
66 7
66 9
66 12
66 13
66 16
66 20
66 24
66 29
66 30
66 35
66 37
66 38
66 39
66 44
66 48
66 50
66 52
66 54
66 55
66 60
66 61
66 63
66 65
66 67
66 68
66 71
66 75
66 77
66 80
66 81
66 85
66 86
66 92
66 93
66 96
66 97
66 98
66 99
66 100
66 102
66 103
66 105
66 106
66 108
66 118
66 120
66 121
66 124
67 2
67 4
67 5
67 8
67 15
67 16
67 17
67 22
67 26
67 28
67 31
67 32
67 33
67 34
67 42
67 44
67 49
67 52
67 58
67 59
67 64
67 68
67 69
67 70
67 71
67 72
67 77
67 78
67 79
67 81
67 85
67 88
67 90
67 94
67 98
67 100
67 113
67 115
67 120
67 122
67 125
68 0
68 4
68 6
68 7
68 13
68 14
68 15
68 19
68 20
68 21
68 22
68 23
68 24
68 26
68 28
68 29
68 30
68 31
68 32
68 41
68 43
68 44
68 45
68 48
68 49
68 50
68 53
68 58
68 63
68 68
68 70
68 85
68 87
68 88
68 89
68 103
68 104
68 106
68 107
68 108
68 109
68 110
68 111
68 112
68 114
68 118
68 119
68 122
68 123
68 127
69 2
69 3
69 5
69 7
69 9
69 15
69 16
69 19
69 23
69 27
69 29
69 30
69 36
69 52
69 58
69 59
69 62
69 63
69 66
69 68
69 73
69 78
69 81
69 82
69 84
69 89
69 91
69 97
69 98
69 101
69 102
69 104
69 105
69 109
69 110
69 111
69 113
69 119
69 122
69 124
69 126
70 3
70 4
70 5
70 10
70 13
70 16
70 18
70 19
70 22
70 26
70 28
70 31
70 32
70 41
70 43
70 45
70 46
70 47
70 49
70 50
70 52
70 54
70 55
70 57
70 59
70 65
70 68
70 70
70 71
70 73
70 75
70 76
70 81
70 82
70 85
70 86
70 88
70 89
70 101
70 103
70 107
70 108
70 109
70 111
70 116
70 117
70 125
70 127
71 4
71 5
71 6
71 8
71 9
71 10
71 11
71 18
71 21
71 28
71 29
71 31
71 36
71 40
71 46
71 49
71 51
71 52
71 55
71 57
71 59
71 60
71 62
71 63
71 64
71 66
71 69
71 74
71 76
71 79
71 81
71 84
71 86
71 88
71 90
71 94
71 99
71 104
71 106
71 110
71 112
71 113
71 116
71 118
71 119
71 125
72 1
72 3
72 4
72 7
72 8
72 9
72 12
72 13
72 15
72 17
72 19
72 20
72 22
72 24
72 25
72 28
72 30
72 34
72 36
72 37
72 38
72 39
72 42
72 43
72 44
72 45
72 47
72 49
72 50
72 53
72 54
72 56
72 59
72 60
72 63
72 64
72 68
72 70
72 73
72 75
72 81
72 86
72 88
72 89
72 92
72 94
72 97
72 103
72 104
72 107
72 108
72 110
72 111
72 114
72 116
72 122
72 126
72 127
73 1
73 10
73 13
73 16
73 19
73 20
73 23
73 27
73 29
73 30
73 34
73 38
73 39
73 42
73 43
73 48
73 49
73 51
73 55
73 57
73 59
73 61
73 68
73 69
73 72
73 74
73 75
73 77
73 78
73 80
73 83
73 88
73 89
73 95
73 96
73 101
73 103
73 107
73 108
73 109
73 111
73 112
73 114
73 117
73 121
73 122
73 123
73 124
73 125
73 127
74 1
74 4
74 5
74 6
74 11
74 13
74 15
74 19
74 20
74 26
74 27
74 29
74 38
74 41
74 44
74 45
74 49
74 50
74 54
74 58
74 60
74 61
74 62
74 63
74 64
74 67
74 70
74 71
74 72
74 74
74 79
74 87
74 90
74 92
74 93
74 98
74 99
74 100
74 101
74 102
74 103
74 104
74 111
74 114
74 115
74 116
74 117
74 119
74 121
74 123
74 127
75 0
75 6
75 8
75 9
75 16
75 18
75 25
75 28
75 30
75 31
75 33
75 40
75 42
75 43
75 52
75 53
75 60
75 61
75 70
75 71
75 75
75 77
75 78
75 79
75 81
75 84
75 94
75 97
75 105
75 107
75 110
75 115
75 117
75 118
75 119
75 121
75 122
75 123
75 127
76 5
76 7
76 8
76 9
76 10
76 13
76 18
76 28
76 29
76 31
76 33
76 34
76 38
76 40
76 42
76 46
76 47
76 49
76 51
76 52
76 57
76 60
76 61
76 64
76 65
76 67
76 69
76 71
76 73
76 76
76 78
76 82
76 83
76 86
76 89
76 92
76 93
76 95
76 99
76 106
76 108
76 109
76 111
76 114
76 115
76 118
76 119
76 123
76 124
76 126
76 127
77 1
77 4
77 6
77 10
77 12
77 13
77 16
77 18
77 19
77 21
77 22
77 27
77 29
77 32
77 35
77 36
77 39
77 44
77 46
77 49
77 53
77 54
77 55
77 56
77 61
77 62
77 67
77 73
77 74
77 75
77 78
77 80
77 81
77 85
77 86
77 87
77 88
77 90
77 91
77 97
77 98
77 101
77 105
77 106
77 107
77 108
77 111
77 114
77 116
77 118
77 119
77 120
77 123
77 126
78 0
78 1
78 4
78 5
78 8
78 9
78 10
78 13
78 16
78 24
78 25
78 27
78 28
78 31
78 32
78 34
78 35
78 37
78 44
78 50
78 51
78 55
78 56
78 57
78 59
78 65
78 67
78 68
78 69
78 70
78 73
78 77
78 83
78 84
78 85
78 86
78 88
78 90
78 92
78 95
78 96
78 103
78 104
78 106
78 109
78 117
78 121
78 122
78 127
79 5
79 6
79 7
79 14
79 16
79 17
79 19
79 20
79 22
79 24
79 26
79 31
79 37
79 38
79 40
79 44
79 46
79 47
79 49
79 57
79 58
79 59
79 68
79 70
79 75
79 76
79 84
79 85
79 88
79 90
79 95
79 97
79 101
79 104
79 108
79 109
79 117
79 122
79 123
79 126
80 2
80 3
80 9
80 11
80 12
80 14
80 17
80 18
80 21
80 23
80 25
80 31
80 32
80 39
80 46
80 51
80 53
80 55
80 61
80 62
80 64
80 65
80 67
80 71
80 73
80 75
80 77
80 80
80 84
80 88
80 100
80 106
80 109
80 110
80 111
80 113
80 116
80 117
80 118
80 122
80 124
80 126
81 1
81 3
81 5
81 7
81 8
81 10
81 11
81 14
81 17
81 18
81 20
81 21
81 24
81 27
81 28
81 39
81 41
81 48
81 50
81 52
81 55
81 60
81 62
81 65
81 67
81 71
81 72
81 74
81 78
81 79
81 80
81 81
81 83
81 85
81 87
81 88
81 91
81 92
81 93
81 94
81 103
81 104
81 105
81 106
81 111
81 112
81 115
81 117
81 119
81 120
82 1
82 2
82 3
82 5
82 9
82 11
82 16
82 17
82 18
82 21
82 23
82 27
82 36
82 40
82 43
82 44
82 50
82 56
82 58
82 60
82 62
82 64
82 69
82 72
82 73
82 74
82 77
82 78
82 79
82 80
82 81
82 85
82 86
82 87
82 88
82 93
82 95
82 97
82 107
82 108
82 113
82 114
82 116
82 117
82 121
82 124
82 127
83 0
83 2
83 6
83 9
83 13
83 19
83 20
83 25
83 27
83 35
83 37
83 39
83 40
83 43
83 47
83 48
83 49
83 53
83 59
83 61
83 62
83 63
83 67
83 72
83 74
83 77
83 79
83 81
83 92
83 93
83 96
83 101
83 105
83 108
83 110
83 113
83 118
83 119
83 122
84 0
84 4
84 7
84 15
84 16
84 18
84 19
84 20
84 22
84 24
84 31
84 32
84 33
84 36
84 43
84 44
84 48
84 51
84 52
84 58
84 61
84 62
84 63
84 67
84 68
84 69
84 70
84 73
84 76
84 79
84 80
84 81
84 83
84 86
84 87
84 88
84 90
84 91
84 92
84 93
84 94
84 99
84 103
84 104
84 105
84 106
84 113
84 114
84 115
84 117
84 118
84 120
84 122
84 124
84 125
84 126
84 127
85 0
85 2
85 3
85 4
85 5
85 7
85 9
85 16
85 17
85 19
85 23
85 24
85 28
85 29
85 31
85 32
85 33
85 34
85 35
85 37
85 40
85 41
85 42
85 43
85 44
85 52
85 63
85 64
85 68
85 70
85 72
85 77
85 79
85 80
85 84
85 85
85 86
85 87
85 90
85 102
85 103
85 109
85 110
85 112
85 113
85 117
85 120
85 123
85 126
85 127
86 0
86 2
86 3
86 7
86 13
86 14
86 16
86 19
86 21
86 23
86 24
86 29
86 31
86 32
86 36
86 37
86 38
86 39
86 43
86 44
86 46
86 48
86 51
86 55
86 57
86 59
86 61
86 64
86 68
86 69
86 72
86 74
86 77
86 80
86 81
86 85
86 86
86 87
86 89
86 91
86 95
86 96
86 100
86 102
86 104
86 105
86 112
86 115
86 116
86 118
86 120
86 123
86 124
86 125
87 0
87 1
87 2
87 8
87 9
87 14
87 15
87 16
87 19
87 23
87 29
87 31
87 34
87 35
87 37
87 39
87 40
87 42
87 43
87 47
87 48
87 49
87 51
87 52
87 54
87 56
87 62
87 63
87 64
87 72
87 74
87 79
87 83
87 84
87 87
87 88
87 92
87 94
87 96
87 103
87 104
87 105
87 110
87 111
87 113
87 118
87 120
87 123
88 2
88 3
88 7
88 9
88 10
88 12
88 13
88 15
88 16
88 18
88 21
88 24
88 25
88 29
88 30
88 33
88 34
88 36
88 37
88 38
88 41
88 43
88 49
88 50
88 51
88 52
88 53
88 54
88 57
88 58
88 60
88 61
88 63
88 64
88 66
88 69
88 72
88 73
88 74
88 80
88 82
88 84
88 85
88 87
88 89
88 94
88 97
88 98
88 99
88 100
88 101
88 102
88 112
88 113
88 116
88 117
88 118
88 120
88 123
88 125
88 126
89 2
89 4
89 6
89 7
89 11
89 12
89 14
89 18
89 26
89 27
89 28
89 31
89 34
89 35
89 37
89 41
89 42
89 44
89 47
89 48
89 57
89 59
89 61
89 63
89 64
89 65
89 66
89 68
89 70
89 71
89 72
89 75
89 77
89 78
89 79
89 83
89 85
89 87
89 90
89 93
89 94
89 96
89 97
89 100
89 101
89 104
89 108
89 110
89 113
89 115
89 116
89 118
89 120
89 121
89 122
90 0
90 5
90 6
90 7
90 12
90 17
90 19
90 22
90 27
90 29
90 33
90 34
90 40
90 41
90 42
90 44
90 46
90 47
90 49
90 53
90 54
90 58
90 60
90 61
90 63
90 64
90 65
90 69
90 72
90 75
90 79
90 80
90 81
90 82
90 83
90 85
90 86
90 88
90 96
90 97
90 100
90 102
90 103
90 104
90 108
90 109
90 111
90 112
90 114
90 117
90 119
90 121
90 123
90 126
90 127
91 1
91 3
91 8
91 9
91 13
91 14
91 16
91 19
91 20
91 24
91 26
91 27
91 28
91 31
91 35
91 39
91 41
91 44
91 45
91 47
91 65
91 66
91 68
91 70
91 71
91 77
91 79
91 82
91 89
91 95
91 105
91 106
91 108
91 109
91 111
91 112
91 113
91 115
91 117
91 118
91 122
91 124
91 125
91 126
92 5
92 9
92 10
92 11
92 12
92 16
92 17
92 18
92 19
92 24
92 27
92 28
92 29
92 30
92 33
92 35
92 37
92 40
92 41
92 48
92 51
92 52
92 59
92 63
92 65
92 67
92 68
92 69
92 72
92 75
92 76
92 78
92 85
92 88
92 92
92 93
92 96
92 97
92 98
92 100
92 103
92 106
92 107
92 108
92 110
92 111
92 120
92 121
93 3
93 8
93 9
93 12
93 14
93 17
93 18
93 21
93 23
93 25
93 28
93 32
93 37
93 39
93 41
93 43
93 44
93 45
93 47
93 50
93 53
93 54
93 56
93 57
93 58
93 61
93 63
93 67
93 68
93 76
93 79
93 80
93 82
93 85
93 86
93 94
93 96
93 101
93 103
93 104
93 106
93 107
93 109
93 111
93 113
93 119
93 120
93 124
93 125
93 126
94 0
94 1
94 3
94 6
94 8
94 15
94 21
94 22
94 25
94 27
94 28
94 29
94 31
94 34
94 36
94 37
94 39
94 40
94 41
94 45
94 46
94 47
94 48
94 52
94 53
94 54
94 55
94 58
94 60
94 61
94 62
94 64
94 71
94 72
94 75
94 76
94 80
94 83
94 85
94 86
94 87
94 88
94 98
94 99
94 100
94 105
94 106
94 109
94 112
94 114
94 116
94 118
94 119
94 124
94 125
94 127
95 0
95 1
95 4
95 6
95 10
95 11
95 12
95 13
95 14
95 15
95 16
95 19
95 21
95 22
95 32
95 33
95 41
95 47
95 48
95 49
95 50
95 51
95 52
95 54
95 55
95 56
95 57
95 59
95 60
95 66
95 68
95 70
95 71
95 75
95 76
95 79
95 80
95 83
95 84
95 92
95 93
95 98
95 101
95 104
95 107
95 111
95 114
95 118
95 120
95 121
95 123
95 126
95 127
96 5
96 6
96 8
96 9
96 11
96 27
96 30
96 31
96 32
96 36
96 39
96 46
96 48
96 50
96 53
96 54
96 55
96 59
96 64
96 65
96 67
96 71
96 72
96 83
96 90
96 96
96 98
96 101
96 103
96 104
96 107
96 112
96 116
96 117
96 119
96 123
97 1
97 7
97 9
97 11
97 14
97 16
97 17
97 18
97 21
97 22
97 26
97 29
97 31
97 36
97 37
97 39
97 40
97 43
97 44
97 45
97 46
97 48
97 50
97 52
97 53
97 54
97 56
97 57
97 62
97 63
97 64
97 65
97 70
97 75
97 78
97 80
97 90
97 92
97 94
97 95
97 97
97 101
97 103
97 104
97 106
97 109
97 114
97 119
97 122
97 124
98 4
98 16
98 17
98 18
98 19
98 20
98 22
98 23
98 25
98 28
98 31
98 39
98 41
98 43
98 45
98 46
98 48
98 51
98 53
98 56
98 57
98 59
98 61
98 63
98 68
98 70
98 74
98 75
98 76
98 78
98 80
98 83
98 84
98 86
98 87
98 88
98 89
98 90
98 91
98 94
98 95
98 98
98 99
98 103
98 105
98 106
98 114
98 115
98 116
98 117
98 121
99 0
99 1
99 2
99 4
99 9
99 10
99 11
99 12
99 13
99 22
99 25
99 28
99 31
99 33
99 34
99 35
99 42
99 59
99 60
99 63
99 64
99 67
99 72
99 77
99 81
99 82
99 85
99 86
99 87
99 90
99 94
99 95
99 98
99 101
99 103
99 105
99 106
99 107
99 110
99 112
99 114
99 115
99 116
99 124
99 125
99 127
100 0
100 1
100 3
100 6
100 9
100 10
100 11
100 13
100 14
100 20
100 22
100 26
100 29
100 32
100 36
100 38
100 41
100 42
100 43
100 46
100 52
100 58
100 59
100 62
100 64
100 65
100 67
100 69
100 70
100 74
100 75
100 76
100 77
100 79
100 80
100 83
100 84
100 85
100 86
100 88
100 90
100 93
100 95
100 96
100 98
100 100
100 102
100 107
100 108
100 112
100 113
100 115
100 121
100 122
100 127
101 0
101 1
101 4
101 7
101 9
101 13
101 14
101 16
101 20
101 21
101 22
101 23
101 25
101 27
101 29
101 31
101 32
101 34
101 36
101 38
101 40
101 45
101 47
101 53
101 55
101 57
101 60
101 61
101 62
101 63
101 64
101 65
101 67
101 69
101 70
101 74
101 78
101 79
101 81
101 84
101 85
101 88
101 92
101 94
101 96
101 98
101 105
101 107
101 115
101 116
101 117
101 119
101 121
101 127
102 1
102 3
102 7
102 10
102 11
102 13
102 17
102 20
102 21
102 25
102 26
102 27
102 28
102 31
102 33
102 34
102 37
102 39
102 40
102 41
102 42
102 44
102 48
102 51
102 52
102 54
102 55
102 56
102 57
102 59
102 60
102 63
102 66
102 67
102 70
102 72
102 73
102 74
102 77
102 79
102 80
102 81
102 85
102 86
102 87
102 89
102 92
102 93
102 94
102 98
102 101
102 104
102 105
102 114
102 117
102 118
102 119
102 120
102 122
102 123
102 124
103 4
103 5
103 6
103 10
103 11
103 13
103 14
103 15
103 20
103 22
103 25
103 30
103 31
103 33
103 34
103 41
103 44
103 45
103 48
103 51
103 53
103 54
103 57
103 62
103 66
103 68
103 70
103 73
103 79
103 80
103 83
103 88
103 89
103 91
103 92
103 93
103 94
103 96
103 98
103 101
103 104
103 106
103 108
103 110
103 111
103 114
103 115
103 117
103 118
103 120
103 121
103 123
103 126
104 0
104 1
104 2
104 5
104 6
104 8
104 10
104 12
104 14
104 16
104 17
104 18
104 20
104 22
104 23
104 25
104 26
104 28
104 29
104 32
104 33
104 37
104 38
104 39
104 41
104 56
104 59
104 60
104 61
104 62
104 67
104 68
104 70
104 71
104 72
104 73
104 74
104 78
104 81
104 83
104 85
104 86
104 87
104 89
104 92
104 93
104 95
104 101
104 103
104 106
104 107
104 111
104 119
104 122
104 125
105 3
105 4
105 5
105 6
105 7
105 9
105 10
105 14
105 23
105 25
105 33
105 37
105 39
105 40
105 41
105 46
105 47
105 49
105 54
105 56
105 57
105 61
105 62
105 63
105 70
105 80
105 81
105 82
105 83
105 91
105 94
105 96
105 97
105 102
105 105
105 106
105 107
105 110
105 112
105 113
105 114
105 115
105 117
105 121
105 122
106 2
106 4
106 14
106 15
106 16
106 19
106 22
106 27
106 30
106 33
106 34
106 36
106 39
106 40
106 41
106 45
106 47
106 48
106 50
106 59
106 61
106 66
106 67
106 69
106 74
106 75
106 76
106 77
106 86
106 87
106 88
106 89
106 90
106 91
106 92
106 95
106 96
106 97
106 102
106 103
106 104
106 105
106 106
106 109
106 113
106 114
106 117
106 119
106 120
106 125
107 0
107 1
107 4
107 7
107 12
107 14
107 17
107 18
107 20
107 21
107 23
107 25
107 28
107 30
107 31
107 36
107 37
107 39
107 40
107 41
107 42
107 43
107 47
107 51
107 52
107 53
107 56
107 61
107 63
107 65
107 69
107 71
107 73
107 75
107 78
107 79
107 80
107 83
107 84
107 85
107 87
107 88
107 89
107 92
107 93
107 94
107 97
107 98
107 100
107 103
107 104
107 105
107 110
107 111
107 113
107 115
107 118
107 121
107 125
107 126
107 127
108 3
108 7
108 10
108 11
108 18
108 20
108 22
108 23
108 24
108 26
108 27
108 28
108 31
108 32
108 34
108 38
108 39
108 54
108 56
108 58
108 59
108 60
108 61
108 63
108 67
108 68
108 72
108 73
108 78
108 79
108 81
108 82
108 83
108 90
108 91
108 93
108 94
108 97
108 100
108 102
108 104
108 110
108 112
108 119
108 120
108 121
108 122
108 124
108 126
108 127
109 0
109 5
109 10
109 11
109 13
109 14
109 17
109 19
109 20
109 22
109 23
109 27
109 28
109 31
109 32
109 34
109 36
109 37
109 41
109 42
109 45
109 46
109 50
109 57
109 58
109 59
109 61
109 64
109 68
109 69
109 70
109 72
109 74
109 82
109 85
109 91
109 93
109 98
109 100
109 103
109 108
109 110
109 111
109 112
109 117
109 118
109 120
109 124
110 0
110 1
110 2
110 3
110 5
110 6
110 7
110 9
110 10
110 12
110 13
110 15
110 16
110 19
110 21
110 22
110 26
110 27
110 32
110 33
110 35
110 36
110 37
110 42
110 43
110 49
110 50
110 56
110 59
110 67
110 68
110 70
110 71
110 72
110 73
110 74
110 75
110 81
110 84
110 89
110 90
110 92
110 93
110 97
110 104
110 106
110 108
110 109
110 110
110 111
110 112
110 113
110 118
110 121
110 124
110 125
110 126
110 127
111 0
111 1
111 3
111 6
111 7
111 11
111 12
111 13
111 14
111 16
111 24
111 25
111 26
111 29
111 33
111 34
111 37
111 38
111 41
111 42
111 45
111 51
111 53
111 54
111 55
111 57
111 59
111 61
111 64
111 65
111 66
111 67
111 68
111 69
111 78
111 82
111 85
111 89
111 93
111 95
111 99
111 100
111 102
111 110
111 112
111 119
111 121
111 124
111 127
112 4
112 5
112 6
112 8
112 9
112 14
112 15
112 19
112 23
112 24
112 25
112 29
112 35
112 36
112 44
112 45
112 46
112 47
112 48
112 49
112 54
112 60
112 64
112 65
112 67
112 68
112 69
112 75
112 76
112 79
112 81
112 85
112 90
112 91
112 92
112 93
112 96
112 97
112 98
112 99
112 100
112 101
112 102
112 112
112 115
112 116
112 123
112 124
112 125
113 1
113 2
113 5
113 8
113 9
113 10
113 12
113 14
113 15
113 16
113 20
113 21
113 23
113 24
113 29
113 32
113 33
113 34
113 37
113 40
113 41
113 46
113 47
113 51
113 54
113 58
113 59
113 61
113 66
113 67
113 73
113 76
113 77
113 80
113 81
113 82
113 84
113 85
113 87
113 89
113 93
113 97
113 99
113 100
113 101
113 103
113 105
113 109
113 112
113 119
113 120
113 121
113 122
113 124
113 125
113 127
114 0
114 2
114 5
114 6
114 8
114 10
114 12
114 13
114 16
114 17
114 19
114 26
114 28
114 29
114 31
114 34
114 37
114 40
114 41
114 44
114 46
114 49
114 50
114 52
114 58
114 62
114 64
114 67
114 68
114 72
114 76
114 77
114 78
114 79
114 81
114 84
114 85
114 88
114 89
114 95
114 98
114 99
114 101
114 103
114 108
114 109
114 110
114 113
114 114
114 117
114 118
114 119
114 121
114 123
115 8
115 9
115 10
115 11
115 12
115 17
115 18
115 21
115 24
115 25
115 26
115 27
115 31
115 39
115 46
115 48
115 51
115 58
115 61
115 62
115 65
115 66
115 67
115 69
115 70
115 71
115 72
115 73
115 74
115 80
115 81
115 83
115 91
115 92
115 98
115 99
115 100
115 102
115 108
115 113
115 120
115 121
115 122
115 123
115 124
115 125
116 3
116 6
116 7
116 8
116 12
116 21
116 23
116 24
116 26
116 27
116 28
116 31
116 37
116 38
116 39
116 40
116 42
116 49
116 50
116 51
116 53
116 54
116 55
116 65
116 67
116 70
116 77
116 79
116 80
116 81
116 83
116 84
116 90
116 95
116 99
116 102
116 109
116 110
116 111
116 114
116 117
116 119
116 121
116 122
117 1
117 2
117 7
117 9
117 11
117 12
117 13
117 18
117 19
117 22
117 23
117 24
117 25
117 26
117 29
117 40
117 41
117 44
117 49
117 50
117 51
117 52
117 54
117 57
117 59
117 60
117 62
117 66
117 67
117 70
117 71
117 73
117 77
117 80
117 81
117 85
117 87
117 91
117 92
117 94
117 97
117 100
117 102
117 104
117 107
117 111
117 112
117 114
117 116
117 117
117 123
117 124
117 125
117 126
117 127
118 1
118 2
118 4
118 9
118 10
118 14
118 16
118 19
118 22
118 24
118 31
118 32
118 34
118 36
118 37
118 39
118 42
118 43
118 44
118 47
118 48
118 50
118 51
118 52
118 54
118 57
118 59
118 60
118 61
118 63
118 64
118 70
118 75
118 78
118 82
118 93
118 97
118 98
118 99
118 111
118 112
118 113
118 114
118 115
118 117
118 118
118 119
118 120
118 125
118 126
118 127
119 1
119 4
119 6
119 8
119 11
119 13
119 15
119 17
119 18
119 21
119 22
119 24
119 25
119 28
119 29
119 33
119 39
119 40
119 41
119 43
119 46
119 47
119 48
119 49
119 50
119 53
119 54
119 56
119 58
119 60
119 66
119 68
119 70
119 71
119 74
119 75
119 78
119 79
119 83
119 84
119 88
119 92
119 93
119 95
119 99
119 101
119 102
119 105
119 111
119 116
119 121
119 123
119 124
119 125
119 126
120 1
120 2
120 5
120 8
120 11
120 13
120 17
120 22
120 25
120 27
120 33
120 34
120 40
120 42
120 46
120 47
120 51
120 54
120 56
120 57
120 59
120 63
120 69
120 71
120 72
120 76
120 78
120 80
120 81
120 82
120 84
120 86
120 88
120 89
120 91
120 94
120 95
120 97
120 98
120 105
120 112
120 115
120 118
120 119
121 5
121 6
121 7
121 9
121 13
121 14
121 24
121 25
121 30
121 32
121 33
121 37
121 38
121 39
121 41
121 44
121 45
121 46
121 47
121 55
121 58
121 59
121 62
121 65
121 66
121 69
121 72
121 74
121 75
121 77
121 78
121 86
121 89
121 92
121 93
121 94
121 96
121 103
121 106
121 107
121 112
121 115
121 116
121 117
121 120
121 122
121 126
122 3
122 4
122 5
122 6
122 7
122 8
122 11
122 12
122 14
122 15
122 21
122 23
122 24
122 25
122 28
122 35
122 36
122 40
122 43
122 47
122 51
122 52
122 54
122 55
122 58
122 61
122 66
122 69
122 71
122 74
122 78
122 79
122 81
122 82
122 83
122 86
122 91
122 92
122 94
122 95
122 97
122 98
122 99
122 102
122 103
122 105
122 108
122 110
122 111
122 114
122 115
122 117
122 118
122 119
122 122
122 127
123 0
123 1
123 9
123 12
123 15
123 19
123 20
123 25
123 28
123 30
123 34
123 35
123 37
123 38
123 45
123 48
123 51
123 53
123 54
123 55
123 58
123 67
123 68
123 69
123 71
123 74
123 77
123 78
123 79
123 81
123 83
123 85
123 86
123 89
123 91
123 92
123 94
123 96
123 98
123 100
123 102
123 105
123 111
123 115
123 116
123 118
123 119
123 123
124 0
124 4
124 5
124 6
124 8
124 10
124 11
124 12
124 15
124 16
124 18
124 29
124 30
124 31
124 33
124 34
124 35
124 37
124 43
124 49
124 50
124 52
124 55
124 57
124 58
124 62
124 63
124 64
124 68
124 69
124 70
124 72
124 73
124 74
124 77
124 84
124 87
124 90
124 91
124 95
124 98
124 104
124 112
124 114
124 117
124 120
124 127
125 4
125 8
125 9
125 10
125 11
125 13
125 19
125 21
125 22
125 23
125 25
125 37
125 40
125 42
125 43
125 44
125 45
125 47
125 48
125 49
125 50
125 54
125 57
125 59
125 60
125 65
125 66
125 68
125 70
125 74
125 78
125 79
125 82
125 86
125 87
125 88
125 90
125 92
125 93
125 99
125 102
125 104
125 110
125 111
125 118
125 119
125 120
125 121
125 122
125 123
125 124
126 1
126 7
126 8
126 10
126 11
126 13
126 17
126 22
126 23
126 25
126 26
126 27
126 29
126 32
126 33
126 36
126 37
126 43
126 46
126 51
126 53
126 55
126 56
126 58
126 60
126 61
126 62
126 70
126 73
126 75
126 76
126 80
126 81
126 83
126 91
126 93
126 95
126 96
126 98
126 102
126 107
126 109
126 111
126 116
126 121
127 4
127 5
127 6
127 7
127 8
127 9
127 10
127 14
127 15
127 19
127 20
127 21
127 22
127 23
127 25
127 26
127 27
127 28
127 30
127 31
127 32
127 33
127 36
127 37
127 40
127 46
127 47
127 51
127 52
127 53
127 57
127 59
127 63
127 64
127 67
127 69
127 74
127 75
127 76
127 77
127 79
127 81
127 82
127 83
127 87
127 94
127 96
127 98
127 102
127 104
127 106
127 109
127 112
127 113
127 115
127 118
127 120
127 122
127 123
127 127
