0 2
0 4
0 5
0 6
0 7
0 9
0 10
0 11
0 12
0 14
0 15
0 16
0 19
0 21
0 22
0 23
0 25
0 26
0 28
0 29
0 31
0 32
0 33
0 34
0 35
0 36
0 37
0 39
0 47
0 48
0 49
0 50
0 51
0 54
0 56
0 59
0 60
0 61
0 62
0 65
0 66
0 67
0 69
0 72
0 73
0 75
0 77
0 78
0 79
0 80
0 81
0 82
0 86
0 87
0 88
0 89
0 90
0 92
0 94
0 95
0 99
0 100
0 101
0 102
0 103
0 106
0 109
0 110
0 116
0 119
0 122
0 123
0 125
0 127
1 1
1 8
1 9
1 11
1 12
1 14
1 16
1 17
1 21
1 24
1 25
1 27
1 30
1 33
1 34
1 35
1 37
1 39
1 41
1 43
1 44
1 45
1 46
1 50
1 51
1 52
1 57
1 58
1 59
1 65
1 66
1 67
1 68
1 69
1 71
1 72
1 75
1 76
1 77
1 78
1 80
1 83
1 84
1 85
1 90
1 92
1 93
1 94
1 95
1 96
1 98
1 99
1 103
1 104
1 106
1 110
1 112
1 113
1 117
1 119
1 120
1 121
1 123
1 125
1 126
2 0
2 3
2 4
2 7
2 10
2 11
2 12
2 14
2 17
2 21
2 22
2 25
2 30
2 33
2 34
2 35
2 38
2 39
2 40
2 42
2 44
2 48
2 49
2 52
2 55
2 56
2 57
2 58
2 60
2 61
2 64
2 65
2 67
2 69
2 70
2 72
2 73
2 74
2 78
2 79
2 81
2 82
2 86
2 89
2 90
2 92
2 93
2 95
2 100
2 104
2 105
2 106
2 107
2 112
2 117
2 119
2 120
2 122
2 123
2 124
2 127
3 0
3 3
3 5
3 7
3 10
3 14
3 15
3 18
3 19
3 25
3 27
3 28
3 30
3 31
3 32
3 39
3 41
3 42
3 43
3 44
3 45
3 50
3 54
3 58
3 61
3 62
3 64
3 65
3 66
3 67
3 69
3 71
3 77
3 80
3 83
3 84
3 85
3 86
3 87
3 88
3 89
3 91
3 92
3 96
3 98
3 99
3 101
3 108
3 110
3 113
3 115
3 116
3 117
3 118
3 121
3 123
3 124
3 125
4 0
4 4
4 5
4 6
4 7
4 9
4 10
4 11
4 12
4 19
4 21
4 22
4 23
4 24
4 25
4 26
4 30
4 31
4 32
4 35
4 42
4 43
4 44
4 45
4 48
4 51
4 52
4 54
4 55
4 59
4 60
4 61
4 62
4 64
4 68
4 73
4 74
4 75
4 76
4 77
4 81
4 92
4 93
4 94
4 95
4 100
4 101
4 102
4 104
4 106
4 107
4 108
4 110
4 111
4 112
4 113
4 116
4 117
4 118
4 119
4 121
4 122
4 123
4 124
4 125
4 126
4 127
5 5
5 6
5 9
5 11
5 13
5 20
5 22
5 23
5 25
5 26
5 33
5 34
5 35
5 38
5 40
5 43
5 49
5 50
5 51
5 53
5 54
5 56
5 57
5 58
5 60
5 62
5 64
5 65
5 67
5 69
5 70
5 72
5 73
5 74
5 77
5 79
5 80
5 81
5 82
5 83
5 85
5 90
5 91
5 99
5 100
5 104
5 106
5 107
5 108
5 110
5 111
5 115
5 116
5 120
5 125
5 126
6 1
6 3
6 5
6 12
6 13
6 14
6 17
6 18
6 19
6 20
6 21
6 23
6 25
6 28
6 31
6 32
6 34
6 35
6 36
6 38
6 40
6 43
6 45
6 48
6 49
6 50
6 51
6 53
6 55
6 57
6 58
6 59
6 61
6 63
6 64
6 66
6 69
6 71
6 73
6 77
6 80
6 81
6 83
6 85
6 87
6 88
6 91
6 92
6 93
6 96
6 99
6 104
6 106
6 107
6 109
6 112
6 113
6 114
6 115
6 116
6 117
6 118
6 121
6 123
6 124
7 1
7 4
7 5
7 10
7 11
7 13
7 15
7 16
7 17
7 20
7 22
7 23
7 24
7 25
7 26
7 30
7 31
7 32
7 33
7 35
7 36
7 40
7 42
7 43
7 44
7 46
7 47
7 49
7 50
7 52
7 55
7 57
7 58
7 60
7 62
7 64
7 65
7 67
7 69
7 70
7 71
7 77
7 79
7 81
7 83
7 87
7 89
7 91
7 93
7 95
7 96
7 97
7 98
7 99
7 100
7 102
7 105
7 109
7 110
7 112
7 113
7 115
7 117
7 118
7 119
7 121
7 122
7 124
7 126
7 127
8 2
8 6
8 8
8 12
8 13
8 14
8 25
8 27
8 29
8 30
8 31
8 32
8 33
8 34
8 37
8 38
8 39
8 41
8 42
8 43
8 45
8 47
8 48
8 50
8 52
8 53
8 54
8 56
8 57
8 58
8 59
8 60
8 61
8 62
8 63
8 67
8 69
8 71
8 72
8 76
8 77
8 78
8 81
8 83
8 85
8 89
8 95
8 96
8 97
8 98
8 99
8 101
8 102
8 107
8 110
8 113
8 116
8 118
8 119
8 120
8 122
8 123
8 125
9 1
9 3
9 4
9 5
9 7
9 8
9 9
9 10
9 14
9 15
9 16
9 18
9 20
9 22
9 23
9 24
9 25
9 27
9 29
9 32
9 34
9 35
9 36
9 40
9 42
9 43
9 45
9 46
9 49
9 50
9 52
9 53
9 54
9 57
9 58
9 60
9 61
9 63
9 65
9 69
9 70
9 74
9 75
9 77
9 78
9 79
9 80
9 81
9 84
9 86
9 88
9 89
9 90
9 91
9 92
9 94
9 99
9 100
9 102
9 103
9 104
9 105
9 110
9 113
9 114
9 116
9 120
9 121
10 0
10 1
10 2
10 5
10 6
10 7
10 8
10 9
10 10
10 11
10 12
10 16
10 17
10 19
10 20
10 22
10 23
10 31
10 33
10 34
10 36
10 37
10 41
10 43
10 45
10 47
10 48
10 49
10 50
10 51
10 52
10 53
10 54
10 58
10 59
10 63
10 66
10 67
10 69
10 70
10 75
10 78
10 79
10 81
10 82
10 83
10 85
10 86
10 87
10 88
10 91
10 92
10 93
10 95
10 97
10 98
10 100
10 101
10 109
10 110
10 113
10 114
10 116
10 119
10 121
10 122
10 123
10 124
10 125
10 127
11 0
11 1
11 2
11 3
11 4
11 6
11 8
11 9
11 11
11 12
11 17
11 18
11 19
11 21
11 22
11 23
11 25
11 27
11 31
11 34
11 37
11 38
11 40
11 41
11 43
11 44
11 49
11 53
11 55
11 60
11 62
11 63
11 65
11 66
11 69
11 71
11 76
11 77
11 78
11 81
11 82
11 83
11 87
11 88
11 89
11 90
11 92
11 93
11 96
11 97
11 100
11 102
11 103
11 109
11 110
11 111
11 112
11 114
11 115
11 117
11 119
11 121
11 122
11 123
11 124
11 125
11 126
11 127
12 1
12 2
12 3
12 5
12 6
12 7
12 9
12 11
12 14
12 15
12 16
12 19
12 20
12 21
12 22
12 23
12 24
12 27
12 28
12 30
12 32
12 33
12 34
12 35
12 36
12 38
12 39
12 41
12 42
12 43
12 47
12 48
12 50
12 51
12 53
12 56
12 59
12 60
12 62
12 65
12 69
12 70
12 72
12 74
12 75
12 78
12 79
12 81
12 82
12 83
12 84
12 85
12 94
12 95
12 98
12 99
12 101
12 106
12 107
12 108
12 110
12 111
12 113
12 114
12 119
12 120
12 123
12 124
13 0
13 1
13 2
13 3
13 4
13 6
13 8
13 9
13 10
13 11
13 12
13 16
13 18
13 20
13 25
13 27
13 28
13 30
13 31
13 32
13 33
13 35
13 36
13 37
13 38
13 39
13 44
13 48
13 50
13 52
13 54
13 60
13 62
13 64
13 65
13 66
13 67
13 70
13 71
13 72
13 73
13 74
13 77
13 80
13 81
13 82
13 84
13 85
13 88
13 90
13 92
13 100
13 104
13 105
13 107
13 110
13 112
13 114
13 115
13 117
13 119
13 120
13 121
13 125
13 126
14 1
14 2
14 4
14 5
14 7
14 9
14 10
14 11
14 12
14 13
14 14
14 17
14 18
14 19
14 20
14 21
14 24
14 28
14 29
14 30
14 31
14 36
14 37
14 39
14 41
14 42
14 44
14 47
14 48
14 54
14 58
14 61
14 62
14 63
14 66
14 67
14 70
14 71
14 72
14 74
14 76
14 77
14 79
14 80
14 81
14 82
14 84
14 85
14 86
14 87
14 89
14 92
14 98
14 99
14 102
14 104
14 105
14 106
14 109
14 110
14 111
14 113
14 121
14 122
14 123
14 125
14 126
15 0
15 5
15 7
15 13
15 14
15 15
15 18
15 19
15 20
15 27
15 29
15 31
15 32
15 34
15 36
15 39
15 43
15 44
15 46
15 50
15 53
15 54
15 55
15 57
15 58
15 59
15 63
15 64
15 65
15 66
15 68
15 69
15 71
15 72
15 73
15 75
15 77
15 79
15 81
15 85
15 86
15 87
15 88
15 90
15 92
15 95
15 98
15 101
15 103
15 104
15 106
15 107
15 108
15 109
15 110
15 112
15 113
15 115
15 117
15 118
15 119
15 120
15 121
15 124
15 125
15 127
16 1
16 4
16 5
16 7
16 13
16 14
16 15
16 16
16 17
16 20
16 23
16 27
16 29
16 30
16 31
16 32
16 35
16 36
16 38
16 39
16 40
16 42
16 45
16 46
16 48
16 51
16 52
16 55
16 57
16 58
16 59
16 60
16 62
16 64
16 65
16 66
16 69
16 72
16 73
16 74
16 75
16 76
16 77
16 78
16 79
16 82
16 83
16 84
16 85
16 88
16 89
16 91
16 92
16 93
16 95
16 96
16 97
16 98
16 99
16 100
16 101
16 104
16 105
16 112
16 115
16 116
16 119
16 120
16 121
16 123
17 5
17 8
17 9
17 11
17 12
17 15
17 16
17 18
17 19
17 22
17 27
17 28
17 29
17 30
17 34
17 36
17 38
17 39
17 42
17 46
17 47
17 48
17 49
17 50
17 51
17 52
17 54
17 56
17 59
17 60
17 61
17 63
17 66
17 67
17 68
17 73
17 74
17 77
17 80
17 82
17 83
17 85
17 87
17 88
17 94
17 97
17 98
17 103
17 105
17 106
17 107
17 112
17 113
17 114
17 115
17 116
17 119
17 120
17 122
17 125
17 127
18 1
18 4
18 7
18 10
18 11
18 12
18 13
18 16
18 17
18 19
18 20
18 26
18 28
18 29
18 31
18 33
18 36
18 40
18 43
18 51
18 52
18 53
18 55
18 58
18 60
18 62
18 63
18 64
18 65
18 66
18 68
18 69
18 70
18 72
18 73
18 74
18 76
18 82
18 83
18 84
18 87
18 88
18 89
18 92
18 93
18 95
18 97
18 102
18 103
18 104
18 107
18 108
18 112
18 113
18 114
18 116
18 120
18 122
18 124
18 126
19 1
19 7
19 15
19 16
19 17
19 19
19 21
19 22
19 24
19 25
19 27
19 28
19 30
19 33
19 34
19 35
19 36
19 37
19 41
19 42
19 48
19 49
19 50
19 52
19 53
19 56
19 59
19 61
19 63
19 65
19 66
19 67
19 70
19 71
19 77
19 78
19 80
19 81
19 82
19 83
19 84
19 85
19 86
19 88
19 89
19 90
19 91
19 94
19 95
19 97
19 98
19 99
19 100
19 101
19 103
19 105
19 107
19 113
19 114
19 116
19 120
19 121
19 122
19 124
19 125
19 126
20 1
20 2
20 5
20 7
20 9
20 11
20 12
20 13
20 16
20 17
20 23
20 24
20 27
20 28
20 30
20 31
20 32
20 33
20 36
20 38
20 39
20 43
20 49
20 50
20 52
20 53
20 56
20 59
20 60
20 61
20 62
20 65
20 66
20 68
20 70
20 73
20 74
20 75
20 76
20 77
20 81
20 82
20 84
20 85
20 86
20 87
20 88
20 90
20 91
20 95
20 96
20 98
20 100
20 101
20 102
20 104
20 106
20 107
20 108
20 110
20 112
20 116
20 119
20 123
20 124
20 126
20 127
21 0
21 2
21 3
21 4
21 5
21 7
21 11
21 12
21 14
21 15
21 17
21 19
21 20
21 21
21 27
21 28
21 30
21 34
21 36
21 39
21 42
21 43
21 44
21 45
21 49
21 50
21 51
21 52
21 59
21 61
21 63
21 66
21 69
21 73
21 76
21 77
21 78
21 79
21 80
21 81
21 82
21 83
21 84
21 86
21 89
21 96
21 99
21 100
21 102
21 103
21 104
21 105
21 106
21 107
21 108
21 109
21 110
21 111
21 112
21 114
21 115
21 116
21 118
21 119
21 121
21 123
21 124
21 125
21 126
21 127
22 2
22 3
22 9
22 10
22 14
22 24
22 26
22 28
22 29
22 31
22 32
22 34
22 35
22 37
22 39
22 42
22 44
22 45
22 48
22 53
22 55
22 59
22 63
22 64
22 66
22 69
22 70
22 71
22 74
22 77
22 78
22 80
22 81
22 83
22 85
22 91
22 97
22 98
22 100
22 101
22 102
22 103
22 104
22 106
22 107
22 108
22 109
22 112
22 113
22 114
22 115
22 116
22 117
22 120
22 122
22 123
22 125
22 127
23 1
23 5
23 6
23 7
23 8
23 10
23 15
23 17
23 18
23 20
23 22
23 23
23 24
23 25
23 26
23 28
23 29
23 30
23 31
23 32
23 34
23 37
23 40
23 42
23 43
23 45
23 47
23 48
23 52
23 54
23 56
23 57
23 58
23 59
23 60
23 61
23 64
23 65
23 67
23 68
23 69
23 70
23 74
23 75
23 78
23 80
23 84
23 85
23 92
23 96
23 99
23 100
23 101
23 102
23 103
23 104
23 105
23 108
23 109
23 110
23 112
23 118
23 121
23 123
23 124
23 125
23 126
23 127
24 0
24 1
24 2
24 3
24 4
24 7
24 8
24 9
24 10
24 12
24 13
24 19
24 20
24 23
24 24
24 25
24 27
24 28
24 29
24 31
24 40
24 41
24 43
24 44
24 46
24 47
24 48
24 50
24 52
24 53
24 57
24 58
24 59
24 60
24 63
24 64
24 65
24 66
24 68
24 71
24 72
24 73
24 75
24 76
24 77
24 78
24 80
24 81
24 82
24 83
24 85
24 90
24 93
24 97
24 102
24 104
24 110
24 112
24 113
24 114
24 115
24 117
24 119
24 121
24 122
24 123
24 124
24 126
24 127
25 0
25 1
25 2
25 6
25 9
25 12
25 13
25 15
25 16
25 24
25 25
25 29
25 33
25 38
25 39
25 43
25 45
25 46
25 47
25 53
25 59
25 62
25 63
25 65
25 72
25 75
25 78
25 79
25 80
25 81
25 83
25 84
25 89
25 90
25 91
25 92
25 96
25 99
25 103
25 107
25 108
25 109
25 110
25 114
25 118
25 119
25 122
25 123
25 126
25 127
26 1
26 3
26 4
26 9
26 11
26 12
26 13
26 14
26 20
26 21
26 23
26 25
26 33
26 36
26 40
26 42
26 44
26 46
26 48
26 49
26 51
26 53
26 56
26 60
26 63
26 64
26 65
26 67
26 68
26 69
26 71
26 72
26 73
26 75
26 77
26 78
26 81
26 82
26 84
26 90
26 92
26 96
26 97
26 98
26 99
26 100
26 102
26 103
26 104
26 105
26 109
26 110
26 113
26 117
26 118
26 121
26 122
26 123
26 126
27 0
27 2
27 3
27 4
27 8
27 12
27 14
27 15
27 17
27 20
27 21
27 23
27 24
27 25
27 26
27 28
27 29
27 30
27 31
27 34
27 35
27 38
27 39
27 40
27 46
27 47
27 52
27 53
27 54
27 56
27 57
27 58
27 61
27 65
27 72
27 73
27 74
27 75
27 78
27 79
27 81
27 82
27 86
27 88
27 89
27 91
27 92
27 93
27 96
27 98
27 100
27 101
27 102
27 103
27 104
27 106
27 107
27 113
27 116
27 117
27 118
27 121
27 123
27 124
27 126
27 127
28 0
28 1
28 3
28 7
28 9
28 12
28 15
28 17
28 21
28 22
28 23
28 24
28 29
28 30
28 32
28 34
28 36
28 38
28 39
28 40
28 42
28 44
28 47
28 48
28 49
28 53
28 56
28 57
28 58
28 61
28 63
28 65
28 66
28 67
28 69
28 72
28 74
28 75
28 80
28 84
28 85
28 88
28 90
28 96
28 97
28 98
28 100
28 101
28 102
28 103
28 104
28 106
28 109
28 113
28 114
28 115
28 117
28 118
28 119
28 120
28 122
28 125
28 126
28 127
29 0
29 1
29 2
29 7
29 8
29 9
29 10
29 11
29 13
29 15
29 20
29 21
29 22
29 25
29 26
29 27
29 28
29 29
29 33
29 35
29 36
29 38
29 40
29 41
29 45
29 46
29 47
29 48
29 49
29 51
29 55
29 56
29 57
29 58
29 61
29 62
29 64
29 65
29 66
29 67
29 69
29 70
29 71
29 72
29 73
29 74
29 75
29 77
29 78
29 84
29 85
29 88
29 90
29 93
29 95
29 97
29 100
29 101
29 106
29 111
29 112
29 113
29 115
29 116
29 117
29 119
29 120
29 124
30 3
30 5
30 10
30 12
30 15
30 16
30 17
30 18
30 19
30 20
30 21
30 28
30 29
30 31
30 34
30 36
30 41
30 42
30 45
30 46
30 47
30 48
30 51
30 52
30 54
30 56
30 58
30 59
30 61
30 62
30 64
30 65
30 68
30 69
30 70
30 71
30 74
30 75
30 78
30 86
30 88
30 89
30 90
30 91
30 92
30 93
30 94
30 95
30 100
30 102
30 103
30 105
30 107
30 109
30 112
30 113
30 114
30 116
30 119
30 126
31 0
31 2
31 3
31 5
31 6
31 8
31 10
31 14
31 16
31 18
31 19
31 21
31 26
31 27
31 30
31 32
31 33
31 36
31 38
31 39
31 42
31 43
31 44
31 45
31 46
31 50
31 51
31 52
31 53
31 56
31 59
31 60
31 61
31 63
31 69
31 70
31 77
31 78
31 79
31 80
31 81
31 82
31 83
31 84
31 88
31 89
31 92
31 93
31 95
31 96
31 105
31 107
31 108
31 109
31 111
31 113
31 117
31 118
31 119
31 120
31 122
31 123
31 126
31 127
32 2
32 3
32 4
32 6
32 7
32 10
32 11
32 13
32 14
32 15
32 22
32 23
32 25
32 27
32 28
32 29
32 30
32 31
32 32
32 34
32 35
32 37
32 38
32 39
32 40
32 41
32 42
32 45
32 48
32 50
32 51
32 52
32 55
32 58
32 59
32 61
32 62
32 63
32 65
32 66
32 69
32 70
32 71
32 72
32 74
32 76
32 79
32 80
32 81
32 82
32 83
32 87
32 92
32 93
32 94
32 98
32 101
32 104
32 106
32 108
32 110
32 111
32 112
32 115
32 116
32 117
32 119
32 120
32 122
32 124
33 2
33 4
33 6
33 10
33 11
33 14
33 15
33 16
33 19
33 22
33 23
33 25
33 29
33 30
33 33
33 35
33 36
33 37
33 39
33 41
33 43
33 47
33 48
33 49
33 51
33 52
33 54
33 59
33 61
33 62
33 64
33 65
33 67
33 72
33 75
33 76
33 78
33 80
33 83
33 85
33 87
33 89
33 90
33 92
33 93
33 95
33 96
33 97
33 99
33 101
33 103
33 104
33 105
33 106
33 107
33 108
33 109
33 112
33 113
33 114
33 115
33 116
33 117
33 118
33 123
33 125
33 127
34 0
34 1
34 2
34 3
34 4
34 5
34 7
34 8
34 9
34 10
34 11
34 12
34 16
34 17
34 21
34 25
34 26
34 28
34 29
34 30
34 35
34 36
34 37
34 39
34 41
34 42
34 43
34 49
34 52
34 53
34 54
34 55
34 57
34 60
34 63
34 64
34 66
34 68
34 69
34 72
34 75
34 78
34 82
34 83
34 86
34 87
34 89
34 90
34 96
34 99
34 103
34 105
34 107
34 108
34 109
34 116
34 117
34 120
34 121
34 122
34 124
34 125
34 126
34 127
35 0
35 3
35 7
35 10
35 11
35 13
35 15
35 16
35 17
35 18
35 21
35 23
35 26
35 27
35 28
35 30
35 31
35 35
35 36
35 38
35 44
35 47
35 49
35 50
35 51
35 56
35 61
35 66
35 69
35 70
35 71
35 72
35 76
35 78
35 79
35 81
35 84
35 85
35 88
35 89
35 90
35 92
35 93
35 94
35 95
35 98
35 100
35 101
35 102
35 108
35 116
35 118
35 120
35 121
35 122
35 126
36 1
36 4
36 5
36 8
36 9
36 11
36 12
36 14
36 17
36 19
36 20
36 21
36 22
36 24
36 27
36 29
36 32
36 34
36 35
36 38
36 40
36 47
36 49
36 50
36 53
36 57
36 58
36 59
36 60
36 63
36 66
36 67
36 69
36 72
36 74
36 76
36 77
36 79
36 80
36 83
36 85
36 88
36 90
36 91
36 92
36 93
36 95
36 97
36 98
36 99
36 103
36 104
36 105
36 109
36 113
36 114
36 115
36 117
36 118
36 120
36 121
36 122
36 124
36 126
36 127
37 2
37 3
37 4
37 5
37 6
37 7
37 8
37 13
37 14
37 17
37 18
37 19
37 25
37 27
37 29
37 30
37 35
37 37
37 38
37 40
37 41
37 43
37 44
37 45
37 50
37 51
37 53
37 62
37 65
37 66
37 67
37 68
37 70
37 73
37 74
37 75
37 78
37 79
37 81
37 82
37 84
37 85
37 87
37 90
37 94
37 97
37 100
37 101
37 102
37 103
37 104
37 106
37 107
37 108
37 111
37 114
37 117
37 118
37 121
37 122
37 123
37 126
37 127
38 1
38 2
38 5
38 7
38 8
38 12
38 13
38 14
38 16
38 17
38 19
38 21
38 22
38 23
38 24
38 26
38 28
38 29
38 30
38 32
38 34
38 35
38 36
38 37
38 38
38 40
38 41
38 46
38 47
38 48
38 54
38 55
38 56
38 58
38 59
38 61
38 63
38 64
38 66
38 67
38 69
38 70
38 71
38 72
38 73
38 74
38 76
38 79
38 83
38 87
38 89
38 90
38 91
38 93
38 95
38 99
38 100
38 102
38 103
38 104
38 105
38 107
38 111
38 112
38 115
38 116
38 119
38 122
38 125
38 126
39 0
39 1
39 2
39 3
39 4
39 6
39 10
39 11
39 12
39 13
39 14
39 15
39 17
39 19
39 21
39 23
39 24
39 26
39 28
39 29
39 32
39 34
39 36
39 37
39 39
39 40
39 41
39 42
39 45
39 46
39 48
39 49
39 50
39 51
39 53
39 55
39 56
39 58
39 59
39 61
39 62
39 64
39 65
39 67
39 70
39 72
39 74
39 78
39 81
39 84
39 86
39 87
39 88
39 90
39 93
39 94
39 95
39 97
39 99
39 100
39 101
39 103
39 104
39 105
39 106
39 107
39 108
39 109
39 112
39 114
39 119
39 120
39 121
39 123
39 125
39 126
40 0
40 1
40 3
40 5
40 8
40 9
40 10
40 13
40 17
40 18
40 20
40 21
40 23
40 24
40 25
40 26
40 27
40 30
40 36
40 38
40 41
40 42
40 44
40 45
40 46
40 49
40 50
40 51
40 52
40 55
40 56
40 58
40 61
40 62
40 64
40 66
40 67
40 72
40 74
40 78
40 79
40 80
40 81
40 85
40 86
40 87
40 88
40 89
40 90
40 91
40 94
40 98
40 99
40 101
40 106
40 109
40 112
40 114
40 117
40 120
40 126
41 1
41 3
41 6
41 11
41 13
41 16
41 17
41 18
41 21
41 22
41 23
41 25
41 26
41 28
41 29
41 31
41 32
41 33
41 34
41 35
41 36
41 37
41 39
41 40
41 41
41 43
41 46
41 48
41 50
41 55
41 56
41 59
41 60
41 62
41 64
41 65
41 68
41 72
41 74
41 77
41 84
41 86
41 88
41 90
41 91
41 94
41 95
41 98
41 99
41 102
41 105
41 106
41 109
41 112
41 115
41 116
41 117
41 118
41 119
41 120
41 122
41 126
42 1
42 2
42 4
42 8
42 9
42 12
42 13
42 17
42 18
42 23
42 24
42 26
42 29
42 30
42 31
42 33
42 34
42 35
42 37
42 38
42 39
42 41
42 44
42 46
42 48
42 51
42 52
42 53
42 54
42 56
42 57
42 59
42 60
42 62
42 63
42 65
42 66
42 69
42 71
42 73
42 74
42 75
42 78
42 83
42 85
42 86
42 88
42 90
42 91
42 95
42 98
42 100
42 101
42 104
42 106
42 110
42 111
42 112
42 113
42 114
42 115
42 116
42 118
42 122
42 124
42 126
43 0
43 4
43 6
43 7
43 8
43 11
43 14
43 15
43 16
43 17
43 18
43 22
43 25
43 29
43 32
43 33
43 34
43 35
43 36
43 40
43 43
43 44
43 47
43 49
43 50
43 55
43 57
43 58
43 59
43 60
43 61
43 62
43 64
43 66
43 70
43 71
43 74
43 75
43 77
43 78
43 79
43 83
43 84
43 85
43 87
43 89
43 90
43 92
43 93
43 94
43 95
43 97
43 98
43 102
43 104
43 107
43 109
43 110
43 112
43 115
43 116
43 117
43 118
43 119
43 120
43 121
43 123
44 1
44 4
44 6
44 7
44 10
44 11
44 13
44 17
44 20
44 21
44 22
44 23
44 24
44 25
44 26
44 27
44 28
44 29
44 30
44 33
44 36
44 38
44 40
44 41
44 42
44 43
44 44
44 45
44 46
44 49
44 50
44 56
44 58
44 59
44 61
44 63
44 67
44 68
44 70
44 73
44 74
44 76
44 77
44 78
44 79
44 84
44 85
44 86
44 90
44 91
44 92
44 93
44 95
44 97
44 100
44 102
44 104
44 107
44 109
44 115
44 116
44 118
44 124
44 126
44 127
45 2
45 4
45 5
45 6
45 8
45 9
45 10
45 12
45 14
45 17
45 19
45 20
45 21
45 24
45 28
45 34
45 36
45 39
45 40
45 41
45 42
45 43
45 47
45 52
45 53
45 57
45 62
45 63
45 64
45 65
45 67
45 68
45 70
45 71
45 73
45 74
45 76
45 77
45 80
45 81
45 83
45 84
45 86
45 87
45 93
45 94
45 95
45 96
45 97
45 99
45 101
45 106
45 107
45 108
45 111
45 115
45 116
45 123
45 124
45 125
45 126
46 2
46 3
46 5
46 12
46 14
46 16
46 17
46 18
46 19
46 20
46 21
46 22
46 24
46 26
46 27
46 28
46 29
46 35
46 36
46 38
46 39
46 43
46 45
46 47
46 49
46 50
46 52
46 53
46 55
46 58
46 59
46 60
46 65
46 66
46 67
46 69
46 70
46 71
46 75
46 79
46 80
46 82
46 88
46 90
46 91
46 92
46 93
46 94
46 95
46 100
46 101
46 104
46 106
46 108
46 109
46 111
46 114
46 117
46 119
46 121
47 0
47 1
47 2
47 3
47 4
47 5
47 8
47 9
47 10
47 11
47 12
47 14
47 16
47 17
47 18
47 19
47 24
47 26
47 27
47 28
47 29
47 31
47 34
47 35
47 36
47 38
47 42
47 43
47 45
47 47
47 48
47 49
47 51
47 53
47 56
47 60
47 62
47 63
47 64
47 65
47 68
47 69
47 71
47 72
47 74
47 76
47 78
47 82
47 83
47 85
47 86
47 87
47 89
47 90
47 91
47 92
47 93
47 94
47 96
47 98
47 99
47 101
47 102
47 104
47 108
47 110
47 111
47 112
47 113
47 114
47 115
47 116
47 117
47 120
47 121
47 122
47 123
47 125
47 126
48 0
48 2
48 3
48 4
48 5
48 6
48 7
48 9
48 14
48 15
48 17
48 18
48 19
48 22
48 24
48 25
48 26
48 28
48 29
48 31
48 33
48 35
48 36
48 37
48 38
48 39
48 41
48 43
48 48
48 51
48 52
48 53
48 55
48 61
48 63
48 64
48 67
48 69
48 70
48 71
48 78
48 79
48 81
48 83
48 84
48 86
48 87
48 89
48 90
48 95
48 96
48 99
48 100
48 102
48 106
48 112
48 115
48 116
48 117
48 118
48 122
48 126
48 127
49 0
49 2
49 5
49 6
49 11
49 12
49 13
49 14
49 16
49 20
49 24
49 25
49 26
49 30
49 32
49 33
49 34
49 35
49 36
49 40
49 41
49 42
49 44
49 48
49 50
49 51
49 58
49 61
49 63
49 64
49 67
49 68
49 69
49 70
49 71
49 72
49 74
49 81
49 82
49 83
49 84
49 86
49 88
49 90
49 91
49 92
49 93
49 97
49 98
49 100
49 101
49 104
49 106
49 108
49 109
49 114
49 117
49 118
49 122
49 124
49 126
49 127
50 1
50 2
50 3
50 4
50 8
50 10
50 11
50 12
50 16
50 17
50 18
50 19
50 23
50 25
50 29
50 30
50 36
50 39
50 40
50 41
50 45
50 47
50 50
50 51
50 54
50 55
50 56
50 58
50 59
50 60
50 66
50 67
50 69
50 70
50 72
50 73
50 74
50 76
50 80
50 83
50 85
50 88
50 89
50 90
50 92
50 94
50 97
50 100
50 102
50 105
50 106
50 107
50 112
50 113
50 114
50 116
50 118
50 119
50 121
50 122
50 123
50 124
50 126
51 0
51 2
51 10
51 12
51 13
51 15
51 16
51 17
51 18
51 22
51 25
51 28
51 29
51 30
51 32
51 33
51 34
51 39
51 41
51 42
51 44
51 45
51 46
51 47
51 50
51 51
51 53
51 56
51 57
51 61
51 62
51 71
51 72
51 73
51 76
51 80
51 82
51 84
51 86
51 88
51 89
51 91
51 92
51 94
51 95
51 96
51 97
51 98
51 99
51 100
51 104
51 106
51 107
51 109
51 111
51 112
51 113
51 114
51 115
51 118
51 119
51 121
51 122
51 124
52 2
52 3
52 10
52 11
52 12
52 14
52 15
52 16
52 17
52 18
52 20
52 22
52 23
52 29
52 31
52 32
52 33
52 35
52 36
52 37
52 39
52 40
52 42
52 43
52 45
52 46
52 48
52 49
52 51
52 52
52 53
52 56
52 57
52 58
52 59
52 62
52 65
52 67
52 68
52 73
52 77
52 79
52 80
52 87
52 90
52 94
52 95
52 96
52 102
52 104
52 105
52 107
52 108
52 109
52 110
52 111
52 112
52 116
52 118
52 119
52 124
52 125
52 126
53 0
53 1
53 3
53 4
53 5
53 6
53 7
53 8
53 9
53 11
53 12
53 13
53 16
53 18
53 21
53 22
53 26
53 28
53 31
53 32
53 37
53 38
53 41
53 45
53 46
53 47
53 50
53 51
53 52
53 53
53 54
53 56
53 58
53 59
53 61
53 64
53 65
53 66
53 68
53 69
53 70
53 71
53 72
53 73
53 75
53 77
53 79
53 82
53 84
53 85
53 88
53 91
53 92
53 93
53 95
53 96
53 97
53 98
53 99
53 101
53 102
53 103
53 105
53 106
53 109
53 113
53 114
53 115
53 116
53 117
53 118
53 119
53 120
53 121
53 124
53 125
53 126
54 0
54 2
54 3
54 4
54 11
54 12
54 13
54 14
54 15
54 17
54 18
54 21
54 22
54 23
54 24
54 25
54 27
54 34
54 35
54 36
54 39
54 41
54 43
54 44
54 45
54 48
54 50
54 51
54 58
54 60
54 62
54 63
54 64
54 66
54 67
54 70
54 74
54 77
54 78
54 86
54 87
54 90
54 91
54 96
54 97
54 100
54 101
54 103
54 105
54 107
54 108
54 109
54 112
54 114
54 121
54 122
54 123
54 125
55 0
55 1
55 2
55 3
55 7
55 14
55 15
55 18
55 26
55 27
55 29
55 33
55 34
55 35
55 47
55 48
55 52
55 61
55 62
55 65
55 66
55 71
55 73
55 74
55 75
55 79
55 80
55 83
55 84
55 87
55 89
55 90
55 92
55 94
55 97
55 98
55 99
55 100
55 103
55 104
55 106
55 107
55 108
55 109
55 111
55 112
55 113
55 115
55 120
55 124
55 125
55 127
56 2
56 3
56 5
56 6
56 7
56 11
56 12
56 13
56 14
56 16
56 17
56 18
56 23
56 24
56 27
56 28
56 29
56 30
56 33
56 34
56 35
56 41
56 44
56 45
56 46
56 49
56 50
56 52
56 53
56 54
56 55
56 56
56 57
56 58
56 61
56 62
56 63
56 64
56 65
56 66
56 67
56 68
56 69
56 70
56 71
56 73
56 76
56 77
56 78
56 81
56 82
56 83
56 85
56 87
56 88
56 92
56 95
56 96
56 98
56 99
56 101
56 102
56 104
56 105
56 106
56 107
56 108
56 112
56 114
56 116
56 117
56 121
56 122
56 127
57 1
57 2
57 4
57 8
57 9
57 13
57 15
57 19
57 20
57 23
57 25
57 26
57 27
57 29
57 30
57 33
57 35
57 37
57 38
57 39
57 40
57 43
57 45
57 46
57 48
57 51
57 52
57 55
57 56
57 57
57 59
57 61
57 63
57 67
57 69
57 70
57 71
57 72
57 73
57 74
57 76
57 80
57 81
57 83
57 87
57 88
57 89
57 91
57 94
57 95
57 96
57 100
57 102
57 104
57 107
57 108
57 109
57 110
57 112
57 113
57 114
57 117
57 120
57 122
57 123
57 124
57 125
58 0
58 5
58 8
58 11
58 12
58 17
58 23
58 27
58 28
58 29
58 31
58 34
58 35
58 37
58 38
58 39
58 40
58 41
58 43
58 44
58 46
58 49
58 50
58 51
58 52
58 53
58 54
58 55
58 56
58 58
58 59
58 60
58 61
58 62
58 64
58 67
58 68
58 70
58 71
58 72
58 73
58 74
58 77
58 79
58 80
58 82
58 83
58 86
58 87
58 89
58 90
58 91
58 92
58 93
58 100
58 102
58 106
58 107
58 108
58 110
58 111
58 113
58 114
58 119
58 120
58 123
58 124
59 3
59 6
59 8
59 10
59 11
59 14
59 15
59 16
59 17
59 19
59 22
59 24
59 28
59 29
59 32
59 33
59 34
59 37
59 38
59 44
59 46
59 49
59 52
59 54
59 56
59 58
59 62
59 63
59 64
59 65
59 71
59 80
59 81
59 83
59 84
59 85
59 90
59 92
59 93
59 94
59 97
59 98
59 101
59 107
59 109
59 110
59 111
59 112
59 113
59 114
59 115
59 117
59 118
59 120
59 122
59 123
60 1
60 2
60 3
60 8
60 10
60 14
60 15
60 16
60 18
60 19
60 25
60 27
60 28
60 30
60 31
60 34
60 35
60 36
60 37
60 40
60 42
60 43
60 45
60 46
60 49
60 51
60 52
60 55
60 56
60 57
60 58
60 59
60 61
60 67
60 68
60 70
60 72
60 74
60 77
60 78
60 79
60 80
60 81
60 83
60 85
60 88
60 91
60 92
60 93
60 96
60 97
60 98
60 101
60 102
60 103
60 104
60 105
60 107
60 108
60 109
60 113
60 114
60 116
60 118
60 119
60 120
60 121
60 123
60 124
60 125
60 127
61 2
61 3
61 5
61 6
61 7
61 9
61 10
61 16
61 17
61 18
61 20
61 21
61 23
61 24
61 25
61 26
61 28
61 31
61 32
61 34
61 35
61 36
61 39
61 41
61 43
61 51
61 52
61 55
61 56
61 57
61 58
61 60
61 62
61 63
61 64
61 66
61 69
61 72
61 75
61 77
61 78
61 81
61 82
61 83
61 88
61 92
61 93
61 94
61 95
61 100
61 101
61 103
61 104
61 105
61 106
61 112
61 114
61 115
61 118
61 120
61 123
61 125
62 1
62 2
62 3
62 4
62 5
62 7
62 8
62 9
62 13
62 14
62 15
62 18
62 19
62 20
62 23
62 27
62 29
62 31
62 33
62 34
62 36
62 37
62 39
62 41
62 43
62 48
62 49
62 50
62 54
62 58
62 65
62 67
62 68
62 69
62 70
62 72
62 74
62 76
62 77
62 78
62 81
62 82
62 83
62 85
62 91
62 92
62 95
62 96
62 100
62 103
62 105
62 106
62 108
62 109
62 110
62 112
62 113
62 115
62 116
62 117
62 119
62 120
62 121
62 123
62 124
62 126
63 2
63 3
63 4
63 5
63 7
63 10
63 11
63 12
63 15
63 17
63 21
63 23
63 24
63 27
63 31
63 32
63 33
63 37
63 42
63 43
63 45
63 47
63 48
63 49
63 52
63 54
63 57
63 60
63 61
63 66
63 70
63 71
63 73
63 76
63 78
63 79
63 82
63 84
63 85
63 86
63 88
63 89
63 90
63 91
63 93
63 96
63 98
63 99
63 102
63 103
63 107
63 108
63 111
63 115
63 116
63 117
63 119
63 120
63 121
63 123
63 124
63 125
64 0
64 1
64 4
64 5
64 8
64 10
64 11
64 12
64 14
64 17
64 18
64 19
64 21
64 26
64 27
64 28
64 29
64 33
64 34
64 35
64 36
64 39
64 40
64 41
64 44
64 45
64 46
64 47
64 48
64 49
64 51
64 52
64 53
64 54
64 60
64 61
64 63
64 65
64 66
64 67
64 70
64 71
64 72
64 73
64 74
64 77
64 84
64 88
64 91
64 93
64 95
64 96
64 97
64 98
64 99
64 104
64 105
64 106
64 109
64 112
64 113
64 114
64 115
64 116
64 119
64 120
64 121
64 122
64 124
64 125
64 126
64 127
65 1
65 2
65 8
65 10
65 11
65 12
65 13
65 14
65 16
65 22
65 23
65 24
65 25
65 28
65 30
65 37
65 42
65 47
65 49
65 50
65 52
65 56
65 58
65 60
65 62
65 65
65 68
65 69
65 71
65 72
65 73
65 76
65 77
65 79
65 82
65 86
65 88
65 89
65 90
65 91
65 92
65 93
65 94
65 95
65 96
65 97
65 98
65 100
65 101
65 102
65 105
65 107
65 110
65 111
65 112
65 114
65 115
65 116
65 117
65 118
65 119
65 121
65 122
65 123
65 124
65 126
65 127
66 0
66 2
66 4
66 6
66 7
66 8
66 9
66 12
66 14
66 15
66 16
66 17
66 19
66 23
66 25
66 27
66 31
66 32
66 33
66 36
66 38
66 40
66 43
66 44
66 48
66 51
66 52
66 53
66 55
66 56
66 57
66 58
66 59
66 60
66 63
66 65
66 66
66 67
66 70
66 72
66 73
66 74
66 78
66 83
66 85
66 87
66 88
66 91
66 93
66 94
66 95
66 96
66 98
66 103
66 104
66 105
66 106
66 107
66 108
66 109
66 110
66 113
66 116
66 117
66 118
66 119
66 121
66 123
66 124
66 127
67 0
67 3
67 5
67 7
67 9
67 12
67 13
67 14
67 15
67 16
67 18
67 19
67 22
67 25
67 30
67 33
67 36
67 37
67 38
67 43
67 45
67 47
67 53
67 54
67 55
67 56
67 58
67 59
67 62
67 64
67 65
67 67
67 69
67 70
67 72
67 74
67 75
67 76
67 79
67 80
67 81
67 82
67 84
67 85
67 86
67 87
67 88
67 92
67 94
67 98
67 102
67 105
67 106
67 108
67 113
67 114
67 116
67 121
67 122
67 126
68 0
68 3
68 5
68 7
68 9
68 10
68 12
68 15
68 16
68 17
68 18
68 21
68 24
68 25
68 26
68 29
68 30
68 31
68 33
68 37
68 40
68 41
68 43
68 44
68 46
68 48
68 50
68 53
68 55
68 56
68 57
68 58
68 59
68 62
68 66
68 68
68 69
68 71
68 72
68 73
68 74
68 75
68 76
68 79
68 80
68 81
68 84
68 85
68 86
68 89
68 91
68 93
68 94
68 95
68 97
68 100
68 105
68 109
68 110
68 111
68 112
68 115
68 120
68 123
68 124
68 126
69 1
69 2
69 3
69 4
69 5
69 6
69 8
69 9
69 10
69 16
69 18
69 19
69 21
69 22
69 25
69 26
69 27
69 31
69 33
69 34
69 36
69 39
69 40
69 41
69 46
69 48
69 51
69 52
69 56
69 57
69 62
69 66
69 70
69 71
69 72
69 73
69 75
69 76
69 77
69 78
69 79
69 80
69 81
69 82
69 85
69 88
69 89
69 90
69 91
69 92
69 93
69 100
69 101
69 102
69 104
69 105
69 107
69 108
69 116
69 117
69 118
69 119
69 120
69 121
69 123
69 124
70 0
70 5
70 7
70 8
70 15
70 16
70 18
70 20
70 21
70 22
70 24
70 25
70 31
70 32
70 36
70 38
70 39
70 44
70 46
70 47
70 49
70 50
70 56
70 57
70 61
70 62
70 65
70 68
70 70
70 72
70 73
70 74
70 75
70 78
70 81
70 83
70 84
70 89
70 91
70 93
70 97
70 99
70 100
70 106
70 108
70 109
70 111
70 115
70 116
70 117
70 118
70 120
70 122
70 123
70 127
71 4
71 5
71 7
71 8
71 9
71 11
71 12
71 14
71 15
71 16
71 17
71 20
71 21
71 22
71 24
71 29
71 30
71 31
71 36
71 38
71 39
71 44
71 45
71 47
71 51
71 53
71 54
71 55
71 58
71 59
71 60
71 67
71 70
71 71
71 76
71 77
71 82
71 87
71 90
71 91
71 92
71 93
71 94
71 95
71 96
71 97
71 98
71 101
71 104
71 107
71 110
71 112
71 113
71 114
71 115
71 116
71 120
71 124
71 126
72 1
72 3
72 4
72 10
72 12
72 14
72 15
72 17
72 19
72 20
72 22
72 24
72 29
72 32
72 36
72 39
72 40
72 45
72 48
72 50
72 52
72 53
72 54
72 56
72 57
72 59
72 60
72 61
72 64
72 65
72 68
72 69
72 71
72 72
72 73
72 74
72 75
72 76
72 78
72 82
72 84
72 89
72 92
72 96
72 99
72 104
72 106
72 108
72 109
72 111
72 113
72 114
72 115
72 120
72 121
72 124
72 125
72 126
72 127
73 0
73 2
73 6
73 8
73 9
73 13
73 15
73 18
73 21
73 25
73 26
73 27
73 29
73 31
73 32
73 36
73 38
73 39
73 43
73 45
73 46
73 48
73 49
73 50
73 51
73 52
73 53
73 54
73 55
73 57
73 58
73 59
73 62
73 66
73 67
73 68
73 69
73 70
73 72
73 73
73 83
73 85
73 86
73 87
73 90
73 92
73 93
73 94
73 100
73 103
73 107
73 108
73 109
73 110
73 111
73 112
73 113
73 114
73 115
73 117
73 118
73 119
73 120
73 121
73 123
73 124
73 126
73 127
74 1
74 2
74 3
74 4
74 5
74 6
74 8
74 9
74 10
74 12
74 13
74 15
74 17
74 18
74 24
74 26
74 28
74 31
74 32
74 35
74 37
74 39
74 40
74 42
74 46
74 49
74 51
74 53
74 54
74 57
74 59
74 62
74 64
74 65
74 66
74 68
74 69
74 70
74 71
74 73
74 74
74 75
74 76
74 77
74 78
74 80
74 84
74 88
74 93
74 94
74 95
74 96
74 97
74 98
74 100
74 101
74 102
74 103
74 104
74 106
74 111
74 112
74 113
74 114
74 116
74 117
74 121
74 122
74 126
75 0
75 1
75 2
75 4
75 5
75 6
75 9
75 10
75 11
75 13
75 14
75 16
75 19
75 20
75 24
75 27
75 28
75 31
75 34
75 35
75 37
75 39
75 41
75 42
75 43
75 47
75 54
75 65
75 66
75 68
75 69
75 70
75 73
75 75
75 76
75 77
75 78
75 80
75 82
75 83
75 85
75 86
75 89
75 92
75 93
75 94
75 95
75 100
75 101
75 103
75 104
75 105
75 106
75 108
75 110
75 112
75 113
75 115
75 119
75 120
75 121
75 124
75 125
76 3
76 4
76 6
76 8
76 11
76 12
76 13
76 20
76 21
76 23
76 25
76 28
76 32
76 34
76 35
76 36
76 37
76 38
76 40
76 42
76 45
76 47
76 50
76 51
76 53
76 55
76 56
76 58
76 61
76 63
76 67
76 68
76 69
76 70
76 73
76 75
76 77
76 78
76 81
76 82
76 83
76 85
76 86
76 88
76 89
76 91
76 93
76 95
76 102
76 103
76 105
76 106
76 107
76 109
76 111
76 115
76 116
76 118
76 121
76 122
76 124
76 125
76 126
77 1
77 8
77 9
77 10
77 11
77 12
77 13
77 16
77 18
77 21
77 22
77 23
77 27
77 29
77 31
77 32
77 33
77 34
77 35
77 36
77 37
77 41
77 43
77 44
77 48
77 50
77 51
77 53
77 54
77 58
77 59
77 60
77 64
77 65
77 66
77 68
77 71
77 73
77 76
77 78
77 82
77 83
77 88
77 90
77 93
77 95
77 101
77 103
77 105
77 106
77 107
77 108
77 109
77 110
77 112
77 114
77 117
77 118
77 119
77 124
77 125
78 0
78 3
78 4
78 5
78 6
78 8
78 12
78 14
78 15
78 16
78 18
78 21
78 24
78 26
78 27
78 28
78 29
78 31
78 32
78 33
78 34
78 38
78 39
78 42
78 43
78 44
78 46
78 47
78 49
78 51
78 52
78 56
78 57
78 62
78 63
78 64
78 66
78 68
78 69
78 70
78 76
78 77
78 78
78 84
78 85
78 86
78 90
78 92
78 94
78 98
78 99
78 103
78 105
78 107
78 110
78 112
78 114
78 115
78 116
78 119
78 120
78 126
79 0
79 1
79 3
79 4
79 5
79 7
79 8
79 11
79 14
79 15
79 16
79 18
79 21
79 23
79 29
79 30
79 32
79 34
79 35
79 37
79 42
79 43
79 48
79 50
79 51
79 59
79 60
79 62
79 64
79 65
79 66
79 69
79 70
79 71
79 73
79 74
79 76
79 78
79 79
79 83
79 89
79 90
79 91
79 93
79 95
79 98
79 100
79 101
79 102
79 103
79 104
79 113
79 114
79 116
79 118
79 119
79 121
79 123
79 124
79 125
79 126
80 1
80 4
80 5
80 6
80 8
80 9
80 10
80 13
80 15
80 20
80 25
80 30
80 32
80 33
80 35
80 37
80 39
80 40
80 41
80 47
80 48
80 52
80 54
80 55
80 56
80 59
80 60
80 67
80 69
80 73
80 75
80 76
80 78
80 85
80 86
80 87
80 88
80 89
80 90
80 92
80 93
80 94
80 95
80 107
80 109
80 110
80 111
80 115
80 116
80 117
80 119
80 120
80 121
80 123
80 125
80 127
81 2
81 4
81 5
81 6
81 7
81 9
81 10
81 11
81 13
81 17
81 18
81 20
81 22
81 25
81 28
81 30
81 33
81 34
81 35
81 36
81 38
81 40
81 42
81 49
81 50
81 51
81 52
81 53
81 54
81 57
81 58
81 59
81 60
81 62
81 63
81 67
81 71
81 72
81 75
81 76
81 77
81 79
81 80
81 81
81 83
81 84
81 88
81 90
81 92
81 93
81 94
81 95
81 100
81 102
81 103
81 108
81 111
81 112
81 120
81 123
81 126
81 127
82 1
82 2
82 3
82 7
82 8
82 12
82 13
82 14
82 18
82 20
82 21
82 23
82 25
82 29
82 31
82 32
82 34
82 36
82 37
82 39
82 40
82 42
82 43
82 44
82 46
82 47
82 48
82 50
82 51
82 52
82 53
82 54
82 57
82 60
82 62
82 65
82 66
82 67
82 68
82 70
82 72
82 75
82 77
82 80
82 83
82 85
82 87
82 90
82 92
82 94
82 95
82 97
82 98
82 101
82 105
82 106
82 108
82 110
82 116
82 117
82 119
82 120
82 121
82 122
82 124
82 126
83 0
83 4
83 8
83 10
83 13
83 16
83 18
83 22
83 23
83 24
83 30
83 31
83 32
83 33
83 35
83 38
83 41
83 43
83 44
83 47
83 49
83 50
83 52
83 54
83 55
83 58
83 62
83 63
83 66
83 67
83 68
83 69
83 70
83 71
83 72
83 73
83 74
83 75
83 76
83 78
83 80
83 81
83 82
83 84
83 85
83 86
83 89
83 91
83 92
83 93
83 95
83 96
83 97
83 98
83 101
83 103
83 105
83 112
83 113
83 114
83 115
83 118
83 119
83 120
83 121
83 123
83 124
83 125
83 126
83 127
84 0
84 4
84 8
84 9
84 10
84 11
84 12
84 13
84 17
84 18
84 22
84 26
84 29
84 32
84 34
84 37
84 39
84 40
84 42
84 44
84 47
84 48
84 50
84 53
84 59
84 60
84 63
84 66
84 67
84 69
84 70
84 75
84 80
84 82
84 87
84 88
84 90
84 91
84 92
84 95
84 96
84 98
84 102
84 103
84 106
84 110
84 111
84 114
84 115
84 116
84 118
84 119
84 121
84 126
84 127
85 2
85 3
85 6
85 11
85 12
85 14
85 16
85 19
85 20
85 21
85 23
85 24
85 26
85 27
85 28
85 29
85 30
85 34
85 35
85 36
85 39
85 41
85 42
85 45
85 46
85 48
85 50
85 54
85 56
85 58
85 60
85 62
85 63
85 65
85 68
85 69
85 72
85 74
85 77
85 78
85 79
85 80
85 83
85 85
85 90
85 92
85 93
85 94
85 96
85 98
85 100
85 102
85 104
85 105
85 107
85 108
85 109
85 111
85 120
85 123
85 124
85 125
85 126
85 127
86 2
86 3
86 4
86 8
86 9
86 10
86 12
86 13
86 16
86 18
86 19
86 25
86 28
86 29
86 30
86 34
86 37
86 39
86 40
86 41
86 42
86 45
86 50
86 51
86 54
86 55
86 56
86 57
86 58
86 60
86 64
86 66
86 68
86 72
86 75
86 78
86 79
86 81
86 83
86 85
86 87
86 88
86 90
86 91
86 92
86 93
86 95
86 96
86 97
86 100
86 101
86 102
86 103
86 105
86 106
86 107
86 108
86 109
86 111
86 117
86 125
86 126
86 127
87 0
87 1
87 2
87 4
87 9
87 11
87 12
87 13
87 15
87 17
87 18
87 20
87 21
87 23
87 24
87 25
87 31
87 32
87 34
87 35
87 39
87 42
87 43
87 46
87 47
87 48
87 49
87 50
87 57
87 58
87 63
87 64
87 65
87 66
87 67
87 68
87 69
87 71
87 72
87 75
87 76
87 77
87 79
87 80
87 81
87 83
87 85
87 87
87 88
87 89
87 90
87 92
87 93
87 94
87 95
87 96
87 102
87 103
87 104
87 106
87 107
87 108
87 109
87 111
87 114
87 118
87 121
87 123
87 126
87 127
88 1
88 3
88 5
88 9
88 10
88 11
88 13
88 15
88 17
88 21
88 22
88 23
88 26
88 29
88 30
88 32
88 36
88 37
88 38
88 40
88 42
88 43
88 45
88 49
88 50
88 52
88 56
88 57
88 61
88 62
88 63
88 66
88 67
88 68
88 69
88 70
88 72
88 81
88 85
88 86
88 87
88 88
88 90
88 93
88 94
88 96
88 97
88 98
88 101
88 104
88 106
88 108
88 109
88 111
88 112
88 114
88 119
88 124
88 125
88 127
89 0
89 2
89 6
89 8
89 16
89 17
89 20
89 22
89 24
89 25
89 26
89 31
89 34
89 36
89 39
89 40
89 42
89 44
89 46
89 51
89 54
89 55
89 56
89 58
89 59
89 60
89 62
89 64
89 65
89 66
89 67
89 68
89 70
89 71
89 74
89 75
89 79
89 81
89 82
89 86
89 88
89 90
89 92
89 93
89 95
89 98
89 99
89 104
89 105
89 107
89 109
89 110
89 113
89 116
89 120
89 124
89 126
90 5
90 7
90 8
90 13
90 15
90 16
90 17
90 19
90 20
90 21
90 25
90 30
90 35
90 36
90 39
90 41
90 43
90 44
90 45
90 47
90 48
90 49
90 51
90 52
90 53
90 55
90 57
90 58
90 59
90 60
90 62
90 68
90 71
90 73
90 74
90 75
90 76
90 77
90 81
90 83
90 86
90 88
90 89
90 93
90 96
90 98
90 99
90 100
90 101
90 103
90 106
90 107
90 109
90 116
90 117
90 120
90 121
90 124
90 126
91 2
91 3
91 4
91 6
91 8
91 9
91 10
91 11
91 14
91 18
91 19
91 23
91 24
91 25
91 27
91 28
91 29
91 35
91 36
91 37
91 39
91 40
91 41
91 44
91 45
91 47
91 48
91 50
91 51
91 53
91 54
91 56
91 59
91 62
91 63
91 64
91 67
91 68
91 69
91 70
91 74
91 75
91 78
91 81
91 88
91 89
91 93
91 94
91 97
91 104
91 105
91 107
91 108
91 109
91 112
91 113
91 114
91 115
91 117
91 118
91 119
91 120
91 123
91 126
92 1
92 2
92 3
92 4
92 5
92 6
92 8
92 12
92 13
92 14
92 15
92 16
92 17
92 18
92 20
92 21
92 22
92 24
92 25
92 27
92 28
92 29
92 30
92 31
92 34
92 35
92 38
92 41
92 42
92 44
92 45
92 46
92 48
92 49
92 50
92 51
92 53
92 55
92 58
92 63
92 64
92 66
92 69
92 70
92 72
92 73
92 74
92 76
92 78
92 80
92 81
92 82
92 85
92 87
92 89
92 92
92 93
92 95
92 97
92 98
92 100
92 107
92 109
92 110
92 111
92 114
92 115
92 116
92 117
92 118
92 119
92 120
92 121
92 122
92 124
92 125
93 0
93 1
93 2
93 4
93 5
93 11
93 12
93 14
93 15
93 16
93 22
93 23
93 24
93 25
93 26
93 31
93 32
93 35
93 37
93 39
93 40
93 41
93 46
93 49
93 52
93 55
93 56
93 58
93 59
93 61
93 62
93 63
93 64
93 65
93 69
93 70
93 72
93 74
93 78
93 79
93 80
93 81
93 82
93 87
93 89
93 90
93 93
93 94
93 95
93 96
93 98
93 99
93 100
93 106
93 108
93 109
93 110
93 111
93 112
93 113
93 114
93 115
93 117
93 119
93 120
93 123
93 124
94 0
94 1
94 2
94 3
94 5
94 7
94 9
94 10
94 12
94 14
94 16
94 18
94 20
94 21
94 22
94 26
94 27
94 29
94 30
94 32
94 33
94 34
94 36
94 40
94 41
94 42
94 44
94 45
94 46
94 50
94 52
94 54
94 56
94 57
94 58
94 60
94 63
94 66
94 67
94 68
94 69
94 72
94 75
94 76
94 78
94 81
94 85
94 86
94 88
94 89
94 90
94 92
94 94
94 95
94 97
94 98
94 99
94 103
94 109
94 110
94 111
94 112
94 113
94 114
94 115
94 116
94 117
94 119
94 120
94 121
94 122
94 124
94 125
94 127
95 1
95 3
95 6
95 7
95 8
95 11
95 14
95 16
95 20
95 22
95 23
95 26
95 27
95 28
95 33
95 36
95 38
95 40
95 41
95 46
95 47
95 48
95 53
95 58
95 59
95 60
95 62
95 64
95 67
95 69
95 70
95 75
95 77
95 78
95 81
95 82
95 84
95 86
95 87
95 90
95 94
95 95
95 97
95 98
95 99
95 100
95 101
95 102
95 103
95 105
95 106
95 107
95 108
95 112
95 114
95 116
95 117
95 121
95 122
95 123
95 124
95 125
96 0
96 1
96 7
96 9
96 10
96 11
96 12
96 14
96 15
96 16
96 17
96 18
96 20
96 25
96 27
96 30
96 33
96 34
96 35
96 36
96 38
96 41
96 43
96 45
96 46
96 47
96 49
96 50
96 51
96 54
96 56
96 57
96 63
96 66
96 71
96 73
96 75
96 76
96 80
96 82
96 83
96 85
96 86
96 88
96 89
96 90
96 91
96 92
96 95
96 96
96 99
96 100
96 101
96 104
96 106
96 107
96 112
96 115
96 117
96 118
96 119
96 121
96 123
96 124
96 125
96 126
97 1
97 2
97 4
97 6
97 9
97 10
97 14
97 17
97 18
97 19
97 20
97 22
97 24
97 25
97 26
97 27
97 31
97 33
97 35
97 36
97 39
97 41
97 42
97 45
97 46
97 49
97 51
97 52
97 54
97 55
97 56
97 57
97 58
97 59
97 61
97 62
97 63
97 64
97 75
97 76
97 77
97 79
97 80
97 82
97 85
97 87
97 89
97 90
97 91
97 101
97 104
97 105
97 109
97 111
97 113
97 114
97 119
97 120
97 122
97 124
97 127
98 3
98 6
98 7
98 9
98 10
98 11
98 16
98 19
98 20
98 21
98 23
98 25
98 26
98 27
98 30
98 34
98 36
98 38
98 40
98 42
98 44
98 45
98 46
98 48
98 49
98 50
98 52
98 55
98 56
98 59
98 61
98 63
98 65
98 66
98 67
98 70
98 77
98 80
98 81
98 84
98 85
98 87
98 89
98 92
98 94
98 95
98 97
98 98
98 99
98 100
98 101
98 104
98 106
98 108
98 109
98 111
98 112
98 113
98 114
98 115
98 117
98 118
98 119
98 121
98 122
98 123
98 125
98 126
98 127
99 1
99 3
99 5
99 6
99 9
99 13
99 15
99 16
99 17
99 18
99 19
99 22
99 24
99 27
99 28
99 30
99 32
99 36
99 38
99 39
99 40
99 41
99 42
99 45
99 46
99 48
99 50
99 51
99 53
99 55
99 56
99 58
99 60
99 61
99 62
99 63
99 66
99 70
99 72
99 73
99 74
99 75
99 80
99 84
99 85
99 86
99 87
99 88
99 89
99 91
99 92
99 93
99 94
99 97
99 100
99 102
99 104
99 105
99 107
99 108
99 111
99 112
99 116
99 117
99 119
99 120
99 123
99 124
99 125
99 126
99 127
100 5
100 9
100 10
100 12
100 14
100 15
100 17
100 20
100 24
100 25
100 27
100 28
100 29
100 31
100 34
100 40
100 41
100 49
100 52
100 56
100 57
100 60
100 61
100 63
100 64
100 66
100 67
100 68
100 69
100 71
100 73
100 75
100 76
100 79
100 80
100 83
100 84
100 87
100 88
100 89
100 90
100 91
100 92
100 95
100 96
100 99
100 100
100 102
100 104
100 106
100 107
100 108
100 109
100 110
100 111
100 114
100 119
100 123
100 124
100 125
100 127
101 0
101 3
101 4
101 6
101 7
101 9
101 11
101 12
101 13
101 17
101 18
101 19
101 20
101 22
101 24
101 25
101 31
101 32
101 33
101 34
101 39
101 40
101 42
101 43
101 48
101 50
101 55
101 57
101 58
101 61
101 62
101 63
101 65
101 66
101 68
101 71
101 74
101 78
101 80
101 81
101 86
101 87
101 89
101 92
101 96
101 99
101 100
101 103
101 104
101 107
101 108
101 109
101 111
101 112
101 114
101 116
101 117
101 118
101 119
101 121
101 122
101 123
101 126
101 127
102 2
102 5
102 6
102 8
102 9
102 10
102 12
102 17
102 21
102 23
102 24
102 25
102 27
102 28
102 30
102 39
102 40
102 44
102 45
102 47
102 48
102 49
102 54
102 55
102 56
102 57
102 58
102 59
102 64
102 66
102 68
102 70
102 71
102 73
102 74
102 75
102 76
102 77
102 78
102 80
102 81
102 83
102 85
102 87
102 89
102 91
102 93
102 95
102 103
102 104
102 105
102 108
102 109
102 110
102 111
102 112
102 113
102 114
102 115
102 116
102 121
102 124
102 125
102 127
103 3
103 4
103 6
103 7
103 9
103 10
103 14
103 18
103 19
103 20
103 22
103 24
103 26
103 35
103 37
103 38
103 40
103 41
103 45
103 47
103 48
103 50
103 53
103 54
103 55
103 56
103 57
103 64
103 65
103 66
103 69
103 70
103 77
103 82
103 83
103 85
103 87
103 89
103 90
103 91
103 93
103 94
103 96
103 97
103 99
103 102
103 103
103 104
103 107
103 109
103 110
103 111
103 112
103 113
103 115
103 117
103 120
103 123
103 124
103 125
103 126
103 127
104 2
104 4
104 6
104 10
104 11
104 15
104 16
104 17
104 18
104 22
104 25
104 27
104 30
104 32
104 33
104 35
104 44
104 46
104 48
104 49
104 51
104 52
104 53
104 55
104 56
104 57
104 58
104 60
104 61
104 62
104 63
104 66
104 67
104 72
104 73
104 78
104 79
104 80
104 82
104 83
104 84
104 85
104 89
104 90
104 91
104 92
104 95
104 98
104 100
104 101
104 102
104 103
104 104
104 107
104 108
104 109
104 113
104 115
104 117
104 122
104 123
105 1
105 6
105 7
105 8
105 14
105 17
105 18
105 20
105 21
105 22
105 23
105 24
105 26
105 28
105 29
105 34
105 35
105 39
105 40
105 41
105 42
105 43
105 44
105 46
105 47
105 48
105 50
105 52
105 53
105 54
105 55
105 57
105 59
105 60
105 66
105 70
105 71
105 73
105 76
105 78
105 83
105 85
105 86
105 87
105 88
105 89
105 90
105 92
105 93
105 95
105 96
105 98
105 100
105 102
105 103
105 106
105 107
105 110
105 112
105 113
105 117
105 119
105 124
106 0
106 1
106 2
106 8
106 12
106 14
106 16
106 19
106 21
106 30
106 31
106 34
106 35
106 36
106 37
106 39
106 42
106 44
106 46
106 47
106 48
106 49
106 50
106 52
106 53
106 54
106 55
106 56
106 57
106 58
106 59
106 64
106 65
106 66
106 71
106 72
106 73
106 74
106 77
106 78
106 80
106 82
106 83
106 84
106 86
106 88
106 93
106 97
106 98
106 99
106 100
106 101
106 102
106 103
106 104
106 105
106 109
106 111
106 112
106 113
106 116
106 117
106 118
106 119
106 120
106 122
106 127
107 0
107 1
107 3
107 5
107 6
107 8
107 12
107 13
107 16
107 18
107 20
107 21
107 23
107 25
107 26
107 28
107 29
107 30
107 31
107 33
107 37
107 38
107 39
107 41
107 42
107 43
107 44
107 45
107 51
107 52
107 54
107 55
107 56
107 57
107 58
107 60
107 61
107 63
107 66
107 69
107 71
107 72
107 74
107 76
107 77
107 80
107 81
107 84
107 85
107 88
107 89
107 90
107 93
107 99
107 100
107 101
107 102
107 103
107 105
107 106
107 108
107 109
107 110
107 112
107 115
107 117
107 122
107 123
107 124
107 125
108 1
108 4
108 5
108 6
108 7
108 8
108 9
108 11
108 14
108 15
108 16
108 21
108 22
108 24
108 26
108 31
108 32
108 33
108 34
108 40
108 44
108 45
108 47
108 48
108 52
108 53
108 54
108 55
108 56
108 59
108 62
108 63
108 64
108 67
108 69
108 70
108 71
108 72
108 73
108 74
108 77
108 78
108 80
108 82
108 83
108 84
108 91
108 93
108 95
108 97
108 99
108 101
108 103
108 106
108 111
108 113
108 114
108 115
108 117
108 118
108 120
108 124
108 125
109 0
109 4
109 9
109 11
109 12
109 16
109 18
109 20
109 21
109 25
109 26
109 27
109 30
109 31
109 32
109 35
109 36
109 39
109 40
109 42
109 45
109 46
109 48
109 50
109 51
109 53
109 55
109 57
109 59
109 60
109 67
109 68
109 69
109 70
109 72
109 74
109 75
109 76
109 81
109 83
109 84
109 89
109 90
109 97
109 103
109 104
109 108
109 109
109 112
109 114
109 115
109 117
109 119
109 120
109 122
109 123
109 125
109 126
109 127
110 0
110 3
110 4
110 7
110 12
110 16
110 20
110 21
110 23
110 28
110 29
110 33
110 34
110 35
110 38
110 39
110 40
110 42
110 45
110 51
110 53
110 55
110 56
110 57
110 58
110 59
110 60
110 61
110 62
110 64
110 65
110 66
110 69
110 70
110 71
110 72
110 73
110 80
110 82
110 83
110 85
110 86
110 87
110 88
110 91
110 94
110 95
110 100
110 101
110 103
110 109
110 111
110 112
110 114
110 115
110 118
110 120
110 121
110 122
110 125
110 127
111 1
111 3
111 4
111 7
111 13
111 14
111 20
111 21
111 23
111 26
111 27
111 35
111 36
111 37
111 38
111 39
111 42
111 47
111 48
111 49
111 51
111 52
111 56
111 57
111 63
111 66
111 68
111 69
111 70
111 73
111 74
111 77
111 79
111 80
111 86
111 90
111 92
111 93
111 96
111 97
111 101
111 102
111 103
111 105
111 107
111 108
111 109
111 110
111 111
111 112
111 114
111 115
111 117
111 120
111 121
111 122
111 123
111 124
111 125
111 126
111 127
112 4
112 5
112 9
112 10
112 11
112 13
112 14
112 19
112 23
112 30
112 31
112 33
112 34
112 35
112 42
112 46
112 53
112 54
112 58
112 59
112 61
112 62
112 66
112 77
112 78
112 79
112 80
112 81
112 83
112 84
112 87
112 89
112 94
112 96
112 97
112 98
112 102
112 103
112 105
112 107
112 111
112 112
112 117
112 120
112 122
112 123
112 124
112 125
113 0
113 2
113 9
113 10
113 12
113 13
113 14
113 15
113 17
113 20
113 21
113 22
113 24
113 25
113 26
113 27
113 30
113 31
113 32
113 34
113 35
113 37
113 38
113 39
113 40
113 42
113 43
113 45
113 46
113 49
113 51
113 53
113 56
113 59
113 61
113 62
113 64
113 65
113 66
113 70
113 76
113 78
113 80
113 81
113 82
113 84
113 87
113 88
113 89
113 90
113 91
113 93
113 94
113 96
113 98
113 99
113 101
113 103
113 107
113 108
113 109
113 111
113 112
113 113
113 114
113 118
113 122
113 123
113 126
114 1
114 2
114 4
114 6
114 11
114 12
114 17
114 20
114 21
114 22
114 23
114 25
114 26
114 27
114 28
114 31
114 33
114 34
114 35
114 38
114 39
114 40
114 42
114 43
114 44
114 46
114 48
114 50
114 51
114 53
114 59
114 60
114 61
114 62
114 64
114 66
114 69
114 74
114 76
114 77
114 78
114 80
114 83
114 84
114 85
114 88
114 93
114 95
114 96
114 98
114 100
114 101
114 105
114 112
114 113
114 114
114 116
114 119
114 121
114 122
114 124
115 4
115 6
115 8
115 15
115 17
115 18
115 20
115 21
115 23
115 25
115 27
115 28
115 30
115 33
115 35
115 36
115 38
115 41
115 44
115 45
115 46
115 49
115 52
115 54
115 55
115 57
115 58
115 61
115 64
115 65
115 67
115 69
115 71
115 74
115 76
115 78
115 82
115 84
115 88
115 89
115 97
115 98
115 99
115 102
115 103
115 104
115 105
115 106
115 107
115 108
115 110
115 112
115 113
115 118
115 120
115 121
115 126
115 127
116 1
116 6
116 8
116 9
116 10
116 11
116 13
116 19
116 22
116 24
116 25
116 27
116 28
116 29
116 34
116 36
116 38
116 40
116 41
116 47
116 48
116 52
116 55
116 56
116 58
116 60
116 61
116 62
116 63
116 64
116 65
116 66
116 68
116 71
116 72
116 73
116 74
116 75
116 78
116 79
116 80
116 82
116 85
116 86
116 87
116 88
116 89
116 92
116 95
116 96
116 98
116 99
116 100
116 103
116 107
116 110
116 111
116 113
116 114
116 120
116 121
116 122
116 123
116 124
116 126
116 127
117 1
117 6
117 7
117 10
117 12
117 13
117 14
117 15
117 16
117 17
117 18
117 19
117 21
117 30
117 33
117 35
117 36
117 38
117 42
117 45
117 46
117 47
117 52
117 53
117 54
117 59
117 60
117 62
117 63
117 66
117 67
117 70
117 73
117 74
117 75
117 76
117 78
117 80
117 84
117 85
117 86
117 87
117 89
117 90
117 92
117 96
117 99
117 100
117 101
117 106
117 107
117 108
117 109
117 110
117 113
117 118
117 122
117 124
117 125
118 4
118 8
118 9
118 11
118 14
118 16
118 17
118 22
118 24
118 25
118 27
118 29
118 33
118 35
118 37
118 38
118 40
118 41
118 43
118 44
118 45
118 46
118 47
118 50
118 51
118 52
118 53
118 57
118 58
118 59
118 60
118 61
118 63
118 65
118 71
118 76
118 78
118 82
118 84
118 87
118 88
118 89
118 91
118 93
118 94
118 97
118 98
118 100
118 102
118 105
118 107
118 112
118 117
118 120
118 121
118 122
118 125
118 127
119 2
119 3
119 10
119 12
119 13
119 15
119 18
119 25
119 27
119 28
119 29
119 30
119 35
119 36
119 37
119 38
119 39
119 42
119 44
119 45
119 46
119 48
119 50
119 54
119 56
119 57
119 59
119 61
119 62
119 63
119 67
119 68
119 70
119 71
119 72
119 73
119 76
119 78
119 82
119 85
119 90
119 92
119 94
119 99
119 100
119 101
119 102
119 104
119 110
119 111
119 114
119 115
119 119
119 120
119 122
119 124
119 127
120 0
120 1
120 2
120 3
120 5
120 7
120 9
120 10
120 15
120 22
120 23
120 24
120 25
120 29
120 30
120 31
120 33
120 35
120 36
120 38
120 39
120 41
120 43
120 44
120 46
120 47
120 48
120 51
120 52
120 54
120 57
120 60
120 62
120 63
120 64
120 65
120 67
120 73
120 76
120 77
120 79
120 80
120 84
120 90
120 91
120 92
120 95
120 98
120 99
120 101
120 104
120 105
120 107
120 108
120 110
120 111
120 112
120 116
120 118
120 119
120 124
120 125
120 127
121 2
121 7
121 9
121 11
121 12
121 13
121 14
121 20
121 21
121 22
121 27
121 29
121 30
121 31
121 32
121 34
121 35
121 37
121 38
121 39
121 44
121 45
121 47
121 48
121 49
121 53
121 58
121 63
121 65
121 66
121 68
121 69
121 70
121 71
121 72
121 75
121 77
121 79
121 80
121 81
121 82
121 83
121 85
121 86
121 87
121 89
121 94
121 96
121 98
121 103
121 105
121 106
121 108
121 112
121 113
121 114
121 116
121 117
121 118
121 120
121 121
121 126
121 127
122 0
122 6
122 8
122 11
122 12
122 14
122 17
122 18
122 19
122 23
122 29
122 30
122 32
122 37
122 39
122 41
122 43
122 44
122 45
122 46
122 49
122 51
122 53
122 57
122 58
122 61
122 63
122 66
122 67
122 72
122 74
122 75
122 76
122 79
122 80
122 82
122 83
122 86
122 88
122 91
122 93
122 95
122 96
122 99
122 103
122 104
122 109
122 110
122 118
122 122
122 123
122 125
122 126
122 127
123 0
123 2
123 3
123 4
123 5
123 6
123 10
123 11
123 13
123 19
123 20
123 21
123 24
123 29
123 31
123 32
123 33
123 36
123 38
123 39
123 43
123 44
123 46
123 47
123 48
123 49
123 50
123 51
123 53
123 55
123 56
123 57
123 59
123 60
123 61
123 63
123 64
123 65
123 69
123 71
123 72
123 74
123 75
123 76
123 77
123 78
123 81
123 82
123 84
123 86
123 88
123 89
123 92
123 94
123 95
123 97
123 98
123 99
123 101
123 102
123 104
123 107
123 114
123 115
123 116
123 118
123 120
123 121
123 125
123 126
124 2
124 8
124 10
124 11
124 12
124 13
124 17
124 18
124 20
124 26
124 27
124 28
124 31
124 33
124 36
124 38
124 39
124 40
124 42
124 47
124 48
124 50
124 52
124 56
124 58
124 59
124 62
124 63
124 66
124 67
124 70
124 71
124 72
124 74
124 76
124 77
124 79
124 81
124 85
124 86
124 87
124 92
124 94
124 95
124 96
124 97
124 99
124 100
124 104
124 105
124 109
124 111
124 112
124 113
124 114
124 116
124 117
124 119
124 120
124 124
124 125
125 0
125 1
125 3
125 4
125 6
125 8
125 12
125 21
125 22
125 23
125 24
125 25
125 26
125 27
125 29
125 35
125 36
125 38
125 43
125 44
125 45
125 46
125 47
125 50
125 51
125 52
125 55
125 58
125 59
125 63
125 65
125 70
125 71
125 74
125 75
125 77
125 78
125 81
125 82
125 83
125 84
125 85
125 88
125 90
125 92
125 94
125 97
125 99
125 100
125 101
125 103
125 104
125 105
125 113
125 117
125 121
125 122
125 123
125 124
126 0
126 1
126 2
126 5
126 6
126 7
126 8
126 9
126 14
126 15
126 17
126 19
126 21
126 23
126 24
126 25
126 28
126 32
126 33
126 36
126 37
126 38
126 39
126 40
126 44
126 45
126 47
126 49
126 52
126 55
126 57
126 58
126 60
126 61
126 64
126 65
126 67
126 68
126 69
126 76
126 79
126 82
126 87
126 88
126 89
126 90
126 94
126 95
126 96
126 98
126 100
126 102
126 103
126 107
126 108
126 109
126 112
126 116
126 117
126 118
126 120
126 121
126 125
126 127
127 0
127 3
127 8
127 9
127 11
127 13
127 14
127 15
127 19
127 20
127 24
127 25
127 26
127 32
127 33
127 35
127 36
127 37
127 44
127 45
127 47
127 48
127 52
127 53
127 55
127 58
127 59
127 62
127 68
127 69
127 71
127 72
127 75
127 76
127 77
127 78
127 80
127 81
127 82
127 83
127 84
127 87
127 88
127 93
127 94
127 95
127 97
127 98
127 99
127 100
127 104
127 106
127 108
127 112
127 114
127 115
127 117
127 119
127 120
127 122
127 125
127 126
127 127
