0 0
0 1
0 6
0 7
0 11
0 12
0 19
0 21
0 23
0 25
0 27
0 28
0 31
0 32
0 34
0 36
0 37
0 38
0 39
0 41
0 50
0 53
0 54
0 55
0 59
0 61
0 63
0 65
0 68
0 69
0 72
0 73
0 77
0 80
0 81
0 85
0 90
0 91
0 93
0 95
0 98
0 101
0 102
0 104
0 110
0 114
0 116
0 117
0 119
0 120
0 122
0 125
0 126
0 127
1 1
1 3
1 4
1 7
1 9
1 10
1 14
1 18
1 20
1 21
1 22
1 23
1 24
1 26
1 28
1 30
1 31
1 32
1 36
1 37
1 39
1 40
1 41
1 43
1 45
1 49
1 53
1 54
1 56
1 58
1 59
1 61
1 63
1 65
1 66
1 71
1 72
1 76
1 77
1 80
1 83
1 85
1 87
1 88
1 91
1 92
1 93
1 96
1 97
1 100
1 102
1 103
1 106
1 108
1 118
1 120
1 123
1 127
2 1
2 2
2 3
2 4
2 6
2 7
2 8
2 11
2 14
2 15
2 20
2 23
2 28
2 31
2 33
2 34
2 36
2 37
2 40
2 42
2 43
2 44
2 47
2 50
2 51
2 52
2 56
2 57
2 59
2 67
2 68
2 70
2 72
2 75
2 76
2 77
2 80
2 83
2 85
2 87
2 88
2 95
2 96
2 98
2 100
2 102
2 104
2 105
2 108
2 109
2 110
2 111
2 112
2 113
2 117
2 124
2 127
3 0
3 2
3 4
3 6
3 7
3 8
3 11
3 12
3 13
3 14
3 15
3 18
3 19
3 21
3 23
3 25
3 26
3 29
3 30
3 31
3 33
3 34
3 35
3 41
3 42
3 43
3 46
3 50
3 52
3 56
3 57
3 59
3 65
3 66
3 69
3 71
3 72
3 73
3 75
3 76
3 78
3 82
3 84
3 86
3 87
3 88
3 92
3 95
3 98
3 100
3 102
3 105
3 106
3 110
3 111
3 113
3 118
3 120
3 125
4 2
4 4
4 7
4 9
4 10
4 11
4 12
4 13
4 14
4 15
4 21
4 22
4 24
4 27
4 29
4 30
4 31
4 33
4 35
4 36
4 37
4 39
4 43
4 45
4 46
4 47
4 49
4 50
4 52
4 54
4 56
4 59
4 65
4 66
4 68
4 70
4 71
4 73
4 74
4 76
4 78
4 79
4 80
4 81
4 84
4 86
4 88
4 90
4 94
4 95
4 96
4 97
4 98
4 101
4 102
4 103
4 104
4 106
4 107
4 108
4 112
4 113
4 114
4 116
4 117
4 118
4 119
4 120
4 126
4 127
5 0
5 3
5 4
5 7
5 10
5 11
5 13
5 16
5 17
5 18
5 19
5 21
5 23
5 24
5 26
5 27
5 28
5 31
5 32
5 33
5 35
5 37
5 38
5 40
5 42
5 44
5 45
5 47
5 48
5 53
5 54
5 55
5 57
5 58
5 61
5 64
5 65
5 66
5 67
5 69
5 70
5 72
5 78
5 80
5 82
5 85
5 86
5 89
5 91
5 92
5 93
5 94
5 97
5 99
5 100
5 102
5 103
5 106
5 107
5 109
5 112
5 113
5 115
5 117
5 118
5 123
5 124
6 2
6 3
6 4
6 8
6 9
6 10
6 11
6 13
6 14
6 15
6 16
6 19
6 20
6 21
6 22
6 24
6 27
6 28
6 29
6 30
6 33
6 38
6 39
6 41
6 42
6 44
6 48
6 50
6 51
6 52
6 53
6 54
6 57
6 58
6 60
6 63
6 64
6 66
6 67
6 68
6 69
6 70
6 72
6 73
6 74
6 75
6 77
6 78
6 80
6 82
6 83
6 84
6 85
6 89
6 92
6 94
6 95
6 98
6 102
6 104
6 105
6 106
6 107
6 108
6 109
6 110
6 112
6 117
6 119
6 120
6 121
6 122
7 0
7 4
7 9
7 10
7 11
7 13
7 14
7 19
7 20
7 21
7 26
7 27
7 29
7 30
7 35
7 38
7 39
7 41
7 42
7 46
7 50
7 51
7 52
7 53
7 55
7 58
7 59
7 63
7 64
7 67
7 68
7 71
7 74
7 75
7 77
7 78
7 79
7 80
7 82
7 86
7 89
7 91
7 93
7 95
7 98
7 99
7 103
7 105
7 106
7 109
7 111
7 112
7 113
7 114
7 115
7 116
7 120
7 121
7 124
7 126
8 1
8 2
8 3
8 5
8 6
8 7
8 12
8 13
8 14
8 15
8 16
8 17
8 19
8 22
8 23
8 27
8 28
8 29
8 30
8 32
8 41
8 47
8 48
8 49
8 51
8 52
8 55
8 60
8 64
8 65
8 66
8 69
8 73
8 76
8 77
8 79
8 80
8 81
8 86
8 90
8 96
8 97
8 98
8 99
8 101
8 104
8 105
8 106
8 107
8 109
8 113
8 117
8 118
8 122
8 126
8 127
9 0
9 4
9 8
9 11
9 14
9 16
9 18
9 19
9 20
9 21
9 22
9 25
9 26
9 31
9 33
9 35
9 36
9 38
9 39
9 41
9 43
9 45
9 46
9 52
9 53
9 57
9 59
9 61
9 62
9 66
9 67
9 69
9 70
9 73
9 74
9 75
9 76
9 77
9 78
9 83
9 84
9 86
9 87
9 89
9 91
9 92
9 93
9 94
9 95
9 100
9 101
9 103
9 105
9 108
9 110
9 113
9 114
9 116
9 117
9 120
9 121
9 122
9 123
9 125
9 126
10 0
10 5
10 6
10 8
10 10
10 11
10 12
10 14
10 16
10 17
10 18
10 19
10 21
10 23
10 24
10 26
10 28
10 29
10 30
10 31
10 38
10 44
10 50
10 51
10 53
10 54
10 57
10 59
10 62
10 63
10 64
10 71
10 72
10 73
10 75
10 76
10 80
10 86
10 87
10 90
10 93
10 94
10 102
10 103
10 104
10 107
10 109
10 110
10 111
10 115
10 117
10 123
10 124
10 125
10 126
10 127
11 1
11 3
11 6
11 9
11 10
11 11
11 13
11 14
11 16
11 18
11 19
11 20
11 21
11 22
11 23
11 25
11 26
11 33
11 34
11 36
11 38
11 42
11 43
11 45
11 47
11 48
11 50
11 52
11 55
11 56
11 57
11 59
11 61
11 62
11 65
11 66
11 67
11 69
11 72
11 73
11 74
11 78
11 79
11 81
11 82
11 83
11 84
11 86
11 87
11 90
11 91
11 93
11 96
11 97
11 98
11 102
11 105
11 108
11 110
11 111
11 113
11 116
11 117
11 118
11 121
11 123
11 124
11 126
11 127
12 1
12 2
12 4
12 6
12 7
12 8
12 9
12 13
12 15
12 16
12 17
12 19
12 21
12 22
12 25
12 26
12 31
12 32
12 33
12 44
12 46
12 47
12 48
12 49
12 50
12 52
12 54
12 55
12 56
12 59
12 61
12 63
12 66
12 67
12 68
12 70
12 71
12 73
12 74
12 78
12 79
12 81
12 82
12 83
12 84
12 85
12 87
12 88
12 89
12 91
12 92
12 95
12 97
12 98
12 99
12 100
12 103
12 105
12 107
12 108
12 109
12 110
12 113
12 115
12 116
12 119
12 121
12 126
12 127
13 0
13 1
13 2
13 3
13 4
13 6
13 9
13 13
13 14
13 15
13 19
13 22
13 27
13 31
13 33
13 38
13 40
13 41
13 43
13 48
13 49
13 51
13 52
13 54
13 56
13 57
13 59
13 60
13 62
13 65
13 67
13 72
13 74
13 75
13 76
13 77
13 78
13 80
13 81
13 83
13 85
13 88
13 89
13 96
13 102
13 103
13 106
13 107
13 110
13 113
13 115
13 118
13 123
13 124
13 125
14 1
14 3
14 5
14 6
14 7
14 10
14 13
14 15
14 16
14 17
14 18
14 19
14 24
14 26
14 28
14 33
14 34
14 35
14 36
14 37
14 41
14 42
14 44
14 45
14 46
14 48
14 52
14 53
14 55
14 56
14 57
14 60
14 62
14 69
14 71
14 77
14 78
14 81
14 83
14 88
14 95
14 96
14 97
14 98
14 99
14 101
14 103
14 106
14 107
14 108
14 109
14 113
14 114
14 115
14 116
14 120
14 122
14 123
14 124
14 125
14 126
14 127
15 6
15 8
15 9
15 10
15 11
15 13
15 14
15 15
15 16
15 17
15 20
15 23
15 24
15 25
15 26
15 27
15 28
15 30
15 31
15 32
15 34
15 37
15 39
15 43
15 46
15 48
15 49
15 52
15 53
15 54
15 55
15 58
15 59
15 60
15 61
15 63
15 64
15 66
15 67
15 70
15 73
15 75
15 76
15 77
15 78
15 79
15 82
15 84
15 85
15 91
15 92
15 94
15 95
15 96
15 97
15 98
15 99
15 102
15 104
15 107
15 108
15 109
15 110
15 113
15 114
15 119
15 120
15 123
15 125
16 1
16 2
16 3
16 4
16 6
16 7
16 8
16 9
16 11
16 13
16 14
16 16
16 17
16 19
16 20
16 21
16 22
16 23
16 25
16 27
16 28
16 29
16 30
16 33
16 36
16 37
16 41
16 42
16 44
16 47
16 49
16 50
16 51
16 52
16 56
16 57
16 58
16 60
16 62
16 63
16 64
16 68
16 70
16 76
16 77
16 79
16 81
16 82
16 83
16 89
16 90
16 92
16 95
16 96
16 98
16 100
16 107
16 108
16 109
16 111
16 112
16 113
16 114
16 117
16 118
16 122
16 123
17 1
17 2
17 3
17 4
17 5
17 8
17 10
17 11
17 12
17 16
17 17
17 18
17 19
17 20
17 24
17 25
17 26
17 28
17 29
17 30
17 31
17 34
17 35
17 36
17 37
17 40
17 43
17 45
17 46
17 47
17 48
17 50
17 52
17 57
17 60
17 65
17 68
17 69
17 71
17 73
17 74
17 79
17 80
17 82
17 84
17 85
17 89
17 94
17 95
17 96
17 98
17 100
17 101
17 103
17 104
17 105
17 106
17 107
17 108
17 111
17 112
17 113
17 114
17 116
17 119
17 120
17 122
17 124
17 125
18 0
18 2
18 3
18 4
18 6
18 13
18 16
18 18
18 26
18 34
18 35
18 36
18 38
18 39
18 40
18 44
18 48
18 50
18 53
18 55
18 58
18 60
18 61
18 62
18 64
18 65
18 67
18 70
18 71
18 72
18 76
18 77
18 79
18 80
18 81
18 83
18 87
18 88
18 89
18 90
18 93
18 95
18 99
18 100
18 101
18 102
18 103
18 106
18 107
18 113
18 114
18 117
18 118
18 119
18 123
18 124
18 126
19 9
19 14
19 17
19 18
19 20
19 21
19 22
19 23
19 26
19 27
19 28
19 29
19 30
19 31
19 32
19 34
19 36
19 37
19 40
19 41
19 43
19 44
19 45
19 46
19 48
19 52
19 53
19 54
19 60
19 61
19 64
19 65
19 67
19 69
19 73
19 74
19 76
19 78
19 80
19 84
19 86
19 89
19 90
19 92
19 97
19 99
19 100
19 101
19 102
19 112
19 113
19 115
19 117
19 118
19 121
19 123
19 124
19 125
19 126
19 127
20 0
20 2
20 4
20 7
20 8
20 11
20 13
20 15
20 16
20 17
20 19
20 20
20 22
20 24
20 26
20 28
20 29
20 31
20 33
20 34
20 37
20 38
20 40
20 43
20 45
20 46
20 47
20 49
20 50
20 51
20 53
20 54
20 56
20 58
20 61
20 63
20 64
20 65
20 66
20 71
20 72
20 73
20 74
20 77
20 78
20 82
20 83
20 85
20 86
20 89
20 91
20 92
20 93
20 94
20 95
20 97
20 98
20 100
20 103
20 104
20 105
20 110
20 111
20 114
20 115
20 117
20 118
20 120
20 121
20 123
21 0
21 3
21 4
21 7
21 13
21 14
21 15
21 17
21 19
21 20
21 22
21 23
21 24
21 26
21 27
21 29
21 30
21 32
21 33
21 34
21 35
21 36
21 37
21 39
21 41
21 43
21 46
21 47
21 49
21 50
21 51
21 53
21 54
21 56
21 57
21 58
21 59
21 61
21 62
21 64
21 65
21 66
21 68
21 69
21 70
21 72
21 73
21 74
21 78
21 81
21 83
21 84
21 85
21 87
21 88
21 89
21 90
21 94
21 95
21 96
21 98
21 99
21 104
21 105
21 106
21 108
21 109
21 110
21 112
21 113
21 115
21 116
21 117
21 118
21 120
21 121
21 122
21 124
22 0
22 1
22 3
22 4
22 6
22 7
22 9
22 12
22 14
22 16
22 19
22 20
22 22
22 26
22 27
22 28
22 29
22 30
22 32
22 34
22 42
22 43
22 46
22 47
22 49
22 52
22 53
22 54
22 55
22 56
22 57
22 60
22 62
22 63
22 65
22 66
22 68
22 71
22 74
22 76
22 77
22 81
22 82
22 84
22 86
22 89
22 90
22 93
22 97
22 103
22 105
22 106
22 112
22 113
22 114
22 115
22 118
22 119
22 120
22 121
22 122
22 123
22 124
22 125
22 126
22 127
23 1
23 3
23 6
23 7
23 10
23 12
23 13
23 14
23 19
23 22
23 23
23 24
23 29
23 31
23 32
23 33
23 34
23 35
23 36
23 37
23 39
23 41
23 42
23 46
23 48
23 50
23 51
23 53
23 55
23 56
23 59
23 61
23 62
23 63
23 65
23 66
23 67
23 68
23 69
23 70
23 76
23 78
23 79
23 80
23 81
23 82
23 84
23 85
23 86
23 91
23 93
23 94
23 97
23 99
23 101
23 102
23 105
23 111
23 112
23 117
23 118
23 120
23 122
23 123
23 126
24 1
24 2
24 5
24 7
24 8
24 10
24 11
24 14
24 15
24 17
24 24
24 25
24 28
24 29
24 34
24 35
24 36
24 37
24 39
24 40
24 42
24 44
24 46
24 50
24 52
24 54
24 55
24 58
24 60
24 62
24 63
24 64
24 66
24 68
24 69
24 71
24 73
24 80
24 81
24 84
24 85
24 87
24 90
24 94
24 95
24 100
24 103
24 105
24 109
24 111
24 112
24 113
24 116
24 117
24 119
24 122
24 123
24 124
24 125
24 127
25 0
25 3
25 9
25 11
25 13
25 14
25 15
25 17
25 18
25 20
25 23
25 26
25 27
25 28
25 29
25 30
25 34
25 36
25 38
25 40
25 43
25 45
25 47
25 49
25 50
25 51
25 53
25 54
25 58
25 62
25 63
25 64
25 65
25 70
25 71
25 73
25 80
25 82
25 83
25 86
25 87
25 88
25 89
25 90
25 91
25 92
25 93
25 95
25 99
25 101
25 102
25 103
25 105
25 107
25 108
25 111
25 113
25 116
25 117
25 118
25 120
25 125
25 126
26 1
26 3
26 4
26 5
26 7
26 8
26 11
26 20
26 21
26 24
26 29
26 36
26 37
26 38
26 39
26 40
26 41
26 42
26 43
26 45
26 47
26 50
26 51
26 52
26 54
26 61
26 63
26 64
26 65
26 66
26 69
26 71
26 76
26 79
26 84
26 91
26 92
26 94
26 95
26 97
26 98
26 99
26 101
26 102
26 103
26 105
26 108
26 111
26 114
26 116
26 122
26 123
26 125
26 126
26 127
27 1
27 3
27 4
27 10
27 13
27 18
27 19
27 20
27 21
27 22
27 24
27 26
27 28
27 29
27 31
27 32
27 33
27 36
27 37
27 38
27 39
27 40
27 41
27 42
27 44
27 45
27 50
27 55
27 56
27 57
27 58
27 59
27 60
27 61
27 62
27 63
27 64
27 66
27 67
27 70
27 71
27 72
27 73
27 74
27 77
27 78
27 83
27 85
27 87
27 88
27 89
27 90
27 91
27 92
27 95
27 96
27 97
27 98
27 99
27 100
27 102
27 103
27 106
27 107
27 108
27 109
27 110
27 112
27 113
27 114
27 115
27 117
27 123
27 124
27 125
27 127
28 1
28 2
28 3
28 5
28 6
28 10
28 12
28 13
28 14
28 16
28 19
28 21
28 24
28 26
28 27
28 28
28 31
28 32
28 36
28 37
28 38
28 40
28 42
28 48
28 49
28 50
28 51
28 52
28 54
28 55
28 56
28 57
28 58
28 61
28 62
28 63
28 66
28 68
28 72
28 73
28 74
28 75
28 77
28 78
28 79
28 81
28 83
28 84
28 85
28 87
28 88
28 89
28 90
28 91
28 92
28 93
28 94
28 95
28 96
28 98
28 99
28 101
28 104
28 106
28 108
28 109
28 112
28 113
28 115
28 117
28 119
28 120
28 122
28 126
29 1
29 3
29 4
29 10
29 13
29 14
29 18
29 19
29 20
29 22
29 23
29 27
29 29
29 30
29 31
29 32
29 36
29 40
29 43
29 44
29 45
29 46
29 51
29 52
29 53
29 56
29 58
29 59
29 60
29 62
29 64
29 66
29 69
29 70
29 72
29 77
29 82
29 83
29 85
29 86
29 88
29 91
29 92
29 94
29 95
29 96
29 97
29 99
29 105
29 107
29 108
29 109
29 110
29 112
29 115
29 118
29 121
29 122
29 124
30 0
30 3
30 4
30 6
30 9
30 10
30 12
30 13
30 14
30 15
30 17
30 18
30 19
30 21
30 27
30 28
30 31
30 33
30 34
30 39
30 40
30 43
30 46
30 48
30 52
30 53
30 54
30 55
30 57
30 65
30 68
30 69
30 70
30 72
30 73
30 74
30 76
30 79
30 80
30 81
30 82
30 85
30 87
30 88
30 89
30 91
30 92
30 93
30 94
30 95
30 96
30 97
30 98
30 100
30 101
30 102
30 106
30 108
30 111
30 112
30 116
30 117
30 118
30 119
30 121
30 122
30 124
30 125
30 126
30 127
31 0
31 1
31 2
31 3
31 4
31 5
31 7
31 8
31 9
31 10
31 11
31 13
31 15
31 16
31 20
31 21
31 22
31 23
31 24
31 25
31 26
31 28
31 30
31 31
31 38
31 39
31 40
31 43
31 45
31 46
31 47
31 48
31 53
31 54
31 57
31 58
31 59
31 62
31 63
31 65
31 66
31 70
31 73
31 74
31 75
31 76
31 83
31 86
31 87
31 88
31 89
31 90
31 91
31 92
31 95
31 96
31 99
31 100
31 103
31 104
31 105
31 106
31 108
31 109
31 111
31 113
31 114
31 115
31 118
31 121
31 124
31 125
31 126
32 0
32 3
32 4
32 5
32 6
32 9
32 12
32 17
32 18
32 19
32 20
32 22
32 24
32 25
32 26
32 29
32 30
32 31
32 32
32 33
32 34
32 35
32 38
32 39
32 40
32 42
32 43
32 44
32 46
32 47
32 49
32 51
32 52
32 54
32 55
32 56
32 57
32 58
32 59
32 61
32 63
32 65
32 66
32 67
32 71
32 72
32 73
32 74
32 75
32 79
32 81
32 83
32 84
32 85
32 87
32 88
32 89
32 91
32 92
32 94
32 99
32 103
32 107
32 108
32 109
32 110
32 111
32 112
32 114
32 116
32 117
32 119
32 122
32 127
33 2
33 3
33 8
33 9
33 10
33 12
33 14
33 16
33 17
33 18
33 21
33 24
33 26
33 29
33 31
33 32
33 33
33 34
33 35
33 38
33 39
33 40
33 42
33 43
33 46
33 47
33 48
33 50
33 56
33 59
33 61
33 64
33 65
33 68
33 69
33 71
33 73
33 74
33 76
33 80
33 84
33 85
33 87
33 88
33 90
33 91
33 93
33 94
33 95
33 97
33 98
33 99
33 102
33 103
33 104
33 105
33 107
33 109
33 110
33 111
33 112
33 114
33 116
33 119
33 121
33 124
33 127
34 2
34 3
34 4
34 5
34 6
34 7
34 8
34 10
34 12
34 14
34 17
34 18
34 19
34 20
34 22
34 24
34 25
34 26
34 27
34 28
34 30
34 31
34 33
34 37
34 38
34 39
34 41
34 42
34 45
34 46
34 48
34 51
34 56
34 57
34 59
34 62
34 63
34 66
34 67
34 68
34 69
34 70
34 71
34 72
34 74
34 80
34 81
34 82
34 83
34 85
34 86
34 90
34 92
34 93
34 94
34 98
34 100
34 101
34 102
34 108
34 111
34 112
34 114
34 116
34 117
34 123
34 125
35 0
35 3
35 4
35 6
35 7
35 9
35 10
35 12
35 14
35 18
35 19
35 21
35 23
35 24
35 25
35 26
35 29
35 31
35 32
35 35
35 36
35 41
35 42
35 43
35 44
35 45
35 47
35 49
35 50
35 51
35 52
35 58
35 59
35 61
35 63
35 64
35 65
35 66
35 69
35 72
35 77
35 78
35 79
35 80
35 81
35 82
35 86
35 87
35 88
35 91
35 92
35 93
35 94
35 95
35 99
35 101
35 104
35 106
35 108
35 113
35 114
35 115
35 116
35 119
35 121
35 122
35 123
35 125
35 126
35 127
36 1
36 8
36 9
36 10
36 13
36 18
36 19
36 21
36 28
36 29
36 31
36 34
36 35
36 36
36 37
36 38
36 39
36 42
36 45
36 47
36 51
36 54
36 56
36 59
36 60
36 61
36 63
36 65
36 69
36 70
36 72
36 73
36 75
36 80
36 81
36 83
36 85
36 87
36 91
36 94
36 95
36 98
36 99
36 102
36 103
36 104
36 105
36 106
36 107
36 109
36 113
36 118
36 119
36 120
36 121
36 122
36 125
36 127
37 0
37 3
37 5
37 6
37 10
37 11
37 12
37 13
37 14
37 15
37 19
37 22
37 24
37 25
37 26
37 27
37 28
37 31
37 32
37 33
37 34
37 35
37 36
37 38
37 39
37 40
37 41
37 42
37 43
37 44
37 45
37 46
37 47
37 48
37 49
37 50
37 56
37 59
37 60
37 65
37 66
37 67
37 69
37 70
37 74
37 79
37 80
37 83
37 86
37 87
37 92
37 93
37 98
37 100
37 101
37 103
37 107
37 110
37 111
37 112
37 113
37 116
37 118
37 123
37 124
37 125
37 126
37 127
38 0
38 1
38 4
38 6
38 8
38 10
38 14
38 16
38 17
38 18
38 21
38 22
38 25
38 27
38 29
38 33
38 34
38 35
38 37
38 38
38 39
38 41
38 43
38 44
38 46
38 49
38 50
38 52
38 54
38 56
38 57
38 59
38 63
38 65
38 66
38 68
38 71
38 72
38 80
38 82
38 86
38 88
38 90
38 91
38 92
38 93
38 94
38 96
38 98
38 99
38 100
38 105
38 106
38 108
38 109
38 111
38 114
38 116
38 117
38 118
38 119
38 120
38 121
38 123
38 125
39 0
39 4
39 5
39 7
39 8
39 10
39 11
39 12
39 13
39 14
39 18
39 19
39 21
39 23
39 24
39 28
39 30
39 31
39 33
39 34
39 36
39 37
39 39
39 42
39 45
39 48
39 49
39 50
39 51
39 52
39 53
39 54
39 55
39 56
39 60
39 63
39 65
39 73
39 75
39 76
39 77
39 78
39 80
39 84
39 85
39 88
39 89
39 90
39 91
39 94
39 95
39 96
39 97
39 99
39 100
39 102
39 105
39 107
39 108
39 112
39 113
39 114
39 116
39 120
39 121
39 123
39 126
40 3
40 5
40 6
40 8
40 12
40 13
40 14
40 16
40 18
40 20
40 21
40 22
40 23
40 24
40 26
40 28
40 29
40 32
40 33
40 34
40 35
40 38
40 39
40 41
40 43
40 44
40 47
40 48
40 50
40 53
40 54
40 57
40 58
40 59
40 63
40 64
40 65
40 69
40 76
40 77
40 78
40 80
40 81
40 82
40 83
40 85
40 86
40 87
40 89
40 90
40 92
40 93
40 94
40 100
40 101
40 102
40 103
40 105
40 111
40 112
40 113
40 115
40 120
40 121
40 123
40 124
40 127
41 0
41 1
41 2
41 6
41 8
41 10
41 11
41 12
41 19
41 22
41 26
41 28
41 33
41 37
41 46
41 48
41 49
41 50
41 51
41 52
41 53
41 54
41 55
41 56
41 58
41 60
41 61
41 63
41 65
41 67
41 73
41 74
41 76
41 77
41 78
41 79
41 80
41 81
41 83
41 84
41 87
41 89
41 92
41 93
41 96
41 97
41 98
41 99
41 100
41 107
41 112
41 115
41 117
41 118
41 119
41 121
41 122
41 125
41 127
42 1
42 3
42 4
42 5
42 6
42 7
42 8
42 9
42 12
42 13
42 14
42 15
42 17
42 19
42 21
42 22
42 24
42 25
42 27
42 28
42 29
42 30
42 32
42 35
42 36
42 38
42 42
42 45
42 46
42 47
42 50
42 52
42 55
42 57
42 58
42 59
42 61
42 64
42 65
42 71
42 73
42 74
42 75
42 79
42 81
42 83
42 85
42 87
42 88
42 89
42 90
42 93
42 94
42 96
42 98
42 99
42 101
42 102
42 104
42 107
42 108
42 111
42 121
42 123
42 124
42 125
43 1
43 2
43 4
43 5
43 9
43 10
43 11
43 13
43 15
43 18
43 20
43 22
43 23
43 24
43 25
43 26
43 28
43 29
43 31
43 32
43 34
43 36
43 37
43 38
43 42
43 43
43 45
43 47
43 49
43 52
43 54
43 55
43 56
43 57
43 58
43 61
43 63
43 65
43 66
43 67
43 68
43 70
43 71
43 72
43 73
43 74
43 76
43 82
43 83
43 85
43 88
43 90
43 92
43 94
43 95
43 97
43 98
43 99
43 100
43 103
43 107
43 110
43 111
43 114
43 115
43 117
43 118
43 119
43 120
43 122
43 123
43 127
44 0
44 2
44 3
44 4
44 8
44 10
44 14
44 21
44 23
44 25
44 26
44 31
44 32
44 35
44 37
44 38
44 39
44 40
44 41
44 43
44 44
44 46
44 48
44 49
44 55
44 56
44 57
44 59
44 61
44 62
44 63
44 64
44 65
44 66
44 67
44 68
44 70
44 71
44 72
44 79
44 81
44 84
44 86
44 87
44 88
44 91
44 92
44 96
44 99
44 100
44 102
44 106
44 110
44 112
44 115
44 116
44 117
44 118
44 119
44 120
44 124
44 126
44 127
45 0
45 5
45 7
45 9
45 11
45 12
45 13
45 14
45 15
45 16
45 18
45 19
45 21
45 26
45 30
45 31
45 32
45 33
45 35
45 36
45 37
45 39
45 40
45 41
45 43
45 44
45 46
45 48
45 51
45 53
45 55
45 59
45 61
45 66
45 69
45 71
45 72
45 73
45 74
45 75
45 77
45 83
45 86
45 87
45 88
45 90
45 91
45 94
45 99
45 103
45 107
45 109
45 110
45 111
45 112
45 115
45 119
45 120
45 121
45 123
45 125
45 126
45 127
46 2
46 3
46 6
46 9
46 10
46 14
46 15
46 16
46 17
46 21
46 22
46 25
46 26
46 29
46 30
46 31
46 33
46 34
46 35
46 38
46 40
46 44
46 47
46 49
46 51
46 52
46 53
46 54
46 56
46 57
46 58
46 60
46 63
46 68
46 69
46 70
46 71
46 72
46 73
46 74
46 80
46 81
46 84
46 85
46 87
46 89
46 92
46 94
46 96
46 100
46 102
46 105
46 106
46 107
46 108
46 110
46 111
46 112
46 113
46 118
46 119
46 120
46 121
46 126
46 127
47 0
47 3
47 4
47 7
47 8
47 10
47 12
47 14
47 15
47 16
47 17
47 19
47 22
47 23
47 24
47 25
47 26
47 27
47 28
47 29
47 30
47 31
47 32
47 33
47 34
47 39
47 41
47 42
47 43
47 44
47 46
47 49
47 50
47 51
47 55
47 56
47 57
47 59
47 60
47 65
47 69
47 70
47 71
47 75
47 76
47 78
47 80
47 81
47 84
47 85
47 86
47 88
47 92
47 93
47 95
47 96
47 97
47 101
47 102
47 104
47 105
47 106
47 108
47 109
47 113
47 115
47 116
47 117
47 118
47 120
47 122
47 125
47 126
47 127
48 2
48 3
48 12
48 14
48 16
48 17
48 19
48 20
48 21
48 24
48 25
48 27
48 28
48 29
48 30
48 31
48 33
48 34
48 36
48 37
48 39
48 46
48 48
48 51
48 52
48 53
48 55
48 56
48 57
48 58
48 59
48 61
48 63
48 65
48 67
48 74
48 77
48 81
48 82
48 83
48 84
48 85
48 86
48 87
48 88
48 89
48 91
48 94
48 96
48 101
48 105
48 108
48 109
48 111
48 113
48 115
48 117
48 118
48 119
48 120
48 122
48 125
48 126
49 0
49 5
49 7
49 10
49 12
49 14
49 17
49 19
49 20
49 21
49 22
49 25
49 30
49 34
49 35
49 40
49 44
49 46
49 47
49 52
49 54
49 56
49 57
49 58
49 60
49 64
49 65
49 67
49 68
49 72
49 74
49 76
49 78
49 79
49 80
49 81
49 82
49 86
49 87
49 95
49 96
49 99
49 100
49 104
49 105
49 106
49 109
49 111
49 112
49 115
49 116
49 119
49 120
49 125
49 126
49 127
50 1
50 2
50 5
50 6
50 7
50 10
50 12
50 13
50 14
50 16
50 17
50 18
50 24
50 28
50 29
50 30
50 31
50 39
50 40
50 42
50 45
50 46
50 48
50 50
50 51
50 55
50 56
50 57
50 58
50 59
50 65
50 66
50 68
50 70
50 71
50 72
50 73
50 75
50 79
50 81
50 83
50 90
50 91
50 94
50 98
50 99
50 102
50 106
50 107
50 108
50 109
50 111
50 112
50 115
50 118
50 120
50 122
50 123
50 124
50 127
51 0
51 1
51 3
51 6
51 7
51 8
51 9
51 10
51 14
51 15
51 17
51 18
51 19
51 20
51 22
51 23
51 25
51 28
51 33
51 37
51 38
51 41
51 42
51 44
51 48
51 49
51 50
51 52
51 55
51 62
51 63
51 64
51 69
51 70
51 71
51 73
51 74
51 79
51 80
51 81
51 82
51 83
51 85
51 86
51 87
51 93
51 94
51 95
51 97
51 99
51 100
51 103
51 106
51 107
51 109
51 113
51 115
51 116
51 117
51 118
51 121
51 123
51 124
51 125
51 126
51 127
52 3
52 4
52 6
52 11
52 12
52 13
52 15
52 17
52 18
52 20
52 23
52 24
52 25
52 26
52 28
52 29
52 35
52 38
52 39
52 40
52 42
52 44
52 45
52 52
52 53
52 55
52 58
52 60
52 62
52 65
52 67
52 69
52 70
52 72
52 73
52 75
52 77
52 79
52 80
52 83
52 85
52 88
52 89
52 90
52 91
52 94
52 96
52 98
52 99
52 101
52 104
52 106
52 108
52 110
52 114
52 116
52 118
52 119
52 120
52 122
52 125
53 0
53 1
53 3
53 7
53 8
53 9
53 13
53 14
53 16
53 17
53 18
53 19
53 20
53 22
53 24
53 25
53 29
53 31
53 32
53 33
53 34
53 36
53 37
53 41
53 42
53 43
53 47
53 49
53 51
53 53
53 55
53 57
53 59
53 60
53 61
53 62
53 63
53 70
53 77
53 78
53 79
53 82
53 87
53 89
53 91
53 94
53 95
53 96
53 99
53 108
53 109
53 110
53 111
53 114
53 115
53 116
53 117
53 118
53 119
53 120
53 121
53 124
53 125
53 126
53 127
54 5
54 7
54 8
54 10
54 12
54 13
54 14
54 15
54 18
54 19
54 23
54 24
54 25
54 26
54 27
54 28
54 29
54 32
54 34
54 36
54 38
54 40
54 41
54 42
54 43
54 46
54 49
54 52
54 55
54 56
54 57
54 59
54 60
54 61
54 63
54 65
54 73
54 75
54 79
54 81
54 82
54 83
54 84
54 86
54 87
54 89
54 92
54 93
54 97
54 99
54 100
54 107
54 108
54 110
54 112
54 114
54 116
54 118
54 119
54 121
54 122
54 123
54 124
54 126
55 3
55 4
55 6
55 10
55 12
55 13
55 17
55 18
55 19
55 20
55 21
55 24
55 25
55 29
55 30
55 31
55 35
55 38
55 39
55 40
55 42
55 47
55 48
55 49
55 52
55 56
55 58
55 60
55 61
55 62
55 63
55 64
55 65
55 66
55 68
55 69
55 70
55 72
55 74
55 76
55 77
55 79
55 80
55 86
55 87
55 88
55 93
55 95
55 96
55 98
55 99
55 101
55 102
55 104
55 107
55 108
55 109
55 111
55 112
55 113
55 114
55 115
55 117
55 120
55 121
55 122
55 126
55 127
56 0
56 2
56 3
56 5
56 7
56 8
56 9
56 15
56 18
56 24
56 25
56 27
56 28
56 30
56 31
56 33
56 34
56 35
56 37
56 38
56 42
56 43
56 46
56 47
56 48
56 49
56 50
56 53
56 54
56 55
56 56
56 59
56 60
56 61
56 63
56 65
56 66
56 67
56 68
56 69
56 70
56 72
56 75
56 76
56 77
56 80
56 82
56 83
56 84
56 86
56 90
56 91
56 93
56 98
56 100
56 102
56 103
56 104
56 105
56 109
56 111
56 114
56 115
56 116
56 121
56 123
56 126
57 0
57 1
57 2
57 3
57 5
57 11
57 13
57 15
57 16
57 17
57 18
57 23
57 27
57 28
57 29
57 30
57 33
57 34
57 35
57 36
57 37
57 41
57 44
57 46
57 47
57 50
57 53
57 57
57 58
57 59
57 61
57 62
57 64
57 68
57 70
57 72
57 74
57 75
57 78
57 79
57 80
57 81
57 84
57 85
57 86
57 87
57 89
57 90
57 92
57 94
57 95
57 97
57 98
57 100
57 102
57 103
57 104
57 106
57 108
57 109
57 111
57 114
57 115
57 116
57 117
57 118
57 120
57 121
57 123
57 124
57 125
57 126
58 2
58 5
58 7
58 10
58 12
58 17
58 20
58 26
58 27
58 29
58 33
58 34
58 36
58 40
58 45
58 46
58 47
58 48
58 49
58 52
58 53
58 54
58 55
58 56
58 58
58 59
58 62
58 63
58 64
58 65
58 68
58 69
58 72
58 73
58 74
58 75
58 80
58 81
58 82
58 83
58 85
58 88
58 92
58 94
58 97
58 99
58 100
58 101
58 102
58 103
58 109
58 112
58 113
58 114
58 115
58 116
58 118
58 119
58 122
58 124
58 125
58 126
59 1
59 4
59 6
59 9
59 10
59 18
59 19
59 24
59 25
59 26
59 33
59 35
59 37
59 42
59 43
59 44
59 45
59 52
59 56
59 59
59 62
59 68
59 69
59 70
59 72
59 73
59 74
59 75
59 78
59 79
59 86
59 88
59 89
59 94
59 96
59 98
59 101
59 104
59 105
59 106
59 107
59 114
59 115
59 117
59 118
59 121
59 122
59 123
59 124
60 2
60 3
60 6
60 11
60 12
60 13
60 14
60 19
60 20
60 22
60 26
60 27
60 28
60 29
60 30
60 32
60 33
60 34
60 35
60 36
60 39
60 40
60 41
60 43
60 44
60 49
60 52
60 53
60 54
60 56
60 57
60 59
60 64
60 66
60 69
60 70
60 71
60 74
60 75
60 77
60 81
60 82
60 83
60 88
60 90
60 94
60 95
60 98
60 99
60 100
60 105
60 110
60 113
60 114
60 115
60 117
60 118
60 120
60 121
60 122
60 123
60 127
61 0
61 1
61 2
61 3
61 4
61 6
61 7
61 9
61 10
61 11
61 13
61 16
61 18
61 20
61 21
61 22
61 23
61 25
61 26
61 27
61 28
61 30
61 31
61 34
61 36
61 38
61 39
61 40
61 42
61 43
61 44
61 45
61 46
61 47
61 48
61 49
61 51
61 52
61 53
61 54
61 57
61 58
61 59
61 60
61 66
61 67
61 68
61 70
61 73
61 74
61 75
61 76
61 77
61 79
61 82
61 83
61 84
61 85
61 86
61 87
61 88
61 90
61 91
61 92
61 94
61 96
61 97
61 98
61 99
61 100
61 101
61 103
61 106
61 110
61 113
61 114
61 117
61 118
61 119
61 123
61 126
62 1
62 3
62 5
62 7
62 8
62 9
62 10
62 11
62 12
62 13
62 14
62 15
62 16
62 17
62 18
62 19
62 20
62 21
62 26
62 28
62 29
62 30
62 31
62 33
62 34
62 35
62 36
62 37
62 38
62 40
62 41
62 42
62 43
62 45
62 48
62 49
62 50
62 53
62 57
62 59
62 62
62 63
62 65
62 66
62 67
62 68
62 69
62 70
62 73
62 77
62 78
62 80
62 81
62 83
62 85
62 87
62 89
62 90
62 91
62 95
62 96
62 102
62 104
62 106
62 108
62 111
62 113
62 116
62 118
62 119
62 123
62 125
63 2
63 7
63 8
63 10
63 12
63 15
63 19
63 21
63 22
63 24
63 25
63 27
63 28
63 29
63 30
63 31
63 32
63 33
63 34
63 36
63 40
63 41
63 42
63 43
63 44
63 48
63 49
63 50
63 51
63 53
63 54
63 57
63 60
63 61
63 62
63 64
63 66
63 67
63 70
63 72
63 73
63 75
63 76
63 78
63 79
63 80
63 81
63 83
63 84
63 85
63 89
63 90
63 91
63 92
63 94
63 95
63 97
63 98
63 102
63 103
63 104
63 105
63 108
63 111
63 112
63 117
63 120
63 123
63 124
63 126
64 0
64 1
64 2
64 3
64 9
64 10
64 12
64 15
64 16
64 28
64 33
64 35
64 36
64 37
64 39
64 41
64 42
64 44
64 45
64 47
64 48
64 51
64 55
64 58
64 65
64 66
64 67
64 68
64 69
64 70
64 71
64 72
64 73
64 74
64 77
64 79
64 81
64 82
64 84
64 89
64 90
64 91
64 92
64 93
64 95
64 97
64 99
64 103
64 106
64 107
64 108
64 110
64 111
64 114
64 115
64 118
64 120
64 124
64 127
65 2
65 8
65 9
65 11
65 12
65 13
65 16
65 18
65 20
65 27
65 30
65 31
65 32
65 36
65 39
65 41
65 42
65 46
65 47
65 48
65 49
65 51
65 52
65 53
65 55
65 56
65 59
65 61
65 62
65 65
65 66
65 67
65 73
65 74
65 78
65 84
65 88
65 89
65 91
65 92
65 93
65 94
65 95
65 96
65 103
65 104
65 105
65 107
65 109
65 110
65 111
65 112
65 113
65 114
65 117
65 119
65 120
65 122
65 124
65 126
66 0
66 1
66 2
66 3
66 4
66 6
66 7
66 10
66 12
66 15
66 18
66 20
66 21
66 23
66 29
66 30
66 31
66 33
66 35
66 36
66 37
66 39
66 41
66 42
66 44
66 46
66 48
66 49
66 50
66 52
66 53
66 56
66 57
66 60
66 61
66 63
66 65
66 67
66 69
66 71
66 76
66 79
66 80
66 81
66 82
66 84
66 88
66 92
66 93
66 95
66 96
66 98
66 100
66 103
66 106
66 108
66 111
66 115
66 116
66 122
66 123
66 125
67 1
67 2
67 4
67 5
67 7
67 8
67 10
67 12
67 15
67 16
67 17
67 19
67 20
67 21
67 22
67 23
67 24
67 25
67 26
67 28
67 29
67 30
67 31
67 32
67 33
67 37
67 42
67 45
67 49
67 50
67 51
67 53
67 54
67 56
67 57
67 60
67 61
67 63
67 65
67 67
67 68
67 69
67 70
67 73
67 75
67 80
67 82
67 85
67 86
67 87
67 88
67 89
67 90
67 95
67 96
67 97
67 98
67 99
67 110
67 111
67 113
67 114
67 118
67 119
67 122
67 123
67 125
67 127
68 0
68 1
68 3
68 4
68 8
68 9
68 10
68 16
68 18
68 19
68 20
68 23
68 25
68 26
68 29
68 30
68 31
68 33
68 34
68 36
68 39
68 40
68 43
68 44
68 45
68 46
68 47
68 49
68 50
68 53
68 54
68 55
68 56
68 58
68 61
68 64
68 65
68 66
68 67
68 68
68 70
68 72
68 74
68 79
68 81
68 82
68 86
68 87
68 90
68 93
68 97
68 100
68 101
68 103
68 105
68 106
68 109
68 111
68 112
68 114
68 115
68 117
68 119
68 120
68 122
68 123
68 127
69 0
69 6
69 10
69 12
69 15
69 16
69 19
69 20
69 21
69 23
69 25
69 29
69 30
69 32
69 34
69 35
69 36
69 39
69 41
69 42
69 44
69 52
69 53
69 61
69 63
69 64
69 65
69 67
69 68
69 69
69 70
69 71
69 72
69 73
69 74
69 77
69 78
69 79
69 80
69 84
69 85
69 87
69 89
69 90
69 91
69 92
69 95
69 97
69 98
69 99
69 100
69 102
69 103
69 105
69 106
69 110
69 111
69 112
69 113
69 114
69 115
69 117
69 118
69 120
69 121
69 122
69 123
69 124
69 126
70 2
70 4
70 5
70 9
70 10
70 11
70 12
70 13
70 14
70 20
70 26
70 27
70 29
70 34
70 42
70 43
70 44
70 45
70 46
70 47
70 53
70 55
70 56
70 58
70 59
70 61
70 64
70 67
70 68
70 71
70 74
70 76
70 77
70 78
70 79
70 80
70 81
70 82
70 84
70 85
70 90
70 91
70 98
70 99
70 100
70 104
70 107
70 110
70 111
70 113
70 114
70 115
70 116
70 118
70 119
70 122
70 123
70 125
70 126
70 127
71 0
71 4
71 6
71 9
71 11
71 12
71 13
71 14
71 17
71 18
71 19
71 20
71 26
71 28
71 30
71 31
71 35
71 36
71 39
71 40
71 42
71 45
71 46
71 52
71 53
71 54
71 55
71 57
71 58
71 60
71 64
71 65
71 67
71 70
71 71
71 72
71 73
71 75
71 80
71 85
71 89
71 90
71 94
71 95
71 98
71 101
71 102
71 104
71 110
71 116
71 118
71 119
71 121
71 124
71 125
71 126
71 127
72 0
72 1
72 2
72 3
72 8
72 9
72 10
72 11
72 13
72 14
72 19
72 20
72 22
72 26
72 31
72 33
72 37
72 38
72 48
72 49
72 50
72 59
72 60
72 61
72 63
72 64
72 65
72 67
72 69
72 71
72 72
72 76
72 78
72 80
72 82
72 83
72 84
72 87
72 89
72 93
72 94
72 95
72 98
72 101
72 102
72 103
72 105
72 107
72 112
72 117
72 118
72 120
72 121
72 122
72 127
73 0
73 3
73 5
73 6
73 9
73 12
73 13
73 17
73 20
73 22
73 23
73 24
73 25
73 27
73 28
73 31
73 32
73 33
73 36
73 39
73 40
73 41
73 42
73 45
73 46
73 47
73 48
73 50
73 55
73 56
73 58
73 59
73 62
73 65
73 67
73 69
73 72
73 73
73 74
73 75
73 76
73 79
73 81
73 82
73 83
73 86
73 88
73 89
73 91
73 92
73 94
73 95
73 97
73 99
73 100
73 101
73 105
73 108
73 113
73 115
73 119
73 121
73 123
73 127
74 4
74 6
74 7
74 8
74 10
74 11
74 12
74 15
74 18
74 24
74 25
74 26
74 27
74 28
74 32
74 34
74 35
74 39
74 40
74 41
74 44
74 45
74 46
74 47
74 50
74 51
74 52
74 56
74 58
74 59
74 60
74 62
74 64
74 66
74 68
74 71
74 73
74 74
74 75
74 76
74 79
74 84
74 85
74 91
74 92
74 96
74 97
74 99
74 100
74 101
74 103
74 104
74 107
74 108
74 114
74 119
74 120
74 123
74 126
75 3
75 7
75 11
75 12
75 13
75 15
75 18
75 19
75 20
75 21
75 25
75 27
75 29
75 30
75 33
75 35
75 36
75 37
75 39
75 45
75 47
75 49
75 52
75 53
75 54
75 55
75 58
75 59
75 60
75 61
75 64
75 68
75 70
75 72
75 73
75 74
75 77
75 83
75 84
75 86
75 90
75 91
75 93
75 94
75 96
75 97
75 98
75 102
75 103
75 105
75 106
75 107
75 114
75 117
75 118
75 119
75 121
75 122
75 123
75 124
75 126
75 127
76 3
76 4
76 5
76 7
76 8
76 13
76 14
76 16
76 18
76 21
76 22
76 24
76 31
76 32
76 34
76 35
76 43
76 44
76 49
76 50
76 52
76 54
76 56
76 58
76 59
76 62
76 65
76 68
76 69
76 70
76 74
76 75
76 76
76 80
76 82
76 83
76 84
76 86
76 87
76 89
76 92
76 93
76 94
76 95
76 97
76 98
76 101
76 102
76 103
76 104
76 107
76 110
76 111
76 112
76 113
76 114
76 115
76 116
76 122
76 123
76 125
76 126
77 0
77 2
77 3
77 4
77 6
77 7
77 9
77 11
77 15
77 17
77 18
77 19
77 20
77 21
77 26
77 28
77 29
77 31
77 32
77 34
77 35
77 37
77 38
77 40
77 42
77 45
77 48
77 50
77 51
77 54
77 56
77 58
77 61
77 65
77 67
77 69
77 72
77 73
77 76
77 77
77 79
77 80
77 81
77 82
77 85
77 88
77 89
77 92
77 93
77 96
77 97
77 101
77 106
77 109
77 110
77 112
77 116
77 117
77 118
77 119
77 120
77 121
77 123
77 124
78 2
78 4
78 5
78 7
78 8
78 11
78 12
78 13
78 17
78 20
78 21
78 26
78 27
78 29
78 30
78 32
78 33
78 34
78 35
78 36
78 38
78 39
78 44
78 45
78 46
78 48
78 49
78 50
78 52
78 55
78 56
78 57
78 62
78 63
78 65
78 66
78 67
78 70
78 71
78 72
78 73
78 74
78 77
78 83
78 85
78 88
78 89
78 92
78 93
78 94
78 95
78 97
78 101
78 103
78 104
78 106
78 107
78 109
78 112
78 114
78 118
78 120
78 122
78 123
78 124
78 126
78 127
79 0
79 2
79 3
79 7
79 10
79 11
79 12
79 13
79 15
79 16
79 19
79 20
79 21
79 23
79 24
79 26
79 28
79 33
79 36
79 37
79 38
79 39
79 40
79 43
79 44
79 45
79 46
79 49
79 51
79 52
79 56
79 58
79 59
79 60
79 61
79 65
79 66
79 69
79 70
79 71
79 72
79 75
79 79
79 82
79 86
79 87
79 88
79 94
79 95
79 98
79 102
79 104
79 111
79 114
79 118
79 120
79 121
79 123
79 124
80 1
80 2
80 3
80 6
80 7
80 11
80 17
80 18
80 19
80 21
80 23
80 24
80 25
80 27
80 28
80 29
80 30
80 33
80 35
80 36
80 41
80 42
80 44
80 46
80 49
80 51
80 54
80 56
80 57
80 60
80 65
80 66
80 69
80 70
80 72
80 74
80 77
80 79
80 82
80 86
80 87
80 88
80 89
80 91
80 92
80 93
80 94
80 95
80 97
80 98
80 101
80 103
80 104
80 107
80 108
80 109
80 111
80 115
80 116
80 118
80 119
80 121
80 123
80 126
80 127
81 4
81 5
81 6
81 7
81 8
81 10
81 11
81 14
81 15
81 18
81 19
81 21
81 23
81 24
81 25
81 26
81 28
81 29
81 31
81 32
81 33
81 35
81 36
81 37
81 38
81 40
81 41
81 42
81 44
81 45
81 47
81 49
81 50
81 51
81 53
81 54
81 57
81 63
81 66
81 67
81 68
81 71
81 72
81 73
81 74
81 77
81 80
81 84
81 85
81 86
81 87
81 88
81 89
81 90
81 94
81 97
81 98
81 99
81 102
81 107
81 109
81 111
81 112
81 117
81 120
81 121
81 122
81 123
81 126
81 127
82 0
82 4
82 5
82 7
82 9
82 10
82 12
82 13
82 14
82 15
82 16
82 20
82 23
82 24
82 26
82 29
82 30
82 32
82 34
82 41
82 45
82 46
82 49
82 52
82 54
82 56
82 59
82 62
82 64
82 66
82 72
82 73
82 75
82 79
82 80
82 81
82 89
82 91
82 92
82 93
82 94
82 97
82 99
82 100
82 101
82 103
82 105
82 107
82 108
82 109
82 110
82 112
82 116
82 119
82 120
82 121
82 123
82 124
82 125
82 127
83 0
83 1
83 3
83 4
83 6
83 8
83 9
83 12
83 15
83 17
83 18
83 21
83 23
83 24
83 26
83 27
83 28
83 29
83 30
83 33
83 34
83 38
83 39
83 40
83 41
83 42
83 43
83 45
83 47
83 49
83 50
83 51
83 52
83 53
83 54
83 56
83 57
83 61
83 62
83 65
83 67
83 68
83 69
83 70
83 73
83 74
83 75
83 76
83 77
83 80
83 82
83 84
83 86
83 87
83 88
83 92
83 93
83 95
83 97
83 98
83 99
83 100
83 101
83 102
83 103
83 105
83 106
83 108
83 109
83 110
83 113
83 114
83 120
83 123
83 126
83 127
84 2
84 7
84 9
84 10
84 14
84 15
84 16
84 17
84 18
84 19
84 20
84 21
84 24
84 25
84 29
84 30
84 31
84 32
84 33
84 35
84 37
84 38
84 39
84 40
84 42
84 43
84 46
84 49
84 50
84 52
84 57
84 58
84 59
84 63
84 68
84 71
84 72
84 73
84 74
84 77
84 80
84 81
84 84
84 86
84 87
84 89
84 90
84 92
84 94
84 95
84 96
84 99
84 103
84 104
84 105
84 107
84 108
84 111
84 114
84 118
84 119
84 120
84 121
84 124
84 125
84 126
85 0
85 4
85 6
85 7
85 8
85 9
85 10
85 11
85 13
85 15
85 17
85 19
85 20
85 21
85 23
85 28
85 33
85 35
85 36
85 38
85 43
85 45
85 49
85 51
85 52
85 53
85 55
85 57
85 59
85 60
85 61
85 68
85 69
85 71
85 74
85 75
85 78
85 80
85 82
85 84
85 85
85 88
85 90
85 91
85 94
85 95
85 96
85 97
85 98
85 101
85 102
85 104
85 105
85 106
85 108
85 109
85 110
85 112
85 114
85 115
85 116
85 118
85 120
85 125
85 126
86 1
86 2
86 4
86 10
86 12
86 15
86 17
86 18
86 24
86 25
86 27
86 33
86 35
86 39
86 40
86 41
86 47
86 49
86 50
86 51
86 54
86 56
86 57
86 58
86 60
86 61
86 62
86 64
86 65
86 69
86 71
86 72
86 75
86 79
86 84
86 88
86 90
86 91
86 92
86 93
86 94
86 96
86 98
86 100
86 104
86 105
86 106
86 107
86 110
86 111
86 112
86 113
86 114
86 115
86 116
86 117
86 121
86 122
86 123
86 124
86 125
86 126
87 0
87 4
87 5
87 7
87 10
87 11
87 13
87 15
87 16
87 17
87 20
87 21
87 23
87 24
87 27
87 30
87 34
87 35
87 36
87 37
87 38
87 39
87 40
87 45
87 46
87 47
87 51
87 53
87 54
87 57
87 58
87 60
87 63
87 66
87 69
87 70
87 72
87 74
87 75
87 79
87 80
87 81
87 82
87 84
87 88
87 92
87 93
87 94
87 98
87 100
87 103
87 106
87 107
87 109
87 112
87 114
87 116
87 117
87 118
87 119
87 120
87 121
87 124
87 126
88 0
88 1
88 3
88 4
88 9
88 12
88 21
88 22
88 28
88 31
88 35
88 36
88 39
88 40
88 42
88 45
88 46
88 47
88 50
88 52
88 53
88 54
88 55
88 58
88 59
88 63
88 72
88 74
88 80
88 82
88 83
88 86
88 87
88 88
88 89
88 93
88 95
88 96
88 97
88 99
88 102
88 103
88 104
88 105
88 106
88 107
88 109
88 110
88 114
88 117
88 118
88 119
88 121
89 3
89 6
89 7
89 9
89 10
89 12
89 13
89 15
89 16
89 17
89 18
89 20
89 26
89 28
89 29
89 35
89 36
89 37
89 39
89 40
89 42
89 45
89 46
89 47
89 51
89 53
89 55
89 56
89 57
89 58
89 59
89 60
89 61
89 62
89 67
89 68
89 69
89 70
89 74
89 77
89 78
89 81
89 82
89 83
89 84
89 85
89 86
89 87
89 89
89 90
89 91
89 99
89 104
89 105
89 106
89 108
89 109
89 114
89 115
89 118
89 119
89 120
89 124
89 125
89 127
90 0
90 1
90 3
90 4
90 5
90 6
90 7
90 8
90 11
90 12
90 13
90 16
90 19
90 20
90 21
90 22
90 25
90 27
90 28
90 29
90 34
90 35
90 37
90 39
90 41
90 42
90 43
90 46
90 48
90 51
90 53
90 54
90 55
90 60
90 61
90 64
90 66
90 67
90 68
90 72
90 73
90 79
90 82
90 84
90 88
90 89
90 90
90 99
90 100
90 102
90 105
90 109
90 111
90 112
90 113
90 115
90 116
90 117
90 120
90 124
91 0
91 1
91 3
91 5
91 7
91 8
91 10
91 12
91 13
91 14
91 15
91 16
91 17
91 18
91 19
91 23
91 24
91 25
91 27
91 28
91 30
91 35
91 37
91 39
91 45
91 46
91 47
91 48
91 52
91 57
91 58
91 59
91 62
91 63
91 64
91 67
91 68
91 70
91 71
91 72
91 73
91 75
91 79
91 80
91 81
91 85
91 87
91 88
91 89
91 91
91 92
91 93
91 94
91 96
91 97
91 98
91 101
91 102
91 103
91 104
91 105
91 106
91 107
91 110
91 111
91 113
91 115
91 116
91 120
91 123
91 126
91 127
92 1
92 3
92 4
92 6
92 7
92 11
92 12
92 14
92 15
92 17
92 18
92 19
92 20
92 21
92 22
92 26
92 27
92 29
92 31
92 35
92 36
92 38
92 42
92 46
92 48
92 52
92 53
92 60
92 61
92 64
92 70
92 72
92 73
92 75
92 77
92 79
92 83
92 87
92 88
92 91
92 94
92 95
92 96
92 99
92 104
92 107
92 108
92 111
92 112
92 113
92 115
92 120
92 121
92 123
92 125
92 126
92 127
93 0
93 4
93 5
93 6
93 7
93 8
93 9
93 10
93 11
93 14
93 15
93 23
93 25
93 26
93 29
93 30
93 31
93 32
93 33
93 34
93 35
93 36
93 39
93 41
93 43
93 46
93 48
93 50
93 54
93 55
93 57
93 61
93 62
93 65
93 70
93 71
93 73
93 77
93 80
93 81
93 83
93 85
93 87
93 89
93 90
93 91
93 93
93 94
93 95
93 97
93 98
93 99
93 101
93 105
93 106
93 113
93 118
93 120
93 121
93 124
94 3
94 4
94 5
94 7
94 8
94 16
94 17
94 22
94 25
94 26
94 27
94 28
94 29
94 30
94 31
94 34
94 36
94 37
94 38
94 41
94 46
94 47
94 52
94 53
94 54
94 56
94 57
94 59
94 60
94 61
94 65
94 67
94 69
94 70
94 71
94 74
94 76
94 77
94 78
94 79
94 81
94 82
94 83
94 85
94 87
94 96
94 97
94 98
94 102
94 103
94 105
94 106
94 108
94 112
94 113
94 114
94 118
94 123
94 124
94 125
94 127
95 2
95 5
95 9
95 10
95 11
95 12
95 13
95 14
95 15
95 16
95 17
95 19
95 20
95 22
95 24
95 25
95 26
95 29
95 30
95 31
95 34
95 35
95 36
95 37
95 41
95 42
95 43
95 47
95 48
95 49
95 52
95 53
95 54
95 55
95 57
95 60
95 62
95 65
95 69
95 74
95 76
95 78
95 80
95 81
95 85
95 87
95 90
95 93
95 94
95 95
95 96
95 97
95 100
95 102
95 103
95 104
95 105
95 107
95 108
95 109
95 112
95 115
95 116
95 118
95 119
95 120
95 121
95 124
95 125
96 1
96 3
96 5
96 8
96 9
96 12
96 13
96 16
96 19
96 23
96 24
96 26
96 28
96 30
96 32
96 33
96 34
96 40
96 43
96 46
96 48
96 51
96 53
96 55
96 59
96 60
96 61
96 62
96 65
96 66
96 70
96 72
96 74
96 75
96 79
96 80
96 81
96 82
96 83
96 85
96 89
96 92
96 94
96 96
96 99
96 105
96 107
96 108
96 109
96 110
96 112
96 113
96 115
96 117
96 119
96 122
96 125
96 127
97 0
97 1
97 2
97 3
97 4
97 5
97 8
97 9
97 11
97 13
97 14
97 16
97 17
97 19
97 20
97 21
97 24
97 27
97 28
97 30
97 33
97 34
97 37
97 38
97 39
97 40
97 42
97 44
97 45
97 46
97 47
97 49
97 52
97 55
97 58
97 59
97 61
97 63
97 64
97 65
97 66
97 67
97 69
97 70
97 75
97 78
97 79
97 80
97 81
97 84
97 85
97 89
97 91
97 94
97 100
97 106
97 107
97 111
97 112
97 115
97 117
97 118
97 120
97 122
97 123
97 126
98 0
98 1
98 3
98 4
98 5
98 8
98 9
98 12
98 13
98 14
98 17
98 18
98 21
98 23
98 25
98 26
98 30
98 35
98 37
98 38
98 39
98 41
98 42
98 45
98 46
98 47
98 48
98 49
98 50
98 51
98 53
98 56
98 58
98 60
98 63
98 66
98 67
98 68
98 70
98 71
98 72
98 74
98 75
98 76
98 77
98 78
98 79
98 81
98 83
98 84
98 85
98 89
98 91
98 92
98 94
98 95
98 96
98 99
98 101
98 102
98 110
98 111
98 114
98 116
98 117
98 120
98 122
98 126
98 127
99 3
99 8
99 11
99 12
99 15
99 16
99 17
99 19
99 22
99 24
99 27
99 29
99 30
99 35
99 38
99 41
99 43
99 45
99 49
99 50
99 51
99 53
99 54
99 57
99 59
99 61
99 62
99 63
99 64
99 65
99 66
99 68
99 70
99 74
99 76
99 77
99 78
99 83
99 90
99 93
99 97
99 104
99 105
99 107
99 111
99 112
99 115
99 116
99 117
99 123
99 125
100 0
100 4
100 5
100 7
100 13
100 14
100 15
100 16
100 17
100 18
100 19
100 21
100 23
100 24
100 25
100 26
100 30
100 32
100 34
100 35
100 37
100 39
100 41
100 42
100 43
100 47
100 53
100 55
100 56
100 57
100 58
100 59
100 60
100 61
100 62
100 63
100 64
100 65
100 66
100 67
100 68
100 70
100 71
100 73
100 74
100 75
100 76
100 81
100 83
100 84
100 85
100 88
100 89
100 90
100 91
100 100
100 104
100 105
100 106
100 107
100 111
100 113
100 115
100 118
100 119
100 121
100 124
100 126
100 127
101 4
101 5
101 6
101 9
101 10
101 11
101 12
101 14
101 18
101 22
101 23
101 24
101 25
101 27
101 28
101 31
101 33
101 39
101 40
101 41
101 42
101 44
101 46
101 47
101 49
101 51
101 52
101 55
101 57
101 59
101 61
101 62
101 63
101 64
101 66
101 67
101 71
101 72
101 73
101 75
101 76
101 77
101 78
101 80
101 81
101 84
101 86
101 87
101 88
101 89
101 90
101 91
101 92
101 93
101 95
101 97
101 99
101 100
101 101
101 102
101 103
101 107
101 110
101 111
101 112
101 114
101 115
101 116
101 117
101 118
101 119
101 120
101 121
101 122
101 123
101 124
101 125
101 127
102 1
102 5
102 6
102 9
102 12
102 13
102 14
102 15
102 19
102 21
102 25
102 26
102 27
102 29
102 30
102 31
102 32
102 33
102 40
102 41
102 42
102 43
102 44
102 47
102 50
102 53
102 54
102 55
102 56
102 57
102 61
102 63
102 65
102 66
102 68
102 69
102 71
102 72
102 73
102 74
102 75
102 78
102 79
102 80
102 83
102 85
102 88
102 91
102 95
102 97
102 98
102 101
102 103
102 107
102 108
102 110
102 111
102 114
102 117
102 118
102 119
102 121
102 122
102 124
102 125
102 126
102 127
103 0
103 1
103 2
103 3
103 5
103 6
103 7
103 13
103 15
103 16
103 17
103 18
103 19
103 21
103 22
103 24
103 25
103 26
103 29
103 34
103 35
103 38
103 42
103 43
103 45
103 46
103 47
103 50
103 64
103 65
103 66
103 67
103 71
103 72
103 73
103 74
103 77
103 78
103 79
103 80
103 82
103 83
103 86
103 87
103 89
103 92
103 95
103 96
103 99
103 101
103 103
103 106
103 108
103 109
103 111
103 112
103 116
103 117
103 119
103 120
103 123
103 124
103 127
104 0
104 1
104 2
104 4
104 7
104 8
104 9
104 13
104 15
104 16
104 19
104 27
104 29
104 33
104 36
104 37
104 38
104 39
104 46
104 47
104 50
104 51
104 52
104 53
104 54
104 56
104 58
104 60
104 64
104 65
104 69
104 70
104 72
104 74
104 75
104 77
104 80
104 81
104 83
104 84
104 86
104 87
104 90
104 94
104 95
104 96
104 97
104 98
104 100
104 102
104 103
104 104
104 105
104 108
104 109
104 110
104 111
104 112
104 115
104 116
104 118
104 122
104 124
104 125
104 127
105 2
105 5
105 10
105 11
105 12
105 14
105 19
105 20
105 21
105 22
105 24
105 26
105 30
105 32
105 33
105 38
105 39
105 43
105 45
105 46
105 48
105 49
105 50
105 52
105 53
105 55
105 59
105 61
105 64
105 65
105 67
105 72
105 76
105 78
105 79
105 80
105 81
105 82
105 83
105 84
105 85
105 94
105 96
105 97
105 99
105 104
105 109
105 111
105 113
105 114
105 115
105 118
105 119
105 120
105 121
105 124
105 126
106 5
106 7
106 8
106 9
106 10
106 11
106 12
106 16
106 17
106 18
106 20
106 21
106 22
106 23
106 24
106 27
106 29
106 30
106 31
106 32
106 37
106 38
106 40
106 42
106 45
106 46
106 47
106 56
106 57
106 58
106 60
106 62
106 64
106 65
106 66
106 67
106 69
106 70
106 72
106 73
106 74
106 75
106 76
106 77
106 78
106 80
106 86
106 87
106 88
106 90
106 92
106 94
106 96
106 101
106 103
106 105
106 106
106 109
106 111
106 113
106 114
106 116
106 117
106 122
106 125
106 126
107 0
107 1
107 2
107 10
107 11
107 12
107 13
107 14
107 16
107 17
107 18
107 23
107 28
107 29
107 30
107 32
107 35
107 38
107 39
107 41
107 42
107 44
107 47
107 48
107 49
107 52
107 54
107 55
107 56
107 57
107 58
107 59
107 63
107 64
107 65
107 68
107 70
107 71
107 72
107 74
107 76
107 78
107 79
107 81
107 82
107 88
107 89
107 93
107 95
107 97
107 99
107 101
107 103
107 106
107 107
107 108
107 111
107 112
107 113
107 115
107 116
107 119
107 120
107 121
107 122
107 123
107 124
107 126
107 127
108 0
108 2
108 6
108 10
108 11
108 15
108 16
108 17
108 22
108 26
108 29
108 30
108 32
108 34
108 35
108 37
108 39
108 45
108 49
108 50
108 51
108 52
108 55
108 56
108 58
108 59
108 61
108 62
108 63
108 65
108 70
108 73
108 75
108 77
108 78
108 79
108 81
108 82
108 86
108 88
108 96
108 97
108 103
108 105
108 107
108 109
108 111
108 112
108 118
108 119
108 121
108 122
109 0
109 2
109 4
109 5
109 6
109 7
109 8
109 11
109 15
109 16
109 18
109 19
109 20
109 21
109 24
109 25
109 27
109 30
109 32
109 34
109 36
109 38
109 39
109 40
109 41
109 43
109 45
109 46
109 47
109 48
109 51
109 52
109 53
109 55
109 57
109 58
109 59
109 62
109 66
109 67
109 70
109 71
109 72
109 76
109 77
109 78
109 82
109 83
109 85
109 90
109 92
109 93
109 94
109 98
109 104
109 106
109 112
109 115
109 116
109 117
109 121
109 122
109 125
109 127
110 4
110 5
110 7
110 10
110 13
110 14
110 20
110 21
110 22
110 26
110 28
110 29
110 30
110 31
110 34
110 36
110 38
110 41
110 42
110 43
110 45
110 47
110 48
110 49
110 52
110 61
110 62
110 64
110 66
110 70
110 71
110 80
110 82
110 84
110 85
110 87
110 88
110 89
110 90
110 91
110 93
110 94
110 100
110 102
110 104
110 108
110 111
110 112
110 113
110 114
110 117
110 118
110 122
110 124
110 125
110 126
111 0
111 1
111 2
111 4
111 6
111 8
111 9
111 11
111 15
111 18
111 19
111 22
111 25
111 26
111 31
111 32
111 37
111 40
111 41
111 43
111 45
111 47
111 50
111 51
111 54
111 55
111 56
111 59
111 60
111 61
111 64
111 66
111 70
111 72
111 73
111 74
111 75
111 76
111 77
111 79
111 81
111 84
111 86
111 88
111 89
111 90
111 91
111 93
111 94
111 95
111 96
111 102
111 103
111 105
111 106
111 109
111 112
111 113
111 114
111 115
111 116
111 117
111 120
111 121
111 123
111 124
111 125
112 0
112 4
112 5
112 8
112 11
112 12
112 15
112 17
112 18
112 19
112 20
112 21
112 22
112 24
112 30
112 31
112 34
112 36
112 39
112 40
112 42
112 44
112 45
112 46
112 53
112 57
112 63
112 66
112 69
112 70
112 72
112 75
112 76
112 77
112 78
112 80
112 81
112 82
112 83
112 86
112 87
112 88
112 89
112 91
112 96
112 97
112 98
112 99
112 101
112 102
112 105
112 108
112 109
112 116
112 117
112 118
112 126
113 2
113 3
113 6
113 7
113 10
113 12
113 15
113 16
113 18
113 20
113 21
113 22
113 24
113 25
113 27
113 29
113 31
113 32
113 33
113 34
113 37
113 40
113 41
113 47
113 48
113 50
113 58
113 61
113 62
113 63
113 64
113 65
113 68
113 69
113 70
113 71
113 74
113 76
113 78
113 80
113 83
113 84
113 85
113 86
113 87
113 88
113 90
113 91
113 94
113 97
113 99
113 100
113 101
113 105
113 106
113 109
113 110
113 111
113 112
113 114
113 115
113 121
113 124
113 125
113 127
114 1
114 3
114 4
114 5
114 6
114 7
114 9
114 12
114 13
114 14
114 16
114 17
114 18
114 19
114 20
114 23
114 28
114 31
114 33
114 34
114 36
114 38
114 39
114 40
114 42
114 45
114 46
114 47
114 49
114 51
114 53
114 55
114 60
114 62
114 63
114 65
114 66
114 70
114 77
114 79
114 82
114 83
114 85
114 86
114 89
114 90
114 94
114 98
114 102
114 103
114 106
114 111
114 112
114 113
114 119
114 121
114 122
114 123
114 124
114 125
114 126
114 127
115 1
115 4
115 6
115 10
115 11
115 13
115 17
115 19
115 24
115 27
115 30
115 31
115 36
115 40
115 43
115 44
115 48
115 49
115 50
115 51
115 53
115 55
115 56
115 57
115 59
115 60
115 61
115 62
115 69
115 73
115 80
115 83
115 85
115 86
115 87
115 90
115 91
115 92
115 100
115 102
115 103
115 104
115 107
115 111
115 115
115 116
115 117
115 118
115 120
115 123
115 125
116 1
116 2
116 4
116 6
116 8
116 10
116 11
116 13
116 15
116 20
116 22
116 23
116 24
116 25
116 26
116 27
116 28
116 29
116 32
116 34
116 35
116 36
116 37
116 38
116 39
116 41
116 45
116 46
116 47
116 48
116 51
116 52
116 55
116 57
116 60
116 61
116 63
116 65
116 67
116 68
116 69
116 70
116 71
116 72
116 73
116 74
116 75
116 77
116 78
116 79
116 80
116 81
116 83
116 85
116 88
116 89
116 90
116 91
116 94
116 95
116 97
116 99
116 100
116 103
116 104
116 105
116 106
116 108
116 114
116 116
116 119
116 120
116 121
116 122
116 124
116 127
117 0
117 3
117 7
117 8
117 11
117 16
117 18
117 22
117 25
117 26
117 27
117 29
117 31
117 33
117 34
117 35
117 39
117 41
117 42
117 44
117 48
117 59
117 63
117 65
117 67
117 69
117 73
117 76
117 80
117 81
117 82
117 83
117 85
117 87
117 88
117 93
117 98
117 99
117 102
117 105
117 106
117 110
117 111
117 115
117 116
117 119
117 120
117 123
117 126
118 0
118 1
118 3
118 4
118 5
118 7
118 8
118 9
118 10
118 12
118 14
118 17
118 18
118 20
118 21
118 25
118 32
118 33
118 34
118 38
118 42
118 44
118 49
118 52
118 53
118 54
118 56
118 58
118 60
118 65
118 68
118 71
118 74
118 76
118 77
118 80
118 82
118 83
118 86
118 87
118 88
118 89
118 92
118 93
118 94
118 98
118 102
118 105
118 106
118 108
118 111
118 114
118 116
118 119
118 121
118 125
119 1
119 3
119 5
119 8
119 13
119 16
119 17
119 18
119 19
119 25
119 28
119 30
119 31
119 32
119 33
119 34
119 37
119 39
119 42
119 43
119 44
119 45
119 46
119 50
119 51
119 53
119 54
119 55
119 57
119 59
119 64
119 66
119 67
119 69
119 71
119 72
119 76
119 80
119 82
119 83
119 86
119 87
119 88
119 90
119 93
119 96
119 98
119 99
119 103
119 108
119 110
119 113
119 115
119 116
119 118
119 119
119 120
119 123
119 125
119 126
119 127
120 0
120 1
120 3
120 5
120 7
120 8
120 9
120 10
120 11
120 18
120 19
120 20
120 22
120 24
120 25
120 26
120 28
120 30
120 32
120 34
120 35
120 38
120 39
120 41
120 43
120 44
120 45
120 46
120 48
120 51
120 52
120 53
120 56
120 57
120 58
120 61
120 62
120 66
120 67
120 70
120 71
120 72
120 74
120 76
120 77
120 78
120 81
120 82
120 84
120 85
120 86
120 88
120 93
120 94
120 95
120 105
120 107
120 109
120 111
120 112
120 116
120 117
120 119
120 123
120 126
120 127
121 0
121 1
121 4
121 5
121 9
121 11
121 12
121 13
121 14
121 18
121 22
121 25
121 28
121 29
121 30
121 31
121 33
121 35
121 43
121 47
121 49
121 52
121 54
121 56
121 62
121 64
121 65
121 66
121 71
121 72
121 73
121 75
121 76
121 81
121 83
121 85
121 87
121 88
121 90
121 94
121 95
121 96
121 97
121 100
121 102
121 103
121 104
121 105
121 106
121 109
121 111
121 112
121 113
121 114
121 116
121 117
121 119
121 120
121 123
121 125
122 3
122 4
122 5
122 6
122 8
122 10
122 14
122 15
122 17
122 18
122 19
122 20
122 21
122 23
122 24
122 26
122 27
122 28
122 30
122 31
122 32
122 35
122 40
122 41
122 44
122 48
122 50
122 53
122 54
122 59
122 62
122 67
122 68
122 70
122 71
122 74
122 76
122 79
122 81
122 84
122 85
122 87
122 89
122 90
122 91
122 93
122 95
122 97
122 98
122 99
122 100
122 101
122 102
122 103
122 104
122 106
122 107
122 109
122 110
122 111
122 112
122 116
122 117
122 118
122 122
122 124
122 125
122 127
123 1
123 3
123 5
123 6
123 8
123 9
123 10
123 12
123 13
123 16
123 20
123 22
123 24
123 25
123 26
123 27
123 28
123 29
123 32
123 34
123 36
123 37
123 39
123 41
123 42
123 43
123 44
123 45
123 46
123 49
123 51
123 52
123 58
123 59
123 63
123 64
123 65
123 67
123 69
123 71
123 78
123 81
123 90
123 93
123 95
123 97
123 99
123 100
123 101
123 104
123 106
123 108
123 111
123 112
123 113
123 114
123 115
123 116
123 117
123 119
123 125
124 1
124 3
124 4
124 5
124 6
124 7
124 9
124 14
124 15
124 16
124 17
124 19
124 21
124 29
124 31
124 35
124 36
124 37
124 43
124 44
124 46
124 47
124 51
124 52
124 53
124 54
124 56
124 59
124 60
124 61
124 64
124 65
124 66
124 67
124 69
124 70
124 72
124 75
124 77
124 78
124 79
124 86
124 87
124 88
124 89
124 91
124 92
124 95
124 97
124 99
124 100
124 101
124 102
124 107
124 108
124 109
124 112
124 114
124 115
124 117
124 119
124 124
124 125
124 126
124 127
125 1
125 2
125 3
125 5
125 7
125 11
125 13
125 14
125 16
125 21
125 23
125 24
125 28
125 29
125 31
125 33
125 34
125 36
125 37
125 38
125 39
125 42
125 44
125 45
125 47
125 48
125 49
125 54
125 55
125 59
125 61
125 62
125 63
125 64
125 66
125 68
125 69
125 73
125 75
125 77
125 79
125 80
125 81
125 85
125 86
125 89
125 94
125 98
125 99
125 101
125 102
125 103
125 104
125 107
125 110
125 111
125 112
125 114
125 118
125 119
125 120
125 122
125 124
126 1
126 2
126 4
126 6
126 15
126 16
126 18
126 19
126 20
126 21
126 23
126 29
126 30
126 32
126 33
126 34
126 35
126 36
126 37
126 38
126 39
126 40
126 42
126 43
126 45
126 46
126 48
126 50
126 53
126 54
126 60
126 69
126 72
126 75
126 76
126 78
126 80
126 83
126 86
126 87
126 89
126 92
126 93
126 94
126 97
126 99
126 101
126 102
126 106
126 108
126 109
126 111
126 112
126 113
126 114
126 115
126 116
126 118
126 119
126 125
126 126
126 127
127 0
127 1
127 3
127 8
127 9
127 10
127 13
127 14
127 15
127 16
127 19
127 20
127 24
127 28
127 29
127 30
127 31
127 36
127 38
127 39
127 40
127 44
127 45
127 46
127 47
127 48
127 49
127 53
127 54
127 55
127 59
127 61
127 62
127 65
127 66
127 67
127 69
127 71
127 72
127 73
127 74
127 75
127 76
127 80
127 81
127 82
127 84
127 86
127 88
127 94
127 95
127 96
127 97
127 99
127 102
127 103
127 106
127 107
127 108
127 109
127 110
127 111
127 115
127 116
127 117
127 120
127 121
127 122
127 123
127 124
127 125
