0 3
0 4
0 6
0 10
0 13
0 26
0 33
0 37
0 39
0 40
0 46
0 57
0 64
0 66
0 84
0 101
0 112
0 121
1 25
1 63
1 73
1 74
1 101
1 112
1 119
2 17
2 19
2 21
2 22
2 40
2 51
2 58
2 63
2 77
2 88
2 102
2 108
2 123
3 0
3 9
3 11
3 18
3 21
3 53
3 60
3 73
3 74
3 78
4 7
4 11
4 19
4 24
4 48
4 60
4 85
4 100
4 113
4 118
5 1
5 22
5 29
5 30
5 31
5 36
5 66
5 73
5 90
5 104
5 111
5 114
5 120
6 3
6 36
6 49
6 56
6 68
6 76
6 126
7 4
7 8
7 10
7 17
7 28
7 33
7 43
7 56
7 69
7 84
7 86
7 88
7 107
7 115
7 119
7 122
8 37
8 46
8 49
8 51
8 54
8 55
8 61
8 73
8 74
8 80
8 90
8 93
8 94
8 96
9 13
9 21
9 26
9 48
9 54
9 81
9 89
9 96
9 126
10 5
10 6
10 23
10 51
10 54
10 58
10 65
10 73
10 79
10 91
10 110
10 113
10 118
11 6
11 9
11 39
11 46
11 49
11 56
11 58
11 59
11 69
11 98
11 99
11 112
12 24
12 55
12 58
12 64
12 66
12 69
12 79
12 83
12 101
12 103
12 119
13 12
13 33
13 34
13 37
13 59
13 73
13 76
13 94
13 107
13 109
13 113
13 123
14 8
14 11
14 14
14 18
14 24
14 33
14 36
14 41
14 44
14 52
14 57
14 61
14 63
14 65
14 90
14 91
14 92
14 94
14 108
14 118
14 121
15 32
15 45
15 47
15 48
15 50
15 56
15 63
15 67
15 86
15 105
15 111
16 0
16 11
16 38
16 41
16 42
16 52
16 55
16 66
16 84
16 85
16 101
17 0
17 1
17 12
17 17
17 93
17 110
17 116
17 126
18 7
18 20
18 34
18 61
18 65
18 103
18 104
18 107
18 126
19 0
19 30
19 46
19 50
19 60
19 83
19 93
19 97
19 107
20 7
20 11
20 20
20 51
20 75
20 76
20 106
20 114
20 119
21 8
21 19
21 21
21 27
21 29
21 42
21 45
21 46
21 57
21 68
21 91
21 96
21 101
21 118
22 11
22 14
22 16
22 17
22 35
22 37
22 44
22 73
22 78
22 86
22 95
22 108
22 121
23 12
23 26
23 27
23 39
23 42
23 83
23 88
23 92
23 95
23 98
23 127
24 10
24 17
24 22
24 48
24 63
24 70
24 78
24 84
24 87
24 95
24 121
24 127
25 34
25 53
25 66
25 71
25 76
25 77
25 85
25 113
25 125
26 12
26 21
26 29
26 36
26 38
26 49
26 57
26 90
26 102
26 103
26 105
26 127
27 12
27 16
27 25
27 32
27 45
27 51
27 60
27 63
27 80
27 92
27 95
27 98
28 16
28 61
28 66
28 74
28 76
28 90
28 104
28 106
28 115
28 117
28 119
29 5
29 22
29 29
29 32
29 69
29 73
29 93
29 96
29 120
30 6
30 19
30 23
30 24
30 61
30 64
30 88
30 114
30 119
31 1
31 12
31 17
31 52
31 63
31 76
31 77
31 86
31 87
31 95
31 105
31 110
31 116
32 6
32 27
32 60
32 61
32 75
32 80
32 82
32 93
32 107
32 108
32 127
33 3
33 14
33 18
33 23
33 27
33 34
33 40
33 50
33 62
33 65
33 88
33 89
33 91
33 93
33 97
33 106
34 9
34 20
34 64
34 70
34 80
34 108
34 122
35 23
35 47
35 52
35 54
35 59
35 88
35 100
35 113
35 125
36 2
36 20
36 26
36 49
36 64
36 73
36 83
36 88
36 101
36 109
36 127
37 3
37 7
37 26
37 50
37 51
37 54
37 79
37 84
37 102
37 109
37 113
37 114
37 115
37 118
38 23
38 29
38 84
38 88
38 96
38 107
38 110
39 2
39 24
39 30
39 37
39 47
39 61
39 66
39 69
39 71
39 77
39 88
39 102
39 120
40 11
40 19
40 25
40 33
40 50
40 72
40 80
40 85
40 88
40 97
40 113
41 60
41 66
41 76
41 88
41 110
41 111
41 118
41 124
42 7
42 16
42 17
42 25
42 28
42 44
42 45
42 54
42 62
42 92
42 98
42 101
42 121
43 8
43 11
43 15
43 27
43 34
43 37
43 39
43 44
43 59
43 76
43 100
43 103
43 109
43 110
43 118
44 14
44 24
44 26
44 32
44 46
44 56
44 81
44 82
44 98
44 104
44 105
44 108
44 109
44 116
44 127
45 5
45 39
45 41
45 45
45 47
45 55
45 61
45 62
45 110
46 10
46 16
46 22
46 54
46 58
46 59
46 66
46 77
46 81
46 94
46 95
46 97
46 108
47 10
47 23
47 27
47 29
47 49
47 66
47 68
47 75
47 79
47 90
47 101
47 114
47 121
48 6
48 7
48 31
48 36
48 48
48 52
48 64
48 71
48 72
48 86
48 92
48 94
48 105
48 115
48 121
48 125
49 11
49 12
49 26
49 39
49 70
49 76
49 84
49 86
49 91
49 99
49 118
49 120
50 0
50 4
50 10
50 18
50 26
50 28
50 35
50 57
50 73
50 74
50 77
50 86
50 87
50 115
50 123
51 0
51 1
51 4
51 6
51 18
51 20
51 21
51 24
51 37
51 41
51 58
51 93
51 94
51 95
51 105
52 9
52 20
52 28
52 29
52 35
52 51
52 88
52 92
52 120
52 121
52 124
53 0
53 2
53 3
53 5
53 33
53 39
53 41
53 45
53 48
53 61
53 82
53 94
53 99
53 116
54 14
54 19
54 29
54 39
54 45
54 46
54 59
54 65
54 72
54 78
54 84
54 111
55 8
55 11
55 33
55 35
55 44
55 53
55 58
55 67
55 73
55 76
55 86
56 20
56 22
56 33
56 34
56 50
56 54
56 65
56 107
56 108
56 114
56 116
57 2
57 8
57 19
57 20
57 27
57 28
57 29
57 32
57 34
57 36
57 46
57 51
57 54
57 62
57 70
57 71
57 73
57 74
57 90
57 96
57 120
58 2
58 4
58 29
58 56
58 87
58 118
59 0
59 1
59 14
59 18
59 28
59 29
59 48
59 53
59 54
59 58
59 62
59 66
59 69
59 78
59 83
59 99
59 102
60 6
60 16
60 18
60 23
60 24
60 36
60 49
60 63
60 68
60 79
60 82
60 112
60 115
61 9
61 14
61 16
61 21
61 37
61 57
61 69
61 70
61 77
61 90
61 103
61 114
61 126
62 14
62 26
62 31
62 41
62 53
62 56
62 60
62 62
62 102
62 103
62 117
62 125
63 29
63 49
63 51
63 61
63 63
63 107
63 108
63 124
63 127
64 1
64 8
64 10
64 36
64 48
64 72
64 79
64 87
64 110
64 126
65 13
65 15
65 19
65 43
65 46
65 51
65 72
65 73
65 74
65 75
65 85
65 94
65 100
65 115
65 121
65 126
66 3
66 41
66 47
66 56
66 71
66 72
66 82
66 90
66 100
66 105
66 127
67 1
67 51
67 53
67 58
67 59
67 67
67 108
67 123
68 7
68 18
68 28
68 33
68 68
68 80
68 81
68 82
68 98
68 110
69 12
69 23
69 34
69 37
69 46
69 56
69 62
69 81
69 105
70 6
70 18
70 31
70 52
70 60
70 113
71 10
71 21
71 23
71 36
71 38
71 54
71 76
71 84
71 89
71 106
71 108
71 117
71 121
71 125
72 0
72 5
72 8
72 22
72 26
72 34
72 57
72 65
72 71
72 73
72 105
72 118
72 121
72 124
73 39
73 40
73 49
73 55
73 81
73 91
73 94
73 101
73 115
73 119
73 121
73 123
74 5
74 16
74 25
74 28
74 30
74 50
74 68
74 71
74 72
74 81
74 87
74 119
75 2
75 21
75 38
75 42
75 54
75 68
75 82
75 91
75 117
76 2
76 10
76 12
76 23
76 36
76 47
76 48
76 51
76 84
76 93
76 111
76 114
77 16
77 20
77 22
77 25
77 48
77 61
77 65
77 75
77 78
77 83
77 84
77 90
77 92
77 102
77 105
77 107
78 14
78 27
78 44
78 52
78 57
78 59
78 73
78 74
78 99
78 101
78 106
78 110
78 112
78 121
79 2
79 11
79 12
79 13
79 14
79 19
79 22
79 30
79 41
79 62
79 64
79 68
79 79
79 80
79 84
79 91
79 97
79 101
80 2
80 9
80 19
80 50
80 60
80 105
80 120
80 121
81 3
81 17
81 18
81 33
81 41
81 45
81 52
81 92
81 93
81 96
81 97
82 4
82 46
82 50
82 57
82 64
82 67
82 68
82 70
82 85
82 87
82 101
82 107
83 1
83 9
83 10
83 20
83 21
83 27
83 28
83 37
83 63
83 100
83 107
83 117
83 123
83 127
84 5
84 17
84 20
84 23
84 41
84 77
84 93
84 117
85 35
85 73
85 77
85 95
85 103
85 106
86 13
86 57
86 75
86 85
86 106
86 122
87 7
87 9
87 22
87 23
87 41
87 46
87 54
87 61
87 69
87 71
87 87
87 108
87 111
88 1
88 21
88 24
88 29
88 43
88 53
88 60
88 63
88 64
88 67
88 69
88 77
88 83
88 97
88 100
88 101
88 102
88 106
89 4
89 9
89 11
89 20
89 40
89 42
89 43
89 45
89 62
89 71
89 80
89 90
89 119
90 32
90 33
90 38
90 43
90 44
90 53
90 62
90 64
90 67
90 68
90 74
90 83
90 106
90 123
91 3
91 39
91 50
91 74
91 77
91 83
91 115
91 119
92 9
92 14
92 16
92 24
92 33
92 38
92 45
92 58
92 77
92 88
92 93
92 96
92 97
92 105
92 108
92 112
92 123
93 0
93 6
93 11
93 19
93 21
93 25
93 47
93 53
93 63
93 80
93 81
93 93
93 95
93 116
93 117
93 127
94 5
94 27
94 31
94 39
94 47
94 49
94 69
94 78
94 80
94 103
94 119
94 123
94 125
94 127
95 6
95 11
95 19
95 26
95 30
95 47
95 58
95 67
95 73
95 99
96 47
96 55
96 74
96 75
96 77
96 83
96 107
97 1
97 14
97 16
97 20
97 44
97 45
97 62
97 65
97 87
97 106
98 2
98 3
98 16
98 24
98 26
98 40
98 46
98 50
98 83
98 96
98 104
98 111
98 123
99 16
99 21
99 31
99 79
99 88
99 99
99 103
99 106
99 110
99 116
99 117
100 5
100 12
100 13
100 15
100 29
100 36
100 63
100 76
100 88
100 121
101 10
101 11
101 16
101 22
101 25
101 49
101 81
101 120
101 122
101 124
102 0
102 10
102 18
102 44
102 46
102 48
102 66
102 70
102 71
102 106
102 114
103 6
103 12
103 19
103 38
103 41
103 48
103 49
103 58
103 65
103 89
103 93
103 94
103 103
103 105
103 110
103 116
103 118
103 126
104 16
104 40
104 48
104 60
104 71
104 76
104 117
105 5
105 30
105 34
105 48
105 61
105 81
105 89
105 94
105 96
105 107
105 109
106 1
106 8
106 12
106 14
106 23
106 38
106 45
106 63
106 73
106 101
106 103
106 125
107 12
107 29
107 55
107 57
107 59
107 61
107 72
107 73
107 100
107 102
107 111
107 118
107 121
108 7
108 27
108 54
108 59
108 68
108 85
108 89
108 93
108 105
108 118
108 126
109 30
109 51
109 53
109 55
109 67
109 74
109 75
109 91
109 92
109 106
110 5
110 9
110 10
110 32
110 37
110 44
110 63
110 68
110 82
110 88
110 114
111 6
111 8
111 10
111 13
111 14
111 32
111 36
111 47
111 52
111 60
111 68
111 87
111 96
111 113
111 120
112 15
112 20
112 25
112 53
112 71
112 89
112 109
112 115
112 117
112 125
113 5
113 27
113 51
113 66
113 71
113 74
113 96
114 0
114 5
114 9
114 18
114 20
114 21
114 25
114 31
114 32
114 59
114 62
114 70
114 86
114 93
114 95
114 98
115 19
115 32
115 35
115 36
115 39
115 47
115 65
115 98
115 103
115 104
115 105
116 9
116 29
116 30
116 32
116 35
116 38
116 41
116 56
116 66
116 81
116 88
116 94
116 100
116 111
116 123
116 127
117 14
117 20
117 24
117 40
117 54
117 55
117 65
117 69
117 75
117 78
117 112
118 6
118 15
118 17
118 37
118 41
118 42
118 61
118 88
118 92
118 95
118 97
119 1
119 54
119 66
119 74
119 84
119 114
119 119
120 9
120 25
120 27
120 33
120 45
120 47
120 56
120 94
120 119
121 13
121 35
121 54
121 60
121 65
121 70
121 89
121 99
121 101
121 102
121 115
121 118
121 122
121 127
122 16
122 35
122 36
122 41
122 47
122 57
122 78
122 93
122 97
122 109
122 114
122 122
123 13
123 42
123 51
123 67
123 77
123 86
123 90
123 120
124 10
124 44
124 57
124 59
124 60
124 61
124 74
124 75
124 80
124 83
124 89
124 101
124 102
125 3
125 8
125 9
125 30
125 31
125 51
125 59
125 96
125 102
126 3
126 10
126 12
126 14
126 26
126 28
126 36
126 77
126 78
126 79
126 88
126 91
126 93
126 100
126 112
126 114
126 121
127 0
127 18
127 33
127 45
127 65
127 85
127 117
127 122
127 127
