0 1
0 2
0 8
0 14
0 19
0 24
0 25
0 43
0 56
0 59
0 61
0 62
0 70
0 71
0 73
0 74
0 75
0 83
0 85
0 88
0 89
0 91
0 94
0 95
0 99
0 100
0 101
0 107
0 108
0 111
0 112
0 116
0 123
0 126
1 5
1 11
1 13
1 16
1 19
1 20
1 22
1 25
1 29
1 41
1 45
1 49
1 50
1 55
1 57
1 58
1 60
1 62
1 64
1 69
1 70
1 73
1 75
1 76
1 78
1 83
1 87
1 88
1 92
1 101
1 102
1 105
1 107
1 108
1 112
1 116
1 122
1 123
1 125
1 127
2 1
2 2
2 3
2 5
2 6
2 7
2 8
2 10
2 13
2 14
2 17
2 18
2 19
2 24
2 25
2 26
2 29
2 35
2 38
2 41
2 50
2 51
2 52
2 54
2 55
2 62
2 63
2 64
2 67
2 68
2 71
2 74
2 78
2 83
2 88
2 90
2 91
2 92
2 95
2 101
2 102
2 105
2 108
2 112
2 114
2 120
2 122
2 123
2 127
3 1
3 5
3 6
3 8
3 11
3 12
3 13
3 18
3 19
3 21
3 37
3 45
3 47
3 48
3 53
3 54
3 55
3 56
3 58
3 59
3 62
3 63
3 65
3 66
3 73
3 75
3 78
3 80
3 86
3 87
3 91
3 96
3 108
3 117
3 119
3 120
4 7
4 11
4 13
4 16
4 18
4 19
4 22
4 23
4 28
4 30
4 32
4 35
4 36
4 42
4 43
4 44
4 50
4 68
4 69
4 76
4 77
4 78
4 80
4 81
4 83
4 85
4 87
4 89
4 97
4 99
4 100
4 104
4 107
4 108
4 110
4 116
4 123
4 125
5 4
5 7
5 18
5 31
5 34
5 39
5 47
5 49
5 54
5 61
5 70
5 76
5 80
5 82
5 84
5 85
5 93
5 94
5 97
5 98
5 102
5 105
5 106
5 110
5 113
5 122
5 123
5 126
6 1
6 6
6 7
6 11
6 20
6 21
6 22
6 25
6 28
6 37
6 38
6 44
6 45
6 46
6 47
6 50
6 53
6 58
6 61
6 63
6 66
6 71
6 72
6 80
6 84
6 95
6 96
6 98
6 108
6 109
6 119
6 125
6 126
7 0
7 3
7 5
7 9
7 11
7 18
7 22
7 30
7 33
7 36
7 39
7 40
7 41
7 44
7 46
7 48
7 49
7 50
7 52
7 55
7 66
7 67
7 68
7 71
7 72
7 75
7 77
7 78
7 81
7 84
7 85
7 89
7 98
7 99
7 102
7 104
7 110
7 113
7 114
7 116
7 119
7 120
7 124
7 127
8 3
8 5
8 7
8 10
8 11
8 12
8 14
8 16
8 17
8 20
8 21
8 30
8 48
8 53
8 56
8 60
8 66
8 67
8 70
8 73
8 78
8 83
8 85
8 86
8 87
8 89
8 91
8 92
8 95
8 99
8 105
8 108
8 110
8 111
8 112
8 121
8 123
9 0
9 1
9 5
9 8
9 10
9 17
9 21
9 22
9 24
9 25
9 27
9 31
9 38
9 41
9 45
9 48
9 51
9 53
9 54
9 55
9 56
9 62
9 66
9 67
9 72
9 73
9 76
9 77
9 78
9 85
9 91
9 92
9 93
9 95
9 103
9 104
9 107
9 109
9 111
9 112
9 117
9 118
9 120
9 122
9 123
10 2
10 5
10 7
10 8
10 12
10 13
10 22
10 23
10 25
10 26
10 31
10 35
10 36
10 46
10 49
10 50
10 53
10 54
10 57
10 59
10 63
10 64
10 75
10 76
10 78
10 79
10 84
10 88
10 96
10 102
10 105
10 117
10 118
10 119
10 121
10 127
11 3
11 5
11 8
11 11
11 12
11 17
11 22
11 23
11 25
11 37
11 38
11 42
11 44
11 45
11 50
11 55
11 61
11 62
11 65
11 66
11 69
11 70
11 73
11 76
11 77
11 79
11 82
11 83
11 84
11 85
11 89
11 91
11 93
11 94
11 96
11 102
11 106
11 110
11 111
11 115
11 121
11 124
11 127
12 0
12 11
12 13
12 17
12 18
12 19
12 22
12 26
12 28
12 31
12 32
12 34
12 35
12 41
12 44
12 52
12 57
12 58
12 59
12 64
12 65
12 73
12 75
12 81
12 82
12 84
12 89
12 91
12 92
12 95
12 96
12 98
12 101
12 102
12 106
12 107
12 111
12 113
12 114
12 118
12 121
12 126
13 5
13 18
13 24
13 25
13 29
13 33
13 45
13 53
13 56
13 57
13 65
13 70
13 71
13 74
13 76
13 79
13 82
13 84
13 88
13 90
13 99
13 100
13 107
13 108
13 110
13 111
13 112
13 113
13 114
13 119
13 127
14 4
14 9
14 10
14 11
14 14
14 15
14 17
14 24
14 27
14 35
14 36
14 38
14 41
14 58
14 64
14 69
14 74
14 75
14 78
14 79
14 81
14 82
14 85
14 87
14 89
14 90
14 96
14 97
14 98
14 105
14 106
14 111
14 112
14 114
14 118
14 122
14 123
14 124
14 127
15 2
15 4
15 10
15 11
15 12
15 18
15 20
15 23
15 24
15 36
15 37
15 40
15 41
15 44
15 48
15 50
15 51
15 55
15 59
15 60
15 62
15 63
15 66
15 69
15 78
15 85
15 86
15 89
15 92
15 93
15 97
15 98
15 100
15 102
15 103
15 107
15 108
15 109
15 111
15 115
15 118
15 119
15 120
15 125
16 2
16 4
16 8
16 9
16 11
16 12
16 13
16 14
16 15
16 17
16 21
16 24
16 26
16 28
16 37
16 45
16 51
16 58
16 59
16 60
16 61
16 69
16 70
16 72
16 74
16 76
16 89
16 90
16 92
16 93
16 95
16 98
16 101
16 103
16 105
16 108
16 109
16 113
16 119
16 120
16 123
16 124
17 0
17 4
17 8
17 9
17 11
17 13
17 15
17 17
17 30
17 31
17 34
17 35
17 37
17 41
17 42
17 44
17 52
17 53
17 66
17 67
17 69
17 73
17 78
17 80
17 81
17 83
17 85
17 87
17 88
17 89
17 91
17 92
17 102
17 103
17 105
17 106
17 113
17 116
17 118
17 124
17 125
17 127
18 0
18 1
18 7
18 8
18 9
18 16
18 18
18 19
18 20
18 21
18 26
18 27
18 28
18 30
18 31
18 38
18 41
18 47
18 55
18 57
18 58
18 61
18 68
18 69
18 71
18 74
18 80
18 81
18 82
18 83
18 84
18 86
18 90
18 96
18 98
18 99
18 100
18 101
18 104
18 107
18 112
18 114
18 116
18 117
18 118
18 120
18 121
18 123
18 124
18 125
19 2
19 5
19 8
19 11
19 15
19 20
19 26
19 28
19 29
19 32
19 34
19 38
19 39
19 40
19 43
19 50
19 51
19 52
19 56
19 57
19 60
19 65
19 66
19 68
19 69
19 75
19 82
19 84
19 85
19 86
19 87
19 91
19 95
19 97
19 100
19 101
19 103
19 107
19 108
19 110
19 112
19 115
19 123
20 0
20 5
20 7
20 8
20 12
20 15
20 17
20 18
20 19
20 26
20 27
20 28
20 34
20 37
20 38
20 42
20 46
20 51
20 55
20 60
20 61
20 71
20 75
20 77
20 85
20 86
20 94
20 96
20 97
20 103
20 106
20 109
20 111
20 114
20 118
20 119
20 120
20 123
21 0
21 3
21 4
21 6
21 8
21 13
21 16
21 21
21 24
21 25
21 26
21 29
21 31
21 32
21 34
21 35
21 37
21 41
21 44
21 46
21 47
21 48
21 51
21 52
21 56
21 57
21 59
21 61
21 62
21 64
21 65
21 73
21 75
21 76
21 83
21 85
21 92
21 95
21 97
21 102
21 109
21 114
21 115
21 122
21 125
21 127
22 1
22 4
22 8
22 10
22 11
22 14
22 18
22 20
22 28
22 32
22 34
22 35
22 36
22 42
22 43
22 47
22 52
22 53
22 63
22 65
22 70
22 88
22 90
22 94
22 98
22 99
22 101
22 105
22 106
22 114
22 120
22 124
22 126
23 3
23 5
23 8
23 9
23 13
23 14
23 16
23 20
23 21
23 22
23 26
23 28
23 29
23 30
23 31
23 34
23 37
23 39
23 40
23 47
23 48
23 50
23 51
23 55
23 56
23 59
23 60
23 61
23 67
23 68
23 79
23 84
23 101
23 105
23 106
23 112
23 114
23 119
23 120
23 122
23 127
24 0
24 1
24 2
24 3
24 6
24 13
24 17
24 19
24 28
24 30
24 32
24 35
24 39
24 40
24 45
24 46
24 57
24 59
24 60
24 62
24 63
24 64
24 67
24 70
24 71
24 76
24 78
24 80
24 83
24 84
24 86
24 87
24 91
24 92
24 96
24 97
24 99
24 102
24 108
24 109
24 114
24 120
24 123
24 125
25 2
25 3
25 5
25 7
25 9
25 14
25 18
25 20
25 23
25 26
25 27
25 34
25 35
25 40
25 41
25 44
25 45
25 47
25 50
25 52
25 53
25 55
25 56
25 58
25 60
25 61
25 64
25 69
25 73
25 78
25 80
25 82
25 85
25 86
25 88
25 91
25 93
25 95
25 97
25 99
25 101
25 107
25 113
25 115
25 117
25 121
25 123
26 3
26 9
26 13
26 15
26 16
26 19
26 22
26 23
26 24
26 25
26 31
26 33
26 37
26 38
26 39
26 42
26 43
26 46
26 51
26 61
26 62
26 70
26 71
26 72
26 74
26 77
26 81
26 84
26 85
26 86
26 92
26 94
26 97
26 101
26 102
26 105
26 120
26 124
26 125
26 126
27 8
27 9
27 13
27 16
27 21
27 26
27 30
27 41
27 43
27 49
27 54
27 56
27 58
27 59
27 62
27 63
27 70
27 71
27 80
27 84
27 88
27 89
27 91
27 100
27 106
27 110
27 111
27 112
27 114
27 117
27 119
27 121
27 122
27 125
28 2
28 5
28 8
28 14
28 16
28 18
28 22
28 24
28 26
28 30
28 31
28 33
28 34
28 35
28 36
28 41
28 43
28 45
28 47
28 48
28 57
28 62
28 64
28 69
28 70
28 73
28 74
28 78
28 82
28 85
28 88
28 89
28 91
28 95
28 102
28 107
28 108
28 112
28 116
28 120
28 125
29 5
29 10
29 12
29 13
29 18
29 21
29 27
29 28
29 29
29 30
29 33
29 34
29 48
29 51
29 57
29 59
29 60
29 61
29 63
29 72
29 80
29 83
29 84
29 86
29 91
29 96
29 100
29 112
29 114
29 120
29 124
29 126
30 12
30 17
30 18
30 19
30 21
30 25
30 26
30 31
30 36
30 38
30 41
30 72
30 75
30 78
30 79
30 80
30 85
30 90
30 92
30 98
30 99
30 100
30 102
30 103
30 105
30 107
30 109
30 112
30 115
30 119
30 120
30 127
31 0
31 1
31 9
31 12
31 17
31 22
31 26
31 34
31 36
31 38
31 44
31 47
31 49
31 53
31 62
31 64
31 65
31 66
31 67
31 72
31 85
31 88
31 93
31 96
31 99
31 102
31 107
31 108
31 109
31 118
31 123
31 125
31 127
32 8
32 10
32 13
32 19
32 20
32 29
32 30
32 34
32 35
32 36
32 45
32 46
32 48
32 51
32 54
32 56
32 59
32 60
32 61
32 64
32 66
32 68
32 69
32 70
32 73
32 75
32 76
32 80
32 83
32 84
32 85
32 86
32 88
32 89
32 93
32 96
32 98
32 101
32 102
32 103
32 105
32 106
32 107
32 113
32 114
32 115
32 121
32 122
33 0
33 2
33 3
33 14
33 15
33 17
33 20
33 26
33 27
33 33
33 35
33 42
33 51
33 52
33 56
33 59
33 60
33 61
33 62
33 64
33 66
33 72
33 74
33 78
33 84
33 91
33 92
33 94
33 97
33 100
33 103
33 104
33 112
33 114
33 116
33 119
33 126
34 2
34 11
34 13
34 15
34 20
34 21
34 22
34 25
34 30
34 41
34 44
34 50
34 51
34 57
34 62
34 63
34 67
34 69
34 71
34 73
34 77
34 78
34 83
34 86
34 88
34 89
34 91
34 96
34 101
34 111
34 116
34 118
34 126
34 127
35 2
35 21
35 24
35 26
35 30
35 36
35 44
35 46
35 48
35 52
35 56
35 61
35 70
35 75
35 85
35 87
35 90
35 93
35 96
35 99
35 101
35 102
35 113
35 115
35 118
35 122
35 123
35 125
36 2
36 4
36 11
36 14
36 15
36 16
36 18
36 20
36 29
36 34
36 37
36 38
36 40
36 43
36 46
36 50
36 51
36 52
36 61
36 65
36 67
36 68
36 70
36 72
36 73
36 74
36 87
36 90
36 91
36 94
36 99
36 103
36 106
36 108
36 109
36 112
36 116
36 119
36 124
37 6
37 9
37 13
37 29
37 31
37 32
37 35
37 37
37 38
37 39
37 49
37 56
37 58
37 60
37 65
37 66
37 67
37 73
37 86
37 91
37 95
37 100
37 103
37 111
37 113
37 117
37 126
38 1
38 5
38 6
38 10
38 14
38 20
38 28
38 34
38 36
38 37
38 47
38 48
38 50
38 53
38 55
38 57
38 58
38 66
38 67
38 68
38 71
38 77
38 78
38 83
38 85
38 88
38 93
38 94
38 96
38 102
38 104
38 105
38 108
38 109
38 113
38 117
38 120
38 125
38 126
38 127
39 5
39 12
39 17
39 18
39 20
39 21
39 28
39 29
39 30
39 31
39 39
39 43
39 44
39 45
39 48
39 66
39 67
39 68
39 76
39 77
39 82
39 83
39 85
39 87
39 92
39 93
39 95
39 97
39 99
39 103
39 106
39 111
39 112
39 114
39 117
39 125
39 126
39 127
40 1
40 3
40 4
40 6
40 9
40 16
40 17
40 20
40 21
40 25
40 26
40 30
40 42
40 43
40 44
40 47
40 48
40 49
40 50
40 55
40 58
40 59
40 61
40 63
40 65
40 70
40 74
40 75
40 76
40 81
40 82
40 86
40 87
40 88
40 91
40 92
40 94
40 95
40 96
40 101
40 104
40 107
40 114
40 123
41 1
41 6
41 8
41 11
41 18
41 19
41 20
41 24
41 25
41 27
41 35
41 36
41 40
41 41
41 43
41 47
41 48
41 57
41 61
41 62
41 64
41 66
41 69
41 72
41 75
41 78
41 79
41 80
41 85
41 91
41 92
41 96
41 99
41 103
41 107
41 112
41 113
41 118
41 120
41 123
41 124
41 125
42 2
42 3
42 9
42 10
42 11
42 14
42 17
42 19
42 26
42 34
42 35
42 36
42 38
42 50
42 57
42 58
42 62
42 63
42 66
42 67
42 68
42 69
42 71
42 84
42 85
42 96
42 99
42 101
42 106
42 112
42 113
42 114
42 120
42 123
42 126
43 0
43 2
43 7
43 13
43 16
43 21
43 29
43 30
43 33
43 39
43 44
43 45
43 50
43 57
43 58
43 62
43 63
43 67
43 68
43 69
43 71
43 74
43 78
43 85
43 87
43 88
43 93
43 95
43 105
43 108
43 110
43 113
43 114
43 116
43 119
44 0
44 14
44 17
44 23
44 37
44 40
44 43
44 47
44 56
44 57
44 59
44 62
44 67
44 71
44 75
44 76
44 78
44 82
44 83
44 86
44 87
44 88
44 91
44 95
44 102
44 103
44 109
44 125
44 127
45 0
45 2
45 3
45 4
45 9
45 25
45 26
45 30
45 35
45 39
45 40
45 45
45 46
45 47
45 49
45 51
45 57
45 60
45 61
45 63
45 71
45 72
45 74
45 76
45 80
45 83
45 90
45 92
45 96
45 97
45 102
45 108
45 109
45 110
45 116
45 117
45 119
45 122
45 123
45 125
45 127
46 3
46 4
46 16
46 19
46 21
46 25
46 26
46 32
46 35
46 40
46 45
46 54
46 58
46 59
46 63
46 66
46 68
46 75
46 77
46 86
46 89
46 91
46 92
46 93
46 95
46 102
46 105
46 107
46 109
46 110
46 111
46 115
47 2
47 6
47 14
47 16
47 17
47 20
47 22
47 25
47 26
47 27
47 28
47 32
47 34
47 36
47 38
47 45
47 46
47 47
47 51
47 53
47 56
47 63
47 66
47 70
47 72
47 74
47 75
47 77
47 81
47 82
47 85
47 86
47 88
47 90
47 95
47 101
47 102
47 107
47 109
47 112
47 114
47 123
47 124
47 126
48 0
48 16
48 21
48 22
48 23
48 27
48 31
48 33
48 37
48 38
48 40
48 42
48 43
48 46
48 47
48 49
48 53
48 57
48 70
48 72
48 73
48 79
48 80
48 81
48 82
48 83
48 88
48 89
48 90
48 93
48 99
48 101
48 105
48 106
48 110
48 116
48 119
48 120
48 121
48 123
48 126
49 2
49 4
49 8
49 11
49 14
49 21
49 23
49 29
49 30
49 33
49 34
49 42
49 44
49 45
49 46
49 47
49 50
49 52
49 55
49 63
49 66
49 67
49 69
49 71
49 80
49 81
49 84
49 85
49 91
49 100
49 105
49 108
49 110
49 111
49 116
49 121
49 124
50 9
50 11
50 14
50 16
50 19
50 22
50 29
50 31
50 32
50 34
50 36
50 38
50 55
50 56
50 63
50 65
50 66
50 68
50 72
50 75
50 77
50 84
50 85
50 86
50 88
50 89
50 91
50 93
50 94
50 97
50 99
50 101
50 103
50 107
50 109
50 110
50 111
50 117
50 122
50 124
50 126
51 3
51 5
51 6
51 10
51 16
51 21
51 22
51 26
51 28
51 31
51 32
51 35
51 38
51 42
51 43
51 50
51 52
51 53
51 59
51 62
51 65
51 72
51 74
51 75
51 78
51 81
51 107
51 111
51 123
51 124
51 127
52 1
52 4
52 5
52 12
52 17
52 20
52 23
52 28
52 31
52 33
52 35
52 39
52 40
52 41
52 43
52 47
52 50
52 54
52 57
52 63
52 67
52 69
52 73
52 77
52 80
52 84
52 85
52 91
52 93
52 95
52 96
52 109
52 110
52 111
52 117
52 118
52 121
52 124
53 0
53 2
53 4
53 6
53 7
53 9
53 13
53 19
53 20
53 24
53 25
53 28
53 29
53 35
53 37
53 44
53 47
53 49
53 50
53 52
53 53
53 54
53 55
53 61
53 66
53 68
53 70
53 72
53 73
53 77
53 79
53 84
53 85
53 86
53 91
53 92
53 95
53 96
53 97
53 100
53 105
53 107
53 110
53 120
53 124
53 126
54 4
54 7
54 8
54 11
54 17
54 24
54 26
54 29
54 31
54 35
54 36
54 37
54 41
54 49
54 51
54 56
54 59
54 63
54 64
54 70
54 72
54 74
54 80
54 84
54 85
54 91
54 100
54 101
54 107
54 110
54 115
54 117
54 123
54 125
55 8
55 11
55 13
55 17
55 19
55 24
55 25
55 26
55 28
55 34
55 38
55 43
55 44
55 45
55 47
55 49
55 50
55 53
55 55
55 66
55 70
55 71
55 72
55 73
55 78
55 79
55 80
55 81
55 82
55 84
55 87
55 100
55 106
55 109
55 110
55 113
55 114
55 116
55 121
55 123
55 125
55 127
56 1
56 2
56 4
56 6
56 9
56 12
56 22
56 24
56 26
56 29
56 30
56 32
56 34
56 37
56 46
56 49
56 50
56 55
56 56
56 59
56 61
56 67
56 68
56 75
56 89
56 96
56 98
56 100
56 102
56 103
56 106
56 112
56 115
56 122
56 123
56 124
56 126
56 127
57 4
57 5
57 8
57 10
57 13
57 15
57 17
57 21
57 24
57 32
57 35
57 38
57 43
57 44
57 45
57 47
57 49
57 50
57 52
57 56
57 59
57 60
57 61
57 62
57 65
57 73
57 74
57 76
57 79
57 81
57 82
57 87
57 88
57 91
57 93
57 95
57 97
57 99
57 101
57 103
57 104
57 106
57 107
57 110
57 111
57 112
57 113
57 114
57 115
57 119
57 122
57 125
57 127
58 1
58 2
58 10
58 11
58 13
58 14
58 16
58 21
58 24
58 33
58 37
58 40
58 43
58 52
58 53
58 54
58 63
58 66
58 67
58 71
58 77
58 78
58 82
58 85
58 100
58 102
58 110
58 111
58 116
58 121
58 123
58 124
59 0
59 1
59 2
59 7
59 8
59 10
59 12
59 15
59 25
59 28
59 30
59 31
59 32
59 36
59 37
59 38
59 49
59 60
59 64
59 66
59 68
59 71
59 73
59 74
59 80
59 81
59 84
59 86
59 90
59 92
59 94
59 96
59 102
59 103
59 106
59 111
59 113
59 123
59 125
59 126
60 2
60 3
60 5
60 9
60 11
60 15
60 18
60 19
60 23
60 24
60 29
60 35
60 38
60 40
60 41
60 47
60 52
60 55
60 57
60 62
60 68
60 73
60 75
60 78
60 80
60 82
60 83
60 84
60 86
60 87
60 93
60 97
60 98
60 99
60 103
60 104
60 108
60 112
60 116
60 118
60 121
60 123
61 1
61 4
61 5
61 6
61 8
61 9
61 15
61 16
61 20
61 25
61 26
61 27
61 35
61 38
61 41
61 42
61 43
61 48
61 50
61 51
61 52
61 54
61 59
61 62
61 64
61 67
61 70
61 71
61 75
61 77
61 80
61 83
61 86
61 89
61 91
61 97
61 100
61 101
61 112
61 114
61 116
61 121
62 1
62 4
62 6
62 11
62 15
62 20
62 24
62 28
62 29
62 39
62 41
62 42
62 46
62 48
62 50
62 53
62 63
62 67
62 69
62 73
62 80
62 82
62 83
62 88
62 89
62 94
62 95
62 100
62 101
62 102
62 103
62 109
62 110
62 115
63 1
63 2
63 5
63 9
63 10
63 15
63 17
63 21
63 22
63 24
63 31
63 34
63 35
63 45
63 47
63 48
63 49
63 52
63 58
63 60
63 64
63 66
63 68
63 77
63 80
63 81
63 83
63 84
63 90
63 93
63 95
63 96
63 97
63 113
63 114
63 115
63 117
63 118
63 120
63 123
64 1
64 5
64 10
64 15
64 20
64 21
64 23
64 27
64 30
64 34
64 35
64 36
64 44
64 45
64 47
64 52
64 55
64 57
64 60
64 64
64 66
64 69
64 70
64 74
64 75
64 87
64 88
64 92
64 95
64 99
64 101
64 111
64 116
64 119
64 124
64 125
65 1
65 2
65 8
65 9
65 10
65 11
65 16
65 18
65 23
65 26
65 28
65 32
65 37
65 39
65 41
65 42
65 43
65 46
65 50
65 66
65 68
65 72
65 78
65 80
65 89
65 90
65 91
65 92
65 95
65 97
65 104
65 109
65 121
66 0
66 2
66 3
66 4
66 8
66 14
66 15
66 17
66 18
66 20
66 21
66 23
66 27
66 32
66 33
66 34
66 37
66 39
66 40
66 43
66 44
66 51
66 56
66 58
66 59
66 60
66 61
66 62
66 64
66 67
66 71
66 77
66 84
66 85
66 89
66 90
66 100
66 101
66 104
66 110
66 111
66 112
66 113
66 115
66 116
66 120
66 124
66 127
67 0
67 4
67 13
67 25
67 28
67 29
67 39
67 40
67 42
67 45
67 47
67 53
67 55
67 57
67 58
67 66
67 67
67 69
67 71
67 76
67 80
67 82
67 84
67 85
67 87
67 90
67 99
67 100
67 105
67 110
67 111
67 113
67 115
67 116
67 121
67 126
68 1
68 4
68 6
68 7
68 9
68 11
68 12
68 16
68 18
68 19
68 23
68 24
68 25
68 26
68 29
68 32
68 34
68 35
68 36
68 37
68 41
68 44
68 46
68 47
68 50
68 58
68 60
68 62
68 64
68 65
68 68
68 70
68 72
68 74
68 76
68 83
68 90
68 91
68 92
68 95
68 96
68 99
68 101
68 102
68 103
68 106
68 107
68 108
68 110
68 111
68 115
68 117
68 122
68 125
69 1
69 8
69 10
69 16
69 20
69 23
69 28
69 30
69 31
69 32
69 33
69 36
69 38
69 45
69 46
69 48
69 53
69 54
69 56
69 57
69 62
69 64
69 66
69 67
69 70
69 73
69 75
69 80
69 83
69 86
69 89
69 91
69 98
69 99
69 100
69 101
69 116
69 118
69 119
69 125
69 126
69 127
70 3
70 7
70 8
70 10
70 12
70 14
70 21
70 23
70 27
70 33
70 36
70 37
70 41
70 43
70 45
70 47
70 49
70 54
70 67
70 70
70 72
70 77
70 80
70 84
70 88
70 91
70 92
70 98
70 105
70 106
70 108
70 114
70 115
70 116
70 117
70 118
70 122
70 124
70 125
71 2
71 4
71 6
71 9
71 17
71 25
71 31
71 43
71 46
71 50
71 53
71 56
71 58
71 60
71 62
71 64
71 69
71 73
71 80
71 83
71 89
71 95
71 97
71 98
71 99
71 107
71 111
71 115
71 121
71 122
71 123
72 10
72 11
72 18
72 19
72 26
72 40
72 47
72 48
72 50
72 53
72 54
72 56
72 57
72 60
72 63
72 68
72 71
72 73
72 75
72 82
72 83
72 86
72 87
72 89
72 92
72 94
72 96
72 98
72 99
72 103
72 107
72 110
72 112
72 113
72 115
72 117
72 119
72 121
73 1
73 2
73 6
73 12
73 13
73 14
73 20
73 21
73 32
73 40
73 47
73 49
73 50
73 51
73 57
73 60
73 62
73 65
73 66
73 67
73 68
73 69
73 86
73 94
73 99
73 103
73 104
73 119
73 123
73 126
73 127
74 1
74 5
74 10
74 11
74 21
74 22
74 23
74 24
74 33
74 40
74 41
74 44
74 47
74 51
74 53
74 54
74 56
74 57
74 58
74 66
74 67
74 70
74 71
74 72
74 73
74 74
74 76
74 80
74 81
74 86
74 87
74 93
74 94
74 98
74 99
74 109
74 113
74 115
74 122
74 127
75 0
75 1
75 8
75 11
75 16
75 20
75 26
75 27
75 28
75 34
75 35
75 38
75 39
75 41
75 42
75 52
75 57
75 63
75 65
75 68
75 70
75 78
75 80
75 87
75 88
75 89
75 90
75 93
75 94
75 109
75 110
75 124
75 127
76 5
76 6
76 8
76 12
76 16
76 19
76 22
76 26
76 29
76 38
76 40
76 47
76 51
76 62
76 67
76 68
76 75
76 76
76 77
76 81
76 82
76 84
76 86
76 87
76 93
76 94
76 108
76 113
76 115
76 120
76 121
76 123
76 124
77 0
77 1
77 3
77 4
77 6
77 8
77 9
77 14
77 16
77 17
77 18
77 20
77 25
77 27
77 30
77 33
77 39
77 44
77 45
77 46
77 49
77 51
77 53
77 59
77 60
77 61
77 62
77 64
77 67
77 75
77 78
77 84
77 86
77 88
77 90
77 93
77 95
77 98
77 103
77 104
77 106
77 107
77 110
77 117
77 125
78 1
78 16
78 19
78 20
78 21
78 22
78 24
78 25
78 31
78 33
78 34
78 35
78 37
78 39
78 40
78 43
78 50
78 54
78 66
78 71
78 87
78 96
78 97
78 99
78 104
78 108
78 113
78 116
78 121
78 122
78 124
78 126
78 127
79 5
79 11
79 14
79 24
79 27
79 32
79 36
79 39
79 40
79 44
79 49
79 51
79 52
79 54
79 56
79 57
79 59
79 71
79 73
79 76
79 77
79 82
79 83
79 84
79 85
79 90
79 91
79 95
79 100
79 104
79 109
79 111
79 113
79 116
79 125
80 0
80 1
80 4
80 7
80 8
80 10
80 12
80 14
80 18
80 22
80 24
80 25
80 29
80 31
80 33
80 34
80 38
80 39
80 40
80 47
80 48
80 50
80 53
80 58
80 59
80 62
80 67
80 68
80 70
80 74
80 75
80 78
80 80
80 84
80 85
80 87
80 96
80 98
80 101
80 103
80 106
80 108
80 121
80 122
80 126
81 0
81 1
81 2
81 6
81 8
81 9
81 10
81 13
81 16
81 19
81 23
81 26
81 27
81 28
81 37
81 45
81 47
81 49
81 51
81 52
81 54
81 56
81 57
81 61
81 62
81 68
81 74
81 79
81 82
81 85
81 86
81 90
81 92
81 96
81 99
81 100
81 101
81 106
81 110
81 112
81 119
81 121
81 122
81 126
82 4
82 6
82 7
82 9
82 11
82 13
82 17
82 19
82 20
82 21
82 23
82 29
82 32
82 33
82 34
82 40
82 43
82 46
82 47
82 49
82 50
82 54
82 60
82 62
82 68
82 69
82 70
82 72
82 73
82 76
82 80
82 84
82 92
82 93
82 94
82 99
82 105
82 106
82 107
82 110
82 115
82 117
82 118
82 122
82 123
82 126
82 127
83 4
83 5
83 6
83 11
83 18
83 19
83 21
83 22
83 23
83 25
83 28
83 29
83 30
83 36
83 47
83 63
83 65
83 66
83 67
83 72
83 75
83 78
83 79
83 97
83 99
83 100
83 102
83 110
83 111
83 113
83 114
83 118
83 121
83 122
83 123
83 124
83 125
83 126
84 0
84 2
84 6
84 12
84 13
84 17
84 19
84 21
84 22
84 27
84 31
84 38
84 40
84 47
84 49
84 50
84 67
84 70
84 71
84 73
84 76
84 78
84 80
84 82
84 88
84 90
84 93
84 94
84 98
84 101
84 102
84 103
84 108
84 109
84 126
85 0
85 2
85 14
85 16
85 20
85 21
85 23
85 25
85 31
85 32
85 38
85 39
85 40
85 43
85 47
85 49
85 54
85 55
85 56
85 57
85 63
85 65
85 68
85 69
85 73
85 81
85 82
85 87
85 90
85 91
85 96
85 97
85 100
85 103
85 104
85 108
85 109
85 116
85 118
85 120
86 1
86 3
86 7
86 9
86 10
86 11
86 13
86 19
86 20
86 21
86 23
86 29
86 41
86 46
86 51
86 56
86 57
86 62
86 68
86 76
86 82
86 86
86 87
86 88
86 91
86 93
86 97
86 99
86 106
86 109
86 111
86 113
86 118
86 119
86 126
86 127
87 0
87 1
87 2
87 6
87 8
87 13
87 23
87 24
87 25
87 27
87 28
87 31
87 34
87 43
87 44
87 46
87 48
87 52
87 61
87 62
87 67
87 72
87 78
87 83
87 86
87 87
87 95
87 100
87 103
87 108
87 112
87 113
87 114
87 115
87 117
87 118
87 121
87 123
88 1
88 8
88 9
88 17
88 19
88 23
88 29
88 31
88 32
88 40
88 41
88 44
88 47
88 49
88 52
88 55
88 64
88 65
88 70
88 73
88 75
88 79
88 81
88 83
88 95
88 97
88 105
88 107
88 108
88 112
88 118
88 119
88 120
88 122
88 124
88 125
88 126
88 127
89 1
89 9
89 13
89 17
89 26
89 35
89 40
89 42
89 43
89 44
89 45
89 46
89 48
89 51
89 53
89 66
89 68
89 69
89 70
89 81
89 93
89 94
89 97
89 101
89 102
89 109
89 111
89 114
89 117
89 123
90 1
90 14
90 24
90 25
90 26
90 33
90 36
90 40
90 41
90 43
90 44
90 45
90 48
90 49
90 56
90 64
90 66
90 68
90 70
90 72
90 75
90 81
90 85
90 87
90 93
90 95
90 101
90 104
90 108
90 123
90 127
91 6
91 8
91 11
91 24
91 25
91 26
91 28
91 32
91 33
91 40
91 44
91 45
91 47
91 53
91 55
91 61
91 66
91 67
91 68
91 69
91 70
91 77
91 83
91 86
91 87
91 94
91 95
91 96
91 97
91 98
91 101
91 109
91 111
91 118
92 3
92 8
92 9
92 10
92 14
92 27
92 28
92 33
92 34
92 35
92 41
92 43
92 44
92 46
92 48
92 49
92 52
92 59
92 60
92 67
92 69
92 77
92 83
92 84
92 87
92 89
92 90
92 92
92 94
92 96
92 101
92 104
92 105
92 107
92 108
92 109
92 110
92 115
92 119
92 120
92 122
92 125
92 127
93 2
93 6
93 11
93 16
93 23
93 26
93 29
93 36
93 38
93 39
93 42
93 55
93 57
93 61
93 63
93 66
93 67
93 71
93 76
93 81
93 84
93 87
93 92
93 93
93 95
93 99
93 100
93 101
93 102
93 111
93 113
93 124
93 126
93 127
94 2
94 6
94 9
94 15
94 33
94 35
94 44
94 46
94 49
94 51
94 53
94 54
94 56
94 57
94 62
94 67
94 69
94 70
94 72
94 73
94 80
94 82
94 87
94 90
94 91
94 94
94 97
94 99
94 104
94 107
94 108
94 115
94 117
94 119
94 122
94 123
94 125
94 127
95 5
95 8
95 10
95 11
95 14
95 17
95 20
95 23
95 24
95 26
95 39
95 48
95 54
95 62
95 63
95 64
95 65
95 67
95 69
95 70
95 80
95 81
95 84
95 88
95 89
95 90
95 96
95 98
95 101
95 102
95 104
95 110
95 114
95 118
95 120
95 122
95 123
95 124
96 0
96 1
96 6
96 9
96 12
96 18
96 20
96 23
96 27
96 32
96 33
96 37
96 40
96 43
96 46
96 49
96 50
96 54
96 56
96 57
96 59
96 60
96 61
96 68
96 69
96 73
96 74
96 77
96 90
96 91
96 94
96 96
96 97
96 106
96 107
96 108
96 112
96 114
96 117
96 118
96 120
96 126
97 6
97 7
97 9
97 11
97 14
97 18
97 23
97 24
97 26
97 27
97 29
97 30
97 32
97 40
97 41
97 44
97 50
97 53
97 57
97 64
97 65
97 67
97 68
97 69
97 70
97 71
97 75
97 76
97 79
97 80
97 83
97 89
97 90
97 95
97 96
97 98
97 99
97 101
97 102
97 103
97 109
97 110
97 116
97 119
97 123
97 124
98 0
98 1
98 3
98 5
98 7
98 9
98 29
98 33
98 34
98 36
98 48
98 50
98 54
98 61
98 68
98 69
98 72
98 74
98 76
98 78
98 82
98 85
98 86
98 88
98 89
98 91
98 92
98 96
98 98
98 99
98 101
98 107
98 109
98 111
98 116
98 117
98 118
98 119
98 123
98 124
99 0
99 8
99 12
99 17
99 18
99 20
99 22
99 23
99 27
99 30
99 31
99 33
99 38
99 44
99 49
99 51
99 52
99 55
99 56
99 59
99 65
99 71
99 83
99 85
99 93
99 95
99 96
99 98
99 99
99 102
99 103
99 104
99 111
99 113
99 118
99 119
99 120
99 124
99 125
100 1
100 2
100 4
100 5
100 13
100 15
100 16
100 22
100 28
100 30
100 31
100 32
100 35
100 37
100 39
100 42
100 47
100 52
100 53
100 54
100 60
100 61
100 62
100 63
100 70
100 74
100 77
100 81
100 82
100 83
100 85
100 91
100 92
100 94
100 95
100 98
100 99
100 102
100 107
100 108
100 111
100 113
100 115
100 119
100 120
100 122
100 123
100 125
100 127
101 6
101 7
101 10
101 15
101 21
101 27
101 28
101 32
101 39
101 40
101 42
101 46
101 50
101 51
101 57
101 58
101 60
101 61
101 66
101 71
101 78
101 80
101 82
101 85
101 86
101 88
101 89
101 91
101 101
101 103
101 105
101 112
101 121
101 123
102 0
102 4
102 5
102 7
102 9
102 14
102 15
102 17
102 18
102 19
102 27
102 30
102 31
102 32
102 38
102 41
102 49
102 50
102 52
102 58
102 65
102 66
102 67
102 71
102 73
102 75
102 77
102 78
102 82
102 86
102 90
102 99
102 100
102 101
102 107
102 111
102 123
102 126
102 127
103 0
103 1
103 5
103 12
103 19
103 24
103 25
103 26
103 27
103 34
103 35
103 45
103 49
103 50
103 53
103 55
103 60
103 67
103 69
103 71
103 74
103 80
103 84
103 85
103 88
103 95
103 99
103 104
103 105
103 107
103 109
103 110
103 111
103 112
103 113
103 117
103 118
103 122
103 123
103 127
104 1
104 2
104 4
104 8
104 11
104 20
104 22
104 25
104 30
104 31
104 32
104 33
104 34
104 38
104 39
104 41
104 44
104 51
104 54
104 57
104 59
104 64
104 65
104 67
104 68
104 69
104 72
104 74
104 75
104 78
104 79
104 85
104 90
104 92
104 95
104 101
104 109
104 112
104 117
104 118
104 119
104 121
104 124
104 125
105 4
105 5
105 8
105 12
105 16
105 21
105 23
105 25
105 26
105 31
105 47
105 48
105 50
105 52
105 54
105 58
105 66
105 69
105 70
105 71
105 73
105 74
105 76
105 77
105 78
105 80
105 83
105 86
105 88
105 98
105 100
105 102
105 105
105 106
105 109
105 116
105 117
105 124
105 126
106 12
106 18
106 20
106 30
106 31
106 34
106 36
106 38
106 43
106 46
106 52
106 53
106 55
106 67
106 69
106 70
106 71
106 72
106 80
106 86
106 91
106 93
106 100
106 102
106 103
106 106
106 110
106 113
106 114
106 120
106 121
106 122
106 123
106 125
107 3
107 4
107 7
107 11
107 13
107 16
107 19
107 24
107 35
107 36
107 39
107 41
107 46
107 53
107 54
107 65
107 66
107 67
107 83
107 84
107 87
107 98
107 100
107 110
107 116
107 118
107 119
107 125
108 0
108 6
108 7
108 8
108 12
108 16
108 18
108 19
108 20
108 21
108 22
108 25
108 29
108 38
108 41
108 42
108 45
108 47
108 49
108 57
108 59
108 60
108 67
108 68
108 72
108 76
108 77
108 79
108 84
108 85
108 90
108 92
108 94
108 95
108 97
108 98
108 102
108 103
108 105
108 107
108 108
108 114
108 118
108 119
108 124
109 6
109 8
109 9
109 23
109 27
109 33
109 34
109 35
109 44
109 45
109 49
109 50
109 58
109 63
109 77
109 82
109 87
109 89
109 92
109 93
109 95
109 98
109 101
109 102
109 103
109 105
109 108
109 110
109 111
109 115
109 119
109 126
110 0
110 5
110 6
110 7
110 8
110 10
110 11
110 14
110 17
110 21
110 23
110 26
110 28
110 31
110 34
110 36
110 38
110 44
110 45
110 49
110 58
110 59
110 64
110 72
110 74
110 77
110 78
110 84
110 94
110 96
110 97
110 101
110 106
110 107
110 108
110 109
110 110
110 114
110 120
111 6
111 10
111 16
111 19
111 24
111 27
111 28
111 29
111 30
111 32
111 33
111 34
111 36
111 44
111 45
111 46
111 54
111 58
111 60
111 71
111 72
111 83
111 85
111 90
111 92
111 94
111 96
111 97
111 100
111 106
111 107
111 113
111 117
111 118
111 121
111 125
111 126
112 2
112 3
112 4
112 8
112 13
112 15
112 17
112 19
112 21
112 28
112 29
112 35
112 38
112 43
112 54
112 56
112 58
112 63
112 67
112 70
112 72
112 75
112 76
112 77
112 84
112 85
112 87
112 90
112 91
112 92
112 104
112 107
112 108
112 109
112 113
112 125
112 127
113 2
113 3
113 5
113 6
113 15
113 16
113 18
113 19
113 25
113 26
113 27
113 29
113 30
113 31
113 35
113 40
113 41
113 43
113 51
113 56
113 61
113 64
113 67
113 68
113 72
113 76
113 78
113 81
113 82
113 85
113 88
113 89
113 90
113 92
113 95
113 104
113 106
113 107
113 110
113 112
113 117
113 125
113 126
113 127
114 1
114 4
114 8
114 9
114 13
114 14
114 18
114 19
114 28
114 30
114 33
114 34
114 37
114 45
114 49
114 52
114 54
114 60
114 67
114 69
114 75
114 80
114 81
114 83
114 89
114 90
114 91
114 93
114 96
114 100
114 104
114 105
114 108
114 109
114 110
114 111
114 112
114 113
114 114
114 120
114 126
114 127
115 0
115 3
115 5
115 9
115 10
115 15
115 18
115 22
115 23
115 26
115 29
115 31
115 35
115 39
115 42
115 43
115 44
115 45
115 46
115 51
115 52
115 53
115 57
115 63
115 66
115 83
115 89
115 95
115 97
115 98
115 102
115 104
115 107
115 114
115 115
115 116
115 118
115 119
115 120
115 121
115 122
115 124
116 4
116 25
116 31
116 37
116 45
116 52
116 54
116 65
116 67
116 71
116 74
116 82
116 87
116 93
116 94
116 105
116 106
116 107
116 109
116 110
116 120
116 123
116 125
116 126
117 2
117 7
117 10
117 15
117 27
117 32
117 33
117 34
117 41
117 47
117 48
117 51
117 52
117 55
117 58
117 59
117 70
117 71
117 76
117 77
117 86
117 88
117 89
117 91
117 93
117 94
117 97
117 102
117 103
117 105
117 106
117 110
117 117
117 124
117 127
118 0
118 1
118 2
118 12
118 13
118 17
118 21
118 22
118 23
118 24
118 27
118 31
118 35
118 37
118 46
118 50
118 64
118 65
118 68
118 72
118 76
118 90
118 91
118 98
118 99
118 105
118 107
118 112
118 119
118 121
118 127
119 2
119 3
119 8
119 10
119 11
119 14
119 22
119 23
119 28
119 34
119 40
119 44
119 45
119 53
119 57
119 63
119 65
119 66
119 68
119 69
119 73
119 75
119 76
119 79
119 82
119 89
119 91
119 92
119 97
119 98
119 99
119 100
119 102
119 106
119 107
119 111
119 113
119 126
120 1
120 2
120 5
120 7
120 11
120 17
120 18
120 19
120 20
120 21
120 22
120 24
120 26
120 31
120 33
120 34
120 39
120 43
120 45
120 53
120 60
120 61
120 64
120 65
120 70
120 72
120 73
120 75
120 76
120 79
120 80
120 86
120 90
120 91
120 96
120 98
120 100
120 104
120 107
120 113
120 120
121 3
121 5
121 9
121 14
121 17
121 18
121 22
121 23
121 42
121 46
121 56
121 57
121 62
121 67
121 70
121 72
121 85
121 89
121 92
121 93
121 94
121 98
121 99
121 100
121 110
121 111
121 115
121 120
121 125
122 1
122 3
122 4
122 7
122 11
122 15
122 16
122 18
122 19
122 21
122 25
122 30
122 45
122 49
122 52
122 55
122 56
122 57
122 61
122 62
122 66
122 69
122 70
122 77
122 79
122 90
122 91
122 95
122 97
122 103
122 105
122 107
122 112
122 113
122 115
122 119
122 120
122 127
123 5
123 8
123 13
123 14
123 15
123 18
123 29
123 30
123 32
123 34
123 35
123 38
123 43
123 44
123 46
123 47
123 48
123 53
123 54
123 55
123 67
123 72
123 77
123 82
123 91
123 104
123 107
123 109
123 111
123 114
123 115
123 118
123 122
123 123
123 126
124 5
124 6
124 7
124 8
124 9
124 12
124 14
124 18
124 23
124 24
124 25
124 26
124 30
124 32
124 40
124 42
124 43
124 45
124 50
124 54
124 56
124 61
124 62
124 64
124 66
124 68
124 70
124 72
124 73
124 75
124 77
124 83
124 89
124 90
124 93
124 94
124 100
124 103
124 106
124 108
124 109
124 111
124 114
124 115
124 118
125 0
125 1
125 4
125 5
125 6
125 8
125 10
125 14
125 15
125 23
125 27
125 40
125 43
125 45
125 62
125 63
125 67
125 68
125 70
125 72
125 90
125 91
125 95
125 101
125 102
125 109
125 110
125 113
125 114
125 116
125 119
125 121
125 122
125 126
126 5
126 6
126 9
126 15
126 18
126 20
126 21
126 35
126 36
126 39
126 40
126 41
126 42
126 46
126 49
126 50
126 51
126 54
126 59
126 62
126 68
126 73
126 75
126 78
126 80
126 83
126 85
126 86
126 95
126 102
126 104
126 105
126 111
126 115
126 117
126 119
126 122
126 123
126 124
126 125
126 126
127 1
127 2
127 9
127 16
127 19
127 23
127 27
127 28
127 33
127 42
127 51
127 52
127 61
127 62
127 63
127 67
127 68
127 72
127 85
127 93
127 95
127 97
127 99
127 101
127 102
127 104
127 107
127 108
127 110
127 111
127 114
127 116
127 117
127 119
127 125
