0 4
0 9
0 17
0 18
0 26
0 30
0 32
0 37
0 42
0 45
0 46
0 50
0 62
0 63
0 70
0 71
0 95
0 96
0 99
0 107
0 125
0 127
1 0
1 4
1 5
1 20
1 23
1 28
1 32
1 33
1 50
1 63
1 78
1 79
1 83
1 89
1 106
1 116
1 122
1 126
2 14
2 16
2 21
2 22
2 24
2 31
2 32
2 34
2 39
2 45
2 48
2 49
2 51
2 52
2 55
2 58
2 65
2 66
2 68
2 71
2 74
2 82
2 87
2 88
2 90
2 99
2 102
2 120
2 122
2 123
2 127
3 0
3 3
3 5
3 9
3 10
3 21
3 23
3 28
3 35
3 40
3 45
3 46
3 51
3 64
3 68
3 75
3 83
3 91
3 94
3 95
3 96
3 102
3 115
3 118
3 119
4 0
4 2
4 3
4 10
4 21
4 22
4 35
4 36
4 37
4 40
4 50
4 51
4 56
4 62
4 63
4 65
4 71
4 79
4 83
4 90
4 91
4 101
4 103
4 113
4 114
4 122
4 124
5 0
5 3
5 13
5 16
5 18
5 21
5 29
5 35
5 36
5 43
5 47
5 53
5 64
5 67
5 68
5 72
5 84
5 87
5 89
5 91
5 94
5 101
5 106
5 110
5 113
5 118
5 121
6 13
6 14
6 19
6 32
6 33
6 37
6 38
6 42
6 53
6 56
6 61
6 62
6 64
6 74
6 77
6 80
6 89
6 92
6 98
6 100
6 104
6 114
6 115
6 126
7 16
7 24
7 25
7 27
7 46
7 47
7 50
7 60
7 64
7 65
7 70
7 78
7 82
7 84
7 86
7 92
7 94
7 101
7 102
7 104
7 106
7 107
7 112
7 114
7 124
8 5
8 12
8 13
8 19
8 35
8 43
8 47
8 48
8 57
8 58
8 62
8 74
8 92
8 93
8 94
8 104
8 111
8 112
8 123
9 2
9 4
9 38
9 40
9 44
9 50
9 53
9 58
9 60
9 65
9 71
9 74
9 76
9 85
9 95
9 120
10 1
10 9
10 13
10 18
10 23
10 29
10 30
10 31
10 38
10 44
10 45
10 46
10 49
10 56
10 65
10 70
10 73
10 81
10 85
10 88
10 90
10 99
10 104
10 125
11 3
11 20
11 21
11 22
11 23
11 24
11 30
11 35
11 38
11 39
11 40
11 52
11 53
11 57
11 59
11 65
11 66
11 67
11 68
11 71
11 75
11 98
11 102
11 107
11 115
11 118
11 121
11 124
11 126
11 127
12 3
12 4
12 14
12 19
12 20
12 34
12 35
12 37
12 38
12 40
12 47
12 53
12 61
12 63
12 69
12 72
12 81
12 84
12 87
12 91
12 103
12 106
12 109
12 112
12 124
13 6
13 16
13 18
13 19
13 37
13 41
13 43
13 50
13 53
13 58
13 59
13 66
13 68
13 69
13 72
13 77
13 84
13 85
13 91
13 102
13 105
13 107
13 111
13 118
13 120
13 122
13 124
13 125
14 3
14 12
14 13
14 14
14 17
14 23
14 28
14 29
14 30
14 32
14 42
14 43
14 45
14 46
14 48
14 53
14 54
14 55
14 56
14 59
14 62
14 63
14 66
14 67
14 78
14 82
14 85
14 90
14 93
14 95
14 101
14 104
14 109
15 1
15 7
15 10
15 11
15 14
15 17
15 18
15 21
15 23
15 34
15 38
15 51
15 60
15 65
15 70
15 71
15 72
15 80
15 81
15 93
15 99
15 101
15 114
15 116
15 121
15 124
16 3
16 4
16 23
16 24
16 28
16 32
16 39
16 42
16 44
16 63
16 72
16 81
16 83
16 84
16 92
16 96
16 104
16 109
16 113
16 117
16 119
17 1
17 3
17 9
17 10
17 11
17 20
17 45
17 52
17 62
17 68
17 70
17 73
17 86
17 87
17 90
17 106
17 107
17 111
17 122
17 127
18 10
18 16
18 17
18 25
18 32
18 34
18 37
18 40
18 46
18 61
18 64
18 66
18 67
18 73
18 87
18 89
18 92
18 101
18 102
18 103
18 105
18 106
18 108
18 113
18 118
19 1
19 3
19 4
19 6
19 37
19 39
19 41
19 42
19 45
19 49
19 51
19 56
19 59
19 64
19 68
19 72
19 86
19 94
19 100
19 102
19 112
19 114
19 116
19 118
19 126
20 6
20 8
20 16
20 18
20 19
20 24
20 36
20 54
20 55
20 61
20 64
20 66
20 67
20 69
20 70
20 74
20 78
20 80
20 90
20 110
20 112
20 117
20 126
21 10
21 16
21 17
21 29
21 38
21 46
21 52
21 53
21 55
21 57
21 64
21 65
21 76
21 77
21 83
21 86
21 89
21 90
21 95
21 96
21 98
21 100
21 103
21 109
21 110
21 113
21 114
21 115
21 116
21 123
21 125
22 8
22 13
22 17
22 23
22 27
22 36
22 41
22 42
22 44
22 54
22 57
22 60
22 63
22 66
22 79
22 80
22 82
22 91
22 104
22 112
22 115
22 117
22 122
22 123
23 0
23 4
23 9
23 14
23 15
23 18
23 45
23 48
23 54
23 65
23 69
23 74
23 75
23 78
23 79
23 81
23 92
23 93
23 109
23 114
23 118
23 119
23 124
24 1
24 4
24 7
24 8
24 10
24 20
24 32
24 37
24 51
24 52
24 53
24 55
24 59
24 62
24 75
24 81
24 94
24 102
24 105
24 110
24 112
24 116
24 119
24 120
24 127
25 2
25 3
25 4
25 5
25 15
25 19
25 22
25 38
25 41
25 44
25 48
25 52
25 59
25 61
25 64
25 69
25 73
25 77
25 86
25 93
25 94
25 96
25 103
25 107
25 116
25 121
25 124
26 4
26 11
26 13
26 22
26 29
26 34
26 38
26 47
26 48
26 64
26 72
26 81
26 83
26 89
26 93
26 96
26 97
26 101
26 112
26 115
26 118
26 126
27 0
27 2
27 18
27 23
27 25
27 26
27 34
27 39
27 41
27 47
27 58
27 60
27 71
27 76
27 83
27 86
27 89
27 97
27 102
27 103
27 105
27 106
27 107
27 108
27 109
27 110
27 120
27 121
27 123
28 4
28 9
28 10
28 11
28 24
28 41
28 46
28 54
28 57
28 65
28 71
28 73
28 74
28 80
28 82
28 83
28 88
28 97
28 113
28 114
28 119
28 120
28 121
28 126
29 13
29 14
29 15
29 24
29 28
29 30
29 34
29 36
29 54
29 55
29 59
29 66
29 77
29 83
29 85
29 94
29 95
29 104
29 106
29 116
29 117
29 127
30 1
30 4
30 7
30 11
30 29
30 38
30 41
30 42
30 43
30 51
30 54
30 61
30 71
30 73
30 103
30 105
30 113
30 114
30 127
31 0
31 1
31 6
31 10
31 16
31 19
31 21
31 23
31 25
31 28
31 29
31 30
31 42
31 52
31 55
31 58
31 62
31 63
31 64
31 70
31 74
31 76
31 80
31 85
31 86
31 89
31 94
31 121
31 122
31 126
31 127
32 0
32 2
32 4
32 9
32 10
32 22
32 26
32 27
32 31
32 41
32 42
32 44
32 45
32 50
32 62
32 63
32 78
32 83
32 91
32 98
32 99
32 101
32 106
32 115
32 119
32 121
33 1
33 3
33 7
33 8
33 18
33 34
33 39
33 40
33 44
33 46
33 48
33 55
33 56
33 57
33 58
33 62
33 66
33 69
33 76
33 81
33 84
33 92
33 95
33 96
33 104
33 106
33 109
33 112
33 118
33 119
34 4
34 6
34 8
34 9
34 12
34 18
34 25
34 26
34 29
34 35
34 43
34 53
34 64
34 72
34 73
34 77
34 84
34 86
34 94
34 122
35 0
35 1
35 6
35 13
35 18
35 19
35 23
35 29
35 33
35 34
35 53
35 59
35 63
35 80
35 86
35 93
35 96
35 99
35 108
35 113
35 118
35 126
36 12
36 24
36 31
36 34
36 47
36 65
36 75
36 77
36 81
36 82
36 84
36 90
36 91
36 92
36 94
36 98
36 105
36 109
36 116
36 119
36 121
36 122
36 124
37 1
37 3
37 11
37 14
37 16
37 20
37 21
37 23
37 24
37 33
37 42
37 43
37 44
37 48
37 53
37 60
37 63
37 64
37 66
37 67
37 73
37 83
37 85
37 99
37 118
37 125
38 2
38 10
38 11
38 15
38 16
38 20
38 21
38 31
38 32
38 41
38 54
38 59
38 63
38 70
38 71
38 72
38 73
38 74
38 80
38 84
38 85
38 89
38 94
38 95
38 98
38 109
38 111
38 122
38 125
39 0
39 23
39 25
39 29
39 34
39 42
39 46
39 47
39 55
39 57
39 70
39 72
39 80
39 82
39 85
39 86
39 88
39 93
39 101
39 109
39 110
39 113
39 115
39 116
39 117
39 119
39 121
40 4
40 7
40 10
40 13
40 19
40 20
40 23
40 27
40 30
40 34
40 46
40 51
40 57
40 58
40 67
40 74
40 83
40 88
40 100
40 105
40 118
40 119
40 126
41 3
41 6
41 12
41 14
41 18
41 24
41 26
41 27
41 28
41 40
41 42
41 46
41 50
41 56
41 59
41 64
41 65
41 80
41 86
41 89
41 90
41 91
41 96
41 104
41 108
41 117
41 124
42 3
42 6
42 7
42 15
42 18
42 19
42 34
42 35
42 40
42 43
42 46
42 48
42 51
42 60
42 62
42 67
42 71
42 77
42 95
42 114
42 118
42 119
42 123
42 126
43 2
43 8
43 12
43 13
43 19
43 23
43 25
43 26
43 36
43 47
43 61
43 66
43 74
43 82
43 90
43 98
43 99
43 100
43 104
43 110
43 111
43 113
43 120
43 125
43 126
44 3
44 8
44 14
44 16
44 18
44 25
44 26
44 30
44 35
44 41
44 42
44 47
44 51
44 53
44 60
44 66
44 68
44 78
44 79
44 82
44 87
44 88
44 96
44 99
44 115
44 120
44 126
45 5
45 13
45 19
45 23
45 28
45 31
45 38
45 40
45 41
45 52
45 60
45 66
45 67
45 68
45 75
45 84
45 85
45 88
45 99
45 105
46 16
46 22
46 23
46 25
46 36
46 46
46 50
46 54
46 66
46 69
46 72
46 76
46 79
46 85
46 88
46 96
46 102
46 108
46 109
46 113
46 115
46 121
47 19
47 23
47 26
47 29
47 32
47 39
47 51
47 52
47 56
47 57
47 61
47 63
47 74
47 75
47 79
47 80
47 82
47 98
47 106
47 111
47 116
47 123
47 125
47 127
48 1
48 7
48 9
48 19
48 24
48 35
48 38
48 41
48 43
48 50
48 52
48 58
48 66
48 69
48 81
48 89
48 95
48 97
48 99
48 111
48 116
48 121
48 122
49 1
49 4
49 7
49 13
49 18
49 19
49 21
49 30
49 35
49 38
49 43
49 52
49 57
49 71
49 83
49 84
49 92
49 93
49 94
49 99
49 101
49 115
49 116
49 120
49 122
49 125
49 127
50 2
50 8
50 16
50 17
50 23
50 24
50 27
50 42
50 44
50 46
50 51
50 60
50 63
50 65
50 69
50 71
50 79
50 80
50 89
50 97
50 101
50 106
50 119
51 8
51 13
51 15
51 18
51 19
51 22
51 24
51 27
51 31
51 37
51 38
51 44
51 53
51 60
51 62
51 66
51 69
51 70
51 75
51 89
51 93
51 96
51 97
51 100
51 104
51 106
51 111
51 115
51 116
51 119
51 124
52 5
52 34
52 42
52 52
52 62
52 63
52 67
52 79
52 85
52 92
52 94
52 98
52 104
52 107
52 111
52 112
52 116
52 119
52 122
52 123
53 4
53 8
53 20
53 30
53 32
53 34
53 37
53 55
53 66
53 67
53 68
53 76
53 77
53 81
53 86
53 89
53 90
53 93
53 96
53 97
53 101
53 104
53 105
53 110
53 112
53 113
53 116
53 118
53 124
54 4
54 6
54 7
54 9
54 12
54 15
54 18
54 19
54 38
54 42
54 44
54 46
54 50
54 57
54 68
54 74
54 75
54 79
54 83
54 85
54 94
54 95
54 105
54 110
54 111
54 113
54 117
55 0
55 1
55 7
55 12
55 15
55 18
55 19
55 27
55 29
55 32
55 36
55 38
55 41
55 44
55 49
55 51
55 70
55 73
55 81
55 82
55 84
55 87
55 88
55 95
55 98
55 102
55 103
55 104
55 110
55 114
55 116
55 117
55 121
56 4
56 8
56 12
56 14
56 20
56 21
56 32
56 33
56 39
56 43
56 49
56 53
56 54
56 56
56 58
56 70
56 80
56 85
56 97
56 106
56 108
56 109
56 112
56 114
56 127
57 10
57 12
57 13
57 17
57 30
57 46
57 48
57 50
57 57
57 58
57 64
57 67
57 68
57 70
57 72
57 77
57 81
57 84
57 91
57 93
57 94
57 96
57 103
57 105
57 112
57 116
57 120
57 127
58 6
58 14
58 15
58 26
58 27
58 28
58 37
58 40
58 51
58 52
58 65
58 69
58 70
58 71
58 79
58 85
58 86
58 98
58 102
58 104
58 105
58 109
58 110
58 113
58 114
58 116
58 117
59 11
59 14
59 17
59 21
59 40
59 41
59 46
59 51
59 54
59 55
59 56
59 63
59 64
59 82
59 88
59 90
59 91
59 104
59 110
59 120
59 123
60 3
60 9
60 13
60 14
60 16
60 23
60 35
60 48
60 50
60 54
60 55
60 59
60 60
60 64
60 72
60 77
60 82
60 84
60 91
60 97
60 99
60 105
60 108
60 111
60 114
60 116
61 4
61 5
61 11
61 16
61 18
61 21
61 28
61 30
61 35
61 36
61 37
61 38
61 42
61 47
61 51
61 53
61 60
61 77
61 83
61 96
61 119
61 120
61 121
61 122
61 123
62 3
62 7
62 12
62 15
62 19
62 37
62 38
62 41
62 43
62 49
62 50
62 61
62 64
62 75
62 76
62 81
62 85
62 87
62 88
62 89
62 91
62 95
62 99
62 107
62 109
62 110
62 111
62 114
63 1
63 5
63 7
63 16
63 29
63 35
63 37
63 56
63 57
63 63
63 65
63 68
63 79
63 80
63 83
63 88
63 89
63 90
63 97
63 104
63 111
63 114
63 115
63 122
63 124
64 2
64 4
64 11
64 14
64 19
64 20
64 22
64 23
64 29
64 35
64 42
64 56
64 66
64 70
64 83
64 85
64 88
64 99
64 100
64 101
64 103
64 105
64 111
64 113
64 115
64 116
64 117
65 1
65 7
65 8
65 10
65 17
65 27
65 28
65 31
65 33
65 34
65 38
65 44
65 47
65 53
65 56
65 63
65 70
65 74
65 80
65 82
65 84
65 86
65 87
65 92
65 107
65 119
66 2
66 24
66 36
66 38
66 48
66 52
66 53
66 62
66 65
66 66
66 68
66 72
66 75
66 76
66 81
66 84
66 89
66 92
66 93
66 95
66 101
66 102
66 104
66 107
66 111
66 115
66 116
66 124
67 0
67 2
67 7
67 12
67 13
67 21
67 23
67 29
67 38
67 42
67 49
67 51
67 59
67 70
67 72
67 74
67 75
67 78
67 79
67 82
67 84
67 85
67 87
67 88
67 89
67 96
67 101
67 109
67 125
67 127
68 7
68 10
68 19
68 26
68 32
68 37
68 47
68 48
68 51
68 55
68 59
68 68
68 70
68 71
68 84
68 85
68 86
68 93
68 98
68 101
68 103
68 110
68 124
68 126
68 127
69 6
69 8
69 9
69 16
69 22
69 24
69 27
69 28
69 36
69 37
69 38
69 41
69 44
69 47
69 70
69 77
69 78
69 80
69 82
69 94
69 101
69 104
69 105
69 106
69 107
69 113
69 126
70 0
70 6
70 12
70 18
70 20
70 28
70 34
70 40
70 41
70 67
70 69
70 75
70 82
70 83
70 87
70 93
70 94
70 110
70 123
70 127
71 6
71 9
71 13
71 15
71 20
71 26
71 29
71 32
71 33
71 35
71 39
71 41
71 43
71 57
71 67
71 80
71 90
71 95
71 96
71 108
71 109
71 114
71 118
71 122
71 126
72 8
72 11
72 13
72 15
72 21
72 24
72 26
72 27
72 38
72 39
72 46
72 55
72 67
72 73
72 74
72 75
72 76
72 79
72 81
72 82
72 83
72 88
72 90
72 93
72 95
72 96
72 101
72 102
72 108
72 110
72 113
72 123
73 3
73 4
73 11
73 26
73 28
73 36
73 37
73 51
73 56
73 65
73 72
73 84
73 86
73 88
73 89
73 97
73 108
73 109
73 112
73 121
74 3
74 11
74 15
74 16
74 19
74 21
74 25
74 29
74 32
74 34
74 38
74 39
74 44
74 46
74 47
74 51
74 54
74 55
74 59
74 66
74 68
74 72
74 76
74 89
74 103
74 110
74 112
74 116
74 117
74 122
75 5
75 8
75 15
75 18
75 19
75 23
75 24
75 27
75 31
75 32
75 34
75 35
75 39
75 45
75 49
75 65
75 66
75 67
75 73
75 79
75 85
75 91
75 93
75 95
75 98
75 104
75 107
75 125
76 0
76 19
76 22
76 26
76 27
76 34
76 35
76 39
76 44
76 45
76 48
76 53
76 57
76 64
76 67
76 81
76 89
76 90
76 98
76 105
76 106
76 107
76 108
76 110
76 113
76 115
76 120
76 122
76 127
77 0
77 16
77 18
77 34
77 40
77 41
77 44
77 48
77 61
77 63
77 72
77 74
77 83
77 86
77 87
77 88
77 95
77 111
77 115
77 122
77 125
77 126
78 4
78 17
78 26
78 38
78 40
78 45
78 47
78 68
78 70
78 75
78 92
78 94
78 95
78 97
78 100
78 104
78 106
78 107
78 108
78 109
78 114
78 115
78 116
78 123
79 1
79 5
79 6
79 7
79 8
79 9
79 26
79 35
79 49
79 53
79 66
79 72
79 77
79 79
79 80
79 100
79 103
79 104
79 112
79 122
79 126
80 8
80 15
80 19
80 20
80 24
80 34
80 37
80 44
80 46
80 74
80 90
80 92
80 95
80 98
80 99
80 111
80 113
80 116
80 118
80 120
80 123
81 0
81 6
81 8
81 9
81 10
81 13
81 14
81 22
81 23
81 24
81 29
81 30
81 31
81 39
81 54
81 56
81 62
81 72
81 74
81 78
81 81
81 82
81 86
81 91
81 92
81 99
81 102
81 112
81 117
81 122
81 127
82 1
82 2
82 11
82 15
82 17
82 18
82 22
82 24
82 26
82 27
82 32
82 35
82 36
82 41
82 44
82 47
82 50
82 54
82 68
82 72
82 88
82 89
82 94
82 97
82 98
82 106
82 118
82 125
82 127
83 5
83 17
83 25
83 33
83 36
83 39
83 58
83 61
83 64
83 68
83 69
83 75
83 77
83 80
83 85
83 86
83 97
83 99
83 101
83 103
83 108
83 109
83 112
83 115
83 116
83 122
83 125
84 2
84 5
84 11
84 13
84 20
84 32
84 38
84 40
84 43
84 44
84 47
84 51
84 53
84 54
84 67
84 69
84 72
84 74
84 78
84 79
84 81
84 84
84 87
84 93
84 95
84 98
84 103
84 105
84 106
84 112
84 116
84 117
84 125
84 127
85 0
85 4
85 7
85 11
85 25
85 31
85 34
85 39
85 42
85 44
85 52
85 68
85 69
85 73
85 76
85 94
85 97
85 98
85 102
85 105
85 110
85 111
85 120
86 9
86 11
86 15
86 18
86 35
86 38
86 41
86 43
86 48
86 49
86 53
86 55
86 56
86 58
86 60
86 61
86 69
86 71
86 72
86 80
86 88
86 94
86 97
86 98
86 109
86 113
86 115
86 116
87 3
87 9
87 19
87 24
87 27
87 28
87 33
87 40
87 44
87 48
87 56
87 57
87 58
87 64
87 65
87 69
87 72
87 88
87 97
87 102
87 103
87 105
87 110
87 114
87 117
87 120
87 123
87 126
88 0
88 3
88 6
88 8
88 13
88 15
88 26
88 32
88 36
88 37
88 43
88 44
88 52
88 54
88 59
88 64
88 65
88 72
88 73
88 77
88 82
88 86
88 88
88 89
88 106
88 108
88 112
88 116
88 120
88 123
89 0
89 7
89 8
89 10
89 17
89 23
89 25
89 30
89 35
89 36
89 40
89 42
89 46
89 56
89 62
89 67
89 72
89 73
89 77
89 81
89 88
89 92
89 94
89 97
89 102
89 113
89 124
89 125
89 126
89 127
90 4
90 7
90 9
90 11
90 13
90 14
90 18
90 27
90 30
90 34
90 35
90 42
90 45
90 48
90 50
90 56
90 59
90 60
90 62
90 66
90 67
90 92
90 96
90 101
90 125
90 127
91 2
91 3
91 4
91 9
91 18
91 26
91 30
91 32
91 42
91 44
91 47
91 51
91 52
91 54
91 65
91 69
91 72
91 75
91 84
91 85
91 86
91 87
91 91
91 92
91 93
91 103
91 111
91 113
91 114
91 115
91 118
91 124
92 0
92 4
92 6
92 14
92 16
92 17
92 32
92 33
92 35
92 37
92 40
92 45
92 49
92 50
92 51
92 61
92 73
92 90
92 102
92 103
92 105
92 108
92 110
92 112
92 113
92 115
92 116
92 123
93 2
93 3
93 17
93 24
93 25
93 28
93 34
93 48
93 49
93 58
93 61
93 72
93 81
93 84
93 88
93 89
93 99
93 100
93 102
93 103
93 107
93 115
93 116
93 119
94 1
94 5
94 28
94 33
94 36
94 51
94 64
94 65
94 68
94 74
94 75
94 78
94 79
94 80
94 83
94 87
94 90
94 99
94 104
94 107
94 109
94 113
94 117
94 120
94 121
94 124
95 3
95 4
95 11
95 26
95 32
95 38
95 43
95 45
95 52
95 59
95 61
95 76
95 78
95 93
95 95
95 96
95 105
95 107
95 118
95 120
95 124
95 126
96 0
96 4
96 8
96 14
96 15
96 17
96 20
96 23
96 30
96 65
96 73
96 87
96 98
96 99
96 108
96 118
96 121
96 123
97 15
97 16
97 17
97 23
97 27
97 36
97 37
97 39
97 43
97 45
97 52
97 71
97 79
97 83
97 85
97 92
97 95
97 104
97 112
97 113
97 115
97 120
97 125
98 12
98 14
98 20
98 21
98 23
98 26
98 29
98 34
98 42
98 43
98 44
98 48
98 52
98 54
98 74
98 78
98 100
98 113
98 115
98 121
98 122
99 4
99 10
99 12
99 13
99 20
99 23
99 24
99 26
99 29
99 33
99 34
99 38
99 40
99 44
99 60
99 64
99 69
99 78
99 79
99 90
99 91
99 99
99 111
99 123
99 126
100 7
100 8
100 9
100 11
100 15
100 20
100 23
100 24
100 27
100 49
100 51
100 58
100 59
100 67
100 70
100 77
100 80
100 81
100 82
100 89
100 93
100 96
100 98
100 113
100 118
100 122
100 123
100 124
100 125
101 2
101 3
101 14
101 15
101 19
101 26
101 30
101 31
101 40
101 47
101 59
101 62
101 65
101 67
101 74
101 85
101 91
101 97
101 102
101 106
101 109
101 112
101 114
101 120
101 127
102 2
102 18
102 24
102 25
102 26
102 30
102 33
102 35
102 36
102 38
102 39
102 42
102 46
102 49
102 57
102 60
102 61
102 69
102 71
102 73
102 81
102 83
102 84
102 89
102 92
102 96
102 99
102 104
102 106
102 112
102 113
102 122
103 2
103 13
103 20
103 22
103 28
103 29
103 30
103 31
103 33
103 41
103 49
103 55
103 58
103 62
103 65
103 71
103 72
103 73
103 91
103 93
103 104
103 107
103 109
103 114
103 116
103 125
104 1
104 18
104 21
104 28
104 29
104 30
104 33
104 34
104 36
104 42
104 61
104 62
104 71
104 73
104 80
104 84
104 89
104 106
104 108
104 109
104 112
104 114
104 115
104 121
104 123
104 124
104 127
105 1
105 4
105 14
105 15
105 20
105 27
105 29
105 30
105 38
105 44
105 56
105 69
105 76
105 78
105 79
105 92
105 95
105 101
105 116
105 122
106 1
106 4
106 7
106 8
106 12
106 14
106 16
106 17
106 23
106 25
106 28
106 30
106 34
106 41
106 42
106 43
106 47
106 52
106 56
106 57
106 65
106 66
106 69
106 70
106 81
106 82
106 83
106 94
106 97
106 100
106 103
106 107
106 117
106 121
106 125
107 6
107 7
107 9
107 11
107 20
107 25
107 26
107 32
107 35
107 36
107 38
107 44
107 45
107 47
107 61
107 63
107 64
107 65
107 76
107 80
107 81
107 85
107 90
107 94
107 100
107 101
107 104
107 122
107 123
107 124
108 2
108 9
108 23
108 26
108 28
108 36
108 39
108 41
108 43
108 55
108 58
108 60
108 64
108 83
108 89
108 101
108 109
108 113
108 114
108 117
108 120
108 122
109 4
109 5
109 7
109 9
109 17
109 19
109 23
109 29
109 40
109 42
109 43
109 49
109 53
109 58
109 64
109 65
109 67
109 81
109 82
109 85
109 87
109 89
109 90
109 98
109 99
109 104
109 106
109 107
109 109
109 110
109 114
109 115
109 116
109 119
109 126
110 2
110 3
110 8
110 15
110 17
110 18
110 22
110 24
110 33
110 37
110 40
110 41
110 47
110 51
110 53
110 56
110 58
110 65
110 71
110 72
110 74
110 90
110 92
110 93
110 98
110 110
110 117
111 1
111 3
111 4
111 5
111 6
111 7
111 14
111 23
111 24
111 31
111 40
111 41
111 42
111 44
111 52
111 55
111 57
111 58
111 67
111 68
111 73
111 77
111 82
111 83
111 89
111 93
111 95
111 99
111 106
111 123
112 1
112 16
112 29
112 38
112 40
112 49
112 56
112 61
112 62
112 63
112 78
112 86
112 91
112 97
112 104
112 114
112 118
113 0
113 7
113 16
113 20
113 21
113 40
113 45
113 46
113 57
113 66
113 76
113 83
113 97
113 106
113 107
113 121
113 125
114 0
114 11
114 16
114 17
114 18
114 19
114 25
114 28
114 31
114 35
114 37
114 41
114 46
114 47
114 49
114 51
114 53
114 55
114 56
114 59
114 64
114 66
114 70
114 72
114 73
114 74
114 79
114 80
114 98
114 100
114 101
114 105
114 126
115 2
115 16
115 29
115 31
115 35
115 38
115 45
115 48
115 49
115 50
115 55
115 64
115 76
115 79
115 82
115 84
115 85
115 86
115 101
115 103
115 107
115 115
115 116
115 117
115 118
115 122
116 1
116 7
116 8
116 9
116 10
116 18
116 21
116 23
116 25
116 26
116 32
116 33
116 38
116 49
116 51
116 52
116 59
116 69
116 71
116 72
116 82
116 88
116 89
116 95
116 98
116 109
116 110
116 113
116 114
116 115
116 117
116 118
116 126
117 2
117 8
117 12
117 13
117 17
117 18
117 26
117 27
117 28
117 35
117 49
117 51
117 54
117 58
117 68
117 75
117 85
117 86
117 105
117 108
117 112
117 113
117 115
117 120
117 122
118 0
118 5
118 12
118 19
118 23
118 25
118 31
118 36
118 38
118 41
118 47
118 50
118 53
118 55
118 57
118 61
118 78
118 86
118 87
118 88
118 91
118 99
118 114
119 0
119 6
119 10
119 21
119 22
119 26
119 27
119 28
119 35
119 37
119 38
119 41
119 42
119 51
119 67
119 73
119 75
119 80
119 82
119 111
119 112
119 116
120 2
120 10
120 19
120 21
120 24
120 25
120 28
120 31
120 34
120 36
120 42
120 57
120 63
120 66
120 76
120 81
120 83
120 84
120 86
120 88
120 90
120 115
120 126
120 127
121 14
121 22
121 23
121 26
121 37
121 60
121 68
121 73
121 80
121 94
121 95
121 99
121 100
121 103
121 107
121 110
121 114
121 116
121 119
121 122
121 123
121 124
122 4
122 12
122 13
122 19
122 20
122 24
122 33
122 40
122 43
122 52
122 53
122 63
122 65
122 68
122 75
122 80
122 84
122 88
122 89
122 90
122 99
122 106
122 116
122 120
122 121
122 127
123 0
123 5
123 8
123 12
123 14
123 15
123 19
123 21
123 25
123 26
123 28
123 31
123 39
123 42
123 50
123 58
123 62
123 64
123 80
123 81
123 89
123 104
123 106
123 114
123 121
123 124
123 125
124 1
124 8
124 11
124 24
124 26
124 28
124 29
124 38
124 41
124 44
124 53
124 55
124 58
124 60
124 65
124 76
124 80
124 81
124 84
124 87
124 88
124 100
124 101
124 104
124 105
124 107
124 109
124 112
124 113
124 121
124 126
125 4
125 5
125 10
125 12
125 14
125 16
125 23
125 25
125 26
125 39
125 46
125 50
125 57
125 60
125 62
125 64
125 65
125 71
125 94
125 100
126 3
126 5
126 7
126 11
126 18
126 21
126 29
126 32
126 39
126 40
126 43
126 46
126 50
126 53
126 56
126 61
126 64
126 66
126 72
126 74
126 82
126 84
126 89
126 90
126 91
126 94
126 100
126 101
126 107
126 111
126 114
127 8
127 15
127 24
127 25
127 29
127 32
127 37
127 43
127 45
127 46
127 49
127 51
127 62
127 75
127 83
127 100
127 106
127 119
