0 11
0 25
0 32
0 48
0 56
0 73
1 1
1 15
1 49
1 57
1 79
1 88
1 102
1 113
1 125
1 126
2 12
2 42
2 63
2 73
2 80
2 87
2 98
2 101
2 114
3 68
3 81
3 86
3 97
3 118
3 124
4 8
4 11
4 23
4 44
4 46
4 68
4 83
4 92
4 127
5 22
5 38
5 39
5 75
5 96
5 112
6 31
6 42
6 68
6 82
6 112
6 114
6 120
7 26
7 30
7 38
7 59
8 2
8 40
8 41
8 47
8 72
8 74
8 82
8 87
8 95
8 97
8 113
9 32
9 41
9 57
9 72
9 75
9 96
9 112
9 115
9 120
10 35
10 42
10 51
10 60
10 113
10 121
11 19
11 47
11 68
11 83
11 84
11 103
11 118
12 20
12 32
12 43
12 61
12 62
12 71
12 73
12 78
12 85
12 91
12 112
13 31
13 65
13 91
13 127
14 16
14 28
14 37
14 38
14 75
14 82
14 97
15 11
15 26
15 48
15 58
15 85
15 88
15 100
15 116
16 12
16 39
16 47
16 70
16 78
16 85
16 89
16 113
17 13
17 22
17 28
17 39
17 56
17 72
17 76
17 78
17 94
17 104
17 124
18 14
18 16
18 23
18 25
18 27
18 32
18 65
18 78
19 18
19 51
19 75
19 82
19 84
19 111
20 1
20 7
20 10
20 17
20 62
20 67
20 104
21 11
21 61
21 68
21 70
21 80
21 90
21 108
21 113
21 121
22 4
22 5
22 25
22 29
22 38
22 63
22 94
22 108
22 124
23 8
23 45
23 84
23 113
23 119
24 5
24 24
24 25
24 35
24 39
24 44
24 70
24 78
24 104
24 111
24 115
25 1
25 78
25 84
25 92
25 101
25 105
25 106
26 42
26 51
26 98
26 100
26 115
27 30
27 58
27 63
27 77
27 79
27 84
27 85
27 101
27 110
27 114
27 123
28 78
28 87
28 107
28 113
29 57
29 60
30 32
30 63
30 106
31 16
31 19
31 31
31 44
31 46
31 48
31 74
31 85
31 101
31 108
31 109
31 124
31 127
32 0
32 13
32 20
32 23
32 39
32 51
32 53
32 57
32 70
32 88
32 96
32 98
32 101
32 120
33 13
33 99
33 109
34 53
34 71
34 82
34 83
34 98
35 29
35 63
35 67
35 95
36 0
36 19
36 21
36 60
36 65
36 83
36 97
36 115
37 22
37 24
37 36
37 46
37 62
37 67
37 72
37 76
37 100
37 126
38 1
38 26
38 31
38 40
38 53
38 75
38 83
38 103
39 9
39 62
39 64
39 66
39 82
39 94
39 95
39 100
40 16
40 74
40 81
40 112
40 113
40 122
41 26
41 64
41 85
41 91
41 114
41 122
42 11
42 12
42 23
42 32
42 36
42 51
42 54
42 59
42 99
42 111
42 120
43 5
43 9
43 35
43 74
43 86
43 104
43 107
44 25
44 89
45 8
45 55
45 58
45 70
45 85
45 89
45 99
45 103
45 114
46 3
46 17
46 24
46 28
46 70
46 72
46 93
46 103
46 114
46 119
46 125
47 20
47 65
47 72
47 73
47 90
47 96
47 120
48 5
48 14
48 43
48 104
49 5
49 27
49 33
49 39
49 54
49 57
49 59
49 77
49 82
49 117
50 3
50 18
50 46
50 77
50 90
50 112
51 2
51 5
51 21
51 27
51 43
51 52
51 65
51 72
51 101
51 109
51 120
52 5
52 10
52 34
52 48
52 53
52 58
52 69
52 88
52 92
52 93
52 101
52 104
52 111
53 3
53 39
53 62
53 66
53 69
53 76
53 91
53 110
53 121
53 122
54 6
54 31
54 32
54 33
54 37
54 43
54 54
54 69
54 119
55 3
55 4
55 5
55 7
55 15
55 21
55 40
55 64
55 88
55 92
55 114
55 120
56 1
56 16
56 17
56 25
56 65
56 72
56 91
56 103
56 107
57 0
57 8
57 12
57 17
57 21
57 39
57 58
57 64
57 80
57 109
58 26
58 29
58 36
58 87
58 100
58 101
58 127
59 12
59 17
59 28
59 70
59 76
59 78
59 90
59 108
59 113
60 18
60 31
60 35
60 41
60 75
60 94
60 126
61 31
61 34
61 46
61 59
61 62
61 80
61 82
61 111
61 114
62 10
62 12
62 24
62 34
62 84
62 110
63 20
63 22
63 31
63 32
63 69
63 83
63 99
63 103
63 113
64 2
64 6
64 49
64 89
64 94
64 97
64 101
64 115
64 116
64 118
64 122
64 126
65 1
65 47
65 49
65 62
65 63
65 82
65 83
65 94
65 104
65 115
66 28
66 33
66 60
66 100
66 104
67 34
67 44
67 71
67 85
67 97
67 108
67 112
67 118
67 122
68 21
68 22
68 35
68 45
68 48
68 50
68 56
68 60
68 74
68 81
68 98
68 104
68 124
69 55
69 58
69 62
69 74
69 91
70 54
70 67
70 93
71 1
71 23
71 36
71 53
71 83
72 9
72 12
72 28
72 29
72 57
72 59
72 65
72 91
73 19
73 25
73 39
73 66
73 82
73 106
73 116
74 27
74 45
74 53
74 62
74 64
74 73
74 76
74 79
74 112
74 119
75 21
75 55
75 87
75 99
75 114
75 116
75 119
75 120
75 121
75 124
75 125
76 6
76 13
76 67
76 94
77 29
77 33
77 46
77 89
77 90
77 98
77 113
77 126
78 21
78 109
78 125
79 37
79 44
79 52
79 78
79 95
79 108
79 111
79 119
79 125
80 104
81 1
81 8
81 20
81 53
81 76
81 84
81 101
82 16
82 28
82 31
82 42
82 49
82 68
82 73
82 91
82 111
82 116
82 123
82 125
83 3
83 5
83 17
83 21
83 24
83 27
83 44
83 51
83 55
83 66
83 71
83 74
83 94
83 102
84 3
84 12
84 13
84 45
84 49
84 60
84 67
84 76
84 122
85 9
85 31
85 36
85 52
85 73
85 75
85 97
85 98
85 100
86 18
86 33
86 59
86 93
86 99
86 108
86 115
86 120
86 127
87 1
87 20
87 37
87 62
87 71
87 77
87 90
87 92
87 111
87 112
87 117
88 5
88 15
88 37
88 39
88 71
88 81
88 98
89 2
89 8
89 12
89 28
89 60
89 83
89 95
90 2
90 8
90 18
90 21
90 58
90 79
90 91
90 108
90 112
90 120
91 10
91 55
91 58
91 79
91 89
91 107
91 111
92 13
92 15
92 37
92 52
92 82
92 91
92 94
92 122
93 5
93 7
93 29
93 30
93 31
93 73
93 84
93 89
93 95
93 97
93 106
93 108
93 111
93 114
94 26
94 29
94 30
94 53
94 71
94 77
94 120
95 5
95 12
95 41
95 43
95 44
95 48
95 52
95 74
95 81
96 5
96 25
96 26
96 44
96 70
96 71
96 109
97 9
97 41
97 53
97 79
97 87
97 92
97 105
97 121
98 8
98 19
98 53
98 59
98 61
98 73
98 84
98 87
98 90
98 94
98 106
99 8
99 9
99 22
99 64
99 108
100 16
100 60
100 82
100 107
100 113
101 11
101 40
101 88
101 113
102 64
102 66
102 86
102 91
102 120
103 9
103 11
103 70
103 99
103 100
103 108
103 125
104 75
104 100
104 122
105 9
105 28
105 69
105 75
105 96
106 15
106 24
106 46
106 53
106 57
106 71
106 88
106 89
106 90
106 101
106 115
106 119
107 13
107 41
107 74
107 80
107 104
107 110
107 120
107 127
108 22
108 50
108 75
108 80
108 105
108 111
109 1
109 11
109 14
109 45
109 64
109 69
109 88
109 95
109 112
110 7
110 51
110 84
110 103
110 112
110 116
111 13
111 35
111 37
111 42
111 65
111 70
111 71
111 85
111 113
111 116
112 10
112 16
112 30
112 48
112 84
112 96
112 97
112 114
112 122
113 8
113 25
113 43
113 47
113 79
113 106
114 0
114 11
114 15
114 53
114 71
114 83
114 86
114 92
114 107
114 111
115 9
115 22
115 30
115 49
115 92
115 103
115 105
116 24
116 27
116 40
116 58
116 64
116 89
116 107
117 26
117 40
117 71
117 122
118 22
118 25
118 32
118 39
118 44
118 49
118 81
118 108
118 112
118 116
119 7
119 25
119 45
119 76
119 79
119 101
119 102
120 9
120 66
120 74
120 77
120 108
121 20
121 45
121 56
121 121
121 122
122 12
122 20
122 30
122 31
122 78
122 83
122 92
123 24
123 25
123 37
123 43
123 44
123 86
123 89
123 98
123 121
123 124
123 125
124 10
124 21
124 22
124 66
124 93
124 114
125 1
125 16
125 48
125 59
125 67
125 76
125 81
125 85
125 87
125 88
125 93
125 101
125 108
125 118
125 123
126 11
126 13
126 31
126 33
126 35
126 68
126 79
126 88
126 95
127 1
127 5
127 29
127 56
127 58
127 63
127 81
127 95
127 100
