0 2
0 9
0 11
0 12
0 13
0 14
0 19
0 20
0 23
0 29
0 31
0 34
0 40
0 41
0 42
0 43
0 44
0 45
0 48
0 49
0 50
0 54
0 55
0 56
0 57
0 58
0 60
0 64
0 67
0 70
0 75
0 81
0 82
0 84
0 87
0 88
0 89
0 91
0 92
0 102
0 104
0 107
0 108
0 115
0 117
0 125
0 126
0 127
1 1
1 2
1 4
1 5
1 6
1 7
1 12
1 14
1 23
1 24
1 25
1 31
1 33
1 34
1 44
1 46
1 48
1 49
1 52
1 54
1 55
1 56
1 57
1 63
1 66
1 70
1 71
1 73
1 78
1 83
1 84
1 91
1 96
1 97
1 101
1 116
1 122
1 124
1 126
2 0
2 1
2 2
2 5
2 6
2 10
2 11
2 12
2 17
2 19
2 21
2 30
2 32
2 34
2 36
2 37
2 49
2 50
2 51
2 52
2 53
2 55
2 56
2 59
2 60
2 64
2 66
2 71
2 72
2 73
2 74
2 76
2 80
2 83
2 85
2 86
2 88
2 90
2 91
2 92
2 94
2 96
2 99
2 100
2 105
2 108
2 111
2 114
2 115
2 116
2 117
2 118
2 123
2 127
3 0
3 1
3 2
3 4
3 5
3 6
3 9
3 14
3 15
3 16
3 22
3 24
3 25
3 26
3 27
3 29
3 31
3 34
3 38
3 39
3 44
3 45
3 46
3 49
3 50
3 53
3 55
3 58
3 59
3 61
3 63
3 67
3 69
3 70
3 71
3 76
3 78
3 84
3 86
3 87
3 88
3 89
3 90
3 100
3 101
3 102
3 105
3 110
3 116
3 117
3 119
3 121
3 126
3 127
4 4
4 11
4 14
4 15
4 17
4 21
4 22
4 33
4 35
4 36
4 37
4 38
4 39
4 40
4 41
4 42
4 43
4 45
4 48
4 49
4 52
4 53
4 55
4 57
4 58
4 59
4 61
4 62
4 66
4 68
4 70
4 74
4 77
4 81
4 84
4 92
4 93
4 98
4 100
4 103
4 106
4 108
4 109
4 110
4 111
4 112
4 113
4 115
4 117
4 123
4 125
4 127
5 0
5 4
5 7
5 8
5 10
5 11
5 13
5 16
5 17
5 19
5 20
5 22
5 28
5 34
5 39
5 40
5 41
5 44
5 45
5 46
5 47
5 50
5 52
5 54
5 55
5 57
5 59
5 61
5 63
5 66
5 67
5 68
5 69
5 70
5 71
5 72
5 73
5 77
5 78
5 83
5 86
5 87
5 89
5 94
5 95
5 97
5 100
5 102
5 105
5 106
5 108
5 110
5 114
5 115
5 118
5 121
5 124
5 125
6 0
6 1
6 3
6 5
6 7
6 13
6 14
6 15
6 16
6 17
6 19
6 20
6 21
6 26
6 27
6 28
6 29
6 31
6 34
6 35
6 37
6 38
6 39
6 42
6 43
6 45
6 46
6 49
6 50
6 55
6 57
6 58
6 59
6 62
6 64
6 65
6 69
6 72
6 74
6 75
6 76
6 77
6 78
6 85
6 90
6 92
6 93
6 94
6 96
6 97
6 103
6 104
6 113
6 114
6 115
6 116
6 117
6 119
6 120
6 122
6 126
7 3
7 6
7 7
7 9
7 11
7 13
7 15
7 18
7 19
7 20
7 21
7 22
7 27
7 29
7 30
7 31
7 32
7 36
7 38
7 40
7 43
7 45
7 47
7 50
7 51
7 52
7 56
7 57
7 60
7 63
7 66
7 67
7 72
7 75
7 76
7 77
7 79
7 80
7 81
7 82
7 83
7 84
7 85
7 90
7 91
7 95
7 97
7 98
7 100
7 101
7 102
7 103
7 108
7 110
7 111
7 112
7 113
7 118
7 120
7 121
7 122
7 123
8 2
8 5
8 6
8 10
8 17
8 26
8 27
8 28
8 29
8 38
8 43
8 49
8 54
8 57
8 59
8 61
8 63
8 71
8 72
8 73
8 78
8 80
8 86
8 87
8 88
8 95
8 96
8 100
8 103
8 106
8 108
8 109
8 110
8 112
8 117
8 123
9 0
9 1
9 4
9 8
9 12
9 13
9 14
9 29
9 31
9 32
9 33
9 35
9 38
9 39
9 40
9 42
9 45
9 46
9 50
9 52
9 53
9 54
9 58
9 61
9 65
9 67
9 68
9 72
9 74
9 76
9 80
9 81
9 84
9 85
9 86
9 87
9 88
9 91
9 92
9 93
9 94
9 96
9 101
9 104
9 109
9 112
9 117
9 118
9 119
9 122
9 123
9 124
10 1
10 3
10 7
10 8
10 10
10 12
10 14
10 17
10 20
10 21
10 24
10 28
10 29
10 31
10 34
10 35
10 37
10 39
10 42
10 43
10 45
10 47
10 48
10 51
10 52
10 58
10 64
10 66
10 67
10 69
10 70
10 74
10 75
10 81
10 82
10 86
10 88
10 93
10 94
10 95
10 97
10 101
10 104
10 108
10 110
10 111
10 115
10 117
10 118
10 120
10 121
10 122
10 125
10 127
11 2
11 5
11 9
11 16
11 20
11 21
11 22
11 23
11 26
11 30
11 34
11 35
11 42
11 45
11 48
11 51
11 54
11 59
11 61
11 71
11 74
11 77
11 83
11 86
11 88
11 90
11 92
11 95
11 96
11 101
11 103
11 109
11 113
11 114
11 117
11 119
11 121
11 125
11 126
12 0
12 2
12 3
12 4
12 5
12 8
12 10
12 12
12 15
12 19
12 21
12 25
12 27
12 29
12 30
12 31
12 33
12 37
12 42
12 47
12 48
12 49
12 50
12 55
12 57
12 58
12 60
12 63
12 64
12 66
12 67
12 69
12 74
12 78
12 81
12 83
12 85
12 87
12 89
12 91
12 94
12 105
12 107
12 114
12 115
12 116
12 118
12 124
12 125
12 127
13 1
13 2
13 3
13 5
13 9
13 11
13 12
13 14
13 15
13 16
13 18
13 20
13 24
13 25
13 30
13 31
13 34
13 36
13 38
13 39
13 43
13 44
13 53
13 59
13 60
13 64
13 65
13 68
13 76
13 77
13 78
13 80
13 85
13 87
13 89
13 92
13 93
13 95
13 96
13 98
13 99
13 104
13 105
13 106
13 114
13 116
13 117
13 119
13 121
13 122
13 123
13 125
13 126
14 2
14 3
14 4
14 10
14 12
14 13
14 17
14 19
14 20
14 24
14 25
14 27
14 29
14 32
14 35
14 36
14 38
14 41
14 43
14 44
14 45
14 47
14 49
14 51
14 55
14 57
14 58
14 59
14 60
14 61
14 63
14 64
14 66
14 68
14 71
14 72
14 75
14 78
14 80
14 81
14 82
14 83
14 85
14 86
14 89
14 93
14 96
14 100
14 105
14 108
14 112
14 113
14 115
14 116
14 118
14 122
14 125
15 4
15 5
15 9
15 11
15 12
15 17
15 21
15 24
15 33
15 37
15 39
15 41
15 44
15 47
15 48
15 50
15 51
15 52
15 54
15 56
15 57
15 59
15 62
15 63
15 64
15 67
15 70
15 73
15 75
15 76
15 80
15 84
15 87
15 90
15 93
15 94
15 96
15 97
15 98
15 103
15 104
15 105
15 106
15 108
15 113
15 114
15 118
15 124
16 2
16 6
16 10
16 11
16 20
16 22
16 24
16 29
16 33
16 39
16 40
16 44
16 45
16 49
16 55
16 56
16 58
16 61
16 63
16 67
16 68
16 69
16 70
16 72
16 75
16 76
16 81
16 83
16 84
16 85
16 86
16 93
16 98
16 102
16 103
16 105
16 116
16 119
16 120
16 126
17 1
17 4
17 6
17 7
17 14
17 17
17 19
17 22
17 23
17 27
17 28
17 30
17 33
17 34
17 36
17 41
17 46
17 47
17 50
17 56
17 60
17 61
17 65
17 66
17 67
17 68
17 72
17 76
17 78
17 81
17 82
17 83
17 84
17 85
17 90
17 91
17 92
17 94
17 95
17 96
17 102
17 103
17 105
17 107
17 108
17 109
17 110
17 111
17 114
17 115
17 117
17 118
17 120
17 122
17 123
17 125
17 126
18 0
18 3
18 10
18 16
18 17
18 22
18 28
18 29
18 30
18 33
18 35
18 36
18 42
18 43
18 46
18 47
18 49
18 52
18 53
18 58
18 59
18 60
18 61
18 62
18 66
18 67
18 69
18 72
18 73
18 74
18 76
18 77
18 82
18 83
18 84
18 85
18 87
18 95
18 99
18 101
18 108
18 113
18 115
18 117
18 118
18 119
18 121
18 122
18 125
18 126
19 1
19 2
19 5
19 8
19 9
19 10
19 11
19 12
19 14
19 15
19 17
19 18
19 19
19 21
19 22
19 25
19 26
19 27
19 28
19 29
19 34
19 36
19 39
19 41
19 45
19 47
19 48
19 49
19 50
19 52
19 55
19 57
19 59
19 65
19 66
19 68
19 77
19 79
19 81
19 84
19 85
19 88
19 89
19 95
19 97
19 99
19 101
19 104
19 105
19 108
19 112
19 117
19 118
19 123
19 126
19 127
20 2
20 3
20 5
20 8
20 9
20 10
20 13
20 14
20 18
20 19
20 24
20 28
20 32
20 34
20 36
20 38
20 39
20 40
20 42
20 43
20 44
20 45
20 47
20 51
20 54
20 60
20 66
20 68
20 69
20 70
20 74
20 75
20 77
20 78
20 79
20 82
20 85
20 86
20 89
20 91
20 92
20 94
20 97
20 99
20 100
20 101
20 107
20 111
20 112
20 115
20 121
20 123
20 124
20 125
20 126
20 127
21 1
21 2
21 3
21 4
21 6
21 8
21 9
21 10
21 11
21 14
21 16
21 17
21 21
21 22
21 26
21 27
21 30
21 33
21 36
21 40
21 42
21 46
21 47
21 48
21 50
21 52
21 56
21 57
21 58
21 60
21 61
21 65
21 67
21 68
21 76
21 77
21 85
21 90
21 93
21 98
21 101
21 102
21 105
21 107
21 108
21 110
21 111
21 114
21 115
21 121
21 123
21 125
21 127
22 0
22 2
22 4
22 5
22 6
22 7
22 9
22 10
22 12
22 18
22 21
22 24
22 25
22 26
22 28
22 29
22 30
22 36
22 37
22 39
22 43
22 44
22 45
22 47
22 48
22 51
22 52
22 56
22 60
22 61
22 67
22 68
22 69
22 77
22 80
22 81
22 83
22 84
22 86
22 87
22 88
22 89
22 94
22 97
22 99
22 101
22 102
22 105
22 106
22 107
22 111
22 113
22 121
22 122
22 123
22 125
22 127
23 0
23 2
23 3
23 7
23 9
23 11
23 12
23 16
23 18
23 19
23 22
23 24
23 33
23 37
23 41
23 43
23 45
23 46
23 54
23 58
23 59
23 61
23 62
23 69
23 71
23 74
23 75
23 76
23 78
23 84
23 88
23 91
23 98
23 99
23 101
23 106
23 111
23 114
23 115
23 116
23 121
23 125
24 1
24 3
24 6
24 9
24 10
24 11
24 16
24 20
24 25
24 26
24 27
24 32
24 33
24 35
24 41
24 42
24 50
24 54
24 58
24 62
24 65
24 70
24 76
24 77
24 80
24 82
24 86
24 89
24 90
24 93
24 96
24 99
24 100
24 103
24 105
24 106
24 107
24 109
24 113
24 119
24 127
25 0
25 5
25 9
25 11
25 13
25 15
25 18
25 21
25 22
25 23
25 24
25 29
25 30
25 32
25 34
25 38
25 39
25 41
25 43
25 44
25 45
25 50
25 51
25 60
25 63
25 65
25 66
25 67
25 69
25 70
25 71
25 74
25 76
25 78
25 80
25 81
25 83
25 84
25 86
25 87
25 88
25 89
25 91
25 93
25 94
25 96
25 99
25 106
25 107
25 109
25 112
25 113
25 116
25 117
25 122
25 125
25 126
26 6
26 11
26 17
26 21
26 24
26 26
26 31
26 32
26 36
26 40
26 43
26 45
26 51
26 53
26 56
26 57
26 59
26 62
26 69
26 70
26 71
26 72
26 74
26 81
26 84
26 85
26 86
26 92
26 101
26 102
26 105
26 106
26 108
26 110
26 112
26 114
26 117
26 121
26 122
26 124
26 127
27 0
27 1
27 2
27 3
27 12
27 13
27 14
27 15
27 18
27 20
27 23
27 25
27 27
27 29
27 30
27 31
27 33
27 36
27 37
27 38
27 40
27 42
27 49
27 53
27 54
27 55
27 56
27 58
27 59
27 61
27 63
27 65
27 66
27 72
27 73
27 74
27 76
27 79
27 81
27 82
27 83
27 86
27 87
27 92
27 96
27 97
27 104
27 105
27 108
27 113
27 120
27 121
27 122
27 125
27 126
28 3
28 7
28 9
28 14
28 15
28 20
28 21
28 22
28 24
28 26
28 27
28 28
28 30
28 31
28 34
28 35
28 38
28 39
28 41
28 42
28 43
28 45
28 46
28 50
28 53
28 58
28 64
28 65
28 68
28 69
28 71
28 72
28 77
28 80
28 82
28 84
28 86
28 91
28 94
28 95
28 96
28 100
28 103
28 104
28 106
28 108
28 109
28 115
28 117
28 122
28 127
29 0
29 2
29 7
29 8
29 9
29 11
29 12
29 15
29 16
29 18
29 19
29 23
29 25
29 26
29 29
29 32
29 36
29 39
29 40
29 41
29 44
29 45
29 49
29 50
29 52
29 54
29 55
29 60
29 61
29 62
29 64
29 66
29 67
29 70
29 71
29 75
29 79
29 80
29 81
29 87
29 89
29 91
29 92
29 100
29 103
29 108
29 109
29 110
29 112
29 114
29 119
29 121
29 126
29 127
30 0
30 1
30 2
30 3
30 6
30 8
30 9
30 11
30 12
30 15
30 19
30 20
30 21
30 22
30 32
30 33
30 34
30 36
30 44
30 46
30 47
30 49
30 53
30 55
30 56
30 57
30 59
30 60
30 61
30 63
30 65
30 67
30 69
30 75
30 77
30 79
30 80
30 81
30 85
30 87
30 89
30 91
30 94
30 96
30 109
30 114
30 119
31 8
31 15
31 16
31 19
31 23
31 25
31 26
31 28
31 29
31 32
31 33
31 34
31 40
31 43
31 45
31 46
31 50
31 53
31 55
31 56
31 58
31 59
31 62
31 65
31 69
31 74
31 75
31 77
31 79
31 84
31 86
31 88
31 90
31 92
31 93
31 97
31 98
31 99
31 100
31 101
31 107
31 113
31 114
31 124
31 126
32 0
32 1
32 2
32 10
32 11
32 12
32 13
32 17
32 22
32 23
32 28
32 29
32 31
32 32
32 33
32 34
32 36
32 37
32 38
32 39
32 47
32 48
32 49
32 51
32 55
32 56
32 57
32 59
32 62
32 63
32 64
32 67
32 72
32 73
32 77
32 78
32 79
32 80
32 81
32 83
32 84
32 86
32 87
32 88
32 91
32 92
32 93
32 96
32 99
32 101
32 102
32 108
32 114
32 116
32 118
32 119
32 120
32 121
32 122
32 126
33 2
33 3
33 4
33 6
33 8
33 15
33 18
33 19
33 22
33 23
33 27
33 31
33 32
33 33
33 35
33 38
33 39
33 41
33 43
33 45
33 47
33 48
33 51
33 56
33 57
33 58
33 59
33 62
33 65
33 70
33 71
33 77
33 80
33 86
33 87
33 88
33 89
33 91
33 96
33 100
33 102
33 103
33 105
33 109
33 116
33 119
33 120
33 121
33 123
34 1
34 3
34 8
34 10
34 11
34 12
34 14
34 16
34 20
34 22
34 23
34 24
34 25
34 29
34 34
34 39
34 44
34 46
34 52
34 55
34 58
34 59
34 60
34 64
34 65
34 66
34 68
34 69
34 78
34 88
34 90
34 91
34 92
34 95
34 98
34 109
34 110
34 112
34 113
34 114
34 118
34 123
35 10
35 13
35 14
35 15
35 17
35 18
35 19
35 20
35 21
35 22
35 25
35 29
35 34
35 37
35 39
35 43
35 45
35 46
35 50
35 51
35 53
35 59
35 63
35 64
35 69
35 71
35 72
35 73
35 77
35 80
35 84
35 86
35 88
35 89
35 90
35 91
35 95
35 97
35 98
35 102
35 115
35 122
35 124
36 0
36 1
36 3
36 4
36 5
36 8
36 11
36 13
36 15
36 16
36 17
36 20
36 23
36 24
36 26
36 29
36 31
36 35
36 37
36 38
36 40
36 41
36 48
36 51
36 52
36 53
36 58
36 59
36 62
36 64
36 70
36 72
36 73
36 74
36 75
36 76
36 77
36 78
36 79
36 81
36 89
36 91
36 95
36 96
36 98
36 99
36 102
36 104
36 105
36 107
36 113
36 115
36 117
36 118
36 121
36 122
36 125
36 127
37 5
37 7
37 8
37 9
37 10
37 11
37 12
37 13
37 15
37 16
37 17
37 18
37 19
37 21
37 23
37 27
37 32
37 33
37 34
37 36
37 38
37 40
37 42
37 44
37 46
37 49
37 53
37 55
37 56
37 61
37 65
37 68
37 69
37 72
37 74
37 75
37 76
37 78
37 81
37 84
37 90
37 91
37 92
37 94
37 95
37 97
37 99
37 101
37 102
37 105
37 111
37 112
37 114
37 115
37 118
37 122
37 124
38 0
38 1
38 2
38 3
38 4
38 8
38 10
38 11
38 12
38 15
38 19
38 22
38 23
38 28
38 29
38 32
38 35
38 38
38 41
38 42
38 43
38 44
38 48
38 49
38 52
38 54
38 55
38 64
38 65
38 66
38 69
38 71
38 74
38 75
38 77
38 83
38 94
38 100
38 106
38 107
38 109
38 111
38 115
38 117
38 119
38 120
38 121
38 123
38 126
38 127
39 0
39 3
39 4
39 5
39 6
39 8
39 11
39 13
39 17
39 21
39 23
39 26
39 28
39 29
39 30
39 32
39 33
39 34
39 37
39 38
39 39
39 42
39 45
39 46
39 47
39 50
39 54
39 57
39 58
39 59
39 61
39 62
39 68
39 69
39 73
39 78
39 80
39 81
39 82
39 83
39 84
39 92
39 93
39 95
39 96
39 97
39 103
39 105
39 107
39 109
39 112
39 114
39 115
39 116
39 119
39 121
39 127
40 0
40 2
40 8
40 9
40 10
40 13
40 14
40 15
40 16
40 17
40 20
40 23
40 26
40 27
40 31
40 32
40 34
40 36
40 38
40 39
40 42
40 44
40 49
40 50
40 51
40 54
40 55
40 60
40 62
40 64
40 68
40 72
40 76
40 77
40 80
40 81
40 83
40 84
40 85
40 93
40 96
40 97
40 99
40 103
40 105
40 106
40 108
40 113
40 116
40 118
40 119
40 124
41 0
41 4
41 11
41 13
41 18
41 20
41 22
41 24
41 26
41 28
41 30
41 32
41 34
41 35
41 37
41 40
41 43
41 46
41 48
41 49
41 51
41 54
41 56
41 61
41 62
41 65
41 66
41 67
41 76
41 78
41 79
41 80
41 82
41 83
41 84
41 85
41 86
41 89
41 91
41 94
41 96
41 97
41 98
41 99
41 103
41 107
41 110
41 111
41 117
41 118
41 119
41 121
41 124
41 126
41 127
42 0
42 1
42 2
42 3
42 5
42 7
42 11
42 13
42 15
42 16
42 17
42 18
42 21
42 22
42 23
42 24
42 26
42 27
42 33
42 35
42 42
42 46
42 47
42 49
42 50
42 51
42 52
42 53
42 57
42 58
42 61
42 63
42 65
42 66
42 67
42 71
42 75
42 78
42 79
42 80
42 81
42 85
42 88
42 89
42 91
42 92
42 93
42 95
42 98
42 108
42 112
42 114
42 115
42 124
42 126
42 127
43 0
43 3
43 4
43 7
43 8
43 14
43 16
43 18
43 20
43 21
43 23
43 26
43 30
43 31
43 34
43 36
43 37
43 41
43 42
43 43
43 44
43 45
43 46
43 47
43 48
43 49
43 50
43 52
43 54
43 56
43 57
43 58
43 60
43 64
43 66
43 68
43 69
43 70
43 71
43 72
43 73
43 74
43 79
43 83
43 84
43 85
43 86
43 90
43 94
43 97
43 98
43 99
43 100
43 102
43 107
43 109
43 111
43 112
43 115
43 116
43 118
43 123
43 126
44 0
44 3
44 4
44 5
44 6
44 7
44 12
44 13
44 14
44 23
44 32
44 39
44 41
44 43
44 47
44 48
44 49
44 50
44 53
44 54
44 60
44 61
44 64
44 67
44 68
44 69
44 71
44 73
44 74
44 78
44 80
44 81
44 87
44 88
44 93
44 94
44 96
44 99
44 101
44 103
44 104
44 106
44 109
44 117
44 119
44 120
44 124
45 1
45 5
45 6
45 10
45 14
45 17
45 18
45 20
45 22
45 25
45 26
45 28
45 33
45 35
45 38
45 39
45 40
45 43
45 46
45 47
45 48
45 49
45 51
45 52
45 53
45 55
45 56
45 57
45 58
45 59
45 60
45 61
45 62
45 65
45 67
45 68
45 70
45 73
45 77
45 80
45 83
45 85
45 86
45 91
45 92
45 94
45 97
45 98
45 99
45 103
45 104
45 109
45 112
45 115
45 116
45 118
45 119
45 121
45 122
45 125
46 6
46 7
46 10
46 14
46 15
46 16
46 17
46 20
46 21
46 23
46 26
46 30
46 34
46 36
46 38
46 41
46 42
46 43
46 45
46 46
46 48
46 49
46 51
46 53
46 55
46 56
46 61
46 64
46 66
46 69
46 71
46 72
46 73
46 77
46 81
46 84
46 85
46 86
46 87
46 89
46 93
46 96
46 98
46 101
46 103
46 108
46 109
46 110
46 112
46 118
46 121
46 126
46 127
47 2
47 4
47 5
47 8
47 12
47 16
47 18
47 21
47 24
47 28
47 29
47 30
47 35
47 37
47 40
47 42
47 44
47 46
47 48
47 54
47 56
47 58
47 59
47 61
47 64
47 65
47 67
47 72
47 74
47 75
47 76
47 80
47 82
47 83
47 88
47 89
47 91
47 93
47 94
47 100
47 101
47 104
47 108
47 111
47 114
47 116
47 117
47 118
47 122
47 125
47 127
48 0
48 3
48 7
48 8
48 9
48 12
48 15
48 16
48 18
48 21
48 23
48 25
48 30
48 32
48 33
48 35
48 36
48 37
48 45
48 46
48 49
48 50
48 51
48 52
48 65
48 69
48 71
48 74
48 78
48 79
48 80
48 82
48 83
48 85
48 86
48 88
48 89
48 94
48 95
48 97
48 98
48 101
48 104
48 105
48 110
48 111
48 112
48 115
48 116
48 118
48 119
48 124
48 125
48 126
48 127
49 1
49 5
49 7
49 9
49 10
49 11
49 12
49 13
49 18
49 19
49 22
49 25
49 32
49 37
49 38
49 39
49 42
49 47
49 49
49 51
49 52
49 56
49 59
49 62
49 64
49 66
49 67
49 69
49 71
49 72
49 75
49 87
49 88
49 89
49 90
49 91
49 95
49 96
49 97
49 99
49 100
49 102
49 103
49 108
49 110
49 111
49 112
49 115
49 116
49 117
49 120
49 121
49 125
50 1
50 2
50 8
50 9
50 10
50 12
50 13
50 14
50 20
50 22
50 24
50 29
50 30
50 31
50 32
50 33
50 35
50 41
50 42
50 43
50 45
50 47
50 50
50 52
50 53
50 54
50 63
50 64
50 67
50 68
50 69
50 72
50 74
50 78
50 79
50 80
50 81
50 82
50 85
50 87
50 88
50 89
50 92
50 94
50 98
50 99
50 100
50 103
50 104
50 106
50 107
50 110
50 111
50 115
50 116
50 118
50 119
50 120
50 121
50 122
50 125
51 5
51 7
51 11
51 14
51 21
51 22
51 25
51 28
51 39
51 41
51 42
51 44
51 45
51 51
51 68
51 71
51 73
51 79
51 83
51 86
51 87
51 89
51 91
51 92
51 95
51 102
51 106
51 113
51 115
51 118
51 121
51 124
51 125
52 1
52 9
52 10
52 12
52 13
52 14
52 16
52 18
52 22
52 24
52 30
52 33
52 34
52 35
52 36
52 37
52 38
52 41
52 45
52 46
52 49
52 51
52 55
52 66
52 68
52 71
52 72
52 73
52 74
52 76
52 77
52 82
52 85
52 87
52 89
52 92
52 94
52 96
52 98
52 99
52 102
52 104
52 105
52 107
52 108
52 110
52 115
52 116
52 117
52 122
52 127
53 3
53 5
53 8
53 9
53 14
53 15
53 17
53 19
53 20
53 24
53 25
53 26
53 29
53 30
53 32
53 36
53 38
53 40
53 42
53 44
53 46
53 47
53 49
53 54
53 58
53 64
53 66
53 67
53 70
53 72
53 77
53 79
53 80
53 81
53 82
53 83
53 88
53 89
53 90
53 91
53 92
53 93
53 99
53 100
53 101
53 107
53 108
53 112
53 113
53 115
53 118
53 119
53 121
53 124
53 125
53 127
54 3
54 5
54 8
54 10
54 12
54 14
54 17
54 25
54 30
54 36
54 37
54 39
54 42
54 44
54 46
54 49
54 50
54 52
54 54
54 58
54 60
54 63
54 65
54 66
54 67
54 70
54 73
54 74
54 76
54 78
54 80
54 84
54 88
54 89
54 91
54 92
54 96
54 97
54 98
54 103
54 105
54 109
54 111
54 113
54 114
54 122
54 125
54 127
55 0
55 3
55 6
55 13
55 14
55 16
55 18
55 19
55 21
55 23
55 24
55 29
55 37
55 38
55 39
55 40
55 48
55 51
55 57
55 60
55 62
55 63
55 65
55 67
55 69
55 70
55 71
55 74
55 75
55 78
55 80
55 82
55 84
55 87
55 91
55 93
55 95
55 96
55 108
55 110
55 112
55 118
55 121
55 123
55 126
56 1
56 3
56 7
56 9
56 10
56 13
56 16
56 17
56 19
56 22
56 23
56 24
56 26
56 28
56 31
56 32
56 35
56 36
56 37
56 38
56 42
56 44
56 45
56 48
56 49
56 52
56 54
56 58
56 64
56 65
56 66
56 67
56 70
56 71
56 75
56 76
56 78
56 81
56 83
56 85
56 87
56 88
56 93
56 94
56 101
56 104
56 105
56 106
56 112
56 119
56 120
57 1
57 4
57 7
57 12
57 13
57 21
57 23
57 24
57 27
57 31
57 33
57 35
57 47
57 48
57 50
57 51
57 54
57 56
57 57
57 59
57 60
57 67
57 69
57 71
57 72
57 84
57 89
57 91
57 92
57 94
57 95
57 98
57 99
57 102
57 103
57 108
57 111
57 119
57 125
58 0
58 3
58 4
58 6
58 7
58 8
58 9
58 11
58 12
58 13
58 14
58 16
58 21
58 23
58 24
58 25
58 29
58 31
58 33
58 34
58 36
58 37
58 38
58 40
58 42
58 45
58 46
58 48
58 49
58 52
58 55
58 59
58 61
58 63
58 64
58 65
58 70
58 71
58 72
58 73
58 74
58 77
58 78
58 80
58 83
58 86
58 88
58 90
58 91
58 94
58 99
58 101
58 102
58 103
58 104
58 111
58 121
58 125
59 0
59 3
59 4
59 8
59 9
59 15
59 16
59 17
59 19
59 22
59 24
59 29
59 30
59 31
59 33
59 34
59 35
59 40
59 43
59 44
59 46
59 47
59 51
59 53
59 58
59 60
59 62
59 64
59 71
59 72
59 73
59 74
59 76
59 77
59 79
59 83
59 85
59 93
59 98
59 100
59 103
59 105
59 107
59 109
59 111
59 112
59 113
59 114
59 115
59 117
59 118
59 119
59 124
59 127
60 0
60 3
60 5
60 6
60 7
60 8
60 9
60 28
60 32
60 37
60 40
60 41
60 42
60 45
60 46
60 47
60 49
60 52
60 56
60 59
60 61
60 62
60 64
60 66
60 67
60 68
60 71
60 72
60 77
60 86
60 87
60 88
60 91
60 92
60 94
60 97
60 98
60 101
60 105
60 106
60 113
60 118
60 121
60 125
60 126
61 2
61 6
61 7
61 9
61 10
61 11
61 18
61 19
61 21
61 23
61 26
61 29
61 35
61 37
61 41
61 48
61 53
61 56
61 64
61 66
61 67
61 68
61 70
61 74
61 77
61 78
61 80
61 81
61 84
61 86
61 87
61 89
61 92
61 94
61 97
61 105
61 106
61 108
61 110
61 115
61 116
61 117
61 118
61 119
61 122
61 123
61 126
62 1
62 4
62 10
62 12
62 13
62 14
62 17
62 18
62 20
62 24
62 26
62 32
62 33
62 36
62 45
62 48
62 50
62 55
62 57
62 60
62 61
62 63
62 66
62 72
62 76
62 79
62 83
62 84
62 86
62 87
62 89
62 92
62 93
62 94
62 96
62 97
62 100
62 101
62 104
62 105
62 106
62 107
62 110
62 114
62 115
62 117
62 118
62 121
62 125
62 127
63 0
63 2
63 7
63 14
63 15
63 23
63 24
63 25
63 27
63 28
63 32
63 37
63 40
63 48
63 50
63 51
63 52
63 57
63 59
63 60
63 62
63 68
63 69
63 71
63 72
63 73
63 78
63 80
63 81
63 83
63 85
63 87
63 92
63 96
63 97
63 100
63 102
63 103
63 105
63 107
63 112
63 115
63 116
63 119
63 124
63 125
64 0
64 2
64 7
64 11
64 13
64 14
64 17
64 20
64 21
64 22
64 26
64 29
64 31
64 32
64 35
64 38
64 39
64 40
64 41
64 44
64 45
64 47
64 48
64 49
64 51
64 53
64 55
64 56
64 58
64 59
64 62
64 64
64 66
64 67
64 69
64 70
64 71
64 74
64 77
64 78
64 79
64 80
64 81
64 87
64 88
64 89
64 90
64 92
64 93
64 95
64 97
64 99
64 103
64 105
64 109
64 111
64 115
64 117
64 118
64 119
65 0
65 1
65 2
65 10
65 11
65 18
65 19
65 23
65 28
65 31
65 33
65 38
65 39
65 40
65 41
65 49
65 50
65 52
65 57
65 60
65 62
65 64
65 73
65 80
65 83
65 84
65 85
65 89
65 90
65 94
65 99
65 100
65 101
65 107
65 110
65 112
65 118
65 121
65 123
65 125
65 127
66 2
66 4
66 6
66 8
66 9
66 10
66 11
66 15
66 19
66 20
66 24
66 25
66 30
66 31
66 32
66 34
66 35
66 36
66 37
66 39
66 41
66 42
66 43
66 44
66 46
66 50
66 52
66 55
66 56
66 57
66 69
66 74
66 76
66 78
66 80
66 81
66 82
66 84
66 85
66 86
66 90
66 93
66 96
66 97
66 101
66 103
66 104
66 106
66 107
66 109
66 110
66 111
66 112
66 113
66 114
66 116
66 120
66 122
66 124
67 0
67 1
67 3
67 5
67 7
67 8
67 19
67 22
67 24
67 30
67 32
67 35
67 36
67 42
67 43
67 45
67 46
67 47
67 51
67 57
67 60
67 61
67 62
67 63
67 64
67 66
67 67
67 68
67 69
67 70
67 74
67 77
67 79
67 82
67 85
67 86
67 88
67 93
67 94
67 95
67 96
67 97
67 101
67 102
67 105
67 106
67 110
67 116
67 117
67 118
67 120
67 122
67 123
67 125
67 127
68 0
68 1
68 3
68 4
68 6
68 10
68 13
68 16
68 19
68 20
68 21
68 24
68 27
68 28
68 32
68 39
68 40
68 41
68 42
68 45
68 47
68 51
68 53
68 57
68 61
68 65
68 66
68 67
68 69
68 70
68 73
68 74
68 80
68 85
68 87
68 90
68 91
68 92
68 93
68 96
68 99
68 100
68 102
68 103
68 104
68 105
68 107
68 109
68 114
68 115
68 118
68 121
68 123
68 124
68 125
68 127
69 1
69 2
69 4
69 5
69 8
69 9
69 15
69 16
69 20
69 22
69 27
69 34
69 37
69 39
69 40
69 41
69 46
69 55
69 57
69 58
69 60
69 62
69 65
69 71
69 72
69 74
69 75
69 81
69 82
69 85
69 86
69 87
69 88
69 91
69 93
69 95
69 97
69 99
69 101
69 103
69 110
69 111
69 113
69 115
69 120
69 124
69 126
70 1
70 7
70 8
70 9
70 11
70 16
70 18
70 20
70 21
70 24
70 26
70 29
70 32
70 33
70 39
70 43
70 44
70 45
70 50
70 51
70 53
70 55
70 58
70 59
70 62
70 64
70 71
70 78
70 80
70 83
70 86
70 88
70 90
70 91
70 96
70 99
70 101
70 102
70 106
70 107
70 108
70 109
70 110
70 116
70 119
70 121
70 123
70 124
70 126
71 0
71 5
71 6
71 10
71 11
71 14
71 15
71 17
71 18
71 26
71 28
71 31
71 33
71 34
71 35
71 36
71 37
71 38
71 40
71 44
71 45
71 49
71 51
71 52
71 55
71 56
71 57
71 68
71 71
71 73
71 74
71 76
71 77
71 82
71 84
71 85
71 86
71 88
71 92
71 93
71 97
71 98
71 99
71 103
71 105
71 109
71 113
71 121
71 122
71 125
71 126
72 0
72 3
72 4
72 6
72 9
72 10
72 11
72 13
72 15
72 20
72 21
72 23
72 30
72 32
72 37
72 40
72 41
72 42
72 46
72 47
72 51
72 55
72 58
72 59
72 60
72 62
72 66
72 68
72 69
72 76
72 77
72 79
72 80
72 81
72 82
72 83
72 84
72 85
72 88
72 89
72 92
72 97
72 98
72 99
72 100
72 101
72 106
72 107
72 108
72 111
72 116
72 119
72 120
72 123
72 124
72 125
72 126
73 0
73 1
73 3
73 6
73 7
73 8
73 9
73 11
73 21
73 34
73 38
73 39
73 40
73 41
73 42
73 45
73 46
73 48
73 50
73 54
73 56
73 57
73 58
73 62
73 64
73 65
73 73
73 74
73 75
73 78
73 79
73 80
73 81
73 82
73 84
73 87
73 98
73 100
73 101
73 103
73 105
73 108
73 111
73 117
73 118
73 119
73 122
73 123
73 126
74 0
74 1
74 2
74 3
74 8
74 9
74 10
74 11
74 13
74 14
74 16
74 18
74 23
74 24
74 28
74 34
74 39
74 40
74 41
74 42
74 45
74 46
74 48
74 50
74 52
74 56
74 57
74 58
74 59
74 60
74 65
74 66
74 68
74 71
74 72
74 73
74 74
74 75
74 76
74 79
74 81
74 82
74 84
74 86
74 87
74 88
74 91
74 106
74 109
74 110
74 111
74 118
74 119
74 120
74 121
74 123
74 125
75 0
75 1
75 9
75 12
75 14
75 17
75 21
75 24
75 25
75 30
75 31
75 32
75 35
75 36
75 37
75 38
75 41
75 45
75 49
75 51
75 53
75 54
75 57
75 58
75 59
75 63
75 64
75 67
75 69
75 71
75 74
75 76
75 79
75 80
75 81
75 84
75 86
75 87
75 91
75 94
75 95
75 96
75 103
75 104
75 105
75 106
75 108
75 110
75 112
75 116
75 117
75 118
75 119
75 122
75 123
75 124
75 125
76 0
76 1
76 3
76 6
76 7
76 8
76 17
76 19
76 20
76 22
76 23
76 25
76 29
76 30
76 33
76 45
76 50
76 52
76 55
76 56
76 60
76 61
76 62
76 63
76 64
76 66
76 67
76 68
76 72
76 73
76 75
76 77
76 79
76 80
76 81
76 82
76 84
76 85
76 91
76 93
76 94
76 96
76 97
76 99
76 102
76 103
76 107
76 110
76 111
76 113
76 120
76 123
77 3
77 5
77 8
77 10
77 12
77 13
77 16
77 18
77 21
77 22
77 23
77 30
77 31
77 37
77 41
77 43
77 46
77 48
77 50
77 53
77 54
77 56
77 61
77 62
77 63
77 65
77 66
77 71
77 78
77 79
77 83
77 86
77 87
77 88
77 90
77 93
77 95
77 97
77 99
77 104
77 106
77 107
77 108
77 118
77 119
77 120
77 121
77 127
78 1
78 2
78 4
78 6
78 7
78 8
78 10
78 12
78 13
78 15
78 16
78 17
78 19
78 20
78 24
78 25
78 34
78 35
78 38
78 40
78 50
78 51
78 52
78 54
78 57
78 61
78 64
78 67
78 68
78 69
78 70
78 71
78 76
78 80
78 81
78 85
78 87
78 89
78 91
78 92
78 93
78 94
78 98
78 99
78 102
78 103
78 105
78 106
78 108
78 110
78 111
78 112
78 114
78 116
78 119
78 120
78 123
78 124
78 125
78 126
79 1
79 4
79 5
79 6
79 7
79 12
79 13
79 14
79 15
79 17
79 18
79 23
79 27
79 29
79 30
79 32
79 40
79 43
79 45
79 46
79 47
79 55
79 56
79 58
79 59
79 62
79 65
79 66
79 69
79 71
79 72
79 73
79 75
79 77
79 79
79 80
79 84
79 85
79 89
79 90
79 92
79 93
79 94
79 95
79 98
79 99
79 100
79 103
79 105
79 106
79 107
79 108
79 115
79 117
79 122
79 125
80 6
80 7
80 9
80 10
80 17
80 18
80 20
80 22
80 23
80 24
80 25
80 26
80 29
80 30
80 33
80 37
80 38
80 39
80 44
80 45
80 46
80 48
80 50
80 57
80 60
80 61
80 62
80 65
80 67
80 70
80 71
80 76
80 78
80 81
80 85
80 90
80 94
80 103
80 105
80 106
80 107
80 110
80 111
80 113
80 124
80 125
80 126
81 0
81 1
81 4
81 5
81 6
81 9
81 11
81 14
81 17
81 19
81 21
81 24
81 28
81 33
81 35
81 37
81 39
81 41
81 42
81 45
81 46
81 50
81 55
81 58
81 60
81 61
81 63
81 64
81 65
81 66
81 69
81 70
81 73
81 74
81 80
81 81
81 83
81 89
81 92
81 93
81 96
81 100
81 102
81 106
81 118
81 119
81 120
81 125
82 0
82 2
82 4
82 5
82 6
82 7
82 8
82 9
82 10
82 12
82 13
82 19
82 22
82 23
82 28
82 29
82 31
82 37
82 38
82 39
82 40
82 41
82 43
82 44
82 46
82 47
82 50
82 51
82 53
82 55
82 56
82 60
82 62
82 63
82 64
82 67
82 69
82 72
82 78
82 79
82 83
82 85
82 87
82 88
82 92
82 93
82 95
82 96
82 97
82 98
82 101
82 108
82 111
82 112
82 120
82 121
82 122
82 126
83 0
83 1
83 4
83 5
83 8
83 11
83 12
83 16
83 17
83 18
83 19
83 21
83 22
83 23
83 27
83 30
83 31
83 32
83 33
83 35
83 38
83 40
83 42
83 43
83 44
83 45
83 47
83 48
83 49
83 51
83 52
83 53
83 54
83 56
83 57
83 63
83 64
83 69
83 72
83 73
83 80
83 83
83 94
83 95
83 100
83 103
83 106
83 107
83 109
83 111
83 116
83 117
83 118
83 119
83 120
83 127
84 1
84 6
84 7
84 8
84 11
84 13
84 20
84 22
84 23
84 29
84 31
84 37
84 40
84 41
84 42
84 44
84 45
84 46
84 49
84 51
84 52
84 54
84 55
84 59
84 61
84 64
84 67
84 69
84 70
84 72
84 73
84 75
84 76
84 78
84 79
84 87
84 89
84 91
84 92
84 93
84 97
84 98
84 99
84 100
84 101
84 103
84 105
84 112
84 117
84 119
85 6
85 9
85 10
85 15
85 17
85 18
85 19
85 22
85 26
85 28
85 31
85 34
85 35
85 37
85 39
85 40
85 41
85 43
85 48
85 49
85 52
85 53
85 55
85 56
85 57
85 66
85 68
85 69
85 73
85 74
85 76
85 79
85 82
85 85
85 86
85 87
85 88
85 92
85 97
85 99
85 108
85 109
85 110
85 113
85 114
85 116
85 120
85 124
86 0
86 3
86 10
86 12
86 14
86 16
86 19
86 26
86 27
86 29
86 31
86 32
86 34
86 36
86 38
86 39
86 40
86 41
86 42
86 45
86 47
86 50
86 52
86 55
86 56
86 62
86 64
86 66
86 67
86 75
86 77
86 78
86 80
86 82
86 83
86 91
86 95
86 97
86 100
86 103
86 106
86 107
86 108
86 117
86 121
86 124
86 126
87 4
87 6
87 9
87 10
87 15
87 22
87 28
87 33
87 38
87 40
87 45
87 46
87 47
87 48
87 49
87 52
87 53
87 56
87 59
87 60
87 63
87 64
87 66
87 67
87 69
87 74
87 77
87 80
87 81
87 84
87 87
87 90
87 94
87 97
87 98
87 102
87 104
87 105
87 107
87 111
87 115
87 116
87 117
87 120
87 122
87 125
87 127
88 1
88 2
88 6
88 7
88 8
88 9
88 16
88 24
88 25
88 26
88 27
88 28
88 29
88 30
88 31
88 36
88 37
88 42
88 43
88 47
88 49
88 51
88 55
88 61
88 62
88 64
88 66
88 68
88 69
88 73
88 76
88 78
88 79
88 80
88 81
88 82
88 84
88 86
88 88
88 89
88 90
88 91
88 92
88 94
88 95
88 97
88 98
88 104
88 105
88 106
88 110
88 115
88 117
88 118
88 120
88 121
88 123
88 127
89 0
89 1
89 6
89 9
89 11
89 12
89 14
89 16
89 18
89 22
89 26
89 31
89 35
89 37
89 59
89 63
89 64
89 66
89 67
89 68
89 71
89 74
89 76
89 81
89 87
89 88
89 93
89 94
89 95
89 97
89 98
89 104
89 105
89 106
89 109
89 112
89 114
89 117
89 118
89 119
89 125
89 126
89 127
90 0
90 1
90 3
90 5
90 9
90 10
90 11
90 12
90 13
90 14
90 16
90 18
90 19
90 21
90 22
90 23
90 24
90 25
90 26
90 28
90 32
90 36
90 39
90 42
90 43
90 44
90 45
90 49
90 50
90 51
90 52
90 55
90 65
90 66
90 78
90 80
90 83
90 85
90 87
90 92
90 93
90 95
90 98
90 100
90 107
90 109
90 115
90 122
90 123
90 126
91 0
91 8
91 12
91 15
91 19
91 20
91 23
91 24
91 25
91 28
91 34
91 35
91 37
91 39
91 41
91 43
91 44
91 46
91 47
91 52
91 58
91 60
91 62
91 63
91 66
91 71
91 74
91 81
91 84
91 86
91 93
91 95
91 96
91 99
91 105
91 106
91 107
91 108
91 109
91 110
91 111
91 112
91 116
91 117
91 120
91 121
91 122
91 123
91 125
92 0
92 3
92 5
92 6
92 7
92 9
92 11
92 17
92 18
92 21
92 23
92 24
92 29
92 30
92 34
92 35
92 37
92 39
92 40
92 41
92 44
92 48
92 51
92 56
92 58
92 60
92 61
92 64
92 67
92 69
92 70
92 71
92 75
92 76
92 79
92 81
92 83
92 84
92 85
92 87
92 88
92 92
92 93
92 95
92 96
92 104
92 109
92 110
92 111
92 114
92 115
92 116
92 117
92 118
92 119
92 124
92 126
92 127
93 3
93 7
93 8
93 11
93 12
93 13
93 16
93 17
93 18
93 19
93 25
93 26
93 27
93 33
93 36
93 37
93 38
93 39
93 44
93 46
93 48
93 51
93 52
93 53
93 65
93 67
93 69
93 71
93 72
93 75
93 76
93 77
93 78
93 86
93 90
93 93
93 94
93 98
93 100
93 103
93 108
93 109
93 117
93 118
93 123
93 125
93 126
93 127
94 3
94 5
94 6
94 9
94 17
94 18
94 19
94 22
94 23
94 26
94 28
94 29
94 34
94 36
94 37
94 39
94 41
94 42
94 46
94 49
94 53
94 54
94 59
94 60
94 61
94 62
94 63
94 64
94 66
94 69
94 73
94 75
94 82
94 83
94 85
94 86
94 87
94 90
94 94
94 95
94 98
94 100
94 102
94 103
94 104
94 110
94 111
94 113
94 114
94 116
94 126
94 127
95 0
95 3
95 6
95 9
95 10
95 12
95 15
95 16
95 17
95 18
95 21
95 23
95 27
95 29
95 30
95 32
95 33
95 34
95 35
95 38
95 39
95 44
95 47
95 52
95 57
95 58
95 63
95 67
95 70
95 71
95 73
95 79
95 82
95 83
95 84
95 86
95 91
95 94
95 98
95 99
95 102
95 104
95 105
95 109
95 111
95 115
95 116
95 117
95 119
95 120
95 121
95 122
95 123
96 1
96 3
96 4
96 6
96 7
96 8
96 10
96 13
96 14
96 17
96 20
96 22
96 23
96 31
96 33
96 34
96 35
96 40
96 42
96 45
96 46
96 49
96 50
96 53
96 55
96 56
96 60
96 61
96 63
96 64
96 65
96 68
96 71
96 72
96 79
96 85
96 86
96 87
96 88
96 89
96 92
96 95
96 99
96 103
96 105
96 107
96 108
96 113
96 115
96 116
96 119
96 121
96 123
96 125
97 1
97 4
97 6
97 8
97 13
97 17
97 18
97 19
97 20
97 22
97 23
97 25
97 28
97 33
97 35
97 38
97 43
97 47
97 54
97 57
97 58
97 61
97 62
97 66
97 68
97 69
97 70
97 77
97 78
97 79
97 83
97 88
97 93
97 95
97 96
97 101
97 103
97 105
97 108
97 109
97 111
97 117
97 119
97 120
97 124
97 125
98 0
98 1
98 2
98 4
98 5
98 7
98 11
98 12
98 15
98 18
98 22
98 26
98 31
98 32
98 34
98 35
98 36
98 39
98 40
98 54
98 57
98 58
98 60
98 61
98 62
98 64
98 66
98 68
98 70
98 73
98 75
98 78
98 81
98 83
98 88
98 96
98 97
98 98
98 99
98 100
98 102
98 104
98 106
98 107
98 108
98 109
98 115
98 119
98 120
98 125
99 1
99 2
99 4
99 5
99 7
99 8
99 11
99 13
99 17
99 19
99 22
99 23
99 25
99 26
99 27
99 28
99 31
99 33
99 34
99 38
99 42
99 43
99 46
99 50
99 56
99 60
99 61
99 62
99 66
99 68
99 69
99 72
99 76
99 77
99 86
99 88
99 90
99 94
99 96
99 100
99 104
99 115
99 119
99 120
99 121
99 122
99 124
100 1
100 2
100 3
100 6
100 8
100 11
100 13
100 14
100 18
100 20
100 22
100 38
100 39
100 44
100 47
100 55
100 62
100 63
100 64
100 65
100 71
100 80
100 81
100 84
100 85
100 86
100 90
100 92
100 93
100 96
100 97
100 98
100 99
100 102
100 103
100 106
100 109
100 113
100 116
100 117
100 118
100 122
100 123
101 0
101 2
101 4
101 8
101 10
101 11
101 13
101 14
101 18
101 21
101 25
101 27
101 29
101 32
101 36
101 37
101 38
101 40
101 43
101 47
101 49
101 50
101 53
101 54
101 55
101 56
101 57
101 58
101 61
101 62
101 67
101 71
101 78
101 80
101 81
101 82
101 84
101 85
101 86
101 87
101 90
101 92
101 93
101 94
101 96
101 98
101 99
101 101
101 104
101 105
101 106
101 109
101 110
101 111
101 113
101 114
101 117
101 118
101 120
101 121
101 127
102 2
102 4
102 9
102 12
102 13
102 15
102 16
102 17
102 22
102 25
102 28
102 29
102 32
102 33
102 36
102 41
102 42
102 44
102 45
102 47
102 48
102 49
102 50
102 51
102 53
102 55
102 56
102 57
102 60
102 63
102 64
102 65
102 67
102 68
102 71
102 72
102 75
102 76
102 82
102 85
102 87
102 94
102 96
102 97
102 101
102 102
102 104
102 106
102 109
102 111
102 112
102 114
102 117
102 119
102 120
102 124
102 126
103 1
103 2
103 5
103 7
103 12
103 14
103 17
103 19
103 23
103 24
103 26
103 33
103 36
103 38
103 41
103 42
103 45
103 47
103 48
103 57
103 61
103 62
103 66
103 67
103 69
103 73
103 75
103 76
103 77
103 79
103 81
103 82
103 87
103 94
103 95
103 98
103 101
103 102
103 103
103 107
103 110
103 113
103 117
103 119
103 122
103 123
104 2
104 4
104 7
104 13
104 15
104 18
104 21
104 25
104 26
104 27
104 28
104 29
104 30
104 33
104 34
104 36
104 38
104 40
104 41
104 50
104 54
104 56
104 57
104 58
104 62
104 66
104 68
104 71
104 77
104 81
104 82
104 83
104 86
104 88
104 90
104 95
104 103
104 104
104 106
104 107
104 111
104 112
104 113
104 114
104 116
104 118
104 119
104 121
104 122
104 126
105 0
105 2
105 4
105 5
105 6
105 8
105 11
105 12
105 13
105 14
105 15
105 16
105 19
105 21
105 22
105 27
105 29
105 30
105 31
105 33
105 34
105 36
105 38
105 40
105 43
105 45
105 49
105 51
105 52
105 53
105 54
105 55
105 56
105 57
105 59
105 60
105 61
105 62
105 63
105 65
105 66
105 68
105 71
105 74
105 77
105 78
105 79
105 82
105 88
105 89
105 92
105 93
105 99
105 105
105 108
105 109
105 115
105 116
105 118
105 122
105 123
105 126
105 127
106 0
106 3
106 4
106 12
106 22
106 23
106 28
106 29
106 31
106 33
106 34
106 36
106 38
106 43
106 45
106 48
106 49
106 50
106 66
106 72
106 73
106 74
106 76
106 80
106 82
106 83
106 84
106 85
106 89
106 90
106 94
106 96
106 98
106 99
106 101
106 103
106 104
106 107
106 108
106 109
106 112
106 114
106 115
106 116
106 117
106 121
106 122
106 123
106 125
106 127
107 2
107 8
107 10
107 16
107 17
107 18
107 20
107 21
107 26
107 27
107 29
107 30
107 32
107 35
107 37
107 38
107 40
107 41
107 44
107 45
107 47
107 50
107 51
107 55
107 58
107 60
107 61
107 66
107 68
107 71
107 77
107 83
107 85
107 89
107 90
107 93
107 94
107 95
107 96
107 100
107 102
107 103
107 106
107 109
107 110
107 111
107 112
107 114
107 117
107 118
107 120
107 122
107 123
107 125
108 9
108 10
108 12
108 14
108 16
108 17
108 18
108 19
108 21
108 22
108 23
108 33
108 36
108 37
108 38
108 47
108 50
108 51
108 52
108 53
108 60
108 62
108 66
108 67
108 68
108 70
108 76
108 77
108 78
108 79
108 81
108 83
108 86
108 88
108 90
108 91
108 94
108 95
108 96
108 99
108 100
108 101
108 102
108 107
108 108
108 114
108 115
108 118
108 119
108 120
108 121
108 122
108 123
108 124
109 1
109 2
109 4
109 6
109 7
109 9
109 11
109 12
109 15
109 16
109 17
109 21
109 22
109 24
109 25
109 28
109 29
109 30
109 33
109 35
109 37
109 40
109 41
109 46
109 48
109 54
109 55
109 56
109 60
109 62
109 63
109 64
109 66
109 67
109 68
109 69
109 71
109 80
109 84
109 85
109 86
109 91
109 94
109 96
109 98
109 99
109 100
109 104
109 105
109 107
109 108
109 109
109 111
109 114
109 119
109 122
109 126
110 1
110 5
110 7
110 12
110 15
110 23
110 26
110 28
110 29
110 31
110 32
110 33
110 34
110 35
110 37
110 38
110 40
110 43
110 50
110 51
110 54
110 58
110 62
110 63
110 66
110 73
110 74
110 80
110 83
110 84
110 85
110 86
110 88
110 91
110 92
110 94
110 95
110 98
110 103
110 105
110 107
110 111
110 113
110 114
110 117
110 119
110 120
110 122
110 123
110 126
111 0
111 5
111 7
111 10
111 12
111 13
111 16
111 20
111 26
111 27
111 30
111 31
111 33
111 37
111 42
111 46
111 47
111 53
111 54
111 56
111 60
111 61
111 62
111 63
111 67
111 81
111 83
111 87
111 88
111 89
111 104
111 106
111 107
111 111
111 113
111 116
111 118
112 0
112 1
112 3
112 4
112 6
112 14
112 16
112 17
112 18
112 19
112 21
112 27
112 29
112 32
112 37
112 38
112 48
112 49
112 51
112 52
112 55
112 61
112 62
112 65
112 67
112 69
112 73
112 80
112 81
112 82
112 84
112 90
112 91
112 94
112 95
112 97
112 98
112 99
112 100
112 101
112 109
112 110
112 112
112 115
112 117
112 126
112 127
113 1
113 7
113 11
113 14
113 16
113 18
113 19
113 21
113 23
113 25
113 28
113 31
113 34
113 36
113 37
113 39
113 40
113 50
113 54
113 55
113 56
113 57
113 63
113 67
113 68
113 69
113 70
113 71
113 73
113 74
113 78
113 80
113 81
113 84
113 85
113 87
113 89
113 91
113 92
113 93
113 97
113 98
113 100
113 102
113 103
113 104
113 105
113 115
113 117
113 118
113 119
113 120
113 123
113 124
113 125
114 1
114 3
114 12
114 13
114 14
114 15
114 16
114 17
114 18
114 20
114 21
114 23
114 26
114 27
114 29
114 32
114 34
114 37
114 41
114 42
114 43
114 46
114 50
114 51
114 52
114 61
114 62
114 63
114 66
114 73
114 77
114 81
114 83
114 84
114 86
114 88
114 92
114 93
114 95
114 105
114 116
114 118
114 120
114 123
114 124
114 127
115 1
115 2
115 3
115 5
115 6
115 9
115 11
115 12
115 17
115 20
115 21
115 29
115 31
115 33
115 35
115 38
115 42
115 48
115 49
115 51
115 54
115 55
115 57
115 60
115 64
115 72
115 74
115 77
115 78
115 79
115 80
115 83
115 85
115 86
115 87
115 89
115 90
115 93
115 94
115 95
115 97
115 98
115 99
115 102
115 103
115 104
115 107
115 116
115 117
115 119
115 125
115 126
115 127
116 5
116 8
116 9
116 10
116 18
116 20
116 21
116 22
116 23
116 25
116 31
116 32
116 34
116 35
116 37
116 38
116 39
116 40
116 41
116 46
116 47
116 53
116 56
116 57
116 62
116 64
116 68
116 69
116 70
116 71
116 72
116 73
116 74
116 75
116 77
116 78
116 80
116 82
116 83
116 84
116 95
116 98
116 99
116 100
116 102
116 103
116 105
116 107
116 108
116 109
116 113
116 116
116 117
116 118
116 121
116 123
116 124
116 127
117 0
117 3
117 5
117 10
117 15
117 16
117 20
117 24
117 25
117 26
117 28
117 29
117 34
117 35
117 36
117 38
117 39
117 50
117 54
117 56
117 57
117 65
117 67
117 68
117 69
117 70
117 72
117 73
117 75
117 83
117 86
117 88
117 89
117 91
117 103
117 104
117 107
117 111
117 115
117 117
117 118
117 119
117 121
117 122
117 124
117 126
118 0
118 1
118 3
118 6
118 9
118 11
118 14
118 15
118 18
118 19
118 21
118 27
118 28
118 30
118 31
118 39
118 40
118 43
118 44
118 49
118 52
118 54
118 56
118 57
118 59
118 61
118 62
118 65
118 70
118 74
118 75
118 76
118 79
118 80
118 83
118 84
118 89
118 92
118 94
118 97
118 98
118 99
118 103
118 110
118 116
118 117
118 122
118 124
118 127
119 0
119 1
119 5
119 6
119 7
119 8
119 10
119 18
119 23
119 28
119 32
119 37
119 38
119 39
119 42
119 43
119 45
119 46
119 47
119 48
119 53
119 57
119 58
119 59
119 61
119 64
119 65
119 66
119 68
119 71
119 73
119 84
119 86
119 96
119 98
119 99
119 105
119 106
119 107
119 109
119 112
119 116
119 117
119 119
119 120
119 122
120 3
120 14
120 15
120 16
120 24
120 26
120 27
120 31
120 32
120 35
120 37
120 39
120 41
120 46
120 49
120 51
120 52
120 56
120 57
120 58
120 59
120 60
120 61
120 65
120 67
120 68
120 69
120 70
120 71
120 73
120 74
120 75
120 76
120 77
120 78
120 80
120 85
120 90
120 91
120 93
120 97
120 98
120 99
120 102
120 103
120 106
120 108
120 109
120 113
120 115
120 116
120 117
120 118
120 121
120 124
120 127
121 1
121 2
121 5
121 6
121 8
121 14
121 15
121 17
121 22
121 23
121 26
121 33
121 34
121 35
121 38
121 39
121 44
121 46
121 47
121 56
121 57
121 66
121 67
121 72
121 74
121 79
121 86
121 87
121 90
121 96
121 99
121 102
121 103
121 106
121 108
121 110
121 112
121 115
121 116
121 117
121 118
121 120
121 121
121 122
121 123
121 125
121 127
122 2
122 3
122 6
122 7
122 9
122 10
122 14
122 19
122 20
122 21
122 30
122 32
122 33
122 34
122 38
122 39
122 41
122 42
122 43
122 44
122 45
122 49
122 50
122 51
122 52
122 55
122 57
122 59
122 62
122 63
122 66
122 68
122 72
122 74
122 75
122 76
122 77
122 78
122 81
122 84
122 85
122 86
122 89
122 90
122 91
122 92
122 95
122 99
122 100
122 108
122 109
122 113
122 119
122 120
122 123
122 126
123 4
123 5
123 7
123 8
123 9
123 10
123 12
123 13
123 19
123 20
123 21
123 22
123 23
123 25
123 29
123 31
123 34
123 38
123 39
123 45
123 50
123 52
123 54
123 56
123 60
123 61
123 62
123 63
123 66
123 67
123 69
123 70
123 74
123 75
123 76
123 80
123 81
123 82
123 83
123 87
123 89
123 90
123 91
123 94
123 95
123 98
123 99
123 101
123 103
123 105
123 106
123 108
123 112
123 113
123 116
123 117
123 120
123 122
124 0
124 1
124 7
124 13
124 15
124 19
124 21
124 22
124 25
124 27
124 33
124 35
124 37
124 41
124 46
124 47
124 49
124 52
124 54
124 61
124 62
124 64
124 65
124 70
124 71
124 72
124 75
124 76
124 79
124 80
124 81
124 82
124 87
124 93
124 95
124 97
124 101
124 103
124 104
124 106
124 109
124 112
124 115
124 121
124 125
125 0
125 5
125 8
125 9
125 14
125 15
125 17
125 19
125 20
125 23
125 25
125 34
125 35
125 37
125 38
125 42
125 44
125 46
125 47
125 52
125 54
125 57
125 59
125 60
125 62
125 63
125 70
125 71
125 73
125 74
125 76
125 78
125 82
125 84
125 86
125 88
125 89
125 97
125 99
125 101
125 102
125 105
125 111
125 112
125 119
125 120
125 122
125 123
125 125
125 126
126 1
126 2
126 4
126 7
126 9
126 10
126 11
126 13
126 17
126 20
126 27
126 28
126 31
126 36
126 39
126 40
126 42
126 44
126 45
126 46
126 48
126 53
126 54
126 56
126 59
126 60
126 65
126 74
126 79
126 83
126 85
126 87
126 90
126 91
126 96
126 98
126 106
126 108
126 109
126 111
126 117
126 119
126 120
126 122
127 7
127 8
127 12
127 13
127 16
127 19
127 20
127 21
127 22
127 26
127 28
127 29
127 34
127 36
127 37
127 39
127 40
127 41
127 43
127 45
127 46
127 48
127 52
127 54
127 58
127 59
127 62
127 67
127 72
127 75
127 76
127 79
127 81
127 82
127 85
127 91
127 92
127 93
127 95
127 103
127 104
127 106
127 107
127 110
127 120
127 121
127 123
127 124
127 125
