0 30
0 31
0 47
0 57
0 62
0 113
0 122
1 6
1 21
1 57
1 94
1 124
2 14
2 28
2 53
2 79
3 10
3 34
3 47
3 56
3 63
3 72
3 84
3 127
4 6
4 10
4 22
4 42
4 59
4 63
4 107
4 119
5 8
5 28
5 33
5 66
5 110
6 8
6 9
6 10
6 11
6 28
6 59
6 108
6 110
7 11
7 16
7 17
7 43
7 44
7 53
7 79
7 102
7 106
7 113
8 19
8 31
8 36
8 38
8 75
8 100
8 117
9 42
9 102
9 108
9 116
9 121
10 3
10 27
10 36
10 59
10 80
10 94
10 112
10 118
11 51
11 56
11 58
11 63
11 81
11 113
12 24
12 26
12 30
12 43
12 49
12 56
12 76
12 81
12 83
12 94
12 108
13 19
13 37
13 40
13 45
13 88
13 98
14 5
14 67
14 104
14 107
14 115
15 1
15 13
15 43
15 57
15 92
15 122
15 127
16 2
16 14
16 23
16 24
16 54
16 69
16 83
16 100
16 109
17 13
17 17
17 48
17 57
17 59
17 76
17 87
17 99
17 113
17 123
17 126
18 7
18 12
18 105
18 107
18 124
19 27
19 30
19 33
19 41
19 45
19 50
19 53
19 90
19 100
19 127
20 9
20 23
20 33
20 103
20 127
21 4
21 60
21 87
21 125
22 8
22 63
22 79
22 89
22 102
22 116
23 23
23 44
23 65
23 75
23 96
23 108
23 109
23 112
23 118
24 13
24 17
24 33
24 34
24 65
24 82
24 84
24 93
24 121
25 11
25 54
25 60
25 80
25 91
25 94
26 17
26 26
26 49
26 58
26 61
26 80
26 117
27 5
27 8
27 15
27 62
27 70
27 85
27 87
27 95
27 100
27 106
27 114
27 115
28 17
28 20
28 54
28 60
28 71
28 76
28 87
28 95
28 99
28 108
28 121
29 6
29 15
29 34
29 36
29 39
29 43
29 59
29 74
29 92
29 94
29 108
30 0
30 8
30 9
30 11
30 21
30 37
30 44
30 76
30 84
30 112
31 5
31 7
31 8
31 11
31 24
31 29
31 31
31 36
31 37
31 38
31 39
31 43
31 55
31 61
31 82
31 92
32 15
32 46
32 50
32 70
32 93
32 99
32 109
33 9
33 18
33 25
33 52
33 53
33 75
33 81
33 83
33 99
34 7
34 51
34 104
34 108
34 114
35 11
35 79
35 103
36 4
36 5
36 23
36 57
37 3
37 12
37 16
37 42
37 45
37 49
37 71
37 85
37 90
38 11
38 31
38 91
38 100
38 117
39 3
39 11
39 24
39 46
39 56
39 70
39 104
39 106
39 119
40 57
40 95
40 112
40 114
40 126
41 23
41 26
41 84
41 93
42 4
42 5
42 6
42 25
42 56
42 62
42 69
42 92
42 97
42 118
42 119
43 24
43 26
43 39
43 46
43 48
43 62
43 63
43 102
43 103
43 104
44 16
44 27
44 46
44 49
44 73
44 120
45 24
45 40
45 55
45 104
46 0
46 15
46 21
46 48
46 82
46 91
46 119
46 125
47 28
47 32
47 48
47 62
47 70
47 81
47 87
47 102
47 116
48 7
48 20
48 32
48 38
48 49
48 51
48 56
48 67
48 76
48 86
48 115
49 10
49 27
49 30
49 37
49 48
49 50
49 52
49 59
49 72
49 79
49 123
50 4
50 37
50 56
50 59
51 7
51 33
51 38
51 74
51 113
51 120
52 0
52 10
52 23
52 45
52 53
52 62
52 81
52 126
53 25
53 27
53 50
53 52
53 78
53 80
53 83
53 89
53 95
53 122
53 126
54 20
54 25
54 36
54 52
54 57
54 77
54 85
54 93
54 100
54 123
55 15
55 21
55 30
55 74
55 115
55 116
55 118
55 119
55 123
56 5
56 12
56 13
56 27
56 37
56 41
56 76
56 91
56 97
56 123
57 18
57 21
57 71
57 73
57 81
57 84
57 85
57 100
57 125
58 29
58 32
58 38
58 42
58 44
58 79
58 85
58 90
59 4
59 12
59 18
59 47
59 64
59 86
59 124
60 14
60 59
60 64
60 72
60 75
60 87
60 104
60 111
60 112
60 124
61 0
61 25
61 26
61 31
61 56
61 60
61 92
61 98
61 112
61 114
62 9
62 11
62 16
62 38
62 46
62 52
62 119
63 10
63 30
63 33
63 43
63 48
63 52
63 77
63 89
63 95
64 5
64 11
64 21
64 26
64 32
64 41
64 55
64 87
65 14
65 45
65 49
65 53
65 81
65 98
65 109
66 2
66 15
66 22
66 65
66 106
67 47
67 70
67 72
67 106
67 116
68 5
68 18
68 34
68 38
68 46
68 79
68 103
68 117
69 25
69 35
69 90
69 92
69 115
69 126
70 3
70 12
70 102
70 118
70 126
71 5
71 12
71 67
71 85
71 104
71 124
72 0
72 16
72 63
72 85
72 88
72 96
72 120
73 10
73 24
73 36
73 46
73 55
73 56
73 67
73 74
73 88
73 94
73 105
73 108
73 112
73 121
73 123
74 11
74 29
74 76
74 95
74 96
74 110
74 113
74 119
75 17
75 42
75 58
75 81
75 92
76 25
76 33
76 36
76 42
77 7
77 31
77 35
77 39
77 46
77 82
77 96
77 104
77 107
78 0
78 3
78 8
78 12
78 14
78 54
78 55
78 59
78 69
78 75
78 87
78 90
78 102
79 15
79 45
79 52
79 69
79 73
79 87
79 88
79 119
80 42
80 49
80 62
80 72
80 83
80 89
81 1
81 2
81 15
81 73
81 79
81 84
81 122
82 12
82 17
82 24
82 25
82 49
82 67
82 77
82 81
82 90
82 91
82 104
83 9
83 18
83 20
83 32
83 40
83 43
83 45
83 55
83 56
83 67
83 96
83 118
84 3
84 9
84 28
84 29
84 38
84 50
84 58
84 70
84 74
84 127
85 5
85 23
85 27
85 30
85 45
85 70
85 82
85 99
85 101
85 116
85 124
86 0
86 78
86 87
86 103
86 109
86 114
87 22
87 29
87 54
87 66
87 68
87 78
87 98
88 0
88 15
88 37
88 54
88 60
88 67
88 77
88 110
88 115
88 124
88 125
89 2
89 6
89 31
89 42
89 46
89 64
89 77
89 82
90 10
90 16
90 33
90 66
90 68
90 78
90 83
90 88
90 95
90 98
91 21
91 28
91 51
91 89
91 102
92 25
92 27
92 37
92 50
92 70
92 101
92 102
93 12
93 21
93 42
93 72
93 95
94 20
94 21
94 26
94 35
94 59
94 82
94 84
94 86
94 96
94 99
94 113
95 9
95 52
95 66
95 69
95 72
95 73
95 75
95 80
95 81
96 7
96 18
96 19
96 23
96 32
96 33
96 35
96 76
96 100
97 2
97 77
97 98
97 101
97 120
97 122
98 1
98 4
98 36
98 56
98 61
98 86
98 102
98 112
98 119
99 16
99 18
99 27
99 35
99 41
99 60
99 62
99 67
99 82
99 105
99 111
100 4
100 9
100 15
100 17
100 20
100 38
100 44
100 64
100 72
100 78
100 97
100 127
101 8
101 18
101 24
101 50
101 51
101 81
101 83
101 104
102 5
102 85
103 6
103 15
103 19
103 36
103 67
103 76
103 102
103 120
103 122
104 18
104 24
104 29
104 32
104 38
104 40
104 60
104 101
104 102
104 113
105 2
105 18
105 35
105 38
105 46
105 61
105 79
105 85
105 101
105 104
105 109
106 13
106 31
106 42
106 126
107 22
107 25
107 33
107 64
107 76
108 6
108 24
108 28
108 91
108 103
109 9
109 23
109 67
109 69
109 88
109 118
109 126
110 4
110 41
110 42
110 59
110 90
110 95
111 10
111 50
111 56
111 82
111 106
111 111
111 122
112 1
112 44
112 50
112 73
112 107
112 113
113 31
113 32
113 42
113 44
113 92
113 99
113 109
113 111
114 3
114 60
114 78
114 94
114 118
114 121
115 9
115 21
115 23
115 25
115 30
115 42
115 86
115 108
115 118
115 122
116 34
116 59
116 64
116 85
116 122
117 5
117 34
117 78
117 80
117 85
117 89
117 96
117 102
117 104
117 107
117 111
118 10
118 43
118 64
118 72
118 93
118 99
119 1
119 6
119 14
119 29
119 38
119 76
120 17
120 26
120 41
120 49
120 50
120 57
120 71
120 89
120 105
121 15
121 33
121 46
121 51
121 66
121 82
121 85
121 121
121 125
122 8
122 32
122 35
122 58
122 80
122 86
122 95
122 110
123 16
123 24
123 27
123 29
123 37
123 57
123 73
123 90
123 93
123 102
123 120
123 127
124 5
124 10
124 15
124 40
124 54
124 69
124 71
124 87
124 101
125 19
125 36
125 44
125 47
125 63
125 66
125 70
125 98
125 107
126 58
126 65
126 83
126 96
126 117
127 37
127 53
127 59
127 72
127 82
127 106
