0 15
0 20
0 22
0 27
0 28
0 34
0 36
0 49
0 54
0 56
0 57
0 61
0 62
0 70
0 71
0 74
0 77
0 78
0 82
0 86
0 94
0 113
0 124
1 6
1 7
1 17
1 23
1 34
1 36
1 39
1 41
1 45
1 52
1 53
1 60
1 61
1 63
1 65
1 69
1 75
1 79
1 84
1 86
1 87
1 89
1 107
1 110
1 113
1 114
1 117
1 119
1 122
1 123
1 124
2 2
2 16
2 25
2 28
2 37
2 39
2 41
2 59
2 63
2 65
2 66
2 67
2 75
2 77
2 79
2 91
2 97
2 102
2 103
2 107
2 108
2 116
2 118
3 0
3 7
3 8
3 10
3 12
3 15
3 16
3 20
3 22
3 23
3 24
3 35
3 36
3 42
3 44
3 59
3 62
3 64
3 70
3 85
3 90
3 94
3 96
3 101
3 102
3 104
3 107
3 111
3 116
3 124
3 126
4 1
4 5
4 8
4 16
4 18
4 19
4 24
4 27
4 31
4 37
4 38
4 42
4 43
4 48
4 49
4 50
4 51
4 55
4 69
4 70
4 72
4 73
4 84
4 87
4 88
4 89
4 102
4 110
4 119
4 120
4 126
5 5
5 13
5 14
5 15
5 19
5 31
5 32
5 37
5 53
5 59
5 61
5 64
5 68
5 75
5 83
5 90
5 92
5 94
5 95
5 96
5 100
5 105
5 109
5 116
5 118
6 4
6 5
6 8
6 9
6 15
6 22
6 34
6 36
6 37
6 42
6 54
6 56
6 60
6 63
6 71
6 74
6 75
6 78
6 89
6 97
6 100
6 102
6 106
6 110
6 115
6 125
6 127
7 2
7 3
7 13
7 18
7 26
7 29
7 37
7 48
7 49
7 50
7 55
7 61
7 66
7 70
7 72
7 78
7 98
7 102
7 104
7 109
7 117
7 119
7 123
8 0
8 4
8 15
8 16
8 36
8 48
8 69
8 76
8 77
8 80
8 86
8 92
8 100
8 105
8 106
8 107
8 108
8 110
8 113
8 122
9 1
9 4
9 9
9 17
9 19
9 23
9 29
9 35
9 37
9 39
9 44
9 45
9 54
9 56
9 67
9 68
9 79
9 82
9 84
9 85
9 95
9 107
9 112
9 114
9 117
9 122
9 126
10 0
10 1
10 5
10 9
10 13
10 14
10 31
10 39
10 40
10 41
10 42
10 45
10 47
10 48
10 53
10 62
10 68
10 69
10 77
10 80
10 84
10 86
10 92
10 94
10 95
10 96
10 104
10 110
11 6
11 8
11 11
11 25
11 26
11 28
11 29
11 30
11 31
11 34
11 35
11 37
11 38
11 47
11 48
11 49
11 50
11 52
11 53
11 62
11 79
11 83
11 100
11 104
11 105
11 110
11 111
11 114
11 119
11 120
12 3
12 5
12 6
12 7
12 10
12 12
12 25
12 41
12 50
12 52
12 53
12 62
12 64
12 72
12 79
12 81
12 83
12 88
12 91
12 99
12 104
12 109
12 111
12 117
12 126
12 127
13 6
13 8
13 14
13 19
13 22
13 33
13 35
13 36
13 37
13 40
13 43
13 49
13 54
13 55
13 58
13 76
13 85
13 86
13 89
13 92
13 93
13 99
13 102
13 104
13 108
13 110
13 112
13 113
13 114
13 117
13 118
14 2
14 5
14 11
14 13
14 19
14 21
14 27
14 29
14 31
14 33
14 40
14 43
14 47
14 48
14 53
14 54
14 61
14 66
14 70
14 72
14 77
14 79
14 83
14 84
14 93
14 118
14 125
15 3
15 11
15 12
15 15
15 17
15 18
15 28
15 30
15 33
15 34
15 36
15 37
15 39
15 40
15 41
15 42
15 48
15 50
15 51
15 58
15 64
15 78
15 84
15 91
15 101
15 103
15 104
15 105
15 111
15 112
15 122
15 125
16 3
16 6
16 12
16 19
16 24
16 30
16 44
16 51
16 53
16 54
16 66
16 69
16 72
16 74
16 81
16 85
16 91
16 92
16 93
16 95
16 100
16 107
16 111
16 115
17 12
17 17
17 19
17 29
17 48
17 49
17 55
17 64
17 79
17 80
17 81
17 87
17 90
17 93
17 94
17 118
17 123
17 125
17 127
18 0
18 3
18 5
18 12
18 16
18 19
18 27
18 49
18 54
18 58
18 65
18 66
18 67
18 71
18 75
18 76
18 81
18 82
18 85
18 89
18 90
18 91
18 94
18 102
18 103
18 105
18 106
18 121
19 1
19 2
19 11
19 12
19 20
19 30
19 43
19 44
19 50
19 51
19 57
19 62
19 73
19 79
19 85
19 90
19 91
19 98
19 103
19 104
19 105
19 108
19 109
19 111
19 113
19 121
20 37
20 45
20 46
20 51
20 59
20 65
20 70
20 80
20 85
20 93
20 109
20 111
20 112
21 7
21 16
21 17
21 18
21 20
21 21
21 25
21 26
21 29
21 36
21 40
21 47
21 53
21 63
21 64
21 65
21 72
21 78
21 79
21 81
21 84
21 90
21 94
21 96
21 99
21 108
21 109
21 110
21 112
21 113
21 122
21 123
21 124
22 0
22 2
22 9
22 10
22 12
22 14
22 17
22 18
22 20
22 23
22 25
22 26
22 28
22 39
22 42
22 44
22 58
22 65
22 67
22 69
22 70
22 77
22 81
22 83
22 87
22 92
22 98
22 99
22 104
22 108
22 109
22 110
22 118
22 121
22 124
23 4
23 12
23 13
23 14
23 22
23 37
23 40
23 42
23 52
23 53
23 55
23 71
23 77
23 84
23 95
23 114
23 116
23 124
24 3
24 14
24 28
24 33
24 35
24 36
24 44
24 46
24 50
24 52
24 53
24 54
24 57
24 58
24 59
24 62
24 63
24 68
24 73
24 75
24 78
24 89
24 93
24 94
24 96
24 97
24 108
24 111
24 113
24 115
24 119
25 7
25 12
25 13
25 16
25 18
25 26
25 27
25 28
25 38
25 43
25 51
25 53
25 61
25 62
25 66
25 76
25 86
25 91
25 95
25 96
25 105
25 107
25 108
25 119
25 125
26 5
26 6
26 7
26 13
26 14
26 18
26 20
26 22
26 23
26 25
26 26
26 45
26 50
26 64
26 68
26 73
26 74
26 78
26 84
26 89
26 95
26 102
26 106
26 120
26 124
27 0
27 5
27 40
27 44
27 61
27 68
27 72
27 75
27 79
27 80
27 84
27 90
27 91
27 96
27 97
27 98
27 101
27 103
27 104
27 106
27 113
27 122
27 127
28 3
28 13
28 15
28 20
28 32
28 47
28 53
28 57
28 58
28 65
28 77
28 78
28 89
28 90
28 92
28 94
28 100
28 107
28 108
28 111
28 112
28 113
28 120
28 121
29 3
29 5
29 13
29 14
29 18
29 24
29 31
29 32
29 49
29 50
29 52
29 59
29 62
29 65
29 66
29 73
29 74
29 82
29 83
29 90
29 95
29 96
29 99
29 102
29 105
29 109
29 126
30 0
30 6
30 7
30 9
30 11
30 27
30 42
30 47
30 50
30 52
30 53
30 54
30 58
30 68
30 76
30 77
30 82
30 86
30 95
30 102
30 108
30 111
30 112
30 115
31 9
31 11
31 13
31 15
31 18
31 19
31 22
31 36
31 39
31 40
31 41
31 42
31 45
31 63
31 65
31 76
31 77
31 89
31 108
31 115
31 120
31 122
31 124
31 126
32 9
32 17
32 23
32 24
32 31
32 37
32 44
32 51
32 52
32 54
32 55
32 58
32 68
32 78
32 79
32 86
32 89
32 95
32 105
32 109
32 114
32 115
32 118
32 121
32 126
32 127
33 5
33 12
33 15
33 16
33 20
33 24
33 25
33 31
33 44
33 60
33 61
33 63
33 68
33 69
33 71
33 77
33 83
33 85
33 91
33 92
33 94
33 97
33 105
33 108
33 111
33 113
33 115
33 119
33 126
34 2
34 3
34 4
34 19
34 22
34 30
34 31
34 34
34 36
34 39
34 45
34 52
34 55
34 67
34 73
34 80
34 81
34 85
34 90
34 94
34 97
34 106
34 107
34 117
35 2
35 3
35 11
35 19
35 28
35 31
35 34
35 37
35 38
35 39
35 43
35 46
35 62
35 70
35 74
35 75
35 76
35 78
35 79
35 86
35 89
35 91
35 94
35 95
35 96
35 100
35 105
35 106
35 113
35 117
35 126
36 3
36 5
36 13
36 18
36 20
36 23
36 24
36 29
36 32
36 45
36 50
36 51
36 58
36 72
36 76
36 88
36 90
36 96
36 102
36 106
36 107
36 114
36 119
36 121
36 125
37 0
37 4
37 16
37 22
37 23
37 25
37 31
37 37
37 44
37 50
37 52
37 54
37 61
37 63
37 75
37 76
37 81
37 90
37 105
37 119
37 120
37 122
38 2
38 10
38 11
38 21
38 22
38 26
38 30
38 32
38 33
38 34
38 37
38 43
38 46
38 49
38 55
38 56
38 75
38 76
38 77
38 79
38 87
38 90
38 102
38 111
38 113
38 114
38 122
38 126
39 3
39 5
39 9
39 25
39 27
39 30
39 33
39 41
39 43
39 46
39 51
39 55
39 62
39 71
39 75
39 82
39 83
39 89
39 111
39 114
39 118
39 119
39 127
40 3
40 7
40 9
40 18
40 20
40 29
40 41
40 44
40 50
40 63
40 66
40 80
40 87
40 91
40 93
40 103
40 110
40 111
40 127
41 0
41 3
41 8
41 10
41 16
41 18
41 19
41 21
41 26
41 29
41 31
41 34
41 39
41 44
41 47
41 50
41 55
41 59
41 61
41 77
41 78
41 79
41 84
41 92
41 98
41 104
41 113
41 114
41 115
41 116
41 127
42 3
42 9
42 11
42 19
42 34
42 42
42 43
42 48
42 50
42 57
42 59
42 63
42 64
42 65
42 72
42 75
42 91
42 95
42 97
42 99
42 100
42 103
42 104
42 119
42 122
42 127
43 8
43 26
43 27
43 28
43 29
43 32
43 36
43 38
43 43
43 44
43 47
43 48
43 49
43 51
43 54
43 56
43 63
43 66
43 67
43 72
43 74
43 78
43 81
43 86
43 88
43 104
43 106
43 107
43 115
43 120
44 10
44 21
44 26
44 34
44 39
44 54
44 56
44 64
44 65
44 69
44 72
44 75
44 86
44 91
44 104
44 111
44 123
45 5
45 6
45 11
45 19
45 23
45 29
45 37
45 40
45 48
45 51
45 52
45 53
45 56
45 63
45 65
45 70
45 71
45 73
45 88
45 99
45 103
45 117
45 121
45 123
46 2
46 3
46 4
46 5
46 8
46 11
46 16
46 17
46 18
46 21
46 22
46 29
46 32
46 33
46 34
46 42
46 48
46 54
46 55
46 56
46 60
46 63
46 74
46 78
46 81
46 82
46 94
46 98
46 100
46 101
46 105
46 106
46 109
46 110
46 115
46 121
46 124
47 4
47 9
47 13
47 17
47 18
47 19
47 23
47 37
47 40
47 45
47 50
47 58
47 62
47 64
47 67
47 72
47 73
47 84
47 85
47 86
47 88
47 98
47 102
47 103
47 104
47 105
47 106
47 126
48 2
48 4
48 6
48 7
48 12
48 20
48 23
48 27
48 30
48 59
48 64
48 70
48 74
48 82
48 92
48 98
48 105
48 107
48 109
48 114
49 11
49 22
49 24
49 26
49 33
49 35
49 39
49 48
49 50
49 61
49 68
49 70
49 79
49 90
49 92
49 99
49 100
49 102
49 106
49 108
49 110
49 113
49 114
49 116
49 121
50 1
50 9
50 12
50 14
50 19
50 44
50 46
50 53
50 54
50 58
50 59
50 62
50 63
50 65
50 68
50 71
50 77
50 89
50 90
50 92
50 99
50 106
50 112
50 116
50 119
51 2
51 4
51 7
51 12
51 15
51 16
51 30
51 33
51 47
51 49
51 50
51 53
51 54
51 55
51 63
51 71
51 73
51 78
51 81
51 83
51 86
51 87
51 100
51 102
51 106
51 124
52 2
52 4
52 11
52 41
52 43
52 47
52 48
52 55
52 64
52 65
52 68
52 72
52 81
52 90
52 91
52 95
52 99
52 105
52 106
52 109
52 113
52 116
52 121
52 123
52 124
53 3
53 5
53 17
53 20
53 22
53 27
53 35
53 51
53 59
53 60
53 63
53 64
53 65
53 68
53 71
53 73
53 79
53 84
53 85
53 91
53 93
53 96
53 99
53 101
53 104
53 108
53 111
53 112
53 114
53 118
53 119
53 124
54 3
54 7
54 19
54 21
54 22
54 24
54 32
54 37
54 44
54 45
54 48
54 53
54 75
54 77
54 81
54 83
54 92
54 94
54 100
54 112
54 114
54 117
54 118
54 122
54 126
54 127
55 1
55 2
55 5
55 8
55 16
55 20
55 26
55 29
55 41
55 42
55 49
55 60
55 63
55 68
55 69
55 71
55 90
55 92
55 97
55 100
55 103
55 106
55 110
55 116
55 119
56 0
56 10
56 11
56 15
56 16
56 17
56 21
56 26
56 28
56 31
56 47
56 57
56 60
56 62
56 67
56 84
56 92
56 98
56 103
56 106
56 108
56 115
56 120
57 23
57 26
57 29
57 36
57 49
57 51
57 62
57 64
57 68
57 76
57 88
57 94
57 95
57 98
57 103
57 107
57 114
57 118
57 119
57 120
57 122
57 124
58 8
58 15
58 18
58 32
58 33
58 44
58 47
58 48
58 51
58 59
58 62
58 66
58 69
58 73
58 78
58 95
58 97
58 105
58 110
58 112
58 119
58 121
59 2
59 9
59 11
59 28
59 32
59 37
59 41
59 49
59 65
59 68
59 77
59 82
59 83
59 89
59 92
59 94
59 96
59 97
59 98
59 100
59 117
59 120
59 127
60 19
60 34
60 36
60 44
60 46
60 48
60 51
60 55
60 56
60 59
60 63
60 67
60 68
60 71
60 76
60 80
60 84
60 90
60 93
60 96
60 97
60 104
60 114
60 115
60 118
61 5
61 17
61 19
61 21
61 22
61 25
61 31
61 35
61 40
61 44
61 48
61 53
61 55
61 60
61 67
61 70
61 74
61 90
61 99
61 100
61 102
61 118
62 1
62 8
62 14
62 15
62 18
62 19
62 22
62 31
62 35
62 46
62 65
62 68
62 70
62 75
62 82
62 84
62 96
62 104
62 110
62 111
62 113
62 115
62 118
62 120
62 123
62 126
63 5
63 14
63 25
63 29
63 32
63 38
63 40
63 42
63 45
63 46
63 52
63 57
63 59
63 62
63 64
63 69
63 70
63 72
63 73
63 79
63 81
63 84
63 88
63 92
63 98
63 100
63 102
63 107
63 110
63 116
64 0
64 7
64 9
64 18
64 23
64 24
64 33
64 34
64 37
64 38
64 39
64 41
64 44
64 45
64 53
64 61
64 65
64 66
64 81
64 83
64 84
64 88
64 91
64 94
64 101
64 102
64 105
64 109
64 117
64 120
64 121
64 127
65 13
65 17
65 19
65 22
65 24
65 32
65 57
65 62
65 63
65 67
65 69
65 72
65 81
65 85
65 91
65 93
65 104
65 112
65 117
65 127
66 1
66 9
66 11
66 12
66 21
66 24
66 25
66 37
66 42
66 51
66 61
66 66
66 75
66 77
66 82
66 87
66 89
66 91
66 95
66 97
66 104
66 105
66 110
66 115
66 121
66 123
67 0
67 8
67 11
67 16
67 28
67 39
67 40
67 44
67 59
67 68
67 72
67 74
67 92
67 96
67 111
67 122
67 127
68 3
68 7
68 9
68 12
68 27
68 29
68 30
68 34
68 41
68 43
68 44
68 52
68 54
68 57
68 62
68 71
68 72
68 76
68 78
68 79
68 81
68 85
68 89
68 99
68 100
68 105
68 109
68 113
68 118
68 121
68 125
69 7
69 11
69 25
69 26
69 40
69 43
69 49
69 51
69 70
69 72
69 73
69 75
69 80
69 81
69 83
69 90
69 96
69 97
69 99
69 104
69 119
69 123
69 126
69 127
70 0
70 10
70 17
70 20
70 22
70 23
70 24
70 31
70 35
70 45
70 58
70 64
70 67
70 87
70 92
70 93
70 105
70 108
70 111
70 112
70 118
71 0
71 8
71 9
71 10
71 13
71 18
71 28
71 30
71 35
71 37
71 39
71 40
71 42
71 43
71 44
71 53
71 55
71 56
71 59
71 62
71 75
71 82
71 92
71 102
71 103
71 106
71 107
71 108
71 109
71 112
71 117
71 118
71 126
71 127
72 2
72 6
72 10
72 14
72 25
72 28
72 31
72 37
72 41
72 55
72 56
72 58
72 61
72 62
72 64
72 71
72 72
72 76
72 81
72 85
72 86
72 89
72 91
72 95
72 101
72 107
72 110
72 113
72 116
72 122
72 127
73 0
73 11
73 13
73 14
73 15
73 19
73 31
73 36
73 39
73 42
73 51
73 54
73 58
73 59
73 66
73 69
73 71
73 73
73 82
73 83
73 88
73 92
73 100
73 108
73 121
73 124
73 126
74 12
74 15
74 18
74 20
74 24
74 27
74 29
74 30
74 32
74 33
74 36
74 40
74 43
74 44
74 47
74 53
74 61
74 63
74 68
74 72
74 76
74 80
74 82
74 84
74 92
74 94
74 95
74 103
74 106
74 115
74 123
75 5
75 7
75 8
75 11
75 14
75 33
75 36
75 38
75 41
75 43
75 45
75 76
75 78
75 80
75 86
75 89
75 92
75 93
75 99
75 101
75 106
75 109
75 110
75 111
75 118
75 127
76 3
76 5
76 6
76 24
76 26
76 33
76 34
76 59
76 84
76 85
76 87
76 98
76 101
76 112
76 113
76 115
76 118
76 119
77 0
77 3
77 5
77 7
77 11
77 15
77 16
77 23
77 30
77 32
77 36
77 40
77 42
77 59
77 63
77 65
77 68
77 70
77 78
77 86
77 87
77 88
77 100
77 101
77 118
77 123
77 124
77 125
77 127
78 2
78 4
78 6
78 24
78 28
78 34
78 37
78 39
78 42
78 49
78 55
78 58
78 61
78 67
78 74
78 76
78 77
78 82
78 91
78 115
78 117
78 120
78 127
79 1
79 9
79 11
79 12
79 24
79 39
79 50
79 58
79 61
79 65
79 66
79 77
79 81
79 83
79 87
79 93
79 100
79 103
79 106
79 119
80 10
80 12
80 19
80 23
80 27
80 31
80 45
80 53
80 68
80 81
80 83
80 86
80 89
80 91
80 102
80 103
80 105
80 112
80 122
80 124
80 125
81 1
81 5
81 6
81 13
81 16
81 22
81 39
81 46
81 49
81 55
81 62
81 64
81 68
81 69
81 71
81 74
81 86
81 87
81 95
81 97
81 107
81 113
81 117
81 118
81 119
82 1
82 9
82 13
82 17
82 24
82 27
82 30
82 39
82 56
82 70
82 71
82 77
82 79
82 86
82 90
82 95
82 110
82 114
82 119
82 120
82 121
82 124
82 126
83 0
83 2
83 8
83 16
83 20
83 22
83 31
83 33
83 40
83 47
83 49
83 75
83 76
83 80
83 90
83 103
83 104
83 110
83 112
83 118
83 121
83 122
83 127
84 4
84 9
84 10
84 12
84 15
84 18
84 23
84 24
84 26
84 32
84 34
84 48
84 49
84 60
84 63
84 64
84 70
84 77
84 79
84 83
84 84
84 87
84 93
84 98
84 103
84 118
84 126
84 127
85 0
85 2
85 3
85 4
85 6
85 7
85 10
85 13
85 15
85 19
85 27
85 28
85 37
85 38
85 39
85 40
85 43
85 47
85 48
85 49
85 56
85 59
85 62
85 70
85 76
85 77
85 80
85 87
85 89
85 98
85 110
85 111
85 114
85 120
85 127
86 5
86 14
86 25
86 44
86 51
86 58
86 60
86 62
86 69
86 70
86 102
86 108
86 113
86 120
86 121
86 123
86 125
87 4
87 5
87 8
87 21
87 30
87 40
87 45
87 50
87 56
87 61
87 69
87 74
87 76
87 79
87 90
87 97
87 98
87 106
87 108
87 112
87 116
87 126
88 2
88 3
88 5
88 11
88 20
88 38
88 39
88 52
88 54
88 55
88 57
88 63
88 68
88 73
88 74
88 76
88 78
88 79
88 83
88 85
88 119
88 121
88 122
88 126
89 5
89 6
89 13
89 21
89 23
89 43
89 50
89 51
89 60
89 61
89 62
89 65
89 70
89 75
89 77
89 84
89 85
89 95
89 96
89 101
89 107
89 109
89 114
89 117
90 0
90 6
90 9
90 11
90 14
90 18
90 21
90 23
90 31
90 33
90 35
90 36
90 39
90 43
90 54
90 59
90 64
90 67
90 68
90 75
90 83
90 84
90 88
90 90
90 95
90 103
90 110
90 118
91 0
91 3
91 10
91 16
91 17
91 46
91 50
91 51
91 54
91 58
91 64
91 65
91 72
91 75
91 77
91 78
91 81
91 92
91 99
91 102
91 103
91 111
91 114
91 118
92 0
92 2
92 13
92 23
92 24
92 26
92 38
92 50
92 53
92 66
92 67
92 72
92 73
92 77
92 85
92 110
92 119
92 125
92 126
93 0
93 4
93 5
93 13
93 18
93 20
93 22
93 29
93 36
93 50
93 53
93 57
93 58
93 70
93 73
93 74
93 75
93 78
93 94
93 96
93 103
93 104
93 115
93 121
93 122
93 126
94 2
94 9
94 12
94 15
94 19
94 20
94 24
94 34
94 44
94 51
94 57
94 74
94 76
94 77
94 79
94 86
94 87
94 90
94 98
94 101
94 111
94 120
94 123
95 3
95 6
95 10
95 13
95 14
95 16
95 17
95 18
95 26
95 29
95 30
95 32
95 38
95 42
95 43
95 46
95 48
95 49
95 50
95 59
95 67
95 70
95 71
95 75
95 84
95 88
95 90
95 96
95 104
95 107
95 116
95 124
96 1
96 6
96 12
96 21
96 24
96 29
96 31
96 36
96 39
96 48
96 56
96 57
96 69
96 87
96 91
96 93
96 96
96 99
96 103
96 110
96 114
96 116
96 120
96 122
96 125
96 126
97 10
97 12
97 16
97 37
97 40
97 51
97 55
97 76
97 77
97 89
97 95
97 96
97 102
97 105
97 106
97 109
97 114
97 115
97 119
97 122
97 125
98 8
98 13
98 26
98 28
98 33
98 36
98 49
98 54
98 55
98 70
98 82
98 87
98 88
98 92
98 96
98 105
98 106
98 107
98 109
98 110
98 119
98 123
99 3
99 9
99 16
99 17
99 18
99 19
99 23
99 24
99 28
99 35
99 36
99 44
99 47
99 48
99 53
99 58
99 60
99 64
99 71
99 74
99 102
99 104
99 109
99 117
100 1
100 9
100 12
100 13
100 21
100 25
100 29
100 33
100 35
100 36
100 40
100 45
100 50
100 52
100 53
100 66
100 73
100 74
100 75
100 81
100 83
100 88
100 89
100 90
100 93
100 99
100 101
100 104
100 110
100 121
101 1
101 19
101 24
101 32
101 43
101 45
101 50
101 58
101 61
101 69
101 75
101 81
101 85
101 91
101 94
101 103
101 106
101 120
101 127
102 4
102 5
102 10
102 11
102 19
102 24
102 25
102 26
102 37
102 45
102 46
102 52
102 56
102 66
102 69
102 73
102 79
102 82
102 90
102 94
102 104
102 105
102 108
102 110
102 112
102 113
102 118
102 119
102 120
102 121
102 126
103 0
103 4
103 10
103 11
103 12
103 16
103 32
103 37
103 46
103 50
103 53
103 68
103 70
103 71
103 83
103 91
103 97
103 100
103 116
103 118
103 124
104 5
104 6
104 12
104 14
104 18
104 19
104 22
104 24
104 39
104 41
104 48
104 57
104 66
104 74
104 81
104 82
104 89
104 90
104 93
104 100
104 105
104 107
104 114
104 119
104 120
105 12
105 15
105 17
105 21
105 25
105 27
105 30
105 34
105 41
105 50
105 51
105 57
105 60
105 63
105 67
105 77
105 79
105 81
105 85
105 87
105 89
105 91
105 93
105 98
105 103
105 104
105 107
105 110
105 114
105 116
105 119
105 127
106 1
106 2
106 4
106 5
106 20
106 21
106 51
106 53
106 60
106 70
106 71
106 75
106 78
106 81
106 92
106 107
106 117
106 118
106 119
106 123
106 125
107 3
107 4
107 6
107 9
107 17
107 22
107 29
107 31
107 33
107 35
107 39
107 42
107 43
107 44
107 55
107 61
107 63
107 64
107 67
107 73
107 74
107 104
107 106
107 116
107 122
107 125
108 3
108 11
108 13
108 15
108 19
108 24
108 29
108 32
108 33
108 39
108 42
108 44
108 48
108 49
108 68
108 70
108 85
108 90
108 91
108 94
108 105
108 107
108 108
108 109
108 112
108 113
109 6
109 10
109 14
109 19
109 22
109 26
109 33
109 37
109 38
109 40
109 49
109 59
109 70
109 71
109 76
109 85
109 89
109 96
109 97
109 100
109 101
109 102
109 111
109 116
109 120
109 127
110 0
110 3
110 4
110 6
110 10
110 17
110 22
110 23
110 28
110 29
110 33
110 35
110 37
110 43
110 46
110 52
110 53
110 54
110 59
110 70
110 86
110 92
110 100
110 101
110 102
110 104
110 113
110 116
111 0
111 8
111 19
111 21
111 45
111 50
111 51
111 57
111 58
111 61
111 66
111 67
111 81
111 87
111 94
111 97
111 99
111 102
111 103
111 105
111 106
111 108
111 119
111 120
111 122
111 125
112 1
112 6
112 20
112 21
112 23
112 32
112 33
112 49
112 55
112 57
112 58
112 59
112 67
112 69
112 76
112 80
112 82
112 85
112 86
112 91
112 93
112 101
112 104
112 106
112 116
112 122
112 124
113 10
113 18
113 38
113 41
113 47
113 54
113 67
113 75
113 93
113 106
113 114
113 116
113 120
113 121
114 1
114 5
114 11
114 29
114 31
114 34
114 39
114 46
114 47
114 54
114 61
114 64
114 67
114 69
114 70
114 77
114 81
114 94
114 95
114 96
114 107
114 108
114 112
114 114
114 115
114 117
114 120
114 124
114 125
114 127
115 4
115 8
115 12
115 28
115 35
115 37
115 41
115 48
115 59
115 61
115 66
115 68
115 83
115 86
115 90
115 93
115 98
115 100
115 102
115 114
115 115
115 127
116 0
116 2
116 7
116 12
116 16
116 19
116 24
116 26
116 41
116 46
116 50
116 51
116 52
116 68
116 70
116 72
116 77
116 79
116 81
116 86
116 126
117 8
117 13
117 17
117 18
117 21
117 27
117 30
117 46
117 47
117 52
117 64
117 67
117 69
117 74
117 76
117 80
117 81
117 83
117 84
117 88
117 98
117 100
117 104
117 106
117 110
117 116
118 1
118 6
118 9
118 16
118 19
118 23
118 24
118 29
118 30
118 33
118 34
118 35
118 36
118 44
118 45
118 50
118 58
118 61
118 64
118 65
118 74
118 78
118 83
118 88
118 89
118 92
118 96
118 98
118 99
118 107
118 109
118 110
118 121
118 127
119 7
119 12
119 22
119 23
119 29
119 35
119 47
119 48
119 59
119 62
119 63
119 67
119 70
119 72
119 74
119 75
119 76
119 90
119 94
119 102
119 103
119 106
119 115
119 117
120 2
120 4
120 16
120 28
120 29
120 31
120 33
120 34
120 49
120 52
120 54
120 69
120 76
120 77
120 85
120 87
120 90
120 98
120 99
120 100
120 101
120 103
120 105
120 109
120 111
120 114
120 117
120 121
121 3
121 6
121 18
121 21
121 22
121 25
121 26
121 28
121 36
121 37
121 46
121 50
121 55
121 56
121 73
121 74
121 80
121 83
121 84
121 86
121 92
121 116
121 119
121 124
121 126
121 127
122 9
122 15
122 17
122 38
122 40
122 47
122 51
122 61
122 69
122 71
122 73
122 77
122 78
122 83
122 85
122 87
122 89
122 90
122 91
122 93
122 95
122 103
122 108
122 112
122 116
123 3
123 5
123 8
123 14
123 20
123 24
123 26
123 27
123 29
123 33
123 44
123 49
123 50
123 55
123 56
123 59
123 60
123 61
123 68
123 72
123 79
123 82
123 85
123 94
123 103
123 104
123 106
123 110
123 111
123 123
123 125
124 3
124 10
124 11
124 12
124 15
124 16
124 22
124 23
124 24
124 33
124 36
124 42
124 43
124 46
124 47
124 55
124 57
124 58
124 62
124 63
124 65
124 68
124 71
124 76
124 82
124 83
124 85
124 90
124 91
124 94
124 95
124 111
124 117
124 125
125 1
125 8
125 22
125 23
125 35
125 38
125 47
125 50
125 55
125 56
125 68
125 69
125 73
125 74
125 77
125 83
125 91
125 95
125 103
125 113
125 114
125 119
125 121
126 4
126 5
126 8
126 9
126 14
126 15
126 16
126 20
126 27
126 30
126 36
126 45
126 46
126 49
126 50
126 53
126 55
126 65
126 71
126 93
126 96
126 120
126 126
127 0
127 1
127 4
127 6
127 8
127 9
127 14
127 16
127 28
127 29
127 32
127 35
127 57
127 59
127 60
127 69
127 70
127 72
127 76
127 77
127 83
127 105
127 110
127 112
127 115
127 117
127 120
127 121
127 127
