0 1
0 2
0 3
0 6
0 17
0 18
0 20
0 26
0 28
0 29
0 30
0 36
0 44
0 45
0 49
0 57
0 60
0 61
0 67
0 68
0 69
0 71
0 81
0 82
0 87
0 89
0 94
0 95
0 99
0 102
0 109
0 112
0 115
1 1
1 11
1 15
1 18
1 20
1 21
1 27
1 33
1 37
1 38
1 46
1 47
1 50
1 70
1 77
1 78
1 79
1 87
1 90
1 91
1 94
1 102
1 108
1 110
1 111
1 121
1 125
2 4
2 9
2 17
2 22
2 25
2 28
2 29
2 31
2 36
2 46
2 48
2 60
2 74
2 75
2 77
2 78
2 82
2 87
2 89
2 94
2 99
2 100
2 106
2 107
2 117
3 2
3 9
3 11
3 17
3 20
3 21
3 24
3 45
3 46
3 48
3 49
3 52
3 54
3 56
3 58
3 67
3 70
3 79
3 80
3 81
3 86
3 93
3 100
3 101
3 104
3 106
3 108
3 110
3 115
3 119
3 122
4 2
4 21
4 22
4 29
4 33
4 36
4 45
4 51
4 52
4 56
4 61
4 65
4 67
4 70
4 75
4 79
4 85
4 91
4 92
4 94
4 102
4 114
4 115
5 1
5 12
5 15
5 26
5 31
5 32
5 37
5 47
5 48
5 51
5 55
5 65
5 70
5 73
5 75
5 80
5 90
5 91
5 95
5 98
5 119
5 121
6 1
6 2
6 3
6 12
6 14
6 18
6 20
6 21
6 23
6 25
6 26
6 47
6 49
6 52
6 64
6 71
6 74
6 76
6 79
6 81
6 82
6 92
6 96
6 98
6 99
6 101
6 107
6 115
6 118
6 122
7 3
7 6
7 18
7 19
7 21
7 28
7 31
7 35
7 40
7 46
7 52
7 55
7 63
7 67
7 72
7 74
7 77
7 83
7 89
7 92
7 93
7 94
7 95
7 97
7 105
7 106
7 114
7 115
7 116
7 127
8 0
8 3
8 4
8 6
8 9
8 14
8 16
8 20
8 24
8 30
8 32
8 35
8 36
8 41
8 44
8 52
8 53
8 60
8 69
8 77
8 81
8 85
8 88
8 95
8 96
8 98
8 99
8 102
8 107
8 111
8 119
8 126
8 127
9 2
9 12
9 17
9 18
9 22
9 25
9 27
9 28
9 29
9 40
9 42
9 44
9 46
9 60
9 62
9 64
9 66
9 78
9 79
9 86
9 96
9 103
9 113
9 127
10 9
10 14
10 18
10 32
10 39
10 42
10 45
10 56
10 59
10 60
10 62
10 67
10 68
10 71
10 74
10 78
10 83
10 85
10 92
10 106
10 112
10 118
10 121
11 2
11 4
11 13
11 18
11 32
11 35
11 37
11 45
11 48
11 54
11 69
11 71
11 72
11 76
11 77
11 78
11 87
11 89
11 108
11 109
11 113
12 2
12 6
12 18
12 24
12 26
12 28
12 30
12 36
12 37
12 39
12 42
12 45
12 48
12 52
12 62
12 65
12 67
12 74
12 77
12 81
12 83
12 84
12 88
12 92
12 94
12 99
12 100
12 103
12 110
12 114
12 121
13 2
13 4
13 11
13 14
13 17
13 18
13 22
13 23
13 34
13 49
13 50
13 51
13 52
13 53
13 58
13 84
13 88
13 89
13 102
13 105
13 112
13 119
13 124
13 127
14 0
14 2
14 4
14 15
14 16
14 18
14 33
14 34
14 35
14 40
14 42
14 44
14 48
14 56
14 60
14 77
14 78
14 96
14 105
15 0
15 3
15 5
15 7
15 19
15 21
15 23
15 29
15 30
15 42
15 43
15 46
15 48
15 59
15 62
15 65
15 72
15 82
15 83
15 86
15 87
15 91
15 92
15 117
15 120
15 122
15 124
16 12
16 13
16 18
16 22
16 27
16 28
16 32
16 35
16 44
16 55
16 56
16 57
16 63
16 68
16 69
16 73
16 77
16 84
16 91
16 103
16 104
16 115
16 119
16 121
16 123
16 125
16 126
16 127
17 2
17 4
17 22
17 36
17 44
17 49
17 55
17 58
17 61
17 69
17 70
17 87
17 94
17 95
17 98
17 103
17 104
17 107
17 110
17 117
17 123
18 1
18 3
18 10
18 12
18 20
18 22
18 27
18 31
18 33
18 42
18 45
18 46
18 47
18 51
18 68
18 69
18 70
18 75
18 77
18 79
18 80
18 82
18 85
18 87
18 89
18 92
18 96
18 101
18 104
18 106
18 112
18 113
18 115
18 121
18 125
19 1
19 5
19 12
19 15
19 31
19 36
19 42
19 46
19 47
19 48
19 51
19 54
19 59
19 62
19 68
19 75
19 76
19 77
19 84
19 93
19 97
19 100
19 101
19 108
19 119
19 120
20 0
20 3
20 14
20 23
20 25
20 28
20 37
20 38
20 56
20 57
20 60
20 68
20 70
20 71
20 78
20 86
20 90
20 91
20 97
20 111
20 112
20 113
20 117
20 118
20 123
20 125
21 0
21 9
21 17
21 21
21 24
21 26
21 30
21 37
21 44
21 45
21 51
21 56
21 64
21 69
21 75
21 84
21 85
21 93
21 96
21 100
21 105
21 106
21 114
21 117
21 118
21 124
22 2
22 5
22 6
22 7
22 16
22 18
22 30
22 35
22 40
22 41
22 46
22 50
22 55
22 57
22 58
22 62
22 66
22 81
22 83
22 92
22 97
22 102
22 103
22 104
22 107
22 115
22 126
23 3
23 4
23 8
23 16
23 19
23 21
23 25
23 28
23 39
23 44
23 53
23 56
23 58
23 68
23 69
23 75
23 84
23 85
23 86
23 90
23 100
23 119
23 120
24 4
24 9
24 11
24 16
24 20
24 22
24 25
24 36
24 39
24 49
24 52
24 64
24 67
24 68
24 77
24 90
24 92
24 95
24 97
24 102
24 108
24 112
24 116
25 8
25 11
25 12
25 14
25 17
25 32
25 35
25 36
25 37
25 41
25 52
25 56
25 57
25 62
25 66
25 67
25 70
25 75
25 88
25 97
25 100
25 102
25 104
25 107
25 108
25 110
25 112
25 125
25 127
26 4
26 13
26 25
26 26
26 27
26 29
26 36
26 51
26 52
26 56
26 60
26 63
26 68
26 75
26 80
26 89
26 92
26 107
26 124
27 6
27 8
27 9
27 14
27 17
27 28
27 32
27 34
27 37
27 46
27 50
27 54
27 61
27 69
27 77
27 81
27 90
27 92
27 95
27 105
27 109
27 111
27 114
27 120
28 12
28 22
28 32
28 36
28 42
28 47
28 55
28 57
28 60
28 61
28 71
28 80
28 83
28 84
28 90
28 93
28 103
28 108
28 113
28 116
28 118
28 122
28 123
29 8
29 16
29 17
29 22
29 26
29 38
29 39
29 42
29 47
29 48
29 52
29 53
29 54
29 55
29 59
29 61
29 63
29 67
29 79
29 82
29 87
29 91
29 92
29 93
29 97
29 99
29 124
30 4
30 9
30 13
30 22
30 23
30 34
30 37
30 40
30 48
30 49
30 53
30 62
30 64
30 70
30 72
30 85
30 86
30 94
30 98
30 102
30 103
30 105
30 122
31 0
31 6
31 9
31 15
31 17
31 19
31 23
31 41
31 43
31 45
31 46
31 50
31 51
31 54
31 57
31 61
31 62
31 63
31 66
31 67
31 69
31 78
31 87
31 93
31 95
31 99
31 100
31 101
31 104
31 105
31 106
31 112
31 116
31 119
31 127
32 1
32 8
32 17
32 19
32 24
32 25
32 26
32 29
32 35
32 36
32 49
32 56
32 65
32 79
32 81
32 82
32 85
32 92
32 100
32 107
32 110
32 119
32 123
33 7
33 9
33 13
33 14
33 26
33 28
33 33
33 67
33 75
33 104
33 110
34 22
34 30
34 35
34 37
34 40
34 44
34 48
34 51
34 53
34 54
34 56
34 60
34 61
34 79
34 81
34 87
34 90
34 95
34 97
34 101
34 102
34 104
34 106
34 108
34 109
34 116
34 118
34 123
34 124
34 125
34 127
35 11
35 14
35 28
35 29
35 34
35 40
35 41
35 48
35 56
35 64
35 65
35 81
35 82
35 92
35 104
35 109
35 115
35 116
35 118
35 124
36 1
36 2
36 14
36 18
36 28
36 54
36 55
36 57
36 69
36 70
36 83
36 92
36 93
36 94
36 96
36 99
36 100
36 101
36 110
36 113
36 121
37 4
37 9
37 24
37 26
37 29
37 54
37 58
37 68
37 70
37 71
37 78
37 80
37 92
37 106
37 112
37 113
37 120
37 127
38 0
38 3
38 4
38 8
38 16
38 31
38 38
38 45
38 57
38 58
38 66
38 68
38 72
38 73
38 91
38 95
38 110
38 111
38 112
38 116
38 122
38 123
38 124
38 125
39 1
39 7
39 9
39 11
39 12
39 25
39 35
39 51
39 59
39 66
39 67
39 68
39 71
39 76
39 77
39 78
39 80
39 87
39 101
39 107
39 108
39 109
39 113
39 120
40 5
40 7
40 12
40 19
40 23
40 28
40 32
40 33
40 34
40 39
40 44
40 46
40 53
40 58
40 61
40 71
40 76
40 80
40 83
40 86
40 98
40 99
40 100
40 103
40 108
40 116
40 118
40 127
41 0
41 1
41 8
41 10
41 12
41 35
41 36
41 45
41 48
41 49
41 58
41 59
41 61
41 65
41 66
41 82
41 83
41 95
41 100
41 107
41 110
41 114
41 115
41 117
41 118
41 119
41 123
42 0
42 4
42 7
42 14
42 15
42 26
42 33
42 52
42 75
42 77
42 79
42 82
42 97
42 100
42 114
42 115
43 0
43 3
43 8
43 17
43 20
43 22
43 36
43 38
43 41
43 43
43 44
43 45
43 50
43 58
43 60
43 63
43 70
43 76
43 87
43 94
43 99
43 101
43 102
43 103
43 117
43 119
43 121
43 126
43 127
44 8
44 27
44 30
44 36
44 38
44 48
44 49
44 52
44 56
44 60
44 61
44 65
44 66
44 67
44 74
44 82
44 86
44 91
44 98
44 102
44 103
44 106
44 112
44 115
44 122
45 4
45 24
45 34
45 42
45 45
45 48
45 51
45 53
45 59
45 66
45 83
45 88
45 97
45 112
45 115
45 120
45 127
46 0
46 23
46 29
46 39
46 45
46 48
46 51
46 53
46 57
46 58
46 62
46 63
46 64
46 70
46 75
46 77
46 80
46 90
46 110
46 111
46 113
46 119
46 123
46 126
47 7
47 9
47 24
47 29
47 41
47 46
47 48
47 55
47 56
47 57
47 63
47 66
47 67
47 69
47 76
47 81
47 86
47 92
47 95
47 99
47 108
47 111
47 114
47 115
47 116
48 0
48 1
48 2
48 7
48 10
48 12
48 13
48 20
48 24
48 26
48 37
48 40
48 42
48 43
48 51
48 54
48 60
48 66
48 72
48 76
48 82
48 86
48 88
48 91
48 93
48 94
48 105
48 112
48 117
48 120
48 127
49 3
49 7
49 12
49 14
49 20
49 27
49 30
49 32
49 33
49 40
49 46
49 50
49 52
49 58
49 62
49 63
49 71
49 81
49 87
49 91
49 94
49 97
49 99
49 117
49 120
49 125
49 127
50 5
50 6
50 9
50 21
50 26
50 29
50 36
50 40
50 41
50 45
50 53
50 57
50 59
50 65
50 68
50 71
50 72
50 74
50 80
50 84
50 85
50 86
50 94
50 100
50 106
50 108
50 115
50 118
50 120
50 124
50 126
51 0
51 6
51 15
51 27
51 34
51 38
51 45
51 47
51 50
51 53
51 60
51 63
51 66
51 76
51 79
51 84
51 87
51 91
51 92
51 98
51 100
51 103
51 112
51 120
51 123
51 126
52 28
52 35
52 50
52 51
52 53
52 63
52 72
52 74
52 79
52 88
52 90
52 91
52 94
52 97
52 106
52 107
52 120
52 121
52 124
53 8
53 9
53 15
53 22
53 27
53 38
53 43
53 59
53 62
53 63
53 64
53 73
53 78
53 81
53 82
53 92
53 98
53 105
53 110
53 116
53 118
53 119
53 124
53 125
54 1
54 10
54 21
54 24
54 27
54 29
54 35
54 38
54 40
54 42
54 44
54 52
54 57
54 61
54 63
54 66
54 81
54 85
54 88
54 89
54 90
54 104
54 105
54 113
54 115
54 116
54 122
54 125
55 6
55 8
55 10
55 12
55 13
55 24
55 26
55 28
55 29
55 30
55 33
55 34
55 39
55 41
55 50
55 51
55 56
55 57
55 75
55 80
55 83
55 84
55 86
55 87
55 92
55 94
55 98
55 100
55 102
55 104
55 107
55 115
55 119
55 122
55 123
56 3
56 15
56 19
56 20
56 26
56 35
56 37
56 38
56 53
56 54
56 59
56 61
56 80
56 82
56 98
56 102
56 104
56 105
56 108
56 112
56 123
56 125
56 126
56 127
57 1
57 2
57 5
57 16
57 18
57 19
57 26
57 27
57 31
57 32
57 37
57 42
57 45
57 47
57 50
57 51
57 52
57 55
57 73
57 74
57 77
57 78
57 83
57 96
57 97
57 107
57 109
57 111
57 112
57 115
57 117
57 120
57 123
57 127
58 9
58 10
58 11
58 15
58 16
58 20
58 26
58 31
58 36
58 44
58 59
58 60
58 69
58 71
58 74
58 80
58 87
58 95
58 106
58 109
58 110
58 112
58 114
58 125
58 126
59 1
59 3
59 6
59 10
59 12
59 13
59 17
59 37
59 39
59 42
59 52
59 65
59 81
59 95
59 102
59 113
59 122
59 127
60 0
60 1
60 2
60 22
60 24
60 27
60 33
60 36
60 39
60 42
60 43
60 52
60 55
60 67
60 69
60 79
60 87
60 98
60 105
60 106
60 111
60 116
60 119
60 120
60 121
60 124
60 126
61 0
61 4
61 7
61 14
61 23
61 24
61 26
61 29
61 30
61 31
61 34
61 35
61 36
61 40
61 42
61 45
61 47
61 60
61 72
61 79
61 83
61 91
61 93
61 94
61 96
61 102
61 107
61 115
61 126
62 1
62 4
62 6
62 7
62 16
62 19
62 21
62 22
62 23
62 36
62 37
62 40
62 43
62 45
62 48
62 52
62 58
62 65
62 75
62 77
62 79
62 86
62 92
62 93
62 100
62 109
62 113
62 114
62 121
62 126
63 5
63 6
63 7
63 8
63 20
63 27
63 31
63 33
63 37
63 43
63 54
63 58
63 62
63 78
63 80
63 89
63 96
63 98
63 102
63 104
63 107
63 113
63 114
63 115
64 1
64 3
64 9
64 16
64 17
64 21
64 23
64 28
64 29
64 33
64 35
64 36
64 37
64 42
64 45
64 47
64 48
64 58
64 62
64 68
64 72
64 74
64 91
64 93
64 102
64 104
64 108
64 112
64 114
64 115
64 117
64 119
65 0
65 6
65 7
65 9
65 10
65 25
65 26
65 29
65 30
65 36
65 41
65 48
65 49
65 51
65 59
65 61
65 62
65 70
65 72
65 74
65 76
65 78
65 84
65 86
65 87
65 92
65 98
65 100
65 104
65 113
65 123
65 124
66 1
66 12
66 13
66 18
66 19
66 27
66 30
66 35
66 41
66 43
66 44
66 45
66 46
66 49
66 57
66 65
66 70
66 72
66 74
66 87
66 91
66 94
66 96
66 98
66 99
66 101
66 105
66 124
66 126
66 127
67 2
67 6
67 10
67 11
67 19
67 22
67 24
67 33
67 42
67 47
67 53
67 56
67 75
67 78
67 82
67 84
67 96
67 110
67 111
67 113
67 115
67 118
67 123
67 125
68 7
68 15
68 18
68 21
68 22
68 25
68 31
68 40
68 41
68 49
68 50
68 57
68 59
68 71
68 77
68 79
68 84
68 87
68 89
68 93
68 96
68 104
68 105
68 106
68 115
68 121
69 0
69 4
69 11
69 26
69 28
69 30
69 44
69 55
69 57
69 61
69 63
69 73
69 87
69 89
69 90
69 98
69 105
69 108
69 109
69 113
69 115
69 116
69 120
69 125
69 127
70 7
70 9
70 10
70 15
70 17
70 20
70 24
70 26
70 34
70 45
70 56
70 58
70 62
70 67
70 71
70 84
70 87
70 96
70 101
70 105
70 109
70 113
70 117
70 121
70 123
71 0
71 14
71 16
71 23
71 32
71 35
71 37
71 39
71 44
71 45
71 49
71 51
71 57
71 58
71 61
71 62
71 66
71 67
71 70
71 76
71 81
71 90
71 95
71 98
71 100
71 104
71 119
72 13
72 15
72 19
72 26
72 28
72 36
72 48
72 68
72 75
72 76
72 78
72 80
72 85
72 86
72 88
72 93
72 96
72 100
72 104
72 110
72 114
72 115
72 125
72 126
72 127
73 0
73 2
73 8
73 14
73 15
73 22
73 24
73 41
73 43
73 44
73 48
73 51
73 52
73 61
73 65
73 71
73 73
73 77
73 85
73 89
73 96
73 100
73 106
73 114
74 0
74 6
74 21
74 24
74 33
74 38
74 41
74 47
74 56
74 60
74 66
74 68
74 74
74 76
74 77
74 78
74 89
74 95
74 97
74 100
74 101
74 104
74 105
74 109
74 111
74 112
74 118
74 119
74 120
74 124
74 125
74 126
74 127
75 4
75 8
75 19
75 26
75 34
75 35
75 45
75 50
75 60
75 73
75 83
75 87
75 90
75 94
75 98
75 103
75 105
75 107
75 117
75 122
76 2
76 5
76 10
76 21
76 24
76 25
76 28
76 29
76 30
76 31
76 32
76 33
76 38
76 40
76 45
76 47
76 62
76 69
76 73
76 82
76 84
76 88
76 91
76 99
76 100
76 102
76 112
76 113
76 115
76 116
76 118
76 125
77 7
77 11
77 17
77 20
77 24
77 27
77 34
77 46
77 52
77 56
77 57
77 58
77 59
77 61
77 62
77 65
77 67
77 72
77 80
77 86
77 87
77 91
77 92
77 95
77 110
77 126
78 2
78 3
78 10
78 22
78 23
78 26
78 28
78 29
78 31
78 32
78 41
78 43
78 47
78 50
78 55
78 58
78 60
78 64
78 65
78 67
78 68
78 69
78 72
78 91
78 94
78 99
78 104
78 106
78 115
78 123
79 17
79 19
79 21
79 23
79 32
79 37
79 38
79 44
79 46
79 48
79 50
79 53
79 55
79 58
79 70
79 72
79 73
79 80
79 82
79 94
79 95
79 101
79 105
79 106
79 110
79 112
79 114
79 117
79 125
79 127
80 8
80 12
80 14
80 17
80 22
80 23
80 24
80 29
80 30
80 39
80 57
80 64
80 70
80 72
80 90
80 91
80 93
80 96
80 105
80 106
80 110
80 111
80 117
80 120
80 123
81 6
81 15
81 21
81 24
81 31
81 32
81 34
81 37
81 44
81 45
81 51
81 58
81 62
81 63
81 65
81 71
81 75
81 81
81 103
81 116
81 127
82 5
82 8
82 13
82 14
82 19
82 24
82 32
82 38
82 41
82 47
82 50
82 56
82 59
82 70
82 71
82 78
82 79
82 81
82 87
82 90
82 91
82 96
82 97
82 99
82 106
82 108
82 109
82 111
82 114
82 115
82 125
82 127
83 0
83 4
83 20
83 24
83 30
83 35
83 36
83 37
83 51
83 52
83 57
83 62
83 66
83 68
83 83
83 84
83 89
83 98
83 100
83 106
83 107
83 112
83 122
84 8
84 9
84 11
84 14
84 20
84 35
84 41
84 44
84 49
84 51
84 52
84 66
84 83
84 84
84 90
84 92
84 99
84 105
84 110
84 116
84 117
84 121
85 7
85 15
85 23
85 30
85 32
85 33
85 36
85 37
85 38
85 43
85 49
85 56
85 77
85 79
85 82
85 83
85 87
85 88
85 90
85 93
85 99
85 112
85 114
85 122
85 123
85 124
85 125
86 0
86 12
86 13
86 14
86 17
86 19
86 24
86 26
86 30
86 33
86 51
86 59
86 61
86 69
86 71
86 75
86 89
86 91
86 94
86 100
86 105
86 110
86 112
86 114
86 118
87 3
87 4
87 5
87 24
87 34
87 39
87 42
87 51
87 52
87 53
87 54
87 58
87 61
87 64
87 68
87 69
87 71
87 80
87 83
87 93
87 95
87 103
87 116
87 117
87 121
87 127
88 13
88 24
88 35
88 38
88 40
88 43
88 46
88 48
88 52
88 53
88 71
88 79
88 80
88 87
88 111
88 112
88 113
88 116
88 118
88 119
88 122
88 125
89 3
89 4
89 7
89 18
89 22
89 23
89 27
89 34
89 36
89 39
89 47
89 49
89 51
89 58
89 64
89 71
89 74
89 82
89 85
89 89
89 91
89 93
89 105
89 108
89 117
89 121
89 124
89 127
90 3
90 5
90 6
90 9
90 10
90 11
90 19
90 21
90 25
90 28
90 39
90 44
90 67
90 68
90 70
90 73
90 75
90 87
90 88
90 89
90 91
90 106
90 108
90 120
91 1
91 8
91 13
91 14
91 20
91 21
91 34
91 40
91 43
91 44
91 47
91 50
91 57
91 58
91 60
91 65
91 79
91 84
91 92
91 96
91 97
91 100
91 101
91 106
91 107
91 111
91 112
91 113
91 116
91 117
91 118
91 120
92 7
92 13
92 15
92 19
92 21
92 22
92 40
92 46
92 48
92 50
92 59
92 61
92 63
92 67
92 70
92 78
92 79
92 80
92 83
92 84
92 85
92 90
92 93
92 96
92 102
92 107
92 109
92 110
92 112
92 126
93 1
93 2
93 4
93 15
93 24
93 26
93 35
93 38
93 50
93 54
93 71
93 74
93 75
93 76
93 77
93 86
93 87
93 99
93 102
93 103
93 106
93 111
93 114
93 117
93 124
94 7
94 18
94 22
94 25
94 33
94 35
94 37
94 62
94 63
94 65
94 78
94 79
94 81
94 82
94 85
94 89
94 98
94 101
94 103
94 109
94 112
94 114
94 120
94 121
94 123
95 1
95 2
95 4
95 5
95 7
95 10
95 19
95 23
95 24
95 33
95 37
95 39
95 41
95 44
95 66
95 70
95 85
95 89
95 95
95 96
95 99
95 104
95 118
95 120
95 123
96 1
96 2
96 4
96 16
96 34
96 40
96 60
96 65
96 66
96 76
96 80
96 83
96 96
96 104
96 110
96 120
96 121
96 123
97 4
97 6
97 8
97 14
97 22
97 29
97 55
97 57
97 60
97 62
97 69
97 77
97 89
97 92
97 98
97 105
97 106
97 116
97 121
97 122
97 125
98 0
98 8
98 10
98 16
98 20
98 28
98 35
98 46
98 48
98 50
98 51
98 53
98 57
98 59
98 62
98 63
98 66
98 72
98 74
98 79
98 82
98 87
98 94
98 104
98 106
99 3
99 10
99 12
99 28
99 41
99 45
99 52
99 58
99 60
99 63
99 70
99 73
99 75
99 78
99 83
99 88
99 92
99 96
99 98
99 107
99 117
99 124
99 125
99 126
100 11
100 14
100 20
100 29
100 33
100 40
100 42
100 43
100 47
100 57
100 72
100 74
100 83
100 84
100 85
100 88
100 89
100 95
100 102
100 104
100 107
100 124
100 127
101 2
101 7
101 16
101 17
101 19
101 21
101 33
101 35
101 40
101 46
101 53
101 66
101 76
101 82
101 87
101 90
101 92
101 98
101 103
101 105
101 106
101 116
101 124
101 125
101 127
102 2
102 15
102 19
102 21
102 25
102 26
102 27
102 30
102 35
102 38
102 59
102 69
102 72
102 73
102 79
102 83
102 85
102 92
102 99
102 100
102 102
102 106
102 114
102 115
102 118
102 122
103 0
103 7
103 8
103 9
103 19
103 20
103 29
103 31
103 33
103 41
103 44
103 53
103 64
103 66
103 69
103 80
103 84
103 87
103 91
103 92
103 95
103 114
103 120
104 7
104 11
104 12
104 14
104 17
104 20
104 34
104 38
104 43
104 44
104 51
104 53
104 67
104 73
104 76
104 81
104 95
104 100
104 112
104 121
105 0
105 5
105 11
105 23
105 26
105 30
105 35
105 42
105 48
105 49
105 52
105 55
105 58
105 59
105 64
105 65
105 67
105 69
105 70
105 77
105 86
105 91
105 95
105 96
105 97
105 111
105 116
105 119
105 120
105 121
105 123
105 124
106 14
106 18
106 19
106 21
106 36
106 39
106 50
106 51
106 54
106 59
106 66
106 68
106 69
106 79
106 80
106 85
106 98
106 104
106 110
106 117
106 122
106 123
106 125
106 126
107 3
107 7
107 9
107 14
107 15
107 16
107 17
107 19
107 21
107 22
107 23
107 29
107 33
107 47
107 64
107 71
107 73
107 83
107 85
107 88
107 96
107 100
107 106
107 110
107 119
107 122
107 124
107 127
108 26
108 28
108 29
108 33
108 34
108 43
108 48
108 49
108 50
108 56
108 57
108 61
108 62
108 70
108 73
108 86
108 88
108 97
108 101
108 104
108 106
108 123
108 124
109 0
109 7
109 12
109 17
109 20
109 22
109 24
109 28
109 30
109 32
109 34
109 37
109 39
109 45
109 47
109 50
109 53
109 54
109 56
109 65
109 68
109 85
109 97
109 102
109 113
109 127
110 2
110 5
110 8
110 17
110 19
110 20
110 28
110 31
110 33
110 34
110 39
110 41
110 42
110 54
110 60
110 62
110 65
110 69
110 72
110 74
110 75
110 78
110 81
110 90
110 91
110 93
110 98
110 100
110 104
110 124
111 8
111 9
111 23
111 25
111 28
111 37
111 45
111 55
111 68
111 73
111 85
111 92
111 97
111 100
111 107
111 109
111 111
111 121
111 127
112 5
112 6
112 9
112 15
112 16
112 20
112 32
112 40
112 43
112 45
112 55
112 62
112 63
112 64
112 67
112 81
112 84
112 88
112 103
112 105
112 108
112 112
112 118
112 121
113 1
113 2
113 16
113 19
113 21
113 30
113 34
113 35
113 37
113 38
113 43
113 58
113 62
113 63
113 64
113 69
113 71
113 76
113 82
113 87
113 94
113 100
113 105
113 109
113 110
113 118
113 122
114 0
114 2
114 7
114 8
114 12
114 23
114 27
114 31
114 38
114 43
114 47
114 50
114 51
114 56
114 59
114 66
114 68
114 69
114 70
114 80
114 84
114 86
114 91
114 95
114 107
114 110
114 111
114 112
114 115
114 118
114 124
115 2
115 5
115 7
115 8
115 14
115 20
115 22
115 25
115 34
115 35
115 38
115 43
115 47
115 48
115 49
115 56
115 57
115 70
115 77
115 80
115 86
115 87
115 90
115 106
115 110
115 114
115 116
115 118
115 121
115 127
116 1
116 6
116 7
116 11
116 12
116 13
116 14
116 26
116 28
116 40
116 42
116 45
116 48
116 52
116 55
116 57
116 60
116 66
116 69
116 70
116 73
116 74
116 77
116 79
116 86
116 92
116 96
116 99
116 101
116 103
116 105
116 111
116 123
117 2
117 16
117 19
117 21
117 23
117 27
117 32
117 33
117 36
117 39
117 49
117 52
117 58
117 79
117 80
117 82
117 86
117 88
117 89
117 92
117 104
117 113
117 117
117 118
117 121
117 122
118 6
118 7
118 20
118 26
118 27
118 47
118 67
118 71
118 75
118 80
118 85
118 91
118 92
118 93
118 98
118 110
118 112
118 116
118 120
119 2
119 6
119 10
119 21
119 35
119 42
119 50
119 52
119 59
119 60
119 69
119 76
119 77
119 83
119 88
119 98
119 99
119 108
119 111
119 113
119 117
119 121
120 14
120 16
120 17
120 23
120 24
120 26
120 29
120 30
120 31
120 36
120 39
120 42
120 45
120 53
120 55
120 56
120 69
120 70
120 83
120 88
120 90
120 93
120 101
120 102
120 104
120 107
120 115
120 121
120 125
121 2
121 8
121 15
121 18
121 26
121 28
121 32
121 36
121 37
121 54
121 57
121 59
121 63
121 66
121 70
121 78
121 80
121 82
121 90
121 100
121 102
121 107
121 115
121 118
122 3
122 8
122 9
122 19
122 20
122 22
122 23
122 25
122 28
122 30
122 41
122 43
122 51
122 83
122 86
122 87
122 89
122 94
122 112
122 113
122 114
122 117
122 121
122 123
122 124
122 126
123 2
123 20
123 21
123 24
123 35
123 37
123 41
123 42
123 50
123 60
123 62
123 65
123 77
123 82
123 83
123 84
123 86
123 87
123 90
123 92
123 93
123 96
123 107
124 0
124 7
124 9
124 11
124 13
124 14
124 29
124 36
124 46
124 71
124 76
124 79
124 81
124 83
124 85
124 94
124 100
124 103
124 107
124 116
124 120
124 127
125 5
125 7
125 9
125 16
125 17
125 20
125 29
125 34
125 40
125 57
125 65
125 66
125 72
125 77
125 91
125 94
125 102
125 117
125 119
125 124
125 127
126 1
126 2
126 5
126 6
126 13
126 23
126 26
126 30
126 33
126 37
126 45
126 49
126 50
126 51
126 59
126 66
126 76
126 78
126 97
126 98
126 102
126 114
126 120
126 123
126 126
126 127
127 0
127 4
127 5
127 15
127 16
127 18
127 23
127 42
127 49
127 50
127 55
127 59
127 65
127 66
127 81
127 94
127 97
127 108
127 112
127 115
127 123
