0 1
0 15
0 16
0 18
0 20
0 21
0 31
0 37
0 38
0 45
0 53
0 64
0 69
0 72
0 74
0 80
0 99
0 100
0 108
0 112
0 120
1 27
1 30
1 51
1 59
1 62
1 70
1 73
1 81
1 85
1 87
1 88
1 90
1 91
1 92
1 100
1 125
1 127
2 0
2 14
2 16
2 17
2 20
2 24
2 27
2 28
2 29
2 35
2 39
2 42
2 43
2 49
2 68
2 69
2 76
2 81
2 83
2 100
2 105
2 110
2 123
3 5
3 6
3 7
3 17
3 23
3 24
3 34
3 41
3 61
3 63
3 67
3 80
3 88
3 96
3 116
3 125
4 10
4 14
4 17
4 19
4 20
4 23
4 35
4 37
4 43
4 44
4 61
4 71
4 78
4 79
4 81
4 83
4 87
4 89
4 98
4 105
4 108
4 110
4 113
4 119
5 4
5 5
5 19
5 28
5 35
5 42
5 57
5 68
5 70
5 72
5 76
5 81
5 101
5 104
5 105
5 106
5 124
6 2
6 7
6 24
6 30
6 48
6 49
6 78
6 87
6 117
7 5
7 10
7 12
7 17
7 18
7 31
7 58
7 59
7 65
7 69
7 86
7 95
7 97
7 107
7 116
8 2
8 10
8 16
8 20
8 29
8 33
8 44
8 45
8 53
8 55
8 61
8 64
8 65
8 69
8 74
8 79
8 84
8 94
8 97
8 108
8 112
9 4
9 10
9 15
9 22
9 48
9 50
9 57
9 70
9 75
9 77
9 78
9 79
9 94
9 97
9 98
9 109
9 110
9 117
9 120
9 126
10 6
10 12
10 13
10 17
10 21
10 25
10 29
10 36
10 52
10 54
10 61
10 75
10 80
10 82
10 105
10 114
11 3
11 6
11 14
11 15
11 26
11 30
11 44
11 47
11 49
11 64
11 65
11 69
11 70
11 80
11 97
11 99
11 100
11 121
11 127
12 8
12 12
12 40
12 45
12 48
12 58
12 60
12 61
12 70
12 74
12 81
12 89
12 93
12 94
12 95
12 96
12 100
12 111
12 112
12 115
12 118
12 122
13 9
13 11
13 16
13 23
13 24
13 25
13 28
13 34
13 43
13 47
13 50
13 60
13 69
13 74
13 75
13 89
13 97
13 98
13 100
13 102
13 105
13 108
13 111
13 116
13 127
14 8
14 30
14 49
14 51
14 61
14 63
14 79
14 81
14 101
14 103
14 121
14 122
15 0
15 3
15 19
15 26
15 28
15 33
15 39
15 56
15 61
15 63
15 64
15 72
15 78
15 79
15 81
15 86
15 93
15 101
16 1
16 14
16 17
16 21
16 24
16 28
16 33
16 42
16 45
16 46
16 51
16 54
16 56
16 63
16 65
16 78
16 89
16 90
16 92
16 94
16 102
16 106
16 112
16 116
17 14
17 21
17 30
17 33
17 42
17 50
17 59
17 65
17 74
17 76
17 81
17 89
17 115
17 123
17 125
18 0
18 1
18 19
18 22
18 26
18 29
18 40
18 45
18 50
18 63
18 70
18 72
18 75
18 79
18 92
18 100
18 104
18 107
18 109
18 111
18 127
19 10
19 14
19 16
19 19
19 27
19 38
19 42
19 43
19 44
19 46
19 65
19 83
19 84
19 90
19 93
19 100
19 102
19 113
19 119
19 123
20 0
20 3
20 11
20 21
20 26
20 29
20 35
20 40
20 49
20 69
20 76
20 80
20 87
20 88
20 89
20 91
20 95
20 106
20 110
20 120
20 121
20 122
21 7
21 30
21 35
21 43
21 60
21 62
21 66
21 67
21 69
21 70
21 72
21 79
21 84
21 103
21 111
21 120
21 122
21 123
22 0
22 3
22 4
22 17
22 18
22 22
22 40
22 45
22 54
22 58
22 81
22 83
22 85
22 86
22 96
22 110
22 112
22 113
22 125
23 14
23 15
23 26
23 42
23 49
23 57
23 62
23 63
23 65
23 66
23 68
23 78
23 90
23 99
23 100
23 106
23 112
23 117
23 120
23 126
24 0
24 2
24 3
24 10
24 17
24 24
24 30
24 37
24 39
24 50
24 51
24 53
24 54
24 69
24 79
24 83
24 91
24 96
24 102
24 105
24 106
24 109
24 113
24 118
24 120
24 124
25 13
25 19
25 28
25 36
25 45
25 47
25 51
25 63
25 71
25 87
25 98
25 99
25 100
25 102
26 1
26 19
26 32
26 50
26 64
26 82
26 90
26 98
26 102
26 106
26 115
26 120
26 122
27 3
27 11
27 18
27 19
27 28
27 32
27 43
27 61
27 62
27 71
27 81
27 82
27 97
27 98
27 100
27 103
27 104
27 105
27 112
27 113
27 122
27 126
27 127
28 0
28 1
28 8
28 11
28 17
28 20
28 23
28 25
28 32
28 33
28 37
28 38
28 40
28 47
28 56
28 60
28 63
28 77
28 81
28 95
28 103
28 104
28 106
28 108
28 109
28 115
28 122
29 1
29 7
29 9
29 23
29 33
29 37
29 43
29 45
29 46
29 48
29 49
29 50
29 55
29 59
29 62
29 78
29 80
29 83
29 89
29 97
29 100
29 104
29 105
29 110
29 117
30 0
30 2
30 11
30 13
30 19
30 25
30 36
30 39
30 42
30 45
30 46
30 49
30 59
30 63
30 73
30 74
30 100
30 107
30 119
30 122
31 14
31 23
31 27
31 31
31 36
31 40
31 55
31 75
31 76
31 82
31 83
31 86
31 96
31 98
31 110
31 126
32 1
32 9
32 13
32 14
32 20
32 23
32 26
32 48
32 51
32 55
32 56
32 69
32 78
32 95
32 127
33 1
33 5
33 6
33 12
33 13
33 15
33 19
33 50
33 52
33 57
33 67
33 74
33 78
33 86
33 96
33 97
33 98
33 112
33 121
33 125
34 2
34 3
34 10
34 18
34 20
34 22
34 25
34 30
34 39
34 48
34 66
34 70
34 95
34 98
34 108
34 110
34 123
35 9
35 11
35 29
35 54
35 67
35 73
35 84
35 94
35 95
35 98
35 104
35 112
36 4
36 6
36 27
36 31
36 37
36 40
36 42
36 50
36 52
36 60
36 61
36 70
36 74
36 78
36 90
36 91
36 101
36 114
36 115
36 116
36 117
36 127
37 0
37 15
37 17
37 21
37 40
37 51
37 54
37 55
37 58
37 59
37 60
37 69
37 82
37 89
37 106
37 120
37 121
37 125
38 1
38 14
38 15
38 21
38 27
38 32
38 37
38 38
38 55
38 58
38 60
38 63
38 75
38 86
38 104
38 111
39 0
39 1
39 5
39 12
39 16
39 19
39 26
39 31
39 32
39 33
39 40
39 43
39 45
39 49
39 50
39 52
39 71
39 83
39 88
39 93
39 115
39 121
39 126
40 2
40 9
40 23
40 24
40 34
40 48
40 53
40 60
40 61
40 75
40 81
40 83
40 86
40 87
40 91
40 95
40 96
40 103
40 107
40 108
40 111
40 116
40 118
40 121
41 9
41 15
41 21
41 35
41 36
41 43
41 49
41 58
41 61
41 84
41 90
41 95
41 110
41 116
41 120
42 5
42 15
42 18
42 25
42 46
42 55
42 67
42 79
42 87
42 89
42 111
42 112
42 117
43 4
43 7
43 12
43 15
43 23
43 27
43 29
43 45
43 47
43 52
43 56
43 57
43 74
43 77
43 81
43 87
43 89
43 91
43 97
43 109
43 111
43 115
43 117
44 0
44 7
44 14
44 23
44 25
44 28
44 32
44 37
44 40
44 53
44 56
44 67
44 72
44 73
44 75
44 77
44 79
44 82
44 85
44 90
44 91
44 94
44 100
44 107
44 108
44 116
45 14
45 23
45 26
45 32
45 40
45 44
45 48
45 66
45 83
45 86
45 111
45 112
46 1
46 2
46 5
46 15
46 23
46 35
46 39
46 54
46 56
46 63
46 68
46 76
46 79
46 80
46 104
46 109
46 110
46 122
46 126
46 127
47 4
47 5
47 6
47 13
47 21
47 24
47 27
47 31
47 35
47 37
47 39
47 40
47 46
47 50
47 57
47 60
47 67
47 72
47 79
47 82
47 84
47 95
47 98
47 104
47 109
47 116
47 118
47 121
47 127
48 7
48 10
48 14
48 30
48 34
48 38
48 46
48 50
48 58
48 63
48 80
48 85
48 86
48 98
48 100
48 111
48 114
48 120
48 125
48 126
49 5
49 7
49 12
49 22
49 34
49 46
49 50
49 51
49 58
49 72
49 78
49 84
49 105
49 110
49 117
49 124
49 125
50 8
50 17
50 18
50 20
50 23
50 26
50 29
50 51
50 55
50 60
50 64
50 68
50 74
50 84
50 90
50 103
50 119
50 124
51 0
51 17
51 22
51 39
51 57
51 61
51 67
51 70
51 71
51 72
51 77
51 86
51 93
51 104
51 114
51 115
51 121
51 124
52 4
52 24
52 26
52 28
52 32
52 37
52 38
52 55
52 66
52 73
52 75
52 80
52 86
52 96
52 98
52 101
52 105
52 106
52 115
52 123
52 124
53 2
53 4
53 5
53 18
53 19
53 26
53 34
53 42
53 44
53 46
53 56
53 57
53 60
53 61
53 69
53 71
53 93
53 97
53 100
53 101
53 110
53 119
53 120
53 121
54 3
54 7
54 8
54 10
54 12
54 14
54 17
54 21
54 26
54 46
54 47
54 54
54 59
54 60
54 80
54 89
54 104
54 105
54 109
54 120
54 126
55 2
55 12
55 13
55 32
55 34
55 38
55 39
55 61
55 67
55 73
55 77
55 85
55 92
55 105
55 107
55 113
55 116
55 119
56 0
56 1
56 5
56 7
56 21
56 24
56 35
56 37
56 40
56 43
56 45
56 46
56 52
56 56
56 58
56 61
56 64
56 66
56 70
56 71
56 87
56 88
56 89
56 90
56 98
56 103
56 120
56 122
56 124
57 15
57 21
57 22
57 32
57 34
57 41
57 43
57 51
57 54
57 63
57 65
57 75
57 79
57 81
57 86
57 104
57 105
57 106
57 107
57 112
57 113
57 127
58 6
58 33
58 44
58 46
58 60
58 62
58 63
58 68
58 75
58 82
58 88
58 103
58 104
58 105
58 122
59 3
59 7
59 9
59 11
59 29
59 46
59 54
59 56
59 62
59 65
59 66
59 79
59 93
59 98
59 103
59 112
59 118
59 125
60 4
60 12
60 16
60 21
60 22
60 26
60 27
60 46
60 57
60 68
60 69
60 72
60 73
60 74
60 78
60 83
60 97
60 100
60 106
60 122
60 126
61 11
61 19
61 28
61 34
61 38
61 42
61 54
61 57
61 59
61 61
61 64
61 76
61 82
61 90
61 93
61 96
61 99
61 104
61 114
61 121
61 122
62 5
62 6
62 8
62 9
62 13
62 14
62 16
62 20
62 27
62 38
62 47
62 53
62 57
62 59
62 67
62 83
62 88
62 96
62 103
62 105
62 119
62 121
63 11
63 20
63 34
63 48
63 49
63 60
63 61
63 68
63 70
63 87
63 88
63 90
63 109
63 116
63 119
64 0
64 5
64 14
64 21
64 31
64 36
64 57
64 59
64 71
64 88
64 90
64 93
64 97
64 101
64 104
64 105
64 123
64 125
65 1
65 8
65 11
65 19
65 23
65 32
65 37
65 47
65 48
65 57
65 80
65 92
65 96
65 103
65 108
65 114
66 5
66 13
66 17
66 20
66 23
66 29
66 32
66 40
66 70
66 89
66 114
66 116
66 121
67 2
67 6
67 10
67 11
67 21
67 23
67 31
67 32
67 38
67 48
67 53
67 55
67 70
67 72
67 103
67 108
67 119
68 1
68 7
68 12
68 23
68 37
68 55
68 58
68 65
68 75
68 79
68 87
68 95
68 97
68 101
68 104
68 116
68 117
68 119
68 125
69 14
69 27
69 30
69 34
69 35
69 56
69 66
69 85
69 102
69 104
69 105
69 113
69 117
70 3
70 29
70 36
70 56
70 60
70 63
70 72
70 75
70 76
70 77
70 87
70 95
70 97
70 100
70 112
70 114
70 116
70 117
70 122
70 124
71 11
71 14
71 19
71 20
71 22
71 43
71 59
71 66
71 73
71 83
71 85
71 92
71 101
71 103
71 114
71 117
71 122
72 5
72 13
72 20
72 23
72 24
72 35
72 41
72 43
72 54
72 55
72 58
72 60
72 61
72 64
72 89
72 96
72 99
72 103
72 108
72 116
72 125
73 20
73 26
73 33
73 36
73 37
73 51
73 56
73 58
73 59
73 70
73 71
73 72
73 81
73 83
73 87
73 98
73 117
74 0
74 6
74 8
74 12
74 13
74 17
74 27
74 31
74 56
74 67
74 71
74 79
74 90
74 97
74 104
74 108
75 6
75 9
75 10
75 18
75 20
75 38
75 42
75 46
75 58
75 63
75 73
75 77
75 78
75 102
75 116
76 4
76 9
76 41
76 42
76 44
76 66
76 68
76 69
76 85
76 88
76 90
76 96
76 109
76 114
77 2
77 11
77 33
77 35
77 42
77 44
77 59
77 64
77 65
77 66
77 67
77 70
77 71
77 74
77 78
77 87
77 89
77 99
77 118
77 123
78 10
78 14
78 31
78 34
78 39
78 44
78 45
78 47
78 48
78 66
78 70
78 71
78 75
78 79
78 91
78 100
78 105
78 106
78 120
78 125
78 127
79 7
79 10
79 13
79 44
79 47
79 48
79 51
79 57
79 59
79 61
79 66
79 68
79 73
79 79
79 85
79 89
79 90
79 91
79 93
79 107
79 116
79 123
80 1
80 4
80 7
80 13
80 21
80 24
80 33
80 40
80 42
80 47
80 51
80 58
80 73
80 84
80 93
80 99
80 106
80 112
80 117
80 124
81 8
81 9
81 14
81 18
81 26
81 30
81 48
81 52
81 56
81 62
81 73
81 78
81 80
81 83
81 110
81 121
81 123
82 8
82 11
82 12
82 15
82 17
82 26
82 36
82 38
82 63
82 70
82 78
82 82
82 100
82 104
82 107
82 116
82 119
82 122
83 5
83 11
83 16
83 48
83 58
83 68
83 70
83 92
83 94
83 110
83 112
83 114
83 116
83 117
83 120
83 127
84 2
84 5
84 9
84 13
84 18
84 44
84 45
84 53
84 58
84 77
84 83
84 86
84 91
84 93
84 94
84 99
84 102
84 108
84 111
84 114
84 122
84 124
85 18
85 21
85 22
85 23
85 27
85 36
85 39
85 42
85 50
85 60
85 85
85 89
85 93
85 94
85 115
85 123
85 124
85 127
86 0
86 19
86 22
86 24
86 27
86 29
86 35
86 50
86 53
86 67
86 91
86 95
86 116
86 118
86 119
86 122
87 1
87 2
87 5
87 6
87 9
87 10
87 13
87 16
87 17
87 34
87 35
87 42
87 44
87 47
87 56
87 68
87 75
87 87
87 103
87 107
87 117
88 6
88 7
88 15
88 18
88 28
88 34
88 39
88 43
88 47
88 62
88 70
88 72
88 76
88 77
88 84
88 87
88 103
88 105
88 109
88 118
88 121
88 123
89 3
89 6
89 12
89 16
89 17
89 21
89 25
89 36
89 39
89 40
89 44
89 52
89 57
89 58
89 74
89 80
89 82
89 83
89 86
89 89
89 91
89 104
89 107
89 118
90 1
90 8
90 9
90 13
90 16
90 17
90 21
90 29
90 33
90 45
90 58
90 66
90 68
90 75
90 87
90 90
90 102
90 104
90 113
90 114
90 126
91 3
91 9
91 10
91 23
91 24
91 26
91 42
91 48
91 56
91 70
91 83
91 88
91 99
91 101
91 103
91 104
91 116
91 118
91 121
92 0
92 4
92 10
92 13
92 19
92 44
92 49
92 50
92 53
92 54
92 59
92 66
92 71
92 73
92 75
92 76
92 77
92 79
92 80
92 82
92 84
92 85
92 90
92 92
92 94
92 95
92 101
92 103
92 113
92 116
92 123
92 124
92 125
93 1
93 20
93 31
93 40
93 51
93 61
93 62
93 67
93 85
93 87
93 90
93 98
93 100
93 104
93 108
93 114
93 115
93 116
94 15
94 26
94 36
94 41
94 47
94 64
94 75
94 83
94 92
94 95
94 98
94 99
94 108
94 110
94 123
94 124
95 5
95 15
95 23
95 32
95 40
95 57
95 61
95 67
95 68
95 75
95 81
95 89
95 92
95 96
95 101
95 102
95 104
95 113
95 118
95 119
95 124
96 6
96 8
96 19
96 25
96 32
96 37
96 40
96 60
96 63
96 67
96 70
96 71
96 74
96 79
96 83
96 90
96 94
96 109
96 112
96 119
96 127
97 5
97 8
97 9
97 12
97 14
97 29
97 30
97 32
97 33
97 57
97 63
97 70
97 82
97 84
97 88
97 100
97 107
97 108
97 112
98 8
98 9
98 22
98 35
98 51
98 61
98 70
98 77
98 94
98 95
98 110
98 120
99 16
99 17
99 18
99 19
99 21
99 42
99 43
99 53
99 72
99 79
99 86
99 93
99 94
99 107
99 108
99 111
99 112
99 118
99 119
100 0
100 2
100 5
100 7
100 18
100 20
100 25
100 40
100 47
100 51
100 56
100 63
100 67
100 76
100 77
100 101
100 103
100 105
100 121
100 127
101 7
101 9
101 10
101 11
101 13
101 17
101 19
101 20
101 25
101 26
101 40
101 42
101 45
101 50
101 55
101 59
101 64
101 76
101 79
101 102
101 116
101 118
101 119
101 121
101 125
102 0
102 6
102 7
102 16
102 22
102 28
102 31
102 35
102 36
102 39
102 42
102 51
102 64
102 68
102 71
102 77
102 78
102 85
102 101
102 103
102 108
102 113
102 122
103 0
103 1
103 2
103 7
103 9
103 10
103 39
103 42
103 44
103 65
103 70
103 93
103 97
103 99
103 112
103 115
103 117
103 119
103 123
103 126
104 3
104 4
104 21
104 23
104 26
104 30
104 34
104 35
104 42
104 46
104 57
104 62
104 65
104 69
104 70
104 76
104 85
104 100
104 117
104 123
104 125
104 126
105 25
105 26
105 28
105 29
105 33
105 57
105 69
105 70
105 71
105 84
105 86
105 102
105 104
105 117
105 120
105 122
106 0
106 10
106 12
106 20
106 30
106 31
106 38
106 45
106 50
106 57
106 64
106 76
106 81
106 86
106 98
106 107
106 114
106 115
106 121
106 122
107 7
107 8
107 10
107 15
107 41
107 53
107 65
107 68
107 73
107 75
107 91
107 103
107 104
107 107
107 111
107 125
108 19
108 31
108 45
108 47
108 59
108 63
108 69
108 79
108 84
108 97
108 98
108 116
108 121
108 126
109 0
109 5
109 15
109 16
109 21
109 22
109 29
109 32
109 57
109 62
109 75
109 83
109 89
109 93
109 101
109 108
109 109
109 118
109 126
110 15
110 17
110 31
110 50
110 57
110 58
110 59
110 65
110 71
110 76
110 81
110 110
110 111
110 115
111 6
111 8
111 15
111 16
111 23
111 24
111 25
111 28
111 47
111 53
111 62
111 86
111 98
111 103
111 107
111 108
111 111
111 119
111 127
112 1
112 10
112 34
112 35
112 41
112 53
112 59
112 69
112 71
112 78
112 107
112 111
112 121
112 127
113 13
113 23
113 25
113 33
113 35
113 44
113 51
113 59
113 60
113 62
113 68
113 91
113 94
113 109
113 110
113 113
114 0
114 3
114 9
114 10
114 23
114 39
114 40
114 43
114 48
114 49
114 50
114 75
114 77
114 88
114 91
114 93
114 95
114 96
114 100
114 116
114 123
114 127
115 5
115 9
115 26
115 27
115 28
115 30
115 40
115 43
115 56
115 65
115 69
115 77
115 81
115 91
115 96
115 97
115 104
115 110
115 112
115 115
115 119
115 122
115 123
115 125
116 2
116 4
116 10
116 11
116 15
116 16
116 29
116 32
116 37
116 42
116 45
116 50
116 55
116 62
116 63
116 82
116 92
116 94
116 99
116 109
116 111
116 112
116 115
116 118
116 119
116 121
117 3
117 26
117 30
117 48
117 55
117 57
117 59
117 65
117 68
117 78
117 83
117 85
117 90
117 94
117 109
117 113
117 124
118 8
118 10
118 12
118 15
118 18
118 26
118 27
118 28
118 30
118 53
118 57
118 61
118 62
118 82
118 86
118 97
118 104
118 110
118 119
118 123
119 4
119 5
119 12
119 21
119 23
119 35
119 36
119 37
119 38
119 40
119 44
119 45
119 49
119 55
119 60
119 65
119 72
119 82
119 86
119 93
119 96
119 100
119 107
119 108
119 112
119 123
119 124
120 2
120 4
120 8
120 9
120 22
120 31
120 35
120 36
120 49
120 59
120 60
120 67
120 68
120 69
120 81
120 82
120 99
121 3
121 7
121 10
121 15
121 17
121 18
121 20
121 22
121 27
121 29
121 40
121 55
121 76
121 87
121 95
121 103
121 107
121 113
121 123
122 4
122 21
122 33
122 36
122 38
122 55
122 56
122 62
122 68
122 70
122 75
122 92
122 98
122 101
122 106
122 109
123 1
123 4
123 6
123 10
123 14
123 28
123 31
123 35
123 40
123 58
123 62
123 77
123 81
123 110
123 120
123 122
124 7
124 17
124 19
124 20
124 26
124 29
124 30
124 40
124 44
124 45
124 54
124 55
124 56
124 64
124 65
124 67
124 68
124 72
124 74
124 76
124 79
124 88
124 92
124 100
124 102
124 106
124 118
124 121
125 6
125 7
125 9
125 11
125 20
125 21
125 23
125 33
125 35
125 36
125 45
125 50
125 51
125 60
125 66
125 68
125 69
125 76
125 81
125 82
125 94
125 100
125 114
125 124
126 1
126 6
126 8
126 15
126 19
126 33
126 42
126 55
126 61
126 79
126 86
126 104
126 107
126 119
126 120
126 121
127 4
127 19
127 36
127 44
127 56
127 68
127 70
127 79
127 81
127 84
127 91
127 109
127 111
