0 23
0 72
4 78
5 4
5 63
6 24
6 86
6 118
7 25
12 95
13 110
15 23
16 4
16 65
17 116
21 10
21 109
22 81
23 7
24 3
26 51
26 64
28 55
28 114
29 83
31 66
35 13
36 22
36 36
37 48
38 84
40 29
42 122
43 53
43 90
44 33
47 19
47 62
47 105
48 115
50 52
51 62
51 102
52 61
54 13
55 103
56 60
57 11
58 74
59 38
59 54
59 71
61 102
62 2
65 60
65 74
68 90
68 103
69 87
70 119
72 32
73 71
73 124
74 104
74 122
75 95
76 69
76 103
77 34
78 26
80 24
81 12
82 55
84 77
84 89
84 108
87 85
88 0
88 61
89 15
89 77
93 71
98 94
98 96
100 13
100 25
100 56
100 107
101 117
103 4
106 24
107 5
107 17
107 51
109 120
113 61
114 6
119 38
125 84
126 63
