0 0
0 4
0 6
0 9
0 16
0 17
0 19
0 21
0 28
0 30
0 40
0 41
0 44
0 53
0 55
0 57
0 58
0 67
0 68
0 69
0 71
0 74
0 75
0 81
0 86
0 87
0 91
0 92
0 94
0 96
0 97
0 98
0 99
0 113
0 122
1 4
1 6
1 8
1 11
1 13
1 16
1 18
1 22
1 25
1 27
1 28
1 31
1 36
1 37
1 41
1 44
1 49
1 54
1 59
1 61
1 62
1 66
1 67
1 69
1 70
1 72
1 74
1 79
1 83
1 84
1 88
1 93
1 104
1 108
1 109
1 117
1 120
1 123
1 127
2 0
2 4
2 5
2 6
2 10
2 15
2 18
2 19
2 20
2 31
2 33
2 35
2 37
2 38
2 39
2 40
2 45
2 46
2 51
2 52
2 59
2 64
2 68
2 71
2 73
2 75
2 78
2 80
2 82
2 83
2 84
2 88
2 91
2 93
2 101
2 103
2 111
2 114
2 116
2 121
2 124
2 127
3 1
3 2
3 3
3 9
3 13
3 14
3 15
3 22
3 23
3 24
3 35
3 39
3 40
3 42
3 46
3 47
3 51
3 55
3 59
3 62
3 65
3 66
3 67
3 69
3 74
3 76
3 77
3 82
3 87
3 88
3 92
3 94
3 95
3 99
3 105
3 108
3 109
3 114
3 119
3 120
3 122
3 125
3 127
4 1
4 7
4 11
4 12
4 19
4 30
4 32
4 38
4 41
4 43
4 47
4 52
4 58
4 60
4 67
4 69
4 70
4 78
4 84
4 88
4 90
4 91
4 92
4 94
4 96
4 102
4 105
4 108
4 109
4 113
4 116
4 120
4 122
4 126
5 2
5 3
5 6
5 7
5 8
5 11
5 12
5 13
5 14
5 26
5 28
5 31
5 32
5 34
5 36
5 37
5 39
5 43
5 44
5 49
5 50
5 52
5 53
5 58
5 62
5 63
5 69
5 74
5 75
5 76
5 78
5 80
5 87
5 89
5 91
5 103
5 109
5 112
5 115
5 122
5 123
5 124
6 1
6 2
6 4
6 5
6 10
6 11
6 14
6 19
6 21
6 22
6 31
6 34
6 35
6 39
6 45
6 47
6 49
6 56
6 61
6 62
6 63
6 71
6 72
6 79
6 80
6 81
6 82
6 84
6 89
6 96
6 100
6 103
6 105
6 107
6 109
6 110
6 113
6 115
6 124
6 127
7 8
7 20
7 30
7 32
7 33
7 35
7 39
7 40
7 42
7 43
7 48
7 50
7 57
7 59
7 61
7 63
7 64
7 70
7 78
7 80
7 83
7 89
7 94
7 95
7 100
7 106
7 107
7 109
7 116
7 119
8 0
8 1
8 10
8 12
8 14
8 15
8 24
8 28
8 32
8 33
8 34
8 35
8 40
8 42
8 45
8 46
8 47
8 48
8 50
8 53
8 61
8 62
8 65
8 69
8 71
8 75
8 77
8 78
8 79
8 84
8 87
8 89
8 90
8 95
8 98
8 100
8 105
8 108
8 111
8 112
8 120
8 122
8 126
9 0
9 1
9 7
9 8
9 12
9 14
9 21
9 22
9 23
9 25
9 27
9 28
9 29
9 30
9 36
9 38
9 45
9 47
9 48
9 52
9 54
9 55
9 59
9 73
9 74
9 77
9 83
9 84
9 87
9 92
9 104
9 107
9 108
9 112
9 115
9 117
9 120
9 121
9 123
9 125
9 126
10 0
10 1
10 2
10 6
10 13
10 17
10 20
10 24
10 26
10 29
10 31
10 41
10 42
10 43
10 44
10 47
10 48
10 49
10 50
10 55
10 58
10 60
10 62
10 63
10 66
10 73
10 74
10 77
10 80
10 83
10 86
10 87
10 94
10 95
10 96
10 98
10 106
10 107
10 108
10 110
10 111
10 113
10 119
10 121
11 0
11 1
11 9
11 12
11 14
11 16
11 22
11 30
11 35
11 37
11 51
11 53
11 59
11 60
11 63
11 64
11 66
11 70
11 75
11 76
11 77
11 79
11 97
11 98
11 100
11 103
11 107
11 111
11 112
11 114
11 116
11 117
11 123
11 124
12 2
12 5
12 6
12 11
12 14
12 18
12 19
12 29
12 31
12 34
12 36
12 37
12 39
12 44
12 47
12 48
12 52
12 54
12 65
12 66
12 68
12 73
12 76
12 78
12 79
12 83
12 85
12 87
12 90
12 94
12 95
12 96
12 102
12 103
12 105
12 106
12 110
12 111
12 114
12 116
12 119
12 121
13 0
13 2
13 6
13 11
13 16
13 17
13 23
13 29
13 30
13 33
13 40
13 44
13 45
13 48
13 52
13 53
13 54
13 55
13 59
13 64
13 67
13 70
13 76
13 78
13 80
13 82
13 84
13 85
13 92
13 96
13 97
13 103
13 104
13 106
13 108
13 111
13 116
13 123
13 124
13 126
14 4
14 5
14 6
14 8
14 11
14 16
14 22
14 25
14 28
14 32
14 34
14 36
14 39
14 40
14 41
14 52
14 59
14 62
14 65
14 66
14 67
14 70
14 72
14 73
14 74
14 84
14 88
14 90
14 97
14 99
14 100
14 108
14 115
14 116
14 117
14 119
14 122
14 126
15 1
15 7
15 10
15 11
15 12
15 19
15 27
15 30
15 34
15 40
15 43
15 46
15 49
15 52
15 53
15 55
15 60
15 65
15 66
15 67
15 69
15 73
15 75
15 76
15 77
15 78
15 79
15 81
15 86
15 92
15 98
15 100
15 111
15 112
15 116
15 118
15 120
15 121
15 125
16 3
16 4
16 6
16 11
16 12
16 14
16 19
16 23
16 27
16 30
16 31
16 33
16 35
16 38
16 39
16 41
16 42
16 54
16 56
16 59
16 60
16 62
16 63
16 64
16 70
16 75
16 83
16 86
16 89
16 99
16 102
16 112
16 116
16 118
16 124
16 125
17 3
17 4
17 14
17 18
17 19
17 21
17 24
17 26
17 27
17 30
17 33
17 34
17 35
17 36
17 41
17 43
17 46
17 49
17 50
17 51
17 52
17 56
17 57
17 69
17 76
17 77
17 80
17 83
17 84
17 89
17 92
17 94
17 95
17 96
17 98
17 102
17 105
17 116
17 122
17 123
17 127
18 1
18 2
18 3
18 11
18 13
18 14
18 17
18 20
18 24
18 25
18 26
18 36
18 37
18 40
18 44
18 47
18 49
18 53
18 57
18 64
18 70
18 73
18 76
18 79
18 80
18 82
18 84
18 89
18 91
18 96
18 97
18 100
18 101
18 102
18 105
18 106
18 115
18 119
18 123
18 126
18 127
19 0
19 3
19 4
19 12
19 16
19 17
19 18
19 35
19 39
19 46
19 47
19 49
19 51
19 52
19 69
19 71
19 73
19 75
19 76
19 81
19 84
19 86
19 89
19 99
19 101
19 103
19 104
19 118
19 126
20 0
20 2
20 4
20 8
20 10
20 12
20 14
20 15
20 16
20 17
20 19
20 20
20 21
20 24
20 26
20 28
20 31
20 33
20 34
20 36
20 37
20 38
20 40
20 43
20 55
20 56
20 58
20 69
20 71
20 74
20 81
20 83
20 92
20 100
20 103
20 109
20 117
20 119
20 121
20 123
21 6
21 8
21 11
21 16
21 17
21 18
21 19
21 20
21 24
21 25
21 28
21 34
21 39
21 40
21 49
21 52
21 54
21 57
21 60
21 65
21 68
21 77
21 81
21 84
21 94
21 95
21 102
21 108
21 112
21 121
21 125
22 8
22 11
22 16
22 21
22 23
22 25
22 26
22 32
22 38
22 43
22 48
22 51
22 53
22 57
22 60
22 61
22 62
22 64
22 66
22 67
22 72
22 73
22 77
22 79
22 82
22 83
22 86
22 87
22 88
22 89
22 92
22 101
22 102
22 103
22 105
22 111
22 116
22 118
22 120
22 126
23 1
23 2
23 5
23 6
23 13
23 19
23 21
23 23
23 38
23 41
23 43
23 44
23 46
23 47
23 49
23 51
23 56
23 57
23 61
23 64
23 65
23 66
23 67
23 69
23 72
23 73
23 74
23 80
23 81
23 88
23 91
23 92
23 94
23 97
23 99
23 103
23 104
23 107
23 122
23 123
24 1
24 2
24 4
24 5
24 7
24 13
24 14
24 15
24 22
24 27
24 31
24 32
24 36
24 37
24 38
24 39
24 42
24 50
24 51
24 52
24 54
24 55
24 61
24 66
24 67
24 69
24 72
24 74
24 75
24 83
24 84
24 85
24 87
24 89
24 93
24 99
24 102
24 103
24 105
24 106
24 107
24 111
24 125
25 0
25 4
25 6
25 7
25 8
25 12
25 15
25 27
25 29
25 31
25 33
25 46
25 48
25 49
25 53
25 56
25 63
25 75
25 76
25 77
25 79
25 83
25 85
25 88
25 89
25 90
25 92
25 99
25 102
25 103
25 104
25 108
25 116
25 123
25 126
25 127
26 0
26 5
26 7
26 8
26 14
26 18
26 21
26 25
26 27
26 28
26 41
26 43
26 44
26 45
26 46
26 53
26 59
26 65
26 66
26 67
26 68
26 71
26 76
26 80
26 81
26 91
26 92
26 96
26 97
26 98
26 102
26 107
26 111
26 120
26 122
27 9
27 15
27 18
27 23
27 24
27 25
27 27
27 30
27 32
27 33
27 40
27 42
27 44
27 45
27 46
27 47
27 50
27 52
27 57
27 58
27 59
27 62
27 66
27 67
27 77
27 84
27 85
27 87
27 89
27 90
27 92
27 94
27 97
27 99
27 100
27 101
27 102
27 104
27 107
27 110
27 113
27 114
27 118
27 122
27 124
27 127
28 1
28 6
28 7
28 22
28 23
28 29
28 32
28 35
28 36
28 37
28 40
28 45
28 48
28 51
28 52
28 62
28 65
28 68
28 80
28 86
28 87
28 88
28 90
28 91
28 93
28 94
28 95
28 96
28 99
28 100
28 102
28 111
28 114
28 118
28 119
28 120
28 124
29 2
29 6
29 9
29 15
29 17
29 19
29 20
29 23
29 24
29 28
29 30
29 32
29 33
29 39
29 44
29 47
29 50
29 52
29 53
29 55
29 56
29 58
29 65
29 66
29 73
29 84
29 87
29 89
29 92
29 104
29 105
29 106
29 107
29 108
29 113
29 114
29 115
29 118
29 123
29 124
29 126
30 3
30 6
30 8
30 12
30 15
30 16
30 17
30 22
30 24
30 25
30 32
30 34
30 42
30 43
30 44
30 45
30 49
30 52
30 53
30 56
30 57
30 66
30 67
30 74
30 80
30 81
30 86
30 87
30 88
30 91
30 92
30 93
30 95
30 101
30 104
30 105
30 107
30 110
30 111
30 115
30 117
30 119
30 120
30 123
30 127
31 0
31 1
31 8
31 14
31 15
31 17
31 19
31 25
31 26
31 29
31 44
31 52
31 53
31 55
31 57
31 62
31 63
31 65
31 66
31 69
31 71
31 72
31 73
31 75
31 78
31 81
31 83
31 84
31 86
31 87
31 90
31 91
31 92
31 95
31 101
31 105
31 107
31 108
31 110
31 111
31 114
31 115
31 117
31 120
31 121
31 122
32 5
32 6
32 7
32 11
32 15
32 17
32 18
32 19
32 23
32 26
32 27
32 30
32 31
32 35
32 38
32 39
32 40
32 43
32 45
32 48
32 49
32 53
32 54
32 57
32 63
32 65
32 67
32 68
32 71
32 80
32 87
32 97
32 101
32 103
32 104
32 106
32 108
32 121
32 126
32 127
33 1
33 14
33 15
33 16
33 21
33 24
33 27
33 29
33 30
33 32
33 37
33 39
33 43
33 45
33 48
33 51
33 53
33 60
33 62
33 63
33 67
33 72
33 75
33 76
33 80
33 85
33 86
33 88
33 89
33 92
33 96
33 97
33 103
33 107
33 108
33 109
33 115
33 117
33 119
33 120
33 121
33 122
34 1
34 2
34 3
34 10
34 13
34 14
34 18
34 19
34 20
34 22
34 24
34 25
34 29
34 33
34 37
34 39
34 43
34 45
34 47
34 48
34 49
34 50
34 55
34 56
34 65
34 66
34 68
34 70
34 71
34 73
34 78
34 80
34 86
34 89
34 91
34 98
34 102
34 103
34 107
34 108
34 110
34 112
34 115
34 116
34 117
34 119
34 123
35 0
35 2
35 5
35 7
35 8
35 9
35 12
35 13
35 15
35 19
35 21
35 26
35 30
35 35
35 40
35 41
35 51
35 55
35 59
35 60
35 61
35 67
35 73
35 84
35 87
35 88
35 93
35 94
35 96
35 100
35 104
35 106
35 108
35 109
35 118
35 119
35 121
35 122
35 125
36 0
36 1
36 2
36 7
36 9
36 17
36 19
36 20
36 22
36 23
36 26
36 27
36 28
36 29
36 31
36 33
36 34
36 35
36 38
36 40
36 43
36 46
36 53
36 56
36 63
36 67
36 70
36 71
36 73
36 76
36 79
36 83
36 85
36 90
36 94
36 95
36 99
36 100
36 105
36 113
36 117
36 119
36 120
36 127
37 0
37 1
37 4
37 6
37 7
37 9
37 10
37 12
37 15
37 23
37 27
37 33
37 35
37 38
37 42
37 43
37 46
37 48
37 51
37 55
37 58
37 60
37 67
37 71
37 74
37 76
37 79
37 80
37 81
37 88
37 91
37 92
37 102
37 106
37 109
37 112
37 119
37 123
37 125
37 126
38 0
38 1
38 3
38 5
38 8
38 9
38 25
38 34
38 35
38 38
38 40
38 42
38 43
38 45
38 47
38 48
38 49
38 50
38 52
38 61
38 62
38 66
38 67
38 69
38 77
38 81
38 85
38 86
38 87
38 88
38 90
38 91
38 92
38 93
38 95
38 98
38 100
38 107
38 108
38 109
38 113
38 119
38 121
38 122
38 124
38 125
39 3
39 12
39 17
39 20
39 25
39 26
39 27
39 33
39 37
39 40
39 49
39 52
39 57
39 62
39 66
39 68
39 69
39 71
39 80
39 84
39 90
39 102
39 104
39 107
39 109
39 111
39 113
39 116
39 117
39 119
39 122
39 125
40 2
40 10
40 13
40 16
40 19
40 22
40 23
40 26
40 28
40 30
40 33
40 36
40 40
40 45
40 51
40 52
40 53
40 54
40 58
40 71
40 74
40 81
40 82
40 93
40 98
40 99
40 102
40 103
40 119
40 120
40 122
40 124
40 127
41 0
41 8
41 9
41 10
41 11
41 12
41 13
41 15
41 16
41 24
41 28
41 29
41 30
41 32
41 34
41 36
41 39
41 40
41 47
41 49
41 50
41 51
41 54
41 57
41 58
41 59
41 65
41 73
41 88
41 91
41 96
41 97
41 99
41 100
41 101
41 103
41 104
41 108
41 110
41 112
41 118
41 120
41 124
42 0
42 1
42 3
42 5
42 7
42 10
42 11
42 12
42 13
42 18
42 21
42 28
42 29
42 34
42 39
42 45
42 46
42 49
42 60
42 62
42 63
42 69
42 71
42 73
42 81
42 84
42 85
42 88
42 90
42 92
42 93
42 102
42 104
42 107
42 110
42 116
42 119
42 120
42 121
42 125
42 127
43 0
43 1
43 3
43 4
43 8
43 10
43 17
43 20
43 28
43 33
43 34
43 35
43 49
43 50
43 51
43 56
43 61
43 63
43 67
43 79
43 83
43 87
43 90
43 92
43 95
43 101
43 103
43 104
43 106
43 107
43 111
43 117
43 121
43 123
44 8
44 13
44 16
44 17
44 19
44 23
44 25
44 26
44 30
44 33
44 34
44 35
44 36
44 38
44 39
44 40
44 41
44 44
44 46
44 54
44 72
44 74
44 78
44 88
44 99
44 102
44 105
44 106
44 108
44 109
44 110
44 119
44 126
45 5
45 8
45 11
45 14
45 15
45 16
45 20
45 30
45 35
45 37
45 40
45 45
45 47
45 49
45 50
45 53
45 54
45 58
45 59
45 67
45 68
45 74
45 75
45 77
45 83
45 86
45 91
45 105
45 108
45 115
45 117
45 120
45 124
45 126
46 1
46 5
46 7
46 9
46 13
46 17
46 30
46 31
46 34
46 43
46 44
46 45
46 53
46 54
46 55
46 61
46 62
46 66
46 67
46 70
46 76
46 77
46 79
46 80
46 81
46 87
46 100
46 107
46 109
46 119
46 127
47 0
47 1
47 3
47 7
47 14
47 15
47 16
47 23
47 24
47 28
47 29
47 30
47 31
47 40
47 41
47 42
47 43
47 44
47 47
47 56
47 66
47 67
47 68
47 72
47 74
47 79
47 83
47 87
47 92
47 95
47 96
47 102
47 103
47 104
47 105
47 111
47 112
47 119
47 122
47 125
47 127
48 1
48 3
48 5
48 7
48 8
48 10
48 11
48 18
48 20
48 21
48 27
48 28
48 33
48 35
48 39
48 40
48 43
48 44
48 47
48 49
48 55
48 59
48 64
48 67
48 69
48 70
48 74
48 76
48 78
48 81
48 83
48 84
48 89
48 95
48 106
48 109
48 111
48 113
48 115
48 118
48 126
49 1
49 6
49 11
49 17
49 20
49 30
49 33
49 36
49 40
49 56
49 61
49 62
49 63
49 67
49 69
49 71
49 73
49 75
49 76
49 89
49 96
49 97
49 100
49 104
49 106
49 111
49 119
49 120
49 121
49 125
49 127
50 6
50 11
50 12
50 13
50 15
50 17
50 19
50 24
50 25
50 31
50 32
50 36
50 37
50 40
50 49
50 50
50 51
50 53
50 55
50 56
50 58
50 60
50 63
50 64
50 65
50 70
50 72
50 74
50 78
50 79
50 83
50 88
50 97
50 98
50 99
50 105
50 109
50 110
50 112
50 113
50 115
50 116
50 120
50 125
51 5
51 6
51 10
51 19
51 21
51 26
51 27
51 29
51 38
51 45
51 49
51 57
51 63
51 68
51 69
51 70
51 71
51 73
51 80
51 83
51 98
51 99
51 105
51 108
51 111
51 112
51 113
51 124
51 126
52 2
52 6
52 8
52 10
52 11
52 13
52 17
52 20
52 24
52 25
52 26
52 31
52 41
52 42
52 47
52 48
52 51
52 58
52 61
52 62
52 63
52 64
52 71
52 72
52 74
52 77
52 79
52 83
52 85
52 91
52 92
52 94
52 96
52 98
52 99
52 102
52 109
52 124
52 127
53 0
53 2
53 7
53 9
53 13
53 17
53 21
53 24
53 25
53 33
53 35
53 46
53 49
53 50
53 51
53 52
53 54
53 63
53 69
53 70
53 71
53 75
53 79
53 80
53 82
53 91
53 93
53 94
53 95
53 97
53 101
53 102
53 105
53 108
53 114
53 124
53 125
54 1
54 7
54 13
54 18
54 25
54 35
54 36
54 37
54 41
54 46
54 48
54 50
54 52
54 54
54 58
54 61
54 65
54 69
54 72
54 73
54 75
54 77
54 78
54 79
54 84
54 97
54 100
54 101
54 103
54 106
54 108
54 110
54 119
54 124
54 125
54 127
55 14
55 16
55 17
55 21
55 28
55 29
55 32
55 33
55 34
55 37
55 43
55 52
55 53
55 58
55 60
55 66
55 67
55 72
55 73
55 80
55 81
55 83
55 88
55 94
55 95
55 96
55 101
55 105
55 110
55 118
55 119
55 125
56 0
56 3
56 4
56 5
56 8
56 9
56 12
56 13
56 15
56 18
56 20
56 32
56 33
56 41
56 42
56 45
56 49
56 51
56 52
56 54
56 56
56 59
56 65
56 67
56 72
56 73
56 75
56 83
56 88
56 89
56 92
56 93
56 107
56 108
56 112
56 114
56 115
56 116
57 6
57 12
57 13
57 14
57 15
57 16
57 19
57 27
57 28
57 32
57 33
57 34
57 35
57 37
57 38
57 52
57 57
57 61
57 62
57 68
57 69
57 74
57 77
57 79
57 82
57 84
57 90
57 91
57 95
57 98
57 101
57 103
57 105
57 109
57 110
57 114
57 119
57 123
57 124
57 125
58 4
58 6
58 7
58 8
58 10
58 12
58 14
58 16
58 17
58 18
58 27
58 29
58 30
58 32
58 33
58 36
58 38
58 46
58 47
58 54
58 57
58 58
58 60
58 61
58 62
58 64
58 65
58 66
58 68
58 72
58 75
58 79
58 87
58 89
58 90
58 91
58 99
58 103
58 106
58 108
58 110
58 119
58 120
58 121
58 122
58 123
59 3
59 13
59 14
59 16
59 18
59 24
59 26
59 27
59 30
59 31
59 33
59 34
59 41
59 44
59 46
59 48
59 59
59 60
59 63
59 65
59 67
59 70
59 72
59 87
59 89
59 91
59 93
59 95
59 96
59 99
59 101
59 102
59 103
59 111
59 113
59 114
59 119
59 122
59 126
60 0
60 2
60 9
60 10
60 12
60 13
60 16
60 19
60 24
60 26
60 27
60 28
60 29
60 31
60 35
60 40
60 42
60 46
60 51
60 53
60 55
60 61
60 64
60 81
60 85
60 88
60 90
60 96
60 103
60 105
60 108
60 110
60 112
60 115
60 117
61 1
61 6
61 9
61 11
61 13
61 15
61 16
61 23
61 29
61 36
61 45
61 47
61 48
61 51
61 68
61 69
61 72
61 75
61 78
61 80
61 83
61 84
61 85
61 86
61 88
61 92
61 93
61 94
61 97
61 100
61 101
61 102
61 103
61 105
61 106
61 107
61 112
61 113
61 119
61 124
61 126
61 127
62 2
62 5
62 6
62 8
62 11
62 12
62 14
62 16
62 17
62 19
62 20
62 21
62 24
62 32
62 34
62 35
62 38
62 40
62 41
62 42
62 43
62 45
62 51
62 52
62 55
62 61
62 63
62 64
62 65
62 68
62 70
62 71
62 72
62 75
62 79
62 85
62 88
62 90
62 91
62 92
62 97
62 99
62 101
62 102
62 107
62 109
62 111
62 117
62 119
62 126
63 2
63 8
63 9
63 11
63 13
63 15
63 17
63 19
63 20
63 22
63 23
63 24
63 27
63 32
63 35
63 41
63 50
63 56
63 57
63 67
63 74
63 75
63 76
63 77
63 82
63 86
63 88
63 89
63 91
63 96
63 99
63 101
63 102
63 103
63 105
63 106
63 109
63 114
63 115
63 116
63 117
63 119
63 120
63 121
63 125
64 3
64 6
64 15
64 17
64 22
64 23
64 28
64 30
64 31
64 32
64 38
64 39
64 42
64 48
64 51
64 53
64 56
64 57
64 58
64 61
64 62
64 65
64 70
64 71
64 72
64 73
64 77
64 81
64 83
64 90
64 92
64 93
64 100
64 103
64 109
64 110
64 111
64 112
64 115
64 119
64 124
64 125
65 2
65 4
65 11
65 16
65 18
65 19
65 22
65 24
65 26
65 28
65 31
65 32
65 33
65 34
65 49
65 59
65 61
65 64
65 70
65 73
65 74
65 83
65 84
65 87
65 91
65 92
65 95
65 96
65 97
65 98
65 99
65 100
65 101
65 104
65 109
65 110
65 111
65 121
65 127
66 0
66 5
66 7
66 8
66 9
66 11
66 15
66 21
66 22
66 25
66 29
66 30
66 33
66 35
66 37
66 41
66 43
66 45
66 48
66 51
66 54
66 58
66 63
66 67
66 69
66 70
66 72
66 74
66 79
66 81
66 91
66 92
66 94
66 100
66 106
66 107
66 109
66 112
66 116
66 117
66 121
67 0
67 2
67 4
67 8
67 10
67 13
67 16
67 18
67 19
67 20
67 21
67 22
67 28
67 30
67 34
67 37
67 38
67 39
67 40
67 41
67 44
67 47
67 49
67 51
67 52
67 53
67 57
67 58
67 61
67 62
67 63
67 70
67 72
67 76
67 84
67 88
67 92
67 94
67 98
67 100
67 102
67 110
67 115
67 118
67 123
67 125
68 2
68 14
68 15
68 19
68 21
68 24
68 28
68 33
68 34
68 36
68 38
68 43
68 56
68 57
68 58
68 60
68 62
68 71
68 75
68 80
68 83
68 85
68 87
68 91
68 92
68 93
68 95
68 97
68 98
68 99
68 103
68 104
68 109
68 111
68 112
68 119
68 121
68 122
68 124
68 126
68 127
69 2
69 3
69 6
69 8
69 21
69 25
69 27
69 31
69 34
69 37
69 40
69 43
69 44
69 49
69 52
69 62
69 68
69 70
69 72
69 76
69 80
69 83
69 84
69 86
69 89
69 92
69 94
69 97
69 101
69 113
69 115
69 116
69 119
69 121
69 122
69 125
69 126
70 1
70 3
70 4
70 6
70 7
70 11
70 14
70 15
70 17
70 19
70 21
70 23
70 26
70 28
70 29
70 30
70 31
70 33
70 34
70 38
70 47
70 51
70 52
70 54
70 56
70 57
70 58
70 71
70 77
70 84
70 85
70 88
70 91
70 101
70 103
70 106
70 110
70 114
70 115
70 118
70 119
70 124
70 125
70 126
71 1
71 5
71 7
71 12
71 14
71 16
71 17
71 18
71 27
71 35
71 40
71 41
71 43
71 45
71 47
71 50
71 53
71 54
71 57
71 59
71 62
71 63
71 68
71 76
71 82
71 85
71 91
71 92
71 93
71 96
71 100
71 101
71 105
71 106
71 108
71 110
71 116
71 125
72 2
72 3
72 4
72 11
72 17
72 21
72 27
72 30
72 32
72 34
72 43
72 55
72 56
72 57
72 61
72 66
72 73
72 76
72 83
72 86
72 87
72 88
72 89
72 90
72 91
72 92
72 102
72 103
72 104
72 105
72 107
72 108
72 113
72 117
72 120
72 121
72 123
72 127
73 0
73 3
73 5
73 8
73 10
73 12
73 14
73 15
73 16
73 18
73 28
73 31
73 35
73 40
73 44
73 46
73 48
73 49
73 53
73 56
73 67
73 71
73 77
73 79
73 83
73 87
73 90
73 94
73 98
73 100
73 104
73 117
73 119
73 120
73 122
73 127
74 1
74 4
74 6
74 12
74 19
74 20
74 23
74 29
74 31
74 35
74 39
74 40
74 43
74 47
74 49
74 50
74 55
74 57
74 59
74 60
74 64
74 66
74 67
74 74
74 75
74 81
74 87
74 90
74 93
74 95
74 102
74 103
74 104
74 110
74 112
74 115
74 118
74 121
74 124
75 2
75 3
75 7
75 12
75 13
75 14
75 17
75 25
75 26
75 38
75 45
75 46
75 47
75 53
75 57
75 70
75 80
75 84
75 87
75 89
75 90
75 92
75 93
75 97
75 98
75 100
75 105
75 106
75 108
75 109
75 112
75 113
75 114
75 116
75 118
75 123
75 124
75 126
75 127
76 0
76 6
76 9
76 15
76 18
76 19
76 24
76 26
76 27
76 30
76 33
76 38
76 39
76 50
76 51
76 52
76 54
76 62
76 64
76 66
76 68
76 70
76 77
76 79
76 81
76 84
76 89
76 92
76 94
76 97
76 100
76 106
76 109
76 112
76 114
76 117
76 120
76 125
76 126
77 0
77 1
77 11
77 12
77 25
77 26
77 27
77 30
77 31
77 38
77 41
77 43
77 44
77 45
77 50
77 58
77 60
77 62
77 67
77 77
77 80
77 83
77 85
77 88
77 94
77 100
77 103
77 109
77 115
77 117
77 118
77 124
77 125
77 126
78 0
78 3
78 13
78 24
78 31
78 37
78 39
78 43
78 44
78 46
78 55
78 57
78 58
78 62
78 64
78 68
78 69
78 70
78 71
78 73
78 74
78 75
78 80
78 83
78 85
78 86
78 87
78 92
78 97
78 106
78 108
78 110
78 112
78 115
78 122
78 124
78 125
78 127
79 0
79 3
79 4
79 11
79 13
79 19
79 25
79 26
79 27
79 36
79 38
79 39
79 40
79 41
79 51
79 54
79 56
79 69
79 70
79 74
79 75
79 84
79 88
79 91
79 101
79 102
79 103
79 104
79 105
79 108
79 111
79 113
79 120
79 123
80 0
80 1
80 4
80 5
80 8
80 9
80 10
80 15
80 20
80 21
80 26
80 27
80 29
80 31
80 32
80 35
80 36
80 37
80 41
80 48
80 51
80 52
80 53
80 54
80 63
80 64
80 69
80 71
80 73
80 81
80 83
80 88
80 89
80 102
80 110
80 114
80 116
80 120
80 122
80 124
81 6
81 7
81 8
81 9
81 11
81 12
81 16
81 22
81 23
81 24
81 25
81 31
81 40
81 69
81 73
81 74
81 76
81 79
81 81
81 82
81 89
81 91
81 93
81 95
81 102
81 103
81 112
81 114
81 117
81 123
81 126
82 1
82 5
82 9
82 10
82 12
82 20
82 32
82 33
82 34
82 38
82 59
82 64
82 67
82 71
82 73
82 74
82 75
82 84
82 85
82 86
82 88
82 91
82 93
82 98
82 101
82 106
82 109
82 115
82 116
82 122
82 123
82 124
82 125
82 127
83 0
83 4
83 6
83 11
83 19
83 22
83 23
83 25
83 27
83 28
83 30
83 34
83 35
83 37
83 42
83 43
83 44
83 50
83 52
83 53
83 57
83 58
83 59
83 62
83 64
83 65
83 70
83 74
83 84
83 85
83 87
83 91
83 95
83 97
83 99
83 100
83 101
83 109
83 111
83 114
83 115
83 119
83 120
83 126
84 0
84 2
84 3
84 4
84 5
84 12
84 14
84 19
84 20
84 21
84 22
84 25
84 34
84 38
84 44
84 46
84 49
84 53
84 58
84 60
84 66
84 67
84 70
84 71
84 74
84 75
84 76
84 77
84 82
84 83
84 85
84 86
84 88
84 93
84 95
84 100
84 104
84 108
84 111
84 113
84 116
84 122
84 126
84 127
85 7
85 8
85 9
85 11
85 12
85 13
85 21
85 24
85 28
85 29
85 30
85 31
85 33
85 35
85 36
85 37
85 39
85 42
85 43
85 45
85 52
85 64
85 66
85 67
85 70
85 75
85 77
85 79
85 82
85 83
85 84
85 90
85 93
85 99
85 102
85 104
85 108
85 112
85 116
85 120
85 126
85 127
86 2
86 3
86 5
86 7
86 9
86 12
86 16
86 21
86 23
86 24
86 26
86 28
86 47
86 57
86 58
86 63
86 68
86 76
86 80
86 81
86 84
86 86
86 90
86 93
86 95
86 99
86 102
86 103
86 110
86 119
86 121
86 122
86 125
86 126
87 15
87 19
87 20
87 24
87 28
87 38
87 40
87 41
87 44
87 48
87 52
87 54
87 59
87 64
87 66
87 69
87 74
87 80
87 81
87 82
87 83
87 84
87 86
87 88
87 90
87 92
87 93
87 95
87 99
87 101
87 103
87 108
87 113
87 115
87 119
88 3
88 6
88 9
88 11
88 16
88 22
88 28
88 31
88 33
88 34
88 35
88 38
88 39
88 42
88 50
88 56
88 57
88 59
88 62
88 63
88 68
88 73
88 74
88 76
88 79
88 82
88 85
88 89
88 92
88 99
88 102
88 109
88 110
88 112
88 114
88 116
88 120
88 121
88 124
89 1
89 3
89 11
89 12
89 18
89 24
89 28
89 36
89 37
89 48
89 49
89 52
89 53
89 59
89 65
89 73
89 75
89 76
89 78
89 79
89 83
89 85
89 87
89 92
89 103
89 104
89 105
89 106
89 110
89 111
89 112
89 114
89 117
89 120
89 126
90 7
90 9
90 10
90 11
90 17
90 19
90 20
90 22
90 29
90 30
90 31
90 32
90 37
90 39
90 41
90 43
90 44
90 45
90 46
90 56
90 57
90 61
90 62
90 63
90 70
90 79
90 83
90 85
90 86
90 93
90 96
90 98
90 99
90 106
90 110
90 113
90 117
90 118
90 120
90 127
91 2
91 4
91 7
91 9
91 10
91 12
91 15
91 16
91 17
91 20
91 21
91 22
91 26
91 30
91 31
91 32
91 35
91 36
91 41
91 43
91 45
91 49
91 58
91 62
91 69
91 72
91 81
91 86
91 88
91 92
91 95
91 100
91 102
91 106
91 109
91 113
91 115
91 121
91 127
92 0
92 5
92 6
92 7
92 11
92 13
92 16
92 17
92 21
92 22
92 28
92 35
92 39
92 43
92 45
92 47
92 49
92 53
92 54
92 55
92 63
92 67
92 68
92 70
92 71
92 72
92 75
92 76
92 77
92 79
92 83
92 95
92 102
92 105
92 112
92 114
92 118
92 121
92 123
92 126
92 127
93 1
93 2
93 4
93 5
93 8
93 9
93 14
93 17
93 19
93 31
93 41
93 45
93 57
93 59
93 64
93 65
93 68
93 71
93 74
93 75
93 76
93 78
93 79
93 84
93 86
93 101
93 108
93 113
93 116
93 120
93 121
93 123
93 124
94 0
94 2
94 4
94 6
94 8
94 22
94 23
94 24
94 26
94 31
94 36
94 39
94 45
94 51
94 54
94 55
94 60
94 63
94 64
94 73
94 74
94 78
94 92
94 102
94 103
94 105
94 108
94 114
94 117
94 119
94 125
95 0
95 5
95 6
95 10
95 11
95 21
95 22
95 25
95 26
95 27
95 28
95 29
95 30
95 31
95 35
95 37
95 41
95 45
95 52
95 57
95 62
95 73
95 75
95 77
95 82
95 83
95 84
95 87
95 88
95 89
95 90
95 94
95 99
95 102
95 109
95 110
95 114
95 115
95 119
95 120
95 123
95 124
95 126
95 127
96 11
96 18
96 20
96 22
96 28
96 31
96 34
96 35
96 36
96 37
96 43
96 45
96 47
96 49
96 54
96 59
96 60
96 68
96 73
96 81
96 85
96 90
96 94
96 95
96 100
96 101
96 105
96 108
96 110
96 113
96 121
96 126
97 4
97 6
97 7
97 10
97 11
97 16
97 17
97 19
97 20
97 23
97 29
97 32
97 35
97 37
97 38
97 40
97 43
97 46
97 48
97 49
97 54
97 55
97 57
97 63
97 69
97 72
97 75
97 76
97 79
97 87
97 90
97 93
97 94
97 96
97 101
97 108
97 113
97 114
97 116
97 120
97 124
98 4
98 9
98 10
98 11
98 13
98 18
98 19
98 29
98 34
98 36
98 37
98 38
98 45
98 47
98 48
98 52
98 53
98 61
98 62
98 66
98 67
98 77
98 78
98 79
98 80
98 83
98 86
98 87
98 88
98 94
98 101
98 107
98 115
98 117
98 119
98 120
98 122
98 124
98 127
99 0
99 4
99 7
99 8
99 11
99 14
99 17
99 23
99 26
99 29
99 33
99 35
99 37
99 41
99 42
99 46
99 47
99 48
99 54
99 57
99 58
99 59
99 62
99 63
99 67
99 70
99 77
99 78
99 79
99 82
99 84
99 89
99 90
99 91
99 94
99 96
99 100
99 104
99 105
99 107
99 112
99 116
99 119
99 126
100 2
100 4
100 6
100 8
100 11
100 12
100 22
100 25
100 28
100 37
100 42
100 43
100 45
100 46
100 51
100 56
100 57
100 59
100 64
100 77
100 80
100 82
100 83
100 87
100 88
100 89
100 91
100 92
100 96
100 101
100 106
100 110
100 111
100 112
100 113
100 114
100 120
100 121
101 2
101 3
101 6
101 9
101 16
101 17
101 19
101 25
101 27
101 29
101 31
101 51
101 55
101 62
101 64
101 69
101 71
101 72
101 74
101 76
101 78
101 85
101 86
101 88
101 90
101 92
101 102
101 107
101 109
101 116
101 118
101 119
101 120
101 123
101 124
102 10
102 17
102 18
102 19
102 22
102 24
102 26
102 27
102 35
102 40
102 42
102 48
102 50
102 51
102 53
102 58
102 59
102 64
102 65
102 71
102 77
102 81
102 86
102 88
102 89
102 95
102 96
102 97
102 98
102 101
102 111
102 112
102 117
102 118
102 123
102 126
103 1
103 7
103 8
103 10
103 12
103 14
103 28
103 29
103 30
103 32
103 34
103 39
103 40
103 45
103 47
103 48
103 52
103 55
103 59
103 60
103 64
103 66
103 69
103 70
103 83
103 86
103 87
103 93
103 96
103 104
103 110
103 113
103 119
104 6
104 7
104 9
104 12
104 15
104 18
104 19
104 23
104 26
104 27
104 28
104 32
104 33
104 35
104 36
104 40
104 41
104 43
104 45
104 53
104 58
104 62
104 64
104 67
104 69
104 72
104 73
104 78
104 81
104 82
104 84
104 88
104 94
104 96
104 98
104 105
104 107
104 111
104 120
104 122
104 126
105 4
105 10
105 12
105 15
105 22
105 26
105 27
105 52
105 53
105 58
105 59
105 64
105 66
105 67
105 70
105 73
105 74
105 76
105 91
105 92
105 93
105 94
105 99
105 102
105 107
105 112
105 113
105 114
105 115
105 117
105 119
105 120
105 121
105 123
105 125
105 126
105 127
106 1
106 3
106 4
106 7
106 10
106 16
106 17
106 19
106 26
106 27
106 29
106 30
106 35
106 42
106 46
106 49
106 51
106 52
106 53
106 58
106 62
106 66
106 69
106 70
106 71
106 79
106 85
106 87
106 108
106 116
106 117
106 119
106 126
106 127
107 1
107 5
107 7
107 10
107 11
107 14
107 22
107 26
107 28
107 30
107 36
107 40
107 42
107 45
107 46
107 54
107 55
107 57
107 63
107 64
107 66
107 67
107 79
107 81
107 82
107 86
107 87
107 89
107 100
107 102
107 106
107 114
107 120
107 122
107 123
107 124
107 125
107 126
108 0
108 3
108 11
108 13
108 14
108 17
108 18
108 19
108 28
108 36
108 38
108 42
108 46
108 47
108 56
108 58
108 60
108 67
108 69
108 71
108 79
108 81
108 87
108 99
108 104
108 109
108 117
108 122
108 123
108 124
108 126
108 127
109 0
109 4
109 6
109 18
109 19
109 26
109 31
109 35
109 38
109 42
109 46
109 48
109 51
109 52
109 59
109 60
109 61
109 63
109 66
109 67
109 73
109 79
109 80
109 85
109 90
109 94
109 99
109 100
109 105
109 112
109 113
109 114
109 115
109 120
109 127
110 1
110 2
110 17
110 18
110 21
110 32
110 35
110 36
110 41
110 43
110 45
110 51
110 53
110 57
110 59
110 67
110 69
110 71
110 74
110 77
110 80
110 96
110 97
110 103
110 104
110 106
110 111
110 114
110 116
110 120
110 122
110 125
110 126
111 4
111 7
111 9
111 11
111 15
111 17
111 24
111 32
111 34
111 35
111 37
111 38
111 41
111 45
111 49
111 57
111 62
111 63
111 69
111 70
111 73
111 74
111 75
111 76
111 77
111 81
111 82
111 83
111 84
111 87
111 90
111 91
111 92
111 93
111 98
111 102
111 105
111 106
111 108
111 110
111 116
111 118
111 121
111 126
111 127
112 1
112 7
112 8
112 15
112 33
112 37
112 38
112 41
112 42
112 50
112 51
112 52
112 54
112 56
112 65
112 67
112 71
112 73
112 75
112 76
112 77
112 80
112 82
112 86
112 88
112 90
112 91
112 96
112 100
112 101
112 103
112 107
112 111
112 115
112 117
112 121
112 122
112 125
112 127
113 3
113 4
113 5
113 9
113 12
113 19
113 22
113 23
113 30
113 31
113 32
113 34
113 38
113 40
113 44
113 49
113 52
113 59
113 63
113 65
113 67
113 70
113 71
113 72
113 77
113 79
113 86
113 92
113 96
113 100
113 103
113 104
113 105
113 106
113 109
113 113
113 117
113 118
113 119
113 126
113 127
114 4
114 10
114 14
114 15
114 16
114 17
114 18
114 22
114 24
114 25
114 28
114 32
114 35
114 39
114 43
114 45
114 46
114 56
114 57
114 58
114 66
114 67
114 68
114 69
114 71
114 73
114 79
114 91
114 92
114 93
114 101
114 104
114 106
114 110
114 111
114 112
114 113
114 122
115 0
115 12
115 17
115 18
115 19
115 25
115 28
115 29
115 37
115 38
115 41
115 44
115 48
115 50
115 54
115 55
115 58
115 64
115 65
115 66
115 67
115 70
115 71
115 76
115 77
115 79
115 80
115 85
115 86
115 87
115 88
115 90
115 93
115 95
115 97
115 98
115 99
115 101
115 104
115 105
115 106
115 107
115 108
115 110
115 111
115 112
115 117
115 119
115 120
115 121
115 125
115 126
116 0
116 1
116 4
116 6
116 13
116 14
116 25
116 27
116 29
116 30
116 31
116 41
116 43
116 51
116 55
116 59
116 63
116 66
116 69
116 70
116 76
116 78
116 81
116 85
116 88
116 94
116 95
116 96
116 104
116 105
116 111
116 112
116 119
116 121
116 122
116 125
117 0
117 2
117 4
117 7
117 8
117 17
117 18
117 20
117 37
117 38
117 39
117 40
117 42
117 45
117 52
117 55
117 65
117 69
117 71
117 74
117 76
117 78
117 84
117 90
117 91
117 94
117 98
117 103
117 104
117 107
117 114
117 120
117 123
118 5
118 10
118 11
118 16
118 19
118 27
118 32
118 41
118 49
118 52
118 66
118 67
118 73
118 76
118 78
118 80
118 81
118 83
118 84
118 85
118 89
118 93
118 94
118 95
118 97
118 98
118 103
118 107
118 113
118 122
118 125
119 2
119 5
119 10
119 11
119 13
119 15
119 21
119 24
119 28
119 31
119 32
119 36
119 40
119 41
119 54
119 59
119 63
119 65
119 67
119 69
119 76
119 83
119 90
119 98
119 99
119 104
119 105
119 111
119 113
119 114
119 121
119 123
119 124
120 0
120 3
120 5
120 12
120 13
120 14
120 21
120 23
120 25
120 32
120 33
120 34
120 39
120 44
120 45
120 46
120 51
120 53
120 56
120 61
120 63
120 64
120 66
120 70
120 74
120 77
120 80
120 82
120 86
120 87
120 88
120 93
120 94
120 95
120 98
120 99
120 102
120 105
120 110
120 116
120 117
120 118
120 120
120 122
121 2
121 3
121 12
121 14
121 16
121 22
121 24
121 29
121 30
121 38
121 39
121 42
121 44
121 48
121 51
121 53
121 69
121 70
121 71
121 72
121 75
121 76
121 77
121 82
121 86
121 88
121 91
121 93
121 95
121 97
121 98
121 102
121 105
121 109
121 115
121 120
121 122
121 124
122 0
122 8
122 13
122 18
122 21
122 23
122 26
122 34
122 51
122 53
122 56
122 57
122 61
122 63
122 68
122 72
122 75
122 78
122 79
122 93
122 99
122 110
122 111
122 117
122 121
122 122
122 123
122 125
123 1
123 7
123 14
123 20
123 23
123 24
123 26
123 27
123 28
123 29
123 34
123 35
123 40
123 41
123 46
123 47
123 50
123 67
123 75
123 78
123 84
123 87
123 88
123 91
123 93
123 102
123 106
123 107
123 108
123 109
123 124
124 0
124 6
124 7
124 8
124 11
124 13
124 19
124 22
124 23
124 25
124 27
124 35
124 36
124 39
124 43
124 44
124 45
124 48
124 49
124 51
124 52
124 53
124 58
124 59
124 66
124 79
124 83
124 85
124 89
124 94
124 100
124 104
124 108
124 115
124 118
124 119
124 121
124 122
124 125
124 126
125 2
125 8
125 11
125 13
125 14
125 17
125 25
125 26
125 29
125 30
125 33
125 34
125 41
125 44
125 48
125 52
125 58
125 59
125 64
125 66
125 67
125 71
125 75
125 82
125 83
125 92
125 94
125 95
125 98
125 100
125 101
125 102
125 103
125 118
125 120
125 123
125 126
126 5
126 7
126 12
126 16
126 21
126 22
126 26
126 30
126 33
126 35
126 36
126 38
126 44
126 47
126 50
126 57
126 58
126 62
126 63
126 65
126 69
126 70
126 71
126 74
126 76
126 77
126 78
126 81
126 82
126 83
126 96
126 98
126 100
126 101
126 105
126 109
126 111
127 2
127 3
127 4
127 6
127 11
127 13
127 14
127 19
127 24
127 37
127 38
127 39
127 47
127 51
127 56
127 66
127 68
127 69
127 71
127 72
127 74
127 80
127 81
127 84
127 90
127 91
127 95
127 98
127 104
127 108
127 109
127 112
127 122
127 124
127 125
127 126
