0 0
0 2
0 5
0 6
0 7
0 8
0 9
0 10
0 11
0 16
0 17
0 21
0 23
0 25
0 30
0 31
0 32
0 36
0 37
0 39
0 45
0 46
0 47
0 52
0 53
0 58
0 60
0 64
0 65
0 70
0 78
0 79
0 89
0 90
0 91
0 93
0 95
0 97
0 98
0 99
0 100
0 101
0 102
0 103
0 105
0 106
0 107
0 109
0 111
0 114
0 118
0 119
0 124
0 127
1 0
1 11
1 13
1 14
1 16
1 17
1 20
1 21
1 23
1 25
1 27
1 35
1 36
1 37
1 39
1 40
1 41
1 42
1 47
1 48
1 51
1 52
1 57
1 59
1 63
1 67
1 68
1 71
1 73
1 74
1 75
1 78
1 81
1 82
1 85
1 86
1 91
1 95
1 100
1 101
1 104
1 106
1 107
1 110
1 111
1 114
1 117
1 118
1 122
1 127
2 1
2 3
2 9
2 10
2 13
2 14
2 22
2 28
2 29
2 31
2 32
2 41
2 42
2 45
2 46
2 47
2 51
2 52
2 53
2 58
2 62
2 64
2 65
2 68
2 69
2 73
2 77
2 78
2 79
2 88
2 91
2 92
2 95
2 96
2 98
2 100
2 101
2 103
2 105
2 106
2 111
2 113
2 115
2 120
2 122
2 123
2 125
2 127
3 3
3 5
3 9
3 10
3 11
3 13
3 16
3 22
3 23
3 24
3 25
3 27
3 29
3 35
3 37
3 40
3 41
3 44
3 45
3 48
3 49
3 52
3 56
3 57
3 58
3 63
3 66
3 71
3 72
3 74
3 76
3 77
3 78
3 80
3 88
3 93
3 94
3 95
3 101
3 103
3 109
3 110
3 113
3 114
3 115
3 119
3 121
3 124
3 126
3 127
4 4
4 6
4 7
4 8
4 10
4 11
4 12
4 14
4 15
4 16
4 17
4 18
4 19
4 20
4 21
4 26
4 28
4 34
4 35
4 37
4 38
4 39
4 40
4 44
4 45
4 48
4 50
4 53
4 58
4 60
4 61
4 66
4 69
4 72
4 75
4 76
4 77
4 82
4 84
4 87
4 89
4 90
4 91
4 94
4 97
4 99
4 100
4 101
4 105
4 106
4 107
4 109
4 111
4 113
4 114
4 116
4 118
4 123
4 127
5 0
5 1
5 4
5 7
5 9
5 10
5 11
5 18
5 19
5 22
5 24
5 31
5 34
5 37
5 41
5 43
5 44
5 49
5 50
5 52
5 56
5 60
5 63
5 64
5 65
5 66
5 67
5 69
5 70
5 73
5 80
5 82
5 83
5 85
5 86
5 87
5 88
5 89
5 91
5 92
5 93
5 94
5 103
5 107
5 109
5 110
5 111
5 114
5 117
5 119
5 120
5 121
5 124
5 125
5 127
6 0
6 2
6 3
6 5
6 6
6 10
6 13
6 15
6 19
6 22
6 23
6 28
6 29
6 30
6 31
6 33
6 34
6 36
6 37
6 38
6 43
6 45
6 46
6 49
6 50
6 51
6 52
6 53
6 54
6 55
6 56
6 57
6 58
6 59
6 61
6 62
6 63
6 66
6 68
6 69
6 74
6 76
6 81
6 82
6 86
6 88
6 89
6 90
6 94
6 95
6 97
6 98
6 99
6 101
6 103
6 106
6 107
6 108
6 118
6 119
6 121
6 122
6 124
6 126
7 2
7 6
7 7
7 8
7 10
7 13
7 16
7 19
7 21
7 22
7 24
7 25
7 28
7 29
7 31
7 35
7 36
7 39
7 40
7 41
7 42
7 47
7 48
7 50
7 51
7 52
7 53
7 54
7 62
7 67
7 69
7 73
7 76
7 78
7 81
7 82
7 83
7 87
7 88
7 90
7 93
7 94
7 98
7 101
7 102
7 103
7 105
7 106
7 109
7 111
7 113
7 114
7 115
7 119
7 126
7 127
8 2
8 3
8 5
8 7
8 12
8 20
8 22
8 25
8 26
8 28
8 31
8 33
8 35
8 39
8 45
8 46
8 48
8 52
8 53
8 55
8 57
8 60
8 64
8 67
8 69
8 71
8 75
8 77
8 78
8 80
8 82
8 83
8 84
8 87
8 91
8 92
8 95
8 97
8 100
8 101
8 103
8 104
8 105
8 108
8 110
8 116
8 117
8 120
8 122
8 123
9 1
9 2
9 5
9 7
9 8
9 10
9 11
9 14
9 17
9 18
9 19
9 22
9 25
9 28
9 31
9 33
9 34
9 37
9 39
9 40
9 49
9 50
9 52
9 54
9 56
9 59
9 63
9 65
9 66
9 68
9 71
9 73
9 74
9 76
9 77
9 78
9 82
9 83
9 96
9 97
9 99
9 101
9 102
9 104
9 105
9 106
9 107
9 108
9 115
9 118
9 119
9 120
9 122
9 123
10 0
10 4
10 5
10 8
10 13
10 14
10 19
10 20
10 24
10 25
10 29
10 36
10 38
10 40
10 45
10 48
10 52
10 54
10 57
10 60
10 63
10 64
10 65
10 68
10 73
10 75
10 76
10 77
10 81
10 82
10 86
10 87
10 88
10 90
10 91
10 92
10 93
10 94
10 95
10 97
10 98
10 100
10 101
10 107
10 108
10 109
10 110
10 112
10 113
10 123
11 1
11 4
11 8
11 10
11 11
11 13
11 14
11 17
11 18
11 27
11 29
11 33
11 34
11 35
11 36
11 38
11 42
11 43
11 46
11 50
11 51
11 52
11 53
11 54
11 58
11 60
11 61
11 62
11 63
11 64
11 67
11 69
11 70
11 71
11 72
11 74
11 76
11 78
11 79
11 80
11 87
11 90
11 96
11 103
11 104
11 106
11 111
11 113
11 114
11 118
11 120
11 121
11 122
11 123
11 124
11 125
11 127
12 1
12 2
12 3
12 5
12 9
12 11
12 15
12 20
12 21
12 22
12 23
12 24
12 25
12 27
12 28
12 29
12 31
12 33
12 35
12 40
12 41
12 42
12 43
12 48
12 52
12 55
12 57
12 63
12 65
12 67
12 72
12 74
12 75
12 78
12 79
12 83
12 85
12 97
12 98
12 101
12 102
12 108
12 112
12 114
12 117
12 120
12 123
12 125
12 126
13 1
13 7
13 13
13 15
13 20
13 22
13 24
13 28
13 30
13 32
13 35
13 36
13 38
13 39
13 41
13 43
13 50
13 53
13 54
13 56
13 57
13 58
13 61
13 63
13 64
13 65
13 66
13 71
13 80
13 87
13 90
13 96
13 98
13 99
13 100
13 103
13 107
13 110
13 114
13 115
13 117
13 122
13 125
13 127
14 4
14 6
14 8
14 13
14 16
14 20
14 21
14 26
14 27
14 31
14 39
14 42
14 45
14 50
14 51
14 54
14 57
14 61
14 62
14 67
14 68
14 70
14 71
14 74
14 75
14 78
14 80
14 83
14 84
14 85
14 89
14 92
14 93
14 94
14 98
14 101
14 102
14 103
14 107
14 111
14 112
14 113
14 116
14 118
14 121
15 0
15 2
15 4
15 5
15 10
15 11
15 13
15 14
15 19
15 24
15 29
15 31
15 35
15 37
15 41
15 42
15 44
15 48
15 49
15 51
15 56
15 59
15 60
15 64
15 65
15 66
15 69
15 70
15 75
15 76
15 80
15 84
15 85
15 87
15 89
15 92
15 93
15 97
15 100
15 101
15 102
15 105
15 107
15 110
15 111
15 112
15 116
15 117
15 122
16 4
16 5
16 6
16 7
16 10
16 11
16 13
16 14
16 17
16 22
16 28
16 31
16 33
16 34
16 37
16 41
16 42
16 48
16 50
16 51
16 56
16 67
16 68
16 69
16 70
16 71
16 73
16 74
16 76
16 79
16 80
16 82
16 83
16 85
16 86
16 87
16 89
16 95
16 99
16 103
16 105
16 109
16 111
16 112
16 113
16 115
16 119
16 122
16 125
17 0
17 3
17 5
17 6
17 7
17 8
17 11
17 12
17 13
17 16
17 18
17 20
17 21
17 23
17 27
17 30
17 38
17 39
17 44
17 46
17 48
17 51
17 52
17 54
17 55
17 56
17 57
17 61
17 68
17 71
17 78
17 82
17 83
17 86
17 87
17 88
17 89
17 90
17 91
17 94
17 96
17 97
17 100
17 103
17 104
17 106
17 107
17 108
17 117
17 118
17 119
17 120
17 121
17 123
17 125
17 127
18 2
18 3
18 5
18 10
18 11
18 14
18 15
18 18
18 19
18 20
18 21
18 22
18 26
18 27
18 34
18 38
18 39
18 42
18 43
18 45
18 46
18 48
18 49
18 50
18 51
18 53
18 55
18 56
18 57
18 61
18 65
18 66
18 75
18 77
18 79
18 80
18 81
18 86
18 87
18 90
18 97
18 98
18 99
18 104
18 105
18 107
18 108
18 115
18 118
18 120
18 122
19 0
19 1
19 2
19 6
19 8
19 10
19 14
19 15
19 16
19 18
19 23
19 24
19 25
19 27
19 29
19 31
19 34
19 38
19 39
19 41
19 44
19 46
19 54
19 55
19 57
19 59
19 68
19 75
19 78
19 86
19 87
19 88
19 91
19 95
19 100
19 103
19 105
19 106
19 107
19 108
19 109
19 111
19 115
19 116
19 119
19 122
19 123
19 125
20 3
20 8
20 11
20 14
20 15
20 16
20 17
20 24
20 26
20 37
20 38
20 48
20 50
20 52
20 55
20 61
20 63
20 64
20 67
20 68
20 69
20 70
20 72
20 75
20 81
20 84
20 90
20 92
20 93
20 97
20 98
20 100
20 105
20 108
20 111
20 112
20 113
20 117
20 119
20 120
20 125
20 126
20 127
21 2
21 3
21 5
21 6
21 8
21 9
21 11
21 14
21 15
21 17
21 18
21 20
21 23
21 26
21 27
21 31
21 34
21 36
21 38
21 40
21 41
21 42
21 45
21 47
21 48
21 49
21 53
21 57
21 60
21 63
21 66
21 78
21 79
21 80
21 81
21 83
21 85
21 87
21 90
21 91
21 96
21 98
21 101
21 102
21 103
21 106
21 109
21 111
21 112
21 114
21 117
21 118
21 119
21 121
21 124
21 125
22 1
22 4
22 9
22 10
22 11
22 17
22 19
22 20
22 21
22 23
22 27
22 31
22 33
22 35
22 37
22 41
22 42
22 43
22 45
22 48
22 49
22 50
22 53
22 58
22 59
22 60
22 61
22 63
22 67
22 72
22 74
22 77
22 78
22 81
22 82
22 84
22 85
22 87
22 89
22 91
22 92
22 94
22 97
22 98
22 100
22 101
22 103
22 104
22 106
22 111
22 115
22 118
22 119
22 122
22 124
22 126
22 127
23 0
23 3
23 4
23 5
23 6
23 9
23 11
23 16
23 26
23 27
23 29
23 32
23 35
23 37
23 41
23 42
23 43
23 50
23 53
23 55
23 57
23 58
23 60
23 63
23 65
23 67
23 70
23 73
23 74
23 77
23 78
23 81
23 82
23 83
23 87
23 88
23 91
23 97
23 98
23 101
23 102
23 103
23 105
23 107
23 108
23 110
23 111
23 112
23 115
23 120
23 122
23 127
24 1
24 3
24 4
24 6
24 8
24 10
24 12
24 15
24 16
24 17
24 18
24 23
24 25
24 27
24 28
24 30
24 32
24 34
24 35
24 38
24 40
24 42
24 46
24 48
24 49
24 50
24 51
24 52
24 54
24 55
24 56
24 57
24 58
24 62
24 66
24 69
24 71
24 74
24 75
24 79
24 81
24 84
24 86
24 88
24 93
24 96
24 97
24 99
24 101
24 102
24 105
24 114
24 119
24 122
24 124
24 125
25 0
25 1
25 2
25 3
25 4
25 7
25 8
25 10
25 11
25 12
25 16
25 23
25 25
25 27
25 28
25 30
25 34
25 37
25 38
25 41
25 42
25 45
25 46
25 51
25 52
25 55
25 56
25 59
25 60
25 64
25 65
25 68
25 70
25 74
25 77
25 87
25 88
25 93
25 96
25 103
25 109
25 111
25 114
25 121
25 124
25 125
26 0
26 1
26 2
26 4
26 5
26 6
26 10
26 19
26 20
26 21
26 22
26 24
26 27
26 30
26 31
26 36
26 37
26 41
26 43
26 44
26 46
26 49
26 51
26 54
26 55
26 61
26 66
26 67
26 69
26 70
26 71
26 72
26 73
26 74
26 82
26 83
26 84
26 86
26 88
26 90
26 91
26 92
26 94
26 95
26 97
26 100
26 105
26 106
26 110
26 118
26 119
26 121
26 123
26 125
26 126
26 127
27 6
27 8
27 9
27 10
27 12
27 20
27 33
27 34
27 35
27 36
27 38
27 39
27 41
27 44
27 45
27 47
27 48
27 53
27 54
27 57
27 60
27 64
27 67
27 70
27 71
27 72
27 73
27 76
27 80
27 81
27 82
27 84
27 90
27 101
27 102
27 105
27 107
27 111
27 112
27 113
27 114
27 116
27 118
27 122
27 124
27 125
27 127
28 4
28 11
28 12
28 13
28 15
28 17
28 19
28 25
28 26
28 27
28 29
28 30
28 33
28 34
28 35
28 36
28 37
28 38
28 43
28 48
28 52
28 55
28 57
28 59
28 60
28 64
28 70
28 74
28 75
28 76
28 77
28 79
28 81
28 83
28 86
28 88
28 89
28 91
28 97
28 100
28 101
28 106
28 107
28 111
28 112
28 113
28 114
28 115
28 118
28 119
28 120
28 125
28 126
29 0
29 2
29 4
29 5
29 8
29 11
29 12
29 13
29 15
29 22
29 24
29 25
29 26
29 28
29 30
29 32
29 34
29 36
29 38
29 40
29 42
29 43
29 45
29 46
29 48
29 52
29 55
29 57
29 60
29 62
29 65
29 67
29 73
29 74
29 76
29 77
29 82
29 83
29 85
29 88
29 90
29 91
29 93
29 96
29 97
29 101
29 103
29 106
29 109
29 110
29 112
29 114
29 120
29 123
29 124
30 0
30 2
30 3
30 6
30 7
30 9
30 10
30 12
30 15
30 16
30 18
30 24
30 27
30 28
30 30
30 35
30 38
30 39
30 40
30 42
30 43
30 44
30 49
30 50
30 53
30 56
30 57
30 59
30 60
30 61
30 62
30 65
30 67
30 71
30 72
30 73
30 75
30 78
30 80
30 83
30 84
30 85
30 89
30 91
30 92
30 94
30 96
30 98
30 100
30 101
30 102
30 103
30 104
30 105
30 115
30 116
30 117
30 120
30 123
30 126
31 0
31 2
31 4
31 5
31 9
31 10
31 11
31 15
31 16
31 23
31 27
31 28
31 32
31 33
31 41
31 47
31 52
31 55
31 60
31 64
31 65
31 66
31 69
31 74
31 76
31 78
31 80
31 81
31 86
31 88
31 95
31 97
31 103
31 106
31 107
31 108
31 109
31 110
31 112
31 113
31 115
31 116
31 123
31 125
31 126
31 127
32 2
32 5
32 6
32 8
32 9
32 13
32 15
32 20
32 21
32 23
32 24
32 25
32 26
32 27
32 29
32 30
32 33
32 34
32 35
32 36
32 37
32 45
32 46
32 47
32 48
32 49
32 51
32 52
32 53
32 60
32 61
32 62
32 63
32 64
32 65
32 67
32 68
32 69
32 71
32 73
32 74
32 76
32 77
32 81
32 82
32 83
32 84
32 85
32 86
32 87
32 90
32 92
32 94
32 96
32 97
32 101
32 105
32 106
32 107
32 110
32 112
32 113
32 118
32 125
32 127
33 0
33 2
33 3
33 4
33 6
33 12
33 13
33 14
33 19
33 20
33 21
33 22
33 25
33 28
33 31
33 34
33 36
33 37
33 38
33 41
33 43
33 44
33 45
33 49
33 50
33 51
33 54
33 58
33 59
33 60
33 65
33 68
33 69
33 70
33 71
33 76
33 77
33 78
33 83
33 87
33 90
33 91
33 92
33 96
33 104
33 105
33 106
33 109
33 110
33 116
33 117
33 120
33 121
33 127
34 0
34 2
34 6
34 8
34 12
34 13
34 22
34 23
34 26
34 33
34 38
34 42
34 43
34 46
34 48
34 51
34 63
34 64
34 65
34 69
34 72
34 75
34 80
34 86
34 87
34 89
34 90
34 91
34 92
34 93
34 94
34 95
34 96
34 97
34 101
34 102
34 103
34 107
34 112
34 113
34 114
34 115
34 125
34 126
34 127
35 3
35 5
35 6
35 9
35 12
35 15
35 18
35 19
35 22
35 23
35 24
35 27
35 28
35 29
35 32
35 34
35 38
35 40
35 42
35 50
35 52
35 56
35 57
35 58
35 60
35 64
35 66
35 71
35 73
35 78
35 82
35 83
35 84
35 85
35 86
35 87
35 88
35 90
35 91
35 92
35 96
35 97
35 101
35 106
35 110
35 116
35 117
35 119
35 120
35 122
35 123
35 124
36 0
36 5
36 7
36 12
36 17
36 18
36 19
36 23
36 29
36 30
36 32
36 34
36 35
36 40
36 41
36 42
36 43
36 44
36 45
36 46
36 48
36 51
36 55
36 56
36 57
36 60
36 64
36 65
36 75
36 79
36 80
36 82
36 83
36 87
36 90
36 94
36 95
36 99
36 100
36 103
36 106
36 109
36 115
36 119
36 126
36 127
37 2
37 7
37 9
37 12
37 14
37 22
37 23
37 24
37 25
37 27
37 33
37 38
37 39
37 40
37 43
37 46
37 48
37 50
37 51
37 52
37 56
37 57
37 58
37 63
37 64
37 67
37 68
37 71
37 72
37 76
37 77
37 79
37 80
37 83
37 86
37 88
37 89
37 92
37 94
37 95
37 96
37 97
37 99
37 100
37 102
37 103
37 107
37 112
37 113
37 116
37 118
37 119
37 120
37 122
37 123
37 124
37 126
38 0
38 5
38 9
38 10
38 12
38 17
38 19
38 21
38 27
38 28
38 29
38 32
38 33
38 34
38 36
38 37
38 38
38 40
38 42
38 47
38 49
38 52
38 57
38 59
38 60
38 63
38 67
38 68
38 72
38 73
38 76
38 78
38 81
38 83
38 88
38 89
38 91
38 92
38 93
38 97
38 98
38 100
38 102
38 104
38 106
38 107
38 109
38 111
38 117
38 121
38 122
38 123
38 125
38 127
39 0
39 2
39 3
39 4
39 8
39 11
39 14
39 15
39 17
39 22
39 23
39 24
39 28
39 29
39 34
39 35
39 36
39 41
39 43
39 48
39 49
39 50
39 54
39 56
39 58
39 59
39 60
39 63
39 65
39 68
39 71
39 75
39 77
39 78
39 85
39 87
39 89
39 93
39 96
39 99
39 102
39 110
39 111
39 116
39 117
39 118
39 119
39 120
39 121
39 122
39 123
39 127
40 3
40 5
40 7
40 10
40 12
40 13
40 15
40 16
40 17
40 18
40 19
40 20
40 21
40 24
40 26
40 28
40 30
40 31
40 32
40 42
40 47
40 49
40 51
40 53
40 54
40 56
40 58
40 64
40 71
40 73
40 78
40 81
40 82
40 85
40 93
40 94
40 95
40 96
40 97
40 98
40 99
40 100
40 101
40 108
40 109
40 110
40 111
40 115
40 118
40 120
41 1
41 2
41 3
41 8
41 9
41 13
41 16
41 18
41 20
41 21
41 22
41 23
41 33
41 37
41 38
41 39
41 50
41 51
41 53
41 55
41 59
41 62
41 65
41 68
41 74
41 79
41 80
41 83
41 84
41 85
41 87
41 89
41 91
41 94
41 98
41 102
41 103
41 104
41 105
41 106
41 108
41 109
41 110
41 111
41 115
41 116
41 117
41 122
41 125
41 127
42 5
42 8
42 11
42 12
42 13
42 14
42 16
42 17
42 18
42 20
42 22
42 30
42 35
42 39
42 43
42 47
42 48
42 49
42 54
42 58
42 60
42 62
42 63
42 66
42 67
42 68
42 69
42 82
42 86
42 90
42 93
42 96
42 97
42 99
42 100
42 102
42 106
42 107
42 108
42 110
42 115
42 118
42 120
42 121
43 1
43 6
43 14
43 15
43 16
43 19
43 23
43 25
43 29
43 30
43 35
43 36
43 38
43 40
43 41
43 42
43 46
43 47
43 48
43 51
43 52
43 53
43 54
43 58
43 61
43 65
43 68
43 69
43 70
43 71
43 76
43 77
43 78
43 81
43 83
43 87
43 89
43 91
43 95
43 99
43 100
43 103
43 104
43 107
43 110
43 114
43 115
43 119
43 121
43 123
43 124
43 126
44 5
44 6
44 7
44 8
44 11
44 12
44 15
44 21
44 24
44 26
44 29
44 32
44 38
44 39
44 40
44 41
44 46
44 47
44 49
44 59
44 60
44 61
44 62
44 66
44 67
44 73
44 76
44 77
44 78
44 80
44 81
44 84
44 88
44 89
44 90
44 92
44 94
44 95
44 99
44 106
44 111
44 112
44 117
44 118
44 119
44 120
44 121
44 122
44 127
45 0
45 1
45 5
45 8
45 10
45 14
45 16
45 21
45 23
45 24
45 36
45 37
45 43
45 45
45 47
45 49
45 50
45 52
45 54
45 57
45 58
45 64
45 68
45 69
45 71
45 72
45 74
45 75
45 76
45 77
45 78
45 79
45 80
45 88
45 92
45 93
45 96
45 97
45 99
45 105
45 106
45 108
45 109
45 113
45 114
45 115
45 119
45 120
45 121
45 124
45 126
46 2
46 7
46 8
46 12
46 13
46 15
46 16
46 18
46 19
46 23
46 26
46 30
46 32
46 34
46 38
46 39
46 41
46 45
46 51
46 67
46 70
46 72
46 74
46 75
46 77
46 87
46 94
46 95
46 97
46 98
46 101
46 106
46 108
46 110
46 113
46 116
46 119
46 120
46 123
46 127
47 0
47 3
47 4
47 6
47 11
47 14
47 15
47 20
47 21
47 22
47 23
47 24
47 26
47 29
47 30
47 32
47 33
47 34
47 35
47 44
47 49
47 50
47 52
47 53
47 54
47 57
47 58
47 59
47 60
47 65
47 67
47 80
47 82
47 83
47 84
47 86
47 92
47 93
47 95
47 96
47 97
47 101
47 102
47 103
47 108
47 109
47 116
47 119
47 125
47 127
48 1
48 2
48 6
48 8
48 10
48 16
48 17
48 18
48 19
48 24
48 26
48 35
48 37
48 43
48 48
48 49
48 55
48 58
48 62
48 63
48 65
48 72
48 73
48 77
48 78
48 79
48 80
48 81
48 82
48 86
48 92
48 100
48 102
48 103
48 104
48 106
48 109
48 112
48 114
48 116
48 117
48 118
48 120
49 0
49 1
49 3
49 9
49 11
49 17
49 18
49 20
49 21
49 23
49 26
49 27
49 30
49 32
49 36
49 37
49 38
49 41
49 42
49 44
49 45
49 46
49 47
49 48
49 51
49 54
49 55
49 56
49 57
49 58
49 59
49 60
49 61
49 63
49 64
49 65
49 66
49 69
49 71
49 72
49 73
49 74
49 75
49 84
49 85
49 87
49 88
49 89
49 90
49 94
49 95
49 96
49 98
49 99
49 104
49 108
49 110
49 111
49 113
49 116
49 117
49 121
49 122
50 1
50 5
50 7
50 8
50 14
50 16
50 17
50 18
50 22
50 26
50 28
50 30
50 32
50 33
50 34
50 35
50 36
50 37
50 39
50 41
50 42
50 44
50 47
50 48
50 51
50 52
50 53
50 54
50 55
50 63
50 64
50 66
50 67
50 69
50 71
50 72
50 73
50 74
50 77
50 79
50 82
50 85
50 87
50 90
50 91
50 94
50 96
50 97
50 98
50 99
50 101
50 107
50 108
50 110
50 115
50 118
50 119
50 122
50 124
50 125
50 126
51 0
51 1
51 2
51 3
51 7
51 10
51 11
51 13
51 14
51 19
51 23
51 25
51 27
51 31
51 32
51 33
51 34
51 37
51 41
51 42
51 48
51 49
51 50
51 51
51 55
51 56
51 57
51 61
51 63
51 68
51 71
51 73
51 74
51 77
51 79
51 80
51 82
51 86
51 88
51 89
51 90
51 92
51 93
51 94
51 96
51 100
51 101
51 109
51 115
51 116
51 124
52 0
52 1
52 3
52 6
52 11
52 13
52 14
52 15
52 18
52 19
52 23
52 26
52 28
52 32
52 33
52 34
52 36
52 38
52 42
52 44
52 49
52 52
52 53
52 58
52 63
52 66
52 68
52 70
52 73
52 76
52 78
52 82
52 83
52 85
52 86
52 87
52 90
52 93
52 94
52 97
52 111
52 114
52 115
52 119
52 120
52 123
52 124
52 126
53 2
53 5
53 9
53 13
53 18
53 19
53 21
53 22
53 24
53 25
53 27
53 28
53 29
53 34
53 35
53 36
53 38
53 42
53 44
53 45
53 46
53 48
53 50
53 52
53 53
53 56
53 58
53 59
53 61
53 72
53 74
53 79
53 89
53 92
53 93
53 100
53 104
53 111
53 118
53 120
53 122
53 126
53 127
54 0
54 1
54 7
54 11
54 14
54 16
54 17
54 18
54 24
54 25
54 31
54 32
54 33
54 34
54 36
54 38
54 39
54 40
54 42
54 43
54 45
54 49
54 51
54 53
54 55
54 60
54 62
54 65
54 66
54 68
54 70
54 72
54 73
54 76
54 77
54 78
54 79
54 80
54 81
54 84
54 89
54 93
54 98
54 105
54 106
54 108
54 109
54 113
54 115
54 116
54 117
54 119
54 120
54 121
54 124
54 125
55 0
55 1
55 3
55 5
55 8
55 9
55 10
55 11
55 14
55 16
55 21
55 23
55 32
55 33
55 35
55 36
55 39
55 40
55 42
55 43
55 47
55 50
55 51
55 54
55 56
55 61
55 62
55 64
55 65
55 66
55 68
55 71
55 72
55 74
55 75
55 82
55 89
55 95
55 98
55 101
55 102
55 103
55 105
55 107
55 108
55 109
55 110
55 116
55 118
55 119
55 122
55 123
55 126
56 2
56 3
56 5
56 6
56 7
56 8
56 9
56 10
56 12
56 14
56 20
56 23
56 26
56 27
56 28
56 29
56 30
56 31
56 33
56 34
56 35
56 41
56 50
56 55
56 56
56 58
56 59
56 62
56 63
56 64
56 66
56 68
56 70
56 71
56 75
56 79
56 80
56 81
56 82
56 84
56 85
56 86
56 87
56 92
56 93
56 94
56 96
56 97
56 99
56 100
56 102
56 104
56 107
56 108
56 109
56 110
56 114
56 116
56 118
56 119
56 120
56 123
57 1
57 4
57 5
57 11
57 12
57 13
57 15
57 16
57 21
57 23
57 28
57 30
57 34
57 35
57 37
57 39
57 40
57 42
57 43
57 44
57 45
57 49
57 52
57 53
57 54
57 57
57 60
57 61
57 62
57 63
57 64
57 66
57 68
57 72
57 78
57 80
57 81
57 83
57 86
57 87
57 88
57 89
57 90
57 92
57 101
57 104
57 110
57 111
57 115
57 117
57 122
57 124
57 125
57 126
58 1
58 6
58 7
58 10
58 16
58 17
58 18
58 21
58 22
58 24
58 32
58 38
58 43
58 48
58 50
58 51
58 53
58 54
58 55
58 57
58 61
58 66
58 67
58 68
58 69
58 70
58 71
58 73
58 75
58 76
58 86
58 89
58 90
58 97
58 98
58 100
58 103
58 106
58 108
58 109
58 110
58 116
58 119
58 120
58 122
58 126
59 4
59 5
59 6
59 7
59 12
59 15
59 23
59 24
59 26
59 28
59 31
59 32
59 33
59 34
59 39
59 42
59 44
59 47
59 52
59 55
59 56
59 57
59 58
59 62
59 63
59 65
59 66
59 70
59 74
59 76
59 79
59 81
59 83
59 86
59 88
59 89
59 90
59 91
59 92
59 94
59 95
59 99
59 100
59 101
59 102
59 104
59 111
59 117
59 121
59 125
59 127
60 4
60 5
60 6
60 12
60 17
60 18
60 21
60 23
60 25
60 29
60 33
60 35
60 36
60 37
60 38
60 41
60 47
60 48
60 51
60 53
60 54
60 57
60 60
60 61
60 64
60 68
60 69
60 71
60 73
60 75
60 83
60 84
60 86
60 88
60 90
60 92
60 93
60 94
60 96
60 97
60 98
60 100
60 107
60 108
60 110
60 111
60 112
60 113
60 114
60 116
60 117
60 119
60 120
61 0
61 1
61 2
61 9
61 10
61 13
61 16
61 17
61 27
61 28
61 32
61 35
61 36
61 38
61 42
61 46
61 49
61 51
61 54
61 56
61 59
61 61
61 62
61 65
61 70
61 72
61 78
61 79
61 81
61 84
61 86
61 88
61 91
61 93
61 94
61 96
61 100
61 102
61 103
61 104
61 108
61 109
61 113
61 115
61 119
61 120
61 121
61 122
61 123
61 124
61 126
62 3
62 4
62 10
62 12
62 24
62 26
62 27
62 28
62 29
62 34
62 35
62 37
62 38
62 39
62 41
62 45
62 46
62 53
62 56
62 62
62 65
62 66
62 67
62 69
62 81
62 82
62 83
62 84
62 91
62 95
62 100
62 102
62 105
62 106
62 110
62 111
62 113
62 114
62 116
62 122
62 123
62 124
62 125
63 0
63 1
63 5
63 12
63 14
63 17
63 21
63 22
63 23
63 26
63 27
63 28
63 29
63 30
63 32
63 34
63 37
63 40
63 43
63 49
63 52
63 53
63 56
63 58
63 61
63 66
63 67
63 69
63 71
63 72
63 73
63 78
63 79
63 82
63 83
63 84
63 92
63 93
63 96
63 100
63 101
63 103
63 104
63 106
63 108
63 110
63 116
63 117
63 118
63 119
63 122
63 124
63 127
64 1
64 2
64 3
64 5
64 8
64 9
64 10
64 12
64 13
64 14
64 15
64 16
64 18
64 24
64 26
64 29
64 30
64 31
64 34
64 36
64 41
64 42
64 49
64 50
64 52
64 53
64 55
64 56
64 61
64 65
64 69
64 70
64 75
64 78
64 79
64 81
64 84
64 92
64 94
64 95
64 98
64 101
64 105
64 114
64 116
64 119
64 123
64 125
64 126
64 127
65 1
65 5
65 6
65 8
65 11
65 12
65 13
65 15
65 16
65 18
65 19
65 21
65 23
65 29
65 30
65 32
65 33
65 35
65 37
65 39
65 42
65 54
65 55
65 56
65 59
65 61
65 63
65 64
65 68
65 74
65 77
65 78
65 81
65 82
65 87
65 89
65 91
65 96
65 101
65 102
65 104
65 105
65 106
65 110
65 112
65 114
65 115
65 116
65 122
66 0
66 2
66 3
66 4
66 7
66 12
66 14
66 15
66 18
66 21
66 26
66 27
66 28
66 29
66 30
66 35
66 36
66 37
66 40
66 42
66 43
66 46
66 48
66 52
66 56
66 57
66 65
66 66
66 71
66 72
66 75
66 76
66 79
66 85
66 89
66 90
66 91
66 94
66 96
66 98
66 99
66 101
66 105
66 110
66 113
66 118
66 121
66 123
66 127
67 1
67 3
67 8
67 11
67 12
67 13
67 22
67 26
67 37
67 40
67 45
67 48
67 50
67 56
67 57
67 58
67 61
67 64
67 69
67 70
67 71
67 72
67 75
67 78
67 85
67 88
67 89
67 95
67 100
67 101
67 104
67 105
67 109
67 111
67 112
67 114
67 116
67 121
67 123
67 125
68 1
68 4
68 5
68 6
68 8
68 10
68 12
68 15
68 18
68 21
68 22
68 23
68 25
68 28
68 29
68 36
68 38
68 39
68 40
68 41
68 44
68 46
68 50
68 57
68 60
68 62
68 63
68 65
68 69
68 70
68 74
68 78
68 79
68 82
68 87
68 93
68 94
68 98
68 100
68 105
68 107
68 110
68 113
68 116
68 124
68 126
69 2
69 3
69 4
69 10
69 11
69 12
69 19
69 21
69 24
69 27
69 30
69 34
69 35
69 36
69 38
69 39
69 41
69 42
69 44
69 47
69 48
69 50
69 55
69 60
69 62
69 68
69 70
69 71
69 74
69 80
69 81
69 82
69 83
69 84
69 85
69 86
69 88
69 89
69 95
69 97
69 101
69 102
69 103
69 104
69 107
69 114
69 119
69 122
69 124
70 0
70 2
70 3
70 4
70 5
70 7
70 9
70 11
70 13
70 14
70 15
70 16
70 17
70 23
70 25
70 26
70 27
70 31
70 36
70 37
70 41
70 45
70 47
70 49
70 53
70 54
70 55
70 63
70 64
70 77
70 78
70 79
70 80
70 83
70 84
70 86
70 90
70 91
70 92
70 93
70 95
70 97
70 104
70 105
70 107
70 109
70 110
70 111
70 112
70 114
70 116
70 118
70 119
70 120
70 124
70 127
71 0
71 1
71 2
71 5
71 6
71 14
71 18
71 19
71 21
71 22
71 23
71 24
71 26
71 27
71 29
71 31
71 32
71 36
71 38
71 39
71 48
71 50
71 52
71 56
71 59
71 69
71 70
71 73
71 76
71 78
71 79
71 80
71 81
71 82
71 84
71 91
71 92
71 93
71 95
71 96
71 103
71 106
71 111
71 112
71 113
71 116
71 117
71 118
71 119
71 123
71 125
71 126
71 127
72 0
72 1
72 4
72 5
72 6
72 8
72 9
72 12
72 16
72 19
72 22
72 23
72 24
72 25
72 29
72 30
72 33
72 35
72 37
72 43
72 44
72 45
72 46
72 47
72 48
72 49
72 51
72 53
72 59
72 60
72 61
72 62
72 63
72 67
72 71
72 72
72 73
72 74
72 75
72 76
72 81
72 87
72 88
72 89
72 92
72 94
72 97
72 99
72 101
72 103
72 105
72 107
72 109
72 110
72 111
72 112
72 113
72 116
72 117
72 118
72 120
73 2
73 4
73 11
73 12
73 18
73 19
73 20
73 25
73 26
73 27
73 28
73 30
73 32
73 33
73 34
73 37
73 38
73 41
73 45
73 47
73 49
73 53
73 56
73 58
73 59
73 64
73 65
73 66
73 68
73 79
73 82
73 83
73 84
73 90
73 92
73 93
73 94
73 95
73 97
73 98
73 99
73 102
73 104
73 106
73 107
73 109
73 113
73 115
73 118
73 120
73 122
73 124
73 125
74 0
74 4
74 5
74 8
74 11
74 12
74 13
74 14
74 16
74 23
74 24
74 26
74 33
74 34
74 35
74 37
74 39
74 43
74 51
74 53
74 59
74 62
74 63
74 65
74 69
74 70
74 71
74 76
74 80
74 83
74 87
74 88
74 89
74 94
74 97
74 100
74 103
74 104
74 109
74 111
74 113
74 118
74 121
74 122
74 123
74 127
75 3
75 4
75 5
75 7
75 12
75 25
75 28
75 30
75 32
75 33
75 41
75 42
75 44
75 50
75 51
75 52
75 54
75 56
75 57
75 62
75 68
75 70
75 72
75 74
75 78
75 80
75 87
75 89
75 90
75 91
75 94
75 96
75 98
75 99
75 102
75 103
75 106
75 111
75 113
75 114
75 118
75 121
75 122
75 124
76 0
76 2
76 4
76 9
76 10
76 11
76 14
76 18
76 20
76 22
76 23
76 28
76 29
76 34
76 37
76 39
76 40
76 42
76 44
76 46
76 48
76 51
76 55
76 57
76 64
76 65
76 67
76 68
76 71
76 72
76 75
76 77
76 79
76 87
76 88
76 92
76 93
76 94
76 95
76 96
76 98
76 102
76 103
76 107
76 110
76 112
76 114
76 115
76 118
76 122
76 127
77 0
77 3
77 4
77 7
77 8
77 13
77 15
77 16
77 20
77 25
77 27
77 29
77 32
77 34
77 45
77 47
77 49
77 53
77 55
77 56
77 57
77 59
77 60
77 62
77 64
77 65
77 66
77 68
77 73
77 75
77 77
77 78
77 84
77 85
77 86
77 89
77 92
77 95
77 99
77 102
77 103
77 105
77 106
77 111
77 112
77 114
77 116
77 118
77 124
78 0
78 2
78 4
78 9
78 12
78 13
78 14
78 15
78 19
78 20
78 21
78 24
78 26
78 27
78 30
78 31
78 32
78 33
78 36
78 37
78 42
78 47
78 52
78 54
78 56
78 57
78 59
78 61
78 62
78 68
78 71
78 75
78 76
78 79
78 80
78 81
78 82
78 85
78 87
78 88
78 91
78 92
78 94
78 97
78 99
78 100
78 101
78 102
78 104
78 105
78 109
78 110
78 111
78 113
78 114
78 115
78 119
78 120
78 122
78 123
78 125
78 127
79 10
79 11
79 12
79 13
79 15
79 20
79 21
79 22
79 25
79 30
79 31
79 32
79 33
79 35
79 37
79 40
79 41
79 43
79 44
79 45
79 49
79 50
79 55
79 56
79 58
79 59
79 65
79 66
79 67
79 69
79 76
79 77
79 78
79 79
79 80
79 85
79 89
79 90
79 92
79 97
79 98
79 99
79 107
79 108
79 110
79 112
79 113
79 117
79 119
79 120
79 122
80 1
80 4
80 6
80 8
80 9
80 14
80 16
80 19
80 22
80 23
80 28
80 29
80 32
80 34
80 40
80 41
80 42
80 45
80 46
80 47
80 48
80 50
80 54
80 56
80 57
80 58
80 60
80 67
80 68
80 70
80 73
80 74
80 76
80 79
80 80
80 86
80 87
80 91
80 92
80 95
80 96
80 102
80 103
80 104
80 110
80 112
80 114
80 118
80 119
80 122
81 0
81 7
81 8
81 11
81 15
81 20
81 24
81 25
81 26
81 27
81 35
81 36
81 40
81 43
81 48
81 53
81 54
81 55
81 58
81 65
81 66
81 67
81 68
81 69
81 76
81 82
81 88
81 91
81 93
81 94
81 99
81 100
81 101
81 102
81 103
81 105
81 108
81 109
81 117
81 118
81 119
81 120
81 121
81 123
81 124
81 126
81 127
82 1
82 2
82 4
82 6
82 7
82 10
82 11
82 12
82 13
82 14
82 18
82 19
82 24
82 28
82 34
82 35
82 39
82 40
82 41
82 44
82 45
82 50
82 53
82 54
82 55
82 63
82 69
82 70
82 74
82 77
82 78
82 83
82 85
82 89
82 90
82 94
82 95
82 98
82 103
82 108
82 109
82 113
82 115
82 121
82 125
82 127
83 0
83 1
83 2
83 3
83 4
83 8
83 9
83 13
83 14
83 17
83 22
83 23
83 26
83 27
83 28
83 29
83 31
83 32
83 35
83 39
83 42
83 45
83 46
83 47
83 48
83 51
83 58
83 62
83 63
83 66
83 67
83 76
83 77
83 78
83 79
83 89
83 91
83 92
83 93
83 94
83 95
83 97
83 98
83 99
83 101
83 102
83 105
83 106
83 108
83 109
83 111
83 112
83 113
83 114
83 117
83 118
83 122
83 123
84 5
84 6
84 8
84 10
84 11
84 12
84 15
84 20
84 22
84 28
84 29
84 31
84 38
84 39
84 40
84 44
84 46
84 50
84 52
84 53
84 54
84 60
84 65
84 68
84 69
84 70
84 74
84 77
84 81
84 82
84 84
84 85
84 86
84 88
84 91
84 94
84 95
84 96
84 98
84 102
84 103
84 105
84 106
84 107
84 109
84 114
84 116
84 117
84 118
84 119
84 120
84 122
84 123
84 127
85 0
85 1
85 2
85 6
85 9
85 12
85 15
85 19
85 21
85 23
85 27
85 32
85 36
85 37
85 44
85 45
85 46
85 48
85 51
85 54
85 55
85 56
85 60
85 61
85 67
85 68
85 69
85 72
85 75
85 83
85 85
85 87
85 89
85 98
85 99
85 100
85 104
85 105
85 106
85 107
85 108
85 110
85 112
85 122
85 123
85 124
85 126
86 1
86 3
86 6
86 8
86 12
86 15
86 16
86 17
86 18
86 20
86 21
86 28
86 29
86 30
86 31
86 32
86 36
86 39
86 40
86 41
86 49
86 52
86 55
86 62
86 65
86 66
86 68
86 77
86 79
86 80
86 81
86 82
86 85
86 93
86 95
86 97
86 98
86 102
86 108
86 113
86 116
86 119
86 120
86 121
86 124
86 125
86 127
87 2
87 3
87 4
87 5
87 7
87 8
87 12
87 13
87 14
87 15
87 21
87 23
87 25
87 28
87 30
87 32
87 33
87 37
87 39
87 40
87 41
87 42
87 45
87 49
87 54
87 59
87 66
87 68
87 74
87 77
87 79
87 82
87 84
87 85
87 91
87 97
87 99
87 105
87 106
87 110
87 113
87 115
87 116
87 117
87 118
87 120
87 124
87 125
87 126
87 127
88 3
88 5
88 6
88 10
88 15
88 16
88 18
88 25
88 26
88 27
88 29
88 32
88 35
88 36
88 45
88 47
88 48
88 49
88 50
88 53
88 58
88 60
88 61
88 62
88 67
88 68
88 69
88 70
88 72
88 79
88 80
88 81
88 82
88 84
88 85
88 90
88 98
88 100
88 102
88 103
88 106
88 108
88 110
88 111
88 112
88 117
88 118
88 125
88 127
89 1
89 3
89 4
89 5
89 10
89 13
89 18
89 20
89 22
89 23
89 30
89 31
89 33
89 38
89 40
89 41
89 42
89 46
89 47
89 49
89 50
89 53
89 55
89 56
89 57
89 58
89 63
89 64
89 66
89 70
89 71
89 73
89 80
89 81
89 82
89 84
89 85
89 88
89 91
89 96
89 97
89 101
89 103
89 105
89 106
89 108
89 110
89 115
89 118
89 123
89 124
89 126
90 0
90 1
90 2
90 4
90 6
90 7
90 10
90 16
90 20
90 22
90 28
90 30
90 33
90 34
90 35
90 36
90 41
90 46
90 48
90 49
90 51
90 52
90 56
90 57
90 59
90 63
90 64
90 65
90 67
90 76
90 78
90 83
90 84
90 85
90 88
90 91
90 92
90 94
90 97
90 98
90 99
90 102
90 103
90 106
90 112
90 113
90 114
90 119
90 122
90 123
90 126
90 127
91 0
91 1
91 2
91 4
91 5
91 7
91 9
91 10
91 15
91 17
91 18
91 20
91 22
91 24
91 25
91 28
91 31
91 33
91 35
91 39
91 41
91 44
91 46
91 52
91 54
91 55
91 56
91 61
91 65
91 67
91 70
91 71
91 72
91 74
91 76
91 77
91 84
91 86
91 87
91 92
91 96
91 100
91 101
91 104
91 108
91 111
91 113
91 114
91 119
91 120
91 121
91 124
91 127
92 1
92 4
92 7
92 11
92 13
92 14
92 15
92 23
92 24
92 28
92 29
92 30
92 32
92 36
92 39
92 41
92 42
92 45
92 47
92 50
92 52
92 55
92 56
92 59
92 60
92 61
92 62
92 65
92 66
92 69
92 71
92 74
92 76
92 79
92 82
92 83
92 85
92 86
92 88
92 90
92 92
92 94
92 95
92 96
92 97
92 98
92 100
92 102
92 104
92 107
92 110
92 112
92 113
92 118
92 119
92 127
93 0
93 3
93 4
93 6
93 8
93 11
93 13
93 14
93 15
93 16
93 17
93 19
93 20
93 22
93 23
93 24
93 26
93 28
93 30
93 31
93 33
93 38
93 39
93 40
93 42
93 47
93 49
93 52
93 54
93 56
93 60
93 61
93 63
93 65
93 66
93 67
93 72
93 75
93 80
93 82
93 85
93 90
93 95
93 97
93 103
93 107
93 108
93 109
93 113
93 116
93 117
93 118
93 119
93 120
93 121
93 122
93 126
94 2
94 3
94 10
94 12
94 13
94 14
94 15
94 19
94 23
94 26
94 29
94 30
94 32
94 33
94 34
94 41
94 46
94 49
94 50
94 52
94 56
94 59
94 61
94 62
94 64
94 69
94 71
94 72
94 75
94 76
94 79
94 84
94 85
94 87
94 88
94 91
94 93
94 99
94 101
94 103
94 104
94 105
94 106
94 107
94 113
94 120
94 122
94 124
94 125
94 126
95 2
95 4
95 6
95 8
95 9
95 11
95 12
95 18
95 27
95 31
95 32
95 35
95 40
95 41
95 43
95 44
95 46
95 49
95 53
95 54
95 55
95 56
95 57
95 58
95 61
95 65
95 66
95 70
95 71
95 72
95 74
95 76
95 79
95 81
95 83
95 85
95 89
95 90
95 92
95 93
95 94
95 95
95 97
95 98
95 99
95 101
95 102
95 105
95 106
95 107
95 110
95 111
95 115
95 116
95 120
95 126
96 0
96 2
96 4
96 5
96 7
96 8
96 11
96 13
96 29
96 31
96 34
96 36
96 38
96 39
96 44
96 46
96 51
96 52
96 56
96 57
96 59
96 60
96 63
96 68
96 69
96 71
96 73
96 75
96 76
96 79
96 80
96 82
96 84
96 85
96 91
96 94
96 95
96 96
96 97
96 98
96 102
96 103
96 108
96 112
96 116
96 127
97 3
97 4
97 5
97 6
97 7
97 8
97 10
97 14
97 17
97 19
97 20
97 23
97 25
97 29
97 30
97 31
97 37
97 40
97 42
97 49
97 50
97 55
97 56
97 64
97 67
97 69
97 71
97 72
97 73
97 74
97 78
97 79
97 80
97 81
97 82
97 90
97 92
97 95
97 101
97 103
97 105
97 106
97 108
97 109
97 110
97 114
97 115
97 119
97 120
97 123
97 127
98 0
98 7
98 10
98 11
98 19
98 23
98 24
98 26
98 27
98 31
98 32
98 38
98 39
98 41
98 44
98 47
98 48
98 50
98 51
98 52
98 63
98 64
98 65
98 70
98 71
98 72
98 73
98 74
98 79
98 83
98 88
98 93
98 94
98 95
98 97
98 98
98 100
98 101
98 102
98 105
98 110
98 112
98 113
98 117
98 118
98 122
98 125
99 6
99 7
99 11
99 16
99 20
99 22
99 23
99 24
99 25
99 29
99 30
99 31
99 33
99 34
99 35
99 37
99 38
99 40
99 41
99 43
99 44
99 47
99 48
99 49
99 51
99 52
99 55
99 58
99 60
99 62
99 65
99 67
99 69
99 72
99 73
99 75
99 76
99 77
99 84
99 87
99 89
99 92
99 93
99 94
99 95
99 98
99 99
99 104
99 110
99 111
99 115
99 116
99 118
99 120
99 121
99 124
99 125
100 5
100 7
100 9
100 10
100 13
100 14
100 15
100 16
100 19
100 20
100 21
100 24
100 25
100 26
100 27
100 31
100 34
100 35
100 41
100 42
100 50
100 51
100 52
100 53
100 54
100 55
100 57
100 58
100 59
100 60
100 61
100 62
100 64
100 65
100 66
100 68
100 69
100 70
100 71
100 72
100 73
100 74
100 76
100 78
100 79
100 83
100 86
100 89
100 92
100 97
100 105
100 107
100 109
100 112
100 113
100 114
100 116
100 119
100 121
100 122
101 1
101 5
101 11
101 13
101 16
101 18
101 22
101 26
101 29
101 30
101 31
101 33
101 34
101 35
101 37
101 40
101 42
101 45
101 46
101 47
101 51
101 60
101 62
101 64
101 65
101 66
101 67
101 69
101 70
101 71
101 74
101 79
101 80
101 81
101 82
101 84
101 85
101 87
101 88
101 89
101 94
101 96
101 97
101 99
101 100
101 106
101 109
101 110
101 112
101 119
101 121
101 122
102 0
102 2
102 5
102 6
102 8
102 9
102 11
102 13
102 14
102 16
102 17
102 18
102 23
102 27
102 28
102 29
102 35
102 38
102 40
102 42
102 43
102 50
102 54
102 61
102 62
102 69
102 71
102 73
102 77
102 78
102 79
102 82
102 83
102 84
102 86
102 87
102 89
102 95
102 103
102 104
102 105
102 110
102 111
102 112
102 113
102 114
102 122
102 123
102 126
103 2
103 5
103 6
103 10
103 11
103 13
103 14
103 15
103 32
103 35
103 36
103 37
103 39
103 41
103 43
103 47
103 48
103 50
103 53
103 55
103 56
103 58
103 60
103 64
103 65
103 66
103 67
103 69
103 72
103 74
103 77
103 81
103 82
103 84
103 86
103 87
103 88
103 95
103 99
103 104
103 109
103 115
103 118
103 120
103 124
103 125
103 126
104 3
104 7
104 10
104 15
104 18
104 19
104 24
104 25
104 28
104 30
104 32
104 33
104 35
104 40
104 41
104 43
104 48
104 49
104 57
104 58
104 62
104 63
104 64
104 68
104 69
104 75
104 79
104 80
104 84
104 88
104 89
104 94
104 95
104 97
104 98
104 99
104 101
104 104
104 109
104 111
104 114
104 117
104 118
104 123
104 125
104 126
105 1
105 2
105 3
105 7
105 12
105 13
105 15
105 19
105 21
105 23
105 26
105 29
105 34
105 37
105 38
105 39
105 43
105 46
105 49
105 53
105 55
105 58
105 61
105 62
105 64
105 72
105 73
105 75
105 79
105 80
105 82
105 83
105 84
105 85
105 86
105 87
105 89
105 93
105 96
105 99
105 100
105 102
105 108
105 109
105 111
105 112
105 113
105 115
105 116
105 118
105 119
105 120
105 123
105 124
105 125
105 127
106 4
106 5
106 9
106 12
106 14
106 18
106 21
106 25
106 26
106 27
106 35
106 36
106 37
106 40
106 43
106 44
106 48
106 49
106 50
106 55
106 56
106 57
106 60
106 63
106 64
106 67
106 69
106 73
106 77
106 78
106 79
106 81
106 82
106 88
106 89
106 90
106 97
106 98
106 99
106 102
106 103
106 105
106 106
106 109
106 113
106 117
106 120
106 123
106 125
106 127
107 0
107 2
107 4
107 6
107 7
107 12
107 13
107 18
107 20
107 23
107 25
107 32
107 35
107 36
107 37
107 39
107 42
107 44
107 48
107 49
107 50
107 53
107 57
107 60
107 62
107 71
107 75
107 76
107 77
107 82
107 83
107 85
107 86
107 87
107 88
107 91
107 93
107 95
107 96
107 100
107 102
107 103
107 106
107 107
107 110
107 118
107 121
107 122
107 125
108 2
108 5
108 6
108 9
108 11
108 21
108 26
108 28
108 32
108 33
108 35
108 37
108 42
108 44
108 46
108 48
108 49
108 54
108 55
108 60
108 63
108 65
108 71
108 74
108 77
108 82
108 83
108 85
108 86
108 93
108 100
108 101
108 102
108 104
108 107
108 112
108 118
108 119
108 120
108 121
108 122
108 124
108 126
108 127
109 3
109 7
109 8
109 9
109 10
109 12
109 15
109 16
109 19
109 21
109 22
109 24
109 25
109 29
109 30
109 32
109 36
109 39
109 44
109 45
109 48
109 50
109 51
109 52
109 54
109 55
109 56
109 58
109 63
109 64
109 75
109 76
109 77
109 78
109 88
109 94
109 96
109 97
109 102
109 106
109 107
109 113
109 114
109 117
109 118
109 119
109 121
109 124
110 4
110 10
110 12
110 14
110 18
110 20
110 23
110 24
110 30
110 31
110 33
110 36
110 41
110 43
110 46
110 47
110 48
110 49
110 50
110 53
110 57
110 61
110 62
110 63
110 65
110 68
110 69
110 72
110 77
110 79
110 81
110 86
110 88
110 89
110 90
110 96
110 98
110 100
110 101
110 102
110 103
110 106
110 107
110 108
110 112
110 113
110 114
110 115
110 116
110 122
110 124
110 125
110 126
110 127
111 1
111 2
111 6
111 7
111 8
111 10
111 11
111 13
111 15
111 18
111 20
111 23
111 27
111 28
111 31
111 32
111 34
111 39
111 41
111 42
111 43
111 47
111 48
111 52
111 53
111 55
111 56
111 57
111 63
111 64
111 66
111 68
111 71
111 73
111 78
111 81
111 83
111 85
111 87
111 91
111 97
111 99
111 101
111 102
111 117
111 118
111 119
111 121
111 122
111 125
111 127
112 1
112 3
112 4
112 5
112 7
112 8
112 9
112 10
112 14
112 20
112 22
112 23
112 25
112 27
112 28
112 35
112 38
112 40
112 41
112 44
112 47
112 49
112 50
112 51
112 55
112 57
112 58
112 61
112 63
112 66
112 68
112 69
112 70
112 71
112 73
112 74
112 82
112 85
112 88
112 95
112 100
112 101
112 103
112 107
112 111
112 115
112 122
112 123
112 125
112 126
113 1
113 2
113 5
113 9
113 11
113 14
113 18
113 24
113 26
113 28
113 30
113 32
113 36
113 47
113 48
113 51
113 52
113 56
113 60
113 61
113 64
113 65
113 69
113 73
113 78
113 79
113 81
113 82
113 87
113 88
113 89
113 97
113 99
113 100
113 104
113 109
113 113
113 114
113 115
113 117
113 120
113 122
113 123
113 124
113 125
113 126
114 0
114 4
114 6
114 7
114 11
114 12
114 13
114 15
114 21
114 24
114 25
114 30
114 35
114 37
114 38
114 41
114 42
114 45
114 47
114 48
114 51
114 52
114 54
114 57
114 60
114 65
114 66
114 67
114 74
114 76
114 80
114 81
114 83
114 84
114 91
114 95
114 96
114 98
114 99
114 102
114 103
114 104
114 105
114 106
114 107
114 108
114 111
114 113
114 119
114 120
114 121
114 123
114 124
114 127
115 4
115 5
115 7
115 8
115 10
115 13
115 15
115 20
115 24
115 25
115 27
115 29
115 30
115 31
115 32
115 35
115 36
115 38
115 42
115 45
115 47
115 51
115 52
115 53
115 59
115 62
115 65
115 66
115 71
115 72
115 74
115 75
115 78
115 79
115 80
115 81
115 83
115 84
115 85
115 87
115 94
115 96
115 97
115 100
115 101
115 102
115 105
115 108
115 111
115 112
115 113
115 117
115 122
115 123
115 124
115 126
115 127
116 3
116 4
116 5
116 8
116 12
116 13
116 17
116 24
116 26
116 28
116 29
116 31
116 32
116 34
116 40
116 42
116 50
116 52
116 54
116 56
116 58
116 63
116 64
116 65
116 68
116 69
116 73
116 74
116 76
116 78
116 79
116 80
116 81
116 94
116 96
116 98
116 99
116 100
116 107
116 108
116 112
116 118
116 122
117 2
117 8
117 9
117 10
117 15
117 17
117 18
117 20
117 21
117 23
117 24
117 29
117 34
117 35
117 36
117 38
117 45
117 47
117 48
117 52
117 53
117 54
117 55
117 60
117 61
117 62
117 64
117 68
117 71
117 72
117 76
117 77
117 78
117 80
117 81
117 85
117 86
117 87
117 89
117 93
117 97
117 100
117 101
117 108
117 109
117 111
117 116
117 117
117 120
117 121
117 122
117 124
117 127
118 3
118 5
118 7
118 10
118 12
118 17
118 18
118 19
118 23
118 24
118 26
118 27
118 28
118 33
118 35
118 36
118 38
118 40
118 42
118 43
118 44
118 46
118 48
118 52
118 54
118 55
118 58
118 59
118 64
118 65
118 68
118 69
118 71
118 74
118 79
118 80
118 81
118 87
118 89
118 91
118 93
118 101
118 110
118 114
118 117
118 118
118 120
118 122
118 127
119 5
119 7
119 9
119 13
119 14
119 18
119 19
119 24
119 25
119 26
119 31
119 32
119 36
119 39
119 42
119 44
119 45
119 46
119 49
119 52
119 56
119 57
119 58
119 60
119 61
119 64
119 68
119 69
119 75
119 77
119 78
119 80
119 81
119 82
119 84
119 85
119 87
119 89
119 90
119 92
119 94
119 98
119 103
119 105
119 109
119 111
119 112
119 113
119 114
119 118
119 126
120 4
120 5
120 6
120 9
120 15
120 17
120 18
120 19
120 20
120 22
120 24
120 30
120 31
120 34
120 36
120 37
120 38
120 42
120 50
120 52
120 54
120 55
120 56
120 59
120 60
120 62
120 63
120 64
120 72
120 77
120 78
120 81
120 87
120 91
120 94
120 95
120 102
120 103
120 105
120 106
120 109
120 110
120 114
120 115
120 118
120 120
120 122
120 123
120 124
120 125
121 0
121 5
121 12
121 13
121 15
121 16
121 17
121 18
121 19
121 20
121 22
121 31
121 36
121 40
121 42
121 43
121 49
121 51
121 52
121 53
121 54
121 55
121 56
121 60
121 62
121 64
121 65
121 66
121 69
121 70
121 72
121 74
121 80
121 85
121 87
121 89
121 92
121 94
121 95
121 96
121 97
121 98
121 99
121 100
121 101
121 102
121 104
121 109
121 111
121 117
121 118
121 119
121 120
121 123
121 124
121 125
122 0
122 5
122 8
122 12
122 13
122 14
122 17
122 18
122 21
122 28
122 30
122 33
122 35
122 36
122 39
122 41
122 43
122 45
122 46
122 47
122 50
122 54
122 57
122 62
122 68
122 69
122 75
122 77
122 82
122 84
122 85
122 89
122 92
122 95
122 97
122 98
122 100
122 101
122 102
122 104
122 106
122 107
122 108
122 111
122 112
122 115
122 116
122 117
122 119
122 121
122 126
123 2
123 10
123 12
123 13
123 15
123 18
123 24
123 27
123 28
123 31
123 33
123 36
123 39
123 41
123 44
123 45
123 51
123 54
123 55
123 60
123 62
123 63
123 64
123 65
123 66
123 68
123 70
123 72
123 74
123 75
123 76
123 80
123 85
123 86
123 88
123 91
123 92
123 93
123 98
123 99
123 100
123 105
123 106
123 108
123 114
123 117
123 119
123 122
123 124
124 4
124 5
124 8
124 10
124 11
124 13
124 14
124 15
124 19
124 20
124 21
124 24
124 27
124 32
124 33
124 37
124 47
124 50
124 51
124 53
124 62
124 69
124 70
124 71
124 74
124 75
124 76
124 83
124 88
124 90
124 92
124 95
124 98
124 99
124 101
124 103
124 104
124 105
124 109
124 112
124 116
124 120
124 122
124 123
124 124
124 126
125 0
125 1
125 7
125 11
125 12
125 14
125 22
125 24
125 28
125 29
125 34
125 35
125 39
125 41
125 44
125 45
125 49
125 51
125 59
125 62
125 63
125 65
125 67
125 68
125 73
125 74
125 75
125 76
125 77
125 83
125 84
125 86
125 87
125 89
125 92
125 93
125 95
125 97
125 98
125 99
125 101
125 102
125 103
125 104
125 109
125 110
125 111
125 118
125 122
125 123
125 124
125 127
126 0
126 6
126 10
126 12
126 17
126 22
126 23
126 25
126 28
126 29
126 31
126 32
126 34
126 36
126 37
126 38
126 39
126 40
126 42
126 44
126 47
126 52
126 54
126 57
126 58
126 59
126 60
126 63
126 64
126 66
126 67
126 69
126 75
126 77
126 78
126 80
126 82
126 85
126 88
126 90
126 92
126 97
126 99
126 100
126 106
126 108
126 109
126 112
126 114
126 115
126 116
126 120
126 121
126 123
126 125
126 126
127 2
127 3
127 9
127 14
127 15
127 16
127 17
127 21
127 23
127 27
127 33
127 34
127 36
127 38
127 41
127 42
127 51
127 52
127 54
127 57
127 62
127 66
127 70
127 71
127 72
127 73
127 75
127 81
127 83
127 90
127 91
127 94
127 95
127 96
127 102
127 103
127 104
127 109
127 110
127 113
127 114
127 115
127 120
127 121
