0 72
1 106
2 26
2 39
2 66
3 53
4 9
4 81
7 101
8 54
8 95
9 20
9 30
10 98
13 99
14 43
15 25
15 47
21 80
22 60
25 55
25 107
26 117
27 114
30 65
30 119
31 28
33 61
33 84
34 11
34 28
34 76
37 93
39 62
41 0
41 25
42 75
43 113
44 42
45 103
46 5
46 68
47 35
47 100
49 89
50 35
52 60
54 46
56 39
57 41
57 42
57 94
60 3
61 46
65 55
67 53
67 103
67 105
70 88
71 25
72 120
73 91
73 120
76 34
78 126
82 28
83 85
83 86
84 59
85 20
85 80
85 94
86 127
87 7
87 65
87 100
88 55
92 33
93 29
94 35
95 87
97 73
98 95
98 113
99 93
100 33
103 54
105 94
106 48
108 80
109 49
111 26
113 23
116 52
117 71
118 6
123 5
124 120
126 34
127 79
