0 0
0 5
0 6
0 8
0 10
0 11
0 12
0 13
0 14
0 15
0 19
0 20
0 21
0 22
0 23
0 25
0 28
0 32
0 35
0 36
0 38
0 44
0 46
0 48
0 49
0 50
0 51
0 52
0 57
0 60
0 61
0 63
0 64
0 66
0 68
0 71
0 72
0 75
0 80
0 81
0 83
0 84
0 85
0 86
0 89
0 91
0 92
0 94
0 98
0 99
0 103
0 104
0 106
0 107
0 109
0 110
0 111
0 115
0 116
0 123
0 127
1 0
1 2
1 4
1 9
1 10
1 11
1 15
1 22
1 27
1 29
1 31
1 34
1 35
1 39
1 40
1 42
1 44
1 47
1 51
1 52
1 56
1 62
1 63
1 65
1 66
1 67
1 71
1 73
1 74
1 75
1 76
1 79
1 81
1 82
1 89
1 91
1 92
1 93
1 96
1 99
1 101
1 102
1 104
1 108
1 111
1 112
1 113
1 114
1 126
1 127
2 0
2 1
2 6
2 13
2 15
2 17
2 23
2 24
2 26
2 29
2 31
2 32
2 36
2 37
2 41
2 42
2 45
2 47
2 48
2 51
2 52
2 53
2 54
2 58
2 59
2 60
2 62
2 64
2 65
2 66
2 67
2 69
2 70
2 71
2 72
2 78
2 82
2 83
2 84
2 93
2 94
2 97
2 98
2 99
2 101
2 102
2 106
2 110
2 111
2 112
2 114
2 115
2 120
2 123
2 124
3 1
3 2
3 3
3 7
3 10
3 11
3 13
3 14
3 17
3 19
3 20
3 27
3 31
3 32
3 33
3 34
3 35
3 37
3 38
3 39
3 40
3 42
3 43
3 45
3 46
3 47
3 49
3 51
3 52
3 53
3 56
3 57
3 58
3 59
3 60
3 62
3 67
3 68
3 72
3 73
3 74
3 75
3 76
3 77
3 78
3 79
3 83
3 84
3 85
3 88
3 91
3 92
3 94
3 98
3 100
3 101
3 102
3 103
3 105
3 106
3 107
3 108
3 109
3 110
3 113
3 115
3 116
3 118
3 119
3 121
3 122
3 124
3 125
3 126
4 0
4 1
4 5
4 8
4 11
4 13
4 15
4 16
4 18
4 21
4 22
4 23
4 27
4 37
4 38
4 39
4 44
4 46
4 47
4 56
4 58
4 62
4 63
4 64
4 65
4 68
4 69
4 74
4 78
4 79
4 80
4 81
4 85
4 87
4 88
4 91
4 97
4 101
4 102
4 103
4 104
4 108
4 110
4 113
4 114
4 116
4 121
4 123
4 127
5 0
5 2
5 3
5 4
5 7
5 8
5 9
5 10
5 12
5 14
5 15
5 19
5 20
5 21
5 22
5 23
5 24
5 25
5 26
5 27
5 28
5 32
5 42
5 44
5 47
5 48
5 51
5 52
5 59
5 60
5 62
5 66
5 69
5 72
5 73
5 74
5 75
5 77
5 78
5 79
5 81
5 82
5 83
5 86
5 87
5 88
5 91
5 92
5 94
5 100
5 104
5 106
5 109
5 114
5 115
5 116
5 117
5 118
5 119
5 121
5 125
5 126
5 127
6 1
6 7
6 8
6 9
6 10
6 14
6 15
6 16
6 17
6 19
6 23
6 26
6 27
6 30
6 31
6 33
6 34
6 37
6 38
6 39
6 41
6 47
6 49
6 52
6 53
6 54
6 56
6 57
6 58
6 60
6 65
6 76
6 77
6 79
6 80
6 81
6 82
6 83
6 84
6 86
6 88
6 90
6 92
6 94
6 96
6 98
6 99
6 100
6 105
6 108
6 109
6 113
6 117
6 118
6 119
6 123
6 125
6 127
7 1
7 3
7 8
7 17
7 19
7 20
7 23
7 24
7 26
7 28
7 29
7 33
7 39
7 40
7 41
7 42
7 43
7 44
7 45
7 46
7 48
7 52
7 55
7 56
7 62
7 63
7 64
7 65
7 67
7 68
7 74
7 75
7 77
7 78
7 82
7 85
7 91
7 96
7 99
7 101
7 107
7 111
7 112
7 113
7 114
7 117
7 119
7 120
7 124
7 125
8 0
8 2
8 4
8 8
8 9
8 10
8 11
8 12
8 15
8 16
8 17
8 19
8 22
8 28
8 31
8 32
8 35
8 37
8 39
8 40
8 43
8 45
8 46
8 47
8 50
8 54
8 55
8 56
8 57
8 58
8 59
8 60
8 65
8 68
8 69
8 70
8 73
8 76
8 77
8 81
8 83
8 85
8 86
8 87
8 88
8 92
8 93
8 95
8 96
8 99
8 100
8 102
8 103
8 105
8 107
8 112
8 113
8 115
8 119
8 120
8 121
8 123
8 124
8 126
9 1
9 4
9 5
9 7
9 9
9 13
9 14
9 15
9 18
9 20
9 23
9 26
9 27
9 30
9 33
9 36
9 38
9 39
9 40
9 46
9 48
9 49
9 50
9 51
9 54
9 57
9 60
9 63
9 65
9 68
9 76
9 77
9 78
9 79
9 80
9 81
9 83
9 88
9 90
9 95
9 96
9 97
9 98
9 99
9 101
9 102
9 107
9 108
9 109
9 111
9 113
9 114
9 117
9 119
9 120
9 122
9 125
9 126
9 127
10 1
10 3
10 5
10 11
10 15
10 17
10 20
10 23
10 27
10 28
10 29
10 30
10 31
10 32
10 34
10 36
10 37
10 39
10 41
10 42
10 43
10 45
10 46
10 47
10 48
10 50
10 51
10 53
10 54
10 56
10 57
10 58
10 63
10 65
10 66
10 68
10 69
10 71
10 73
10 79
10 81
10 84
10 85
10 86
10 87
10 98
10 100
10 103
10 104
10 105
10 107
10 109
10 110
10 113
10 115
10 120
10 122
10 124
10 125
11 1
11 6
11 9
11 14
11 16
11 22
11 23
11 25
11 29
11 37
11 40
11 41
11 42
11 47
11 49
11 58
11 61
11 62
11 63
11 65
11 66
11 68
11 72
11 77
11 79
11 80
11 83
11 84
11 87
11 88
11 96
11 97
11 104
11 108
11 110
11 112
11 114
11 115
11 117
11 123
11 124
12 1
12 2
12 6
12 8
12 9
12 11
12 12
12 15
12 16
12 17
12 18
12 21
12 24
12 31
12 33
12 36
12 37
12 38
12 41
12 42
12 48
12 56
12 59
12 63
12 66
12 67
12 68
12 69
12 70
12 74
12 76
12 77
12 84
12 87
12 88
12 89
12 90
12 91
12 93
12 94
12 95
12 96
12 97
12 99
12 105
12 106
12 107
12 108
12 111
12 112
12 114
12 117
12 119
12 123
13 3
13 5
13 6
13 7
13 8
13 14
13 18
13 20
13 25
13 26
13 27
13 28
13 29
13 30
13 36
13 44
13 46
13 47
13 50
13 51
13 52
13 54
13 55
13 58
13 59
13 60
13 61
13 62
13 69
13 70
13 71
13 72
13 73
13 74
13 76
13 79
13 81
13 82
13 92
13 94
13 95
13 97
13 101
13 104
13 108
13 109
13 111
13 112
13 113
13 115
13 116
13 117
13 118
13 121
13 122
13 123
13 125
13 126
13 127
14 0
14 5
14 6
14 8
14 10
14 12
14 13
14 14
14 15
14 16
14 19
14 22
14 23
14 24
14 25
14 26
14 27
14 32
14 33
14 35
14 38
14 39
14 46
14 47
14 49
14 50
14 51
14 52
14 53
14 54
14 55
14 57
14 61
14 64
14 68
14 69
14 71
14 72
14 73
14 76
14 78
14 80
14 81
14 86
14 87
14 89
14 91
14 96
14 102
14 105
14 107
14 108
14 110
14 111
14 114
14 122
14 123
14 124
14 127
15 0
15 1
15 4
15 5
15 6
15 8
15 9
15 13
15 14
15 16
15 22
15 23
15 25
15 26
15 27
15 34
15 35
15 37
15 41
15 42
15 44
15 45
15 46
15 48
15 49
15 50
15 51
15 52
15 53
15 55
15 56
15 59
15 63
15 65
15 72
15 73
15 74
15 79
15 84
15 87
15 88
15 90
15 91
15 93
15 103
15 105
15 106
15 107
15 109
15 112
15 114
15 115
15 116
15 123
15 127
16 1
16 3
16 4
16 7
16 8
16 9
16 12
16 14
16 15
16 16
16 19
16 20
16 21
16 22
16 23
16 24
16 26
16 29
16 30
16 31
16 33
16 35
16 36
16 37
16 38
16 40
16 43
16 44
16 48
16 49
16 51
16 52
16 53
16 55
16 57
16 58
16 59
16 61
16 64
16 65
16 68
16 69
16 70
16 71
16 72
16 74
16 75
16 77
16 78
16 79
16 80
16 84
16 85
16 86
16 87
16 88
16 89
16 91
16 92
16 94
16 95
16 97
16 98
16 99
16 104
16 105
16 109
16 110
16 111
16 112
16 113
16 118
16 119
16 126
16 127
17 0
17 3
17 5
17 13
17 16
17 18
17 19
17 20
17 22
17 26
17 30
17 35
17 38
17 40
17 45
17 46
17 50
17 53
17 54
17 58
17 59
17 61
17 63
17 64
17 68
17 72
17 73
17 74
17 75
17 76
17 78
17 80
17 82
17 88
17 92
17 94
17 95
17 97
17 98
17 101
17 103
17 105
17 107
17 108
17 109
17 110
17 115
17 121
17 122
17 123
17 126
18 1
18 6
18 9
18 10
18 11
18 12
18 14
18 17
18 22
18 23
18 30
18 33
18 35
18 37
18 38
18 40
18 42
18 45
18 46
18 47
18 49
18 51
18 53
18 54
18 55
18 60
18 62
18 65
18 66
18 67
18 68
18 70
18 71
18 74
18 76
18 80
18 82
18 86
18 88
18 89
18 91
18 95
18 96
18 97
18 98
18 99
18 100
18 101
18 102
18 104
18 105
18 106
18 107
18 109
18 110
18 112
18 114
18 115
18 118
18 120
18 122
18 125
18 127
19 1
19 2
19 12
19 14
19 20
19 22
19 28
19 30
19 33
19 36
19 38
19 39
19 43
19 45
19 46
19 49
19 50
19 55
19 61
19 65
19 67
19 68
19 70
19 71
19 72
19 73
19 79
19 80
19 81
19 82
19 84
19 85
19 87
19 89
19 94
19 97
19 100
19 102
19 103
19 104
19 105
19 106
19 107
19 114
19 115
19 121
19 125
20 0
20 2
20 6
20 8
20 9
20 11
20 12
20 15
20 16
20 19
20 21
20 24
20 25
20 26
20 30
20 32
20 33
20 34
20 35
20 37
20 38
20 40
20 42
20 44
20 46
20 47
20 50
20 52
20 54
20 55
20 58
20 59
20 62
20 64
20 67
20 68
20 70
20 73
20 74
20 76
20 77
20 78
20 79
20 80
20 81
20 83
20 85
20 86
20 87
20 89
20 91
20 94
20 95
20 96
20 99
20 103
20 110
20 111
20 112
20 113
20 116
20 117
20 123
21 3
21 4
21 10
21 12
21 13
21 15
21 17
21 19
21 24
21 25
21 26
21 32
21 33
21 34
21 36
21 37
21 39
21 41
21 45
21 46
21 51
21 52
21 55
21 60
21 63
21 66
21 67
21 69
21 71
21 74
21 76
21 79
21 81
21 82
21 84
21 85
21 89
21 90
21 93
21 96
21 101
21 103
21 104
21 109
21 115
21 116
21 117
21 120
21 123
21 124
21 125
22 0
22 1
22 2
22 4
22 9
22 10
22 15
22 16
22 17
22 18
22 20
22 22
22 26
22 29
22 41
22 44
22 45
22 46
22 47
22 48
22 50
22 53
22 56
22 57
22 58
22 60
22 62
22 67
22 68
22 70
22 72
22 73
22 78
22 80
22 82
22 85
22 86
22 87
22 89
22 90
22 91
22 92
22 94
22 95
22 97
22 100
22 101
22 102
22 106
22 107
22 109
22 111
22 113
22 114
22 115
22 120
22 122
22 127
23 0
23 1
23 2
23 6
23 9
23 10
23 11
23 13
23 14
23 17
23 18
23 20
23 21
23 22
23 25
23 27
23 28
23 32
23 34
23 35
23 36
23 37
23 38
23 39
23 41
23 44
23 47
23 48
23 50
23 53
23 56
23 58
23 59
23 61
23 62
23 64
23 66
23 68
23 78
23 79
23 84
23 85
23 89
23 90
23 96
23 99
23 100
23 103
23 106
23 107
23 108
23 109
23 112
23 114
23 115
23 116
23 118
23 123
23 126
24 2
24 3
24 5
24 6
24 9
24 12
24 13
24 14
24 15
24 17
24 18
24 19
24 20
24 23
24 27
24 29
24 30
24 33
24 37
24 40
24 45
24 47
24 50
24 52
24 53
24 57
24 59
24 60
24 61
24 65
24 67
24 74
24 75
24 79
24 81
24 86
24 88
24 90
24 94
24 95
24 97
24 99
24 100
24 103
24 111
24 115
24 116
24 119
24 120
24 121
24 122
24 124
24 125
24 126
25 7
25 12
25 17
25 18
25 22
25 23
25 24
25 25
25 27
25 34
25 38
25 41
25 43
25 44
25 45
25 46
25 48
25 49
25 52
25 53
25 54
25 55
25 56
25 58
25 59
25 63
25 64
25 65
25 69
25 71
25 73
25 74
25 77
25 78
25 85
25 86
25 88
25 93
25 95
25 96
25 98
25 99
25 100
25 103
25 107
25 108
25 109
25 110
25 111
25 114
25 115
25 116
25 117
25 121
25 122
25 125
25 127
26 1
26 2
26 3
26 4
26 6
26 11
26 12
26 13
26 14
26 15
26 17
26 27
26 29
26 30
26 32
26 33
26 34
26 35
26 36
26 38
26 43
26 44
26 45
26 47
26 49
26 54
26 55
26 56
26 57
26 63
26 64
26 65
26 66
26 67
26 68
26 70
26 71
26 72
26 73
26 74
26 76
26 80
26 81
26 85
26 88
26 89
26 92
26 93
26 94
26 97
26 98
26 99
26 104
26 105
26 106
26 107
26 109
26 110
26 112
26 114
26 118
26 119
26 125
27 1
27 2
27 4
27 8
27 11
27 12
27 15
27 17
27 18
27 25
27 26
27 29
27 34
27 35
27 39
27 41
27 43
27 49
27 50
27 51
27 53
27 56
27 59
27 64
27 65
27 67
27 68
27 70
27 72
27 73
27 76
27 77
27 78
27 80
27 81
27 83
27 85
27 86
27 87
27 93
27 94
27 96
27 97
27 105
27 108
27 112
27 118
27 119
27 123
27 124
27 126
27 127
28 2
28 3
28 4
28 5
28 7
28 10
28 14
28 15
28 18
28 19
28 22
28 24
28 26
28 28
28 29
28 31
28 33
28 34
28 35
28 36
28 38
28 39
28 43
28 45
28 48
28 49
28 52
28 53
28 55
28 56
28 59
28 62
28 64
28 69
28 71
28 73
28 75
28 81
28 83
28 84
28 85
28 86
28 87
28 91
28 92
28 93
28 98
28 99
28 100
28 107
28 110
28 112
28 113
28 114
28 115
28 117
28 118
28 119
28 121
28 124
28 125
29 0
29 3
29 6
29 10
29 14
29 17
29 24
29 26
29 27
29 29
29 34
29 35
29 36
29 37
29 40
29 41
29 43
29 44
29 46
29 48
29 49
29 51
29 52
29 57
29 59
29 60
29 61
29 64
29 65
29 66
29 68
29 70
29 73
29 74
29 75
29 76
29 77
29 79
29 80
29 83
29 84
29 88
29 91
29 96
29 104
29 107
29 109
29 111
29 113
29 114
29 119
29 120
29 121
29 122
29 123
29 125
29 126
30 3
30 5
30 6
30 7
30 9
30 10
30 11
30 12
30 14
30 15
30 16
30 19
30 20
30 25
30 28
30 31
30 34
30 38
30 40
30 42
30 43
30 46
30 49
30 65
30 69
30 72
30 73
30 75
30 79
30 80
30 81
30 85
30 87
30 90
30 92
30 95
30 97
30 100
30 102
30 103
30 105
30 107
30 109
30 110
30 111
30 115
30 122
30 123
30 125
30 126
30 127
31 0
31 2
31 3
31 6
31 12
31 19
31 20
31 21
31 25
31 26
31 27
31 33
31 42
31 44
31 45
31 48
31 49
31 53
31 54
31 55
31 57
31 58
31 59
31 61
31 63
31 64
31 67
31 68
31 69
31 70
31 72
31 73
31 75
31 79
31 80
31 86
31 87
31 90
31 92
31 97
31 98
31 100
31 101
31 103
31 104
31 105
31 108
31 113
31 114
31 115
31 116
31 117
31 120
31 123
31 127
32 1
32 2
32 4
32 5
32 6
32 11
32 13
32 16
32 17
32 18
32 19
32 20
32 24
32 25
32 29
32 35
32 38
32 39
32 40
32 41
32 43
32 44
32 47
32 48
32 51
32 52
32 53
32 55
32 57
32 59
32 60
32 62
32 67
32 69
32 70
32 71
32 75
32 76
32 81
32 83
32 85
32 86
32 88
32 90
32 92
32 94
32 97
32 101
32 103
32 105
32 106
32 107
32 110
32 111
32 112
32 116
32 117
32 118
32 119
32 121
32 122
33 4
33 5
33 7
33 10
33 12
33 16
33 17
33 19
33 28
33 31
33 32
33 34
33 35
33 37
33 39
33 40
33 41
33 50
33 55
33 59
33 63
33 67
33 68
33 70
33 72
33 75
33 79
33 81
33 85
33 86
33 88
33 89
33 91
33 92
33 93
33 94
33 99
33 103
33 104
33 105
33 111
33 113
33 114
33 115
33 119
33 120
33 122
33 124
33 126
33 127
34 1
34 5
34 11
34 13
34 15
34 21
34 23
34 24
34 27
34 29
34 30
34 31
34 32
34 34
34 36
34 39
34 43
34 46
34 47
34 52
34 53
34 57
34 58
34 59
34 60
34 61
34 62
34 63
34 64
34 65
34 66
34 68
34 69
34 72
34 73
34 76
34 78
34 79
34 80
34 82
34 84
34 86
34 88
34 91
34 92
34 96
34 100
34 101
34 102
34 106
34 109
34 110
34 112
34 114
34 118
34 121
34 122
34 126
35 0
35 2
35 4
35 5
35 7
35 9
35 10
35 15
35 17
35 18
35 21
35 24
35 25
35 26
35 27
35 29
35 35
35 37
35 45
35 49
35 52
35 53
35 58
35 64
35 66
35 67
35 69
35 70
35 71
35 72
35 73
35 78
35 79
35 80
35 82
35 86
35 87
35 88
35 90
35 91
35 93
35 95
35 97
35 98
35 101
35 103
35 104
35 105
35 107
35 108
35 111
35 112
35 113
35 114
35 119
35 121
35 122
35 123
35 124
35 126
35 127
36 0
36 4
36 5
36 7
36 8
36 10
36 11
36 12
36 14
36 15
36 17
36 18
36 19
36 20
36 23
36 24
36 26
36 28
36 33
36 34
36 35
36 40
36 41
36 42
36 44
36 45
36 46
36 47
36 52
36 55
36 58
36 61
36 63
36 66
36 68
36 69
36 75
36 79
36 82
36 84
36 85
36 86
36 88
36 89
36 92
36 98
36 99
36 100
36 101
36 102
36 104
36 108
36 109
36 110
36 111
36 112
36 113
36 115
36 117
36 118
36 119
36 120
36 124
36 126
37 0
37 1
37 2
37 6
37 8
37 9
37 15
37 16
37 19
37 22
37 23
37 24
37 25
37 27
37 30
37 32
37 36
37 39
37 40
37 43
37 45
37 49
37 53
37 56
37 60
37 65
37 71
37 78
37 80
37 81
37 82
37 88
37 90
37 91
37 96
37 97
37 102
37 104
37 106
37 107
37 108
37 109
37 112
37 114
37 115
37 117
37 120
37 126
37 127
38 1
38 5
38 10
38 11
38 12
38 13
38 15
38 17
38 18
38 25
38 26
38 28
38 30
38 31
38 34
38 35
38 36
38 37
38 38
38 39
38 40
38 42
38 43
38 44
38 46
38 47
38 50
38 51
38 52
38 54
38 56
38 59
38 61
38 62
38 64
38 65
38 66
38 67
38 68
38 70
38 71
38 74
38 75
38 76
38 82
38 83
38 84
38 86
38 88
38 89
38 90
38 97
38 102
38 104
38 108
38 110
38 112
38 114
38 115
38 116
38 118
38 121
38 122
38 123
38 124
38 126
38 127
39 1
39 2
39 4
39 5
39 9
39 12
39 14
39 16
39 17
39 19
39 21
39 23
39 26
39 29
39 30
39 32
39 34
39 35
39 36
39 39
39 40
39 41
39 42
39 45
39 48
39 50
39 51
39 52
39 55
39 57
39 61
39 66
39 67
39 69
39 74
39 75
39 77
39 78
39 80
39 81
39 82
39 83
39 85
39 87
39 89
39 90
39 92
39 93
39 96
39 98
39 102
39 107
39 112
39 115
39 117
39 119
39 121
39 122
39 124
39 125
40 1
40 2
40 3
40 4
40 7
40 10
40 11
40 12
40 13
40 14
40 17
40 20
40 22
40 24
40 29
40 30
40 31
40 34
40 36
40 37
40 38
40 41
40 45
40 47
40 51
40 52
40 53
40 54
40 56
40 57
40 61
40 64
40 66
40 68
40 71
40 77
40 78
40 79
40 80
40 81
40 83
40 84
40 93
40 98
40 99
40 100
40 101
40 103
40 106
40 107
40 108
40 111
40 112
40 117
40 121
40 122
40 124
40 126
41 1
41 4
41 5
41 9
41 11
41 12
41 14
41 18
41 19
41 20
41 21
41 24
41 25
41 28
41 29
41 30
41 33
41 34
41 36
41 41
41 45
41 46
41 47
41 50
41 52
41 55
41 56
41 57
41 59
41 61
41 63
41 66
41 67
41 68
41 70
41 72
41 73
41 75
41 76
41 78
41 80
41 81
41 85
41 87
41 89
41 90
41 94
41 95
41 96
41 100
41 101
41 105
41 109
41 110
41 114
41 118
41 120
41 122
41 123
41 124
41 125
41 126
41 127
42 2
42 4
42 5
42 6
42 7
42 11
42 14
42 17
42 23
42 26
42 27
42 29
42 30
42 32
42 33
42 34
42 35
42 36
42 37
42 39
42 41
42 42
42 48
42 49
42 50
42 54
42 56
42 57
42 58
42 62
42 63
42 64
42 66
42 67
42 68
42 70
42 71
42 74
42 75
42 76
42 77
42 79
42 80
42 81
42 85
42 88
42 89
42 91
42 92
42 93
42 94
42 95
42 98
42 101
42 104
42 105
42 107
42 108
42 111
42 113
42 114
42 115
42 117
42 120
42 121
42 122
42 124
42 126
43 4
43 7
43 13
43 15
43 18
43 19
43 22
43 23
43 24
43 27
43 29
43 31
43 35
43 36
43 37
43 39
43 41
43 43
43 44
43 46
43 47
43 50
43 51
43 52
43 54
43 55
43 56
43 57
43 58
43 60
43 62
43 63
43 64
43 67
43 77
43 78
43 79
43 80
43 85
43 86
43 89
43 90
43 91
43 94
43 95
43 96
43 98
43 101
43 102
43 103
43 110
43 111
43 113
43 114
43 115
43 116
43 117
44 1
44 4
44 5
44 8
44 9
44 10
44 16
44 17
44 18
44 19
44 21
44 22
44 23
44 27
44 28
44 31
44 35
44 37
44 38
44 42
44 44
44 45
44 51
44 52
44 54
44 62
44 64
44 66
44 68
44 69
44 75
44 79
44 80
44 81
44 83
44 85
44 86
44 90
44 91
44 98
44 100
44 101
44 103
44 104
44 106
44 108
44 112
44 113
44 117
44 120
44 122
44 123
44 126
44 127
45 7
45 15
45 16
45 21
45 23
45 30
45 35
45 38
45 39
45 40
45 41
45 44
45 46
45 48
45 49
45 50
45 51
45 54
45 56
45 58
45 59
45 62
45 64
45 66
45 71
45 72
45 74
45 77
45 79
45 80
45 85
45 88
45 89
45 93
45 96
45 104
45 107
45 109
45 112
45 113
45 114
45 115
45 116
45 119
45 120
45 122
45 124
45 126
46 0
46 1
46 2
46 4
46 5
46 6
46 9
46 13
46 15
46 17
46 18
46 19
46 21
46 25
46 26
46 27
46 30
46 32
46 33
46 35
46 37
46 38
46 39
46 40
46 43
46 44
46 45
46 50
46 54
46 56
46 57
46 63
46 64
46 66
46 67
46 68
46 69
46 71
46 77
46 79
46 80
46 81
46 82
46 83
46 87
46 88
46 89
46 94
46 96
46 97
46 98
46 104
46 106
46 108
46 111
46 112
46 113
46 114
46 115
46 116
46 117
46 120
46 121
46 122
47 1
47 5
47 7
47 10
47 11
47 13
47 22
47 25
47 27
47 28
47 29
47 30
47 32
47 34
47 36
47 37
47 38
47 41
47 42
47 43
47 44
47 45
47 46
47 49
47 51
47 52
47 60
47 61
47 63
47 64
47 65
47 66
47 69
47 70
47 71
47 72
47 75
47 79
47 80
47 81
47 83
47 86
47 87
47 88
47 90
47 91
47 92
47 93
47 98
47 101
47 107
47 109
47 110
47 112
47 114
47 117
47 119
47 124
47 125
47 126
47 127
48 2
48 3
48 4
48 5
48 8
48 10
48 14
48 18
48 19
48 24
48 25
48 26
48 27
48 31
48 37
48 38
48 42
48 46
48 48
48 59
48 60
48 62
48 63
48 66
48 68
48 74
48 78
48 79
48 88
48 89
48 90
48 93
48 97
48 98
48 100
48 101
48 105
48 107
48 108
48 113
48 114
48 115
48 116
48 120
48 123
48 124
48 126
49 1
49 2
49 4
49 5
49 11
49 16
49 18
49 19
49 20
49 21
49 25
49 26
49 27
49 28
49 38
49 39
49 42
49 44
49 45
49 46
49 50
49 51
49 52
49 53
49 54
49 55
49 56
49 58
49 61
49 62
49 63
49 65
49 68
49 69
49 71
49 73
49 74
49 80
49 82
49 86
49 91
49 93
49 94
49 98
49 101
49 102
49 103
49 105
49 107
49 108
49 110
49 111
49 115
49 117
49 120
49 121
49 123
49 124
49 126
49 127
50 1
50 11
50 13
50 17
50 18
50 19
50 22
50 29
50 30
50 31
50 32
50 33
50 35
50 36
50 37
50 38
50 40
50 45
50 46
50 47
50 49
50 50
50 52
50 53
50 55
50 58
50 61
50 62
50 63
50 67
50 68
50 72
50 74
50 80
50 81
50 84
50 88
50 92
50 94
50 96
50 102
50 103
50 105
50 107
50 110
50 111
50 113
50 115
50 118
50 120
50 121
50 123
50 125
51 0
51 7
51 11
51 14
51 16
51 17
51 21
51 23
51 26
51 28
51 29
51 30
51 33
51 36
51 37
51 38
51 39
51 41
51 44
51 46
51 47
51 51
51 53
51 54
51 56
51 57
51 58
51 59
51 62
51 63
51 64
51 69
51 71
51 75
51 77
51 78
51 81
51 82
51 85
51 90
51 91
51 93
51 94
51 96
51 100
51 101
51 102
51 103
51 106
51 108
51 110
51 111
51 114
51 116
51 118
51 119
51 122
51 125
51 127
52 2
52 8
52 10
52 15
52 16
52 17
52 21
52 22
52 27
52 30
52 33
52 36
52 38
52 40
52 41
52 44
52 45
52 46
52 47
52 48
52 55
52 56
52 57
52 62
52 63
52 64
52 67
52 68
52 69
52 72
52 75
52 78
52 86
52 87
52 88
52 90
52 92
52 93
52 94
52 95
52 100
52 105
52 107
52 108
52 114
52 115
52 118
52 119
52 122
52 123
52 127
53 1
53 3
53 5
53 8
53 9
53 10
53 11
53 12
53 13
53 14
53 18
53 19
53 20
53 21
53 23
53 25
53 29
53 31
53 33
53 34
53 35
53 37
53 38
53 42
53 44
53 45
53 52
53 54
53 56
53 57
53 59
53 60
53 61
53 64
53 66
53 70
53 71
53 72
53 73
53 74
53 75
53 76
53 77
53 79
53 83
53 84
53 92
53 95
53 100
53 107
53 108
53 112
53 113
53 115
53 118
53 120
53 121
53 124
53 125
54 0
54 4
54 5
54 7
54 8
54 10
54 13
54 19
54 20
54 23
54 32
54 33
54 36
54 39
54 40
54 41
54 44
54 45
54 46
54 47
54 49
54 52
54 53
54 57
54 59
54 63
54 65
54 66
54 67
54 70
54 75
54 78
54 82
54 84
54 93
54 94
54 96
54 97
54 99
54 100
54 101
54 102
54 103
54 104
54 106
54 107
54 108
54 109
54 111
54 114
54 116
54 117
54 119
54 120
54 122
55 0
55 1
55 2
55 3
55 4
55 5
55 14
55 15
55 18
55 19
55 21
55 26
55 27
55 28
55 29
55 32
55 33
55 35
55 36
55 37
55 38
55 40
55 41
55 44
55 45
55 48
55 49
55 56
55 58
55 59
55 61
55 63
55 65
55 66
55 69
55 71
55 72
55 74
55 77
55 78
55 84
55 87
55 88
55 89
55 90
55 91
55 92
55 93
55 95
55 96
55 98
55 99
55 101
55 102
55 108
55 111
55 113
55 114
55 118
55 121
56 1
56 2
56 3
56 8
56 11
56 13
56 14
56 15
56 17
56 19
56 21
56 22
56 23
56 24
56 25
56 32
56 33
56 36
56 37
56 38
56 39
56 41
56 45
56 46
56 47
56 48
56 49
56 51
56 55
56 57
56 59
56 60
56 61
56 63
56 67
56 68
56 70
56 76
56 78
56 83
56 84
56 89
56 90
56 91
56 93
56 95
56 97
56 98
56 102
56 105
56 107
56 109
56 110
56 112
56 114
56 116
56 118
56 119
56 120
56 123
56 124
56 125
56 127
57 3
57 6
57 8
57 11
57 12
57 13
57 17
57 19
57 20
57 22
57 24
57 30
57 33
57 34
57 35
57 37
57 38
57 39
57 41
57 43
57 45
57 47
57 48
57 51
57 52
57 63
57 64
57 66
57 67
57 68
57 69
57 71
57 73
57 74
57 76
57 77
57 78
57 83
57 84
57 85
57 86
57 87
57 89
57 90
57 91
57 93
57 95
57 96
57 98
57 100
57 101
57 104
57 106
57 108
57 121
57 122
57 125
58 0
58 1
58 4
58 6
58 7
58 9
58 11
58 15
58 17
58 19
58 21
58 26
58 32
58 33
58 36
58 37
58 41
58 44
58 45
58 46
58 47
58 49
58 54
58 60
58 66
58 69
58 70
58 71
58 73
58 75
58 76
58 77
58 78
58 85
58 87
58 88
58 89
58 91
58 97
58 98
58 99
58 100
58 103
58 109
58 111
58 112
58 120
58 121
59 0
59 2
59 7
59 9
59 11
59 14
59 15
59 16
59 17
59 22
59 27
59 30
59 34
59 37
59 38
59 41
59 42
59 46
59 47
59 48
59 58
59 63
59 65
59 66
59 67
59 70
59 71
59 72
59 75
59 76
59 78
59 82
59 83
59 84
59 86
59 88
59 92
59 95
59 96
59 99
59 101
59 103
59 104
59 105
59 107
59 109
59 110
59 112
59 114
59 115
59 116
59 117
59 118
59 121
59 124
60 4
60 5
60 7
60 8
60 11
60 12
60 18
60 19
60 21
60 23
60 24
60 25
60 26
60 33
60 34
60 35
60 36
60 39
60 41
60 44
60 46
60 47
60 51
60 54
60 55
60 57
60 63
60 64
60 65
60 67
60 75
60 76
60 77
60 79
60 82
60 84
60 87
60 89
60 90
60 94
60 95
60 97
60 99
60 100
60 102
60 106
60 108
60 111
60 112
60 117
60 119
60 120
60 121
60 122
60 123
60 125
61 0
61 1
61 2
61 6
61 9
61 10
61 11
61 12
61 16
61 18
61 21
61 24
61 27
61 29
61 31
61 32
61 34
61 35
61 37
61 38
61 43
61 45
61 46
61 47
61 48
61 54
61 55
61 57
61 58
61 62
61 63
61 64
61 65
61 66
61 67
61 68
61 74
61 76
61 77
61 79
61 80
61 83
61 85
61 88
61 89
61 92
61 93
61 95
61 97
61 98
61 99
61 101
61 102
61 104
61 105
61 106
61 110
61 111
61 113
61 114
61 116
61 122
61 124
61 125
62 0
62 2
62 4
62 5
62 6
62 7
62 8
62 13
62 14
62 15
62 16
62 17
62 20
62 23
62 24
62 26
62 27
62 28
62 32
62 41
62 42
62 43
62 47
62 50
62 55
62 58
62 62
62 63
62 66
62 67
62 69
62 73
62 74
62 75
62 79
62 80
62 82
62 84
62 87
62 89
62 92
62 95
62 99
62 100
62 101
62 106
62 112
62 115
62 116
62 118
62 119
62 122
62 125
63 3
63 7
63 8
63 9
63 10
63 16
63 17
63 18
63 22
63 24
63 25
63 28
63 31
63 32
63 35
63 36
63 37
63 41
63 42
63 43
63 47
63 49
63 52
63 57
63 58
63 60
63 61
63 63
63 65
63 66
63 67
63 68
63 71
63 72
63 73
63 74
63 75
63 77
63 79
63 83
63 84
63 87
63 88
63 92
63 94
63 100
63 105
63 107
63 115
63 117
63 118
63 121
64 1
64 3
64 4
64 5
64 6
64 7
64 9
64 11
64 12
64 13
64 18
64 19
64 20
64 22
64 23
64 24
64 28
64 30
64 31
64 32
64 33
64 34
64 37
64 39
64 41
64 42
64 44
64 47
64 50
64 51
64 53
64 54
64 57
64 58
64 59
64 61
64 67
64 69
64 70
64 71
64 75
64 77
64 78
64 81
64 82
64 84
64 91
64 92
64 93
64 96
64 97
64 99
64 100
64 102
64 105
64 110
64 111
64 113
64 114
64 116
64 117
64 122
64 123
64 124
64 125
64 126
64 127
65 0
65 1
65 2
65 9
65 14
65 26
65 28
65 30
65 32
65 35
65 36
65 37
65 39
65 40
65 42
65 43
65 44
65 46
65 48
65 49
65 53
65 57
65 63
65 66
65 67
65 70
65 73
65 74
65 80
65 82
65 85
65 86
65 87
65 88
65 89
65 92
65 94
65 95
65 97
65 99
65 100
65 102
65 103
65 104
65 105
65 106
65 107
65 108
65 109
65 111
65 113
65 114
65 116
65 119
65 120
65 121
65 123
66 2
66 4
66 6
66 8
66 9
66 10
66 11
66 13
66 14
66 15
66 16
66 23
66 25
66 27
66 29
66 32
66 33
66 38
66 41
66 43
66 44
66 46
66 47
66 49
66 50
66 52
66 54
66 56
66 57
66 58
66 59
66 60
66 62
66 63
66 64
66 65
66 67
66 69
66 70
66 73
66 74
66 78
66 79
66 81
66 82
66 83
66 86
66 88
66 89
66 90
66 93
66 95
66 99
66 104
66 106
66 107
66 109
66 110
66 111
66 112
66 113
66 117
66 118
66 123
66 124
66 125
66 127
67 0
67 1
67 2
67 7
67 9
67 10
67 12
67 14
67 15
67 16
67 18
67 19
67 21
67 22
67 23
67 30
67 33
67 36
67 38
67 40
67 41
67 45
67 46
67 48
67 51
67 55
67 56
67 59
67 60
67 62
67 63
67 64
67 65
67 68
67 69
67 72
67 75
67 79
67 80
67 83
67 84
67 85
67 88
67 89
67 91
67 92
67 95
67 99
67 101
67 104
67 107
67 114
67 115
67 118
67 119
67 122
67 125
67 126
67 127
68 1
68 5
68 6
68 7
68 8
68 10
68 13
68 14
68 15
68 16
68 19
68 23
68 34
68 37
68 41
68 43
68 47
68 54
68 56
68 57
68 60
68 62
68 63
68 64
68 65
68 66
68 68
68 71
68 72
68 73
68 74
68 75
68 76
68 81
68 82
68 83
68 84
68 86
68 87
68 88
68 92
68 93
68 94
68 95
68 96
68 97
68 98
68 100
68 101
68 105
68 108
68 111
68 116
68 117
68 118
68 119
68 120
68 122
68 127
69 3
69 4
69 6
69 7
69 9
69 12
69 14
69 18
69 20
69 24
69 25
69 26
69 32
69 33
69 34
69 36
69 37
69 40
69 42
69 46
69 47
69 49
69 50
69 52
69 53
69 56
69 57
69 58
69 63
69 65
69 67
69 68
69 72
69 74
69 80
69 81
69 82
69 90
69 91
69 92
69 94
69 97
69 98
69 100
69 101
69 103
69 104
69 105
69 106
69 109
69 110
69 112
69 116
69 117
69 118
69 120
69 121
69 124
69 125
70 0
70 3
70 4
70 7
70 9
70 10
70 11
70 12
70 18
70 19
70 20
70 21
70 23
70 25
70 28
70 31
70 32
70 34
70 37
70 38
70 39
70 41
70 43
70 48
70 50
70 54
70 55
70 56
70 58
70 64
70 68
70 69
70 70
70 72
70 75
70 77
70 82
70 84
70 89
70 90
70 93
70 97
70 104
70 108
70 112
70 114
70 116
70 118
70 120
70 125
70 127
71 4
71 7
71 10
71 12
71 14
71 15
71 17
71 18
71 19
71 20
71 21
71 24
71 26
71 29
71 30
71 32
71 34
71 35
71 37
71 39
71 40
71 41
71 42
71 49
71 52
71 58
71 63
71 65
71 66
71 67
71 68
71 72
71 73
71 75
71 80
71 82
71 86
71 87
71 88
71 90
71 91
71 92
71 93
71 97
71 99
71 100
71 105
71 106
71 109
71 111
71 113
71 114
71 119
71 120
71 121
71 122
71 123
71 124
71 125
71 126
72 3
72 4
72 5
72 8
72 9
72 10
72 13
72 15
72 16
72 17
72 18
72 25
72 26
72 32
72 34
72 35
72 37
72 38
72 41
72 42
72 43
72 44
72 48
72 49
72 51
72 52
72 54
72 55
72 56
72 57
72 59
72 60
72 61
72 63
72 65
72 67
72 68
72 69
72 70
72 71
72 72
72 76
72 78
72 79
72 81
72 82
72 83
72 85
72 86
72 88
72 89
72 93
72 95
72 96
72 99
72 101
72 102
72 103
72 104
72 107
72 109
72 110
72 111
72 112
72 114
72 119
72 121
72 123
72 124
72 125
72 126
73 1
73 2
73 3
73 5
73 6
73 9
73 10
73 12
73 13
73 15
73 17
73 19
73 21
73 23
73 24
73 26
73 32
73 33
73 35
73 36
73 39
73 40
73 41
73 46
73 47
73 48
73 49
73 51
73 52
73 54
73 55
73 56
73 57
73 58
73 59
73 61
73 65
73 70
73 71
73 75
73 77
73 80
73 81
73 82
73 83
73 84
73 86
73 87
73 88
73 89
73 93
73 95
73 97
73 99
73 101
73 104
73 106
73 107
73 108
73 109
73 111
73 112
73 116
73 119
73 123
73 124
73 125
74 2
74 3
74 5
74 8
74 9
74 10
74 20
74 22
74 24
74 25
74 28
74 29
74 35
74 37
74 38
74 41
74 48
74 49
74 55
74 56
74 57
74 61
74 64
74 66
74 67
74 70
74 83
74 86
74 92
74 93
74 94
74 97
74 98
74 101
74 104
74 108
74 112
74 116
74 117
74 118
74 120
74 121
74 124
74 125
74 126
74 127
75 2
75 3
75 5
75 6
75 10
75 12
75 14
75 16
75 19
75 27
75 28
75 30
75 32
75 35
75 36
75 38
75 40
75 41
75 42
75 48
75 49
75 53
75 55
75 56
75 58
75 60
75 61
75 62
75 63
75 66
75 73
75 77
75 80
75 81
75 82
75 85
75 86
75 87
75 89
75 90
75 91
75 92
75 94
75 95
75 99
75 102
75 103
75 106
75 107
75 110
75 113
75 115
75 117
75 119
75 122
75 126
75 127
76 1
76 3
76 5
76 8
76 9
76 11
76 12
76 14
76 16
76 17
76 18
76 21
76 23
76 24
76 25
76 26
76 27
76 29
76 32
76 33
76 35
76 38
76 39
76 40
76 47
76 48
76 49
76 51
76 52
76 54
76 56
76 61
76 64
76 65
76 66
76 74
76 75
76 76
76 80
76 81
76 86
76 88
76 89
76 90
76 91
76 97
76 98
76 106
76 109
76 110
76 116
76 121
76 124
76 125
77 3
77 5
77 6
77 7
77 19
77 21
77 24
77 25
77 26
77 27
77 29
77 30
77 31
77 32
77 33
77 41
77 42
77 45
77 48
77 58
77 60
77 68
77 69
77 71
77 72
77 74
77 75
77 77
77 86
77 89
77 92
77 93
77 95
77 98
77 102
77 104
77 105
77 109
77 115
77 117
77 118
77 121
77 125
78 2
78 3
78 4
78 6
78 9
78 10
78 13
78 14
78 15
78 16
78 17
78 18
78 20
78 22
78 23
78 25
78 30
78 32
78 33
78 35
78 36
78 38
78 39
78 40
78 43
78 44
78 48
78 49
78 51
78 52
78 54
78 56
78 57
78 58
78 59
78 60
78 62
78 63
78 67
78 68
78 72
78 73
78 76
78 78
78 79
78 81
78 84
78 86
78 88
78 89
78 90
78 92
78 93
78 94
78 96
78 97
78 98
78 99
78 102
78 106
78 109
78 110
78 111
78 112
78 114
78 119
78 123
78 125
79 1
79 2
79 3
79 8
79 11
79 12
79 15
79 16
79 17
79 22
79 25
79 27
79 29
79 30
79 31
79 35
79 40
79 42
79 50
79 56
79 57
79 58
79 64
79 66
79 68
79 69
79 75
79 76
79 87
79 88
79 89
79 91
79 92
79 95
79 97
79 98
79 100
79 103
79 104
79 110
79 111
79 113
79 114
79 116
79 117
79 118
79 119
79 123
80 1
80 2
80 6
80 8
80 10
80 17
80 18
80 19
80 20
80 21
80 25
80 27
80 28
80 29
80 30
80 33
80 34
80 36
80 39
80 43
80 46
80 49
80 50
80 52
80 57
80 61
80 62
80 63
80 64
80 66
80 67
80 70
80 71
80 72
80 73
80 77
80 79
80 80
80 81
80 82
80 83
80 84
80 85
80 86
80 91
80 97
80 104
80 106
80 108
80 111
80 113
80 114
80 115
80 117
80 118
80 119
80 120
80 121
80 122
80 123
80 124
80 125
81 0
81 1
81 2
81 3
81 9
81 10
81 15
81 17
81 19
81 20
81 21
81 28
81 29
81 32
81 33
81 35
81 36
81 39
81 40
81 43
81 46
81 47
81 48
81 52
81 55
81 57
81 58
81 60
81 62
81 63
81 64
81 65
81 67
81 71
81 77
81 78
81 83
81 84
81 89
81 91
81 93
81 98
81 100
81 102
81 103
81 104
81 106
81 110
81 113
81 114
81 115
81 117
81 119
81 120
81 121
81 122
81 125
81 126
82 1
82 3
82 6
82 7
82 8
82 9
82 10
82 11
82 12
82 15
82 17
82 18
82 31
82 35
82 38
82 43
82 45
82 54
82 57
82 60
82 61
82 64
82 65
82 66
82 69
82 71
82 75
82 76
82 77
82 78
82 81
82 83
82 84
82 85
82 94
82 95
82 97
82 98
82 99
82 103
82 104
82 107
82 108
82 109
82 113
82 114
82 118
82 119
82 120
82 122
82 125
82 126
82 127
83 0
83 1
83 2
83 3
83 4
83 7
83 8
83 9
83 12
83 13
83 15
83 20
83 21
83 23
83 25
83 28
83 30
83 31
83 32
83 34
83 37
83 38
83 41
83 44
83 46
83 48
83 49
83 50
83 51
83 52
83 53
83 56
83 58
83 62
83 63
83 64
83 75
83 77
83 78
83 79
83 80
83 82
83 83
83 84
83 85
83 87
83 90
83 99
83 100
83 104
83 105
83 114
83 115
83 121
83 122
83 125
83 126
83 127
84 2
84 4
84 5
84 6
84 9
84 22
84 26
84 27
84 28
84 29
84 32
84 35
84 36
84 38
84 40
84 42
84 43
84 47
84 50
84 52
84 56
84 59
84 61
84 63
84 65
84 66
84 68
84 71
84 80
84 81
84 82
84 83
84 87
84 88
84 92
84 94
84 96
84 97
84 102
84 104
84 112
84 113
84 114
84 119
84 122
84 124
85 4
85 5
85 7
85 10
85 13
85 14
85 15
85 16
85 17
85 18
85 19
85 21
85 24
85 25
85 26
85 28
85 31
85 33
85 35
85 37
85 38
85 40
85 43
85 45
85 48
85 50
85 52
85 53
85 54
85 56
85 58
85 61
85 62
85 67
85 70
85 73
85 76
85 80
85 83
85 84
85 86
85 87
85 88
85 89
85 93
85 94
85 95
85 99
85 100
85 102
85 105
85 106
85 110
85 111
85 115
85 116
85 118
85 119
85 120
85 123
86 0
86 1
86 3
86 5
86 6
86 17
86 18
86 20
86 21
86 22
86 23
86 24
86 25
86 28
86 29
86 30
86 31
86 33
86 35
86 36
86 37
86 38
86 39
86 42
86 43
86 46
86 47
86 52
86 56
86 63
86 64
86 66
86 68
86 71
86 74
86 76
86 77
86 83
86 85
86 89
86 93
86 94
86 95
86 99
86 103
86 104
86 106
86 108
86 109
86 110
86 111
86 116
86 117
86 118
86 120
86 121
86 122
86 124
86 125
86 127
87 4
87 7
87 10
87 11
87 12
87 13
87 14
87 25
87 27
87 28
87 31
87 33
87 40
87 41
87 43
87 45
87 47
87 49
87 50
87 52
87 53
87 55
87 57
87 58
87 59
87 60
87 61
87 62
87 66
87 67
87 69
87 71
87 72
87 76
87 79
87 80
87 82
87 83
87 85
87 86
87 87
87 91
87 92
87 93
87 95
87 97
87 98
87 101
87 102
87 103
87 104
87 105
87 107
87 108
87 112
87 113
87 114
87 115
87 117
87 120
87 121
87 122
87 124
88 2
88 6
88 7
88 10
88 11
88 13
88 14
88 17
88 19
88 23
88 24
88 25
88 26
88 28
88 31
88 32
88 33
88 34
88 41
88 44
88 46
88 48
88 51
88 55
88 56
88 57
88 58
88 59
88 63
88 64
88 69
88 71
88 72
88 73
88 75
88 77
88 78
88 79
88 80
88 82
88 83
88 88
88 89
88 90
88 91
88 94
88 97
88 100
88 105
88 107
88 108
88 109
88 111
88 112
88 114
88 115
88 116
88 118
88 120
88 121
88 123
88 125
88 127
89 0
89 2
89 6
89 7
89 13
89 15
89 16
89 18
89 25
89 26
89 27
89 31
89 34
89 35
89 36
89 37
89 43
89 44
89 46
89 48
89 56
89 59
89 60
89 61
89 62
89 66
89 67
89 68
89 69
89 72
89 73
89 74
89 76
89 78
89 79
89 80
89 84
89 85
89 86
89 87
89 88
89 91
89 93
89 95
89 96
89 97
89 98
89 99
89 100
89 102
89 103
89 104
89 105
89 107
89 110
89 112
89 113
89 114
89 115
89 116
89 121
89 122
89 123
89 124
90 0
90 1
90 3
90 4
90 5
90 7
90 9
90 10
90 11
90 12
90 14
90 16
90 20
90 25
90 26
90 29
90 31
90 33
90 34
90 35
90 39
90 42
90 45
90 48
90 49
90 51
90 54
90 55
90 57
90 60
90 61
90 63
90 65
90 66
90 67
90 68
90 69
90 72
90 75
90 76
90 77
90 79
90 83
90 84
90 85
90 89
90 92
90 94
90 95
90 102
90 104
90 106
90 108
90 109
90 111
90 112
90 113
90 117
90 120
90 123
90 125
91 0
91 4
91 6
91 7
91 8
91 10
91 12
91 14
91 16
91 17
91 20
91 24
91 29
91 31
91 33
91 34
91 35
91 36
91 37
91 41
91 44
91 46
91 47
91 49
91 53
91 58
91 63
91 67
91 69
91 70
91 77
91 84
91 85
91 86
91 87
91 88
91 91
91 93
91 95
91 96
91 97
91 101
91 105
91 110
91 111
91 114
91 125
91 126
91 127
92 2
92 3
92 5
92 6
92 9
92 10
92 13
92 14
92 16
92 17
92 19
92 20
92 28
92 32
92 34
92 36
92 38
92 39
92 41
92 42
92 46
92 50
92 52
92 54
92 55
92 56
92 57
92 58
92 59
92 60
92 62
92 64
92 66
92 67
92 68
92 70
92 71
92 72
92 74
92 75
92 79
92 82
92 86
92 88
92 90
92 92
92 96
92 97
92 101
92 104
92 108
92 112
92 114
92 116
92 117
92 118
92 119
92 121
92 123
92 126
93 0
93 2
93 4
93 5
93 10
93 11
93 13
93 14
93 15
93 19
93 20
93 23
93 25
93 29
93 30
93 31
93 34
93 39
93 42
93 43
93 44
93 48
93 55
93 62
93 63
93 64
93 65
93 66
93 69
93 71
93 73
93 74
93 75
93 77
93 78
93 79
93 81
93 82
93 83
93 86
93 91
93 95
93 96
93 97
93 98
93 99
93 105
93 106
93 108
93 114
93 115
93 117
93 122
93 123
94 0
94 1
94 3
94 4
94 5
94 6
94 9
94 11
94 14
94 15
94 17
94 18
94 20
94 23
94 24
94 25
94 27
94 28
94 29
94 31
94 33
94 35
94 36
94 39
94 42
94 43
94 45
94 46
94 47
94 49
94 50
94 53
94 58
94 60
94 61
94 67
94 68
94 69
94 71
94 72
94 73
94 74
94 75
94 77
94 84
94 85
94 87
94 92
94 95
94 97
94 99
94 101
94 102
94 104
94 106
94 110
94 112
94 114
94 116
94 117
94 118
94 120
94 123
94 126
94 127
95 3
95 5
95 6
95 8
95 11
95 14
95 16
95 17
95 18
95 31
95 34
95 36
95 40
95 44
95 45
95 47
95 48
95 50
95 53
95 62
95 63
95 65
95 66
95 67
95 68
95 69
95 70
95 71
95 72
95 73
95 74
95 77
95 78
95 81
95 83
95 85
95 86
95 88
95 90
95 93
95 94
95 96
95 98
95 99
95 103
95 106
95 107
95 109
95 110
95 113
95 116
95 119
95 124
95 126
95 127
96 0
96 3
96 6
96 7
96 8
96 11
96 12
96 13
96 14
96 17
96 21
96 22
96 23
96 28
96 33
96 37
96 38
96 39
96 45
96 47
96 56
96 58
96 64
96 66
96 67
96 69
96 71
96 72
96 73
96 74
96 80
96 82
96 83
96 84
96 88
96 89
96 90
96 91
96 93
96 95
96 99
96 101
96 103
96 104
96 105
96 106
96 111
96 113
96 115
96 117
96 119
96 120
96 121
96 122
96 124
96 126
96 127
97 0
97 1
97 2
97 7
97 9
97 10
97 15
97 18
97 20
97 21
97 23
97 27
97 29
97 39
97 42
97 43
97 44
97 45
97 47
97 50
97 52
97 53
97 54
97 55
97 59
97 61
97 67
97 70
97 74
97 75
97 76
97 77
97 78
97 80
97 82
97 85
97 87
97 90
97 91
97 92
97 93
97 95
97 97
97 98
97 99
97 100
97 101
97 102
97 105
97 107
97 108
97 109
97 110
97 112
97 114
97 117
97 118
97 120
98 0
98 3
98 4
98 5
98 7
98 8
98 12
98 13
98 14
98 15
98 19
98 20
98 21
98 22
98 23
98 25
98 26
98 35
98 36
98 39
98 40
98 42
98 43
98 48
98 49
98 52
98 55
98 56
98 59
98 60
98 61
98 63
98 65
98 67
98 68
98 69
98 78
98 79
98 88
98 90
98 94
98 95
98 96
98 98
98 101
98 102
98 105
98 106
98 107
98 108
98 109
98 114
98 119
98 121
98 122
98 124
98 126
99 0
99 3
99 6
99 11
99 12
99 13
99 14
99 18
99 20
99 24
99 26
99 27
99 30
99 31
99 32
99 33
99 34
99 38
99 39
99 43
99 44
99 45
99 50
99 51
99 52
99 57
99 58
99 59
99 60
99 61
99 62
99 63
99 64
99 65
99 68
99 71
99 73
99 76
99 77
99 79
99 86
99 87
99 88
99 90
99 91
99 92
99 95
99 96
99 98
99 99
99 105
99 106
99 110
99 111
99 113
99 115
99 116
99 117
99 118
99 120
99 122
99 123
99 126
99 127
100 0
100 9
100 10
100 11
100 12
100 13
100 15
100 16
100 18
100 26
100 27
100 28
100 29
100 30
100 31
100 34
100 36
100 37
100 39
100 40
100 45
100 49
100 50
100 51
100 56
100 57
100 61
100 62
100 63
100 67
100 68
100 70
100 71
100 73
100 74
100 75
100 77
100 78
100 79
100 80
100 81
100 82
100 86
100 88
100 94
100 95
100 96
100 98
100 102
100 103
100 104
100 105
100 116
100 118
100 122
100 123
100 124
100 125
100 127
101 2
101 3
101 5
101 6
101 7
101 8
101 9
101 10
101 13
101 14
101 16
101 21
101 22
101 23
101 24
101 25
101 26
101 30
101 32
101 33
101 35
101 36
101 37
101 38
101 41
101 42
101 43
101 44
101 46
101 47
101 49
101 50
101 51
101 52
101 53
101 54
101 57
101 58
101 59
101 60
101 61
101 63
101 67
101 70
101 73
101 76
101 77
101 79
101 80
101 81
101 83
101 86
101 87
101 88
101 89
101 91
101 92
101 99
101 100
101 102
101 105
101 108
101 109
101 111
101 113
101 114
101 115
101 117
101 120
101 122
101 123
101 124
101 125
102 2
102 4
102 5
102 6
102 10
102 11
102 15
102 16
102 17
102 18
102 24
102 26
102 31
102 35
102 36
102 37
102 38
102 41
102 43
102 44
102 46
102 48
102 52
102 54
102 55
102 56
102 61
102 62
102 63
102 66
102 69
102 71
102 74
102 77
102 80
102 82
102 90
102 92
102 94
102 98
102 99
102 101
102 103
102 105
102 106
102 107
102 112
102 114
102 116
102 117
102 119
102 122
102 125
103 1
103 5
103 6
103 7
103 9
103 10
103 11
103 12
103 15
103 17
103 18
103 20
103 22
103 24
103 26
103 27
103 33
103 36
103 37
103 41
103 44
103 46
103 48
103 50
103 51
103 53
103 54
103 67
103 68
103 71
103 74
103 75
103 76
103 79
103 81
103 85
103 86
103 89
103 92
103 93
103 95
103 98
103 100
103 103
103 107
103 112
103 113
103 119
103 120
103 122
103 124
103 125
104 1
104 7
104 8
104 11
104 13
104 17
104 20
104 22
104 24
104 25
104 27
104 28
104 29
104 33
104 34
104 35
104 39
104 40
104 41
104 42
104 43
104 46
104 49
104 50
104 52
104 54
104 55
104 58
104 59
104 62
104 65
104 66
104 69
104 72
104 73
104 77
104 79
104 80
104 81
104 82
104 83
104 84
104 85
104 89
104 90
104 93
104 95
104 101
104 102
104 108
104 110
104 112
104 115
104 117
105 3
105 7
105 9
105 13
105 20
105 22
105 23
105 24
105 25
105 28
105 29
105 30
105 31
105 34
105 36
105 38
105 40
105 42
105 45
105 48
105 49
105 50
105 51
105 55
105 56
105 57
105 58
105 59
105 67
105 70
105 72
105 73
105 74
105 75
105 76
105 78
105 82
105 85
105 86
105 88
105 89
105 93
105 98
105 99
105 105
105 107
105 108
105 109
105 110
105 111
105 119
105 124
106 0
106 1
106 6
106 8
106 11
106 13
106 15
106 16
106 17
106 18
106 21
106 22
106 23
106 24
106 27
106 28
106 33
106 34
106 35
106 39
106 42
106 47
106 48
106 49
106 51
106 54
106 55
106 56
106 59
106 60
106 61
106 63
106 71
106 73
106 74
106 76
106 77
106 79
106 80
106 81
106 82
106 85
106 86
106 87
106 88
106 94
106 95
106 97
106 102
106 103
106 109
106 114
106 115
106 116
106 118
106 124
106 125
107 3
107 8
107 9
107 12
107 15
107 20
107 23
107 25
107 27
107 28
107 31
107 32
107 35
107 36
107 37
107 38
107 42
107 44
107 45
107 46
107 49
107 51
107 52
107 55
107 57
107 58
107 60
107 62
107 64
107 65
107 66
107 69
107 70
107 73
107 81
107 83
107 89
107 90
107 92
107 94
107 95
107 96
107 98
107 99
107 101
107 102
107 104
107 105
107 106
107 107
107 111
107 114
107 115
107 117
107 120
107 122
107 126
108 1
108 2
108 3
108 5
108 6
108 9
108 10
108 12
108 14
108 18
108 19
108 20
108 21
108 27
108 28
108 30
108 33
108 34
108 38
108 41
108 43
108 44
108 47
108 48
108 58
108 60
108 62
108 63
108 64
108 65
108 68
108 69
108 70
108 78
108 80
108 81
108 82
108 83
108 85
108 88
108 90
108 92
108 93
108 97
108 100
108 102
108 104
108 106
108 110
108 112
108 117
108 122
108 125
109 2
109 5
109 7
109 10
109 17
109 18
109 20
109 24
109 25
109 28
109 30
109 33
109 34
109 41
109 42
109 43
109 44
109 45
109 46
109 51
109 52
109 54
109 55
109 57
109 61
109 63
109 65
109 67
109 68
109 69
109 71
109 72
109 79
109 83
109 85
109 86
109 87
109 90
109 92
109 95
109 101
109 102
109 103
109 105
109 109
109 114
109 115
109 117
109 119
109 121
109 125
109 126
109 127
110 0
110 2
110 6
110 7
110 12
110 16
110 18
110 19
110 21
110 22
110 23
110 24
110 25
110 28
110 29
110 30
110 32
110 34
110 38
110 44
110 47
110 50
110 52
110 53
110 54
110 62
110 67
110 71
110 73
110 75
110 76
110 79
110 83
110 85
110 88
110 91
110 93
110 102
110 103
110 105
110 107
110 109
110 112
110 113
110 114
110 115
110 117
110 119
110 124
111 0
111 1
111 2
111 4
111 6
111 10
111 14
111 19
111 20
111 21
111 24
111 26
111 28
111 30
111 38
111 43
111 46
111 47
111 48
111 50
111 51
111 52
111 56
111 57
111 58
111 60
111 61
111 66
111 69
111 72
111 74
111 76
111 77
111 79
111 81
111 83
111 84
111 86
111 90
111 91
111 94
111 95
111 96
111 98
111 100
111 103
111 104
111 106
111 109
111 110
111 113
111 114
111 117
111 118
111 121
111 122
111 123
112 1
112 2
112 4
112 5
112 8
112 10
112 12
112 13
112 15
112 16
112 21
112 22
112 23
112 24
112 25
112 27
112 30
112 33
112 34
112 35
112 36
112 38
112 39
112 40
112 42
112 44
112 46
112 47
112 48
112 49
112 52
112 58
112 60
112 62
112 63
112 66
112 72
112 73
112 75
112 76
112 78
112 80
112 83
112 86
112 88
112 96
112 101
112 102
112 103
112 105
112 106
112 108
112 110
112 111
112 112
112 114
112 116
112 118
112 119
112 120
112 122
112 123
112 125
113 0
113 1
113 5
113 8
113 10
113 12
113 14
113 15
113 22
113 25
113 29
113 31
113 33
113 35
113 38
113 39
113 42
113 43
113 45
113 46
113 48
113 49
113 52
113 56
113 57
113 58
113 60
113 61
113 62
113 66
113 69
113 71
113 73
113 75
113 77
113 79
113 80
113 82
113 83
113 85
113 86
113 89
113 91
113 92
113 96
113 99
113 101
113 102
113 105
113 106
113 107
113 110
113 112
113 113
113 115
113 120
113 121
113 122
113 124
113 126
114 0
114 1
114 4
114 6
114 7
114 8
114 10
114 14
114 17
114 18
114 20
114 24
114 27
114 28
114 30
114 33
114 36
114 37
114 39
114 42
114 43
114 44
114 45
114 47
114 49
114 58
114 66
114 68
114 71
114 72
114 73
114 74
114 83
114 86
114 89
114 91
114 93
114 101
114 102
114 104
114 106
114 109
114 111
114 112
114 118
114 119
114 120
114 121
114 123
114 125
114 126
114 127
115 5
115 8
115 10
115 16
115 17
115 19
115 22
115 24
115 27
115 30
115 31
115 32
115 35
115 36
115 38
115 40
115 45
115 48
115 49
115 50
115 53
115 55
115 56
115 57
115 59
115 60
115 61
115 62
115 65
115 67
115 68
115 69
115 71
115 72
115 73
115 76
115 79
115 84
115 85
115 87
115 90
115 91
115 93
115 97
115 100
115 101
115 103
115 104
115 108
115 110
115 112
115 113
115 114
115 118
115 122
115 124
115 125
115 126
115 127
116 0
116 1
116 2
116 4
116 7
116 9
116 10
116 18
116 19
116 28
116 31
116 32
116 38
116 43
116 45
116 46
116 47
116 48
116 49
116 50
116 51
116 55
116 56
116 57
116 58
116 59
116 60
116 61
116 63
116 64
116 67
116 71
116 77
116 80
116 82
116 85
116 86
116 89
116 90
116 91
116 92
116 93
116 97
116 99
116 100
116 105
116 106
116 107
116 110
116 111
116 115
116 117
116 118
116 119
116 121
116 123
116 124
116 125
116 127
117 0
117 4
117 6
117 7
117 9
117 12
117 16
117 18
117 20
117 21
117 23
117 24
117 27
117 29
117 30
117 31
117 32
117 34
117 36
117 37
117 41
117 44
117 45
117 46
117 54
117 56
117 58
117 61
117 64
117 65
117 66
117 69
117 70
117 71
117 72
117 75
117 80
117 82
117 84
117 86
117 89
117 90
117 91
117 92
117 94
117 95
117 98
117 101
117 104
117 106
117 107
117 109
117 112
117 114
117 117
117 119
117 122
117 125
117 127
118 0
118 1
118 3
118 6
118 7
118 10
118 11
118 12
118 13
118 14
118 16
118 18
118 19
118 22
118 26
118 27
118 33
118 34
118 35
118 36
118 37
118 38
118 45
118 46
118 47
118 50
118 51
118 54
118 55
118 63
118 65
118 66
118 69
118 70
118 71
118 72
118 75
118 78
118 81
118 86
118 89
118 93
118 97
118 98
118 102
118 103
118 104
118 107
118 108
118 109
118 110
118 111
118 112
118 114
118 115
118 116
118 119
118 122
118 125
118 126
119 3
119 5
119 6
119 8
119 9
119 11
119 19
119 20
119 22
119 24
119 25
119 32
119 34
119 39
119 45
119 46
119 47
119 48
119 51
119 52
119 54
119 58
119 59
119 62
119 63
119 64
119 66
119 67
119 68
119 73
119 76
119 78
119 80
119 82
119 84
119 88
119 89
119 91
119 92
119 93
119 94
119 97
119 98
119 101
119 102
119 103
119 105
119 109
119 111
119 112
119 115
119 116
119 120
119 122
119 123
119 125
119 126
120 5
120 7
120 8
120 9
120 12
120 13
120 18
120 20
120 21
120 23
120 25
120 29
120 31
120 34
120 35
120 36
120 37
120 40
120 43
120 45
120 46
120 55
120 56
120 58
120 59
120 61
120 65
120 67
120 71
120 72
120 74
120 75
120 77
120 78
120 81
120 82
120 89
120 93
120 96
120 97
120 100
120 103
120 104
120 105
120 107
120 110
120 111
120 113
120 115
120 118
120 120
120 122
120 123
120 124
120 125
120 127
121 0
121 1
121 4
121 5
121 6
121 8
121 12
121 14
121 16
121 17
121 19
121 23
121 28
121 31
121 34
121 37
121 40
121 43
121 45
121 47
121 48
121 49
121 51
121 52
121 53
121 55
121 56
121 57
121 62
121 63
121 64
121 66
121 68
121 73
121 74
121 75
121 79
121 82
121 86
121 91
121 93
121 94
121 96
121 97
121 98
121 99
121 101
121 102
121 105
121 106
121 107
121 108
121 111
121 112
121 113
121 115
121 121
121 122
121 123
121 125
121 126
121 127
122 0
122 1
122 2
122 3
122 4
122 6
122 7
122 13
122 16
122 24
122 25
122 27
122 28
122 29
122 30
122 31
122 32
122 35
122 38
122 39
122 40
122 41
122 46
122 48
122 52
122 55
122 56
122 58
122 59
122 61
122 64
122 65
122 66
122 70
122 71
122 74
122 76
122 77
122 78
122 79
122 80
122 83
122 88
122 89
122 92
122 94
122 98
122 99
122 100
122 106
122 107
122 109
122 110
122 119
122 120
122 123
122 125
123 2
123 4
123 8
123 9
123 10
123 11
123 14
123 19
123 21
123 25
123 29
123 31
123 34
123 37
123 39
123 40
123 41
123 42
123 46
123 47
123 48
123 49
123 50
123 51
123 53
123 59
123 61
123 65
123 66
123 67
123 68
123 70
123 71
123 72
123 75
123 76
123 77
123 82
123 83
123 85
123 86
123 87
123 88
123 92
123 97
123 100
123 102
123 103
123 108
123 114
123 115
123 117
123 118
123 121
123 126
123 127
124 0
124 4
124 7
124 9
124 10
124 11
124 16
124 17
124 20
124 23
124 24
124 25
124 26
124 28
124 31
124 33
124 38
124 42
124 44
124 48
124 49
124 50
124 51
124 53
124 56
124 58
124 59
124 60
124 61
124 62
124 63
124 64
124 65
124 66
124 68
124 69
124 74
124 78
124 79
124 80
124 82
124 83
124 86
124 90
124 91
124 92
124 95
124 96
124 100
124 101
124 103
124 107
124 109
124 112
124 115
124 118
124 119
124 124
124 127
125 0
125 1
125 4
125 10
125 13
125 15
125 18
125 21
125 22
125 23
125 25
125 28
125 30
125 32
125 33
125 34
125 35
125 37
125 40
125 41
125 42
125 44
125 46
125 48
125 49
125 52
125 53
125 55
125 56
125 57
125 59
125 60
125 61
125 64
125 67
125 68
125 69
125 70
125 72
125 76
125 78
125 79
125 82
125 85
125 87
125 91
125 92
125 94
125 96
125 97
125 100
125 102
125 104
125 106
125 107
125 109
125 111
125 118
125 119
125 122
125 124
125 125
125 127
126 0
126 1
126 3
126 9
126 12
126 15
126 16
126 17
126 20
126 22
126 24
126 25
126 29
126 30
126 31
126 32
126 34
126 37
126 38
126 46
126 47
126 51
126 53
126 58
126 64
126 66
126 67
126 68
126 72
126 74
126 75
126 77
126 78
126 82
126 84
126 85
126 88
126 89
126 92
126 96
126 101
126 102
126 104
126 105
126 108
126 110
126 112
126 113
126 117
126 126
127 0
127 1
127 2
127 3
127 4
127 6
127 8
127 11
127 13
127 14
127 17
127 18
127 21
127 23
127 24
127 25
127 26
127 27
127 29
127 31
127 36
127 37
127 40
127 41
127 42
127 43
127 44
127 45
127 48
127 50
127 51
127 52
127 53
127 58
127 62
127 63
127 64
127 65
127 66
127 67
127 68
127 69
127 70
127 71
127 72
127 77
127 78
127 79
127 80
127 81
127 83
127 84
127 85
127 86
127 88
127 89
127 99
127 101
127 103
127 104
127 109
127 110
127 113
127 114
127 115
127 116
127 117
127 120
127 123
127 125
