0 5
0 15
0 16
0 17
0 19
0 20
0 22
0 29
0 30
0 36
0 38
0 39
0 40
0 42
0 43
0 44
0 46
0 47
0 48
0 49
0 52
0 54
0 56
0 60
0 64
0 65
0 66
0 67
0 68
0 73
0 75
0 80
0 81
0 82
0 84
0 87
0 89
0 95
0 99
0 101
0 102
0 104
0 111
0 113
0 116
0 118
0 120
0 122
0 123
0 124
0 127
1 1
1 3
1 8
1 13
1 14
1 16
1 22
1 25
1 27
1 30
1 33
1 36
1 38
1 40
1 43
1 46
1 49
1 50
1 53
1 55
1 57
1 60
1 61
1 62
1 65
1 71
1 72
1 90
1 91
1 92
1 93
1 97
1 100
1 101
1 105
1 114
1 115
1 117
1 122
1 123
1 124
1 127
2 2
2 3
2 12
2 15
2 17
2 19
2 22
2 26
2 32
2 35
2 36
2 37
2 38
2 43
2 44
2 47
2 48
2 49
2 50
2 55
2 61
2 63
2 64
2 65
2 71
2 73
2 74
2 89
2 90
2 91
2 92
2 96
2 97
2 101
2 109
2 111
2 114
2 115
2 117
2 119
2 122
2 125
2 127
3 4
3 14
3 15
3 16
3 18
3 25
3 29
3 31
3 34
3 37
3 43
3 45
3 47
3 49
3 56
3 59
3 64
3 72
3 74
3 75
3 78
3 79
3 81
3 82
3 83
3 84
3 85
3 88
3 89
3 90
3 91
3 93
3 96
3 98
3 105
3 107
3 109
3 111
3 113
3 115
3 118
3 119
3 120
3 123
3 124
4 0
4 8
4 14
4 23
4 25
4 28
4 29
4 30
4 31
4 33
4 34
4 37
4 38
4 39
4 46
4 47
4 48
4 51
4 54
4 55
4 56
4 57
4 63
4 65
4 66
4 67
4 70
4 71
4 72
4 75
4 78
4 79
4 83
4 87
4 88
4 90
4 91
4 92
4 98
4 99
4 101
4 102
4 104
4 106
4 111
4 113
4 115
4 118
4 121
4 122
4 123
4 125
5 12
5 19
5 22
5 23
5 25
5 30
5 31
5 32
5 34
5 37
5 38
5 39
5 42
5 46
5 50
5 53
5 54
5 57
5 59
5 60
5 62
5 63
5 67
5 73
5 76
5 84
5 88
5 94
5 96
5 97
5 98
5 107
5 109
5 110
5 111
5 117
5 119
5 124
5 125
5 126
6 3
6 4
6 5
6 7
6 11
6 14
6 16
6 20
6 26
6 40
6 43
6 46
6 55
6 58
6 60
6 66
6 71
6 73
6 75
6 76
6 77
6 79
6 80
6 81
6 84
6 85
6 86
6 93
6 94
6 95
6 98
6 99
6 101
6 102
6 106
6 109
6 116
6 117
6 118
6 119
6 124
6 127
7 3
7 5
7 6
7 8
7 12
7 13
7 17
7 18
7 25
7 27
7 34
7 35
7 37
7 39
7 45
7 47
7 50
7 64
7 66
7 71
7 72
7 77
7 79
7 92
7 93
7 95
7 97
7 99
7 100
7 106
7 107
7 108
7 113
7 115
7 120
7 121
7 122
7 123
7 124
7 126
8 0
8 1
8 2
8 5
8 7
8 8
8 10
8 11
8 12
8 13
8 14
8 17
8 18
8 19
8 21
8 22
8 25
8 26
8 27
8 35
8 36
8 39
8 40
8 45
8 46
8 47
8 52
8 55
8 56
8 57
8 61
8 69
8 75
8 76
8 79
8 81
8 82
8 83
8 86
8 89
8 92
8 98
8 99
8 100
8 102
8 109
8 110
8 113
8 118
8 119
8 125
8 126
8 127
9 1
9 2
9 4
9 6
9 9
9 20
9 22
9 30
9 31
9 32
9 35
9 40
9 46
9 51
9 56
9 57
9 58
9 59
9 62
9 63
9 64
9 65
9 66
9 71
9 72
9 74
9 75
9 76
9 79
9 82
9 86
9 92
9 93
9 94
9 95
9 96
9 100
9 106
9 107
9 117
9 119
9 121
9 126
10 2
10 3
10 5
10 6
10 10
10 14
10 15
10 16
10 17
10 18
10 19
10 23
10 25
10 31
10 33
10 36
10 38
10 45
10 46
10 49
10 54
10 55
10 57
10 59
10 60
10 63
10 64
10 67
10 71
10 81
10 82
10 85
10 88
10 89
10 93
10 97
10 112
10 116
10 117
10 120
10 121
11 0
11 4
11 6
11 7
11 8
11 15
11 17
11 20
11 22
11 26
11 28
11 29
11 30
11 32
11 34
11 40
11 44
11 47
11 52
11 54
11 56
11 58
11 59
11 60
11 62
11 64
11 73
11 76
11 77
11 82
11 93
11 97
11 99
11 100
11 102
11 103
11 106
11 108
11 109
11 110
11 112
11 114
11 118
11 121
11 123
11 124
12 1
12 8
12 9
12 11
12 26
12 27
12 30
12 31
12 32
12 37
12 43
12 44
12 49
12 50
12 52
12 56
12 59
12 61
12 66
12 67
12 71
12 74
12 75
12 84
12 85
12 89
12 92
12 93
12 97
12 98
12 99
12 100
12 101
12 106
12 110
12 114
12 115
12 116
12 117
12 118
12 123
12 126
12 127
13 2
13 6
13 11
13 12
13 15
13 16
13 18
13 25
13 26
13 28
13 32
13 36
13 44
13 45
13 52
13 55
13 56
13 66
13 68
13 69
13 73
13 75
13 76
13 77
13 81
13 84
13 85
13 86
13 94
13 97
13 98
13 101
13 102
13 104
13 106
13 107
13 111
13 115
13 117
13 125
14 0
14 6
14 8
14 10
14 13
14 18
14 19
14 20
14 22
14 29
14 32
14 33
14 35
14 37
14 54
14 56
14 59
14 60
14 61
14 67
14 68
14 69
14 70
14 73
14 75
14 77
14 78
14 79
14 80
14 85
14 89
14 98
14 103
14 106
14 107
14 109
14 110
14 112
14 113
14 115
14 117
14 119
14 120
14 124
14 127
15 4
15 6
15 8
15 10
15 12
15 15
15 18
15 19
15 21
15 25
15 29
15 32
15 33
15 35
15 39
15 45
15 46
15 49
15 52
15 67
15 72
15 76
15 80
15 87
15 91
15 93
15 97
15 100
15 105
15 106
15 112
15 114
15 116
15 120
15 121
15 123
15 124
15 126
16 0
16 2
16 8
16 11
16 13
16 14
16 16
16 20
16 22
16 24
16 27
16 28
16 32
16 33
16 39
16 41
16 42
16 44
16 46
16 47
16 52
16 54
16 59
16 60
16 66
16 85
16 86
16 91
16 95
16 96
16 100
16 104
16 105
16 106
16 108
16 116
16 118
16 122
16 124
16 127
17 2
17 3
17 4
17 5
17 7
17 9
17 11
17 21
17 22
17 26
17 31
17 33
17 35
17 37
17 38
17 41
17 47
17 48
17 49
17 51
17 55
17 56
17 57
17 58
17 62
17 68
17 70
17 72
17 73
17 78
17 79
17 81
17 83
17 85
17 86
17 95
17 108
17 112
17 114
17 118
17 122
17 124
18 0
18 3
18 4
18 8
18 11
18 15
18 16
18 21
18 23
18 24
18 30
18 31
18 35
18 38
18 40
18 48
18 49
18 51
18 53
18 55
18 63
18 66
18 71
18 74
18 76
18 79
18 81
18 85
18 88
18 89
18 90
18 92
18 94
18 105
18 107
18 109
18 113
18 114
18 117
18 119
18 120
18 127
19 1
19 3
19 4
19 11
19 13
19 14
19 17
19 18
19 22
19 28
19 36
19 38
19 39
19 40
19 41
19 48
19 49
19 52
19 55
19 57
19 62
19 64
19 68
19 69
19 72
19 73
19 78
19 79
19 80
19 84
19 89
19 95
19 97
19 98
19 102
19 103
19 112
19 113
19 116
19 119
19 120
19 123
19 124
19 125
20 1
20 6
20 7
20 8
20 11
20 13
20 25
20 27
20 32
20 34
20 36
20 42
20 45
20 50
20 51
20 53
20 55
20 59
20 62
20 63
20 65
20 70
20 76
20 77
20 80
20 84
20 86
20 90
20 94
20 97
20 99
20 111
20 112
20 116
20 118
20 120
20 122
20 123
20 125
21 1
21 7
21 11
21 12
21 15
21 21
21 27
21 28
21 38
21 39
21 43
21 48
21 50
21 52
21 53
21 54
21 56
21 57
21 59
21 60
21 61
21 65
21 70
21 71
21 76
21 77
21 78
21 82
21 83
21 84
21 87
21 88
21 89
21 90
21 91
21 97
21 98
21 100
21 102
21 108
21 120
21 124
22 0
22 4
22 7
22 8
22 10
22 18
22 21
22 22
22 24
22 26
22 30
22 34
22 38
22 39
22 42
22 46
22 48
22 49
22 50
22 55
22 56
22 59
22 62
22 63
22 64
22 70
22 72
22 77
22 80
22 81
22 82
22 83
22 90
22 94
22 95
22 97
22 98
22 99
22 101
22 103
22 105
22 109
22 110
22 112
22 113
22 114
22 118
22 122
22 124
22 126
23 3
23 5
23 6
23 11
23 14
23 20
23 24
23 25
23 27
23 28
23 32
23 39
23 43
23 48
23 51
23 52
23 57
23 58
23 59
23 60
23 61
23 64
23 65
23 67
23 69
23 71
23 74
23 81
23 83
23 86
23 87
23 95
23 100
23 102
23 103
23 105
23 106
23 109
23 117
23 123
24 1
24 3
24 5
24 6
24 7
24 8
24 9
24 14
24 18
24 20
24 21
24 22
24 23
24 27
24 31
24 32
24 34
24 35
24 36
24 40
24 42
24 44
24 52
24 53
24 55
24 57
24 61
24 65
24 66
24 71
24 76
24 80
24 83
24 84
24 90
24 91
24 93
24 94
24 97
24 100
24 101
24 102
24 103
24 105
24 114
24 115
24 123
24 124
25 0
25 5
25 7
25 9
25 11
25 18
25 19
25 22
25 27
25 28
25 29
25 32
25 33
25 34
25 42
25 45
25 48
25 50
25 54
25 56
25 59
25 60
25 62
25 66
25 67
25 68
25 70
25 76
25 77
25 86
25 87
25 93
25 99
25 101
25 105
25 109
25 112
25 118
25 119
25 123
25 125
25 126
26 2
26 3
26 16
26 19
26 20
26 21
26 23
26 32
26 37
26 39
26 41
26 43
26 48
26 49
26 51
26 56
26 62
26 65
26 66
26 67
26 70
26 71
26 75
26 77
26 78
26 79
26 81
26 82
26 86
26 87
26 90
26 91
26 93
26 95
26 99
26 100
26 102
26 104
26 106
26 112
26 115
26 116
26 120
26 126
27 6
27 9
27 13
27 26
27 29
27 30
27 32
27 33
27 38
27 40
27 42
27 46
27 54
27 55
27 58
27 60
27 61
27 63
27 66
27 67
27 68
27 70
27 73
27 79
27 81
27 82
27 83
27 87
27 88
27 89
27 91
27 93
27 95
27 96
27 98
27 99
27 101
27 102
27 103
27 105
27 106
27 111
27 112
27 115
27 116
27 121
27 122
27 124
27 126
28 3
28 5
28 6
28 7
28 8
28 9
28 10
28 11
28 12
28 16
28 33
28 36
28 40
28 41
28 44
28 45
28 47
28 52
28 56
28 58
28 62
28 66
28 69
28 71
28 72
28 78
28 81
28 86
28 87
28 91
28 92
28 93
28 94
28 97
28 100
28 103
28 106
28 108
28 116
28 121
29 6
29 7
29 12
29 17
29 18
29 22
29 25
29 31
29 32
29 33
29 34
29 35
29 39
29 42
29 47
29 56
29 58
29 63
29 68
29 69
29 70
29 71
29 72
29 75
29 84
29 89
29 94
29 96
29 99
29 103
29 105
29 107
29 110
29 111
29 113
29 115
29 117
29 125
29 126
30 2
30 3
30 9
30 12
30 18
30 20
30 22
30 25
30 29
30 31
30 36
30 37
30 38
30 40
30 42
30 47
30 48
30 51
30 56
30 57
30 58
30 70
30 76
30 79
30 80
30 81
30 83
30 86
30 87
30 91
30 92
30 93
30 98
30 107
30 110
30 123
30 127
31 5
31 12
31 14
31 16
31 21
31 22
31 23
31 24
31 25
31 27
31 28
31 29
31 30
31 36
31 38
31 43
31 44
31 46
31 47
31 51
31 54
31 57
31 62
31 63
31 64
31 68
31 69
31 70
31 74
31 76
31 79
31 82
31 83
31 84
31 87
31 91
31 92
31 94
31 95
31 99
31 100
31 101
31 102
31 104
31 105
31 109
31 111
31 120
31 121
31 122
31 123
31 124
31 126
31 127
32 2
32 10
32 11
32 14
32 16
32 17
32 18
32 21
32 23
32 26
32 27
32 37
32 38
32 43
32 46
32 47
32 48
32 61
32 62
32 64
32 68
32 69
32 76
32 80
32 83
32 85
32 88
32 90
32 91
32 92
32 93
32 100
32 102
32 106
32 108
32 112
32 113
32 115
32 116
32 119
32 122
32 126
33 2
33 3
33 4
33 6
33 7
33 8
33 10
33 13
33 15
33 20
33 22
33 28
33 29
33 33
33 35
33 36
33 39
33 40
33 44
33 49
33 50
33 51
33 53
33 55
33 58
33 59
33 65
33 66
33 75
33 77
33 78
33 81
33 82
33 83
33 87
33 89
33 90
33 91
33 92
33 93
33 95
33 96
33 97
33 98
33 101
33 102
33 104
33 105
33 109
33 110
33 111
33 115
33 117
33 123
33 127
34 4
34 8
34 9
34 10
34 12
34 15
34 17
34 21
34 25
34 28
34 35
34 37
34 42
34 46
34 52
34 53
34 61
34 62
34 66
34 68
34 70
34 71
34 72
34 73
34 74
34 79
34 82
34 85
34 86
34 92
34 93
34 94
34 97
34 98
34 101
34 105
34 107
34 110
34 111
34 112
34 117
34 118
34 120
34 121
34 122
34 123
34 124
34 126
35 0
35 3
35 4
35 6
35 12
35 18
35 20
35 21
35 30
35 34
35 35
35 36
35 40
35 47
35 48
35 50
35 51
35 52
35 54
35 57
35 60
35 62
35 64
35 68
35 70
35 72
35 77
35 78
35 79
35 81
35 88
35 92
35 95
35 96
35 99
35 103
35 108
35 109
35 111
35 113
35 115
35 119
35 122
35 124
36 0
36 3
36 4
36 7
36 11
36 13
36 14
36 15
36 16
36 17
36 22
36 23
36 31
36 32
36 34
36 41
36 42
36 45
36 49
36 56
36 57
36 58
36 59
36 65
36 66
36 67
36 68
36 71
36 75
36 77
36 80
36 81
36 84
36 86
36 88
36 95
36 96
36 97
36 100
36 104
36 105
36 112
36 115
36 116
36 122
36 125
36 126
36 127
37 0
37 1
37 3
37 4
37 7
37 9
37 10
37 13
37 14
37 15
37 16
37 18
37 19
37 20
37 26
37 28
37 31
37 32
37 34
37 35
37 38
37 39
37 40
37 44
37 45
37 47
37 51
37 53
37 56
37 59
37 60
37 61
37 65
37 66
37 71
37 73
37 75
37 82
37 84
37 86
37 87
37 95
37 98
37 100
37 101
37 103
37 112
37 113
37 115
37 120
37 121
37 122
37 125
38 0
38 4
38 5
38 10
38 11
38 14
38 16
38 20
38 21
38 25
38 28
38 30
38 34
38 37
38 41
38 43
38 50
38 56
38 60
38 66
38 69
38 78
38 79
38 80
38 86
38 89
38 91
38 95
38 97
38 98
38 100
38 104
38 105
38 106
38 107
38 108
38 109
38 110
38 111
38 114
38 125
39 1
39 4
39 6
39 7
39 10
39 15
39 16
39 20
39 22
39 24
39 25
39 26
39 28
39 30
39 31
39 33
39 34
39 36
39 37
39 38
39 39
39 40
39 41
39 42
39 46
39 47
39 48
39 49
39 51
39 52
39 56
39 57
39 58
39 59
39 66
39 78
39 80
39 95
39 101
39 103
39 104
39 105
39 114
39 124
39 126
39 127
40 3
40 5
40 6
40 11
40 13
40 14
40 15
40 17
40 24
40 29
40 31
40 35
40 36
40 37
40 38
40 40
40 42
40 44
40 46
40 48
40 50
40 55
40 56
40 59
40 60
40 63
40 66
40 74
40 77
40 83
40 89
40 95
40 96
40 99
40 100
40 102
40 103
40 108
40 114
40 117
40 120
40 121
40 125
41 2
41 4
41 6
41 8
41 9
41 11
41 12
41 14
41 15
41 17
41 27
41 32
41 33
41 35
41 36
41 38
41 39
41 40
41 43
41 44
41 45
41 48
41 49
41 53
41 54
41 55
41 60
41 62
41 66
41 70
41 73
41 74
41 77
41 80
41 88
41 89
41 90
41 91
41 92
41 96
41 97
41 102
41 103
41 107
41 113
41 114
41 115
41 120
41 124
41 127
42 0
42 2
42 3
42 5
42 7
42 12
42 13
42 14
42 15
42 16
42 18
42 19
42 20
42 24
42 26
42 27
42 28
42 29
42 30
42 34
42 36
42 37
42 40
42 41
42 42
42 46
42 51
42 53
42 58
42 64
42 65
42 70
42 71
42 84
42 87
42 88
42 92
42 93
42 98
42 101
42 102
42 105
42 106
42 107
42 109
42 110
42 121
42 122
42 123
42 125
43 6
43 7
43 8
43 11
43 12
43 16
43 19
43 22
43 35
43 45
43 47
43 48
43 51
43 53
43 54
43 56
43 57
43 60
43 62
43 66
43 68
43 73
43 74
43 79
43 81
43 82
43 83
43 88
43 89
43 91
43 95
43 97
43 100
43 102
43 103
43 104
43 110
43 111
43 112
43 116
43 117
43 118
43 121
43 125
44 5
44 6
44 7
44 9
44 11
44 13
44 15
44 16
44 20
44 25
44 27
44 28
44 30
44 32
44 35
44 37
44 39
44 42
44 45
44 48
44 58
44 60
44 65
44 70
44 74
44 82
44 83
44 84
44 92
44 96
44 98
44 99
44 107
44 108
44 109
44 110
44 112
44 116
44 120
44 122
44 123
44 124
45 0
45 3
45 5
45 6
45 12
45 17
45 18
45 19
45 26
45 28
45 31
45 32
45 34
45 39
45 40
45 42
45 43
45 47
45 52
45 53
45 54
45 56
45 61
45 63
45 67
45 69
45 73
45 74
45 87
45 93
45 94
45 97
45 99
45 100
45 104
45 107
45 112
45 113
45 116
45 118
45 119
45 125
45 126
46 0
46 4
46 7
46 9
46 11
46 12
46 14
46 15
46 22
46 24
46 25
46 27
46 28
46 29
46 31
46 33
46 35
46 37
46 45
46 47
46 54
46 55
46 56
46 59
46 60
46 62
46 70
46 74
46 76
46 77
46 78
46 79
46 80
46 86
46 92
46 93
46 94
46 95
46 97
46 98
46 103
46 107
46 108
46 117
46 118
46 120
46 123
46 124
46 125
46 126
47 4
47 8
47 10
47 12
47 13
47 16
47 19
47 20
47 27
47 34
47 45
47 47
47 48
47 50
47 52
47 54
47 57
47 60
47 64
47 65
47 66
47 67
47 68
47 70
47 74
47 76
47 78
47 82
47 83
47 84
47 87
47 100
47 105
47 106
47 107
47 108
47 109
47 116
47 118
47 120
47 124
47 127
48 0
48 1
48 7
48 10
48 11
48 14
48 25
48 30
48 38
48 39
48 40
48 45
48 52
48 54
48 58
48 60
48 68
48 71
48 72
48 74
48 75
48 76
48 78
48 82
48 85
48 86
48 90
48 92
48 94
48 104
48 108
48 113
48 114
48 115
48 116
48 118
48 119
48 123
48 126
49 2
49 3
49 4
49 8
49 9
49 14
49 18
49 24
49 27
49 28
49 40
49 41
49 43
49 44
49 45
49 48
49 52
49 53
49 54
49 56
49 59
49 60
49 62
49 65
49 67
49 71
49 73
49 74
49 75
49 76
49 77
49 82
49 84
49 88
49 92
49 93
49 96
49 100
49 108
49 109
49 111
49 113
49 114
49 116
49 119
50 0
50 5
50 8
50 10
50 11
50 13
50 15
50 17
50 19
50 20
50 21
50 28
50 29
50 32
50 33
50 34
50 36
50 40
50 41
50 43
50 44
50 48
50 51
50 52
50 53
50 54
50 56
50 57
50 58
50 59
50 66
50 73
50 76
50 78
50 84
50 85
50 88
50 91
50 93
50 94
50 95
50 98
50 99
50 102
50 103
50 105
50 107
50 108
50 112
50 114
50 115
50 117
50 118
50 119
50 127
51 2
51 3
51 6
51 12
51 14
51 19
51 20
51 22
51 29
51 30
51 37
51 43
51 50
51 53
51 58
51 60
51 61
51 66
51 69
51 70
51 75
51 79
51 89
51 92
51 96
51 99
51 102
51 103
51 104
51 105
51 109
51 112
51 116
51 119
51 125
51 126
51 127
52 2
52 3
52 4
52 13
52 17
52 18
52 19
52 25
52 27
52 28
52 29
52 31
52 32
52 40
52 47
52 49
52 52
52 58
52 72
52 73
52 74
52 76
52 77
52 78
52 80
52 81
52 82
52 102
52 103
52 109
52 112
52 113
52 119
52 120
52 126
53 0
53 2
53 4
53 6
53 7
53 9
53 11
53 12
53 15
53 16
53 17
53 21
53 31
53 32
53 35
53 39
53 42
53 43
53 44
53 52
53 54
53 55
53 57
53 58
53 61
53 62
53 63
53 71
53 73
53 77
53 82
53 83
53 92
53 96
53 99
53 103
53 104
53 106
53 108
53 110
53 112
53 114
53 115
53 116
53 122
53 124
53 127
54 1
54 4
54 7
54 8
54 13
54 16
54 17
54 21
54 23
54 25
54 27
54 29
54 33
54 37
54 38
54 40
54 42
54 43
54 44
54 47
54 53
54 57
54 58
54 60
54 61
54 62
54 68
54 69
54 73
54 78
54 80
54 81
54 82
54 85
54 86
54 90
54 91
54 92
54 97
54 100
54 102
54 105
54 108
54 110
54 111
54 112
54 113
54 115
54 121
54 122
54 123
54 124
54 126
55 3
55 4
55 5
55 7
55 14
55 15
55 16
55 17
55 18
55 19
55 22
55 24
55 25
55 26
55 28
55 29
55 31
55 32
55 36
55 40
55 41
55 42
55 44
55 46
55 47
55 49
55 50
55 52
55 54
55 58
55 61
55 63
55 66
55 67
55 69
55 72
55 73
55 77
55 78
55 80
55 81
55 83
55 88
55 99
55 102
55 106
55 111
55 115
55 123
55 127
56 2
56 3
56 6
56 7
56 8
56 11
56 13
56 15
56 16
56 17
56 18
56 20
56 22
56 23
56 25
56 26
56 28
56 30
56 38
56 40
56 43
56 47
56 49
56 54
56 56
56 70
56 71
56 73
56 75
56 78
56 79
56 82
56 83
56 90
56 93
56 94
56 95
56 96
56 98
56 103
56 107
56 113
56 115
56 117
56 123
56 124
56 125
56 126
57 0
57 1
57 2
57 3
57 6
57 8
57 9
57 10
57 17
57 22
57 25
57 32
57 33
57 34
57 36
57 38
57 39
57 45
57 47
57 48
57 52
57 55
57 56
57 59
57 66
57 67
57 69
57 72
57 73
57 76
57 81
57 84
57 86
57 87
57 91
57 92
57 98
57 99
57 103
57 105
57 106
57 108
57 113
57 114
57 116
57 117
57 119
57 120
57 121
57 122
57 123
57 124
58 1
58 3
58 4
58 5
58 12
58 15
58 18
58 22
58 26
58 29
58 31
58 34
58 40
58 43
58 47
58 48
58 51
58 55
58 56
58 61
58 69
58 74
58 75
58 77
58 80
58 81
58 83
58 88
58 89
58 91
58 94
58 100
58 104
58 107
58 112
58 115
58 118
58 121
58 122
59 1
59 4
59 13
59 14
59 17
59 18
59 20
59 30
59 31
59 34
59 35
59 36
59 43
59 45
59 55
59 56
59 57
59 58
59 59
59 60
59 61
59 64
59 68
59 69
59 70
59 71
59 79
59 82
59 85
59 90
59 91
59 96
59 97
59 100
59 101
59 107
59 108
59 111
59 112
59 115
59 116
59 117
59 118
60 1
60 2
60 6
60 9
60 13
60 14
60 15
60 17
60 19
60 21
60 23
60 28
60 34
60 36
60 38
60 39
60 41
60 51
60 53
60 55
60 69
60 73
60 78
60 79
60 82
60 83
60 85
60 86
60 91
60 92
60 100
60 104
60 107
60 110
60 111
60 112
60 113
60 116
60 117
60 118
60 119
60 121
61 8
61 13
61 15
61 18
61 19
61 20
61 23
61 33
61 35
61 37
61 47
61 51
61 55
61 58
61 63
61 64
61 69
61 70
61 81
61 82
61 84
61 87
61 95
61 97
61 105
61 106
61 115
61 118
61 121
61 122
61 124
62 1
62 5
62 7
62 14
62 19
62 20
62 23
62 25
62 31
62 35
62 37
62 42
62 43
62 45
62 46
62 47
62 48
62 54
62 57
62 58
62 59
62 61
62 67
62 68
62 69
62 78
62 81
62 86
62 90
62 91
62 95
62 105
62 106
62 107
62 109
62 111
62 115
62 121
62 122
62 124
62 125
63 4
63 6
63 10
63 13
63 14
63 18
63 21
63 28
63 30
63 31
63 33
63 34
63 35
63 36
63 37
63 38
63 40
63 41
63 42
63 43
63 44
63 55
63 56
63 57
63 60
63 63
63 65
63 67
63 70
63 72
63 76
63 77
63 79
63 82
63 84
63 86
63 91
63 95
63 99
63 100
63 104
63 106
63 107
63 109
63 110
63 115
63 119
63 121
63 122
63 127
64 1
64 5
64 10
64 13
64 17
64 26
64 30
64 31
64 53
64 55
64 60
64 63
64 64
64 68
64 70
64 75
64 76
64 81
64 82
64 86
64 90
64 92
64 96
64 101
64 102
64 103
64 106
64 108
64 109
64 114
64 117
64 119
64 123
64 127
65 1
65 6
65 7
65 8
65 9
65 10
65 14
65 15
65 19
65 22
65 26
65 33
65 34
65 35
65 37
65 40
65 41
65 44
65 47
65 50
65 55
65 57
65 59
65 61
65 64
65 67
65 70
65 71
65 73
65 74
65 75
65 76
65 79
65 80
65 81
65 83
65 87
65 91
65 98
65 99
65 103
65 105
65 107
65 111
65 113
65 116
65 117
65 120
65 123
66 0
66 5
66 9
66 11
66 12
66 13
66 14
66 16
66 17
66 19
66 23
66 35
66 37
66 42
66 44
66 45
66 48
66 49
66 52
66 62
66 64
66 66
66 70
66 76
66 80
66 85
66 86
66 87
66 88
66 89
66 91
66 92
66 93
66 96
66 100
66 101
66 107
66 112
66 113
66 115
66 124
66 125
66 126
66 127
67 0
67 1
67 3
67 4
67 6
67 7
67 11
67 16
67 23
67 24
67 30
67 36
67 38
67 39
67 47
67 48
67 51
67 54
67 60
67 61
67 62
67 68
67 69
67 70
67 72
67 73
67 75
67 77
67 79
67 81
67 83
67 85
67 89
67 91
67 100
67 101
67 105
67 107
67 111
67 113
67 117
67 118
67 119
67 120
67 122
67 127
68 4
68 5
68 7
68 11
68 13
68 19
68 23
68 33
68 35
68 36
68 38
68 39
68 40
68 41
68 42
68 44
68 45
68 50
68 52
68 56
68 57
68 58
68 60
68 62
68 63
68 66
68 67
68 75
68 76
68 77
68 79
68 80
68 82
68 83
68 88
68 90
68 98
68 101
68 105
68 106
68 109
68 114
68 117
68 118
68 119
68 120
68 125
69 0
69 7
69 8
69 9
69 10
69 17
69 23
69 25
69 29
69 30
69 35
69 36
69 42
69 43
69 46
69 50
69 51
69 52
69 53
69 54
69 55
69 56
69 57
69 61
69 62
69 63
69 66
69 68
69 69
69 71
69 73
69 79
69 82
69 88
69 89
69 91
69 92
69 94
69 97
69 100
69 103
69 104
69 106
69 107
69 112
69 113
69 115
69 119
69 120
69 123
69 125
70 1
70 3
70 4
70 5
70 8
70 9
70 17
70 18
70 19
70 22
70 25
70 29
70 30
70 32
70 34
70 35
70 39
70 42
70 43
70 46
70 50
70 51
70 54
70 55
70 61
70 68
70 69
70 73
70 80
70 83
70 86
70 87
70 96
70 98
70 100
70 102
70 105
70 117
70 122
70 124
70 125
70 127
71 13
71 15
71 18
71 19
71 20
71 24
71 27
71 28
71 32
71 33
71 37
71 42
71 45
71 46
71 49
71 60
71 62
71 66
71 67
71 68
71 76
71 78
71 79
71 81
71 83
71 86
71 88
71 97
71 98
71 99
71 101
71 102
71 103
71 105
71 113
71 122
72 3
72 4
72 6
72 7
72 12
72 18
72 21
72 24
72 29
72 30
72 31
72 38
72 39
72 40
72 42
72 48
72 53
72 55
72 58
72 62
72 65
72 70
72 78
72 81
72 83
72 88
72 89
72 94
72 95
72 96
72 97
72 98
72 101
72 103
72 108
72 109
72 115
72 118
72 123
73 1
73 3
73 4
73 8
73 11
73 13
73 14
73 18
73 21
73 23
73 28
73 31
73 33
73 36
73 39
73 40
73 43
73 45
73 46
73 48
73 49
73 52
73 53
73 54
73 55
73 57
73 63
73 64
73 65
73 69
73 71
73 74
73 76
73 77
73 78
73 80
73 83
73 84
73 85
73 88
73 92
73 93
73 94
73 95
73 97
73 101
73 103
73 110
73 111
73 113
73 115
73 119
73 121
73 126
74 1
74 2
74 10
74 13
74 14
74 15
74 18
74 20
74 25
74 31
74 33
74 35
74 37
74 42
74 43
74 46
74 50
74 51
74 52
74 53
74 57
74 58
74 62
74 63
74 64
74 65
74 75
74 79
74 82
74 87
74 88
74 90
74 96
74 97
74 101
74 105
74 107
74 108
74 113
74 116
74 120
74 121
74 123
75 2
75 6
75 9
75 14
75 15
75 20
75 25
75 28
75 29
75 32
75 35
75 37
75 39
75 41
75 42
75 47
75 50
75 57
75 60
75 62
75 66
75 73
75 74
75 82
75 84
75 88
75 90
75 91
75 92
75 95
75 96
75 99
75 100
75 107
75 108
75 109
75 110
75 111
75 112
75 113
75 117
75 118
75 122
75 124
76 1
76 5
76 6
76 7
76 10
76 13
76 18
76 21
76 22
76 24
76 25
76 26
76 33
76 42
76 43
76 45
76 47
76 53
76 54
76 59
76 63
76 67
76 69
76 70
76 71
76 73
76 75
76 78
76 84
76 85
76 88
76 90
76 94
76 95
76 101
76 105
76 106
76 112
76 114
76 117
76 126
77 1
77 2
77 3
77 5
77 10
77 13
77 15
77 16
77 19
77 20
77 21
77 22
77 25
77 26
77 28
77 34
77 35
77 37
77 39
77 47
77 48
77 54
77 62
77 67
77 70
77 73
77 78
77 82
77 88
77 89
77 92
77 93
77 94
77 96
77 98
77 100
77 103
77 104
77 106
77 107
77 108
77 113
77 117
77 122
77 126
77 127
78 0
78 6
78 9
78 11
78 13
78 18
78 24
78 25
78 27
78 29
78 33
78 34
78 38
78 39
78 45
78 47
78 51
78 52
78 55
78 59
78 61
78 68
78 70
78 71
78 72
78 77
78 82
78 83
78 85
78 90
78 97
78 98
78 100
78 103
78 104
78 107
78 110
78 112
78 117
78 118
78 119
78 121
78 122
78 123
78 125
78 127
79 0
79 6
79 9
79 11
79 13
79 19
79 22
79 23
79 24
79 27
79 28
79 30
79 36
79 38
79 39
79 47
79 49
79 51
79 53
79 54
79 56
79 58
79 61
79 63
79 66
79 67
79 68
79 71
79 73
79 77
79 78
79 81
79 83
79 87
79 89
79 99
79 100
79 105
79 106
79 109
79 110
79 111
79 112
79 121
79 122
79 123
79 126
80 1
80 2
80 6
80 13
80 14
80 15
80 16
80 20
80 22
80 23
80 26
80 27
80 28
80 29
80 30
80 34
80 36
80 37
80 41
80 42
80 43
80 48
80 49
80 53
80 55
80 58
80 59
80 60
80 63
80 65
80 68
80 70
80 73
80 75
80 76
80 79
80 86
80 92
80 94
80 95
80 97
80 99
80 100
80 101
80 102
80 106
80 112
80 113
80 118
80 119
80 124
80 125
81 1
81 2
81 9
81 10
81 12
81 13
81 16
81 17
81 21
81 22
81 25
81 27
81 30
81 37
81 38
81 39
81 40
81 42
81 43
81 44
81 45
81 46
81 49
81 50
81 55
81 56
81 60
81 66
81 69
81 72
81 74
81 80
81 81
81 82
81 87
81 92
81 93
81 105
81 106
81 108
81 109
81 110
81 115
81 118
81 119
81 121
81 125
81 127
82 4
82 5
82 6
82 10
82 11
82 13
82 14
82 16
82 18
82 20
82 22
82 26
82 27
82 29
82 30
82 31
82 35
82 36
82 37
82 39
82 40
82 42
82 44
82 51
82 60
82 63
82 66
82 71
82 74
82 79
82 81
82 83
82 87
82 90
82 95
82 96
82 97
82 100
82 101
82 104
82 106
82 109
82 112
82 113
82 115
82 117
82 123
82 126
82 127
83 0
83 1
83 2
83 5
83 8
83 11
83 12
83 14
83 20
83 27
83 29
83 35
83 37
83 42
83 43
83 47
83 50
83 55
83 56
83 61
83 62
83 63
83 66
83 67
83 69
83 71
83 77
83 78
83 80
83 81
83 84
83 91
83 95
83 96
83 98
83 99
83 100
83 103
83 106
83 107
83 109
83 111
83 114
83 120
83 122
83 125
83 127
84 0
84 1
84 4
84 10
84 13
84 14
84 16
84 17
84 18
84 20
84 21
84 22
84 23
84 24
84 25
84 27
84 28
84 29
84 30
84 31
84 39
84 40
84 41
84 44
84 50
84 53
84 55
84 57
84 61
84 69
84 70
84 71
84 76
84 80
84 81
84 84
84 86
84 88
84 96
84 98
84 100
84 109
84 113
84 114
84 115
84 119
84 121
84 122
84 123
84 124
84 125
84 127
85 3
85 5
85 7
85 12
85 16
85 17
85 20
85 23
85 25
85 27
85 29
85 31
85 35
85 36
85 37
85 40
85 42
85 43
85 44
85 46
85 47
85 48
85 49
85 52
85 53
85 55
85 56
85 57
85 60
85 64
85 66
85 68
85 70
85 71
85 72
85 80
85 84
85 90
85 95
85 96
85 99
85 102
85 106
85 111
85 112
85 113
85 114
85 115
85 116
85 119
85 122
85 123
85 126
85 127
86 0
86 1
86 7
86 9
86 10
86 17
86 18
86 21
86 22
86 23
86 27
86 28
86 32
86 33
86 36
86 38
86 39
86 41
86 44
86 45
86 51
86 53
86 56
86 57
86 60
86 62
86 65
86 68
86 69
86 70
86 79
86 85
86 87
86 91
86 92
86 93
86 94
86 96
86 97
86 98
86 99
86 102
86 108
86 113
86 115
86 118
86 126
86 127
87 1
87 2
87 3
87 6
87 13
87 17
87 18
87 19
87 21
87 22
87 23
87 27
87 29
87 31
87 35
87 36
87 39
87 43
87 45
87 47
87 53
87 56
87 58
87 59
87 60
87 62
87 63
87 64
87 65
87 68
87 71
87 73
87 74
87 76
87 78
87 85
87 90
87 93
87 95
87 98
87 104
87 105
87 110
87 114
87 116
87 117
87 120
87 122
87 125
87 126
88 1
88 5
88 8
88 12
88 13
88 16
88 25
88 29
88 30
88 34
88 38
88 41
88 44
88 49
88 51
88 57
88 62
88 64
88 69
88 71
88 76
88 78
88 81
88 84
88 92
88 94
88 96
88 97
88 98
88 99
88 102
88 103
88 106
88 108
88 109
88 113
88 114
88 115
88 117
88 121
88 123
88 126
89 0
89 6
89 9
89 10
89 11
89 13
89 15
89 16
89 18
89 20
89 23
89 25
89 27
89 28
89 30
89 32
89 38
89 39
89 40
89 43
89 44
89 45
89 56
89 59
89 60
89 61
89 63
89 64
89 65
89 66
89 73
89 75
89 79
89 81
89 83
89 92
89 96
89 97
89 102
89 103
89 109
89 111
89 112
89 113
89 115
89 117
89 119
89 121
89 125
89 126
90 1
90 2
90 5
90 8
90 12
90 14
90 16
90 19
90 24
90 26
90 32
90 38
90 41
90 44
90 45
90 48
90 58
90 60
90 64
90 66
90 72
90 75
90 80
90 83
90 84
90 87
90 89
90 91
90 93
90 95
90 99
90 107
90 108
90 110
90 112
90 113
90 115
90 118
90 120
90 126
91 2
91 3
91 6
91 7
91 10
91 12
91 19
91 34
91 36
91 37
91 38
91 41
91 42
91 47
91 49
91 52
91 54
91 61
91 62
91 63
91 65
91 66
91 67
91 72
91 73
91 74
91 79
91 81
91 82
91 83
91 86
91 90
91 91
91 96
91 97
91 100
91 102
91 103
91 105
91 110
91 115
91 118
91 126
91 127
92 1
92 2
92 6
92 10
92 13
92 19
92 21
92 23
92 29
92 32
92 33
92 36
92 37
92 39
92 46
92 51
92 52
92 53
92 54
92 55
92 59
92 65
92 69
92 71
92 81
92 82
92 87
92 88
92 92
92 93
92 95
92 97
92 100
92 102
92 104
92 106
92 110
92 112
92 113
92 114
92 115
92 116
92 118
92 119
92 120
92 122
92 124
92 125
92 126
93 1
93 6
93 8
93 13
93 14
93 16
93 18
93 23
93 31
93 32
93 39
93 42
93 46
93 51
93 52
93 53
93 54
93 61
93 63
93 64
93 65
93 67
93 68
93 71
93 72
93 73
93 74
93 75
93 78
93 83
93 85
93 87
93 88
93 90
93 97
93 100
93 101
93 102
93 103
93 104
93 111
93 112
93 113
93 119
93 122
93 127
94 3
94 5
94 6
94 7
94 8
94 9
94 14
94 19
94 21
94 22
94 25
94 26
94 29
94 31
94 33
94 34
94 36
94 37
94 38
94 39
94 41
94 42
94 43
94 47
94 52
94 54
94 61
94 70
94 71
94 72
94 73
94 77
94 82
94 83
94 84
94 86
94 87
94 88
94 90
94 93
94 101
94 104
94 107
94 111
94 112
94 118
94 119
94 121
94 123
94 126
95 2
95 4
95 7
95 8
95 11
95 12
95 16
95 25
95 26
95 36
95 41
95 43
95 47
95 49
95 51
95 52
95 53
95 54
95 55
95 56
95 57
95 59
95 60
95 61
95 62
95 63
95 64
95 70
95 72
95 77
95 85
95 88
95 90
95 93
95 94
95 95
95 96
95 103
95 107
95 108
95 109
95 114
95 121
95 123
96 2
96 5
96 7
96 8
96 9
96 11
96 12
96 13
96 16
96 19
96 20
96 21
96 22
96 25
96 26
96 28
96 33
96 39
96 41
96 45
96 52
96 53
96 59
96 67
96 69
96 71
96 72
96 74
96 75
96 79
96 84
96 92
96 94
96 95
96 103
96 107
96 112
96 113
96 114
96 122
96 125
96 126
96 127
97 0
97 1
97 2
97 4
97 5
97 6
97 10
97 11
97 13
97 21
97 22
97 23
97 24
97 25
97 27
97 28
97 31
97 32
97 40
97 43
97 52
97 54
97 55
97 59
97 61
97 66
97 67
97 75
97 80
97 81
97 82
97 84
97 85
97 88
97 90
97 91
97 92
97 94
97 95
97 98
97 101
97 103
97 105
97 106
97 110
97 112
97 122
97 124
98 3
98 9
98 10
98 11
98 15
98 21
98 25
98 27
98 28
98 31
98 32
98 33
98 34
98 35
98 37
98 40
98 43
98 45
98 46
98 48
98 52
98 55
98 61
98 63
98 65
98 66
98 67
98 69
98 72
98 73
98 77
98 79
98 80
98 81
98 83
98 86
98 87
98 91
98 93
98 94
98 95
98 97
98 99
98 101
98 102
98 108
98 109
98 110
98 112
98 113
98 117
98 119
98 120
98 124
98 125
99 0
99 6
99 8
99 10
99 11
99 12
99 13
99 18
99 20
99 21
99 25
99 29
99 32
99 37
99 38
99 39
99 45
99 47
99 50
99 52
99 54
99 55
99 57
99 58
99 59
99 66
99 67
99 69
99 70
99 71
99 76
99 77
99 80
99 83
99 84
99 88
99 99
99 104
99 106
99 108
99 112
99 115
99 117
99 118
99 121
99 122
99 127
100 3
100 4
100 5
100 7
100 15
100 21
100 22
100 29
100 32
100 33
100 37
100 41
100 42
100 47
100 49
100 52
100 59
100 61
100 63
100 66
100 68
100 71
100 73
100 74
100 75
100 76
100 78
100 82
100 89
100 90
100 93
100 101
100 104
100 107
100 109
100 111
100 112
100 116
100 122
100 124
100 125
100 126
101 1
101 6
101 8
101 14
101 15
101 19
101 21
101 23
101 25
101 27
101 34
101 35
101 39
101 41
101 43
101 45
101 46
101 48
101 49
101 52
101 53
101 55
101 57
101 58
101 61
101 65
101 70
101 71
101 75
101 76
101 78
101 79
101 81
101 83
101 89
101 93
101 95
101 96
101 97
101 98
101 103
101 105
101 106
101 108
101 111
101 112
101 113
101 114
101 120
101 124
101 127
102 1
102 3
102 5
102 6
102 15
102 16
102 22
102 24
102 30
102 31
102 38
102 44
102 45
102 48
102 49
102 50
102 52
102 55
102 57
102 58
102 63
102 64
102 67
102 68
102 69
102 73
102 74
102 78
102 82
102 85
102 87
102 88
102 89
102 90
102 91
102 96
102 107
102 113
102 118
103 2
103 5
103 9
103 11
103 13
103 15
103 18
103 23
103 25
103 27
103 28
103 31
103 34
103 37
103 39
103 40
103 46
103 47
103 48
103 55
103 56
103 61
103 65
103 67
103 68
103 71
103 72
103 74
103 78
103 80
103 84
103 88
103 90
103 91
103 94
103 96
103 98
103 107
103 108
103 110
103 111
103 119
103 120
103 121
103 126
103 127
104 7
104 11
104 15
104 22
104 23
104 24
104 25
104 30
104 33
104 35
104 36
104 39
104 41
104 47
104 48
104 55
104 64
104 67
104 71
104 73
104 75
104 78
104 82
104 83
104 84
104 86
104 91
104 93
104 94
104 95
104 97
104 98
104 100
104 102
104 106
104 108
104 115
104 119
104 120
104 122
104 123
104 125
105 2
105 4
105 7
105 8
105 9
105 12
105 21
105 22
105 26
105 27
105 28
105 29
105 31
105 33
105 34
105 36
105 42
105 57
105 61
105 64
105 66
105 69
105 70
105 73
105 75
105 77
105 78
105 79
105 80
105 82
105 83
105 84
105 87
105 88
105 89
105 92
105 93
105 96
105 97
105 101
105 111
105 113
105 117
105 119
105 121
106 2
106 3
106 5
106 8
106 18
106 23
106 26
106 27
106 31
106 34
106 36
106 39
106 40
106 43
106 46
106 47
106 50
106 54
106 55
106 59
106 60
106 65
106 75
106 77
106 87
106 88
106 89
106 90
106 91
106 94
106 95
106 96
106 100
106 101
106 104
106 109
106 111
106 112
106 114
106 115
106 116
106 119
106 120
106 126
107 2
107 3
107 6
107 9
107 12
107 15
107 21
107 24
107 29
107 32
107 37
107 38
107 42
107 46
107 47
107 48
107 49
107 51
107 53
107 61
107 63
107 64
107 65
107 67
107 68
107 79
107 82
107 85
107 86
107 89
107 90
107 91
107 93
107 95
107 97
107 100
107 102
107 104
107 107
107 108
107 113
107 115
107 119
107 121
107 123
107 126
108 1
108 4
108 9
108 12
108 19
108 27
108 32
108 35
108 44
108 46
108 51
108 52
108 54
108 55
108 58
108 65
108 72
108 74
108 80
108 81
108 91
108 92
108 94
108 99
108 104
108 105
108 109
108 111
108 114
108 115
108 127
109 1
109 4
109 7
109 8
109 13
109 18
109 20
109 25
109 29
109 34
109 42
109 47
109 49
109 51
109 53
109 58
109 63
109 65
109 72
109 76
109 80
109 82
109 86
109 88
109 89
109 93
109 97
109 99
109 101
109 102
109 105
109 106
109 108
109 109
109 111
109 112
109 121
109 123
109 124
109 127
110 9
110 16
110 17
110 21
110 22
110 30
110 31
110 48
110 57
110 59
110 61
110 72
110 75
110 84
110 86
110 92
110 94
110 95
110 96
110 97
110 98
110 100
110 107
110 111
110 113
110 116
110 118
110 122
110 123
111 1
111 2
111 6
111 8
111 11
111 13
111 14
111 17
111 18
111 24
111 25
111 26
111 28
111 38
111 52
111 55
111 58
111 59
111 62
111 64
111 67
111 69
111 70
111 73
111 74
111 79
111 80
111 84
111 86
111 91
111 92
111 94
111 98
111 99
111 101
111 102
111 107
111 109
111 110
111 111
111 112
111 118
111 120
111 123
112 2
112 3
112 4
112 6
112 9
112 10
112 16
112 17
112 24
112 29
112 31
112 32
112 40
112 41
112 43
112 46
112 49
112 50
112 55
112 56
112 59
112 60
112 65
112 66
112 69
112 72
112 74
112 79
112 81
112 84
112 86
112 87
112 89
112 91
112 94
112 103
112 106
112 109
112 112
112 118
112 120
112 122
112 123
112 124
113 11
113 12
113 14
113 16
113 17
113 20
113 23
113 27
113 28
113 30
113 31
113 33
113 37
113 46
113 49
113 54
113 56
113 57
113 58
113 61
113 66
113 72
113 73
113 75
113 76
113 81
113 82
113 83
113 91
113 92
113 93
113 94
113 96
113 100
113 103
113 105
113 106
113 108
113 109
113 115
113 117
113 120
113 124
114 1
114 2
114 6
114 7
114 9
114 11
114 13
114 19
114 22
114 24
114 28
114 31
114 33
114 36
114 37
114 44
114 46
114 48
114 54
114 61
114 64
114 67
114 69
114 71
114 72
114 74
114 78
114 79
114 80
114 81
114 83
114 84
114 86
114 87
114 88
114 90
114 92
114 101
114 102
114 106
114 108
114 110
114 117
114 121
114 123
114 124
114 125
114 127
115 1
115 2
115 3
115 4
115 5
115 7
115 12
115 13
115 15
115 22
115 23
115 25
115 26
115 27
115 28
115 35
115 37
115 38
115 41
115 45
115 46
115 49
115 53
115 55
115 62
115 63
115 65
115 66
115 69
115 71
115 73
115 76
115 77
115 81
115 83
115 85
115 87
115 88
115 90
115 91
115 92
115 99
115 100
115 103
115 104
115 105
115 106
115 107
115 110
115 112
115 117
115 122
116 1
116 2
116 3
116 5
116 7
116 8
116 10
116 12
116 14
116 16
116 17
116 19
116 22
116 25
116 28
116 29
116 31
116 34
116 38
116 40
116 43
116 44
116 47
116 49
116 50
116 52
116 53
116 59
116 60
116 63
116 66
116 68
116 71
116 72
116 74
116 75
116 79
116 82
116 84
116 88
116 94
116 100
116 104
116 106
116 109
116 111
116 112
116 115
116 118
116 119
116 121
117 3
117 7
117 9
117 11
117 16
117 21
117 23
117 26
117 30
117 31
117 34
117 40
117 43
117 49
117 52
117 57
117 58
117 61
117 62
117 68
117 69
117 70
117 74
117 77
117 80
117 83
117 86
117 88
117 93
117 96
117 99
117 100
117 106
117 108
117 109
117 112
117 122
117 124
117 127
118 6
118 9
118 11
118 14
118 15
118 16
118 17
118 20
118 21
118 26
118 29
118 32
118 33
118 34
118 35
118 40
118 44
118 46
118 47
118 48
118 49
118 50
118 53
118 55
118 58
118 59
118 60
118 66
118 74
118 76
118 78
118 81
118 86
118 89
118 91
118 98
118 99
118 101
118 102
118 103
118 104
118 105
118 107
118 109
118 112
118 113
118 116
118 122
118 124
118 126
118 127
119 0
119 6
119 16
119 20
119 25
119 26
119 30
119 32
119 33
119 34
119 39
119 41
119 42
119 43
119 47
119 48
119 50
119 53
119 58
119 59
119 61
119 62
119 67
119 69
119 71
119 72
119 73
119 75
119 80
119 81
119 83
119 88
119 91
119 95
119 100
119 101
119 102
119 104
119 105
119 106
119 108
119 109
119 110
119 112
119 118
119 120
119 125
120 0
120 1
120 3
120 7
120 8
120 10
120 16
120 20
120 21
120 22
120 28
120 30
120 32
120 33
120 35
120 37
120 39
120 40
120 41
120 43
120 44
120 47
120 48
120 55
120 58
120 61
120 63
120 65
120 69
120 71
120 76
120 78
120 80
120 82
120 83
120 85
120 87
120 88
120 99
120 100
120 101
120 102
120 107
120 108
120 109
120 111
120 114
120 116
120 117
120 118
120 120
120 127
121 3
121 4
121 5
121 8
121 9
121 14
121 16
121 17
121 21
121 25
121 26
121 28
121 31
121 35
121 38
121 39
121 41
121 42
121 43
121 49
121 55
121 56
121 59
121 61
121 62
121 65
121 68
121 72
121 76
121 78
121 83
121 84
121 87
121 90
121 96
121 100
121 101
121 102
121 104
121 105
121 106
121 108
121 109
121 114
121 119
121 122
121 124
121 125
121 127
122 0
122 5
122 6
122 9
122 12
122 14
122 15
122 16
122 19
122 25
122 35
122 36
122 38
122 44
122 46
122 61
122 65
122 68
122 71
122 82
122 86
122 89
122 90
122 91
122 92
122 96
122 98
122 102
122 104
122 108
122 109
122 110
122 111
122 113
122 119
122 120
122 122
122 123
123 0
123 1
123 6
123 9
123 11
123 15
123 16
123 17
123 18
123 21
123 33
123 35
123 37
123 40
123 42
123 47
123 48
123 49
123 52
123 53
123 54
123 58
123 62
123 63
123 64
123 65
123 66
123 70
123 71
123 73
123 76
123 78
123 85
123 86
123 90
123 95
123 97
123 98
123 100
123 103
123 106
123 107
123 111
123 116
123 119
123 120
123 121
123 122
124 0
124 1
124 8
124 12
124 14
124 15
124 16
124 17
124 21
124 29
124 35
124 36
124 41
124 44
124 48
124 51
124 52
124 53
124 56
124 57
124 58
124 59
124 63
124 65
124 66
124 71
124 72
124 77
124 83
124 85
124 90
124 93
124 96
124 99
124 103
124 108
124 111
124 112
124 118
124 124
124 126
125 6
125 9
125 10
125 11
125 14
125 17
125 19
125 21
125 24
125 25
125 38
125 40
125 41
125 42
125 47
125 49
125 50
125 54
125 58
125 64
125 66
125 67
125 69
125 71
125 73
125 80
125 83
125 86
125 89
125 91
125 94
125 97
125 106
125 109
125 110
125 113
125 115
125 120
126 1
126 3
126 5
126 7
126 10
126 11
126 12
126 17
126 20
126 23
126 24
126 25
126 27
126 29
126 30
126 31
126 34
126 35
126 36
126 39
126 40
126 44
126 45
126 51
126 56
126 58
126 63
126 66
126 71
126 72
126 82
126 88
126 92
126 97
126 98
126 103
126 109
126 110
126 116
126 119
126 120
126 125
126 126
127 0
127 3
127 4
127 6
127 13
127 14
127 19
127 22
127 29
127 32
127 36
127 38
127 40
127 42
127 46
127 48
127 51
127 58
127 61
127 63
127 69
127 77
127 81
127 84
127 85
127 87
127 88
127 90
127 99
127 101
127 103
127 106
127 110
127 113
127 115
127 117
127 118
127 122
127 123
127 127
