0 8
0 105
1 27
1 86
1 97
1 108
2 27
2 51
2 53
2 98
3 53
3 68
3 118
4 17
4 77
4 80
5 20
5 46
5 61
5 70
5 124
6 17
6 34
6 77
6 124
7 21
7 48
7 60
7 69
8 119
8 126
9 23
9 31
9 38
9 79
9 110
10 1
10 3
10 27
10 32
10 40
10 102
10 121
10 123
10 125
11 1
11 3
11 121
12 113
13 1
14 11
15 37
15 47
15 98
16 15
16 52
16 61
16 105
16 112
17 72
17 78
17 110
18 76
18 79
18 94
18 106
18 120
19 110
20 39
20 68
21 1
21 11
21 21
21 25
21 45
21 67
23 3
23 20
23 120
24 0
24 21
24 45
24 113
24 119
25 3
25 40
25 51
25 56
25 70
25 123
26 33
26 104
26 110
27 27
27 33
27 92
27 106
28 1
28 17
28 46
29 19
29 51
29 124
30 43
30 71
30 122
31 4
31 14
31 47
31 80
31 112
32 27
33 34
33 39
33 50
33 92
33 105
34 35
35 86
35 121
36 11
36 41
36 51
36 104
36 106
37 2
37 13
37 19
37 50
37 92
38 19
39 54
39 67
40 41
40 60
40 64
40 109
40 124
41 23
41 38
41 50
41 120
42 9
42 27
42 28
42 34
42 65
43 14
43 21
43 47
43 51
43 72
43 86
44 18
44 36
44 50
44 60
44 99
44 103
46 16
46 106
46 124
47 47
47 58
47 65
47 122
48 34
48 53
48 79
49 45
49 65
49 117
50 8
50 12
50 118
51 46
51 55
51 59
51 97
52 62
52 80
52 106
52 119
53 36
53 80
53 110
53 122
54 3
54 4
54 50
55 17
55 43
56 71
57 0
57 22
57 31
57 43
57 112
58 18
58 35
58 75
58 93
59 17
59 73
59 76
59 96
60 2
60 60
60 65
60 70
60 102
61 30
61 32
61 69
62 8
62 55
62 60
63 71
63 112
63 115
64 51
64 57
64 101
64 110
64 112
64 117
65 15
65 22
65 35
65 107
65 118
66 82
66 96
67 11
67 48
68 73
69 11
69 46
69 111
69 117
70 28
70 110
71 24
71 47
71 48
71 53
71 79
71 116
72 0
72 4
72 81
73 18
73 57
73 100
73 110
73 124
74 7
74 80
74 103
75 35
75 36
75 50
75 69
75 76
76 9
76 38
76 44
76 73
76 74
76 118
77 14
77 27
77 37
77 44
77 100
77 127
78 13
78 33
78 56
78 92
78 109
78 124
79 25
79 40
79 58
79 69
79 86
79 99
80 8
80 19
80 59
80 118
80 127
81 38
81 112
81 113
82 19
82 25
82 37
82 66
82 84
82 93
82 127
83 15
83 39
83 75
83 125
84 6
84 80
84 95
85 43
85 54
85 70
86 22
86 27
86 60
86 80
86 88
87 22
87 48
87 119
87 126
88 17
88 69
88 87
88 102
88 126
89 5
89 20
89 83
89 106
89 111
89 116
90 11
90 21
90 59
90 62
90 63
90 116
91 0
92 8
92 20
92 34
92 71
92 93
92 97
93 5
93 26
93 49
93 80
93 85
93 106
94 10
94 63
94 122
95 14
95 69
95 109
95 125
96 6
96 11
96 48
96 86
96 108
96 113
97 31
97 33
97 44
97 48
97 51
97 84
98 60
99 16
99 48
99 50
99 73
99 83
99 87
99 116
100 33
100 93
101 5
101 24
101 25
101 37
101 56
101 64
101 79
102 19
103 27
103 33
103 51
103 52
103 67
104 39
104 51
104 111
105 88
106 18
106 60
106 64
106 79
106 127
107 51
107 56
107 57
107 81
107 82
107 90
107 116
108 97
108 98
108 111
109 35
109 46
109 49
109 73
109 77
109 82
109 113
110 8
110 14
110 45
110 46
110 52
110 58
110 93
110 97
110 123
111 17
111 29
111 41
111 103
111 106
111 122
112 34
112 65
112 116
113 4
114 1
114 6
114 85
114 86
114 121
114 127
115 22
115 36
116 79
116 111
117 13
117 95
117 102
117 122
117 124
118 14
118 114
119 8
119 44
119 98
119 102
119 120
120 12
120 22
120 40
120 78
120 109
121 7
121 12
121 26
121 47
121 63
121 82
121 90
122 19
122 27
122 35
122 61
122 106
123 10
123 47
123 75
124 5
124 33
124 60
125 29
125 58
125 106
126 6
126 7
126 13
126 100
126 108
126 120
127 47
127 57
127 67
127 68
127 69
127 84
127 117
