0 1
0 9
0 15
0 23
0 41
0 64
0 82
0 93
0 95
0 117
0 124
0 126
1 11
1 12
1 25
1 46
1 48
1 51
1 59
1 72
1 85
1 87
1 101
1 104
1 109
1 118
2 11
2 15
2 41
2 59
2 80
2 90
2 91
2 94
2 101
2 102
2 104
2 106
2 107
2 111
2 123
2 127
3 7
3 16
3 22
3 24
3 25
3 40
3 55
3 70
3 82
3 100
3 106
3 109
3 111
3 124
3 126
4 1
4 9
4 33
4 38
4 39
4 44
4 50
4 64
4 67
4 72
4 83
4 85
4 93
4 124
5 5
5 8
5 16
5 26
5 29
5 39
5 46
5 75
5 100
5 122
5 124
5 127
6 26
6 39
6 47
6 61
6 62
6 69
6 77
6 87
6 94
6 103
6 104
6 124
7 3
7 11
7 18
7 24
7 31
7 32
7 34
7 39
7 46
7 55
7 83
7 85
7 125
8 5
8 9
8 11
8 19
8 29
8 39
8 56
8 62
8 72
8 87
8 114
8 120
9 0
9 24
9 30
9 36
9 45
9 46
9 51
9 63
9 85
9 86
9 91
9 93
9 97
9 100
9 103
9 114
10 11
10 37
10 54
10 55
10 77
10 115
10 120
10 124
11 5
11 28
11 43
11 57
11 61
11 65
11 68
11 77
11 78
11 79
11 93
11 97
11 119
12 17
12 22
12 45
12 48
12 69
12 74
12 76
12 77
12 78
12 82
12 83
12 91
12 98
12 102
12 104
12 108
13 19
13 53
13 58
13 78
13 89
13 92
13 115
14 21
14 22
14 37
14 50
14 56
14 65
14 95
14 101
14 104
14 109
15 5
15 6
15 8
15 24
15 63
15 67
15 77
15 80
15 94
15 95
15 97
15 103
15 110
15 114
16 16
16 31
16 43
16 44
16 52
16 53
16 86
16 101
16 102
16 123
16 124
17 21
17 41
17 57
17 73
17 99
17 105
18 7
18 11
18 17
18 18
18 20
18 22
18 26
18 27
18 29
18 53
18 60
18 69
18 79
18 88
18 94
19 16
19 24
19 30
19 33
19 36
19 43
19 47
19 50
19 62
19 68
19 76
19 77
19 85
19 91
19 92
19 104
19 110
19 122
19 123
20 3
20 5
20 12
20 16
20 17
20 18
20 20
20 21
20 30
20 40
20 62
20 98
20 110
20 113
20 120
20 121
20 126
21 12
21 15
21 22
21 27
21 31
21 35
21 36
21 37
21 54
21 59
21 62
21 64
21 66
21 72
21 73
21 87
21 91
21 93
21 107
21 124
21 126
22 25
22 38
22 42
22 53
22 70
22 95
22 114
22 117
22 122
23 4
23 8
23 9
23 11
23 22
23 23
23 26
23 41
23 44
23 46
23 50
23 61
23 65
23 69
23 102
23 109
23 110
23 118
23 122
24 5
24 13
24 19
24 20
24 40
24 77
24 105
24 110
24 114
24 122
24 125
25 0
25 11
25 13
25 17
25 30
25 61
25 69
25 79
25 81
25 86
25 114
25 120
26 6
26 8
26 10
26 21
26 24
26 47
26 56
26 91
26 94
26 107
26 116
26 121
26 123
27 0
27 9
27 19
27 30
27 46
27 48
27 55
27 79
27 90
27 106
27 111
27 116
28 43
28 48
28 85
28 86
28 95
28 116
28 117
28 118
28 119
29 7
29 12
29 27
29 39
29 49
29 53
29 59
29 70
29 83
29 99
29 100
29 105
29 111
29 113
29 126
30 0
30 19
30 28
30 38
30 44
30 45
30 57
30 61
30 91
30 107
30 112
30 117
30 124
30 125
31 2
31 7
31 13
31 31
31 36
31 52
31 103
32 15
32 26
32 29
32 49
32 58
32 60
32 74
32 95
32 102
32 104
32 110
32 113
33 12
33 36
33 48
33 53
33 55
33 59
33 62
33 65
33 66
33 69
33 70
33 71
33 91
33 102
33 108
33 118
34 6
34 8
34 21
34 34
34 36
34 44
34 65
34 71
34 77
34 79
34 83
34 84
34 88
34 93
34 94
34 95
34 113
34 127
35 30
35 35
35 46
35 47
35 57
35 67
35 90
35 92
35 112
35 119
35 120
35 127
36 14
36 25
36 40
36 50
36 51
36 88
36 99
36 101
36 103
36 115
36 122
36 126
37 6
37 15
37 18
37 23
37 42
37 60
37 65
37 71
37 76
37 78
37 79
37 82
37 84
37 85
37 89
37 93
37 109
38 0
38 3
38 4
38 6
38 7
38 26
38 42
38 59
38 62
38 64
38 79
38 99
38 101
38 109
38 113
38 115
38 118
39 4
39 36
39 48
39 61
39 74
39 75
39 84
39 88
39 90
39 101
39 104
39 111
39 112
39 122
40 10
40 18
40 38
40 44
40 55
40 64
40 89
40 99
40 103
40 125
41 3
41 8
41 12
41 42
41 66
41 70
41 75
41 110
41 115
42 6
42 35
42 50
42 72
42 74
42 84
42 85
42 86
42 91
42 96
42 115
42 118
42 121
42 122
42 126
43 11
43 12
43 14
43 20
43 42
43 48
43 70
43 72
43 79
43 83
43 87
43 90
43 99
43 124
44 5
44 6
44 28
44 48
44 101
44 103
44 118
45 18
45 21
45 65
45 81
45 85
45 97
45 127
46 0
46 12
46 29
46 54
46 65
46 68
46 69
46 72
46 82
46 84
47 4
47 30
47 32
47 39
47 40
47 47
47 49
47 57
47 65
47 82
47 91
47 99
47 108
47 125
48 4
48 9
48 10
48 23
48 26
48 52
48 53
48 58
48 61
48 79
48 80
48 88
48 97
48 101
48 126
49 12
49 25
49 35
49 49
49 53
49 60
49 61
49 65
49 71
49 72
49 73
49 77
49 96
49 99
49 100
49 116
49 119
49 126
50 2
50 3
50 21
50 34
50 44
50 50
50 66
50 86
50 103
50 107
51 1
51 4
51 5
51 7
51 9
51 23
51 33
51 50
51 103
51 114
51 127
52 20
52 24
52 25
52 37
52 38
52 62
52 73
52 77
52 101
53 0
53 2
53 4
53 23
53 26
53 31
53 33
53 41
53 49
53 56
53 58
53 63
53 68
53 82
53 87
53 99
53 111
53 112
53 124
54 1
54 12
54 23
54 28
54 42
54 47
54 52
54 56
54 82
54 92
54 96
54 105
54 106
55 30
55 31
55 36
55 39
55 43
55 64
55 68
55 74
55 91
55 112
55 125
56 1
56 7
56 26
56 33
56 35
56 36
56 53
56 57
56 66
56 91
56 96
56 102
56 111
56 114
56 118
56 124
56 125
57 22
57 28
57 48
57 51
57 85
57 91
57 117
58 11
58 18
58 30
58 45
58 61
58 82
58 104
58 105
58 116
58 124
59 7
59 32
59 33
59 43
59 56
59 58
59 59
59 64
59 84
59 95
59 102
59 120
60 4
60 9
60 12
60 64
60 75
60 81
60 92
60 105
61 3
61 11
61 24
61 35
61 41
61 42
61 48
61 53
61 56
61 62
61 65
61 69
61 96
61 115
62 14
62 20
62 38
62 51
62 80
62 84
62 119
62 123
63 0
63 7
63 17
63 19
63 30
63 34
63 46
63 64
63 68
63 70
63 91
63 93
63 94
63 99
63 105
63 115
63 125
64 0
64 3
64 7
64 12
64 35
64 89
64 91
64 110
64 122
65 3
65 4
65 29
65 33
65 34
65 36
65 38
65 42
65 47
65 84
65 86
65 97
65 99
65 114
65 115
66 2
66 14
66 15
66 21
66 24
66 26
66 54
66 60
66 76
66 83
66 109
66 124
67 6
67 22
67 29
67 31
67 32
67 36
67 51
67 58
67 88
67 117
67 127
68 24
68 25
68 44
68 57
68 64
68 67
68 69
68 91
68 109
68 117
68 127
69 4
69 8
69 18
69 28
69 39
69 64
69 71
69 91
69 94
69 100
69 119
69 125
70 5
70 20
70 24
70 41
70 45
70 49
70 50
70 54
70 70
70 80
70 91
70 110
70 111
70 112
70 122
71 5
71 12
71 36
71 38
71 68
71 79
71 82
71 85
71 86
71 117
71 119
71 126
72 30
72 34
72 44
72 49
72 54
72 59
72 64
72 69
72 76
72 84
72 86
72 89
72 92
72 106
72 117
72 123
73 4
73 11
73 25
73 30
73 35
73 40
73 64
73 70
73 79
73 83
73 95
73 98
73 126
74 14
74 17
74 21
74 29
74 31
74 45
74 48
74 68
74 70
74 71
74 77
74 78
74 98
74 110
74 112
74 116
75 28
75 32
75 47
75 55
75 67
75 75
75 93
75 95
75 97
75 100
75 124
76 9
76 21
76 29
76 30
76 61
76 64
76 72
76 127
77 12
77 13
77 16
77 21
77 23
77 26
77 31
77 41
77 51
77 61
77 63
77 72
77 80
78 8
78 16
78 31
78 34
78 37
78 49
78 54
78 55
78 59
78 61
78 62
78 74
78 98
78 101
78 104
79 3
79 6
79 10
79 25
79 31
79 43
79 51
79 52
79 58
79 63
79 95
79 97
79 116
79 117
80 12
80 14
80 16
80 62
80 76
80 92
80 98
80 100
80 117
80 123
81 8
81 38
81 50
81 54
81 55
81 57
81 65
81 68
81 78
81 81
81 99
81 105
81 106
81 108
81 119
82 0
82 19
82 28
82 42
82 53
82 75
82 79
82 87
82 89
82 92
82 107
82 113
82 118
83 14
83 26
83 76
83 78
83 89
83 92
83 95
83 101
83 103
83 124
84 0
84 1
84 2
84 7
84 8
84 18
84 49
84 50
84 72
84 75
84 80
84 96
84 97
84 105
84 109
85 7
85 13
85 18
85 32
85 33
85 36
85 47
85 48
85 50
85 56
85 60
85 64
85 68
85 75
85 80
85 104
85 123
85 125
86 1
86 13
86 15
86 30
86 43
86 63
86 64
86 65
86 68
86 72
86 80
86 85
86 86
86 107
87 2
87 41
87 76
87 85
87 86
87 97
87 104
87 110
87 115
87 119
87 126
88 3
88 4
88 23
88 24
88 41
88 42
88 45
88 46
88 60
88 64
88 72
88 80
88 83
88 90
88 107
88 109
88 115
89 19
89 31
89 32
89 35
89 57
89 62
89 95
89 98
89 111
89 125
90 6
90 11
90 44
90 47
90 61
90 70
90 73
90 74
90 76
90 81
90 92
90 93
90 96
90 106
90 109
90 110
90 111
90 115
90 127
91 0
91 39
91 40
91 51
91 73
91 87
91 88
91 113
91 118
91 121
91 125
91 126
92 2
92 21
92 49
92 54
92 70
92 75
92 78
92 80
92 82
92 100
92 101
92 107
92 118
92 125
93 8
93 26
93 27
93 41
93 47
93 50
93 66
93 76
93 85
93 89
93 92
93 94
93 116
94 6
94 13
94 19
94 21
94 46
94 88
94 97
94 100
94 109
94 115
94 120
95 0
95 9
95 15
95 21
95 36
95 37
95 38
95 43
95 69
95 79
95 82
96 7
96 24
96 28
96 34
96 37
96 41
96 50
96 71
96 81
96 87
96 92
96 103
96 121
97 29
97 42
97 52
97 71
97 79
97 90
97 97
97 105
97 113
97 114
98 9
98 26
98 28
98 35
98 40
98 41
98 45
98 47
98 49
98 52
98 58
98 61
98 79
98 84
99 2
99 19
99 24
99 26
99 27
99 58
99 62
99 83
100 8
100 18
100 25
100 39
100 46
100 64
100 69
100 77
100 114
100 121
100 124
100 126
101 1
101 4
101 19
101 23
101 30
101 53
101 59
101 63
101 81
101 89
101 96
101 97
101 125
102 17
102 36
102 42
102 43
102 63
102 64
102 65
102 77
102 80
102 83
102 92
102 95
102 107
102 118
103 14
103 15
103 16
103 25
103 43
103 51
103 57
103 76
103 83
103 87
103 89
103 92
103 105
103 112
103 118
104 0
104 1
104 7
104 19
104 59
104 73
104 84
104 93
105 12
105 19
105 21
105 23
105 26
105 31
105 34
105 43
105 55
105 56
105 89
106 25
106 36
106 38
106 45
106 46
106 55
106 66
106 82
106 89
106 97
106 109
106 127
107 8
107 14
107 17
107 33
107 46
107 48
107 50
107 82
107 92
107 98
107 100
107 102
107 104
108 38
108 44
108 52
108 61
108 79
108 81
108 89
108 96
108 110
108 123
109 8
109 19
109 20
109 39
109 42
109 46
109 54
109 56
109 67
109 77
109 100
109 101
109 107
109 117
109 123
109 125
110 0
110 3
110 13
110 25
110 49
110 50
110 54
110 56
110 66
110 67
110 83
110 98
110 113
110 114
110 115
110 127
111 4
111 6
111 23
111 25
111 30
111 38
111 65
111 71
111 81
111 84
111 96
111 101
111 105
112 0
112 5
112 6
112 7
112 39
112 89
112 94
112 109
112 110
112 112
112 116
112 126
112 127
113 8
113 14
113 22
113 27
113 32
113 68
113 71
113 79
113 88
113 89
113 94
113 117
113 120
114 15
114 39
114 51
114 58
114 60
114 75
114 82
114 90
114 103
114 105
114 115
114 121
115 0
115 14
115 21
115 24
115 30
115 49
115 56
115 60
115 71
115 88
115 94
115 100
115 115
115 127
116 1
116 5
116 7
116 8
116 12
116 16
116 23
116 42
116 50
116 54
116 59
116 65
116 69
116 75
116 108
117 14
117 32
117 34
117 40
117 52
117 62
117 72
117 79
117 84
117 95
117 110
117 121
118 5
118 11
118 34
118 58
118 92
118 97
118 127
119 1
119 4
119 39
119 41
119 54
119 58
119 67
119 75
119 83
119 85
119 87
119 100
120 2
120 11
120 14
120 19
120 23
120 25
120 30
120 31
120 53
120 55
120 60
120 87
120 96
120 109
120 110
120 114
120 117
121 12
121 16
121 19
121 32
121 53
121 54
121 63
121 103
121 105
121 116
122 0
122 1
122 16
122 25
122 27
122 41
122 47
122 52
122 58
122 62
122 69
122 73
122 83
122 89
122 93
123 2
123 10
123 24
123 53
123 55
123 60
123 64
123 77
123 80
123 82
123 88
123 95
123 98
123 106
123 120
123 121
124 14
124 51
124 56
124 69
124 79
124 84
124 90
124 94
124 96
124 97
124 119
124 121
125 4
125 7
125 12
125 28
125 30
125 59
125 93
125 97
125 101
125 102
126 16
126 27
126 29
126 31
126 40
126 56
126 61
126 69
126 71
126 83
126 90
126 102
126 104
126 105
126 120
126 122
126 127
127 9
127 35
127 36
127 37
127 45
127 50
127 59
127 62
127 63
127 65
127 70
127 83
