0 6
0 62
0 64
0 100
0 118
0 123
0 127
1 35
1 60
1 73
1 83
1 87
1 90
1 104
1 119
1 122
2 3
2 30
2 39
2 44
2 61
2 104
2 111
2 116
2 125
3 0
3 13
3 38
3 77
3 101
4 3
4 6
4 10
4 15
4 16
4 20
4 35
4 52
4 57
4 69
4 78
4 91
4 117
4 124
4 127
5 13
5 29
5 30
5 32
5 37
5 43
5 53
5 71
5 79
5 88
5 91
5 112
5 114
5 123
5 126
6 6
6 11
6 17
6 30
6 36
6 48
6 67
6 90
6 113
6 124
7 5
7 6
7 19
7 28
7 53
7 63
7 70
7 79
7 85
7 95
7 96
7 101
7 122
7 126
8 0
8 2
8 6
8 10
8 31
8 34
8 36
8 52
8 60
8 78
8 85
8 100
8 101
8 116
8 122
9 7
9 18
9 45
9 51
9 52
9 62
9 67
9 87
9 94
9 100
9 102
9 113
9 118
9 119
10 1
10 23
10 28
10 37
10 57
10 71
10 72
10 82
10 83
10 88
10 110
10 114
11 3
11 11
11 26
11 27
11 29
11 34
11 40
11 43
11 57
11 72
11 76
11 102
11 115
11 121
12 22
12 24
12 29
12 43
12 46
12 56
12 63
12 86
12 99
12 103
12 114
13 1
13 31
13 59
13 76
13 101
13 123
14 4
14 12
14 17
14 34
14 40
14 47
14 50
14 60
14 66
14 67
14 72
14 76
14 83
14 86
14 89
14 90
14 104
14 110
14 119
14 123
14 127
15 21
15 40
15 43
15 69
15 79
15 95
15 97
15 120
16 7
16 28
16 34
16 41
16 43
16 53
16 62
16 77
16 92
16 98
16 105
17 6
17 8
17 45
17 47
17 70
17 78
17 121
18 3
18 30
18 42
18 73
18 94
18 100
18 117
18 120
19 1
19 15
19 22
19 27
19 32
19 52
19 62
19 63
19 84
19 97
19 103
19 108
19 125
20 0
20 17
20 33
20 57
20 60
20 66
20 71
20 72
20 79
20 81
20 102
20 105
20 121
21 37
21 59
21 65
21 124
21 125
22 3
22 15
22 34
22 45
22 57
22 63
22 70
22 77
22 87
22 108
22 112
23 2
23 10
23 14
23 18
23 40
23 53
23 57
23 65
23 66
23 68
23 73
23 76
23 91
23 99
23 118
24 1
24 5
24 6
24 13
24 17
24 18
24 34
24 38
24 46
24 48
24 52
24 62
24 82
24 85
24 103
24 108
24 113
24 115
25 0
25 10
25 19
25 35
25 37
25 57
25 62
25 63
25 79
25 80
25 97
25 109
25 113
25 127
26 41
26 44
26 49
26 61
26 74
26 77
26 79
26 80
26 86
26 89
26 93
26 100
26 101
26 123
26 127
27 5
27 22
27 23
27 26
27 27
27 30
27 50
27 62
27 64
27 69
27 71
27 81
27 85
27 108
28 5
28 9
28 27
28 92
28 110
28 112
28 119
28 127
29 4
29 13
29 31
29 35
29 55
29 59
29 68
29 71
29 80
29 85
29 87
29 90
29 92
29 93
29 95
29 103
29 113
29 123
30 22
30 41
30 52
30 58
30 67
30 69
30 75
30 90
30 100
30 112
30 122
30 126
31 19
31 22
31 56
31 71
31 100
31 104
31 108
31 124
31 126
32 16
32 33
32 39
32 49
32 57
32 74
32 76
32 85
32 86
32 91
32 99
32 110
32 124
33 5
33 28
33 33
33 40
33 41
33 64
33 65
33 92
33 105
33 114
33 117
33 123
34 12
34 23
34 34
34 39
34 45
34 48
34 52
34 53
34 59
34 66
34 67
34 68
34 84
34 88
34 94
34 98
34 118
35 2
35 15
35 17
35 29
35 43
35 47
35 51
35 69
35 70
35 76
35 87
35 112
35 117
35 122
36 8
36 17
36 18
36 21
36 41
36 43
36 44
36 57
36 68
36 70
36 76
36 83
36 99
36 122
37 5
37 7
37 31
37 41
37 47
37 80
37 81
37 94
37 96
38 1
38 12
38 22
38 30
38 47
38 59
38 75
38 105
38 122
38 123
39 6
39 17
39 45
39 54
39 55
39 59
39 65
39 93
39 103
39 112
39 125
40 3
40 12
40 24
40 31
40 39
40 57
40 59
40 63
40 68
40 77
40 83
40 88
40 92
40 95
40 99
40 104
40 108
40 109
40 113
40 114
40 126
40 127
41 8
41 16
41 27
41 38
41 41
41 47
41 60
41 69
41 71
41 80
41 83
41 104
41 107
41 122
42 14
42 56
42 61
42 72
42 79
42 89
42 108
42 120
42 121
43 22
43 27
43 63
43 76
43 85
43 105
43 117
43 122
44 26
44 27
44 33
44 52
44 57
44 61
44 65
44 67
44 68
44 73
44 80
44 89
44 92
44 114
45 4
45 11
45 60
45 65
45 72
45 80
45 83
45 87
45 91
45 104
46 14
46 18
46 31
46 37
46 53
46 64
46 73
46 74
46 75
46 92
47 0
47 18
47 41
47 50
47 52
47 53
47 73
47 76
47 90
47 99
47 100
47 102
47 104
48 10
48 11
48 21
48 23
48 42
48 47
48 60
48 83
48 85
48 98
48 106
48 108
48 117
48 118
49 11
49 17
49 19
49 20
49 21
49 50
49 53
49 54
49 70
49 77
49 95
49 105
49 107
50 1
50 2
50 3
50 17
50 18
50 28
50 31
50 39
50 45
50 48
50 54
50 61
50 70
50 89
50 112
50 113
50 114
50 125
51 10
51 26
51 32
51 33
51 54
51 64
51 76
51 77
51 87
51 92
51 96
51 101
51 109
51 118
52 4
52 15
52 36
52 71
52 74
52 75
52 88
52 95
52 101
52 103
52 109
52 111
53 8
53 17
53 33
53 34
53 61
53 103
54 4
54 36
54 42
54 65
54 66
54 71
54 77
54 83
54 89
54 111
54 124
55 20
55 21
55 30
55 32
55 38
55 78
55 97
55 117
55 120
55 124
56 0
56 20
56 25
56 69
56 70
56 74
56 75
57 47
57 61
57 65
57 80
57 84
57 87
57 88
57 102
57 115
57 125
58 16
58 30
58 39
58 42
58 49
58 52
58 67
58 71
58 73
58 90
58 100
58 103
58 105
58 109
58 111
59 18
59 25
59 31
59 40
59 42
59 44
59 67
59 74
59 83
59 89
59 91
59 119
59 126
60 1
60 8
60 15
60 23
60 27
60 51
60 61
60 76
60 91
60 99
60 109
61 5
61 6
61 28
61 42
61 48
61 49
61 68
61 73
61 86
61 96
61 97
61 105
61 119
61 121
61 126
62 42
62 63
62 74
62 77
62 105
62 116
62 117
62 126
62 127
63 3
63 15
63 26
63 29
63 32
63 46
63 49
63 71
63 72
63 75
63 83
63 85
63 92
63 101
63 102
63 118
63 127
64 0
64 7
64 11
64 33
64 63
64 65
64 88
64 90
64 91
64 98
64 101
64 109
64 112
64 118
65 1
65 4
65 24
65 71
65 76
65 97
65 107
65 108
65 115
66 10
66 12
66 15
66 35
66 50
66 69
66 74
66 85
66 91
66 109
67 28
67 50
67 53
67 64
67 73
67 77
68 10
68 12
68 20
68 52
68 57
68 69
68 89
68 91
68 93
68 94
68 98
68 103
68 125
69 23
69 62
69 73
69 92
69 101
69 125
70 20
70 30
70 33
70 59
70 61
70 80
70 90
70 93
70 104
70 108
70 126
71 7
71 12
71 16
71 46
71 66
71 67
71 72
71 73
71 79
71 91
71 93
71 127
72 5
72 9
72 44
72 87
73 22
73 27
73 50
73 58
73 59
73 69
73 73
73 75
73 82
73 101
73 102
74 3
74 4
74 7
74 16
74 28
74 32
74 45
74 51
74 69
74 75
74 119
74 125
75 14
75 39
75 55
75 73
75 84
75 91
75 98
76 4
76 14
76 26
76 27
76 33
76 36
76 50
76 57
76 61
76 68
76 74
76 76
76 77
76 81
76 84
76 86
76 93
76 108
76 115
77 15
77 30
77 86
77 90
77 91
77 99
77 117
78 10
78 11
78 20
78 31
78 37
78 41
78 43
78 57
78 62
78 87
78 113
79 9
79 37
79 50
79 62
79 66
79 67
79 79
79 89
79 95
79 100
79 103
79 108
79 119
79 121
80 6
80 16
80 36
80 53
80 60
80 67
80 92
80 101
80 104
80 123
81 3
81 20
81 37
81 53
81 54
81 68
81 75
81 96
81 98
81 102
81 109
81 114
81 116
82 2
82 12
82 13
82 44
82 56
82 76
82 80
82 116
83 15
83 17
83 20
83 23
83 98
83 99
83 114
84 14
84 32
84 59
84 69
84 77
84 83
84 85
84 91
84 101
84 108
84 115
84 118
84 119
85 60
85 62
85 64
85 75
85 82
85 85
85 87
85 99
85 105
85 111
86 27
86 37
86 47
86 48
86 50
86 51
86 53
86 87
86 103
86 107
86 124
87 7
87 24
87 32
87 35
87 46
87 47
87 50
87 58
87 64
87 69
87 70
87 80
87 86
87 91
87 100
88 15
88 45
88 47
88 75
88 80
88 83
88 88
88 108
88 126
89 0
89 6
89 20
89 26
89 28
89 65
89 84
89 86
89 87
89 91
90 2
90 15
90 33
90 68
90 92
90 98
90 101
90 114
90 121
90 122
91 0
91 1
91 2
91 7
91 9
91 10
91 19
91 25
91 41
91 55
91 64
91 77
91 107
91 120
92 7
92 33
92 36
92 46
92 49
92 87
92 107
92 108
92 119
93 2
93 17
93 22
93 24
93 25
93 28
93 33
93 52
93 57
93 67
93 96
93 102
93 119
93 121
93 123
93 125
94 4
94 8
94 34
94 64
94 66
94 89
94 93
94 95
94 106
94 107
95 10
95 12
95 17
95 27
95 31
95 36
95 37
95 54
95 88
95 99
95 126
96 18
96 46
96 52
96 59
96 95
96 102
96 113
96 126
97 0
97 11
97 15
97 21
97 26
97 41
97 43
97 71
97 75
97 93
97 99
97 100
98 2
98 4
98 8
98 11
98 22
98 24
98 26
98 28
98 32
98 33
98 37
98 59
98 65
98 77
98 94
99 3
99 11
99 13
99 32
99 34
99 36
99 46
99 51
99 87
99 102
99 108
99 114
100 3
100 26
100 58
100 60
100 68
100 70
100 78
100 84
100 88
100 100
100 120
101 0
101 1
101 2
101 39
101 57
101 58
101 61
101 71
101 109
101 112
101 115
102 18
102 50
102 68
102 73
102 81
102 98
103 2
103 10
103 20
103 34
103 49
103 53
103 104
103 122
103 126
104 1
104 10
104 13
104 22
104 28
104 44
104 59
104 60
104 63
104 68
104 70
104 74
104 78
104 85
104 110
104 121
105 5
105 30
105 55
105 76
105 79
105 85
105 86
105 87
105 105
105 109
105 112
105 120
106 5
106 8
106 10
106 15
106 46
106 77
106 97
106 107
106 113
106 123
107 2
107 7
107 16
107 35
107 41
107 73
107 83
107 85
107 87
107 101
107 103
107 118
107 127
108 0
108 12
108 18
108 21
108 46
108 52
108 71
108 84
108 95
108 101
108 111
108 126
109 16
109 19
109 22
109 39
109 60
109 74
109 82
109 88
109 102
110 9
110 17
110 31
110 37
110 47
110 52
110 56
110 62
110 71
110 87
110 120
110 126
111 8
111 14
111 41
111 44
111 46
111 59
111 65
111 76
111 82
111 85
111 88
111 89
111 92
111 106
111 108
111 114
111 120
112 10
112 17
112 21
112 29
112 72
112 75
112 78
112 87
112 107
112 122
113 0
113 11
113 21
113 29
113 34
113 65
113 70
113 80
113 83
113 86
113 100
113 113
113 116
114 13
114 23
114 31
114 38
114 39
114 50
114 63
114 78
114 89
114 93
114 123
114 126
114 127
115 8
115 20
115 24
115 26
115 29
115 45
115 48
115 63
115 66
115 68
115 84
115 91
115 101
115 112
115 114
115 123
116 20
116 25
116 46
116 60
116 63
116 76
116 84
116 85
116 92
116 109
116 117
117 32
117 33
117 44
117 48
117 50
117 51
117 63
117 64
117 69
117 74
117 75
117 78
117 80
117 86
117 99
118 2
118 7
118 22
118 24
118 39
118 47
118 61
118 87
118 92
118 107
118 111
118 124
118 125
119 4
119 17
119 43
119 53
119 64
119 71
119 74
119 84
119 85
119 102
119 110
119 115
120 15
120 27
120 30
120 39
120 52
120 63
120 64
120 66
120 71
120 116
121 7
121 17
121 45
121 48
121 55
121 74
121 78
121 87
121 92
121 127
122 0
122 2
122 7
122 15
122 28
122 32
122 46
122 53
122 54
122 58
122 60
122 70
122 72
122 81
122 93
122 104
122 125
123 15
123 19
123 29
123 36
123 40
123 41
123 52
123 80
123 91
123 98
123 101
123 103
123 105
123 127
124 18
124 25
124 60
124 69
124 84
124 87
124 90
124 94
124 108
124 116
124 125
125 23
125 34
125 54
125 68
125 70
125 87
125 95
125 99
125 101
125 104
126 15
126 16
126 20
126 27
126 28
126 30
126 37
126 38
126 39
126 44
126 63
126 96
126 104
126 125
127 4
127 12
127 18
127 21
127 48
127 83
127 85
127 95
127 97
127 104
127 110
127 112
127 124
