0 6
0 10
0 11
0 12
0 15
0 20
0 21
0 23
0 26
0 27
0 29
0 31
0 33
0 34
0 35
0 36
0 39
0 41
0 42
0 46
0 49
0 52
0 54
0 56
0 57
0 69
0 72
0 75
0 77
0 81
0 82
0 86
0 88
0 89
0 91
0 92
0 96
0 97
0 102
0 105
0 109
0 112
0 113
0 115
0 117
0 118
0 122
0 123
0 124
0 125
1 0
1 6
1 9
1 15
1 19
1 20
1 24
1 27
1 29
1 31
1 35
1 40
1 46
1 47
1 48
1 50
1 51
1 53
1 54
1 58
1 60
1 61
1 66
1 67
1 73
1 74
1 75
1 77
1 79
1 81
1 83
1 84
1 85
1 91
1 94
1 97
1 98
1 99
1 101
1 103
1 105
1 106
1 107
1 109
1 110
1 112
1 113
1 114
1 115
1 116
1 123
1 124
1 125
2 3
2 4
2 5
2 8
2 12
2 14
2 15
2 16
2 22
2 23
2 29
2 31
2 32
2 34
2 35
2 36
2 37
2 39
2 40
2 42
2 43
2 45
2 49
2 58
2 60
2 64
2 65
2 67
2 70
2 71
2 72
2 78
2 83
2 84
2 86
2 87
2 88
2 90
2 91
2 96
2 97
2 99
2 101
2 102
2 104
2 105
2 106
2 111
2 113
2 114
2 118
2 120
2 123
2 124
2 126
3 1
3 3
3 5
3 8
3 10
3 15
3 17
3 18
3 22
3 28
3 29
3 30
3 32
3 33
3 37
3 38
3 40
3 42
3 44
3 45
3 47
3 50
3 52
3 56
3 60
3 62
3 66
3 69
3 71
3 72
3 74
3 76
3 77
3 82
3 83
3 87
3 88
3 91
3 92
3 94
3 95
3 96
3 97
3 99
3 101
3 102
3 105
3 109
3 110
3 111
3 112
3 113
3 115
3 118
3 119
4 0
4 3
4 5
4 13
4 14
4 21
4 32
4 33
4 37
4 39
4 40
4 48
4 49
4 53
4 54
4 60
4 61
4 69
4 71
4 73
4 74
4 76
4 77
4 78
4 81
4 93
4 95
4 96
4 99
4 100
4 110
4 111
4 114
4 116
4 120
4 124
5 0
5 1
5 2
5 6
5 9
5 12
5 15
5 17
5 22
5 24
5 26
5 28
5 29
5 33
5 38
5 40
5 41
5 44
5 45
5 50
5 51
5 52
5 57
5 61
5 62
5 63
5 64
5 65
5 66
5 67
5 69
5 71
5 72
5 74
5 79
5 83
5 85
5 86
5 87
5 88
5 89
5 94
5 101
5 102
5 103
5 107
5 111
5 112
5 113
5 115
5 117
5 119
5 120
5 121
5 124
5 125
5 127
6 2
6 3
6 5
6 13
6 16
6 18
6 20
6 23
6 26
6 30
6 32
6 34
6 35
6 38
6 40
6 41
6 42
6 47
6 48
6 52
6 55
6 56
6 58
6 63
6 65
6 66
6 70
6 72
6 73
6 75
6 76
6 77
6 79
6 80
6 84
6 87
6 89
6 90
6 92
6 94
6 96
6 98
6 99
6 100
6 103
6 106
6 107
6 111
6 114
6 115
6 116
6 119
6 121
6 123
6 124
6 126
7 2
7 3
7 7
7 8
7 9
7 11
7 13
7 14
7 15
7 16
7 17
7 21
7 22
7 23
7 25
7 31
7 33
7 35
7 36
7 39
7 42
7 46
7 51
7 56
7 64
7 65
7 66
7 67
7 73
7 75
7 76
7 77
7 78
7 82
7 84
7 85
7 86
7 87
7 88
7 89
7 90
7 91
7 93
7 99
7 100
7 101
7 102
7 105
7 106
7 107
7 108
7 110
7 111
7 113
7 115
7 116
7 117
7 120
7 121
7 122
7 123
7 127
8 1
8 5
8 6
8 7
8 10
8 12
8 13
8 16
8 17
8 22
8 24
8 25
8 28
8 31
8 32
8 33
8 35
8 39
8 43
8 45
8 48
8 50
8 53
8 55
8 56
8 57
8 60
8 61
8 62
8 64
8 67
8 68
8 71
8 72
8 74
8 77
8 78
8 81
8 85
8 86
8 88
8 93
8 95
8 96
8 97
8 98
8 100
8 102
8 103
8 105
8 109
8 112
8 116
8 117
8 118
8 120
8 122
8 124
8 125
8 127
9 2
9 3
9 4
9 6
9 8
9 13
9 15
9 18
9 20
9 23
9 24
9 25
9 29
9 30
9 31
9 34
9 35
9 36
9 38
9 41
9 42
9 44
9 46
9 49
9 52
9 53
9 54
9 56
9 59
9 66
9 70
9 72
9 77
9 78
9 79
9 82
9 83
9 88
9 90
9 91
9 96
9 104
9 113
9 115
9 116
9 120
9 123
9 124
10 0
10 1
10 2
10 4
10 5
10 8
10 9
10 10
10 12
10 18
10 20
10 22
10 23
10 24
10 27
10 31
10 33
10 34
10 36
10 44
10 45
10 47
10 48
10 49
10 50
10 51
10 56
10 59
10 60
10 65
10 68
10 69
10 70
10 71
10 72
10 73
10 78
10 82
10 85
10 87
10 88
10 97
10 99
10 105
10 107
10 111
10 112
10 117
10 118
10 119
10 126
11 2
11 3
11 4
11 5
11 6
11 7
11 16
11 20
11 21
11 26
11 28
11 29
11 31
11 32
11 34
11 36
11 39
11 40
11 42
11 44
11 45
11 47
11 48
11 51
11 52
11 53
11 55
11 56
11 59
11 61
11 62
11 64
11 68
11 69
11 70
11 72
11 73
11 75
11 77
11 78
11 79
11 83
11 84
11 85
11 86
11 91
11 92
11 97
11 100
11 104
11 108
11 109
11 111
11 112
11 113
11 115
11 118
11 119
11 123
11 125
12 0
12 3
12 4
12 7
12 9
12 11
12 13
12 16
12 18
12 19
12 20
12 22
12 25
12 26
12 30
12 34
12 36
12 37
12 45
12 49
12 50
12 51
12 53
12 54
12 55
12 57
12 60
12 61
12 63
12 64
12 66
12 69
12 70
12 72
12 74
12 84
12 86
12 87
12 90
12 92
12 97
12 101
12 105
12 110
12 113
12 119
12 120
12 121
12 123
12 126
12 127
13 6
13 13
13 16
13 17
13 18
13 19
13 20
13 21
13 27
13 28
13 33
13 34
13 38
13 41
13 45
13 47
13 53
13 60
13 61
13 63
13 70
13 72
13 75
13 80
13 84
13 90
13 92
13 93
13 97
13 98
13 99
13 104
13 108
13 109
13 111
13 112
13 114
13 117
13 118
13 119
13 120
13 123
14 0
14 3
14 4
14 9
14 12
14 13
14 16
14 17
14 18
14 19
14 24
14 25
14 26
14 28
14 32
14 37
14 38
14 44
14 46
14 54
14 56
14 58
14 59
14 61
14 64
14 66
14 67
14 69
14 75
14 77
14 79
14 83
14 87
14 89
14 91
14 92
14 93
14 95
14 98
14 99
14 102
14 103
14 105
14 110
14 111
14 112
14 114
14 115
14 120
14 124
15 2
15 3
15 4
15 6
15 9
15 12
15 13
15 14
15 31
15 34
15 38
15 40
15 45
15 46
15 53
15 54
15 55
15 61
15 64
15 66
15 70
15 72
15 75
15 77
15 82
15 86
15 87
15 89
15 92
15 94
15 96
15 100
15 102
15 103
15 105
15 107
15 109
15 114
15 116
15 117
15 119
15 121
15 123
15 127
16 0
16 1
16 2
16 3
16 5
16 11
16 12
16 17
16 18
16 19
16 23
16 25
16 27
16 30
16 33
16 34
16 35
16 38
16 40
16 42
16 44
16 48
16 50
16 51
16 52
16 53
16 54
16 57
16 58
16 61
16 64
16 70
16 72
16 75
16 76
16 78
16 79
16 80
16 87
16 93
16 98
16 106
16 109
16 110
16 111
16 112
16 113
16 116
16 117
16 121
16 122
16 124
17 0
17 5
17 7
17 8
17 11
17 13
17 16
17 19
17 20
17 24
17 27
17 33
17 34
17 37
17 39
17 41
17 45
17 46
17 47
17 51
17 59
17 60
17 61
17 62
17 64
17 69
17 71
17 75
17 76
17 77
17 78
17 79
17 80
17 81
17 84
17 92
17 93
17 95
17 96
17 98
17 99
17 100
17 101
17 104
17 105
17 106
17 111
17 114
17 116
17 117
17 119
17 126
17 127
18 1
18 2
18 3
18 4
18 6
18 10
18 11
18 14
18 21
18 22
18 30
18 31
18 32
18 33
18 37
18 43
18 46
18 47
18 48
18 51
18 52
18 54
18 56
18 57
18 58
18 60
18 62
18 63
18 64
18 65
18 69
18 75
18 76
18 81
18 82
18 91
18 92
18 95
18 99
18 102
18 104
18 109
18 111
18 113
18 114
18 117
18 119
18 122
18 125
18 127
19 2
19 8
19 11
19 13
19 19
19 20
19 22
19 23
19 25
19 26
19 36
19 39
19 40
19 50
19 53
19 55
19 61
19 65
19 70
19 75
19 76
19 78
19 83
19 87
19 88
19 90
19 93
19 94
19 102
19 106
19 107
19 108
19 110
19 111
19 113
19 114
19 115
19 117
19 119
19 126
19 127
20 2
20 4
20 7
20 9
20 10
20 11
20 16
20 24
20 25
20 26
20 31
20 32
20 34
20 35
20 37
20 39
20 40
20 41
20 49
20 50
20 51
20 57
20 59
20 60
20 62
20 63
20 64
20 65
20 72
20 73
20 74
20 75
20 76
20 79
20 82
20 86
20 90
20 92
20 97
20 101
20 102
20 104
20 105
20 108
20 111
20 115
20 116
20 118
20 120
21 1
21 3
21 5
21 8
21 10
21 16
21 17
21 20
21 26
21 31
21 32
21 34
21 36
21 37
21 39
21 40
21 42
21 43
21 44
21 46
21 48
21 51
21 53
21 54
21 55
21 56
21 58
21 59
21 61
21 65
21 67
21 68
21 69
21 70
21 71
21 72
21 74
21 80
21 81
21 83
21 87
21 88
21 89
21 91
21 93
21 94
21 97
21 103
21 104
21 107
21 110
21 111
21 112
21 115
21 118
21 123
21 125
21 126
22 0
22 5
22 7
22 9
22 11
22 12
22 14
22 15
22 18
22 20
22 21
22 27
22 28
22 30
22 31
22 33
22 35
22 36
22 37
22 38
22 40
22 41
22 44
22 45
22 48
22 51
22 52
22 53
22 54
22 56
22 62
22 66
22 68
22 69
22 70
22 76
22 77
22 78
22 79
22 80
22 81
22 83
22 86
22 90
22 91
22 92
22 93
22 95
22 97
22 98
22 101
22 108
22 109
22 110
22 116
22 117
22 120
22 123
23 0
23 3
23 8
23 9
23 13
23 14
23 15
23 17
23 24
23 25
23 29
23 33
23 36
23 37
23 40
23 41
23 42
23 43
23 45
23 47
23 48
23 49
23 50
23 54
23 56
23 57
23 60
23 61
23 64
23 69
23 70
23 72
23 77
23 79
23 85
23 88
23 93
23 99
23 114
23 117
23 118
23 119
23 120
23 123
23 124
23 126
23 127
24 1
24 2
24 4
24 7
24 8
24 9
24 11
24 13
24 15
24 16
24 18
24 21
24 22
24 23
24 26
24 28
24 29
24 30
24 36
24 37
24 38
24 41
24 44
24 45
24 46
24 50
24 51
24 52
24 53
24 54
24 55
24 57
24 59
24 66
24 68
24 70
24 77
24 79
24 82
24 83
24 86
24 88
24 90
24 92
24 93
24 98
24 100
24 103
24 104
24 105
24 106
24 111
24 113
24 121
24 123
24 125
24 126
24 127
25 1
25 9
25 10
25 11
25 14
25 17
25 18
25 20
25 22
25 24
25 26
25 28
25 34
25 43
25 44
25 48
25 50
25 51
25 56
25 58
25 60
25 62
25 63
25 67
25 68
25 70
25 81
25 84
25 88
25 90
25 94
25 96
25 98
25 99
25 100
25 105
25 106
25 108
25 110
25 111
25 112
25 113
25 116
25 118
25 120
25 121
25 123
25 125
25 126
26 0
26 1
26 5
26 6
26 8
26 9
26 10
26 12
26 16
26 22
26 25
26 32
26 33
26 34
26 35
26 37
26 39
26 40
26 41
26 44
26 48
26 51
26 58
26 59
26 61
26 62
26 63
26 68
26 70
26 74
26 77
26 82
26 84
26 86
26 87
26 88
26 91
26 92
26 95
26 98
26 102
26 105
26 106
26 114
26 115
26 121
26 122
27 0
27 5
27 8
27 9
27 10
27 11
27 12
27 18
27 23
27 26
27 30
27 31
27 33
27 38
27 44
27 45
27 46
27 53
27 54
27 56
27 60
27 71
27 73
27 74
27 75
27 76
27 81
27 83
27 85
27 86
27 87
27 92
27 93
27 96
27 100
27 101
27 106
27 110
27 113
27 114
27 115
27 117
27 118
27 119
27 120
27 122
27 125
27 126
28 0
28 1
28 2
28 3
28 7
28 8
28 10
28 13
28 18
28 19
28 20
28 21
28 22
28 23
28 25
28 26
28 30
28 33
28 37
28 38
28 54
28 56
28 57
28 59
28 65
28 69
28 71
28 72
28 74
28 75
28 76
28 77
28 79
28 83
28 85
28 86
28 87
28 90
28 94
28 95
28 96
28 97
28 99
28 103
28 104
28 110
28 111
28 112
28 113
28 115
28 124
28 125
28 126
29 0
29 2
29 5
29 7
29 8
29 9
29 10
29 12
29 13
29 14
29 23
29 25
29 26
29 27
29 29
29 30
29 39
29 42
29 44
29 48
29 50
29 53
29 56
29 65
29 67
29 68
29 69
29 70
29 72
29 73
29 76
29 79
29 81
29 87
29 88
29 96
29 97
29 100
29 105
29 108
29 110
29 112
29 118
29 119
29 120
29 121
29 123
29 126
29 127
30 2
30 5
30 6
30 9
30 11
30 12
30 18
30 24
30 29
30 32
30 39
30 40
30 41
30 44
30 46
30 47
30 48
30 51
30 53
30 54
30 55
30 56
30 57
30 65
30 68
30 69
30 71
30 73
30 74
30 77
30 78
30 81
30 84
30 85
30 86
30 88
30 90
30 92
30 94
30 96
30 98
30 100
30 101
30 102
30 103
30 104
30 107
30 108
30 109
30 111
30 112
30 113
30 114
30 118
30 119
30 125
30 127
31 0
31 1
31 5
31 7
31 8
31 9
31 15
31 16
31 21
31 23
31 24
31 28
31 29
31 34
31 36
31 37
31 39
31 40
31 43
31 44
31 46
31 54
31 58
31 62
31 67
31 69
31 71
31 74
31 76
31 84
31 87
31 93
31 94
31 96
31 97
31 98
31 101
31 102
31 103
31 106
31 109
31 113
31 115
31 122
31 123
32 0
32 2
32 12
32 14
32 18
32 19
32 20
32 25
32 26
32 28
32 29
32 33
32 34
32 36
32 46
32 47
32 48
32 49
32 52
32 53
32 56
32 57
32 58
32 60
32 62
32 63
32 69
32 70
32 71
32 73
32 76
32 77
32 88
32 90
32 100
32 101
32 102
32 104
32 106
32 107
32 108
32 109
32 111
32 112
32 115
32 116
32 118
32 120
32 124
32 125
32 126
33 3
33 5
33 9
33 10
33 13
33 15
33 16
33 18
33 19
33 22
33 23
33 24
33 27
33 29
33 30
33 31
33 32
33 36
33 37
33 38
33 39
33 41
33 42
33 43
33 47
33 51
33 52
33 53
33 55
33 58
33 59
33 61
33 64
33 65
33 69
33 75
33 79
33 81
33 83
33 91
33 93
33 95
33 97
33 100
33 101
33 105
33 107
33 111
33 114
33 117
33 119
33 120
33 121
33 124
33 126
34 8
34 11
34 14
34 16
34 17
34 19
34 20
34 21
34 22
34 23
34 24
34 27
34 28
34 37
34 39
34 40
34 41
34 43
34 55
34 56
34 57
34 59
34 60
34 62
34 64
34 65
34 69
34 70
34 72
34 75
34 76
34 77
34 79
34 80
34 82
34 83
34 84
34 90
34 92
34 93
34 94
34 98
34 102
34 105
34 111
34 112
34 114
34 115
34 119
34 120
34 121
34 124
34 125
34 127
35 0
35 2
35 3
35 6
35 7
35 9
35 13
35 17
35 20
35 21
35 22
35 28
35 29
35 32
35 33
35 34
35 35
35 43
35 47
35 50
35 53
35 58
35 59
35 64
35 65
35 68
35 69
35 70
35 71
35 72
35 74
35 76
35 77
35 78
35 79
35 82
35 83
35 84
35 87
35 89
35 90
35 93
35 95
35 98
35 100
35 103
35 104
35 107
35 108
35 111
35 112
35 114
35 116
35 118
35 121
35 123
35 126
35 127
36 0
36 1
36 2
36 4
36 8
36 12
36 14
36 17
36 20
36 21
36 24
36 32
36 33
36 35
36 41
36 44
36 46
36 47
36 50
36 51
36 52
36 53
36 55
36 66
36 67
36 68
36 69
36 70
36 71
36 73
36 76
36 77
36 78
36 82
36 83
36 92
36 94
36 99
36 101
36 105
36 109
36 111
36 112
36 114
36 117
36 119
36 120
36 122
36 123
36 126
36 127
37 1
37 2
37 4
37 6
37 9
37 11
37 12
37 14
37 15
37 16
37 23
37 25
37 27
37 28
37 29
37 31
37 34
37 35
37 38
37 40
37 41
37 42
37 43
37 47
37 49
37 53
37 54
37 57
37 58
37 60
37 61
37 63
37 64
37 66
37 70
37 71
37 80
37 83
37 84
37 87
37 88
37 92
37 93
37 95
37 96
37 97
37 100
37 105
37 108
37 110
37 111
37 112
37 114
37 116
37 121
37 122
37 123
37 125
38 2
38 3
38 4
38 5
38 7
38 8
38 12
38 14
38 16
38 17
38 18
38 20
38 21
38 23
38 25
38 27
38 28
38 29
38 30
38 33
38 34
38 35
38 38
38 40
38 45
38 50
38 51
38 52
38 53
38 54
38 56
38 58
38 59
38 61
38 65
38 68
38 71
38 73
38 77
38 78
38 82
38 89
38 90
38 92
38 94
38 97
38 98
38 99
38 100
38 104
38 106
38 107
38 109
38 111
38 112
38 115
38 116
38 118
38 120
38 122
38 124
38 127
39 0
39 2
39 7
39 8
39 10
39 14
39 15
39 18
39 21
39 25
39 27
39 30
39 34
39 38
39 41
39 42
39 43
39 46
39 47
39 49
39 50
39 51
39 54
39 57
39 61
39 62
39 63
39 65
39 67
39 68
39 72
39 75
39 76
39 83
39 85
39 87
39 94
39 96
39 97
39 98
39 100
39 101
39 107
39 116
39 120
39 123
39 124
40 0
40 2
40 4
40 7
40 8
40 9
40 10
40 12
40 15
40 17
40 19
40 23
40 27
40 34
40 36
40 37
40 39
40 40
40 41
40 44
40 47
40 50
40 51
40 52
40 53
40 55
40 58
40 59
40 60
40 65
40 66
40 67
40 68
40 69
40 71
40 72
40 75
40 76
40 77
40 84
40 88
40 89
40 90
40 94
40 98
40 99
40 100
40 108
40 111
40 113
40 119
40 121
40 124
40 125
40 126
41 0
41 4
41 9
41 12
41 13
41 17
41 19
41 26
41 30
41 32
41 35
41 40
41 41
41 42
41 44
41 45
41 47
41 48
41 50
41 53
41 57
41 59
41 60
41 62
41 64
41 67
41 69
41 70
41 74
41 77
41 79
41 82
41 83
41 84
41 89
41 92
41 94
41 97
41 101
41 102
41 103
41 105
41 109
41 110
41 114
41 115
41 118
41 123
41 126
41 127
42 0
42 4
42 5
42 8
42 10
42 12
42 20
42 23
42 24
42 25
42 26
42 30
42 32
42 33
42 34
42 36
42 37
42 44
42 45
42 48
42 49
42 52
42 53
42 54
42 55
42 57
42 60
42 62
42 64
42 68
42 72
42 73
42 75
42 79
42 84
42 85
42 86
42 88
42 90
42 96
42 103
42 105
42 108
42 113
42 116
42 123
42 126
42 127
43 0
43 1
43 3
43 7
43 12
43 16
43 17
43 19
43 20
43 21
43 25
43 28
43 29
43 32
43 34
43 36
43 37
43 39
43 41
43 42
43 46
43 47
43 49
43 52
43 53
43 54
43 55
43 56
43 58
43 61
43 65
43 66
43 70
43 73
43 75
43 84
43 85
43 86
43 91
43 93
43 94
43 95
43 98
43 99
43 109
43 115
43 117
43 118
43 123
43 125
44 2
44 8
44 9
44 12
44 17
44 20
44 21
44 22
44 24
44 30
44 34
44 37
44 38
44 42
44 46
44 49
44 51
44 59
44 61
44 63
44 64
44 66
44 69
44 77
44 79
44 83
44 84
44 88
44 89
44 90
44 91
44 93
44 96
44 99
44 102
44 108
44 109
44 110
44 111
44 112
44 118
44 120
44 122
44 123
44 126
44 127
45 0
45 2
45 8
45 9
45 12
45 15
45 20
45 22
45 23
45 24
45 25
45 26
45 28
45 29
45 37
45 39
45 41
45 43
45 45
45 46
45 47
45 56
45 59
45 62
45 64
45 66
45 67
45 71
45 73
45 75
45 77
45 79
45 80
45 82
45 83
45 86
45 88
45 89
45 90
45 91
45 92
45 94
45 97
45 99
45 100
45 105
45 106
45 109
45 117
45 119
45 120
45 122
46 0
46 1
46 4
46 5
46 6
46 7
46 10
46 11
46 12
46 15
46 16
46 18
46 19
46 20
46 25
46 26
46 30
46 32
46 34
46 35
46 36
46 37
46 38
46 39
46 41
46 43
46 52
46 53
46 54
46 60
46 64
46 65
46 68
46 72
46 73
46 74
46 75
46 84
46 85
46 86
46 87
46 95
46 96
46 97
46 101
46 107
46 108
46 109
46 110
46 112
46 116
46 117
46 121
46 123
47 0
47 1
47 2
47 4
47 11
47 12
47 14
47 16
47 17
47 20
47 23
47 25
47 30
47 32
47 36
47 39
47 48
47 49
47 50
47 52
47 53
47 55
47 58
47 62
47 63
47 64
47 65
47 66
47 68
47 70
47 73
47 74
47 77
47 79
47 81
47 84
47 87
47 91
47 98
47 106
47 111
47 112
47 114
47 116
47 122
47 123
48 1
48 3
48 6
48 12
48 14
48 18
48 19
48 21
48 23
48 25
48 26
48 27
48 28
48 29
48 30
48 34
48 35
48 37
48 39
48 42
48 43
48 46
48 47
48 51
48 52
48 55
48 62
48 64
48 67
48 68
48 71
48 74
48 76
48 77
48 79
48 80
48 83
48 84
48 87
48 95
48 97
48 98
48 101
48 103
48 104
48 105
48 110
48 113
48 114
48 117
48 118
48 124
48 125
48 126
48 127
49 0
49 1
49 2
49 3
49 5
49 6
49 9
49 11
49 12
49 15
49 21
49 24
49 27
49 30
49 35
49 36
49 37
49 38
49 39
49 40
49 41
49 43
49 46
49 47
49 48
49 49
49 50
49 55
49 56
49 57
49 59
49 60
49 62
49 66
49 69
49 70
49 72
49 73
49 74
49 76
49 81
49 85
49 90
49 92
49 93
49 99
49 105
49 107
49 108
49 109
49 112
49 113
49 115
49 116
49 120
49 124
50 0
50 1
50 4
50 5
50 11
50 18
50 20
50 22
50 25
50 29
50 32
50 38
50 43
50 47
50 54
50 59
50 60
50 63
50 64
50 65
50 67
50 68
50 70
50 71
50 72
50 76
50 79
50 82
50 83
50 86
50 91
50 93
50 98
50 100
50 104
50 105
50 107
50 110
50 111
50 114
50 115
50 116
50 118
50 120
50 124
50 125
50 127
51 0
51 1
51 2
51 3
51 6
51 9
51 10
51 11
51 12
51 16
51 18
51 23
51 29
51 32
51 34
51 36
51 38
51 40
51 42
51 43
51 47
51 49
51 50
51 51
51 53
51 57
51 62
51 65
51 67
51 68
51 69
51 70
51 74
51 77
51 78
51 80
51 83
51 89
51 90
51 91
51 93
51 94
51 95
51 98
51 101
51 106
51 109
51 113
51 114
51 117
51 120
51 121
51 124
51 126
51 127
52 0
52 2
52 4
52 6
52 10
52 12
52 15
52 16
52 19
52 21
52 25
52 26
52 30
52 35
52 36
52 42
52 43
52 45
52 46
52 47
52 48
52 51
52 52
52 56
52 57
52 58
52 60
52 62
52 63
52 71
52 72
52 75
52 77
52 80
52 82
52 83
52 85
52 89
52 92
52 94
52 96
52 99
52 101
52 104
52 110
52 111
52 112
52 114
52 116
52 118
52 119
52 121
52 122
52 123
52 125
52 127
53 0
53 1
53 5
53 8
53 10
53 12
53 13
53 16
53 18
53 19
53 25
53 26
53 28
53 33
53 35
53 38
53 40
53 44
53 48
53 50
53 51
53 52
53 57
53 68
53 71
53 73
53 74
53 82
53 83
53 85
53 86
53 89
53 90
53 92
53 96
53 97
53 98
53 99
53 100
53 102
53 105
53 107
53 113
53 115
53 116
53 117
53 118
53 122
53 123
53 124
53 127
54 0
54 4
54 7
54 9
54 11
54 13
54 14
54 15
54 16
54 18
54 22
54 29
54 32
54 33
54 35
54 36
54 39
54 43
54 46
54 47
54 49
54 52
54 56
54 58
54 59
54 60
54 63
54 64
54 65
54 66
54 68
54 69
54 71
54 74
54 76
54 77
54 81
54 83
54 84
54 86
54 89
54 93
54 95
54 96
54 99
54 101
54 104
54 105
54 107
54 113
54 116
54 118
54 120
54 122
54 124
54 126
54 127
55 0
55 1
55 2
55 7
55 15
55 16
55 17
55 20
55 23
55 25
55 26
55 27
55 28
55 30
55 31
55 32
55 35
55 36
55 37
55 40
55 43
55 44
55 48
55 50
55 51
55 52
55 53
55 54
55 56
55 60
55 61
55 62
55 64
55 65
55 66
55 68
55 69
55 70
55 71
55 72
55 74
55 75
55 76
55 77
55 78
55 79
55 80
55 81
55 82
55 84
55 87
55 89
55 92
55 94
55 95
55 96
55 97
55 98
55 99
55 100
55 108
55 110
55 116
55 117
55 118
55 122
55 123
55 124
56 0
56 5
56 6
56 7
56 13
56 14
56 20
56 22
56 25
56 26
56 27
56 36
56 39
56 40
56 41
56 46
56 47
56 53
56 60
56 62
56 64
56 68
56 69
56 73
56 78
56 79
56 82
56 85
56 86
56 87
56 88
56 91
56 92
56 95
56 99
56 101
56 104
56 106
56 107
56 116
56 121
56 122
56 123
56 127
57 0
57 1
57 3
57 4
57 5
57 7
57 9
57 11
57 14
57 17
57 18
57 19
57 30
57 31
57 37
57 38
57 41
57 42
57 44
57 45
57 47
57 48
57 50
57 51
57 52
57 55
57 56
57 58
57 65
57 66
57 68
57 69
57 72
57 73
57 75
57 77
57 78
57 79
57 89
57 91
57 92
57 95
57 98
57 99
57 102
57 110
57 119
57 120
57 126
57 127
58 0
58 1
58 4
58 6
58 7
58 9
58 11
58 12
58 19
58 23
58 25
58 26
58 29
58 40
58 43
58 45
58 46
58 47
58 50
58 51
58 53
58 54
58 55
58 57
58 58
58 64
58 65
58 66
58 69
58 72
58 73
58 77
58 79
58 83
58 84
58 85
58 88
58 90
58 92
58 94
58 99
58 101
58 102
58 104
58 105
58 107
58 110
58 112
58 114
58 115
58 117
58 118
58 120
58 122
58 125
58 126
59 1
59 2
59 3
59 4
59 5
59 7
59 8
59 12
59 15
59 16
59 20
59 24
59 27
59 34
59 35
59 37
59 38
59 40
59 45
59 46
59 49
59 51
59 57
59 60
59 64
59 68
59 70
59 71
59 72
59 76
59 78
59 80
59 81
59 84
59 87
59 88
59 89
59 91
59 92
59 93
59 94
59 95
59 97
59 103
59 105
59 111
59 112
59 117
59 119
59 120
59 123
59 127
60 3
60 4
60 5
60 6
60 8
60 10
60 13
60 17
60 21
60 30
60 32
60 36
60 40
60 41
60 43
60 44
60 45
60 48
60 49
60 51
60 53
60 54
60 55
60 57
60 58
60 61
60 63
60 65
60 67
60 71
60 76
60 81
60 82
60 84
60 85
60 91
60 92
60 98
60 102
60 109
60 110
60 114
60 115
60 118
60 119
60 122
60 123
60 125
60 127
61 0
61 2
61 4
61 7
61 8
61 13
61 17
61 18
61 21
61 22
61 28
61 29
61 31
61 33
61 36
61 39
61 40
61 43
61 45
61 47
61 48
61 54
61 57
61 59
61 60
61 62
61 65
61 66
61 68
61 70
61 75
61 77
61 79
61 82
61 83
61 89
61 91
61 94
61 95
61 97
61 99
61 101
61 105
61 106
61 107
61 111
61 114
61 115
61 116
61 117
61 120
61 121
61 122
61 124
62 0
62 7
62 12
62 13
62 14
62 17
62 18
62 21
62 22
62 23
62 24
62 25
62 27
62 28
62 29
62 30
62 34
62 37
62 42
62 44
62 49
62 51
62 53
62 54
62 55
62 57
62 60
62 63
62 64
62 67
62 68
62 71
62 73
62 79
62 80
62 81
62 82
62 84
62 85
62 86
62 93
62 97
62 98
62 106
62 107
62 108
62 109
62 110
62 114
62 119
62 120
63 3
63 5
63 6
63 9
63 10
63 11
63 12
63 13
63 16
63 17
63 18
63 19
63 20
63 23
63 24
63 29
63 31
63 33
63 35
63 37
63 38
63 42
63 44
63 47
63 53
63 56
63 66
63 67
63 70
63 73
63 76
63 77
63 79
63 80
63 81
63 84
63 85
63 91
63 94
63 96
63 99
63 104
63 105
63 108
63 109
63 113
63 119
63 122
63 123
63 126
64 1
64 2
64 4
64 5
64 7
64 10
64 14
64 15
64 18
64 22
64 24
64 29
64 32
64 34
64 37
64 38
64 41
64 46
64 47
64 48
64 51
64 52
64 53
64 60
64 62
64 64
64 65
64 72
64 73
64 76
64 84
64 86
64 90
64 93
64 95
64 98
64 104
64 105
64 106
64 107
64 108
64 109
64 110
64 111
64 112
64 113
64 115
64 123
65 2
65 3
65 6
65 11
65 16
65 18
65 22
65 24
65 29
65 31
65 32
65 33
65 34
65 39
65 51
65 53
65 56
65 58
65 61
65 65
65 67
65 74
65 75
65 76
65 77
65 78
65 80
65 83
65 84
65 86
65 88
65 89
65 92
65 94
65 96
65 97
65 98
65 100
65 101
65 105
65 106
65 107
65 112
65 114
65 115
65 118
65 121
65 123
65 124
65 125
65 127
66 4
66 5
66 6
66 9
66 13
66 14
66 15
66 16
66 17
66 18
66 21
66 22
66 26
66 27
66 30
66 31
66 32
66 35
66 36
66 39
66 40
66 41
66 42
66 43
66 45
66 52
66 57
66 59
66 60
66 61
66 67
66 69
66 70
66 71
66 72
66 73
66 76
66 82
66 85
66 86
66 87
66 90
66 91
66 92
66 94
66 96
66 97
66 100
66 101
66 106
66 109
66 110
66 112
66 114
66 115
66 119
66 120
66 121
66 124
67 3
67 4
67 6
67 7
67 13
67 21
67 27
67 32
67 33
67 36
67 37
67 39
67 40
67 41
67 42
67 43
67 44
67 46
67 47
67 49
67 50
67 53
67 55
67 58
67 60
67 64
67 65
67 67
67 69
67 72
67 77
67 78
67 84
67 85
67 91
67 92
67 95
67 101
67 102
67 108
67 110
67 121
67 124
67 126
68 0
68 4
68 5
68 6
68 7
68 8
68 11
68 14
68 16
68 18
68 20
68 28
68 29
68 30
68 31
68 32
68 33
68 35
68 36
68 39
68 42
68 45
68 46
68 47
68 55
68 56
68 57
68 59
68 60
68 64
68 69
68 70
68 73
68 74
68 75
68 76
68 81
68 84
68 85
68 86
68 93
68 102
68 105
68 111
68 112
68 114
68 115
68 121
68 124
68 125
68 126
69 1
69 5
69 10
69 11
69 12
69 14
69 15
69 20
69 26
69 27
69 29
69 32
69 33
69 34
69 38
69 46
69 47
69 48
69 49
69 52
69 53
69 54
69 55
69 56
69 59
69 61
69 62
69 69
69 71
69 74
69 76
69 77
69 81
69 82
69 86
69 88
69 89
69 90
69 91
69 93
69 94
69 96
69 97
69 98
69 99
69 100
69 103
69 106
69 110
69 120
69 123
70 0
70 6
70 7
70 9
70 11
70 15
70 17
70 21
70 22
70 26
70 27
70 29
70 30
70 34
70 35
70 38
70 40
70 42
70 43
70 45
70 46
70 47
70 48
70 49
70 50
70 57
70 61
70 68
70 75
70 76
70 78
70 79
70 80
70 82
70 85
70 86
70 90
70 92
70 97
70 107
70 109
70 115
70 117
70 118
70 121
70 123
70 124
70 126
70 127
71 5
71 13
71 14
71 15
71 17
71 19
71 25
71 28
71 30
71 31
71 32
71 35
71 42
71 43
71 44
71 45
71 47
71 48
71 52
71 64
71 68
71 69
71 71
71 74
71 75
71 76
71 77
71 80
71 81
71 84
71 85
71 90
71 91
71 92
71 98
71 99
71 100
71 102
71 105
71 113
71 115
71 116
71 118
71 125
71 127
72 3
72 6
72 8
72 9
72 11
72 12
72 13
72 17
72 19
72 20
72 22
72 25
72 26
72 28
72 29
72 34
72 35
72 36
72 38
72 40
72 41
72 43
72 47
72 50
72 55
72 56
72 57
72 58
72 63
72 64
72 66
72 68
72 71
72 72
72 74
72 76
72 78
72 79
72 80
72 82
72 85
72 89
72 90
72 91
72 92
72 94
72 107
72 109
72 110
72 111
72 113
72 117
72 119
72 120
72 124
73 0
73 1
73 4
73 9
73 13
73 14
73 15
73 17
73 18
73 20
73 21
73 22
73 23
73 25
73 26
73 29
73 30
73 31
73 33
73 35
73 37
73 40
73 41
73 42
73 43
73 45
73 46
73 47
73 48
73 50
73 52
73 58
73 60
73 61
73 63
73 64
73 65
73 68
73 70
73 74
73 75
73 78
73 79
73 85
73 86
73 91
73 92
73 96
73 99
73 100
73 101
73 102
73 104
73 105
73 107
73 110
73 111
73 115
73 117
73 118
73 120
73 121
73 124
73 126
74 0
74 2
74 3
74 5
74 6
74 8
74 9
74 10
74 12
74 14
74 16
74 17
74 19
74 20
74 23
74 24
74 30
74 33
74 34
74 38
74 39
74 43
74 49
74 52
74 53
74 55
74 58
74 64
74 65
74 67
74 68
74 70
74 71
74 74
74 76
74 79
74 86
74 90
74 91
74 92
74 93
74 94
74 95
74 96
74 100
74 102
74 105
74 107
74 108
74 111
74 113
74 114
74 116
74 118
74 124
75 0
75 1
75 2
75 5
75 9
75 19
75 21
75 22
75 23
75 28
75 29
75 33
75 36
75 39
75 43
75 44
75 45
75 46
75 52
75 55
75 56
75 59
75 60
75 61
75 66
75 67
75 70
75 74
75 79
75 80
75 82
75 83
75 85
75 90
75 95
75 96
75 99
75 100
75 103
75 110
75 113
75 118
75 119
75 120
75 124
75 125
75 126
76 0
76 2
76 3
76 4
76 5
76 7
76 8
76 9
76 10
76 11
76 19
76 22
76 26
76 27
76 28
76 30
76 33
76 34
76 35
76 37
76 40
76 41
76 43
76 44
76 46
76 48
76 49
76 52
76 56
76 59
76 61
76 65
76 67
76 71
76 72
76 73
76 74
76 76
76 80
76 82
76 85
76 87
76 91
76 93
76 99
76 100
76 101
76 102
76 103
76 105
76 108
76 112
76 113
76 114
76 118
76 121
76 122
76 124
76 125
77 4
77 8
77 10
77 12
77 16
77 17
77 20
77 22
77 24
77 25
77 26
77 35
77 36
77 42
77 43
77 45
77 48
77 51
77 52
77 53
77 55
77 56
77 64
77 68
77 69
77 71
77 73
77 75
77 77
77 83
77 86
77 87
77 88
77 90
77 91
77 92
77 93
77 94
77 95
77 97
77 117
77 122
77 124
77 126
77 127
78 0
78 2
78 5
78 7
78 9
78 11
78 12
78 16
78 17
78 19
78 25
78 28
78 29
78 30
78 33
78 34
78 44
78 47
78 50
78 54
78 57
78 65
78 68
78 69
78 72
78 75
78 77
78 78
78 79
78 83
78 85
78 86
78 87
78 91
78 93
78 95
78 97
78 100
78 101
78 107
78 108
78 110
78 119
78 120
78 121
78 125
78 127
79 1
79 2
79 13
79 14
79 15
79 16
79 18
79 20
79 22
79 25
79 28
79 31
79 34
79 40
79 41
79 47
79 53
79 55
79 57
79 59
79 61
79 62
79 66
79 69
79 70
79 71
79 79
79 83
79 86
79 87
79 89
79 90
79 92
79 95
79 101
79 105
79 106
79 108
79 112
79 116
79 118
79 119
79 124
80 1
80 2
80 5
80 7
80 8
80 10
80 13
80 14
80 19
80 20
80 24
80 25
80 29
80 30
80 31
80 34
80 36
80 41
80 42
80 51
80 54
80 55
80 62
80 66
80 67
80 70
80 74
80 75
80 78
80 80
80 85
80 88
80 90
80 94
80 95
80 102
80 110
80 111
80 114
80 115
80 121
80 125
80 126
81 1
81 2
81 8
81 9
81 12
81 13
81 17
81 21
81 26
81 31
81 32
81 33
81 34
81 35
81 39
81 40
81 41
81 42
81 43
81 44
81 45
81 48
81 50
81 52
81 56
81 61
81 62
81 63
81 64
81 68
81 72
81 76
81 78
81 80
81 81
81 82
81 83
81 84
81 86
81 87
81 88
81 89
81 90
81 96
81 98
81 99
81 101
81 102
81 103
81 107
81 110
81 112
81 113
81 118
81 119
81 123
81 124
82 1
82 4
82 5
82 6
82 8
82 19
82 20
82 21
82 22
82 30
82 31
82 35
82 36
82 37
82 38
82 40
82 47
82 48
82 53
82 54
82 56
82 59
82 60
82 61
82 68
82 70
82 75
82 76
82 85
82 86
82 87
82 91
82 93
82 94
82 95
82 96
82 99
82 103
82 107
82 110
82 112
82 113
82 117
82 123
82 126
83 3
83 5
83 8
83 9
83 11
83 15
83 18
83 19
83 29
83 31
83 34
83 35
83 36
83 37
83 41
83 42
83 43
83 44
83 50
83 51
83 53
83 54
83 59
83 66
83 67
83 68
83 73
83 75
83 77
83 78
83 79
83 81
83 82
83 89
83 90
83 92
83 95
83 99
83 103
83 104
83 107
83 111
83 112
83 116
83 118
83 126
83 127
84 1
84 2
84 5
84 7
84 9
84 13
84 15
84 18
84 19
84 21
84 27
84 31
84 32
84 38
84 44
84 45
84 46
84 47
84 50
84 53
84 55
84 58
84 67
84 68
84 69
84 71
84 75
84 80
84 81
84 84
84 88
84 92
84 94
84 96
84 97
84 99
84 101
84 107
84 110
84 114
84 115
84 116
84 118
84 124
84 125
84 127
85 1
85 4
85 6
85 7
85 9
85 10
85 11
85 14
85 15
85 16
85 18
85 27
85 30
85 32
85 37
85 38
85 41
85 43
85 47
85 48
85 52
85 57
85 60
85 61
85 62
85 64
85 65
85 68
85 69
85 71
85 77
85 79
85 84
85 90
85 98
85 99
85 102
85 104
85 105
85 106
85 110
85 111
85 112
85 113
85 118
85 123
85 124
85 125
85 126
85 127
86 0
86 2
86 3
86 4
86 5
86 6
86 7
86 12
86 14
86 18
86 20
86 22
86 27
86 28
86 30
86 32
86 35
86 36
86 39
86 40
86 47
86 48
86 53
86 55
86 57
86 59
86 60
86 63
86 64
86 66
86 67
86 68
86 71
86 72
86 77
86 79
86 82
86 84
86 85
86 88
86 90
86 91
86 93
86 95
86 97
86 100
86 101
86 103
86 108
86 111
86 113
86 116
86 117
86 118
86 120
86 123
86 126
86 127
87 7
87 9
87 12
87 15
87 16
87 18
87 20
87 21
87 27
87 29
87 30
87 36
87 37
87 39
87 40
87 42
87 43
87 45
87 52
87 54
87 55
87 59
87 65
87 68
87 70
87 73
87 74
87 84
87 87
87 88
87 93
87 94
87 95
87 96
87 99
87 100
87 101
87 102
87 103
87 116
87 121
87 124
87 126
88 1
88 4
88 6
88 8
88 9
88 14
88 15
88 23
88 26
88 28
88 29
88 30
88 32
88 33
88 36
88 41
88 48
88 49
88 50
88 53
88 56
88 57
88 59
88 65
88 66
88 71
88 75
88 76
88 78
88 84
88 85
88 86
88 94
88 95
88 96
88 97
88 98
88 99
88 100
88 101
88 112
88 114
88 121
88 123
88 125
88 126
88 127
89 9
89 10
89 12
89 20
89 22
89 23
89 24
89 26
89 28
89 29
89 31
89 32
89 37
89 40
89 41
89 42
89 45
89 47
89 49
89 52
89 55
89 56
89 57
89 62
89 64
89 68
89 73
89 77
89 78
89 84
89 85
89 87
89 88
89 91
89 95
89 100
89 102
89 103
89 104
89 105
89 112
89 113
89 114
89 117
89 118
89 120
89 125
89 126
90 3
90 4
90 5
90 6
90 9
90 12
90 15
90 18
90 19
90 21
90 22
90 23
90 24
90 25
90 26
90 29
90 36
90 41
90 43
90 44
90 45
90 52
90 53
90 54
90 55
90 62
90 66
90 68
90 71
90 73
90 77
90 83
90 84
90 87
90 92
90 93
90 95
90 96
90 98
90 100
90 101
90 103
90 105
90 106
90 107
90 108
90 110
90 112
90 114
90 115
90 117
90 123
90 124
90 125
90 127
91 0
91 3
91 6
91 9
91 10
91 12
91 13
91 15
91 20
91 25
91 32
91 33
91 34
91 39
91 40
91 42
91 44
91 45
91 47
91 48
91 51
91 52
91 53
91 54
91 61
91 63
91 66
91 67
91 71
91 72
91 73
91 79
91 81
91 84
91 87
91 93
91 94
91 96
91 99
91 100
91 104
91 108
91 109
91 110
91 111
91 112
91 120
91 121
91 125
91 127
92 3
92 4
92 6
92 8
92 10
92 17
92 21
92 22
92 23
92 24
92 26
92 28
92 31
92 32
92 33
92 34
92 35
92 45
92 47
92 48
92 51
92 54
92 58
92 60
92 65
92 66
92 68
92 71
92 72
92 75
92 77
92 83
92 88
92 89
92 92
92 95
92 96
92 97
92 98
92 99
92 101
92 104
92 105
92 108
92 109
92 116
92 121
92 123
92 126
93 1
93 2
93 13
93 14
93 16
93 20
93 26
93 28
93 32
93 36
93 39
93 40
93 43
93 45
93 47
93 49
93 50
93 56
93 57
93 58
93 59
93 70
93 71
93 72
93 73
93 77
93 78
93 81
93 82
93 85
93 86
93 89
93 90
93 92
93 98
93 99
93 101
93 103
93 104
93 105
93 106
93 107
93 108
93 110
93 111
93 113
93 114
93 119
93 122
93 124
93 126
93 127
94 0
94 1
94 4
94 7
94 8
94 9
94 11
94 13
94 14
94 16
94 19
94 22
94 23
94 24
94 25
94 28
94 30
94 32
94 34
94 35
94 36
94 40
94 41
94 42
94 43
94 45
94 49
94 51
94 53
94 55
94 56
94 57
94 58
94 59
94 60
94 61
94 62
94 63
94 65
94 67
94 68
94 70
94 72
94 73
94 74
94 81
94 85
94 87
94 88
94 92
94 94
94 97
94 98
94 100
94 107
94 110
94 112
94 113
94 118
94 119
94 120
94 121
94 123
94 124
94 125
94 126
95 0
95 1
95 7
95 9
95 10
95 11
95 12
95 14
95 15
95 17
95 18
95 20
95 21
95 29
95 30
95 31
95 32
95 39
95 40
95 42
95 47
95 49
95 50
95 53
95 58
95 60
95 64
95 69
95 70
95 73
95 77
95 79
95 82
95 88
95 91
95 93
95 99
95 100
95 101
95 102
95 105
95 108
95 110
95 115
95 117
95 118
95 120
95 121
95 124
95 126
96 2
96 4
96 5
96 6
96 7
96 9
96 11
96 14
96 15
96 18
96 24
96 25
96 30
96 32
96 33
96 34
96 36
96 37
96 39
96 41
96 42
96 44
96 46
96 48
96 49
96 50
96 52
96 54
96 57
96 62
96 63
96 64
96 65
96 68
96 69
96 75
96 79
96 80
96 88
96 90
96 91
96 92
96 95
96 99
96 102
96 104
96 106
96 109
96 113
96 116
96 119
96 121
96 122
96 127
97 1
97 2
97 3
97 5
97 6
97 7
97 12
97 18
97 19
97 23
97 26
97 30
97 37
97 38
97 39
97 41
97 46
97 48
97 51
97 52
97 53
97 56
97 57
97 60
97 61
97 68
97 70
97 73
97 74
97 78
97 80
97 81
97 87
97 89
97 90
97 93
97 96
97 99
97 102
97 104
97 106
97 108
97 110
97 111
97 113
97 117
97 118
97 119
97 120
97 121
97 126
97 127
98 4
98 7
98 12
98 19
98 21
98 22
98 26
98 27
98 28
98 29
98 31
98 32
98 33
98 35
98 39
98 43
98 44
98 47
98 49
98 51
98 56
98 59
98 60
98 62
98 65
98 67
98 72
98 73
98 77
98 78
98 80
98 82
98 83
98 84
98 87
98 90
98 91
98 93
98 95
98 97
98 99
98 103
98 104
98 105
98 106
98 107
98 108
98 109
98 111
98 113
98 116
98 117
98 120
98 121
98 123
98 124
98 127
99 1
99 5
99 6
99 8
99 10
99 11
99 12
99 13
99 14
99 15
99 19
99 26
99 27
99 29
99 30
99 36
99 38
99 39
99 42
99 43
99 45
99 49
99 50
99 51
99 54
99 58
99 59
99 63
99 64
99 71
99 74
99 78
99 81
99 84
99 85
99 88
99 89
99 93
99 95
99 97
99 99
99 100
99 103
99 106
99 107
99 109
99 111
99 113
99 117
99 120
99 123
100 8
100 13
100 16
100 17
100 19
100 20
100 22
100 25
100 27
100 30
100 31
100 33
100 34
100 35
100 40
100 42
100 48
100 52
100 54
100 56
100 58
100 59
100 60
100 62
100 64
100 66
100 71
100 79
100 80
100 83
100 89
100 91
100 95
100 96
100 98
100 100
100 101
100 105
100 106
100 109
100 112
100 113
100 117
100 121
100 124
100 125
100 126
100 127
101 1
101 2
101 3
101 5
101 8
101 13
101 18
101 19
101 25
101 27
101 29
101 30
101 31
101 34
101 35
101 36
101 39
101 41
101 46
101 47
101 48
101 52
101 57
101 60
101 66
101 67
101 78
101 79
101 80
101 83
101 84
101 85
101 86
101 87
101 91
101 96
101 101
101 110
101 113
101 115
101 116
101 118
101 120
101 123
101 124
101 125
101 126
102 0
102 3
102 5
102 8
102 10
102 18
102 24
102 27
102 28
102 30
102 32
102 33
102 34
102 37
102 41
102 42
102 47
102 53
102 55
102 56
102 57
102 58
102 59
102 61
102 63
102 69
102 72
102 73
102 74
102 76
102 81
102 83
102 88
102 91
102 94
102 103
102 105
102 107
102 111
102 114
102 118
102 119
102 124
103 3
103 6
103 9
103 10
103 13
103 19
103 21
103 24
103 26
103 27
103 31
103 34
103 35
103 37
103 41
103 44
103 46
103 53
103 54
103 55
103 57
103 59
103 62
103 63
103 68
103 69
103 71
103 72
103 76
103 78
103 80
103 83
103 84
103 85
103 88
103 89
103 93
103 94
103 98
103 99
103 100
103 101
103 103
103 105
103 109
103 111
103 112
103 114
103 117
103 119
103 120
104 0
104 1
104 4
104 5
104 7
104 8
104 11
104 14
104 15
104 21
104 26
104 27
104 29
104 30
104 31
104 33
104 40
104 42
104 45
104 47
104 48
104 53
104 56
104 57
104 61
104 65
104 66
104 67
104 68
104 71
104 72
104 74
104 80
104 82
104 83
104 91
104 94
104 95
104 105
104 110
104 112
104 115
104 116
104 117
104 121
104 122
104 125
105 27
105 31
105 38
105 39
105 45
105 47
105 49
105 50
105 52
105 54
105 55
105 59
105 63
105 64
105 66
105 71
105 72
105 75
105 77
105 79
105 82
105 85
105 87
105 89
105 91
105 92
105 96
105 101
105 103
105 105
105 106
105 107
105 108
105 113
105 115
105 116
105 117
105 122
105 123
106 2
106 3
106 4
106 9
106 11
106 15
106 17
106 18
106 22
106 25
106 29
106 30
106 31
106 32
106 35
106 36
106 37
106 40
106 41
106 47
106 48
106 49
106 51
106 53
106 59
106 60
106 61
106 63
106 65
106 68
106 69
106 71
106 72
106 74
106 78
106 79
106 82
106 83
106 86
106 88
106 90
106 92
106 101
106 106
106 108
106 110
106 111
106 113
106 117
106 121
106 122
106 126
106 127
107 2
107 18
107 20
107 22
107 23
107 24
107 26
107 39
107 40
107 41
107 46
107 47
107 48
107 49
107 52
107 55
107 61
107 62
107 65
107 66
107 70
107 72
107 74
107 78
107 80
107 81
107 82
107 83
107 91
107 92
107 99
107 102
107 103
107 104
107 106
107 112
107 114
107 115
107 116
107 117
107 118
107 119
107 120
107 122
107 124
107 126
108 0
108 1
108 3
108 4
108 7
108 8
108 9
108 10
108 14
108 15
108 17
108 18
108 19
108 20
108 21
108 27
108 30
108 32
108 33
108 34
108 37
108 38
108 43
108 46
108 47
108 52
108 57
108 58
108 62
108 63
108 76
108 78
108 79
108 80
108 88
108 98
108 99
108 100
108 104
108 105
108 107
108 108
108 110
108 114
108 115
108 116
108 117
108 118
108 119
108 123
108 124
108 126
109 3
109 4
109 6
109 12
109 14
109 15
109 16
109 17
109 24
109 25
109 31
109 32
109 34
109 46
109 47
109 48
109 53
109 54
109 56
109 60
109 61
109 63
109 65
109 67
109 68
109 74
109 78
109 79
109 82
109 87
109 88
109 89
109 90
109 91
109 97
109 98
109 101
109 102
109 103
109 104
109 105
109 106
109 114
109 119
109 120
109 121
109 122
109 125
109 127
110 0
110 1
110 2
110 3
110 6
110 7
110 10
110 11
110 12
110 13
110 16
110 17
110 18
110 21
110 24
110 25
110 29
110 32
110 33
110 35
110 36
110 40
110 42
110 44
110 49
110 51
110 58
110 59
110 62
110 64
110 66
110 67
110 68
110 70
110 73
110 74
110 79
110 81
110 83
110 86
110 90
110 91
110 92
110 98
110 100
110 101
110 102
110 105
110 109
110 112
110 113
110 114
110 117
110 119
110 121
110 122
110 124
111 2
111 3
111 4
111 5
111 6
111 7
111 20
111 22
111 24
111 26
111 30
111 33
111 34
111 37
111 38
111 40
111 44
111 46
111 47
111 48
111 51
111 52
111 56
111 61
111 62
111 63
111 66
111 71
111 74
111 76
111 78
111 82
111 88
111 91
111 94
111 97
111 101
111 102
111 104
111 105
111 108
111 109
111 110
111 111
111 112
111 114
111 121
111 124
111 125
111 127
112 0
112 2
112 3
112 6
112 7
112 9
112 10
112 13
112 16
112 20
112 23
112 26
112 30
112 31
112 32
112 33
112 34
112 38
112 45
112 46
112 47
112 50
112 53
112 55
112 58
112 61
112 63
112 66
112 67
112 68
112 69
112 73
112 77
112 78
112 79
112 81
112 83
112 86
112 87
112 88
112 92
112 99
112 101
112 104
112 112
112 113
112 119
112 121
112 122
112 123
112 124
113 0
113 5
113 8
113 11
113 13
113 15
113 19
113 20
113 22
113 23
113 26
113 28
113 29
113 30
113 31
113 32
113 35
113 36
113 37
113 40
113 43
113 44
113 50
113 51
113 52
113 56
113 57
113 64
113 67
113 70
113 72
113 75
113 76
113 78
113 80
113 81
113 82
113 84
113 86
113 88
113 90
113 91
113 93
113 94
113 101
113 104
113 109
113 110
113 112
113 117
113 118
113 120
113 123
113 124
113 125
114 3
114 4
114 5
114 8
114 11
114 12
114 14
114 19
114 20
114 26
114 31
114 34
114 36
114 37
114 40
114 42
114 46
114 50
114 58
114 59
114 62
114 64
114 66
114 67
114 74
114 75
114 81
114 84
114 88
114 89
114 91
114 92
114 96
114 102
114 105
114 110
114 112
114 117
114 123
114 124
114 126
115 0
115 2
115 3
115 6
115 9
115 11
115 13
115 16
115 17
115 18
115 21
115 23
115 28
115 29
115 30
115 32
115 33
115 34
115 35
115 39
115 41
115 42
115 44
115 54
115 55
115 57
115 62
115 63
115 65
115 67
115 70
115 72
115 74
115 75
115 76
115 79
115 82
115 83
115 84
115 85
115 87
115 88
115 89
115 92
115 93
115 95
115 103
115 104
115 105
115 109
115 113
115 115
115 123
116 0
116 4
116 7
116 9
116 10
116 12
116 14
116 15
116 16
116 19
116 22
116 27
116 34
116 35
116 36
116 37
116 39
116 45
116 46
116 50
116 51
116 53
116 54
116 58
116 60
116 62
116 64
116 67
116 70
116 72
116 73
116 76
116 79
116 80
116 82
116 84
116 87
116 88
116 91
116 92
116 93
116 96
116 97
116 98
116 99
116 101
116 104
116 105
116 106
116 107
116 108
116 109
116 113
116 116
116 117
116 120
116 124
116 126
117 2
117 3
117 4
117 11
117 12
117 13
117 14
117 15
117 16
117 17
117 18
117 19
117 20
117 29
117 30
117 34
117 35
117 36
117 43
117 44
117 45
117 48
117 49
117 50
117 51
117 53
117 54
117 55
117 56
117 57
117 58
117 59
117 61
117 67
117 69
117 70
117 74
117 75
117 77
117 80
117 90
117 91
117 97
117 100
117 103
117 104
117 106
117 107
117 109
117 112
117 114
117 116
117 117
117 119
117 120
117 121
117 124
117 126
117 127
118 1
118 3
118 4
118 6
118 7
118 8
118 18
118 19
118 25
118 26
118 27
118 29
118 30
118 35
118 37
118 42
118 48
118 52
118 55
118 60
118 65
118 67
118 72
118 76
118 79
118 80
118 82
118 86
118 87
118 89
118 93
118 94
118 99
118 100
118 103
118 105
118 109
118 111
118 113
118 114
118 119
118 121
118 124
119 1
119 5
119 8
119 10
119 12
119 16
119 17
119 19
119 21
119 24
119 27
119 30
119 31
119 34
119 36
119 38
119 39
119 41
119 45
119 48
119 50
119 53
119 54
119 59
119 61
119 65
119 70
119 73
119 75
119 78
119 80
119 86
119 87
119 88
119 90
119 95
119 98
119 99
119 100
119 101
119 108
119 110
119 111
119 121
119 122
119 123
120 1
120 2
120 4
120 5
120 6
120 9
120 13
120 14
120 20
120 22
120 26
120 27
120 29
120 31
120 33
120 36
120 37
120 39
120 40
120 44
120 45
120 48
120 50
120 51
120 57
120 58
120 59
120 62
120 65
120 69
120 70
120 72
120 73
120 76
120 77
120 81
120 83
120 85
120 88
120 94
120 99
120 101
120 104
120 105
120 106
120 107
120 110
120 114
120 115
120 118
120 124
121 1
121 5
121 6
121 7
121 10
121 14
121 17
121 20
121 21
121 22
121 24
121 25
121 27
121 29
121 33
121 34
121 39
121 42
121 44
121 46
121 47
121 48
121 50
121 54
121 55
121 56
121 57
121 59
121 61
121 64
121 65
121 66
121 68
121 70
121 71
121 73
121 74
121 75
121 77
121 78
121 81
121 82
121 83
121 84
121 85
121 86
121 87
121 88
121 91
121 92
121 94
121 95
121 96
121 97
121 101
121 102
121 104
121 107
121 108
121 110
121 115
121 119
122 0
122 1
122 6
122 9
122 10
122 12
122 13
122 18
122 21
122 28
122 30
122 33
122 35
122 38
122 39
122 41
122 42
122 47
122 49
122 51
122 53
122 56
122 63
122 67
122 73
122 74
122 76
122 81
122 83
122 85
122 86
122 87
122 90
122 94
122 95
122 96
122 97
122 101
122 104
122 105
122 107
122 111
122 112
122 116
122 119
122 122
122 126
122 127
123 0
123 3
123 4
123 5
123 7
123 14
123 16
123 17
123 18
123 26
123 30
123 31
123 32
123 39
123 45
123 47
123 50
123 51
123 55
123 56
123 61
123 63
123 64
123 68
123 74
123 79
123 83
123 84
123 89
123 90
123 93
123 95
123 96
123 99
123 101
123 108
123 109
123 112
123 114
123 117
123 120
123 121
123 126
124 3
124 6
124 7
124 10
124 14
124 15
124 18
124 26
124 28
124 29
124 31
124 32
124 34
124 37
124 38
124 42
124 46
124 49
124 50
124 53
124 54
124 56
124 58
124 59
124 60
124 62
124 63
124 65
124 69
124 71
124 72
124 73
124 75
124 77
124 81
124 82
124 84
124 85
124 94
124 98
124 99
124 101
124 104
124 105
124 113
124 116
124 117
124 118
124 119
124 120
124 121
124 122
124 123
124 125
125 3
125 4
125 8
125 12
125 14
125 19
125 21
125 22
125 28
125 30
125 31
125 33
125 38
125 39
125 41
125 43
125 44
125 46
125 47
125 48
125 49
125 50
125 51
125 54
125 56
125 57
125 58
125 59
125 66
125 67
125 68
125 70
125 73
125 75
125 77
125 78
125 87
125 95
125 96
125 98
125 102
125 109
125 111
125 115
125 117
126 0
126 4
126 7
126 8
126 11
126 13
126 14
126 17
126 18
126 21
126 23
126 24
126 26
126 27
126 30
126 33
126 41
126 42
126 44
126 46
126 47
126 52
126 53
126 59
126 62
126 63
126 64
126 65
126 66
126 69
126 73
126 79
126 80
126 81
126 82
126 83
126 87
126 88
126 90
126 92
126 93
126 94
126 96
126 100
126 102
126 103
126 105
126 110
126 112
126 113
126 115
126 118
126 121
126 125
126 126
127 0
127 3
127 6
127 9
127 13
127 15
127 17
127 22
127 26
127 27
127 30
127 36
127 38
127 41
127 42
127 43
127 45
127 49
127 50
127 51
127 52
127 58
127 61
127 63
127 65
127 68
127 74
127 77
127 79
127 80
127 86
127 87
127 88
127 94
127 95
127 97
127 98
127 109
127 110
127 112
127 113
127 123
127 126
