0 5
0 30
0 33
0 46
0 61
0 82
0 104
0 107
0 127
1 43
1 47
1 50
1 60
1 84
1 87
1 96
1 99
1 108
1 111
1 116
1 118
1 126
2 7
2 9
2 21
2 26
2 33
2 42
2 45
2 57
2 62
2 71
2 72
2 87
2 101
2 110
2 113
2 116
3 2
3 8
3 21
3 23
3 25
3 36
3 50
3 51
3 70
3 72
3 81
3 107
4 7
4 23
4 25
4 34
4 36
4 37
4 39
4 44
4 51
4 62
4 67
4 83
4 100
5 1
5 12
5 31
5 37
5 43
5 63
5 73
5 78
5 84
5 85
5 86
5 93
5 97
5 112
5 116
5 119
5 120
5 126
6 9
6 27
6 33
6 47
6 61
6 62
6 78
6 84
6 91
6 93
6 103
6 116
6 121
7 10
7 25
7 51
7 52
7 76
7 86
7 107
7 124
7 125
8 10
8 29
8 79
8 104
8 107
8 115
9 11
9 28
9 32
9 35
9 42
9 60
9 67
9 76
9 81
9 87
10 24
10 26
10 33
10 34
10 40
10 45
10 49
10 64
10 72
10 75
10 89
10 92
10 103
10 111
10 114
11 1
11 3
11 5
11 18
11 20
11 28
11 34
11 43
11 46
11 58
11 77
11 99
11 110
11 117
12 2
12 8
12 10
12 19
12 20
12 22
12 23
12 30
12 48
12 49
12 57
12 74
12 93
12 94
12 100
12 102
12 105
13 4
13 5
13 22
13 24
13 27
13 44
13 45
13 52
13 87
13 95
13 120
14 0
14 3
14 28
14 47
14 65
14 66
14 67
14 100
14 109
14 122
14 126
15 1
15 19
15 32
15 39
15 55
15 59
15 60
15 65
15 67
15 70
15 72
15 73
15 77
15 93
15 99
15 105
15 108
15 111
15 117
16 13
16 23
16 31
16 50
16 60
16 66
16 68
16 70
16 73
16 89
16 90
16 93
16 94
16 101
16 115
17 8
17 29
17 30
17 34
17 39
17 40
17 47
17 51
17 63
17 68
17 76
17 87
17 93
17 106
17 120
17 125
17 127
18 4
18 5
18 19
18 58
18 63
18 79
18 85
18 98
18 106
18 108
18 115
18 126
19 10
19 16
19 22
19 38
19 41
19 53
19 54
19 63
19 73
19 75
19 78
19 80
19 83
19 108
19 110
19 119
19 125
19 127
20 3
20 16
20 23
20 38
20 48
20 50
20 63
20 79
20 87
20 105
20 109
20 119
21 12
21 22
21 24
21 42
21 43
21 47
21 48
21 69
21 94
21 110
21 112
22 0
22 10
22 17
22 24
22 25
22 28
22 31
22 36
22 37
22 46
22 59
22 60
22 64
22 65
22 68
22 72
22 76
22 78
22 98
22 103
22 106
22 112
22 113
22 117
22 123
22 124
23 7
23 9
23 15
23 41
23 60
23 62
23 68
23 69
23 77
23 79
23 88
23 106
23 112
23 121
24 15
24 21
24 66
24 77
24 95
24 106
24 115
25 1
25 9
25 22
25 39
25 47
25 49
25 54
25 61
25 67
25 90
25 91
25 95
25 102
25 104
25 124
26 6
26 29
26 60
26 78
26 80
26 87
26 90
26 98
26 99
26 107
26 108
27 2
27 9
27 10
27 17
27 20
27 48
27 50
27 71
27 81
27 82
27 98
27 102
27 124
28 34
28 47
28 58
28 64
28 71
28 75
28 79
28 80
28 105
28 122
28 124
29 2
29 3
29 6
29 39
29 51
30 4
30 14
30 31
30 36
30 41
30 42
30 82
30 83
30 109
30 121
30 126
31 5
31 16
31 23
31 30
31 32
31 37
31 45
31 54
31 79
31 94
31 96
31 102
31 112
31 127
32 4
32 8
32 9
32 21
32 24
32 25
32 38
32 41
32 50
32 69
32 71
32 73
32 74
32 81
32 106
32 114
32 115
32 123
33 5
33 6
33 16
33 19
33 25
33 33
33 51
33 58
33 76
33 82
33 91
33 107
33 116
33 125
34 0
34 1
34 32
34 37
34 42
34 51
34 53
34 76
34 83
34 112
34 114
35 9
35 12
35 13
35 29
35 32
35 53
35 55
35 74
35 80
35 91
35 92
35 112
35 114
35 115
36 6
36 11
36 17
36 21
36 22
36 44
36 47
36 50
36 54
36 75
36 84
36 103
36 114
36 117
37 8
37 9
37 21
37 26
37 39
37 75
37 77
37 80
37 83
37 85
37 86
37 110
37 113
37 116
38 5
38 8
38 10
38 11
38 20
38 48
38 50
38 52
38 58
38 65
38 71
38 79
38 99
38 118
39 1
39 7
39 14
39 35
39 38
39 60
39 78
39 86
39 98
39 99
39 106
39 117
39 120
39 125
39 126
40 14
40 15
40 39
40 46
40 53
40 56
40 57
40 60
40 64
40 70
40 79
40 103
40 110
41 0
41 5
41 6
41 8
41 19
41 31
41 42
41 56
41 61
41 63
41 64
41 89
41 94
41 108
41 113
41 124
42 2
42 24
42 60
42 62
42 66
42 71
42 75
42 79
42 84
42 88
42 91
42 93
42 97
42 98
42 102
42 110
42 116
43 3
43 22
43 33
43 47
43 53
43 72
43 94
43 99
43 100
43 101
43 105
43 112
43 117
44 36
44 39
44 43
44 47
44 53
44 72
44 83
44 89
44 90
44 110
44 127
45 2
45 12
45 25
45 63
45 75
45 79
45 82
45 84
45 120
45 126
46 3
46 12
46 20
46 27
46 29
46 48
46 51
46 70
46 86
46 92
46 106
46 111
46 114
46 127
47 3
47 32
47 36
47 45
47 46
47 52
47 73
47 80
47 85
47 96
47 115
47 123
48 0
48 21
48 22
48 51
48 53
48 64
48 74
48 81
48 86
48 91
48 92
48 99
48 107
49 7
49 12
49 15
49 17
49 25
49 27
49 28
49 32
49 53
49 56
49 58
49 71
49 86
49 92
49 98
49 101
49 103
49 120
50 0
50 9
50 27
50 32
50 42
50 55
50 77
50 103
50 107
51 30
51 38
51 57
51 60
51 69
51 70
51 73
51 80
51 86
51 88
51 106
51 114
52 2
52 6
52 17
52 27
52 52
52 69
52 86
52 91
52 97
52 99
52 103
52 108
52 112
52 113
52 115
53 3
53 21
53 50
53 66
53 87
53 100
53 101
53 110
53 121
54 5
54 22
54 33
54 35
54 39
54 74
54 83
54 85
54 102
54 114
55 0
55 23
55 29
55 34
55 35
55 38
55 43
55 51
55 55
55 56
55 91
55 101
55 105
55 112
55 126
56 12
56 15
56 21
56 24
56 55
56 65
56 67
56 105
56 109
56 119
56 125
57 17
57 21
57 23
57 44
57 54
57 73
57 76
57 80
57 81
57 84
57 86
57 119
57 127
58 16
58 27
58 45
58 53
58 61
58 62
58 67
58 69
58 80
58 93
59 4
59 9
59 10
59 17
59 49
59 57
59 77
59 78
59 84
59 92
59 102
59 126
60 3
60 12
60 35
60 37
60 43
60 56
60 59
60 69
60 79
60 89
60 103
60 110
60 111
60 120
60 123
60 127
61 11
61 20
61 25
61 26
61 31
61 36
61 53
61 58
61 76
61 84
61 116
61 117
61 121
61 124
62 1
62 7
62 18
62 42
62 47
62 57
62 61
62 75
62 88
62 89
62 90
62 118
62 120
63 3
63 4
63 20
63 32
63 53
63 54
63 56
63 58
63 63
63 71
63 74
63 76
63 90
63 118
64 17
64 29
64 33
64 46
64 53
64 55
64 82
64 98
64 109
64 116
65 17
65 26
65 57
65 59
65 62
65 78
65 83
65 93
65 94
65 95
65 97
65 104
65 109
66 7
66 25
66 55
66 91
66 97
66 103
66 112
66 115
66 120
67 7
67 8
67 18
67 22
67 35
67 36
67 48
67 54
67 60
67 64
67 73
67 74
67 87
67 91
67 106
67 111
67 120
67 126
68 4
68 11
68 19
68 23
68 25
68 32
68 33
68 45
68 54
68 57
68 60
68 63
68 80
68 93
68 105
68 106
68 113
68 126
69 28
69 46
69 52
69 64
69 67
69 75
69 77
69 97
69 101
69 104
69 105
69 123
70 13
70 15
70 19
70 32
70 38
70 42
70 44
70 46
70 56
70 57
70 66
70 72
70 77
70 99
70 112
71 5
71 9
71 16
71 19
71 26
71 29
71 33
71 38
71 41
71 55
71 62
71 74
71 91
71 95
71 122
71 124
71 125
71 126
72 44
72 55
72 57
72 71
72 92
72 94
72 103
72 109
72 119
72 120
72 124
72 125
73 10
73 22
73 24
73 41
73 56
73 67
73 80
73 86
73 100
73 101
74 16
74 62
74 96
74 102
75 14
75 18
75 44
75 48
75 50
75 55
75 84
75 97
75 100
75 103
75 107
75 115
75 116
75 124
76 4
76 27
76 37
76 46
76 47
76 48
76 51
76 58
76 70
76 73
76 92
76 105
76 112
77 10
77 11
77 20
77 29
77 38
77 41
77 45
77 54
77 65
77 107
77 123
78 3
78 22
78 36
78 53
78 57
78 58
78 59
78 61
78 110
78 113
79 9
79 12
79 29
79 35
79 46
79 47
79 56
79 58
79 63
79 71
79 86
79 89
79 109
79 117
79 124
80 3
80 10
80 35
80 41
80 52
80 53
80 88
80 99
80 100
80 102
80 117
80 119
80 125
81 12
81 22
81 33
81 34
81 86
81 91
81 110
81 118
81 126
82 5
82 26
82 28
82 41
82 43
82 45
82 47
82 56
82 65
82 72
82 77
82 80
82 92
83 4
83 5
83 18
83 27
83 28
83 34
83 42
83 43
83 49
83 51
83 60
83 62
83 71
83 72
83 89
83 99
83 103
83 104
83 117
83 127
84 2
84 3
84 7
84 23
84 33
84 38
84 47
84 54
84 81
84 83
84 86
84 90
84 108
84 120
84 125
84 126
85 13
85 22
85 45
85 63
85 64
85 83
85 92
85 99
85 104
85 105
85 115
86 11
86 13
86 24
86 28
86 29
86 30
86 47
86 63
86 74
86 80
86 97
86 98
86 120
87 3
87 11
87 12
87 34
87 38
87 49
87 50
87 65
87 67
87 85
87 103
87 113
87 116
87 117
87 121
87 123
87 126
88 24
88 57
88 60
88 61
88 65
88 76
88 86
88 92
88 106
88 119
89 13
89 27
89 40
89 42
89 50
89 90
89 114
89 116
90 19
90 49
90 57
90 58
90 81
90 83
90 95
90 97
91 11
91 18
91 35
91 41
91 54
91 95
91 99
91 106
91 110
92 20
92 39
92 51
92 55
92 75
92 78
92 79
92 88
92 90
92 94
92 102
92 111
92 119
93 8
93 9
93 27
93 35
93 45
93 67
93 69
93 71
93 84
93 109
93 124
93 127
94 4
94 12
94 16
94 20
94 21
94 35
94 37
94 77
94 87
94 110
94 112
94 114
94 119
94 121
94 123
95 34
95 43
95 46
95 49
95 54
95 65
95 103
95 108
95 109
95 116
95 117
95 118
96 18
96 39
96 68
96 81
96 97
96 102
96 119
96 120
96 124
97 3
97 22
97 26
97 34
97 52
97 69
97 73
97 75
97 77
97 93
97 94
97 96
97 106
97 126
98 5
98 19
98 25
98 28
98 41
98 45
98 53
98 56
98 59
98 64
98 79
98 84
98 92
98 94
98 103
98 105
98 107
98 110
98 125
99 15
99 16
99 19
99 26
99 30
99 33
99 43
99 46
99 57
99 67
99 99
99 109
100 8
100 9
100 25
100 27
100 34
100 41
100 46
100 68
100 70
100 71
100 72
100 78
100 85
100 120
101 38
101 55
101 71
101 89
101 107
101 115
102 2
102 16
102 21
102 25
102 41
102 49
102 58
102 65
102 67
102 72
102 79
102 83
102 86
102 120
102 122
103 4
103 5
103 7
103 9
103 22
103 23
103 26
103 35
103 41
103 60
103 69
103 79
103 85
103 98
103 103
103 112
103 115
103 125
104 4
104 46
104 71
104 80
104 91
104 105
104 114
104 117
104 127
105 30
105 46
105 55
105 66
105 70
105 74
105 77
105 91
105 105
105 115
105 119
106 0
106 38
106 43
106 47
106 58
106 72
107 4
107 10
107 16
107 20
107 24
107 31
107 40
107 47
107 54
107 55
107 69
107 86
107 89
107 118
108 7
108 20
108 36
108 47
108 54
108 57
108 64
108 69
108 102
109 2
109 8
109 31
109 36
109 38
109 47
109 74
109 83
109 98
109 122
110 12
110 15
110 23
110 26
110 29
110 35
110 46
110 53
110 60
110 71
110 92
110 113
110 118
111 2
111 6
111 23
111 25
111 30
111 47
111 58
111 59
111 73
111 93
111 104
111 110
111 118
112 2
112 7
112 11
112 14
112 25
112 33
112 39
112 41
112 45
112 57
112 77
112 81
112 106
112 115
112 119
113 7
113 8
113 12
113 14
113 18
113 57
113 66
113 106
113 118
113 127
114 0
114 9
114 11
114 17
114 30
114 44
114 51
114 53
114 87
114 104
114 113
114 117
115 0
115 7
115 10
115 11
115 12
115 44
115 58
115 93
115 99
115 106
115 110
115 121
116 38
116 41
116 71
116 74
116 80
116 85
116 92
117 12
117 14
117 21
117 22
117 26
117 30
117 35
117 50
117 52
117 53
117 56
117 62
117 85
117 90
117 101
117 103
117 107
117 117
117 124
117 126
118 16
118 29
118 38
118 40
118 49
118 59
118 64
118 84
118 92
118 100
118 101
118 110
118 111
118 115
118 119
119 13
119 41
119 56
119 63
119 66
119 70
119 72
119 74
119 84
120 7
120 10
120 16
120 19
120 22
120 32
120 50
120 52
120 59
120 64
120 67
120 70
120 75
120 94
120 95
120 113
120 121
120 122
120 126
121 13
121 27
121 28
121 44
121 53
121 57
121 59
121 68
121 70
121 74
121 102
121 119
122 14
122 21
122 42
122 43
122 58
122 75
122 78
122 100
122 115
122 116
123 11
123 12
123 13
123 25
123 33
123 42
123 69
123 76
123 88
123 89
123 108
123 122
123 125
124 21
124 22
124 29
124 34
124 50
124 64
124 73
124 76
124 77
124 90
124 104
124 117
124 119
124 120
124 123
125 0
125 10
125 12
125 37
125 43
125 49
125 50
125 67
125 78
125 91
125 127
126 12
126 26
126 33
126 36
126 47
126 66
126 83
126 96
126 110
126 111
126 112
126 119
127 8
127 11
127 31
127 36
127 48
127 52
127 71
127 75
127 77
127 85
127 122
