0 6
0 7
0 13
0 14
0 17
0 28
0 43
0 47
0 49
0 59
0 61
0 62
0 65
0 77
0 80
0 82
0 104
0 109
0 118
1 0
1 7
1 19
1 22
1 33
1 37
1 39
1 61
1 62
1 68
1 73
1 74
1 79
1 82
1 86
1 95
1 96
1 100
1 101
1 104
1 106
1 111
1 120
1 122
2 3
2 11
2 13
2 29
2 36
2 45
2 51
2 57
2 60
2 61
2 91
2 97
2 101
2 113
2 114
2 121
2 124
3 0
3 7
3 12
3 28
3 40
3 49
3 54
3 59
3 62
3 71
3 72
3 77
3 80
3 86
3 89
3 91
3 94
3 106
3 115
3 123
4 8
4 21
4 24
4 29
4 38
4 41
4 43
4 48
4 62
4 69
4 70
4 94
4 104
4 106
4 110
4 114
4 116
4 121
4 125
5 5
5 8
5 15
5 20
5 27
5 29
5 31
5 37
5 42
5 48
5 49
5 50
5 52
5 53
5 66
5 73
5 77
5 86
5 90
5 94
5 101
5 110
5 114
5 119
6 2
6 5
6 9
6 17
6 25
6 26
6 32
6 38
6 39
6 41
6 47
6 50
6 64
6 77
6 94
6 98
6 109
6 110
6 111
6 113
6 117
6 119
6 125
7 10
7 15
7 26
7 27
7 48
7 51
7 59
7 64
7 70
7 71
7 74
7 79
7 82
7 86
7 90
7 91
7 92
7 94
7 98
7 99
7 104
7 115
7 125
8 3
8 4
8 18
8 28
8 40
8 54
8 58
8 59
8 60
8 74
8 84
8 85
8 86
8 92
8 106
8 117
9 3
9 20
9 21
9 25
9 43
9 44
9 46
9 74
9 76
9 80
9 85
9 89
9 112
9 113
10 9
10 14
10 18
10 23
10 33
10 34
10 35
10 37
10 55
10 79
10 100
10 101
10 116
10 117
10 124
11 1
11 12
11 15
11 17
11 50
11 60
11 66
11 68
11 76
11 95
11 102
11 105
11 115
11 118
11 120
11 125
12 6
12 26
12 31
12 34
12 37
12 43
12 50
12 54
12 55
12 57
12 73
12 86
12 87
12 90
12 94
12 96
12 108
12 127
13 6
13 9
13 12
13 23
13 25
13 27
13 51
13 56
13 69
13 83
13 91
13 97
13 104
13 105
13 113
13 117
13 118
13 119
13 121
14 0
14 4
14 7
14 23
14 41
14 45
14 47
14 52
14 58
14 59
14 68
14 70
14 72
14 73
14 89
14 93
14 108
14 127
15 0
15 4
15 11
15 24
15 30
15 37
15 40
15 41
15 43
15 47
15 50
15 55
15 76
15 77
15 79
15 86
15 87
15 99
15 100
15 101
15 107
15 115
15 120
15 126
16 18
16 22
16 26
16 33
16 37
16 47
16 49
16 59
16 68
16 70
16 84
16 86
16 87
16 123
17 0
17 2
17 4
17 7
17 14
17 27
17 31
17 32
17 33
17 37
17 38
17 41
17 57
17 59
17 60
17 63
17 65
17 74
17 75
17 77
17 78
17 83
17 84
17 91
17 93
17 101
17 108
17 114
17 115
17 120
18 1
18 2
18 3
18 16
18 19
18 26
18 29
18 36
18 42
18 48
18 53
18 64
18 67
18 79
18 82
18 89
18 90
18 94
18 121
18 125
19 19
19 26
19 41
19 44
19 52
19 61
19 68
19 74
19 80
19 81
19 84
19 93
19 94
19 95
19 99
19 107
19 115
19 117
20 27
20 35
20 36
20 38
20 45
20 49
20 68
20 91
20 95
20 97
20 100
20 101
20 106
20 108
20 111
20 114
20 115
20 124
20 126
21 10
21 12
21 16
21 19
21 23
21 25
21 35
21 39
21 41
21 47
21 61
21 62
21 63
21 74
21 75
21 81
21 85
21 91
21 93
21 96
21 100
21 109
21 110
21 120
22 5
22 6
22 17
22 28
22 29
22 35
22 61
22 67
22 68
22 76
22 84
22 87
22 88
22 94
22 95
22 101
22 119
22 124
23 9
23 18
23 20
23 26
23 38
23 47
23 52
23 58
23 59
23 67
23 82
23 90
23 113
23 116
23 124
23 125
24 1
24 5
24 13
24 14
24 35
24 44
24 52
24 53
24 60
24 69
24 70
24 75
24 78
24 85
24 87
24 92
24 100
24 117
24 119
24 121
24 122
24 123
24 124
25 2
25 4
25 13
25 22
25 23
25 29
25 38
25 53
25 61
25 71
25 78
25 88
25 96
25 98
25 100
25 102
25 106
25 110
25 112
25 115
25 119
25 120
25 122
26 0
26 7
26 12
26 14
26 17
26 30
26 34
26 36
26 43
26 44
26 47
26 67
26 91
26 96
26 98
26 103
26 108
27 3
27 18
27 26
27 33
27 34
27 36
27 47
27 48
27 49
27 54
27 69
27 71
27 73
27 79
27 83
27 91
27 106
28 4
28 5
28 6
28 10
28 40
28 49
28 68
28 70
28 73
28 81
28 86
28 96
28 103
28 104
28 106
28 111
29 0
29 26
29 35
29 46
29 49
29 54
29 60
29 61
29 65
29 79
29 82
29 85
29 93
29 107
29 112
29 116
30 3
30 7
30 15
30 22
30 39
30 43
30 48
30 49
30 69
30 72
30 84
30 88
30 96
30 115
30 117
30 119
30 125
31 3
31 12
31 20
31 21
31 41
31 42
31 43
31 45
31 52
31 71
31 73
31 88
31 96
31 110
31 112
31 122
31 126
32 2
32 5
32 6
32 31
32 41
32 42
32 47
32 49
32 50
32 52
32 72
32 74
32 75
32 77
32 81
32 86
32 96
32 97
32 103
32 110
32 113
32 119
32 125
33 0
33 5
33 6
33 8
33 17
33 20
33 23
33 31
33 33
33 38
33 39
33 54
33 77
33 80
33 89
33 94
33 98
33 100
33 102
33 111
33 114
33 127
34 7
34 25
34 32
34 33
34 34
34 43
34 54
34 55
34 56
34 60
34 67
34 75
34 76
34 94
34 97
34 99
34 119
35 3
35 7
35 13
35 18
35 26
35 34
35 39
35 44
35 54
35 55
35 57
35 61
35 72
35 74
35 82
35 92
35 105
35 115
35 123
36 13
36 14
36 31
36 39
36 52
36 54
36 62
36 64
36 70
36 78
36 86
36 99
37 1
37 8
37 13
37 17
37 19
37 22
37 28
37 29
37 33
37 34
37 40
37 53
37 56
37 58
37 59
37 62
37 64
37 69
37 70
37 73
37 74
37 92
37 98
37 100
37 102
37 103
37 119
37 120
38 0
38 2
38 11
38 21
38 37
38 38
38 40
38 43
38 47
38 59
38 60
38 67
38 87
38 91
38 99
38 102
38 114
38 119
38 121
38 124
39 11
39 14
39 15
39 18
39 23
39 26
39 27
39 29
39 31
39 32
39 40
39 48
39 49
39 53
39 62
39 77
39 119
39 122
40 2
40 4
40 5
40 10
40 19
40 24
40 41
40 55
40 76
40 92
40 105
40 121
41 1
41 4
41 10
41 13
41 16
41 30
41 36
41 41
41 60
41 61
41 62
41 69
41 76
41 82
41 83
41 97
41 99
41 100
41 107
41 109
41 119
41 122
42 0
42 2
42 17
42 18
42 23
42 31
42 34
42 52
42 72
42 83
42 85
42 90
42 98
42 105
42 112
42 114
42 123
42 125
43 5
43 16
43 19
43 29
43 31
43 37
43 39
43 54
43 57
43 58
43 60
43 66
43 73
43 74
43 107
43 112
43 123
44 21
44 23
44 28
44 30
44 31
44 32
44 38
44 44
44 48
44 50
44 65
44 85
44 95
44 101
44 103
44 107
44 109
44 111
45 2
45 10
45 16
45 28
45 38
45 40
45 43
45 52
45 58
45 63
45 72
45 75
45 88
45 110
45 114
45 120
45 122
45 123
46 7
46 20
46 22
46 29
46 37
46 40
46 41
46 43
46 46
46 48
46 61
46 72
46 73
46 80
46 81
46 92
46 94
46 96
46 110
46 111
46 115
46 118
46 125
47 1
47 6
47 9
47 20
47 24
47 26
47 49
47 53
47 61
47 63
47 67
47 74
47 76
47 87
47 89
47 92
47 94
47 100
47 101
47 112
47 120
47 124
48 4
48 12
48 18
48 34
48 36
48 40
48 41
48 48
48 60
48 66
48 75
48 76
48 79
48 90
48 106
48 107
48 116
48 118
48 127
49 14
49 32
49 41
49 42
49 51
49 52
49 69
49 80
49 86
49 90
49 95
49 98
49 102
49 106
49 107
49 123
50 1
50 20
50 37
50 42
50 47
50 54
50 64
50 66
50 72
50 78
50 88
50 93
50 95
50 107
50 110
50 112
51 21
51 30
51 35
51 36
51 45
51 51
51 60
51 68
51 75
51 85
51 86
51 93
51 94
51 96
51 98
51 116
51 118
51 126
52 1
52 5
52 10
52 13
52 19
52 28
52 31
52 36
52 63
52 64
52 68
52 70
52 79
52 93
52 103
52 107
52 110
52 117
52 120
53 1
53 10
53 11
53 15
53 16
53 17
53 30
53 46
53 51
53 54
53 56
53 61
53 63
53 82
53 97
53 101
53 102
53 105
53 109
53 110
53 111
53 118
54 6
54 11
54 27
54 35
54 39
54 44
54 46
54 60
54 67
54 69
54 83
54 85
54 87
54 94
54 98
54 100
54 103
54 105
54 109
54 110
54 117
54 119
55 7
55 23
55 24
55 25
55 34
55 40
55 45
55 46
55 51
55 58
55 60
55 67
55 75
55 76
55 78
55 98
55 106
55 118
55 124
56 11
56 13
56 18
56 20
56 25
56 32
56 41
56 53
56 57
56 66
56 68
56 78
56 101
56 103
56 115
56 122
56 123
57 7
57 9
57 16
57 19
57 30
57 32
57 57
57 59
57 60
57 62
57 67
57 73
57 75
57 76
57 78
57 105
57 109
57 126
58 8
58 13
58 15
58 24
58 28
58 33
58 36
58 38
58 40
58 52
58 54
58 58
58 64
58 65
58 71
58 78
58 82
58 94
58 98
58 103
58 109
58 120
58 122
59 0
59 16
59 18
59 23
59 38
59 41
59 42
59 44
59 48
59 54
59 58
59 74
59 76
59 83
59 91
59 93
59 96
59 99
59 100
59 108
59 115
60 5
60 12
60 18
60 19
60 22
60 26
60 44
60 47
60 62
60 72
60 78
60 80
60 81
60 99
60 120
60 122
60 125
61 7
61 10
61 22
61 24
61 39
61 40
61 51
61 64
61 65
61 68
61 72
61 83
61 85
61 91
61 94
61 103
61 108
61 125
62 7
62 18
62 25
62 32
62 35
62 37
62 39
62 44
62 63
62 69
62 79
62 83
62 86
62 91
62 102
63 1
63 11
63 15
63 45
63 56
63 61
63 64
63 73
63 74
63 79
63 94
63 103
63 110
63 124
64 3
64 4
64 5
64 8
64 9
64 13
64 17
64 20
64 52
64 53
64 75
64 76
64 79
64 84
64 109
64 110
64 114
64 120
64 127
65 9
65 10
65 35
65 52
65 58
65 65
65 66
65 77
65 79
65 80
65 86
65 90
65 97
65 105
65 106
65 114
65 118
65 121
66 25
66 34
66 41
66 49
66 53
66 61
66 64
66 95
66 117
66 121
67 0
67 4
67 7
67 8
67 10
67 28
67 34
67 39
67 45
67 51
67 58
67 60
67 65
67 66
67 71
67 75
67 85
67 101
67 120
67 125
68 1
68 17
68 18
68 43
68 47
68 49
68 50
68 56
68 61
68 63
68 64
68 69
68 71
68 72
68 74
68 81
68 86
68 91
68 93
68 95
68 102
68 109
68 118
68 123
68 127
69 2
69 10
69 13
69 28
69 30
69 50
69 54
69 58
69 64
69 70
69 71
69 87
69 91
69 92
69 97
69 106
69 108
69 117
70 1
70 3
70 6
70 7
70 8
70 9
70 15
70 23
70 27
70 33
70 40
70 54
70 56
70 60
70 83
70 87
70 92
70 101
70 114
70 122
71 0
71 7
71 11
71 22
71 33
71 47
71 54
71 60
71 65
71 71
71 72
71 78
71 90
71 94
71 95
71 126
71 127
72 14
72 24
72 26
72 46
72 54
72 64
72 67
72 70
72 74
72 77
72 78
72 103
72 106
72 113
72 121
73 0
73 3
73 8
73 9
73 12
73 18
73 24
73 28
73 59
73 61
73 63
73 66
73 73
73 81
73 88
73 94
73 95
73 98
73 104
73 114
73 117
73 120
74 15
74 18
74 21
74 25
74 37
74 41
74 50
74 64
74 70
74 84
74 85
74 96
74 104
74 105
74 108
74 109
74 117
74 119
75 6
75 11
75 15
75 21
75 29
75 39
75 43
75 44
75 59
75 61
75 68
75 72
75 73
75 76
75 87
75 95
75 96
75 98
75 101
75 110
75 116
75 121
75 122
76 0
76 2
76 7
76 8
76 23
76 25
76 27
76 29
76 36
76 38
76 44
76 48
76 51
76 52
76 81
76 83
76 96
76 108
76 117
76 118
77 2
77 8
77 9
77 10
77 14
77 18
77 24
77 37
77 40
77 47
77 50
77 66
77 67
77 71
77 74
77 85
77 88
77 94
77 97
77 108
77 109
77 121
78 2
78 14
78 17
78 18
78 23
78 28
78 29
78 51
78 54
78 56
78 62
78 68
78 71
78 77
78 79
78 82
78 83
78 86
78 88
78 89
78 100
78 103
78 104
78 107
78 115
78 122
79 2
79 10
79 19
79 28
79 29
79 31
79 38
79 45
79 49
79 59
79 66
79 73
79 75
79 81
79 94
79 107
79 115
79 119
79 121
79 122
80 2
80 4
80 15
80 30
80 31
80 36
80 46
80 56
80 71
80 73
80 79
80 82
80 86
80 123
80 125
81 0
81 15
81 17
81 22
81 27
81 38
81 39
81 40
81 41
81 47
81 56
81 57
81 64
81 68
81 69
81 72
81 73
81 75
81 80
81 86
81 95
81 99
81 107
81 117
81 120
82 0
82 3
82 29
82 33
82 39
82 45
82 49
82 53
82 62
82 68
82 82
82 85
82 89
82 92
82 93
82 100
82 101
82 110
82 113
82 119
82 121
82 125
82 126
83 0
83 1
83 3
83 5
83 7
83 13
83 19
83 21
83 25
83 30
83 31
83 32
83 37
83 38
83 39
83 43
83 45
83 55
83 62
83 68
83 82
83 84
83 86
83 105
83 108
83 118
83 125
83 126
84 8
84 10
84 25
84 38
84 64
84 65
84 81
84 84
84 97
84 113
84 116
84 126
85 25
85 27
85 35
85 42
85 48
85 58
85 65
85 68
85 69
85 76
85 80
85 85
85 87
85 88
85 94
85 99
85 105
85 114
85 116
85 122
86 25
86 27
86 33
86 37
86 51
86 54
86 55
86 62
86 66
86 71
86 80
86 85
86 87
86 99
86 103
86 105
86 108
86 110
86 113
86 124
86 126
86 127
87 30
87 39
87 41
87 57
87 64
87 71
87 80
87 81
87 88
87 97
87 104
87 111
87 112
87 123
87 124
88 14
88 15
88 25
88 28
88 31
88 47
88 48
88 56
88 61
88 62
88 75
88 76
88 86
88 92
88 93
88 105
88 112
88 113
88 118
88 119
88 126
89 3
89 18
89 38
89 41
89 43
89 46
89 48
89 49
89 57
89 59
89 63
89 65
89 85
89 87
89 88
89 91
89 92
89 104
89 112
89 113
89 119
90 0
90 10
90 19
90 21
90 22
90 27
90 35
90 41
90 43
90 58
90 59
90 68
90 72
90 73
90 74
90 88
90 92
90 96
90 100
90 106
90 112
91 8
91 17
91 26
91 34
91 36
91 39
91 41
91 45
91 71
91 73
91 76
91 95
91 98
91 100
91 101
91 107
91 113
91 115
91 116
91 118
91 123
92 5
92 6
92 19
92 23
92 25
92 33
92 40
92 41
92 47
92 60
92 61
92 77
92 81
92 86
92 106
92 111
93 6
93 12
93 14
93 16
93 22
93 23
93 25
93 29
93 40
93 55
93 65
93 66
93 81
93 86
93 97
93 118
93 123
93 125
94 4
94 16
94 20
94 21
94 23
94 26
94 32
94 40
94 41
94 46
94 49
94 58
94 69
94 87
94 93
94 94
94 95
94 96
94 99
94 100
94 105
94 111
94 120
94 124
95 0
95 10
95 16
95 21
95 27
95 28
95 33
95 49
95 62
95 76
95 82
95 89
95 97
95 102
95 112
95 114
95 118
96 10
96 21
96 26
96 36
96 54
96 56
96 70
96 71
96 74
96 83
96 87
96 94
96 101
96 112
96 115
97 3
97 4
97 7
97 8
97 25
97 31
97 39
97 55
97 86
97 98
97 101
97 102
97 108
97 124
98 1
98 16
98 21
98 24
98 32
98 44
98 49
98 52
98 57
98 63
98 94
98 103
98 104
98 107
98 108
98 109
98 111
98 114
98 116
98 124
99 22
99 26
99 28
99 53
99 54
99 58
99 61
99 63
99 73
99 74
99 84
99 112
99 124
100 7
100 9
100 11
100 12
100 14
100 16
100 23
100 27
100 28
100 32
100 54
100 55
100 57
100 65
100 69
100 70
100 76
100 79
100 84
100 89
100 101
100 110
100 113
100 122
101 0
101 3
101 14
101 39
101 51
101 54
101 57
101 58
101 63
101 70
101 72
101 73
101 76
101 77
101 97
101 114
101 115
101 121
101 122
102 16
102 18
102 19
102 23
102 27
102 43
102 48
102 51
102 53
102 54
102 56
102 58
102 61
102 75
102 92
102 111
102 112
102 117
102 119
103 1
103 4
103 11
103 15
103 17
103 19
103 24
103 25
103 37
103 39
103 44
103 45
103 72
103 86
103 104
103 111
103 112
103 113
103 117
103 122
103 127
104 1
104 4
104 13
104 14
104 17
104 19
104 27
104 34
104 41
104 52
104 55
104 63
104 65
104 66
104 70
104 71
104 73
104 86
104 104
104 121
105 0
105 2
105 5
105 7
105 22
105 26
105 27
105 33
105 39
105 53
105 62
105 63
105 66
105 83
105 90
105 92
105 94
105 107
105 115
105 119
105 124
106 10
106 21
106 24
106 27
106 32
106 45
106 49
106 53
106 54
106 61
106 69
106 76
106 85
106 99
106 106
106 108
106 110
106 111
107 5
107 6
107 18
107 23
107 30
107 35
107 42
107 48
107 57
107 70
107 78
107 79
107 80
107 86
107 93
107 97
107 98
107 108
107 111
107 122
108 3
108 7
108 8
108 12
108 14
108 42
108 43
108 56
108 58
108 65
108 68
108 77
108 81
108 88
108 92
108 103
108 111
108 124
109 0
109 6
109 8
109 21
109 22
109 24
109 29
109 37
109 38
109 46
109 61
109 79
109 89
109 97
109 102
109 105
109 110
109 112
109 114
109 120
109 122
109 123
109 125
109 126
110 10
110 17
110 25
110 38
110 39
110 62
110 67
110 69
110 76
110 77
110 78
110 101
110 105
110 107
110 117
110 121
111 0
111 11
111 12
111 19
111 24
111 31
111 32
111 42
111 43
111 48
111 50
111 71
111 73
111 80
111 85
111 93
111 94
111 95
111 104
111 108
111 111
111 118
111 119
112 5
112 15
112 16
112 23
112 38
112 41
112 47
112 48
112 51
112 53
112 55
112 79
112 92
112 94
112 127
113 1
113 5
113 6
113 12
113 14
113 16
113 17
113 22
113 28
113 32
113 45
113 46
113 53
113 59
113 66
113 74
113 85
113 87
113 91
113 105
113 119
113 122
114 5
114 14
114 22
114 25
114 27
114 40
114 47
114 48
114 68
114 69
114 71
114 80
114 81
114 97
114 105
114 107
114 110
114 114
114 115
115 6
115 19
115 31
115 33
115 37
115 38
115 67
115 73
115 84
115 88
115 89
115 93
115 105
115 108
115 110
115 118
115 120
115 122
115 123
115 124
116 1
116 6
116 10
116 13
116 25
116 26
116 27
116 32
116 40
116 50
116 77
116 82
116 87
116 89
116 97
116 105
116 106
116 108
116 110
116 119
117 0
117 3
117 4
117 6
117 11
117 12
117 31
117 34
117 56
117 60
117 69
117 75
117 83
117 99
117 105
117 113
117 121
118 26
118 28
118 29
118 32
118 52
118 70
118 72
118 73
118 79
118 85
118 89
118 90
118 96
118 97
118 101
118 102
118 106
118 108
118 119
118 121
118 127
119 4
119 20
119 24
119 29
119 35
119 38
119 46
119 50
119 52
119 55
119 58
119 62
119 70
119 72
119 73
119 79
119 85
119 93
119 94
119 95
119 109
119 123
120 12
120 29
120 30
120 50
120 56
120 59
120 61
120 62
120 85
120 89
120 93
120 107
120 108
120 115
120 116
121 5
121 26
121 31
121 32
121 33
121 36
121 41
121 73
121 77
121 86
121 93
121 105
121 110
121 123
121 125
122 18
122 22
122 43
122 44
122 49
122 52
122 64
122 70
122 78
122 79
122 80
122 87
122 96
122 100
122 102
122 106
122 109
122 122
123 1
123 4
123 6
123 10
123 13
123 22
123 30
123 37
123 38
123 47
123 62
123 85
123 91
123 104
123 106
123 110
123 112
123 121
124 0
124 6
124 12
124 14
124 19
124 20
124 27
124 35
124 63
124 65
124 74
124 77
124 83
124 89
124 91
124 98
124 100
124 102
124 104
124 110
124 114
124 118
125 0
125 1
125 2
125 5
125 9
125 10
125 14
125 16
125 23
125 25
125 30
125 37
125 44
125 46
125 59
125 71
125 75
125 84
125 103
125 114
125 118
125 119
125 125
125 126
126 5
126 17
126 21
126 24
126 25
126 26
126 32
126 36
126 44
126 56
126 71
126 75
126 90
126 101
126 105
126 110
126 115
126 124
127 2
127 9
127 16
127 18
127 23
127 43
127 45
127 61
127 62
127 68
127 74
127 75
127 77
127 81
127 84
127 101
127 102
127 125
