0 3
0 11
0 39
0 41
0 48
0 50
0 53
0 60
0 66
0 68
0 71
0 76
0 81
0 87
0 88
0 91
0 94
0 97
0 104
0 110
0 111
0 113
0 116
0 118
0 124
1 4
1 12
1 18
1 20
1 22
1 23
1 31
1 43
1 60
1 72
1 74
1 79
1 80
1 81
1 85
1 87
1 88
1 93
1 107
1 110
1 115
1 117
2 1
2 14
2 16
2 18
2 21
2 23
2 26
2 31
2 40
2 44
2 47
2 57
2 68
2 84
2 94
2 95
2 96
2 109
3 5
3 6
3 8
3 17
3 30
3 32
3 34
3 47
3 61
3 66
3 72
3 76
3 85
3 103
3 106
3 111
3 113
3 115
3 118
4 8
4 15
4 17
4 19
4 37
4 38
4 40
4 43
4 50
4 56
4 86
4 87
4 90
4 91
4 92
4 109
4 111
4 127
5 9
5 10
5 25
5 31
5 32
5 50
5 52
5 59
5 68
5 76
5 81
5 87
5 92
5 110
5 114
5 117
5 121
5 125
6 9
6 15
6 19
6 28
6 31
6 44
6 54
6 59
6 61
6 65
6 78
6 86
6 91
6 96
6 102
6 110
6 116
6 127
7 8
7 10
7 16
7 20
7 26
7 30
7 40
7 48
7 56
7 61
7 69
7 70
7 75
7 76
7 81
7 84
7 85
7 96
7 103
7 104
7 105
7 109
7 119
7 120
8 7
8 8
8 10
8 15
8 28
8 31
8 32
8 33
8 34
8 35
8 51
8 61
8 63
8 64
8 65
8 83
8 89
8 91
8 107
8 110
8 113
8 115
8 120
8 122
8 123
8 126
9 5
9 7
9 9
9 10
9 37
9 39
9 54
9 71
9 76
9 95
9 100
9 103
9 108
9 109
9 117
10 8
10 19
10 26
10 27
10 28
10 30
10 31
10 60
10 61
10 79
10 90
10 109
10 112
10 125
11 8
11 10
11 13
11 15
11 27
11 30
11 45
11 51
11 63
11 79
11 81
11 85
11 91
11 104
11 108
11 121
12 3
12 15
12 29
12 38
12 43
12 52
12 63
12 64
12 80
12 82
12 92
12 96
12 101
12 103
12 116
12 117
12 119
13 0
13 1
13 4
13 5
13 11
13 15
13 26
13 29
13 30
13 39
13 60
13 67
13 70
13 74
13 102
13 104
13 106
13 109
13 113
13 119
13 126
14 0
14 1
14 21
14 26
14 42
14 45
14 46
14 47
14 48
14 51
14 53
14 57
14 62
14 74
14 83
14 90
14 92
14 93
14 115
14 119
14 124
14 125
15 3
15 14
15 23
15 30
15 37
15 43
15 60
15 62
15 70
15 78
15 81
15 88
15 92
15 96
15 103
15 113
15 119
15 126
16 11
16 17
16 40
16 42
16 48
16 53
16 58
16 64
16 92
16 96
16 103
16 113
16 118
16 124
16 125
16 127
17 3
17 5
17 17
17 22
17 23
17 27
17 31
17 44
17 51
17 70
17 71
17 95
17 101
17 104
17 107
17 112
17 113
17 120
17 121
17 124
17 125
18 19
18 37
18 45
18 48
18 50
18 51
18 52
18 57
18 63
18 71
18 75
18 86
18 91
18 98
18 100
18 109
18 110
18 114
18 115
19 8
19 25
19 28
19 36
19 37
19 47
19 55
19 59
19 62
19 64
19 71
19 72
19 79
19 81
19 97
19 103
19 104
19 109
19 111
19 125
20 2
20 5
20 16
20 25
20 37
20 41
20 43
20 45
20 46
20 48
20 49
20 51
20 54
20 64
20 66
20 68
20 73
20 81
20 99
20 121
20 122
20 123
21 7
21 10
21 15
21 40
21 46
21 48
21 50
21 51
21 52
21 55
21 57
21 76
21 77
21 80
21 87
21 89
21 92
21 102
21 104
21 108
21 111
21 112
21 116
21 122
21 123
21 126
22 9
22 12
22 18
22 25
22 38
22 41
22 42
22 46
22 64
22 66
22 70
22 86
22 100
22 106
22 114
22 117
22 121
22 122
23 1
23 3
23 21
23 47
23 55
23 57
23 68
23 75
23 76
23 78
23 79
23 83
23 85
23 89
23 91
23 101
23 111
23 114
23 119
23 122
24 0
24 4
24 18
24 19
24 33
24 35
24 37
24 48
24 55
24 59
24 66
24 68
24 76
24 77
24 79
24 81
24 87
24 95
24 96
24 98
24 106
24 119
24 123
25 6
25 11
25 21
25 27
25 35
25 37
25 44
25 48
25 51
25 56
25 59
25 67
25 77
25 79
25 81
25 91
25 96
25 119
25 122
26 1
26 5
26 8
26 15
26 18
26 22
26 34
26 39
26 44
26 47
26 52
26 61
26 64
26 66
26 73
26 78
26 86
26 94
26 100
26 113
26 120
26 122
26 124
27 5
27 7
27 11
27 12
27 14
27 17
27 25
27 28
27 35
27 63
27 92
27 93
27 99
27 104
27 109
27 110
27 115
27 116
27 117
28 1
28 2
28 7
28 11
28 15
28 30
28 37
28 38
28 45
28 61
28 62
28 63
28 65
28 71
28 78
28 87
28 92
28 99
28 106
28 115
28 120
28 121
28 122
29 14
29 15
29 18
29 26
29 38
29 47
29 51
29 59
29 64
29 70
29 76
29 84
29 93
29 96
29 98
29 101
29 113
29 117
29 121
29 126
30 1
30 4
30 7
30 20
30 21
30 26
30 31
30 36
30 37
30 44
30 46
30 59
30 69
30 72
30 91
30 105
30 118
31 4
31 12
31 33
31 36
31 40
31 44
31 50
31 54
31 55
31 70
31 71
31 76
31 77
31 78
31 83
31 105
31 107
31 113
31 119
32 5
32 16
32 21
32 22
32 27
32 38
32 45
32 46
32 47
32 93
32 101
32 125
33 2
33 5
33 12
33 18
33 27
33 33
33 39
33 46
33 52
33 54
33 59
33 60
33 62
33 84
33 97
33 107
33 111
33 120
33 123
33 124
34 1
34 9
34 48
34 51
34 58
34 66
34 71
34 76
34 80
34 84
34 93
34 105
34 126
34 127
35 8
35 11
35 14
35 15
35 19
35 38
35 39
35 42
35 49
35 50
35 51
35 54
35 60
35 61
35 64
35 66
35 69
35 81
35 86
35 93
35 100
35 110
35 114
35 115
35 121
36 3
36 19
36 26
36 31
36 59
36 62
36 64
36 74
36 78
36 87
36 93
36 95
36 107
36 109
36 111
36 114
36 116
37 1
37 3
37 4
37 23
37 28
37 32
37 49
37 54
37 77
37 83
37 85
37 93
37 97
37 101
37 103
37 111
37 124
37 126
38 1
38 9
38 19
38 30
38 39
38 43
38 44
38 50
38 52
38 56
38 57
38 67
38 82
38 104
38 105
38 119
38 120
38 125
39 10
39 13
39 18
39 26
39 41
39 42
39 44
39 52
39 58
39 59
39 61
39 66
39 83
39 104
39 113
39 116
39 119
39 126
40 4
40 62
40 64
40 65
40 73
40 91
40 94
40 99
40 103
40 107
40 125
41 9
41 18
41 32
41 41
41 42
41 43
41 47
41 48
41 51
41 56
41 57
41 62
41 64
41 66
41 67
41 74
41 75
41 81
41 91
41 116
41 122
41 124
42 9
42 13
42 24
42 29
42 33
42 36
42 37
42 43
42 54
42 77
42 93
42 96
42 102
42 108
42 111
42 115
42 116
42 119
42 122
43 2
43 15
43 18
43 19
43 22
43 28
43 38
43 39
43 40
43 50
43 51
43 66
43 67
43 68
43 72
43 92
43 97
43 117
43 122
43 125
44 6
44 9
44 10
44 14
44 21
44 30
44 32
44 35
44 40
44 44
44 49
44 53
44 56
44 78
44 85
44 86
44 92
44 93
44 97
44 99
44 105
44 106
44 115
45 17
45 25
45 26
45 32
45 33
45 56
45 62
45 67
45 69
45 70
45 80
45 81
45 82
45 87
45 90
45 94
45 99
45 109
45 115
45 116
45 118
46 0
46 2
46 21
46 28
46 32
46 36
46 41
46 47
46 71
46 83
46 85
46 105
46 108
46 112
46 125
47 23
47 26
47 32
47 40
47 53
47 58
47 71
47 74
47 75
47 80
47 88
47 90
47 93
47 95
47 97
47 98
47 99
47 101
47 109
48 0
48 4
48 6
48 7
48 10
48 22
48 27
48 43
48 44
48 63
48 71
48 89
48 95
48 102
48 108
48 109
48 110
48 113
48 124
48 125
49 1
49 14
49 20
49 22
49 23
49 25
49 34
49 35
49 36
49 40
49 44
49 50
49 54
49 55
49 70
49 95
49 96
49 98
49 104
49 105
49 106
49 107
49 111
49 114
49 115
49 118
49 119
50 2
50 6
50 18
50 19
50 24
50 40
50 52
50 63
50 67
50 75
50 78
50 87
50 89
50 90
50 93
50 103
50 116
51 4
51 7
51 9
51 16
51 26
51 31
51 36
51 43
51 47
51 49
51 53
51 60
51 62
51 64
51 67
51 71
51 73
51 74
51 84
51 93
51 104
51 105
51 121
51 122
52 0
52 4
52 9
52 15
52 19
52 23
52 25
52 28
52 41
52 62
52 64
52 77
52 95
52 96
52 98
52 99
52 102
52 119
52 123
52 125
53 11
53 15
53 30
53 32
53 48
53 55
53 56
53 60
53 63
53 66
53 76
53 85
53 100
53 103
53 106
53 119
53 121
53 123
53 124
54 3
54 10
54 13
54 15
54 16
54 24
54 25
54 27
54 30
54 44
54 53
54 58
54 75
54 82
54 99
54 106
54 123
54 124
55 0
55 11
55 12
55 25
55 29
55 30
55 39
55 47
55 51
55 54
55 55
55 58
55 60
55 71
55 79
55 81
55 83
55 84
55 93
55 100
55 113
55 118
56 14
56 25
56 26
56 42
56 52
56 58
56 61
56 72
56 73
56 77
56 86
56 88
56 94
56 95
56 96
56 104
57 3
57 7
57 16
57 23
57 31
57 39
57 45
57 64
57 65
57 69
57 72
57 80
57 89
57 90
57 91
57 96
57 98
57 100
57 103
57 110
57 112
57 127
58 4
58 6
58 9
58 19
58 23
58 31
58 36
58 38
58 39
58 51
58 62
58 70
58 73
58 76
58 78
58 86
58 89
58 91
58 101
58 109
58 114
58 127
59 7
59 14
59 16
59 18
59 21
59 24
59 30
59 31
59 33
59 34
59 39
59 42
59 46
59 60
59 63
59 72
59 98
59 113
59 116
59 119
59 121
59 122
59 125
59 127
60 8
60 16
60 30
60 43
60 44
60 50
60 51
60 54
60 67
60 70
60 73
60 75
60 78
60 80
60 91
60 93
60 100
60 102
60 103
60 104
60 107
60 109
60 113
60 121
60 124
60 125
60 126
61 3
61 6
61 8
61 9
61 11
61 20
61 25
61 40
61 42
61 51
61 56
61 67
61 68
61 74
61 79
61 84
61 95
61 116
61 119
61 124
62 12
62 17
62 18
62 24
62 30
62 31
62 32
62 39
62 44
62 49
62 51
62 52
62 62
62 64
62 89
62 90
62 95
62 97
62 115
62 116
62 118
63 2
63 3
63 6
63 7
63 12
63 15
63 20
63 21
63 35
63 39
63 50
63 68
63 70
63 77
63 84
63 93
63 98
63 102
63 109
63 110
64 0
64 10
64 22
64 39
64 55
64 66
64 71
64 81
64 92
64 93
64 98
64 104
64 107
64 117
65 3
65 8
65 25
65 35
65 38
65 42
65 44
65 45
65 47
65 48
65 51
65 52
65 53
65 56
65 64
65 81
65 89
65 98
65 109
65 111
65 124
66 4
66 11
66 13
66 21
66 43
66 44
66 46
66 53
66 56
66 57
66 64
66 67
66 68
66 76
66 89
66 114
66 123
67 2
67 3
67 10
67 22
67 23
67 24
67 27
67 33
67 39
67 46
67 47
67 55
67 66
67 68
67 82
67 84
67 86
67 96
67 104
67 119
67 122
67 125
68 10
68 15
68 17
68 22
68 23
68 34
68 86
68 123
69 5
69 14
69 18
69 25
69 26
69 28
69 29
69 30
69 49
69 52
69 53
69 54
69 57
69 63
69 70
69 71
69 83
69 89
69 98
69 103
70 10
70 31
70 44
70 79
70 90
70 93
70 94
70 97
70 102
70 108
70 116
70 118
70 120
70 122
71 5
71 11
71 12
71 14
71 18
71 24
71 29
71 30
71 31
71 40
71 47
71 69
71 92
71 99
71 102
71 103
71 115
71 122
71 125
72 7
72 8
72 10
72 28
72 47
72 48
72 56
72 66
72 67
72 100
72 104
72 106
72 111
72 122
72 123
73 16
73 32
73 42
73 45
73 48
73 69
73 77
73 80
73 82
73 92
73 95
73 97
73 101
73 116
73 119
73 122
73 127
74 6
74 19
74 38
74 42
74 45
74 49
74 56
74 57
74 69
74 92
74 94
74 95
74 112
74 116
74 118
74 119
75 4
75 16
75 19
75 20
75 23
75 26
75 27
75 35
75 38
75 50
75 52
75 59
75 69
75 71
75 74
75 82
75 83
75 91
75 96
75 119
75 120
75 122
76 5
76 15
76 18
76 24
76 36
76 47
76 63
76 105
76 118
76 127
77 6
77 7
77 8
77 14
77 19
77 21
77 41
77 47
77 56
77 62
77 65
77 73
77 78
77 79
77 81
77 82
77 86
77 88
77 91
77 93
77 96
77 101
77 110
77 114
77 117
78 5
78 6
78 26
78 28
78 31
78 35
78 42
78 49
78 56
78 57
78 58
78 72
78 79
78 81
78 92
78 94
78 96
78 107
78 110
78 114
78 117
78 122
78 123
78 124
79 14
79 15
79 16
79 37
79 58
79 60
79 63
79 73
79 83
79 84
79 107
79 112
79 116
79 117
79 123
80 0
80 11
80 12
80 14
80 19
80 20
80 37
80 43
80 47
80 50
80 58
80 61
80 65
80 67
80 71
80 87
80 88
80 92
80 106
80 125
81 3
81 17
81 25
81 26
81 39
81 54
81 66
81 67
81 69
81 76
81 77
81 88
81 96
81 102
81 109
81 116
81 123
82 1
82 5
82 10
82 25
82 34
82 44
82 45
82 53
82 54
82 57
82 63
82 75
82 82
82 83
82 84
82 85
82 94
82 100
82 101
82 102
82 109
82 113
82 117
83 1
83 10
83 28
83 30
83 34
83 54
83 70
83 74
83 95
83 96
83 98
83 105
83 107
83 113
83 115
83 116
83 119
84 2
84 7
84 10
84 11
84 15
84 32
84 34
84 38
84 39
84 40
84 48
84 56
84 60
84 61
84 66
84 80
84 84
84 85
84 86
84 101
84 109
84 113
84 115
85 2
85 14
85 21
85 24
85 25
85 35
85 41
85 45
85 46
85 57
85 61
85 71
85 78
85 82
85 84
85 88
85 93
85 100
85 101
85 104
85 106
85 116
86 0
86 3
86 10
86 13
86 33
86 38
86 40
86 45
86 46
86 52
86 63
86 69
86 75
86 85
86 96
86 103
86 104
86 105
86 107
86 113
86 119
87 4
87 5
87 10
87 17
87 18
87 36
87 48
87 77
87 85
87 88
87 111
87 119
87 121
88 13
88 16
88 17
88 39
88 48
88 54
88 57
88 61
88 65
88 71
88 73
88 83
88 88
88 104
88 110
88 120
89 3
89 5
89 12
89 23
89 28
89 39
89 43
89 52
89 67
89 71
89 82
89 85
89 104
89 105
89 118
89 122
90 7
90 15
90 41
90 43
90 57
90 64
90 67
90 69
90 75
90 81
90 84
90 93
90 107
90 110
90 118
90 120
91 0
91 5
91 11
91 12
91 22
91 23
91 27
91 32
91 35
91 36
91 37
91 39
91 44
91 45
91 47
91 58
91 62
91 66
91 69
91 70
91 73
91 87
91 90
91 103
91 115
91 120
92 8
92 17
92 21
92 26
92 29
92 31
92 32
92 49
92 53
92 55
92 62
92 65
92 69
92 70
92 76
92 109
92 112
92 113
92 115
92 123
92 125
93 9
93 35
93 36
93 42
93 43
93 45
93 48
93 60
93 71
93 82
93 90
93 96
93 104
93 109
93 114
93 125
94 20
94 25
94 28
94 36
94 39
94 42
94 44
94 47
94 54
94 61
94 80
94 120
95 3
95 17
95 25
95 27
95 34
95 37
95 40
95 58
95 63
95 69
95 72
95 74
95 76
95 81
95 84
95 88
95 93
95 100
95 104
95 119
95 122
96 0
96 3
96 6
96 7
96 10
96 12
96 25
96 42
96 43
96 44
96 58
96 63
96 65
96 70
96 72
96 77
96 79
96 85
96 88
96 89
96 101
96 118
96 119
96 125
96 126
97 3
97 4
97 28
97 40
97 42
97 45
97 47
97 51
97 57
97 67
97 68
97 78
97 79
97 82
97 89
97 90
97 111
97 113
97 115
97 126
97 127
98 2
98 3
98 5
98 10
98 15
98 35
98 41
98 45
98 53
98 60
98 63
98 66
98 67
98 68
98 88
98 90
98 124
99 13
99 18
99 26
99 30
99 31
99 48
99 69
99 86
99 87
99 92
99 93
99 95
99 99
99 107
99 111
99 113
99 121
99 122
100 4
100 10
100 13
100 14
100 22
100 41
100 47
100 52
100 63
100 67
100 77
100 79
100 88
100 93
100 116
100 121
100 127
101 0
101 9
101 27
101 31
101 35
101 37
101 55
101 59
101 63
101 66
101 77
101 79
101 82
101 83
101 86
101 105
101 107
101 108
101 111
101 119
101 122
101 123
102 10
102 13
102 25
102 46
102 51
102 60
102 61
102 65
102 74
102 76
102 77
102 81
102 85
102 96
102 109
102 119
102 120
102 127
103 0
103 6
103 13
103 31
103 32
103 51
103 54
103 62
103 71
103 73
103 76
103 82
103 84
103 88
103 98
103 112
103 119
103 121
103 123
103 125
104 0
104 10
104 14
104 20
104 29
104 30
104 34
104 35
104 40
104 43
104 53
104 56
104 57
104 60
104 65
104 66
104 82
104 88
104 96
104 98
104 100
104 101
104 103
104 104
104 105
105 0
105 2
105 18
105 24
105 33
105 35
105 36
105 39
105 57
105 62
105 63
105 64
105 66
105 70
105 86
105 90
105 95
105 98
105 102
106 10
106 13
106 37
106 38
106 39
106 46
106 47
106 52
106 65
106 70
106 72
106 73
106 77
106 80
106 100
106 103
106 109
106 115
106 125
107 7
107 8
107 24
107 25
107 43
107 45
107 51
107 52
107 70
107 72
107 79
107 95
107 97
107 102
107 105
107 119
107 124
107 126
107 127
108 9
108 26
108 28
108 33
108 36
108 56
108 59
108 62
108 94
108 110
108 111
109 2
109 3
109 22
109 23
109 26
109 38
109 41
109 42
109 53
109 60
109 78
109 79
109 80
109 94
109 100
109 104
110 11
110 18
110 22
110 26
110 27
110 29
110 33
110 42
110 43
110 44
110 46
110 55
110 56
110 58
110 70
110 74
110 76
110 80
110 86
110 89
110 91
110 95
110 105
110 127
111 1
111 3
111 10
111 11
111 14
111 15
111 20
111 41
111 56
111 71
111 76
111 87
111 90
111 96
111 97
111 99
111 102
111 106
111 115
111 124
112 3
112 7
112 11
112 23
112 38
112 39
112 53
112 57
112 58
112 62
112 70
112 73
112 83
112 85
112 86
112 92
112 99
112 103
112 105
112 106
112 109
112 112
112 126
113 2
113 19
113 23
113 25
113 32
113 36
113 79
113 80
113 99
113 124
114 3
114 9
114 10
114 12
114 17
114 18
114 26
114 27
114 35
114 37
114 44
114 50
114 54
114 56
114 57
114 61
114 62
114 65
114 72
114 92
114 96
114 106
114 109
114 111
114 123
115 6
115 12
115 17
115 54
115 57
115 61
115 64
115 65
115 72
115 77
115 89
115 99
115 101
115 109
115 113
116 8
116 10
116 12
116 25
116 30
116 36
116 38
116 39
116 40
116 46
116 49
116 54
116 55
116 58
116 63
116 64
116 67
116 72
116 75
116 78
116 81
116 101
116 103
116 105
116 114
116 120
117 1
117 4
117 10
117 16
117 17
117 30
117 33
117 34
117 40
117 44
117 45
117 55
117 56
117 63
117 65
117 69
117 72
117 88
117 90
117 93
117 94
117 100
117 112
117 120
118 3
118 17
118 21
118 28
118 29
118 44
118 45
118 48
118 69
118 72
118 74
118 80
118 109
118 110
118 116
118 119
118 122
119 2
119 5
119 8
119 18
119 36
119 43
119 47
119 51
119 55
119 58
119 63
119 65
119 86
119 106
119 110
119 111
119 115
119 120
119 126
120 3
120 13
120 36
120 37
120 45
120 64
120 65
120 66
120 72
120 78
120 87
120 88
120 91
120 97
120 98
120 103
120 114
120 117
121 20
121 21
121 30
121 35
121 37
121 41
121 44
121 89
121 98
121 104
121 108
121 109
121 110
122 6
122 10
122 28
122 29
122 30
122 46
122 48
122 49
122 74
122 79
122 82
122 83
122 85
122 94
122 95
122 109
122 110
122 115
122 116
122 124
123 4
123 5
123 8
123 10
123 11
123 15
123 24
123 50
123 63
123 66
123 67
123 70
123 74
123 76
123 84
123 85
123 90
123 94
123 104
123 123
124 4
124 14
124 38
124 50
124 55
124 57
124 73
124 81
124 90
124 91
124 93
124 106
124 108
124 110
124 121
124 122
124 125
125 5
125 8
125 15
125 31
125 34
125 48
125 49
125 54
125 62
125 66
125 81
125 87
125 102
125 113
125 115
125 126
125 127
126 0
126 7
126 8
126 20
126 26
126 27
126 29
126 36
126 44
126 51
126 57
126 65
126 67
126 87
126 92
126 107
126 110
127 3
127 7
127 13
127 15
127 26
127 41
127 45
127 48
127 56
127 60
127 72
127 80
127 87
127 92
127 95
127 97
127 106
127 107
127 115
127 119
