0 4
0 26
0 54
1 22
1 48
1 57
2 2
2 37
2 58
2 100
2 118
2 124
3 5
3 41
3 59
4 7
4 75
5 28
5 57
5 68
6 31
6 49
6 57
6 70
6 77
6 90
6 109
7 21
7 65
7 113
8 25
8 31
8 34
8 61
8 67
8 89
9 47
9 49
9 84
9 118
9 124
10 38
10 40
10 120
11 48
11 78
11 97
12 31
12 37
12 43
12 73
13 77
13 114
13 122
14 26
14 45
14 51
14 104
15 89
16 16
16 17
16 50
16 71
16 79
16 127
17 12
17 23
17 35
17 52
17 61
17 87
18 22
18 31
18 33
18 49
18 53
18 82
19 29
19 33
19 61
19 75
19 102
20 2
20 15
20 33
20 55
20 92
21 22
21 67
21 85
21 110
22 2
22 51
22 76
23 35
24 13
24 14
24 22
24 79
24 126
25 13
25 32
25 35
25 103
26 67
26 119
27 31
27 74
27 81
27 94
28 20
28 38
28 106
28 125
29 82
29 119
29 121
30 6
30 50
30 70
30 74
30 115
31 40
31 107
31 112
32 40
33 1
33 34
33 40
33 60
33 114
34 36
34 104
34 123
35 68
35 69
36 30
36 99
36 105
36 111
37 60
37 77
37 89
37 101
37 122
38 10
38 36
38 69
38 108
39 85
39 105
40 30
40 44
40 46
40 52
40 55
40 101
40 104
40 106
41 33
41 42
41 76
41 83
41 98
42 14
42 65
42 89
42 107
42 113
43 2
43 7
43 86
43 105
43 106
44 26
44 44
45 18
45 38
45 52
45 68
45 77
46 10
46 31
46 33
46 65
47 2
47 19
47 27
47 63
47 107
47 114
48 13
48 19
48 20
48 27
48 41
48 47
48 94
48 118
49 13
49 41
49 70
49 87
50 27
51 8
51 22
51 40
51 74
51 126
52 88
52 117
52 120
53 49
53 52
53 56
53 61
53 62
53 66
53 72
53 84
53 93
53 103
54 20
54 65
55 0
55 10
55 20
55 76
55 77
55 101
56 28
56 29
56 64
56 83
56 98
57 7
57 18
57 20
58 45
58 64
58 77
58 81
59 10
59 114
59 119
60 14
60 24
60 49
60 61
60 84
61 12
61 36
61 45
61 117
61 125
63 59
63 73
63 84
63 102
63 122
64 82
64 110
65 48
65 57
66 1
66 88
66 102
67 61
67 120
68 111
69 23
69 82
69 89
69 97
70 7
70 32
70 90
70 100
71 10
71 33
71 40
71 57
71 108
71 118
72 7
72 9
72 53
72 88
72 101
73 3
73 96
73 111
74 26
74 68
74 75
75 16
75 42
75 57
75 77
75 116
76 11
76 44
76 91
76 97
77 5
77 99
78 2
78 23
78 35
78 37
78 46
78 64
78 116
79 19
79 52
79 77
79 92
80 15
80 19
80 51
80 102
80 116
81 29
82 113
82 118
82 120
83 15
83 26
83 32
83 91
84 111
85 68
85 99
86 15
86 62
86 77
86 106
86 116
87 11
87 30
87 34
87 53
87 60
87 64
87 90
87 94
88 34
88 69
88 79
88 88
88 92
88 98
89 40
89 46
89 78
89 98
89 118
89 120
90 36
90 111
91 6
91 16
91 20
91 56
91 62
91 99
91 114
92 19
92 32
92 35
93 29
93 41
93 80
93 123
93 124
94 7
94 50
94 52
94 53
94 97
95 30
95 98
96 16
96 83
96 92
97 13
97 51
98 22
98 77
98 85
98 105
99 22
99 23
100 19
100 111
100 118
101 13
101 34
101 56
101 60
101 77
101 86
101 94
102 59
102 65
102 109
103 9
103 18
103 44
103 109
104 3
104 17
104 20
104 21
104 43
104 81
104 104
105 66
106 124
107 56
107 71
107 90
107 104
107 124
108 1
108 4
108 58
108 60
108 118
108 122
109 29
109 34
109 85
109 100
110 0
110 43
111 11
111 46
111 68
112 5
112 22
112 97
113 3
113 25
113 49
113 58
113 92
114 107
115 29
115 96
115 100
116 125
117 7
117 66
117 76
117 90
118 43
118 53
118 65
118 90
118 93
119 13
119 22
119 47
119 49
119 125
120 47
120 103
120 106
120 112
120 119
120 120
121 25
121 52
121 54
121 57
121 80
121 88
121 121
121 125
122 3
122 88
122 103
122 121
123 84
124 58
124 70
124 89
124 108
125 39
125 68
125 122
126 20
126 71
127 26
127 46
127 76
127 77
127 84
127 89
