0 26
0 30
0 40
0 44
0 85
0 95
0 97
0 98
0 109
0 120
0 124
1 11
1 12
1 13
1 22
1 42
1 71
1 76
1 77
1 84
1 98
2 7
2 14
2 18
2 50
2 59
2 66
2 84
2 108
2 117
2 118
2 126
3 2
3 9
3 15
3 17
3 18
3 19
3 32
3 39
3 40
3 47
3 53
3 60
3 69
3 70
3 87
3 100
3 101
3 106
3 112
3 116
4 5
4 24
4 60
4 83
4 87
4 125
5 0
5 19
5 27
5 39
5 42
5 43
5 48
5 66
5 67
5 70
5 77
5 85
5 86
5 93
5 109
6 35
6 38
6 53
6 73
6 81
6 92
6 98
6 104
6 105
6 106
6 122
7 17
7 29
7 32
7 48
7 87
7 102
7 115
7 120
8 8
8 14
8 29
8 41
8 46
8 48
8 64
8 67
8 71
8 87
8 96
8 97
9 10
9 11
9 28
9 35
9 39
9 45
9 78
9 95
9 122
9 123
10 38
10 46
10 49
10 50
10 70
10 81
10 86
10 106
11 13
11 37
11 42
11 45
11 57
11 87
11 94
11 100
11 103
11 116
11 117
12 6
12 7
12 16
12 24
12 26
12 34
12 36
12 44
12 46
12 49
12 55
12 59
12 88
12 97
12 99
12 101
12 103
12 105
12 110
12 115
12 118
12 121
13 4
13 13
13 23
13 51
13 56
13 59
13 63
13 67
13 68
13 71
13 76
13 80
13 89
13 94
13 98
13 103
14 29
14 35
14 46
14 49
14 54
14 62
14 67
14 88
14 105
14 110
14 115
14 118
15 26
15 42
15 44
15 46
15 68
15 73
15 79
15 86
15 119
16 5
16 8
16 9
16 23
16 41
16 66
16 85
16 106
16 116
17 4
17 30
17 32
17 38
17 71
17 88
17 104
17 105
17 106
17 113
17 123
17 125
18 0
18 1
18 14
18 25
18 29
18 42
18 49
18 53
18 55
18 63
18 79
18 85
18 88
18 89
18 91
18 99
18 101
19 4
19 14
19 16
19 18
19 23
19 26
19 36
19 54
19 63
19 69
19 105
19 112
19 117
20 13
20 20
20 27
20 30
20 31
20 32
20 48
20 57
20 63
20 83
20 90
20 96
20 100
20 107
20 116
20 117
21 13
21 19
21 22
21 36
21 67
21 76
21 81
21 84
21 96
21 105
21 123
21 125
22 5
22 16
22 26
22 35
22 37
22 59
22 72
22 73
22 100
22 110
23 14
23 19
23 22
23 55
23 59
23 64
23 74
23 80
23 82
23 83
23 88
23 89
23 98
23 99
23 104
23 122
24 1
24 4
24 18
24 23
24 41
24 72
24 76
24 93
24 108
24 118
25 34
25 35
25 42
25 48
25 74
25 79
25 82
25 93
25 94
25 102
25 121
25 126
26 7
26 34
26 39
26 40
26 51
26 53
26 56
26 86
26 100
26 108
26 109
26 112
26 121
27 16
27 33
27 41
27 42
27 47
27 57
27 62
27 76
27 85
27 87
27 118
27 121
28 12
28 14
28 18
28 22
28 29
28 41
28 50
28 51
28 69
28 70
28 74
28 124
29 12
29 22
29 61
29 62
29 76
29 93
29 97
29 119
30 0
30 2
30 27
30 61
30 80
30 102
30 115
31 4
31 10
31 20
31 23
31 32
31 39
31 42
31 48
31 75
31 76
31 91
31 98
31 108
31 119
31 120
32 6
32 11
32 24
32 39
32 64
32 93
32 100
32 114
32 127
33 3
33 12
33 25
33 32
33 33
33 37
33 38
33 50
33 58
33 75
33 84
33 102
33 114
33 117
33 125
34 8
34 9
34 42
34 55
34 58
34 70
34 90
34 104
34 106
34 112
35 10
35 29
35 33
35 35
35 36
35 39
35 42
35 53
35 55
35 73
35 106
35 116
35 125
36 4
36 9
36 12
36 21
36 37
36 42
36 50
36 71
36 79
36 87
36 102
36 115
36 123
37 5
37 74
37 77
37 92
37 104
37 112
37 115
37 126
38 0
38 3
38 8
38 11
38 25
38 26
38 30
38 51
38 64
38 72
38 74
38 80
38 93
38 100
38 112
38 123
39 6
39 11
39 16
39 17
39 35
39 52
39 55
39 56
39 66
39 83
39 93
39 109
39 112
39 119
39 127
40 2
40 4
40 65
40 66
40 73
40 75
41 15
41 16
41 28
41 41
41 53
41 59
41 75
41 84
41 100
41 102
41 104
41 110
41 112
41 113
42 6
42 12
42 21
42 38
42 57
42 60
42 61
42 62
42 65
42 74
42 75
42 78
42 82
42 83
42 91
42 103
42 119
42 127
43 0
43 25
43 26
43 32
43 45
43 53
43 73
43 85
43 89
43 94
43 96
43 123
44 8
44 12
44 19
44 20
44 33
44 39
44 43
44 52
44 60
44 67
44 85
44 86
44 96
44 116
44 122
45 1
45 26
45 36
45 67
45 84
45 108
46 2
46 4
46 14
46 24
46 37
46 48
46 49
46 51
46 63
46 74
46 83
46 88
46 105
46 116
46 117
46 121
46 125
47 7
47 16
47 19
47 51
47 61
47 62
47 64
47 74
47 87
47 92
47 100
47 102
47 107
48 16
48 20
48 25
48 38
48 44
48 70
48 90
48 94
48 101
48 126
49 31
49 56
49 62
49 67
49 69
49 74
49 80
49 94
49 109
49 121
49 124
50 1
50 20
50 48
50 53
50 55
50 57
50 86
50 93
50 98
50 101
50 123
51 16
51 35
51 40
51 48
51 55
51 64
51 82
51 92
51 121
52 2
52 13
52 20
52 30
52 44
52 63
52 68
52 70
52 90
52 91
52 102
52 107
52 120
53 3
53 11
53 30
53 46
53 52
53 54
53 55
53 57
53 67
53 68
53 70
53 75
53 77
53 86
53 99
53 105
53 107
53 108
53 109
54 4
54 6
54 11
54 18
54 20
54 28
54 30
54 36
54 44
54 49
54 52
54 102
54 108
55 0
55 13
55 59
55 84
55 112
56 18
56 21
56 23
56 33
56 58
56 63
56 68
56 80
56 101
56 123
56 126
57 12
57 16
57 59
57 86
57 87
57 93
57 96
57 98
57 99
57 122
57 124
57 127
58 78
58 79
58 94
58 118
59 20
59 43
59 47
59 55
59 68
59 76
59 78
60 3
60 9
60 17
60 23
60 25
60 27
60 47
60 48
60 59
60 114
61 2
61 15
61 17
61 23
61 25
61 43
61 81
61 86
61 95
61 112
61 119
61 126
62 15
62 23
62 50
62 56
62 66
62 88
62 112
62 117
62 124
63 3
63 11
63 13
63 20
63 34
63 40
63 74
63 87
64 0
64 1
64 13
64 20
64 29
64 30
64 37
64 48
64 80
64 87
65 13
65 19
65 24
65 26
65 42
65 43
65 57
65 62
65 65
65 70
65 72
65 119
65 120
65 123
66 20
66 25
66 39
66 52
66 105
66 109
66 110
67 7
67 8
67 14
67 19
67 31
67 54
67 58
67 60
67 84
67 108
67 115
68 0
68 9
68 13
68 24
68 26
68 28
68 29
68 49
68 56
68 57
68 65
68 79
68 85
68 92
69 6
69 29
69 31
69 37
69 66
69 69
69 84
69 87
69 91
69 93
69 97
69 112
69 113
70 0
70 7
70 12
70 17
70 36
70 64
70 71
70 76
70 105
70 106
71 27
71 62
71 69
71 86
71 87
71 93
71 97
71 102
71 103
71 115
71 123
72 23
72 33
72 43
72 44
72 65
72 74
72 83
72 87
72 88
72 107
72 111
72 119
73 17
73 19
73 33
73 37
73 41
73 48
73 63
73 66
73 77
73 84
73 98
73 101
73 110
74 2
74 24
74 26
74 29
74 63
74 68
74 95
74 101
74 112
74 118
74 126
75 12
75 27
75 38
75 43
75 47
75 54
75 56
75 58
75 86
75 103
75 104
75 118
75 126
76 1
76 27
76 36
76 46
76 52
76 66
76 77
76 94
76 114
76 117
76 120
77 7
77 11
77 16
77 18
77 48
77 56
77 58
77 70
77 84
77 88
77 100
77 106
77 108
77 123
77 124
78 4
78 38
78 53
78 77
78 80
78 89
78 95
78 99
78 104
78 106
78 115
79 13
79 23
79 36
79 40
79 44
79 49
79 50
79 51
79 80
79 102
79 109
79 110
79 113
79 117
80 25
80 46
80 47
80 60
80 74
80 75
80 79
80 83
80 84
80 85
80 90
80 92
80 96
80 99
80 121
80 126
81 20
81 21
81 46
81 49
81 52
81 57
81 101
81 114
82 15
82 36
82 38
82 53
82 64
82 73
82 80
82 93
82 94
82 95
82 97
82 98
83 6
83 10
83 17
83 32
83 36
83 45
83 51
83 69
83 73
83 95
83 98
83 109
83 111
83 121
83 124
84 12
84 14
84 15
84 23
84 48
84 62
84 72
84 83
84 85
84 86
85 5
85 7
85 27
85 30
85 102
85 106
85 115
85 116
85 123
85 124
86 4
86 12
86 17
86 30
86 43
86 45
86 51
86 58
86 63
86 73
86 75
86 79
86 101
86 107
86 111
86 119
86 127
87 1
87 4
87 24
87 27
87 28
87 46
87 57
87 59
87 82
87 94
87 113
87 118
87 122
88 3
88 23
88 35
88 53
88 67
88 90
88 109
88 123
89 8
89 12
89 38
89 67
89 69
89 85
89 116
90 5
90 24
90 34
90 44
90 68
90 83
90 85
91 0
91 5
91 18
91 30
91 39
91 43
91 51
91 60
91 69
91 77
91 81
91 118
91 119
91 125
92 9
92 22
92 34
92 42
92 50
92 65
92 82
92 86
92 93
92 98
92 99
92 104
92 110
92 113
93 3
93 24
93 26
93 28
93 35
93 39
93 53
93 86
93 96
93 105
93 109
94 4
94 7
94 8
94 19
94 24
94 25
94 29
94 30
94 35
94 47
94 55
94 81
94 105
95 1
95 19
95 38
95 55
95 62
95 69
95 74
95 75
95 81
95 87
95 90
95 93
95 96
95 113
96 7
96 18
96 38
96 52
96 65
96 70
96 102
96 108
96 116
96 117
96 127
97 5
97 42
97 43
97 58
97 68
97 70
97 75
97 84
97 87
97 95
97 126
98 0
98 3
98 9
98 19
98 25
98 33
98 46
98 47
98 54
98 59
98 61
98 73
98 75
98 80
98 101
98 102
99 4
99 16
99 33
99 36
99 56
99 61
99 68
99 69
99 71
99 72
99 101
99 125
100 2
100 16
100 18
100 23
100 75
100 78
100 80
100 85
100 93
100 98
100 101
101 1
101 16
101 22
101 26
101 32
101 46
101 68
101 72
101 87
101 92
101 119
101 120
101 126
102 4
102 8
102 14
102 35
102 36
102 70
102 88
102 95
103 16
103 18
103 23
103 37
103 53
103 65
103 69
103 83
103 98
103 109
103 110
104 13
104 19
104 25
104 30
104 38
104 61
104 90
104 94
104 100
104 117
104 124
105 11
105 14
105 52
105 53
105 66
105 77
105 85
105 108
105 109
106 8
106 17
106 30
106 32
106 40
106 43
106 49
106 59
106 67
106 68
106 75
106 84
106 87
106 90
106 119
106 122
106 123
107 10
107 15
107 21
107 25
107 35
107 48
107 49
107 52
107 62
107 65
107 69
107 86
107 109
107 114
107 119
107 121
107 123
107 127
108 3
108 8
108 16
108 38
108 71
108 89
108 104
108 116
108 122
109 4
109 6
109 24
109 28
109 30
109 43
109 47
109 58
109 60
109 61
109 81
109 86
109 95
109 102
109 111
109 117
109 123
110 7
110 28
110 67
110 75
110 76
110 96
110 97
110 110
110 117
111 1
111 2
111 6
111 12
111 23
111 36
111 59
111 69
111 77
111 84
111 89
111 93
111 95
111 99
111 125
112 0
112 8
112 16
112 28
112 35
112 68
112 72
112 79
112 89
112 100
112 106
112 108
112 119
113 10
113 15
113 16
113 28
113 30
113 38
113 40
113 55
113 100
113 107
113 127
114 2
114 3
114 57
114 62
114 110
114 114
115 40
115 41
115 50
115 64
115 65
115 71
115 89
115 102
115 118
115 126
116 2
116 38
116 48
116 56
116 79
116 92
116 93
116 102
116 108
116 116
116 121
116 126
116 127
117 8
117 25
117 49
117 59
117 89
117 107
117 115
118 4
118 11
118 33
118 40
118 54
118 55
118 62
118 87
118 100
118 115
119 28
119 32
119 36
119 73
119 74
119 75
119 82
119 87
119 104
119 111
119 116
119 118
119 119
120 17
120 20
120 68
120 72
120 81
120 86
120 91
120 93
120 106
120 111
120 117
121 23
121 30
121 33
121 46
121 71
121 76
121 78
121 82
121 88
121 91
121 97
121 109
121 113
121 116
122 29
122 31
122 48
122 55
122 71
122 108
122 110
123 22
123 34
123 43
123 54
123 72
123 82
123 88
123 98
123 99
123 106
123 117
124 0
124 1
124 3
124 22
124 57
124 66
124 71
124 75
124 82
124 97
124 98
124 101
124 112
124 117
125 11
125 17
125 27
125 38
125 43
125 46
125 60
125 75
125 89
125 105
125 106
125 112
125 117
125 122
125 126
126 11
126 30
126 43
126 53
126 56
126 68
127 5
127 8
127 10
127 14
127 23
127 37
127 45
127 55
127 60
127 73
127 93
127 107
