1 13
2 8
2 9
2 24
2 116
3 15
5 114
7 56
8 37
8 81
9 36
10 96
13 25
13 96
13 98
14 87
17 30
19 90
23 116
25 97
25 110
27 60
29 32
29 81
31 42
32 106
32 120
33 109
35 83
35 92
38 7
38 25
38 126
40 49
40 57
42 66
42 106
44 33
47 86
48 80
48 112
48 114
50 115
55 7
56 73
59 42
59 106
60 117
64 43
64 51
66 10
66 115
67 77
67 95
68 36
71 72
72 32
72 84
73 69
74 59
76 4
77 17
79 38
81 55
82 29
83 79
86 91
87 14
87 15
87 53
87 85
89 6
90 99
91 57
97 54
98 5
98 32
101 126
102 75
102 78
102 117
103 17
103 42
104 47
106 67
107 20
107 55
110 117
111 36
114 84
115 119
117 78
117 101
120 11
122 92
123 97
124 15
126 26
126 81
127 55
