0 9
0 11
0 18
0 20
0 21
0 34
0 36
0 40
0 44
0 52
0 55
0 56
0 57
0 61
0 65
0 67
0 68
0 71
0 75
0 80
0 86
0 88
0 95
0 98
0 104
0 105
0 111
0 119
1 19
1 20
1 37
1 41
1 43
1 45
1 48
1 56
1 57
1 59
1 60
1 61
1 64
1 67
1 85
1 86
1 93
1 94
1 98
1 105
1 108
1 109
1 112
1 119
1 123
1 127
2 4
2 18
2 19
2 22
2 26
2 29
2 30
2 40
2 44
2 45
2 48
2 49
2 53
2 54
2 57
2 73
2 75
2 79
2 93
2 97
2 99
2 104
2 111
2 112
2 115
2 119
2 127
3 0
3 6
3 9
3 10
3 13
3 14
3 27
3 30
3 35
3 46
3 48
3 49
3 50
3 56
3 57
3 58
3 62
3 64
3 70
3 72
3 100
3 101
3 122
3 125
3 126
4 4
4 7
4 10
4 11
4 17
4 19
4 22
4 27
4 30
4 33
4 35
4 43
4 44
4 50
4 55
4 57
4 59
4 67
4 69
4 79
4 88
4 90
4 99
4 103
4 113
5 18
5 20
5 22
5 26
5 34
5 41
5 47
5 51
5 56
5 64
5 66
5 69
5 71
5 94
5 95
5 96
5 100
5 104
5 106
5 109
5 111
5 116
5 124
5 126
6 1
6 3
6 4
6 14
6 18
6 19
6 22
6 31
6 32
6 35
6 38
6 58
6 62
6 63
6 70
6 78
6 98
6 99
6 100
6 102
6 109
6 112
6 126
6 127
7 0
7 2
7 5
7 6
7 7
7 12
7 13
7 15
7 31
7 34
7 41
7 43
7 47
7 52
7 58
7 63
7 65
7 69
7 72
7 73
7 77
7 83
7 85
7 88
7 93
7 97
7 103
7 105
7 122
7 123
7 125
8 6
8 10
8 13
8 16
8 24
8 27
8 31
8 41
8 42
8 49
8 54
8 56
8 65
8 79
8 80
8 81
8 83
8 85
8 88
8 89
8 95
8 96
8 105
8 118
8 121
8 124
9 0
9 1
9 4
9 10
9 37
9 40
9 41
9 43
9 45
9 49
9 51
9 58
9 59
9 61
9 72
9 84
9 90
9 94
9 102
9 107
9 110
9 115
9 123
10 1
10 3
10 7
10 9
10 18
10 21
10 26
10 37
10 49
10 58
10 59
10 61
10 63
10 65
10 71
10 74
10 78
10 84
10 90
10 91
10 93
10 98
10 104
10 107
10 109
10 114
10 115
10 121
10 124
10 125
10 126
11 1
11 5
11 7
11 10
11 16
11 21
11 25
11 31
11 32
11 33
11 41
11 43
11 45
11 50
11 51
11 69
11 80
11 89
11 91
11 104
11 105
11 108
11 109
11 113
11 118
12 3
12 9
12 12
12 16
12 18
12 22
12 30
12 31
12 34
12 43
12 44
12 48
12 51
12 52
12 59
12 61
12 63
12 76
12 97
12 103
12 104
12 111
12 116
12 120
12 124
12 126
13 9
13 11
13 16
13 17
13 18
13 24
13 33
13 42
13 45
13 51
13 60
13 64
13 65
13 70
13 72
13 75
13 78
13 90
13 91
13 92
13 95
13 96
13 104
13 112
13 114
13 127
14 9
14 13
14 30
14 31
14 38
14 57
14 76
14 78
14 81
14 83
14 93
14 95
14 98
14 105
14 110
14 111
14 114
14 116
14 124
15 6
15 7
15 15
15 24
15 25
15 26
15 45
15 46
15 48
15 49
15 62
15 67
15 86
15 88
15 93
15 97
15 104
15 106
15 108
15 110
15 112
15 113
15 121
15 123
16 5
16 8
16 9
16 11
16 13
16 14
16 15
16 16
16 20
16 22
16 29
16 32
16 37
16 43
16 45
16 46
16 52
16 60
16 63
16 65
16 70
16 72
16 77
16 79
16 87
16 94
16 96
16 100
16 111
16 116
16 117
17 9
17 10
17 24
17 32
17 39
17 67
17 71
17 74
17 75
17 78
17 80
17 83
17 84
17 88
17 89
17 90
17 92
17 96
17 97
17 101
17 103
17 104
17 122
17 124
18 0
18 5
18 6
18 14
18 16
18 24
18 27
18 29
18 41
18 49
18 54
18 60
18 69
18 72
18 73
18 80
18 86
18 101
18 102
18 106
18 108
18 110
18 111
18 116
18 121
18 123
18 125
18 127
19 2
19 10
19 13
19 26
19 30
19 38
19 49
19 50
19 51
19 55
19 57
19 66
19 74
19 78
19 88
19 92
19 98
19 99
19 120
19 123
20 10
20 16
20 20
20 22
20 29
20 30
20 35
20 38
20 41
20 43
20 48
20 51
20 55
20 75
20 76
20 77
20 79
20 86
20 88
20 92
20 94
20 98
20 101
20 105
20 110
20 115
20 120
20 124
21 11
21 21
21 23
21 27
21 36
21 38
21 39
21 40
21 43
21 47
21 61
21 63
21 65
21 71
21 76
21 85
21 87
21 99
21 113
21 121
22 2
22 7
22 10
22 16
22 19
22 31
22 38
22 60
22 64
22 69
22 71
22 74
22 82
22 87
22 95
22 102
22 110
22 113
22 118
22 119
22 123
23 2
23 9
23 10
23 28
23 34
23 43
23 52
23 56
23 67
23 68
23 69
23 77
23 80
23 86
23 90
23 92
23 100
23 102
23 104
23 105
23 106
23 112
23 115
23 120
23 122
23 125
24 4
24 5
24 12
24 13
24 27
24 35
24 36
24 37
24 39
24 42
24 44
24 57
24 60
24 64
24 70
24 87
24 101
24 104
24 105
24 110
24 112
24 113
24 114
24 115
24 119
24 120
24 126
25 2
25 14
25 15
25 24
25 29
25 33
25 37
25 39
25 41
25 49
25 51
25 52
25 53
25 56
25 60
25 66
25 69
25 70
25 71
25 73
25 82
25 90
25 104
25 107
25 111
25 118
25 119
25 120
25 121
26 2
26 4
26 5
26 19
26 20
26 25
26 32
26 42
26 45
26 48
26 49
26 52
26 55
26 59
26 61
26 80
26 81
26 98
26 102
26 113
26 115
27 0
27 1
27 2
27 6
27 7
27 9
27 14
27 18
27 22
27 23
27 31
27 39
27 42
27 48
27 50
27 56
27 58
27 61
27 68
27 80
27 85
27 90
27 91
27 93
27 94
27 99
27 106
27 124
27 125
28 1
28 4
28 9
28 13
28 20
28 24
28 25
28 34
28 35
28 39
28 40
28 42
28 43
28 46
28 47
28 48
28 50
28 54
28 58
28 61
28 71
28 76
28 85
28 91
28 97
28 98
28 114
28 115
28 121
29 0
29 2
29 3
29 12
29 15
29 16
29 23
29 29
29 37
29 46
29 51
29 61
29 65
29 67
29 72
29 74
29 80
29 83
29 85
29 86
29 87
29 90
29 91
29 93
29 96
29 100
29 104
29 105
29 124
29 126
30 1
30 2
30 3
30 5
30 8
30 9
30 12
30 15
30 24
30 30
30 33
30 35
30 40
30 47
30 48
30 51
30 59
30 64
30 69
30 70
30 90
30 92
30 97
30 99
30 100
30 101
30 110
30 116
30 118
31 9
31 13
31 14
31 17
31 19
31 20
31 23
31 30
31 33
31 37
31 52
31 68
31 69
31 72
31 73
31 74
31 79
31 89
31 94
31 96
31 102
31 111
31 114
32 3
32 8
32 17
32 20
32 21
32 23
32 24
32 25
32 26
32 29
32 36
32 41
32 43
32 51
32 61
32 67
32 72
32 80
32 85
32 87
32 92
32 97
32 102
32 104
32 107
32 113
32 120
33 10
33 12
33 20
33 21
33 24
33 25
33 35
33 41
33 48
33 60
33 62
33 68
33 69
33 74
33 75
33 77
33 80
33 83
33 84
33 89
33 90
33 98
33 102
33 112
33 114
33 115
33 126
34 7
34 16
34 19
34 28
34 40
34 42
34 49
34 57
34 62
34 74
34 77
34 80
34 81
34 88
34 93
34 94
34 95
34 105
34 123
35 6
35 16
35 21
35 38
35 43
35 46
35 53
35 58
35 59
35 66
35 73
35 85
35 91
35 99
35 106
35 109
35 114
35 118
35 121
35 124
35 127
36 0
36 3
36 6
36 8
36 16
36 17
36 28
36 32
36 34
36 36
36 38
36 40
36 45
36 48
36 51
36 53
36 57
36 64
36 67
36 68
36 69
36 71
36 72
36 73
36 77
36 89
36 100
36 101
36 105
36 118
36 123
37 4
37 9
37 11
37 13
37 16
37 17
37 18
37 20
37 27
37 39
37 41
37 55
37 58
37 63
37 71
37 73
37 81
37 91
37 96
37 97
37 98
37 101
37 106
37 107
37 108
37 114
37 116
38 1
38 9
38 10
38 18
38 19
38 29
38 31
38 34
38 35
38 38
38 75
38 83
38 89
38 97
38 99
38 105
38 115
38 116
38 118
38 119
38 120
38 122
39 0
39 9
39 16
39 21
39 24
39 30
39 32
39 36
39 39
39 41
39 53
39 62
39 69
39 78
39 82
39 83
39 86
39 89
39 95
39 96
39 98
39 107
39 110
39 111
39 112
39 115
39 125
40 0
40 1
40 20
40 26
40 27
40 28
40 30
40 31
40 38
40 39
40 42
40 44
40 45
40 50
40 54
40 58
40 59
40 65
40 66
40 67
40 91
40 95
40 102
40 104
40 105
40 107
40 115
40 121
41 1
41 2
41 6
41 20
41 36
41 40
41 41
41 42
41 47
41 48
41 51
41 53
41 59
41 62
41 74
41 77
41 78
41 82
41 86
41 98
41 99
41 106
41 112
41 120
41 121
41 125
42 1
42 6
42 19
42 29
42 30
42 38
42 43
42 52
42 57
42 68
42 72
42 73
42 74
42 76
42 77
42 81
42 88
42 89
42 105
42 107
42 109
43 10
43 13
43 14
43 16
43 17
43 23
43 24
43 36
43 48
43 50
43 64
43 65
43 68
43 80
43 84
43 89
43 102
43 103
43 111
43 114
43 115
43 127
44 10
44 22
44 27
44 29
44 30
44 33
44 46
44 49
44 52
44 57
44 62
44 68
44 72
44 74
44 84
44 85
44 89
44 96
44 97
44 98
44 99
44 100
44 106
44 107
44 111
44 121
45 0
45 17
45 25
45 40
45 41
45 49
45 52
45 54
45 62
45 64
45 69
45 72
45 73
45 75
45 77
45 78
45 80
45 92
45 94
45 100
45 102
45 107
45 110
45 122
45 123
45 127
46 1
46 5
46 8
46 13
46 14
46 17
46 23
46 34
46 35
46 39
46 44
46 47
46 48
46 51
46 52
46 53
46 58
46 61
46 65
46 68
46 74
46 76
46 78
46 79
46 81
46 92
46 112
46 118
46 125
46 127
47 0
47 2
47 19
47 27
47 28
47 42
47 56
47 58
47 59
47 63
47 75
47 79
47 105
47 115
47 119
47 120
47 123
47 124
47 127
48 9
48 12
48 24
48 28
48 32
48 34
48 36
48 50
48 55
48 56
48 59
48 69
48 71
48 80
48 81
48 84
48 88
48 97
48 103
48 105
48 107
48 109
48 115
48 121
48 125
49 0
49 4
49 5
49 13
49 19
49 20
49 21
49 29
49 31
49 32
49 38
49 39
49 43
49 47
49 50
49 57
49 68
49 69
49 78
49 84
49 87
49 98
49 103
49 108
49 111
49 122
49 127
50 4
50 7
50 11
50 19
50 22
50 44
50 50
50 70
50 72
50 75
50 76
50 90
50 94
50 96
50 103
50 113
50 117
50 121
51 2
51 8
51 10
51 19
51 23
51 26
51 43
51 45
51 59
51 64
51 66
51 70
51 73
51 75
51 78
51 83
51 84
51 88
51 90
51 99
51 104
51 110
51 112
51 113
51 115
51 116
51 127
52 1
52 4
52 5
52 6
52 13
52 15
52 16
52 19
52 22
52 23
52 24
52 27
52 39
52 44
52 55
52 57
52 58
52 60
52 62
52 63
52 65
52 67
52 71
52 79
52 83
52 89
52 93
52 99
52 101
52 107
52 111
52 113
52 114
52 116
53 2
53 9
53 10
53 13
53 29
53 31
53 38
53 39
53 40
53 46
53 54
53 65
53 66
53 74
53 76
53 80
53 84
53 96
53 103
53 114
53 121
53 123
53 126
54 1
54 12
54 14
54 18
54 20
54 22
54 24
54 34
54 43
54 46
54 50
54 53
54 61
54 64
54 67
54 68
54 71
54 86
54 93
54 107
54 109
54 112
54 120
54 121
55 1
55 3
55 10
55 12
55 18
55 25
55 28
55 33
55 34
55 35
55 36
55 38
55 45
55 47
55 48
55 52
55 53
55 55
55 57
55 63
55 65
55 71
55 76
55 79
55 89
55 90
55 100
55 112
55 119
56 6
56 7
56 16
56 21
56 22
56 24
56 27
56 28
56 30
56 42
56 44
56 46
56 48
56 49
56 52
56 54
56 58
56 65
56 71
56 73
56 92
56 93
56 95
56 98
56 109
56 112
56 113
56 114
56 117
56 118
56 119
56 123
57 4
57 12
57 20
57 27
57 29
57 37
57 40
57 44
57 45
57 53
57 57
57 60
57 64
57 81
57 87
57 90
57 91
57 95
57 99
57 103
57 105
57 110
57 121
58 1
58 5
58 7
58 17
58 19
58 31
58 34
58 40
58 51
58 61
58 68
58 71
58 78
58 80
58 81
58 98
58 105
58 112
58 116
58 119
59 5
59 8
59 11
59 13
59 19
59 20
59 29
59 30
59 32
59 35
59 44
59 53
59 61
59 75
59 82
59 84
59 86
59 90
59 91
59 104
59 109
59 111
59 117
59 118
59 124
59 127
60 0
60 7
60 8
60 11
60 13
60 19
60 21
60 23
60 24
60 33
60 35
60 43
60 49
60 52
60 63
60 67
60 71
60 73
60 76
60 84
60 88
60 89
60 105
60 119
60 120
61 0
61 3
61 18
61 19
61 20
61 33
61 47
61 53
61 57
61 59
61 73
61 88
61 89
61 92
61 99
61 111
61 117
61 121
61 125
61 126
62 2
62 3
62 9
62 10
62 12
62 19
62 25
62 42
62 47
62 50
62 52
62 57
62 63
62 65
62 67
62 73
62 74
62 86
62 90
62 91
62 93
62 109
62 110
62 111
62 112
62 113
62 121
62 123
62 125
62 126
63 1
63 5
63 9
63 10
63 16
63 27
63 30
63 31
63 40
63 42
63 51
63 55
63 61
63 70
63 71
63 74
63 82
63 84
63 86
63 93
63 95
63 107
63 109
63 119
63 122
63 126
64 0
64 6
64 7
64 8
64 14
64 16
64 17
64 43
64 50
64 52
64 54
64 55
64 59
64 69
64 73
64 75
64 76
64 77
64 92
64 99
64 101
64 107
64 111
64 118
64 122
64 123
65 13
65 20
65 25
65 36
65 42
65 43
65 55
65 67
65 87
65 89
65 98
65 104
65 105
65 109
65 123
66 10
66 15
66 23
66 26
66 28
66 29
66 30
66 32
66 36
66 40
66 45
66 48
66 53
66 56
66 57
66 61
66 71
66 73
66 74
66 80
66 95
66 99
66 100
66 102
66 108
66 109
66 113
66 120
66 122
66 126
67 21
67 22
67 28
67 29
67 39
67 42
67 43
67 45
67 49
67 51
67 58
67 63
67 67
67 73
67 85
67 88
67 91
67 102
67 106
67 107
67 113
67 115
67 121
67 126
68 3
68 4
68 19
68 27
68 32
68 36
68 37
68 52
68 56
68 64
68 65
68 69
68 71
68 78
68 79
68 89
68 92
68 93
68 104
68 108
68 116
68 119
68 122
68 124
68 126
68 127
69 0
69 1
69 14
69 28
69 31
69 34
69 35
69 37
69 39
69 40
69 47
69 51
69 59
69 79
69 89
69 97
69 99
69 100
69 116
69 121
70 14
70 16
70 19
70 24
70 30
70 31
70 35
70 40
70 49
70 52
70 58
70 64
70 72
70 73
70 74
70 76
70 80
70 86
70 90
70 96
70 110
70 111
70 116
70 127
71 3
71 7
71 8
71 25
71 27
71 32
71 33
71 35
71 37
71 43
71 47
71 48
71 52
71 61
71 63
71 67
71 70
71 73
71 76
71 80
71 83
71 90
71 96
71 104
71 109
71 110
71 111
71 123
72 3
72 4
72 10
72 16
72 20
72 22
72 31
72 32
72 36
72 38
72 43
72 44
72 46
72 47
72 49
72 58
72 60
72 64
72 65
72 77
72 80
72 81
72 98
72 107
72 110
72 111
72 112
73 17
73 22
73 25
73 32
73 35
73 39
73 40
73 42
73 48
73 54
73 55
73 56
73 60
73 63
73 64
73 66
73 67
73 73
73 75
73 76
73 79
73 91
73 109
73 111
73 113
73 117
73 121
73 124
74 1
74 3
74 7
74 13
74 20
74 22
74 23
74 25
74 27
74 29
74 30
74 34
74 38
74 40
74 42
74 46
74 49
74 53
74 55
74 60
74 63
74 64
74 68
74 73
74 79
74 87
74 91
74 96
74 98
74 100
74 111
74 113
74 116
74 123
74 124
74 125
75 8
75 34
75 43
75 51
75 54
75 56
75 57
75 60
75 61
75 71
75 76
75 77
75 84
75 86
75 88
75 95
75 102
75 105
75 115
75 124
75 127
76 4
76 11
76 21
76 23
76 31
76 35
76 36
76 38
76 47
76 62
76 69
76 74
76 86
76 87
76 92
76 99
76 100
76 122
76 125
77 2
77 8
77 17
77 19
77 30
77 39
77 40
77 45
77 54
77 66
77 68
77 76
77 78
77 79
77 83
77 88
77 89
77 91
77 93
77 98
77 99
77 116
77 122
77 126
78 3
78 20
78 23
78 29
78 48
78 49
78 51
78 52
78 58
78 60
78 63
78 64
78 74
78 76
78 77
78 86
78 93
78 104
78 108
78 109
78 119
78 125
78 126
79 5
79 6
79 9
79 12
79 24
79 25
79 29
79 30
79 32
79 34
79 41
79 49
79 69
79 70
79 74
79 84
79 89
79 90
79 91
79 94
79 101
79 102
79 106
79 108
79 110
79 111
79 117
79 120
80 2
80 11
80 13
80 26
80 32
80 42
80 53
80 60
80 63
80 65
80 72
80 78
80 84
80 91
80 93
80 99
80 101
80 107
80 108
81 8
81 10
81 11
81 15
81 16
81 23
81 32
81 36
81 40
81 44
81 46
81 49
81 51
81 56
81 59
81 64
81 74
81 82
81 87
81 90
81 92
81 93
81 96
81 102
81 105
81 111
81 112
81 123
81 127
82 1
82 5
82 9
82 10
82 18
82 21
82 36
82 39
82 48
82 50
82 51
82 60
82 69
82 74
82 78
82 80
82 83
82 85
82 89
82 91
82 95
82 97
82 105
82 114
82 115
83 8
83 11
83 13
83 16
83 19
83 20
83 33
83 37
83 41
83 44
83 45
83 57
83 58
83 62
83 64
83 67
83 74
83 75
83 76
83 79
83 81
83 83
83 87
83 88
83 89
83 93
83 98
83 102
83 116
83 121
83 124
83 125
83 126
83 127
84 1
84 19
84 21
84 24
84 27
84 30
84 35
84 36
84 42
84 45
84 49
84 54
84 55
84 63
84 71
84 73
84 76
84 80
84 83
84 84
84 86
84 94
84 96
84 98
84 99
84 100
84 105
84 113
84 126
85 7
85 9
85 11
85 16
85 18
85 20
85 21
85 25
85 35
85 36
85 40
85 48
85 50
85 54
85 77
85 80
85 86
85 87
85 90
85 92
85 93
85 95
85 113
85 116
85 122
85 124
85 125
85 126
86 0
86 8
86 9
86 11
86 13
86 15
86 18
86 29
86 31
86 49
86 50
86 56
86 57
86 60
86 62
86 63
86 68
86 74
86 80
86 81
86 82
86 83
86 86
86 87
86 92
86 96
86 113
86 120
86 121
86 122
86 126
87 3
87 13
87 17
87 20
87 27
87 30
87 34
87 35
87 38
87 42
87 45
87 50
87 52
87 53
87 55
87 56
87 57
87 67
87 73
87 75
87 84
87 86
87 87
87 88
87 96
87 100
87 110
87 111
87 112
87 119
87 120
87 122
87 126
88 2
88 14
88 18
88 26
88 35
88 40
88 62
88 64
88 69
88 71
88 73
88 74
88 80
88 97
88 99
88 108
88 114
88 119
88 122
89 4
89 5
89 7
89 8
89 17
89 26
89 36
89 39
89 53
89 54
89 59
89 65
89 68
89 78
89 80
89 83
89 92
89 93
89 94
89 100
89 103
89 107
89 108
89 111
89 112
89 119
90 5
90 14
90 25
90 26
90 33
90 38
90 47
90 55
90 66
90 81
90 93
90 94
90 98
90 101
90 106
90 107
90 111
90 114
90 118
90 120
90 121
90 122
90 123
90 124
91 1
91 4
91 12
91 14
91 16
91 23
91 27
91 29
91 31
91 33
91 34
91 43
91 50
91 51
91 62
91 64
91 68
91 70
91 81
91 83
91 89
91 98
91 119
91 124
91 127
92 0
92 1
92 2
92 16
92 26
92 27
92 32
92 40
92 45
92 55
92 57
92 68
92 69
92 71
92 79
92 80
92 83
92 89
92 98
92 101
92 107
92 120
92 126
92 127
93 4
93 5
93 10
93 15
93 17
93 25
93 41
93 47
93 48
93 50
93 57
93 60
93 65
93 68
93 73
93 75
93 77
93 81
93 82
93 84
93 91
93 99
93 100
93 110
93 121
93 123
93 125
94 3
94 8
94 9
94 15
94 20
94 22
94 23
94 29
94 34
94 40
94 42
94 44
94 46
94 48
94 51
94 63
94 65
94 68
94 79
94 90
94 93
94 99
94 100
94 102
94 103
94 107
94 108
94 109
94 110
94 117
94 118
94 119
95 9
95 10
95 13
95 18
95 19
95 20
95 21
95 24
95 30
95 37
95 39
95 40
95 55
95 58
95 59
95 65
95 69
95 72
95 75
95 81
95 86
95 95
95 101
95 104
95 106
95 109
95 115
95 118
95 119
95 121
95 124
96 2
96 8
96 27
96 29
96 33
96 53
96 56
96 69
96 74
96 85
96 90
96 105
96 111
96 116
96 117
96 119
96 120
96 127
97 15
97 22
97 30
97 32
97 38
97 42
97 47
97 55
97 57
97 59
97 61
97 68
97 73
97 79
97 94
97 99
97 100
97 102
97 108
97 113
97 114
97 117
97 120
97 122
97 124
97 125
98 2
98 9
98 11
98 14
98 18
98 22
98 26
98 27
98 30
98 37
98 59
98 61
98 65
98 69
98 88
98 89
98 91
98 100
98 109
98 110
98 112
98 113
98 116
98 127
99 0
99 5
99 13
99 19
99 25
99 29
99 30
99 31
99 33
99 34
99 39
99 44
99 55
99 60
99 65
99 67
99 73
99 75
99 76
99 78
99 88
99 91
99 93
99 102
99 107
99 109
99 114
100 5
100 13
100 16
100 22
100 23
100 27
100 30
100 31
100 38
100 39
100 44
100 46
100 48
100 50
100 52
100 55
100 60
100 66
100 67
100 69
100 73
100 76
100 78
100 80
100 84
100 90
100 96
100 98
100 105
100 106
100 113
100 119
100 120
100 121
100 127
101 4
101 21
101 28
101 51
101 57
101 59
101 65
101 70
101 74
101 82
101 91
101 96
101 97
101 99
101 110
101 111
101 119
101 121
101 122
102 0
102 19
102 22
102 23
102 24
102 25
102 27
102 28
102 39
102 50
102 54
102 59
102 61
102 66
102 80
102 85
102 87
102 90
102 97
102 107
102 120
103 5
103 11
103 15
103 20
103 29
103 31
103 37
103 49
103 58
103 60
103 64
103 68
103 76
103 81
103 97
103 107
103 110
103 113
103 117
103 119
104 0
104 5
104 16
104 18
104 27
104 35
104 45
104 51
104 54
104 58
104 60
104 63
104 64
104 69
104 76
104 84
104 103
104 105
104 111
104 116
104 124
104 126
105 4
105 10
105 16
105 18
105 27
105 28
105 34
105 41
105 43
105 57
105 63
105 69
105 72
105 74
105 82
105 85
105 87
105 90
105 92
105 94
105 106
105 109
105 110
105 114
105 117
105 120
106 2
106 13
106 16
106 17
106 27
106 29
106 36
106 46
106 50
106 54
106 57
106 62
106 66
106 67
106 70
106 73
106 92
106 101
106 102
106 103
106 105
106 114
106 122
107 15
107 17
107 35
107 37
107 46
107 49
107 52
107 59
107 65
107 70
107 80
107 85
107 93
107 107
107 122
107 125
108 0
108 1
108 5
108 7
108 44
108 45
108 46
108 48
108 50
108 56
108 64
108 67
108 68
108 69
108 73
108 78
108 87
108 96
108 103
108 112
108 119
108 124
108 126
109 0
109 6
109 14
109 21
109 31
109 39
109 45
109 48
109 51
109 53
109 62
109 66
109 68
109 70
109 82
109 86
109 87
109 92
109 95
109 107
109 108
109 110
109 116
109 117
109 120
109 125
110 9
110 13
110 19
110 26
110 27
110 28
110 33
110 34
110 37
110 38
110 40
110 43
110 45
110 50
110 57
110 60
110 61
110 64
110 65
110 78
110 81
110 92
110 99
110 103
110 111
110 115
111 2
111 4
111 6
111 9
111 19
111 23
111 26
111 29
111 33
111 46
111 48
111 51
111 52
111 56
111 75
111 76
111 78
111 84
111 87
111 92
111 96
111 109
111 110
111 115
112 7
112 9
112 27
112 39
112 41
112 46
112 49
112 51
112 57
112 58
112 69
112 75
112 79
112 81
112 84
112 92
112 95
112 97
112 98
112 108
112 109
112 111
112 114
112 122
112 123
113 3
113 5
113 6
113 15
113 22
113 24
113 28
113 32
113 43
113 45
113 48
113 50
113 51
113 62
113 63
113 65
113 68
113 72
113 82
113 88
113 92
113 95
113 99
113 101
113 102
113 107
113 108
113 109
113 114
113 115
113 125
113 126
114 1
114 6
114 7
114 8
114 12
114 16
114 23
114 27
114 35
114 41
114 43
114 46
114 55
114 63
114 64
114 76
114 79
114 81
114 82
114 87
114 88
114 89
114 91
114 95
114 100
114 101
114 104
114 121
114 123
114 124
115 0
115 3
115 5
115 12
115 15
115 21
115 28
115 31
115 35
115 40
115 53
115 54
115 68
115 79
115 82
115 83
115 85
115 86
115 93
115 96
115 101
115 103
115 104
115 107
115 108
115 109
115 115
115 119
115 121
115 125
116 2
116 7
116 13
116 14
116 15
116 20
116 21
116 31
116 37
116 40
116 45
116 48
116 53
116 54
116 55
116 60
116 65
116 66
116 67
116 87
116 90
116 91
116 97
116 99
116 100
116 102
116 120
116 124
116 125
116 127
117 2
117 6
117 10
117 17
117 18
117 21
117 22
117 27
117 29
117 30
117 33
117 44
117 47
117 52
117 53
117 59
117 63
117 68
117 69
117 75
117 76
117 79
117 81
117 82
117 86
117 94
117 95
117 101
117 104
117 105
117 108
117 112
117 120
118 5
118 7
118 11
118 14
118 18
118 20
118 21
118 24
118 30
118 33
118 36
118 39
118 40
118 43
118 44
118 48
118 62
118 71
118 83
118 90
118 99
118 117
118 122
118 124
118 125
119 9
119 12
119 14
119 15
119 17
119 22
119 24
119 35
119 39
119 42
119 51
119 54
119 60
119 79
119 82
119 87
119 88
119 90
119 94
119 96
119 103
119 106
119 119
119 123
119 127
120 0
120 2
120 5
120 7
120 12
120 16
120 17
120 24
120 26
120 33
120 35
120 37
120 42
120 44
120 47
120 48
120 51
120 53
120 55
120 59
120 61
120 68
120 81
120 84
120 93
120 100
120 102
120 110
120 116
120 118
120 127
121 1
121 5
121 7
121 16
121 17
121 26
121 28
121 31
121 32
121 43
121 47
121 49
121 50
121 53
121 57
121 60
121 62
121 63
121 64
121 65
121 74
121 76
121 82
121 84
121 86
121 89
121 100
121 105
121 110
121 116
121 117
121 122
121 126
122 1
122 3
122 6
122 9
122 13
122 14
122 19
122 23
122 32
122 45
122 56
122 67
122 69
122 80
122 82
122 89
122 90
122 97
122 102
122 103
122 110
123 3
123 13
123 15
123 20
123 26
123 28
123 29
123 35
123 43
123 47
123 48
123 49
123 52
123 53
123 56
123 71
123 73
123 85
123 87
123 88
123 90
123 91
123 92
123 97
123 101
123 104
123 106
123 109
123 112
123 119
123 120
123 123
124 15
124 16
124 18
124 20
124 30
124 37
124 54
124 57
124 60
124 61
124 67
124 71
124 72
124 73
124 85
124 86
124 89
124 103
124 109
124 116
124 120
125 9
125 19
125 26
125 36
125 39
125 42
125 50
125 52
125 54
125 57
125 59
125 64
125 71
125 77
125 87
125 99
125 106
125 113
125 116
125 118
125 119
125 127
126 7
126 10
126 12
126 17
126 26
126 31
126 36
126 38
126 45
126 51
126 63
126 68
126 73
126 85
126 86
126 87
126 89
126 90
126 101
126 119
126 122
127 1
127 16
127 27
127 31
127 32
127 38
127 39
127 45
127 48
127 49
127 53
127 65
127 76
127 85
127 93
127 99
127 102
127 119
127 121
127 122
127 127
