0 6
0 14
0 20
0 31
0 38
0 46
0 47
0 60
0 72
0 86
0 90
0 99
0 101
0 110
0 125
1 1
1 15
1 19
1 22
1 24
1 34
1 35
1 42
1 48
1 49
1 50
1 53
1 59
1 73
1 75
1 83
1 93
1 98
2 5
2 15
2 27
2 42
2 66
2 72
2 80
2 87
2 96
2 121
3 37
3 39
3 64
3 73
3 83
3 88
3 89
3 100
3 105
3 114
3 115
4 2
4 10
4 12
4 13
4 21
4 42
4 56
4 76
4 81
4 91
4 95
4 97
4 101
4 126
5 5
5 9
5 12
5 13
5 15
5 24
5 35
5 47
5 66
5 74
5 104
5 106
5 115
6 3
6 8
6 9
6 10
6 16
6 21
6 32
6 39
6 62
6 85
6 91
6 104
6 105
6 107
7 0
7 16
7 20
7 30
7 54
7 66
7 96
7 97
7 112
7 120
8 3
8 5
8 12
8 78
8 102
8 108
8 117
8 121
8 127
9 6
9 22
9 25
9 29
9 39
9 45
9 48
9 53
9 59
9 75
9 76
9 86
9 92
9 93
9 98
9 106
9 126
10 32
10 47
10 48
10 60
10 74
10 86
10 96
10 107
10 110
10 113
10 125
11 12
11 14
11 15
11 16
11 27
11 35
11 40
11 67
11 92
11 100
11 103
11 114
12 5
12 30
12 39
12 40
12 43
12 57
12 79
12 98
12 101
12 109
12 121
13 6
13 17
13 18
13 32
13 39
13 46
13 55
13 62
13 79
13 93
13 104
13 122
13 126
14 1
14 12
14 20
14 35
14 46
14 48
14 51
14 58
14 85
15 11
15 12
15 61
15 74
15 86
15 90
15 98
15 102
15 122
15 126
15 127
16 6
16 7
16 33
16 50
16 73
16 88
16 89
16 93
16 98
16 102
16 114
17 16
17 28
17 43
17 49
17 52
17 56
17 65
17 76
17 77
17 80
17 105
17 107
17 116
17 126
18 13
18 21
18 55
18 78
18 89
18 107
18 110
18 112
18 120
19 21
19 33
19 35
19 37
19 47
19 62
19 66
19 81
19 83
19 101
20 3
20 33
20 59
20 66
20 73
20 98
20 111
21 19
21 49
21 58
21 78
21 79
21 83
21 89
21 92
21 121
22 10
22 38
22 47
22 51
22 62
22 70
22 77
22 103
22 105
22 106
22 109
22 125
22 127
23 31
23 37
23 39
23 47
23 49
23 62
23 88
23 93
23 110
23 123
24 5
24 7
24 9
24 10
24 22
24 31
24 41
24 48
24 70
24 88
24 89
24 106
24 118
24 126
25 4
25 7
25 37
25 50
25 54
25 55
25 69
25 80
25 84
25 94
25 96
25 105
25 106
26 4
26 12
26 22
26 24
26 43
26 48
26 49
26 56
26 59
26 60
26 62
26 67
26 68
26 71
26 76
26 101
26 113
26 117
27 11
27 12
27 42
27 57
27 60
27 114
28 20
28 23
28 51
28 54
28 59
28 62
28 68
28 77
29 2
29 25
29 38
29 40
29 41
29 46
29 62
29 72
29 118
30 27
30 33
30 57
30 62
30 67
30 73
30 87
30 120
30 122
31 9
31 13
31 21
31 23
31 25
31 29
31 63
31 78
31 80
31 87
31 92
31 101
31 114
32 2
32 11
32 36
32 37
32 47
32 55
32 56
32 63
32 72
32 79
32 89
32 92
32 95
32 98
32 108
32 114
32 117
32 118
33 34
33 41
33 47
33 75
33 87
33 92
33 111
33 115
33 120
33 125
33 127
34 4
34 26
34 27
34 29
34 41
34 87
34 96
34 123
35 22
35 51
35 54
35 56
35 58
35 64
35 75
35 82
35 91
35 104
35 118
35 119
35 127
36 6
36 23
36 58
36 59
36 68
36 92
36 105
37 8
37 10
37 26
37 71
37 78
37 101
37 110
37 111
37 118
38 8
38 22
38 26
38 27
38 40
38 43
38 48
38 68
38 73
38 81
38 93
38 99
38 106
38 108
38 111
38 118
38 122
38 124
39 7
39 17
39 59
39 70
39 79
39 115
39 127
40 33
40 48
40 53
40 61
40 72
40 74
40 89
40 103
40 109
40 111
40 122
41 22
41 37
41 39
41 56
41 76
41 77
41 85
41 88
41 89
42 3
42 14
42 16
42 27
42 65
42 73
42 105
42 115
42 120
43 6
43 9
43 12
43 14
43 57
43 60
43 74
43 75
43 85
43 88
43 89
43 124
44 9
44 46
44 53
44 54
44 61
44 71
44 79
44 81
44 93
44 115
45 1
45 9
45 29
45 42
45 54
45 59
45 62
45 72
45 89
45 106
46 8
46 14
46 17
46 43
46 48
46 65
46 81
46 92
46 97
46 106
46 115
47 4
47 9
47 52
47 57
47 66
47 69
47 86
47 101
47 109
47 121
47 123
47 127
48 27
48 33
48 39
48 55
48 80
48 81
48 87
48 113
49 16
49 46
49 60
49 61
49 72
49 114
49 125
50 3
50 7
50 10
50 26
50 33
50 35
50 39
50 41
50 65
50 69
50 79
51 15
51 32
51 53
51 57
51 85
51 87
51 105
51 113
52 7
52 8
52 16
52 26
52 44
52 48
52 68
52 75
52 78
52 112
52 123
53 12
53 14
53 15
53 43
53 49
53 62
53 71
53 72
53 77
53 87
53 105
53 115
54 13
54 28
54 37
54 60
54 85
54 98
54 99
54 111
54 118
54 122
54 127
55 11
55 24
55 27
55 55
55 57
55 65
55 72
55 83
55 92
55 95
55 99
55 107
55 109
55 116
56 19
56 21
56 22
56 33
56 40
56 46
56 57
56 115
57 7
57 21
57 49
57 57
57 65
57 66
57 80
57 83
57 98
57 101
57 112
57 116
57 121
57 122
58 45
58 50
58 53
58 56
58 57
58 58
58 59
58 69
58 77
58 87
58 115
58 127
59 14
59 23
59 24
59 61
59 78
59 83
59 97
59 100
59 106
59 112
60 10
60 25
60 57
60 69
60 78
60 83
60 101
60 103
60 117
61 2
61 16
61 39
61 43
61 44
61 45
61 46
61 49
61 58
61 64
61 79
61 94
61 97
61 108
61 123
62 1
62 5
62 23
62 32
62 33
62 36
62 37
62 45
62 48
62 60
62 67
62 70
62 71
62 73
62 76
62 102
62 110
62 122
63 6
63 10
63 19
63 25
63 36
63 40
63 59
63 88
63 109
63 114
64 8
64 38
64 47
64 60
64 68
64 75
64 79
64 80
65 0
65 3
65 12
65 14
65 28
65 36
65 40
65 43
65 46
65 49
65 76
65 110
65 111
66 29
66 66
66 91
66 114
66 115
66 125
67 22
67 39
67 49
67 56
67 73
67 76
67 103
68 0
68 3
68 7
68 14
68 24
68 25
68 36
68 47
68 72
68 84
68 96
68 98
68 103
68 119
69 29
69 31
69 37
69 38
69 46
69 48
69 55
69 56
69 78
69 82
69 83
69 86
69 95
69 103
70 3
70 9
70 12
70 25
70 36
70 53
70 59
70 69
70 81
70 84
70 96
70 107
70 109
70 122
71 2
71 9
71 11
71 12
71 16
71 20
71 21
71 23
71 26
71 45
71 53
71 61
71 86
71 107
71 112
71 126
72 19
72 23
72 24
72 27
72 33
72 35
72 64
72 66
72 68
72 76
72 96
72 113
73 3
73 14
73 22
73 30
73 66
73 78
73 90
73 111
73 114
73 124
74 8
74 15
74 29
74 33
74 41
74 45
74 47
74 50
74 56
74 83
74 98
74 117
74 120
75 16
75 19
75 21
75 30
75 66
75 68
75 70
75 72
75 76
75 77
75 79
75 83
75 89
75 96
75 103
76 13
76 17
76 18
76 48
76 52
76 56
76 76
76 79
76 80
76 97
76 104
76 110
76 120
77 4
77 7
77 20
77 21
77 31
77 41
77 52
77 65
77 66
77 74
77 104
77 109
78 2
78 18
78 32
78 34
78 45
78 52
78 60
78 62
78 63
78 66
78 67
78 79
78 87
78 91
78 112
78 116
78 124
79 7
79 13
79 35
79 44
79 61
79 65
79 70
79 80
79 92
79 95
79 102
79 103
79 125
80 4
80 8
80 18
80 28
80 31
80 36
80 42
80 75
80 78
80 81
80 84
80 86
80 95
80 100
80 103
80 105
81 2
81 4
81 7
81 8
81 9
81 11
81 12
81 19
81 30
81 42
81 46
81 49
81 51
81 71
81 76
81 112
82 3
82 4
82 21
82 34
82 47
82 53
82 56
82 60
82 61
82 72
82 81
82 84
82 89
82 107
82 112
82 123
83 0
83 6
83 8
83 9
83 19
83 22
83 35
83 36
83 51
83 52
83 54
83 58
83 78
83 81
83 86
83 90
83 106
83 110
83 123
83 125
83 127
84 3
84 7
84 24
84 40
84 41
84 114
85 6
85 11
85 14
85 63
85 64
85 80
86 0
86 6
86 27
86 34
86 35
86 46
86 56
86 61
86 80
86 81
86 84
86 108
86 109
86 118
87 0
87 6
87 55
87 67
87 72
87 109
87 125
88 14
88 24
88 41
88 46
88 61
88 81
88 95
88 96
88 97
88 111
88 113
88 127
89 0
89 14
89 15
89 27
89 44
89 45
89 56
89 88
89 93
89 102
90 5
90 7
90 13
90 19
90 33
90 37
90 46
90 60
90 68
90 89
90 108
90 110
91 22
91 34
91 43
91 48
91 52
91 68
91 80
91 81
91 83
91 85
91 95
91 103
91 104
91 113
91 119
92 6
92 9
92 12
92 15
92 74
92 77
92 91
92 92
92 108
92 112
92 123
93 25
93 42
93 70
93 75
93 76
94 21
94 43
94 53
94 55
94 61
94 94
94 110
94 114
94 115
95 8
95 27
95 31
95 33
95 35
95 52
95 56
95 63
95 73
95 77
95 78
95 86
95 104
95 117
96 0
96 2
96 24
96 41
96 67
96 73
96 75
96 83
96 94
96 110
96 111
96 113
97 19
97 33
97 48
97 50
97 55
97 56
97 71
97 75
97 85
97 87
97 110
98 0
98 11
98 17
98 23
98 37
98 40
98 47
98 53
98 62
98 71
98 76
98 86
98 92
98 97
98 108
98 109
98 115
98 119
99 8
99 25
99 46
99 53
99 59
99 78
99 85
99 101
99 104
99 119
100 14
100 15
100 38
100 73
100 82
100 109
100 110
100 126
101 24
101 30
101 46
101 50
101 51
101 80
101 89
101 100
101 102
101 105
101 115
102 0
102 4
102 19
102 22
102 31
102 33
102 47
102 60
102 63
102 81
102 104
102 109
102 112
102 115
102 124
103 2
103 7
103 8
103 19
103 34
103 39
103 52
103 57
103 70
103 76
103 79
103 85
103 87
103 90
104 14
104 17
104 43
104 57
104 61
104 63
104 70
104 74
104 81
104 95
105 6
105 16
105 24
105 38
105 56
105 63
105 71
105 80
105 86
106 0
106 20
106 23
106 31
106 44
106 45
106 48
106 64
106 89
106 102
107 1
107 4
107 31
107 50
107 59
107 110
107 116
108 5
108 8
108 18
108 19
108 21
108 22
108 27
108 31
108 33
108 37
108 53
108 59
108 68
108 73
108 80
108 82
108 91
108 100
108 104
109 6
109 9
109 10
109 12
109 33
109 54
109 62
109 71
109 72
109 84
109 85
109 92
109 93
109 105
109 120
110 26
110 30
110 33
110 53
110 58
110 61
110 64
110 82
110 90
110 94
110 95
110 100
110 105
111 6
111 13
111 18
111 34
111 54
111 66
111 67
111 75
111 97
111 98
111 100
111 103
111 123
111 125
112 2
112 4
112 13
112 14
112 16
112 19
112 34
112 52
112 71
112 75
112 80
112 114
112 126
113 1
113 2
113 61
113 66
113 76
113 84
113 91
113 118
113 122
114 9
114 23
114 26
114 30
114 37
114 43
114 56
114 58
114 84
114 102
114 109
114 115
114 126
115 25
115 27
115 45
115 51
115 73
115 84
115 90
115 91
115 99
115 106
115 116
115 120
115 122
116 17
116 18
116 29
116 41
116 48
116 53
116 62
116 69
116 70
116 76
116 95
116 96
116 108
116 122
117 9
117 12
117 13
117 24
117 42
117 88
117 112
117 114
117 117
117 121
118 16
118 22
118 23
118 28
118 40
118 50
118 56
118 63
118 70
118 76
118 83
118 113
118 117
118 120
118 126
119 3
119 10
119 36
119 55
119 57
119 61
119 66
119 68
119 78
119 103
119 117
120 2
120 25
120 73
120 81
120 88
120 91
120 103
120 109
120 118
120 120
121 1
121 2
121 7
121 8
121 10
121 11
121 17
121 19
121 22
121 31
121 40
121 44
121 46
121 53
121 60
121 70
121 87
121 88
121 102
121 111
122 1
122 7
122 11
122 24
122 40
122 48
122 58
122 60
122 70
122 71
122 84
122 95
122 103
122 113
123 43
123 87
123 92
123 121
123 124
124 12
124 19
124 20
124 27
124 57
124 71
124 93
124 101
124 116
124 118
125 3
125 5
125 10
125 31
125 108
125 112
125 121
126 12
126 17
126 34
126 44
126 46
126 60
126 74
126 92
126 97
126 113
126 121
127 16
127 17
127 24
127 44
127 49
127 53
127 55
127 58
127 70
127 79
127 81
127 82
127 87
127 92
127 94
127 95
127 120
127 126
