0 1
0 2
0 3
0 6
0 7
0 9
0 13
0 14
0 15
0 17
0 18
0 20
0 22
0 23
0 29
0 30
0 32
0 33
0 34
0 35
0 40
0 41
0 42
0 44
0 46
0 47
0 48
0 49
0 52
0 53
0 56
0 57
0 58
0 59
0 60
0 61
0 65
0 67
0 68
0 69
0 70
0 72
0 74
0 75
0 77
0 80
0 84
0 85
0 86
0 89
0 92
0 94
0 95
0 96
0 97
0 98
0 101
0 102
0 103
0 104
0 106
0 107
0 108
0 109
0 113
0 115
0 117
0 118
0 119
0 120
0 122
0 123
0 125
0 127
1 2
1 3
1 4
1 6
1 7
1 8
1 10
1 13
1 15
1 20
1 21
1 24
1 26
1 28
1 29
1 30
1 31
1 32
1 33
1 34
1 35
1 36
1 38
1 39
1 40
1 41
1 43
1 46
1 48
1 51
1 57
1 60
1 61
1 62
1 63
1 64
1 66
1 67
1 68
1 75
1 77
1 78
1 79
1 82
1 83
1 86
1 88
1 89
1 92
1 93
1 94
1 95
1 96
1 98
1 99
1 100
1 102
1 103
1 104
1 105
1 108
1 112
1 116
1 117
1 118
1 119
1 120
1 121
1 122
1 124
1 125
1 126
2 3
2 7
2 8
2 9
2 11
2 13
2 16
2 17
2 18
2 24
2 26
2 28
2 29
2 31
2 32
2 34
2 36
2 41
2 42
2 47
2 48
2 50
2 51
2 52
2 54
2 55
2 57
2 58
2 60
2 63
2 64
2 65
2 66
2 67
2 68
2 69
2 70
2 73
2 74
2 75
2 76
2 79
2 80
2 82
2 88
2 90
2 93
2 98
2 104
2 105
2 109
2 111
2 116
2 117
2 120
2 127
3 0
3 3
3 6
3 8
3 9
3 10
3 11
3 12
3 13
3 14
3 16
3 20
3 21
3 22
3 23
3 26
3 30
3 31
3 35
3 38
3 39
3 40
3 41
3 44
3 48
3 49
3 51
3 53
3 55
3 60
3 62
3 64
3 65
3 68
3 70
3 72
3 74
3 79
3 81
3 83
3 88
3 92
3 94
3 96
3 97
3 98
3 99
3 100
3 103
3 105
3 106
3 107
3 112
3 114
3 115
3 116
3 120
3 122
3 123
3 124
3 126
4 2
4 3
4 7
4 8
4 9
4 13
4 15
4 19
4 22
4 23
4 24
4 26
4 27
4 28
4 29
4 31
4 35
4 38
4 41
4 43
4 44
4 46
4 47
4 50
4 52
4 55
4 56
4 57
4 58
4 61
4 62
4 68
4 69
4 76
4 77
4 83
4 89
4 97
4 98
4 101
4 102
4 103
4 104
4 105
4 109
4 112
4 115
4 117
4 118
4 119
4 121
4 122
4 123
4 127
5 4
5 6
5 7
5 8
5 9
5 10
5 12
5 14
5 16
5 17
5 19
5 21
5 23
5 25
5 26
5 27
5 30
5 34
5 36
5 39
5 40
5 41
5 42
5 44
5 46
5 49
5 51
5 52
5 53
5 54
5 56
5 59
5 61
5 62
5 63
5 64
5 68
5 69
5 71
5 73
5 74
5 76
5 83
5 85
5 87
5 88
5 89
5 95
5 97
5 98
5 100
5 101
5 105
5 106
5 108
5 109
5 111
5 114
5 115
5 116
5 121
5 122
5 127
6 2
6 7
6 8
6 12
6 13
6 16
6 17
6 19
6 22
6 23
6 26
6 27
6 28
6 29
6 30
6 31
6 32
6 33
6 34
6 35
6 36
6 38
6 39
6 42
6 46
6 50
6 53
6 54
6 56
6 63
6 65
6 66
6 68
6 71
6 72
6 74
6 75
6 77
6 78
6 82
6 84
6 85
6 86
6 88
6 93
6 96
6 97
6 99
6 101
6 106
6 108
6 109
6 111
6 112
6 113
6 114
6 115
6 118
6 120
6 121
6 122
6 123
6 127
7 0
7 1
7 2
7 7
7 9
7 12
7 13
7 17
7 18
7 21
7 22
7 24
7 26
7 28
7 30
7 31
7 37
7 38
7 39
7 41
7 44
7 45
7 46
7 47
7 49
7 50
7 51
7 54
7 55
7 59
7 60
7 61
7 63
7 65
7 68
7 69
7 71
7 72
7 73
7 76
7 78
7 81
7 83
7 84
7 85
7 88
7 90
7 91
7 92
7 93
7 94
7 97
7 98
7 102
7 104
7 107
7 108
7 111
7 112
7 113
7 114
7 116
7 118
7 119
7 120
7 121
7 122
7 124
7 126
8 1
8 4
8 7
8 10
8 14
8 15
8 17
8 22
8 23
8 24
8 25
8 26
8 28
8 30
8 33
8 34
8 35
8 38
8 43
8 44
8 47
8 48
8 49
8 50
8 51
8 52
8 53
8 55
8 58
8 63
8 66
8 67
8 71
8 73
8 74
8 76
8 78
8 80
8 81
8 82
8 83
8 85
8 89
8 90
8 92
8 96
8 98
8 100
8 104
8 106
8 107
8 109
8 112
8 113
8 114
8 116
8 118
8 119
8 120
8 126
9 1
9 5
9 6
9 7
9 8
9 11
9 13
9 14
9 15
9 19
9 21
9 22
9 23
9 24
9 29
9 31
9 33
9 35
9 36
9 37
9 38
9 42
9 46
9 47
9 49
9 50
9 56
9 58
9 59
9 63
9 69
9 71
9 74
9 75
9 76
9 77
9 78
9 79
9 81
9 87
9 88
9 95
9 96
9 99
9 100
9 101
9 104
9 106
9 112
9 115
9 119
9 122
9 125
9 126
9 127
10 0
10 2
10 3
10 4
10 7
10 10
10 12
10 14
10 15
10 19
10 20
10 22
10 23
10 24
10 25
10 27
10 29
10 31
10 32
10 35
10 39
10 40
10 42
10 55
10 59
10 60
10 62
10 63
10 64
10 67
10 68
10 69
10 72
10 74
10 75
10 77
10 79
10 80
10 81
10 82
10 84
10 88
10 90
10 93
10 95
10 96
10 98
10 100
10 104
10 107
10 111
10 112
10 113
10 116
10 117
10 119
10 120
10 122
10 124
10 125
10 126
11 0
11 1
11 3
11 4
11 5
11 6
11 10
11 13
11 15
11 16
11 18
11 20
11 22
11 23
11 24
11 25
11 27
11 28
11 30
11 31
11 33
11 36
11 39
11 40
11 41
11 43
11 44
11 45
11 46
11 47
11 48
11 49
11 52
11 54
11 55
11 56
11 57
11 59
11 62
11 64
11 67
11 68
11 69
11 70
11 71
11 72
11 73
11 79
11 80
11 81
11 84
11 87
11 88
11 89
11 91
11 94
11 95
11 97
11 98
11 101
11 102
11 105
11 106
11 108
11 109
11 111
11 112
11 115
11 118
11 119
11 124
11 125
11 127
12 1
12 2
12 5
12 6
12 7
12 8
12 10
12 11
12 14
12 15
12 16
12 17
12 18
12 20
12 21
12 22
12 26
12 29
12 32
12 33
12 34
12 37
12 38
12 40
12 43
12 44
12 45
12 46
12 48
12 50
12 51
12 52
12 53
12 54
12 55
12 58
12 69
12 70
12 71
12 74
12 75
12 78
12 80
12 82
12 83
12 84
12 85
12 89
12 94
12 95
12 96
12 97
12 99
12 100
12 102
12 104
12 106
12 108
12 110
12 111
12 114
12 116
12 117
12 122
12 123
12 124
12 126
12 127
13 2
13 4
13 5
13 6
13 7
13 8
13 9
13 10
13 12
13 18
13 19
13 25
13 26
13 28
13 29
13 30
13 31
13 32
13 34
13 35
13 36
13 37
13 38
13 39
13 40
13 44
13 45
13 47
13 50
13 52
13 54
13 56
13 58
13 59
13 60
13 61
13 63
13 64
13 65
13 66
13 69
13 70
13 71
13 72
13 81
13 83
13 90
13 91
13 96
13 97
13 99
13 102
13 104
13 105
13 107
13 110
13 111
13 112
13 114
13 115
13 120
13 123
13 124
13 125
13 126
14 0
14 4
14 10
14 11
14 12
14 14
14 16
14 17
14 18
14 20
14 22
14 37
14 39
14 40
14 42
14 44
14 46
14 50
14 55
14 56
14 57
14 58
14 60
14 64
14 68
14 73
14 74
14 75
14 78
14 85
14 88
14 91
14 96
14 98
14 99
14 100
14 101
14 106
14 107
14 108
14 109
14 111
14 112
14 113
14 114
14 115
14 116
14 117
14 119
14 120
14 121
14 122
14 124
14 125
15 0
15 2
15 3
15 4
15 5
15 7
15 8
15 9
15 11
15 13
15 15
15 16
15 17
15 19
15 21
15 22
15 25
15 26
15 27
15 31
15 32
15 33
15 35
15 37
15 39
15 42
15 43
15 48
15 49
15 50
15 54
15 55
15 56
15 60
15 61
15 62
15 64
15 67
15 68
15 69
15 70
15 71
15 73
15 81
15 83
15 84
15 85
15 92
15 95
15 96
15 97
15 98
15 101
15 102
15 104
15 105
15 106
15 108
15 109
15 111
15 112
15 113
15 114
15 123
15 124
15 125
15 127
16 0
16 1
16 2
16 4
16 7
16 8
16 9
16 12
16 13
16 14
16 15
16 17
16 20
16 21
16 23
16 24
16 25
16 26
16 28
16 31
16 32
16 34
16 36
16 38
16 39
16 42
16 43
16 45
16 46
16 49
16 53
16 54
16 57
16 61
16 62
16 64
16 66
16 68
16 70
16 71
16 72
16 73
16 74
16 75
16 77
16 78
16 79
16 82
16 83
16 84
16 85
16 86
16 88
16 89
16 92
16 94
16 95
16 97
16 98
16 100
16 101
16 103
16 104
16 105
16 109
16 110
16 112
16 116
16 119
16 123
16 124
16 125
16 126
17 0
17 1
17 3
17 4
17 7
17 8
17 12
17 14
17 16
17 18
17 19
17 20
17 21
17 24
17 26
17 28
17 29
17 30
17 32
17 34
17 38
17 40
17 44
17 45
17 47
17 50
17 52
17 54
17 57
17 60
17 62
17 64
17 68
17 69
17 70
17 72
17 73
17 74
17 75
17 76
17 78
17 79
17 81
17 83
17 84
17 87
17 90
17 91
17 92
17 93
17 94
17 96
17 97
17 98
17 103
17 104
17 105
17 106
17 107
17 109
17 110
17 113
17 114
17 115
17 116
17 117
17 119
17 120
17 122
17 124
17 125
17 126
18 0
18 6
18 7
18 8
18 10
18 13
18 14
18 15
18 16
18 17
18 19
18 20
18 23
18 24
18 26
18 27
18 28
18 29
18 35
18 36
18 37
18 38
18 39
18 42
18 43
18 46
18 48
18 51
18 54
18 55
18 56
18 57
18 58
18 59
18 60
18 62
18 65
18 69
18 71
18 72
18 73
18 76
18 77
18 79
18 82
18 83
18 89
18 91
18 92
18 93
18 95
18 99
18 103
18 104
18 110
18 111
18 117
18 119
18 124
18 127
19 2
19 7
19 8
19 9
19 11
19 12
19 13
19 14
19 15
19 16
19 17
19 20
19 22
19 23
19 24
19 26
19 27
19 28
19 35
19 36
19 39
19 40
19 41
19 42
19 43
19 44
19 46
19 47
19 48
19 50
19 51
19 52
19 55
19 58
19 59
19 60
19 62
19 64
19 65
19 66
19 67
19 69
19 70
19 71
19 74
19 77
19 78
19 79
19 80
19 82
19 83
19 84
19 86
19 87
19 88
19 92
19 93
19 94
19 97
19 100
19 101
19 104
19 106
19 107
19 108
19 110
19 111
19 112
19 118
19 119
19 120
19 125
19 126
19 127
20 1
20 3
20 9
20 11
20 12
20 13
20 15
20 16
20 17
20 18
20 22
20 26
20 28
20 29
20 30
20 31
20 33
20 34
20 37
20 38
20 41
20 46
20 48
20 49
20 50
20 51
20 54
20 55
20 60
20 61
20 63
20 64
20 69
20 71
20 72
20 74
20 77
20 79
20 80
20 81
20 87
20 88
20 89
20 91
20 96
20 97
20 99
20 104
20 107
20 108
20 109
20 110
20 112
20 113
20 115
20 117
20 120
20 123
20 127
21 0
21 1
21 3
21 4
21 5
21 7
21 8
21 9
21 10
21 12
21 13
21 15
21 17
21 18
21 21
21 22
21 23
21 25
21 28
21 29
21 30
21 31
21 32
21 33
21 34
21 35
21 36
21 37
21 38
21 40
21 42
21 54
21 56
21 58
21 59
21 60
21 62
21 66
21 68
21 70
21 71
21 72
21 73
21 74
21 78
21 79
21 81
21 82
21 83
21 85
21 86
21 87
21 89
21 91
21 92
21 93
21 104
21 105
21 107
21 113
21 116
21 117
21 118
21 120
21 124
21 125
21 126
22 2
22 3
22 4
22 5
22 6
22 7
22 8
22 10
22 13
22 15
22 16
22 17
22 18
22 19
22 20
22 21
22 22
22 23
22 24
22 25
22 27
22 28
22 30
22 31
22 33
22 34
22 36
22 37
22 38
22 41
22 42
22 44
22 45
22 46
22 48
22 54
22 60
22 61
22 63
22 65
22 67
22 71
22 75
22 77
22 81
22 84
22 85
22 87
22 90
22 91
22 93
22 95
22 101
22 102
22 103
22 104
22 109
22 114
22 115
22 116
22 119
22 123
22 124
22 126
23 1
23 4
23 5
23 8
23 9
23 10
23 11
23 12
23 16
23 18
23 19
23 20
23 21
23 25
23 26
23 33
23 39
23 40
23 41
23 42
23 45
23 46
23 47
23 49
23 50
23 51
23 53
23 55
23 56
23 60
23 61
23 62
23 65
23 66
23 67
23 69
23 70
23 71
23 73
23 74
23 75
23 78
23 79
23 81
23 82
23 84
23 87
23 89
23 95
23 97
23 104
23 106
23 110
23 111
23 112
23 125
23 126
23 127
24 2
24 8
24 10
24 13
24 18
24 22
24 23
24 25
24 27
24 28
24 31
24 33
24 34
24 35
24 37
24 38
24 39
24 40
24 41
24 42
24 44
24 45
24 47
24 49
24 51
24 52
24 53
24 55
24 56
24 57
24 59
24 60
24 61
24 62
24 66
24 67
24 68
24 70
24 72
24 76
24 77
24 78
24 79
24 80
24 83
24 85
24 87
24 88
24 89
24 90
24 91
24 92
24 96
24 97
24 99
24 100
24 102
24 103
24 107
24 109
24 111
24 112
24 113
24 115
24 118
24 119
24 121
24 122
24 123
24 124
24 125
24 127
25 2
25 3
25 4
25 5
25 7
25 9
25 10
25 11
25 12
25 13
25 15
25 16
25 19
25 20
25 21
25 23
25 29
25 31
25 34
25 36
25 39
25 40
25 44
25 46
25 48
25 50
25 51
25 53
25 54
25 56
25 57
25 58
25 60
25 63
25 66
25 67
25 70
25 71
25 72
25 73
25 79
25 80
25 81
25 82
25 83
25 85
25 87
25 88
25 90
25 92
25 93
25 94
25 97
25 99
25 103
25 108
25 110
25 111
25 112
25 113
25 116
25 120
25 121
25 122
25 125
25 127
26 1
26 2
26 6
26 10
26 11
26 12
26 13
26 16
26 17
26 20
26 22
26 26
26 28
26 30
26 31
26 34
26 37
26 38
26 40
26 41
26 43
26 46
26 48
26 50
26 52
26 53
26 55
26 58
26 60
26 63
26 66
26 67
26 74
26 75
26 76
26 77
26 79
26 80
26 81
26 83
26 84
26 85
26 89
26 92
26 93
26 94
26 95
26 102
26 105
26 107
26 109
26 113
26 114
26 118
26 122
26 123
26 124
26 125
26 127
27 0
27 2
27 3
27 8
27 9
27 10
27 13
27 14
27 15
27 16
27 17
27 18
27 22
27 23
27 27
27 28
27 30
27 31
27 34
27 35
27 37
27 38
27 39
27 40
27 45
27 46
27 49
27 53
27 55
27 57
27 58
27 59
27 60
27 62
27 63
27 66
27 69
27 72
27 75
27 78
27 81
27 82
27 83
27 84
27 85
27 86
27 89
27 91
27 95
27 97
27 99
27 100
27 102
27 104
27 105
27 107
27 108
27 109
27 110
27 112
27 113
27 114
27 117
27 118
27 122
27 126
27 127
28 1
28 3
28 5
28 7
28 9
28 11
28 12
28 13
28 14
28 18
28 20
28 23
28 25
28 28
28 30
28 31
28 32
28 36
28 40
28 43
28 47
28 48
28 50
28 51
28 60
28 62
28 64
28 67
28 71
28 74
28 79
28 86
28 89
28 91
28 92
28 93
28 95
28 96
28 98
28 100
28 101
28 103
28 106
28 107
28 111
28 112
28 113
28 114
28 116
28 118
28 119
28 120
28 122
28 126
29 0
29 1
29 2
29 3
29 4
29 5
29 6
29 7
29 8
29 11
29 16
29 18
29 19
29 21
29 22
29 23
29 24
29 27
29 28
29 33
29 35
29 36
29 39
29 40
29 44
29 45
29 47
29 50
29 57
29 60
29 63
29 65
29 66
29 70
29 73
29 76
29 78
29 79
29 81
29 82
29 87
29 88
29 89
29 90
29 92
29 93
29 94
29 96
29 97
29 98
29 99
29 101
29 103
29 106
29 107
29 108
29 109
29 110
29 112
29 114
29 117
29 121
29 122
29 123
29 125
29 127
30 2
30 3
30 4
30 7
30 9
30 11
30 12
30 13
30 17
30 20
30 21
30 22
30 23
30 25
30 26
30 27
30 30
30 33
30 37
30 38
30 39
30 40
30 41
30 42
30 44
30 47
30 50
30 54
30 60
30 61
30 63
30 64
30 65
30 66
30 67
30 68
30 69
30 72
30 74
30 76
30 77
30 78
30 79
30 85
30 87
30 89
30 92
30 93
30 95
30 98
30 99
30 101
30 106
30 109
30 110
30 111
30 112
30 116
30 118
30 120
30 121
30 122
30 123
30 125
31 2
31 8
31 10
31 11
31 12
31 13
31 14
31 15
31 17
31 22
31 24
31 26
31 30
31 31
31 35
31 36
31 37
31 38
31 39
31 40
31 41
31 42
31 46
31 48
31 51
31 54
31 55
31 56
31 62
31 63
31 64
31 65
31 66
31 70
31 71
31 72
31 73
31 74
31 76
31 78
31 80
31 81
31 82
31 84
31 85
31 88
31 90
31 94
31 99
31 102
31 106
31 108
31 110
31 111
31 114
31 115
31 118
31 123
31 124
31 125
31 127
32 0
32 2
32 3
32 4
32 6
32 7
32 8
32 12
32 13
32 15
32 16
32 17
32 23
32 26
32 27
32 33
32 34
32 35
32 39
32 43
32 44
32 46
32 49
32 53
32 54
32 56
32 57
32 60
32 61
32 62
32 63
32 64
32 65
32 67
32 69
32 70
32 71
32 72
32 73
32 77
32 85
32 87
32 93
32 94
32 96
32 97
32 98
32 99
32 104
32 107
32 109
32 110
32 111
32 112
32 113
32 114
32 116
32 117
32 119
32 121
32 122
32 124
32 125
32 126
32 127
33 0
33 4
33 6
33 9
33 10
33 13
33 15
33 16
33 17
33 18
33 20
33 21
33 22
33 23
33 24
33 26
33 27
33 29
33 30
33 32
33 33
33 38
33 40
33 45
33 50
33 51
33 53
33 55
33 57
33 58
33 60
33 61
33 62
33 63
33 65
33 68
33 70
33 72
33 73
33 74
33 75
33 76
33 77
33 78
33 79
33 80
33 81
33 82
33 85
33 86
33 87
33 89
33 90
33 92
33 93
33 95
33 99
33 100
33 101
33 103
33 104
33 106
33 107
33 113
33 114
33 115
33 117
33 118
33 121
33 123
33 124
33 125
33 126
34 0
34 2
34 4
34 6
34 11
34 12
34 13
34 14
34 15
34 16
34 17
34 18
34 20
34 22
34 24
34 25
34 27
34 33
34 40
34 44
34 48
34 53
34 54
34 59
34 60
34 61
34 63
34 67
34 69
34 72
34 73
34 74
34 79
34 81
34 86
34 87
34 91
34 94
34 95
34 96
34 97
34 98
34 102
34 103
34 105
34 108
34 109
34 111
34 114
34 118
34 119
34 121
34 122
34 123
34 124
34 126
35 0
35 2
35 3
35 5
35 10
35 11
35 12
35 13
35 14
35 15
35 17
35 18
35 22
35 25
35 27
35 28
35 30
35 32
35 36
35 37
35 38
35 41
35 42
35 44
35 48
35 49
35 50
35 51
35 52
35 54
35 57
35 58
35 61
35 64
35 65
35 67
35 69
35 72
35 73
35 77
35 78
35 83
35 88
35 89
35 91
35 92
35 95
35 97
35 99
35 100
35 103
35 106
35 109
35 112
35 114
35 115
35 117
35 118
35 119
35 120
35 121
35 122
35 125
35 126
35 127
36 0
36 1
36 7
36 8
36 11
36 13
36 14
36 15
36 17
36 18
36 19
36 20
36 21
36 23
36 24
36 25
36 26
36 28
36 36
36 37
36 38
36 39
36 40
36 41
36 42
36 43
36 44
36 45
36 46
36 48
36 51
36 52
36 55
36 56
36 58
36 62
36 63
36 68
36 71
36 73
36 74
36 75
36 78
36 84
36 89
36 91
36 92
36 93
36 95
36 96
36 98
36 101
36 102
36 104
36 105
36 106
36 108
36 109
36 111
36 112
36 113
36 114
36 118
36 120
36 121
36 125
36 127
37 2
37 3
37 4
37 5
37 6
37 7
37 10
37 12
37 13
37 14
37 15
37 16
37 17
37 18
37 20
37 21
37 24
37 25
37 26
37 27
37 29
37 30
37 31
37 33
37 34
37 35
37 38
37 39
37 40
37 41
37 42
37 44
37 45
37 48
37 50
37 52
37 53
37 55
37 59
37 60
37 61
37 65
37 66
37 67
37 68
37 70
37 72
37 74
37 76
37 80
37 86
37 87
37 91
37 94
37 97
37 98
37 108
37 111
37 112
37 115
37 123
37 124
38 0
38 1
38 3
38 4
38 6
38 8
38 10
38 14
38 19
38 21
38 22
38 23
38 25
38 27
38 28
38 30
38 31
38 32
38 33
38 34
38 35
38 38
38 40
38 43
38 46
38 47
38 48
38 50
38 51
38 53
38 56
38 57
38 59
38 61
38 63
38 64
38 65
38 69
38 71
38 72
38 73
38 75
38 76
38 81
38 82
38 84
38 85
38 86
38 89
38 90
38 91
38 92
38 93
38 95
38 97
38 99
38 101
38 106
38 109
38 110
38 111
38 112
38 113
38 115
38 117
38 118
38 121
38 122
38 123
38 125
39 2
39 6
39 9
39 12
39 14
39 18
39 19
39 21
39 22
39 23
39 24
39 25
39 26
39 28
39 30
39 32
39 33
39 34
39 37
39 38
39 39
39 44
39 45
39 47
39 48
39 49
39 51
39 52
39 53
39 55
39 57
39 58
39 61
39 62
39 68
39 70
39 71
39 74
39 76
39 78
39 85
39 87
39 91
39 93
39 94
39 95
39 98
39 99
39 100
39 102
39 103
39 104
39 105
39 106
39 107
39 111
39 112
39 113
39 117
39 118
39 122
39 124
40 1
40 2
40 3
40 9
40 17
40 18
40 19
40 20
40 21
40 22
40 23
40 24
40 26
40 27
40 28
40 30
40 31
40 32
40 35
40 42
40 44
40 47
40 51
40 53
40 54
40 57
40 58
40 59
40 60
40 61
40 63
40 65
40 66
40 67
40 68
40 70
40 71
40 72
40 73
40 74
40 75
40 76
40 77
40 81
40 82
40 83
40 84
40 86
40 87
40 89
40 90
40 91
40 95
40 103
40 104
40 105
40 106
40 110
40 112
40 114
40 116
40 118
40 120
40 122
40 123
40 124
41 1
41 2
41 4
41 5
41 7
41 8
41 12
41 14
41 15
41 16
41 17
41 18
41 19
41 20
41 22
41 26
41 27
41 29
41 31
41 35
41 37
41 38
41 40
41 43
41 44
41 46
41 49
41 50
41 51
41 54
41 55
41 56
41 59
41 60
41 61
41 63
41 64
41 65
41 67
41 68
41 69
41 70
41 72
41 73
41 74
41 75
41 77
41 80
41 82
41 83
41 84
41 85
41 86
41 87
41 89
41 92
41 97
41 98
41 99
41 101
41 103
41 106
41 107
41 108
41 112
41 114
41 117
41 118
41 121
41 122
41 123
41 124
41 125
41 126
42 3
42 8
42 9
42 10
42 13
42 15
42 19
42 21
42 23
42 28
42 30
42 33
42 34
42 35
42 37
42 39
42 40
42 42
42 44
42 45
42 48
42 52
42 53
42 56
42 57
42 59
42 64
42 65
42 67
42 70
42 71
42 74
42 75
42 77
42 78
42 79
42 82
42 83
42 84
42 85
42 86
42 87
42 90
42 91
42 94
42 95
42 98
42 99
42 101
42 102
42 103
42 110
42 112
42 115
42 118
42 119
42 121
42 122
42 125
43 2
43 4
43 5
43 7
43 8
43 9
43 10
43 11
43 12
43 13
43 14
43 16
43 20
43 21
43 22
43 25
43 26
43 27
43 28
43 29
43 32
43 35
43 36
43 40
43 42
43 45
43 48
43 51
43 52
43 55
43 56
43 58
43 61
43 63
43 65
43 71
43 72
43 74
43 75
43 77
43 78
43 81
43 83
43 85
43 88
43 89
43 91
43 95
43 96
43 97
43 100
43 102
43 106
43 108
43 109
43 110
43 112
43 114
43 115
43 116
43 120
43 124
43 125
43 126
44 0
44 2
44 4
44 6
44 7
44 9
44 12
44 13
44 16
44 17
44 18
44 26
44 27
44 29
44 30
44 32
44 34
44 35
44 36
44 37
44 38
44 41
44 43
44 44
44 45
44 49
44 50
44 51
44 52
44 53
44 55
44 61
44 62
44 64
44 70
44 71
44 72
44 73
44 75
44 77
44 80
44 81
44 84
44 85
44 90
44 93
44 94
44 100
44 108
44 112
44 113
44 114
44 117
44 118
44 120
44 121
44 123
44 124
44 125
45 2
45 4
45 5
45 7
45 9
45 13
45 16
45 17
45 18
45 20
45 21
45 23
45 26
45 27
45 28
45 29
45 30
45 31
45 34
45 36
45 40
45 41
45 48
45 49
45 50
45 51
45 55
45 57
45 62
45 63
45 64
45 65
45 68
45 69
45 75
45 76
45 77
45 78
45 81
45 83
45 84
45 88
45 89
45 91
45 92
45 93
45 96
45 97
45 98
45 99
45 101
45 102
45 104
45 105
45 106
45 107
45 109
45 112
45 115
45 117
45 119
45 122
45 123
45 124
45 127
46 1
46 2
46 3
46 5
46 8
46 9
46 11
46 12
46 13
46 14
46 15
46 16
46 18
46 19
46 22
46 25
46 28
46 29
46 31
46 36
46 37
46 39
46 41
46 45
46 47
46 50
46 51
46 52
46 53
46 56
46 57
46 60
46 62
46 64
46 65
46 66
46 68
46 69
46 75
46 77
46 78
46 80
46 81
46 82
46 84
46 85
46 87
46 88
46 90
46 91
46 93
46 94
46 95
46 98
46 99
46 100
46 102
46 104
46 105
46 107
46 108
46 110
46 117
46 120
46 121
46 122
46 127
47 1
47 3
47 4
47 6
47 7
47 9
47 10
47 11
47 12
47 15
47 16
47 17
47 22
47 23
47 27
47 30
47 34
47 35
47 37
47 38
47 39
47 41
47 42
47 44
47 46
47 49
47 51
47 53
47 54
47 56
47 57
47 58
47 59
47 61
47 63
47 64
47 65
47 68
47 70
47 71
47 73
47 75
47 76
47 77
47 78
47 79
47 80
47 81
47 84
47 86
47 90
47 93
47 94
47 95
47 96
47 99
47 100
47 101
47 105
47 106
47 110
47 113
47 114
47 120
47 122
47 123
47 124
47 125
47 127
48 0
48 6
48 7
48 9
48 12
48 16
48 17
48 23
48 25
48 30
48 32
48 35
48 36
48 38
48 39
48 40
48 41
48 42
48 43
48 47
48 49
48 50
48 54
48 55
48 59
48 60
48 67
48 68
48 70
48 75
48 77
48 78
48 79
48 81
48 84
48 85
48 86
48 89
48 91
48 93
48 94
48 97
48 101
48 106
48 110
48 111
48 113
48 115
48 116
48 118
48 121
48 123
48 124
49 4
49 6
49 11
49 18
49 21
49 23
49 25
49 26
49 27
49 29
49 37
49 41
49 42
49 44
49 46
49 51
49 53
49 56
49 57
49 58
49 59
49 60
49 61
49 64
49 68
49 70
49 73
49 74
49 75
49 76
49 77
49 78
49 79
49 82
49 84
49 92
49 95
49 96
49 97
49 99
49 100
49 101
49 105
49 107
49 108
49 112
49 115
49 117
49 118
49 120
49 121
49 124
49 127
50 0
50 4
50 7
50 9
50 12
50 17
50 21
50 23
50 25
50 27
50 28
50 30
50 32
50 33
50 38
50 39
50 41
50 43
50 45
50 46
50 47
50 50
50 52
50 53
50 55
50 56
50 60
50 63
50 65
50 66
50 68
50 73
50 76
50 80
50 85
50 86
50 88
50 90
50 92
50 93
50 97
50 98
50 100
50 101
50 104
50 105
50 108
50 110
50 116
50 117
50 119
50 121
50 122
50 123
50 124
50 125
50 127
51 1
51 3
51 4
51 5
51 7
51 8
51 9
51 11
51 13
51 15
51 17
51 18
51 25
51 26
51 29
51 36
51 38
51 39
51 40
51 41
51 43
51 45
51 46
51 48
51 49
51 50
51 51
51 55
51 56
51 57
51 60
51 61
51 64
51 65
51 66
51 67
51 68
51 69
51 71
51 72
51 73
51 74
51 75
51 76
51 77
51 79
51 81
51 85
51 86
51 87
51 88
51 91
51 94
51 96
51 98
51 99
51 103
51 107
51 111
51 112
51 115
51 116
51 119
51 120
51 121
51 125
51 126
51 127
52 0
52 2
52 4
52 6
52 7
52 8
52 9
52 12
52 13
52 14
52 19
52 23
52 25
52 28
52 29
52 31
52 32
52 33
52 35
52 36
52 37
52 38
52 39
52 41
52 42
52 43
52 47
52 49
52 50
52 51
52 53
52 54
52 58
52 60
52 64
52 65
52 67
52 71
52 72
52 73
52 74
52 75
52 79
52 81
52 82
52 85
52 87
52 88
52 90
52 91
52 92
52 93
52 94
52 98
52 100
52 101
52 103
52 104
52 106
52 109
52 111
52 114
52 115
52 116
52 118
52 123
52 125
52 126
53 0
53 5
53 7
53 8
53 10
53 12
53 13
53 18
53 19
53 22
53 23
53 24
53 27
53 29
53 32
53 34
53 36
53 38
53 39
53 44
53 46
53 48
53 49
53 50
53 51
53 53
53 54
53 57
53 58
53 61
53 63
53 64
53 67
53 69
53 70
53 71
53 72
53 74
53 75
53 76
53 77
53 82
53 84
53 87
53 89
53 91
53 92
53 93
53 95
53 96
53 99
53 100
53 101
53 102
53 103
53 104
53 105
53 106
53 111
53 112
53 117
53 118
53 120
53 121
53 123
53 124
54 0
54 4
54 5
54 7
54 8
54 10
54 11
54 12
54 13
54 15
54 16
54 17
54 18
54 25
54 28
54 29
54 30
54 31
54 32
54 34
54 36
54 37
54 38
54 39
54 41
54 49
54 51
54 53
54 58
54 60
54 63
54 68
54 74
54 75
54 76
54 78
54 79
54 83
54 85
54 86
54 87
54 88
54 89
54 90
54 91
54 92
54 93
54 94
54 95
54 98
54 101
54 103
54 104
54 106
54 108
54 111
54 113
54 114
54 115
54 116
54 117
54 121
54 122
54 123
54 124
54 125
55 2
55 4
55 5
55 6
55 7
55 9
55 10
55 13
55 17
55 22
55 23
55 24
55 25
55 27
55 28
55 29
55 32
55 33
55 39
55 40
55 41
55 43
55 44
55 45
55 46
55 47
55 49
55 51
55 52
55 53
55 54
55 56
55 58
55 59
55 62
55 64
55 65
55 67
55 68
55 69
55 70
55 71
55 75
55 76
55 77
55 78
55 80
55 81
55 83
55 87
55 93
55 97
55 99
55 100
55 101
55 103
55 108
55 110
55 112
55 113
55 115
55 116
55 118
55 119
55 122
55 123
55 126
55 127
56 0
56 1
56 2
56 3
56 5
56 6
56 8
56 10
56 11
56 13
56 14
56 15
56 16
56 17
56 18
56 20
56 21
56 22
56 24
56 26
56 28
56 32
56 33
56 38
56 43
56 45
56 46
56 49
56 51
56 56
56 59
56 62
56 64
56 66
56 71
56 72
56 73
56 74
56 78
56 80
56 81
56 82
56 83
56 84
56 86
56 93
56 95
56 97
56 99
56 102
56 103
56 104
56 105
56 107
56 108
56 110
56 112
56 116
56 119
56 123
56 124
56 126
57 0
57 1
57 2
57 3
57 7
57 8
57 10
57 11
57 12
57 15
57 17
57 20
57 22
57 25
57 26
57 28
57 29
57 31
57 33
57 35
57 36
57 37
57 39
57 41
57 46
57 47
57 49
57 51
57 52
57 53
57 58
57 59
57 60
57 63
57 64
57 66
57 67
57 70
57 71
57 73
57 76
57 77
57 80
57 81
57 82
57 83
57 85
57 87
57 89
57 91
57 92
57 93
57 94
57 97
57 98
57 99
57 101
57 103
57 107
57 111
57 118
57 120
57 124
58 0
58 2
58 3
58 6
58 8
58 9
58 10
58 12
58 17
58 20
58 23
58 24
58 25
58 27
58 28
58 29
58 30
58 32
58 33
58 35
58 36
58 37
58 38
58 39
58 44
58 45
58 46
58 50
58 51
58 53
58 58
58 62
58 63
58 66
58 68
58 69
58 70
58 72
58 74
58 75
58 76
58 77
58 78
58 81
58 82
58 83
58 84
58 85
58 86
58 87
58 88
58 90
58 92
58 93
58 95
58 96
58 97
58 98
58 101
58 103
58 104
58 106
58 107
58 110
58 111
58 114
58 116
58 117
58 118
58 119
58 123
58 125
58 126
58 127
59 0
59 1
59 4
59 8
59 9
59 10
59 11
59 12
59 13
59 15
59 16
59 21
59 23
59 24
59 27
59 29
59 33
59 34
59 35
59 36
59 37
59 38
59 42
59 44
59 46
59 48
59 50
59 53
59 54
59 55
59 56
59 58
59 59
59 60
59 62
59 65
59 67
59 69
59 70
59 75
59 77
59 78
59 79
59 82
59 84
59 85
59 86
59 87
59 93
59 94
59 95
59 96
59 98
59 99
59 100
59 102
59 106
59 107
59 109
59 111
59 113
59 118
59 119
59 120
59 121
59 122
59 124
59 127
60 0
60 2
60 3
60 5
60 8
60 9
60 10
60 11
60 12
60 14
60 15
60 18
60 21
60 23
60 24
60 25
60 26
60 28
60 29
60 36
60 37
60 40
60 47
60 49
60 50
60 57
60 58
60 61
60 64
60 69
60 73
60 74
60 75
60 77
60 79
60 81
60 83
60 86
60 88
60 89
60 93
60 97
60 98
60 99
60 100
60 101
60 103
60 104
60 106
60 107
60 110
60 115
60 116
60 118
60 121
60 126
61 0
61 3
61 4
61 5
61 6
61 7
61 8
61 9
61 10
61 12
61 15
61 18
61 21
61 22
61 24
61 27
61 28
61 30
61 32
61 33
61 35
61 38
61 39
61 40
61 41
61 42
61 44
61 46
61 47
61 50
61 52
61 54
61 55
61 56
61 57
61 58
61 60
61 61
61 62
61 64
61 65
61 66
61 67
61 72
61 73
61 75
61 77
61 78
61 81
61 86
61 88
61 89
61 90
61 91
61 93
61 98
61 100
61 101
61 103
61 104
61 106
61 107
61 110
61 111
61 114
61 123
61 125
61 127
62 1
62 2
62 4
62 5
62 6
62 7
62 9
62 10
62 12
62 13
62 15
62 17
62 18
62 21
62 22
62 23
62 24
62 25
62 26
62 29
62 31
62 34
62 35
62 36
62 39
62 40
62 41
62 49
62 54
62 55
62 56
62 57
62 58
62 59
62 60
62 61
62 64
62 66
62 67
62 68
62 69
62 74
62 75
62 76
62 81
62 83
62 86
62 87
62 88
62 90
62 96
62 97
62 98
62 100
62 101
62 102
62 105
62 106
62 107
62 108
62 110
62 111
62 115
62 116
62 119
62 120
62 122
62 123
62 125
63 3
63 4
63 5
63 6
63 8
63 9
63 10
63 11
63 12
63 13
63 15
63 16
63 19
63 23
63 25
63 26
63 27
63 29
63 31
63 32
63 37
63 39
63 41
63 43
63 44
63 46
63 47
63 49
63 50
63 52
63 53
63 54
63 55
63 56
63 57
63 58
63 60
63 61
63 62
63 63
63 66
63 67
63 70
63 74
63 78
63 81
63 83
63 86
63 87
63 88
63 89
63 90
63 95
63 99
63 100
63 101
63 104
63 105
63 106
63 107
63 108
63 109
63 110
63 111
63 113
63 117
63 118
63 119
63 121
63 122
63 124
63 125
63 126
64 2
64 3
64 5
64 7
64 9
64 10
64 12
64 13
64 15
64 17
64 18
64 19
64 20
64 21
64 22
64 23
64 25
64 28
64 32
64 33
64 35
64 36
64 41
64 42
64 44
64 46
64 49
64 52
64 53
64 56
64 58
64 59
64 62
64 63
64 64
64 65
64 66
64 68
64 69
64 70
64 71
64 73
64 75
64 78
64 80
64 81
64 83
64 86
64 87
64 93
64 95
64 96
64 100
64 103
64 105
64 107
64 108
64 109
64 110
64 111
64 112
64 116
64 117
64 118
64 119
64 121
64 122
64 124
64 127
65 0
65 6
65 8
65 10
65 12
65 13
65 15
65 16
65 19
65 20
65 21
65 22
65 24
65 26
65 28
65 30
65 33
65 34
65 35
65 37
65 40
65 41
65 43
65 45
65 46
65 48
65 53
65 55
65 58
65 62
65 63
65 67
65 68
65 71
65 73
65 75
65 78
65 79
65 80
65 83
65 86
65 88
65 89
65 90
65 93
65 94
65 95
65 99
65 100
65 101
65 103
65 107
65 108
65 110
65 111
65 113
65 114
65 115
65 116
65 118
65 120
65 121
65 122
65 123
65 124
65 126
65 127
66 0
66 2
66 3
66 4
66 7
66 11
66 12
66 14
66 15
66 18
66 20
66 22
66 25
66 26
66 27
66 28
66 29
66 30
66 31
66 36
66 37
66 41
66 47
66 48
66 52
66 55
66 56
66 57
66 58
66 59
66 62
66 64
66 65
66 66
66 67
66 71
66 72
66 73
66 74
66 75
66 76
66 77
66 79
66 80
66 89
66 91
66 93
66 95
66 96
66 97
66 99
66 100
66 105
66 106
66 109
66 110
66 111
66 113
66 116
66 117
66 120
66 123
66 124
67 2
67 5
67 6
67 9
67 11
67 12
67 13
67 15
67 16
67 17
67 20
67 24
67 25
67 26
67 27
67 29
67 31
67 32
67 34
67 35
67 36
67 37
67 39
67 44
67 45
67 47
67 48
67 55
67 56
67 58
67 59
67 63
67 64
67 66
67 67
67 68
67 71
67 74
67 76
67 77
67 79
67 81
67 82
67 83
67 84
67 87
67 88
67 89
67 92
67 93
67 97
67 98
67 102
67 109
67 110
67 117
67 118
67 119
67 121
67 123
67 125
68 0
68 3
68 4
68 5
68 6
68 7
68 12
68 13
68 17
68 18
68 19
68 21
68 26
68 27
68 29
68 32
68 34
68 35
68 36
68 38
68 40
68 42
68 45
68 50
68 51
68 53
68 54
68 55
68 57
68 59
68 60
68 62
68 64
68 65
68 67
68 73
68 75
68 76
68 77
68 80
68 81
68 83
68 84
68 86
68 89
68 91
68 93
68 94
68 97
68 100
68 102
68 104
68 105
68 106
68 109
68 111
68 112
68 113
68 114
68 115
68 118
68 119
68 120
68 122
68 126
69 0
69 1
69 2
69 3
69 4
69 5
69 7
69 8
69 10
69 11
69 13
69 16
69 17
69 18
69 19
69 22
69 23
69 24
69 25
69 26
69 27
69 28
69 32
69 33
69 35
69 40
69 43
69 47
69 52
69 53
69 54
69 55
69 57
69 60
69 61
69 62
69 63
69 64
69 65
69 66
69 67
69 71
69 72
69 73
69 74
69 75
69 76
69 80
69 81
69 83
69 87
69 88
69 89
69 90
69 93
69 96
69 97
69 99
69 104
69 105
69 106
69 107
69 108
69 111
69 112
69 114
69 116
69 118
69 120
69 122
69 123
69 127
70 0
70 1
70 5
70 8
70 10
70 11
70 12
70 21
70 23
70 26
70 31
70 39
70 40
70 41
70 44
70 46
70 47
70 48
70 49
70 50
70 52
70 54
70 55
70 56
70 57
70 58
70 60
70 61
70 62
70 66
70 68
70 71
70 72
70 74
70 76
70 78
70 81
70 82
70 83
70 85
70 86
70 90
70 91
70 95
70 104
70 105
70 108
70 110
70 114
70 116
70 120
70 124
71 0
71 3
71 4
71 5
71 6
71 7
71 8
71 10
71 11
71 12
71 13
71 21
71 23
71 24
71 25
71 26
71 27
71 29
71 31
71 32
71 38
71 44
71 45
71 48
71 55
71 59
71 60
71 61
71 64
71 65
71 66
71 67
71 68
71 70
71 74
71 75
71 76
71 78
71 80
71 84
71 88
71 89
71 92
71 95
71 96
71 97
71 99
71 100
71 101
71 102
71 103
71 104
71 105
71 106
71 107
71 109
71 111
71 115
71 116
71 118
71 120
71 124
72 1
72 6
72 9
72 13
72 16
72 17
72 18
72 20
72 24
72 26
72 27
72 29
72 30
72 31
72 32
72 33
72 34
72 35
72 41
72 42
72 44
72 46
72 49
72 56
72 57
72 60
72 62
72 65
72 67
72 73
72 75
72 78
72 81
72 82
72 84
72 85
72 87
72 89
72 94
72 96
72 97
72 98
72 101
72 102
72 103
72 104
72 105
72 107
72 110
72 111
72 113
72 115
72 117
72 118
72 119
72 120
72 122
72 123
72 124
73 0
73 6
73 7
73 12
73 13
73 15
73 17
73 23
73 26
73 32
73 33
73 34
73 35
73 39
73 41
73 44
73 45
73 46
73 47
73 48
73 50
73 54
73 56
73 58
73 59
73 60
73 62
73 65
73 67
73 69
73 71
73 78
73 79
73 80
73 82
73 83
73 85
73 86
73 93
73 95
73 97
73 99
73 100
73 101
73 102
73 103
73 106
73 107
73 109
73 111
73 113
73 115
73 116
73 117
73 122
73 123
73 125
74 2
74 3
74 4
74 10
74 12
74 14
74 15
74 16
74 19
74 20
74 21
74 22
74 24
74 26
74 27
74 28
74 29
74 31
74 32
74 33
74 37
74 39
74 41
74 43
74 46
74 49
74 51
74 52
74 53
74 54
74 56
74 57
74 58
74 59
74 60
74 63
74 64
74 65
74 67
74 68
74 69
74 73
74 75
74 81
74 84
74 87
74 88
74 89
74 90
74 92
74 93
74 94
74 96
74 97
74 98
74 101
74 102
74 105
74 108
74 109
74 113
74 117
74 118
74 119
74 120
74 121
74 122
74 123
74 125
75 0
75 5
75 7
75 8
75 10
75 12
75 15
75 18
75 19
75 20
75 21
75 24
75 25
75 27
75 30
75 32
75 36
75 39
75 40
75 41
75 42
75 43
75 44
75 45
75 50
75 53
75 55
75 56
75 57
75 61
75 68
75 69
75 70
75 74
75 75
75 76
75 77
75 82
75 86
75 88
75 90
75 96
75 98
75 100
75 103
75 108
75 109
75 111
75 112
75 113
75 114
75 115
75 117
75 118
75 121
75 124
75 125
75 126
76 1
76 2
76 6
76 9
76 11
76 13
76 15
76 17
76 18
76 19
76 21
76 22
76 23
76 27
76 29
76 30
76 37
76 40
76 41
76 46
76 47
76 49
76 52
76 53
76 55
76 59
76 61
76 62
76 65
76 66
76 67
76 70
76 72
76 73
76 75
76 78
76 79
76 80
76 83
76 88
76 90
76 92
76 94
76 95
76 96
76 99
76 101
76 102
76 103
76 106
76 112
76 113
76 114
76 115
76 116
76 120
76 121
76 122
76 123
76 125
76 126
77 0
77 4
77 5
77 6
77 9
77 17
77 18
77 20
77 21
77 22
77 24
77 27
77 29
77 31
77 35
77 36
77 38
77 39
77 41
77 43
77 44
77 45
77 46
77 47
77 48
77 49
77 50
77 51
77 52
77 53
77 55
77 57
77 59
77 60
77 61
77 62
77 64
77 66
77 67
77 71
77 72
77 74
77 78
77 80
77 82
77 83
77 84
77 85
77 86
77 87
77 88
77 89
77 90
77 91
77 96
77 97
77 98
77 100
77 104
77 105
77 108
77 109
77 110
77 114
77 115
77 116
77 117
77 118
77 119
77 120
77 122
77 123
77 124
78 6
78 7
78 8
78 11
78 12
78 13
78 15
78 17
78 18
78 21
78 22
78 23
78 24
78 25
78 26
78 30
78 31
78 32
78 33
78 34
78 37
78 38
78 40
78 41
78 44
78 45
78 48
78 50
78 52
78 53
78 54
78 58
78 60
78 61
78 62
78 63
78 65
78 67
78 71
78 72
78 73
78 74
78 76
78 80
78 81
78 84
78 85
78 86
78 87
78 91
78 92
78 96
78 99
78 103
78 108
78 109
78 111
78 114
78 116
78 119
78 122
78 123
78 124
78 125
78 126
79 0
79 2
79 3
79 4
79 6
79 7
79 9
79 11
79 14
79 16
79 17
79 18
79 19
79 20
79 21
79 23
79 24
79 28
79 29
79 33
79 35
79 37
79 38
79 40
79 42
79 45
79 46
79 47
79 51
79 52
79 53
79 56
79 57
79 58
79 64
79 65
79 66
79 67
79 69
79 70
79 74
79 77
79 82
79 83
79 84
79 85
79 91
79 92
79 95
79 96
79 98
79 99
79 101
79 102
79 103
79 105
79 108
79 109
79 110
79 112
79 117
79 121
79 123
79 125
80 0
80 1
80 3
80 5
80 9
80 10
80 12
80 13
80 15
80 17
80 18
80 20
80 26
80 27
80 30
80 31
80 32
80 35
80 36
80 42
80 44
80 45
80 46
80 47
80 48
80 49
80 50
80 51
80 54
80 56
80 58
80 60
80 61
80 62
80 64
80 65
80 68
80 69
80 70
80 73
80 75
80 76
80 77
80 78
80 80
80 81
80 82
80 83
80 85
80 86
80 89
80 90
80 91
80 92
80 94
80 96
80 99
80 100
80 104
80 105
80 106
80 112
80 116
80 123
80 126
80 127
81 3
81 5
81 6
81 7
81 9
81 10
81 11
81 12
81 13
81 14
81 23
81 24
81 25
81 26
81 29
81 30
81 33
81 34
81 38
81 40
81 43
81 47
81 52
81 56
81 58
81 59
81 60
81 62
81 63
81 69
81 70
81 72
81 73
81 74
81 77
81 80
81 81
81 82
81 86
81 87
81 90
81 92
81 93
81 96
81 97
81 98
81 99
81 100
81 101
81 103
81 104
81 106
81 108
81 110
81 112
81 114
81 116
81 117
81 120
81 122
81 123
81 124
81 126
82 1
82 2
82 3
82 6
82 11
82 12
82 13
82 15
82 16
82 19
82 23
82 33
82 35
82 36
82 37
82 39
82 44
82 45
82 48
82 50
82 51
82 53
82 55
82 57
82 60
82 63
82 64
82 65
82 66
82 68
82 69
82 70
82 71
82 74
82 76
82 77
82 79
82 80
82 82
82 83
82 87
82 89
82 92
82 93
82 95
82 96
82 97
82 98
82 101
82 102
82 103
82 104
82 105
82 109
82 111
82 114
82 116
82 123
82 124
82 125
83 1
83 3
83 4
83 5
83 8
83 12
83 13
83 14
83 16
83 19
83 20
83 22
83 23
83 25
83 27
83 30
83 31
83 34
83 35
83 36
83 39
83 40
83 41
83 46
83 48
83 60
83 61
83 63
83 64
83 66
83 72
83 75
83 77
83 79
83 80
83 82
83 83
83 85
83 86
83 88
83 89
83 92
83 93
83 96
83 97
83 98
83 99
83 101
83 102
83 104
83 109
83 111
83 112
83 113
83 115
83 116
83 118
83 119
83 120
83 121
83 123
83 125
83 126
84 1
84 2
84 8
84 10
84 14
84 15
84 16
84 17
84 18
84 21
84 24
84 25
84 30
84 32
84 33
84 34
84 36
84 37
84 39
84 40
84 41
84 42
84 45
84 48
84 49
84 52
84 53
84 54
84 55
84 56
84 57
84 58
84 60
84 62
84 63
84 64
84 65
84 67
84 68
84 70
84 71
84 74
84 76
84 77
84 78
84 82
84 88
84 93
84 94
84 97
84 102
84 103
84 104
84 105
84 106
84 107
84 108
84 110
84 112
84 114
84 115
84 116
84 120
84 121
84 125
84 127
85 2
85 5
85 6
85 8
85 9
85 14
85 15
85 16
85 17
85 18
85 19
85 21
85 23
85 26
85 27
85 32
85 33
85 35
85 38
85 39
85 43
85 44
85 46
85 51
85 52
85 54
85 56
85 59
85 62
85 63
85 65
85 66
85 72
85 79
85 82
85 83
85 84
85 85
85 88
85 89
85 90
85 91
85 92
85 95
85 96
85 99
85 100
85 103
85 105
85 109
85 110
85 111
85 112
85 113
85 117
85 119
85 120
85 122
85 123
85 124
86 0
86 2
86 3
86 5
86 6
86 7
86 9
86 11
86 13
86 14
86 15
86 18
86 19
86 21
86 23
86 25
86 27
86 30
86 31
86 32
86 34
86 36
86 38
86 41
86 43
86 46
86 50
86 51
86 54
86 55
86 57
86 58
86 61
86 68
86 75
86 76
86 77
86 79
86 80
86 82
86 83
86 84
86 86
86 88
86 89
86 91
86 95
86 96
86 98
86 99
86 100
86 101
86 103
86 105
86 106
86 107
86 108
86 109
86 111
86 114
86 116
86 119
86 120
86 127
87 2
87 3
87 5
87 7
87 10
87 13
87 19
87 20
87 21
87 24
87 27
87 29
87 31
87 32
87 34
87 38
87 40
87 41
87 42
87 44
87 45
87 49
87 51
87 52
87 54
87 55
87 59
87 60
87 61
87 63
87 64
87 66
87 68
87 69
87 70
87 71
87 73
87 75
87 76
87 77
87 80
87 81
87 82
87 83
87 85
87 87
87 88
87 92
87 95
87 96
87 98
87 103
87 104
87 107
87 108
87 110
87 111
87 112
87 115
87 116
87 119
87 122
87 123
87 124
87 125
87 126
87 127
88 0
88 4
88 7
88 11
88 12
88 13
88 14
88 16
88 21
88 23
88 25
88 28
88 31
88 33
88 37
88 39
88 40
88 41
88 42
88 43
88 44
88 45
88 49
88 53
88 54
88 55
88 57
88 58
88 59
88 60
88 61
88 63
88 69
88 70
88 71
88 75
88 76
88 77
88 78
88 79
88 80
88 83
88 84
88 85
88 86
88 87
88 90
88 94
88 95
88 96
88 99
88 109
88 112
88 114
88 115
88 119
88 120
88 124
88 125
88 126
88 127
89 0
89 1
89 3
89 4
89 5
89 6
89 12
89 13
89 14
89 18
89 21
89 23
89 28
89 34
89 35
89 37
89 42
89 43
89 50
89 51
89 52
89 53
89 54
89 55
89 56
89 59
89 60
89 61
89 62
89 63
89 65
89 66
89 70
89 72
89 73
89 75
89 76
89 78
89 82
89 83
89 85
89 86
89 87
89 88
89 90
89 91
89 92
89 93
89 94
89 95
89 96
89 101
89 103
89 104
89 105
89 110
89 112
89 116
89 117
89 119
89 121
89 123
89 124
89 126
90 1
90 2
90 3
90 4
90 8
90 10
90 11
90 15
90 16
90 17
90 21
90 22
90 24
90 25
90 27
90 31
90 32
90 33
90 36
90 39
90 40
90 41
90 44
90 50
90 51
90 52
90 54
90 55
90 57
90 58
90 60
90 61
90 62
90 65
90 66
90 71
90 73
90 75
90 76
90 78
90 80
90 81
90 82
90 83
90 85
90 87
90 89
90 91
90 92
90 94
90 99
90 103
90 107
90 110
90 111
90 114
90 117
90 119
90 121
90 122
90 123
90 124
90 127
91 2
91 3
91 4
91 5
91 6
91 7
91 9
91 11
91 12
91 17
91 20
91 23
91 25
91 26
91 33
91 35
91 36
91 39
91 41
91 43
91 44
91 46
91 48
91 51
91 53
91 54
91 58
91 60
91 65
91 66
91 68
91 69
91 70
91 72
91 75
91 76
91 77
91 81
91 87
91 88
91 89
91 92
91 93
91 98
91 99
91 100
91 102
91 103
91 105
91 106
91 108
91 109
91 110
91 111
91 114
91 116
91 118
91 119
91 122
91 125
91 126
92 0
92 2
92 3
92 5
92 7
92 11
92 12
92 14
92 15
92 16
92 17
92 23
92 25
92 27
92 28
92 30
92 33
92 34
92 35
92 36
92 37
92 38
92 39
92 40
92 42
92 43
92 46
92 47
92 49
92 50
92 54
92 57
92 58
92 61
92 62
92 63
92 64
92 67
92 70
92 71
92 73
92 76
92 79
92 80
92 81
92 83
92 89
92 90
92 91
92 92
92 93
92 94
92 95
92 96
92 97
92 100
92 102
92 103
92 104
92 106
92 108
92 109
92 110
92 114
92 115
92 116
92 117
92 119
92 121
92 124
92 125
93 2
93 8
93 9
93 10
93 11
93 12
93 14
93 16
93 17
93 19
93 25
93 26
93 29
93 30
93 32
93 34
93 45
93 47
93 51
93 54
93 58
93 59
93 60
93 62
93 63
93 65
93 68
93 69
93 70
93 74
93 81
93 83
93 84
93 86
93 88
93 90
93 92
93 97
93 99
93 101
93 103
93 104
93 110
93 112
93 114
93 118
93 125
93 126
93 127
94 0
94 1
94 3
94 4
94 5
94 7
94 10
94 11
94 14
94 15
94 19
94 20
94 24
94 25
94 26
94 28
94 29
94 32
94 38
94 39
94 40
94 44
94 47
94 50
94 52
94 54
94 55
94 56
94 61
94 68
94 69
94 70
94 72
94 75
94 77
94 79
94 81
94 86
94 87
94 92
94 95
94 96
94 98
94 99
94 109
94 110
94 115
94 116
94 117
94 120
94 121
94 123
94 124
94 126
94 127
95 0
95 4
95 5
95 8
95 10
95 12
95 13
95 14
95 15
95 16
95 17
95 18
95 20
95 25
95 26
95 27
95 33
95 34
95 35
95 36
95 37
95 39
95 42
95 43
95 45
95 48
95 50
95 51
95 52
95 54
95 55
95 56
95 60
95 61
95 63
95 67
95 69
95 70
95 71
95 73
95 74
95 75
95 77
95 79
95 80
95 83
95 85
95 87
95 88
95 89
95 90
95 91
95 92
95 101
95 102
95 103
95 105
95 108
95 109
95 111
95 112
95 114
95 120
95 123
95 126
96 1
96 3
96 8
96 10
96 11
96 12
96 13
96 15
96 16
96 20
96 21
96 22
96 23
96 25
96 26
96 29
96 31
96 34
96 35
96 36
96 38
96 41
96 44
96 45
96 46
96 47
96 48
96 50
96 52
96 53
96 54
96 55
96 57
96 59
96 62
96 65
96 74
96 76
96 77
96 81
96 86
96 87
96 90
96 91
96 94
96 95
96 97
96 98
96 102
96 109
96 111
96 113
96 115
96 117
96 118
96 122
96 123
96 124
96 126
97 0
97 1
97 3
97 4
97 5
97 7
97 9
97 11
97 12
97 13
97 14
97 15
97 16
97 17
97 18
97 19
97 28
97 30
97 33
97 34
97 35
97 41
97 43
97 44
97 45
97 47
97 50
97 54
97 55
97 56
97 57
97 58
97 59
97 60
97 62
97 63
97 64
97 65
97 66
97 67
97 68
97 69
97 73
97 74
97 76
97 77
97 78
97 79
97 80
97 81
97 82
97 88
97 90
97 91
97 92
97 93
97 94
97 95
97 96
97 99
97 100
97 104
97 107
97 108
97 110
97 111
97 115
97 118
97 119
97 121
97 123
97 124
97 125
98 1
98 2
98 5
98 8
98 14
98 15
98 17
98 21
98 22
98 23
98 24
98 25
98 26
98 27
98 28
98 29
98 30
98 32
98 33
98 36
98 37
98 39
98 40
98 47
98 51
98 53
98 55
98 57
98 58
98 59
98 60
98 63
98 64
98 67
98 68
98 69
98 70
98 71
98 72
98 74
98 76
98 78
98 79
98 84
98 89
98 90
98 92
98 94
98 96
98 97
98 100
98 101
98 102
98 103
98 104
98 105
98 106
98 107
98 109
98 112
98 115
98 117
98 118
98 119
98 120
98 122
98 123
99 0
99 2
99 5
99 6
99 9
99 10
99 11
99 15
99 16
99 18
99 19
99 20
99 22
99 23
99 24
99 25
99 27
99 28
99 32
99 34
99 35
99 36
99 38
99 43
99 44
99 46
99 47
99 51
99 62
99 68
99 69
99 71
99 76
99 77
99 82
99 85
99 88
99 92
99 95
99 96
99 98
99 102
99 103
99 105
99 107
99 110
99 111
99 112
99 113
99 115
99 117
99 120
99 124
99 125
99 126
100 0
100 3
100 5
100 9
100 12
100 13
100 14
100 15
100 16
100 21
100 22
100 24
100 26
100 27
100 30
100 32
100 38
100 39
100 41
100 43
100 44
100 45
100 46
100 48
100 50
100 51
100 52
100 55
100 56
100 57
100 58
100 60
100 61
100 62
100 63
100 64
100 65
100 66
100 67
100 69
100 70
100 72
100 74
100 76
100 78
100 83
100 84
100 86
100 88
100 91
100 95
100 96
100 100
100 103
100 104
100 105
100 108
100 109
100 111
100 112
100 113
100 115
100 116
100 117
100 118
100 119
100 120
100 122
100 123
100 126
100 127
101 6
101 9
101 11
101 12
101 13
101 14
101 18
101 19
101 23
101 27
101 28
101 29
101 30
101 31
101 34
101 37
101 38
101 41
101 42
101 45
101 46
101 48
101 50
101 51
101 52
101 55
101 56
101 58
101 60
101 62
101 63
101 66
101 67
101 68
101 71
101 72
101 73
101 74
101 75
101 76
101 79
101 82
101 84
101 85
101 86
101 87
101 88
101 90
101 91
101 97
101 98
101 99
101 102
101 103
101 105
101 107
101 109
101 113
101 114
101 115
101 118
101 119
101 124
101 125
101 126
102 0
102 1
102 2
102 4
102 6
102 7
102 8
102 10
102 12
102 14
102 15
102 18
102 19
102 21
102 22
102 23
102 24
102 25
102 26
102 27
102 29
102 36
102 37
102 38
102 39
102 41
102 45
102 46
102 51
102 52
102 53
102 55
102 61
102 63
102 65
102 66
102 70
102 75
102 77
102 78
102 79
102 80
102 81
102 82
102 84
102 85
102 86
102 87
102 89
102 90
102 92
102 99
102 100
102 105
102 106
102 107
102 109
102 111
102 112
102 114
102 115
102 117
102 118
102 120
102 122
103 3
103 4
103 8
103 12
103 13
103 14
103 16
103 17
103 19
103 22
103 23
103 24
103 26
103 29
103 30
103 32
103 33
103 38
103 41
103 42
103 44
103 46
103 47
103 51
103 52
103 53
103 59
103 60
103 65
103 66
103 74
103 75
103 76
103 77
103 80
103 84
103 86
103 89
103 91
103 94
103 95
103 99
103 100
103 101
103 104
103 106
103 107
103 109
103 112
103 114
103 118
103 119
103 121
103 125
104 0
104 2
104 3
104 4
104 6
104 8
104 10
104 11
104 14
104 16
104 18
104 20
104 23
104 25
104 26
104 27
104 29
104 32
104 33
104 35
104 36
104 37
104 38
104 39
104 40
104 41
104 44
104 50
104 53
104 56
104 58
104 59
104 61
104 62
104 63
104 64
104 65
104 66
104 67
104 72
104 75
104 76
104 77
104 81
104 86
104 88
104 89
104 96
104 97
104 99
104 100
104 101
104 103
104 104
104 111
104 115
104 116
104 118
104 119
104 120
104 121
104 124
104 126
104 127
105 2
105 3
105 4
105 5
105 6
105 8
105 10
105 11
105 14
105 15
105 16
105 17
105 18
105 20
105 22
105 23
105 25
105 26
105 31
105 34
105 35
105 36
105 37
105 41
105 44
105 45
105 46
105 47
105 52
105 53
105 54
105 55
105 56
105 57
105 58
105 63
105 65
105 66
105 71
105 72
105 76
105 77
105 78
105 79
105 83
105 85
105 88
105 89
105 90
105 92
105 96
105 98
105 99
105 101
105 103
105 105
105 107
105 108
105 109
105 110
105 111
105 114
105 115
105 117
105 118
105 120
105 127
106 0
106 5
106 6
106 7
106 10
106 12
106 14
106 15
106 16
106 19
106 20
106 21
106 22
106 23
106 28
106 29
106 32
106 33
106 34
106 37
106 38
106 42
106 43
106 45
106 46
106 49
106 53
106 54
106 56
106 60
106 61
106 65
106 68
106 69
106 71
106 72
106 74
106 75
106 76
106 79
106 80
106 81
106 82
106 83
106 84
106 85
106 87
106 88
106 94
106 96
106 97
106 99
106 103
106 110
106 111
106 113
106 114
106 115
106 116
106 117
106 118
106 119
106 120
106 122
106 126
107 2
107 5
107 6
107 7
107 8
107 11
107 12
107 14
107 17
107 19
107 21
107 23
107 24
107 25
107 26
107 29
107 30
107 31
107 33
107 37
107 40
107 42
107 48
107 51
107 55
107 56
107 58
107 59
107 60
107 62
107 63
107 64
107 65
107 66
107 67
107 70
107 71
107 72
107 74
107 77
107 79
107 80
107 81
107 82
107 83
107 85
107 87
107 88
107 90
107 97
107 98
107 102
107 103
107 104
107 107
107 113
107 114
107 116
107 121
107 122
107 123
107 125
107 126
107 127
108 1
108 6
108 7
108 10
108 18
108 22
108 26
108 30
108 31
108 32
108 33
108 34
108 35
108 36
108 37
108 38
108 39
108 40
108 42
108 43
108 50
108 53
108 54
108 56
108 58
108 61
108 62
108 63
108 67
108 68
108 70
108 71
108 73
108 75
108 77
108 78
108 79
108 82
108 88
108 90
108 92
108 94
108 95
108 97
108 100
108 101
108 103
108 106
108 107
108 109
108 111
108 114
108 116
108 117
108 118
108 120
108 121
108 125
108 126
109 0
109 5
109 6
109 14
109 15
109 16
109 17
109 22
109 23
109 25
109 30
109 32
109 33
109 35
109 37
109 39
109 41
109 43
109 47
109 49
109 51
109 53
109 54
109 56
109 57
109 61
109 65
109 68
109 74
109 75
109 76
109 78
109 79
109 80
109 81
109 83
109 85
109 86
109 87
109 89
109 90
109 91
109 93
109 94
109 95
109 97
109 99
109 100
109 101
109 102
109 111
109 113
109 115
109 116
109 118
109 119
109 120
109 124
109 127
110 0
110 2
110 4
110 8
110 9
110 12
110 13
110 17
110 18
110 20
110 22
110 23
110 24
110 26
110 27
110 29
110 30
110 32
110 34
110 35
110 36
110 37
110 39
110 40
110 45
110 46
110 47
110 49
110 51
110 52
110 53
110 54
110 57
110 58
110 59
110 61
110 62
110 63
110 68
110 69
110 70
110 73
110 75
110 77
110 81
110 84
110 87
110 88
110 94
110 98
110 100
110 102
110 103
110 104
110 108
110 113
110 117
110 119
110 121
110 122
110 124
110 125
111 0
111 2
111 3
111 5
111 6
111 8
111 9
111 13
111 14
111 15
111 17
111 19
111 22
111 24
111 25
111 26
111 29
111 33
111 37
111 40
111 43
111 44
111 47
111 48
111 49
111 50
111 52
111 53
111 54
111 55
111 57
111 58
111 59
111 60
111 62
111 64
111 65
111 66
111 67
111 68
111 70
111 73
111 82
111 83
111 85
111 89
111 90
111 91
111 93
111 94
111 95
111 97
111 99
111 101
111 102
111 104
111 105
111 107
111 110
111 111
111 113
111 114
111 116
111 118
111 120
111 121
111 122
111 123
111 126
112 0
112 1
112 3
112 4
112 6
112 7
112 9
112 10
112 12
112 17
112 20
112 21
112 26
112 28
112 31
112 32
112 34
112 35
112 36
112 37
112 39
112 47
112 50
112 53
112 54
112 57
112 65
112 66
112 70
112 71
112 72
112 76
112 77
112 78
112 79
112 81
112 83
112 85
112 87
112 90
112 91
112 92
112 93
112 95
112 99
112 100
112 101
112 102
112 104
112 105
112 106
112 107
112 109
112 110
112 111
112 112
112 113
112 114
112 115
112 118
112 119
112 120
112 122
112 127
113 6
113 7
113 8
113 12
113 14
113 15
113 19
113 20
113 22
113 25
113 27
113 28
113 32
113 34
113 35
113 37
113 38
113 39
113 42
113 44
113 45
113 46
113 47
113 48
113 51
113 52
113 55
113 59
113 60
113 62
113 63
113 64
113 67
113 69
113 71
113 76
113 80
113 84
113 87
113 88
113 89
113 91
113 94
113 95
113 96
113 99
113 100
113 101
113 104
113 105
113 108
113 111
113 112
113 113
113 114
113 115
113 118
113 120
113 123
113 125
113 126
113 127
114 1
114 2
114 4
114 6
114 8
114 9
114 12
114 13
114 14
114 16
114 21
114 22
114 23
114 26
114 27
114 29
114 31
114 32
114 36
114 39
114 40
114 41
114 43
114 45
114 46
114 48
114 49
114 52
114 53
114 54
114 55
114 56
114 57
114 59
114 60
114 61
114 62
114 63
114 64
114 66
114 68
114 71
114 72
114 73
114 74
114 77
114 78
114 81
114 82
114 83
114 84
114 85
114 86
114 87
114 88
114 89
114 91
114 92
114 93
114 95
114 97
114 103
114 104
114 105
114 108
114 109
114 111
114 112
114 115
114 116
114 117
114 118
114 119
114 121
115 2
115 4
115 6
115 7
115 11
115 12
115 13
115 14
115 17
115 20
115 21
115 23
115 24
115 27
115 28
115 33
115 38
115 39
115 41
115 43
115 44
115 45
115 48
115 49
115 51
115 52
115 54
115 55
115 59
115 60
115 61
115 65
115 67
115 68
115 69
115 70
115 73
115 77
115 78
115 80
115 82
115 83
115 86
115 87
115 89
115 90
115 92
115 94
115 95
115 99
115 101
115 103
115 106
115 107
115 110
115 113
115 115
115 118
115 119
115 121
115 122
115 126
115 127
116 0
116 2
116 5
116 6
116 7
116 8
116 9
116 14
116 16
116 17
116 19
116 20
116 22
116 26
116 28
116 32
116 34
116 36
116 37
116 41
116 42
116 45
116 46
116 50
116 51
116 52
116 53
116 54
116 60
116 62
116 63
116 64
116 67
116 68
116 69
116 70
116 71
116 73
116 76
116 77
116 78
116 81
116 84
116 85
116 89
116 91
116 93
116 98
116 100
116 102
116 103
116 108
116 109
116 110
116 113
116 115
116 119
116 120
116 126
117 0
117 1
117 3
117 10
117 15
117 16
117 17
117 18
117 19
117 22
117 23
117 24
117 25
117 31
117 32
117 33
117 36
117 39
117 40
117 43
117 47
117 48
117 50
117 51
117 52
117 53
117 55
117 56
117 57
117 59
117 62
117 64
117 66
117 71
117 72
117 74
117 78
117 79
117 80
117 81
117 82
117 83
117 84
117 86
117 88
117 90
117 91
117 92
117 94
117 98
117 99
117 100
117 101
117 102
117 107
117 108
117 111
117 112
117 116
117 118
117 121
117 123
117 124
117 125
117 126
117 127
118 3
118 6
118 7
118 8
118 11
118 12
118 14
118 20
118 21
118 22
118 23
118 24
118 25
118 26
118 30
118 31
118 34
118 35
118 36
118 37
118 48
118 49
118 51
118 54
118 57
118 60
118 63
118 65
118 66
118 71
118 74
118 75
118 76
118 77
118 78
118 79
118 80
118 84
118 86
118 88
118 91
118 93
118 94
118 96
118 97
118 98
118 100
118 101
118 103
118 104
118 105
118 106
118 108
118 109
118 110
118 111
118 112
118 113
118 115
118 117
118 118
118 121
118 122
118 123
118 124
118 127
119 0
119 1
119 2
119 5
119 6
119 10
119 11
119 12
119 13
119 19
119 20
119 22
119 26
119 27
119 28
119 30
119 33
119 34
119 35
119 36
119 37
119 38
119 39
119 40
119 41
119 42
119 44
119 45
119 48
119 51
119 52
119 54
119 55
119 56
119 57
119 60
119 61
119 63
119 64
119 65
119 66
119 67
119 70
119 71
119 75
119 81
119 82
119 84
119 85
119 87
119 88
119 89
119 95
119 96
119 97
119 98
119 100
119 101
119 104
119 106
119 110
119 111
119 113
119 114
119 115
119 118
119 122
119 123
119 124
119 125
120 1
120 4
120 6
120 7
120 9
120 11
120 12
120 13
120 14
120 16
120 17
120 20
120 22
120 23
120 24
120 27
120 30
120 34
120 41
120 42
120 43
120 44
120 45
120 47
120 49
120 54
120 56
120 57
120 58
120 60
120 63
120 70
120 71
120 72
120 73
120 74
120 76
120 80
120 81
120 83
120 84
120 87
120 90
120 91
120 92
120 93
120 96
120 97
120 99
120 100
120 101
120 102
120 104
120 107
120 108
120 109
120 113
120 115
120 116
120 119
120 121
120 125
120 126
121 0
121 2
121 3
121 4
121 6
121 8
121 12
121 15
121 16
121 18
121 19
121 20
121 22
121 23
121 24
121 26
121 27
121 31
121 35
121 39
121 40
121 42
121 43
121 45
121 46
121 47
121 51
121 52
121 54
121 56
121 58
121 59
121 64
121 65
121 66
121 67
121 70
121 71
121 74
121 78
121 83
121 84
121 85
121 86
121 87
121 88
121 89
121 91
121 94
121 95
121 96
121 98
121 101
121 103
121 104
121 106
121 107
121 109
121 110
121 111
121 113
121 114
121 116
121 118
121 120
121 122
121 124
121 125
121 126
122 0
122 5
122 6
122 7
122 8
122 9
122 10
122 11
122 12
122 18
122 20
122 24
122 28
122 30
122 32
122 33
122 34
122 37
122 39
122 40
122 43
122 44
122 46
122 47
122 48
122 50
122 51
122 53
122 58
122 61
122 63
122 64
122 68
122 69
122 70
122 72
122 75
122 76
122 79
122 80
122 81
122 82
122 84
122 86
122 93
122 99
122 102
122 104
122 109
122 115
122 117
122 119
122 123
122 125
123 0
123 1
123 6
123 7
123 11
123 12
123 13
123 14
123 15
123 16
123 18
123 19
123 21
123 28
123 29
123 30
123 31
123 33
123 35
123 37
123 38
123 39
123 40
123 42
123 45
123 47
123 49
123 50
123 52
123 53
123 55
123 56
123 57
123 59
123 61
123 64
123 67
123 70
123 71
123 73
123 79
123 81
123 82
123 83
123 85
123 86
123 87
123 89
123 90
123 91
123 92
123 94
123 95
123 96
123 97
123 98
123 100
123 101
123 102
123 103
123 104
123 106
123 107
123 111
123 112
123 115
123 119
123 120
123 121
123 123
123 126
123 127
124 0
124 1
124 4
124 5
124 7
124 9
124 13
124 16
124 19
124 21
124 23
124 24
124 25
124 29
124 31
124 32
124 36
124 39
124 41
124 46
124 47
124 48
124 49
124 50
124 51
124 60
124 61
124 62
124 65
124 66
124 68
124 72
124 73
124 78
124 79
124 83
124 84
124 86
124 89
124 91
124 92
124 94
124 95
124 96
124 97
124 100
124 103
124 104
124 105
124 106
124 107
124 113
124 115
124 116
124 118
124 121
124 124
124 127
125 1
125 3
125 4
125 5
125 7
125 8
125 9
125 10
125 14
125 16
125 18
125 20
125 21
125 22
125 27
125 29
125 31
125 35
125 36
125 37
125 38
125 39
125 42
125 48
125 51
125 53
125 54
125 55
125 57
125 58
125 59
125 61
125 63
125 64
125 65
125 66
125 67
125 68
125 71
125 73
125 76
125 79
125 80
125 81
125 83
125 84
125 86
125 87
125 88
125 90
125 93
125 94
125 97
125 99
125 103
125 112
125 115
125 117
125 121
125 123
125 124
125 126
125 127
126 0
126 1
126 7
126 9
126 11
126 14
126 16
126 17
126 19
126 23
126 24
126 25
126 34
126 36
126 37
126 40
126 42
126 46
126 49
126 51
126 52
126 53
126 54
126 55
126 61
126 65
126 67
126 69
126 76
126 78
126 80
126 81
126 82
126 83
126 91
126 95
126 96
126 97
126 98
126 99
126 103
126 104
126 105
126 106
126 107
126 108
126 109
126 114
126 116
126 117
126 118
126 127
127 0
127 3
127 4
127 6
127 7
127 8
127 9
127 11
127 13
127 14
127 15
127 17
127 18
127 19
127 21
127 25
127 28
127 29
127 34
127 35
127 39
127 41
127 42
127 45
127 46
127 47
127 48
127 50
127 51
127 52
127 53
127 54
127 55
127 58
127 59
127 62
127 63
127 64
127 65
127 66
127 69
127 70
127 71
127 73
127 74
127 76
127 78
127 80
127 81
127 82
127 84
127 85
127 87
127 89
127 90
127 91
127 92
127 95
127 96
127 97
127 98
127 99
127 100
127 101
127 102
127 103
127 104
127 106
127 107
127 109
127 110
127 111
127 115
127 118
127 121
127 125
127 126
127 127
