0 0
0 7
0 9
0 16
0 31
0 48
0 54
0 63
0 74
0 91
0 97
0 98
0 107
0 120
1 5
1 7
1 23
1 24
1 38
1 45
1 46
1 51
1 53
1 71
1 75
1 83
1 115
1 119
1 125
2 9
2 14
2 31
2 46
2 54
2 73
2 76
2 77
2 80
2 90
2 115
3 6
3 9
3 18
3 19
3 29
3 51
3 63
3 66
3 73
3 95
3 103
3 104
4 3
4 27
4 48
4 55
4 60
4 67
4 83
4 88
4 95
4 117
5 8
5 28
5 40
5 45
5 61
5 88
5 99
5 109
6 2
6 35
6 42
6 43
6 45
6 51
6 52
6 57
6 58
6 67
6 80
6 93
6 121
7 0
7 5
7 7
7 12
7 15
7 21
7 53
7 59
7 63
7 64
7 65
7 86
7 90
7 114
8 7
8 21
8 36
8 37
8 52
8 66
8 70
8 82
8 93
8 101
8 123
9 19
9 37
9 41
9 45
9 55
9 126
10 7
10 14
10 18
10 20
10 40
10 52
10 58
10 61
10 75
10 82
10 83
10 94
10 117
10 123
10 124
11 9
11 11
11 12
11 18
11 21
11 31
11 41
11 46
11 60
11 67
11 101
11 102
12 16
12 18
12 25
12 48
12 53
12 62
12 66
12 70
13 8
13 11
13 13
13 30
13 34
13 47
13 62
13 65
13 88
13 111
13 116
13 118
13 122
14 14
14 28
14 31
14 44
14 45
14 47
14 50
14 64
14 75
14 90
14 93
14 108
14 119
15 0
15 2
15 5
15 7
15 9
15 22
15 28
15 32
15 41
15 45
15 55
15 66
15 89
15 91
15 100
15 102
15 110
15 114
15 123
16 4
16 10
16 20
16 26
16 30
16 38
16 43
16 61
16 63
16 70
16 77
16 89
16 97
16 105
16 118
17 2
17 12
17 15
17 16
17 25
17 27
17 30
17 32
17 40
17 41
17 48
17 51
17 57
17 74
17 91
17 96
17 98
17 102
17 105
17 126
18 4
18 27
18 30
18 35
18 39
18 40
18 59
18 63
18 79
18 84
18 120
18 121
19 7
19 23
19 43
19 53
19 63
19 85
19 91
19 99
19 100
19 111
19 112
19 113
19 123
20 7
20 10
20 11
20 52
20 65
20 90
20 91
20 92
20 101
20 102
20 112
20 127
21 13
21 22
21 23
21 28
21 32
21 48
21 49
21 63
21 69
21 74
21 79
21 102
21 110
21 115
21 116
22 26
22 29
22 30
22 37
22 49
22 50
22 66
22 73
22 78
22 96
22 100
22 103
22 109
22 112
22 119
22 125
23 0
23 44
23 66
23 72
23 73
23 80
23 81
23 85
23 91
23 111
23 115
24 8
24 10
24 28
24 40
24 41
24 46
24 52
24 54
24 56
24 73
24 83
24 90
24 91
24 92
24 97
24 108
25 0
25 11
25 15
25 32
25 39
25 62
25 65
25 67
25 78
25 82
25 92
25 98
25 99
25 107
25 111
25 114
25 119
26 18
26 29
26 65
26 87
26 97
26 113
26 115
26 122
27 1
27 9
27 11
27 29
27 34
27 39
27 44
27 45
27 54
27 61
27 70
27 74
27 79
27 96
27 110
28 8
28 12
28 15
28 16
28 18
28 20
28 46
28 71
28 78
28 98
28 105
28 110
28 111
29 4
29 10
29 30
29 34
29 40
29 45
29 54
29 59
29 84
29 98
29 103
29 117
29 118
29 120
29 121
30 5
30 8
30 27
30 31
30 35
30 43
30 49
30 51
30 55
30 59
30 60
30 62
30 65
30 69
30 70
30 71
30 74
30 81
30 84
30 90
30 92
30 94
30 103
30 107
30 112
30 115
30 119
31 5
31 30
31 34
31 44
31 45
31 64
31 81
31 93
31 107
31 114
31 119
32 0
32 1
32 14
32 26
32 28
32 38
32 43
32 46
32 52
32 69
32 71
32 83
32 89
32 122
33 1
33 7
33 12
33 15
33 17
33 23
33 24
33 36
33 53
33 63
33 69
33 80
33 87
33 98
34 4
34 19
34 20
34 30
34 34
34 38
34 62
34 68
34 93
34 101
34 102
34 103
34 106
34 109
34 111
34 116
34 121
35 13
35 19
35 38
35 53
35 54
35 73
35 82
35 97
35 111
35 112
35 123
35 124
36 14
36 40
36 43
36 49
36 52
36 60
36 80
36 81
36 85
36 108
36 110
37 3
37 11
37 26
37 42
37 51
37 55
37 59
37 70
37 72
37 73
37 87
37 90
37 96
37 99
37 100
37 101
37 107
38 2
38 4
38 5
38 17
38 71
38 105
38 112
39 4
39 5
39 6
39 10
39 29
39 40
39 65
40 24
40 39
40 40
40 51
40 53
40 60
40 68
40 75
40 92
41 3
41 4
41 41
41 45
41 62
41 77
41 97
41 100
42 1
42 5
42 16
42 26
42 28
42 36
42 46
42 53
42 56
42 74
42 86
42 109
43 4
43 5
43 48
43 49
43 50
43 65
43 76
43 78
43 80
43 101
43 104
43 121
44 0
44 18
44 24
44 29
44 51
44 101
44 113
44 115
45 16
45 33
45 34
45 58
45 61
45 68
45 78
45 81
45 97
45 104
45 118
46 1
46 10
46 52
46 53
46 55
46 93
46 98
46 102
46 104
46 108
47 3
47 4
47 8
47 18
47 28
47 40
47 45
47 47
47 59
47 68
47 71
47 72
47 77
47 78
47 87
47 92
47 94
47 97
47 124
47 127
48 3
48 20
48 23
48 30
48 34
48 41
48 44
48 51
48 54
48 73
48 100
48 110
48 124
49 1
49 6
49 11
49 14
49 25
49 26
49 27
49 33
49 40
49 71
49 76
49 90
49 97
49 107
49 124
50 4
50 6
50 12
50 16
50 30
50 43
50 68
50 88
50 105
51 34
51 41
51 43
51 54
51 67
51 69
51 70
51 79
51 93
51 95
51 102
51 105
51 113
52 4
52 14
52 20
52 32
52 34
52 57
52 70
52 73
52 91
52 104
52 118
53 7
53 15
53 22
53 30
53 46
53 53
53 61
53 71
53 76
53 82
53 85
53 88
53 89
53 103
53 108
53 116
53 127
54 0
54 2
54 3
54 10
54 18
54 19
54 31
54 49
54 59
54 64
54 72
54 106
54 127
55 3
55 5
55 8
55 19
55 27
55 37
55 38
55 64
55 65
56 2
56 13
56 48
56 55
56 58
56 66
56 99
57 6
57 24
57 34
57 36
57 37
57 43
57 53
57 55
57 62
57 66
57 71
57 77
57 78
57 107
57 109
57 111
57 115
57 116
57 127
58 3
58 5
58 10
58 11
58 16
58 17
58 21
58 23
58 24
58 29
58 30
58 40
58 44
58 47
58 78
58 81
58 92
58 106
58 126
59 5
59 6
59 17
59 18
59 33
59 38
59 61
59 71
59 77
59 88
59 92
59 121
60 17
60 30
60 36
60 38
60 45
60 49
60 56
60 57
60 80
60 81
60 86
60 90
60 111
60 113
61 14
61 52
61 64
61 67
61 88
61 98
61 104
61 112
61 113
61 115
61 124
62 15
62 24
62 52
62 90
62 96
62 105
62 112
62 117
62 122
63 5
63 12
63 16
63 17
63 20
63 24
63 31
63 56
63 57
63 67
63 77
63 90
63 99
63 104
63 123
64 0
64 4
64 9
64 31
64 54
64 57
64 66
64 98
64 100
64 117
64 119
64 121
64 124
65 11
65 32
65 68
65 78
65 81
65 85
65 91
65 95
65 111
65 115
65 124
65 127
66 13
66 26
66 34
66 40
66 43
66 60
66 75
66 79
66 84
66 87
66 107
66 110
66 115
67 1
67 6
67 7
67 42
67 63
67 67
67 70
67 117
67 126
67 127
68 3
68 6
68 12
68 17
68 28
68 36
68 37
68 55
68 120
69 3
69 31
69 39
69 47
69 49
69 51
69 54
69 72
69 91
69 92
69 114
69 115
70 6
70 10
70 18
70 38
70 39
70 60
70 65
70 83
70 84
70 86
70 94
70 102
70 106
70 108
70 114
70 121
71 8
71 12
71 17
71 29
71 50
71 54
71 55
71 85
71 94
71 100
71 104
71 106
71 112
71 122
72 22
72 31
72 36
72 41
72 49
72 58
72 61
72 63
72 67
72 86
72 98
72 104
72 114
73 19
73 21
73 39
73 57
73 67
73 68
73 74
73 80
73 94
73 111
73 113
73 121
74 1
74 18
74 36
74 56
74 68
74 69
74 95
74 109
74 116
74 118
75 3
75 18
75 31
75 32
75 34
75 58
75 63
75 65
75 83
75 90
75 102
75 103
75 117
75 124
76 10
76 16
76 23
76 58
76 77
76 84
76 93
76 107
76 120
76 124
77 12
77 24
77 33
77 41
77 42
77 49
77 60
77 65
77 66
77 69
77 76
77 83
77 117
77 119
77 124
77 127
78 31
78 36
78 42
78 48
78 55
78 58
78 120
78 122
79 1
79 25
79 26
79 34
79 36
79 45
79 52
79 83
79 96
79 110
79 114
80 4
80 6
80 7
80 19
80 27
80 38
80 47
80 53
80 82
80 83
80 97
80 104
80 113
80 115
80 118
80 123
81 4
81 20
81 22
81 24
81 35
81 40
81 43
81 49
81 57
81 58
81 68
81 70
81 71
81 74
81 83
81 87
81 92
81 96
81 110
81 113
81 125
81 126
82 4
82 10
82 15
82 30
82 31
82 33
82 43
82 65
82 68
82 70
82 92
82 93
82 110
82 114
82 118
82 120
82 121
83 17
83 34
83 57
83 61
83 69
83 98
83 111
84 0
84 3
84 8
84 28
84 30
84 38
84 41
84 48
84 53
84 54
84 57
84 70
84 83
84 89
84 98
84 108
84 109
84 110
84 116
84 118
84 121
84 126
85 0
85 20
85 22
85 27
85 38
85 47
85 64
85 76
85 87
85 88
85 116
86 1
86 11
86 17
86 64
86 94
86 96
86 105
86 114
86 115
86 119
87 2
87 14
87 18
87 19
87 22
87 40
87 45
87 62
87 95
87 110
87 117
88 3
88 35
88 36
88 62
88 65
88 71
88 75
88 83
88 85
88 92
88 94
88 97
89 1
89 9
89 23
89 46
89 47
89 52
89 84
89 90
89 104
89 116
89 119
90 3
90 25
90 45
90 55
90 66
90 73
90 76
90 81
90 92
90 99
90 109
90 114
90 116
90 125
91 7
91 14
91 17
91 28
91 52
91 86
91 88
91 91
91 94
91 102
91 116
91 117
91 120
92 0
92 2
92 8
92 21
92 34
92 51
92 56
92 62
92 64
92 88
92 96
92 106
92 107
92 114
92 126
93 2
93 14
93 27
93 30
93 36
93 42
93 51
93 52
93 81
93 89
93 90
93 94
93 96
93 100
93 101
93 107
93 110
93 117
93 122
94 7
94 31
94 34
94 52
94 56
94 78
94 80
94 85
94 93
94 97
94 112
94 115
94 125
94 127
95 3
95 4
95 12
95 22
95 27
95 31
95 63
95 81
95 104
95 106
95 112
95 115
96 1
96 5
96 9
96 10
96 15
96 31
96 32
96 33
96 59
96 63
96 69
96 79
96 90
96 97
96 116
96 118
96 122
96 124
96 127
97 11
97 20
97 29
97 39
97 40
97 50
97 59
97 71
97 100
97 110
97 115
97 116
97 123
97 125
98 3
98 4
98 16
98 27
98 57
98 59
98 61
98 70
98 88
98 94
98 108
98 115
98 125
99 31
99 48
99 55
99 93
99 103
99 115
100 9
100 23
100 24
100 35
100 36
100 45
100 54
100 56
100 62
100 70
100 81
100 87
100 90
100 94
100 95
100 99
100 104
100 105
100 118
100 122
101 12
101 14
101 28
101 35
101 78
101 99
101 106
101 112
101 116
101 125
102 12
102 26
102 39
102 54
102 69
102 81
102 82
102 85
102 110
103 26
103 37
103 51
103 57
103 78
103 86
103 93
103 98
103 104
103 111
104 0
104 12
104 24
104 32
104 38
104 40
104 51
104 57
104 73
104 75
104 91
104 99
104 108
104 114
104 118
104 119
105 2
105 8
105 9
105 11
105 13
105 16
105 44
105 50
105 54
105 76
105 86
105 98
105 100
105 101
105 124
106 4
106 6
106 8
106 14
106 16
106 29
106 42
106 59
106 66
106 86
106 95
106 104
106 106
106 122
106 124
106 127
107 18
107 26
107 39
107 40
107 42
107 69
107 90
107 107
107 108
108 8
108 16
108 26
108 27
108 46
108 47
108 52
108 54
108 66
108 69
108 82
108 109
108 112
108 114
109 0
109 43
109 44
109 49
109 66
109 68
109 83
109 102
109 104
109 116
110 6
110 11
110 17
110 20
110 32
110 41
110 47
110 57
110 74
110 83
110 105
110 119
111 12
111 33
111 34
111 37
111 40
111 46
111 51
111 57
111 69
111 70
111 71
111 79
111 80
111 87
111 98
111 100
111 101
112 7
112 15
112 22
112 32
112 45
112 46
112 49
112 55
112 56
112 63
112 70
112 78
112 81
112 82
112 99
113 7
113 51
113 58
113 59
113 60
113 61
113 63
113 65
113 70
113 81
113 82
113 86
113 91
113 105
113 106
114 22
114 40
114 53
114 66
114 68
114 77
114 84
115 6
115 40
115 50
115 58
115 64
115 71
115 81
115 82
115 84
115 110
115 115
116 17
116 23
116 26
116 29
116 31
116 33
116 34
116 46
116 50
116 99
116 110
116 118
116 121
117 6
117 17
117 19
117 24
117 31
117 43
117 60
117 62
117 69
117 107
117 120
118 0
118 26
118 31
118 67
118 69
118 76
118 91
118 93
118 119
119 0
119 9
119 31
119 49
119 56
119 66
119 72
119 75
119 80
119 83
119 92
119 102
119 110
119 111
120 6
120 11
120 24
120 36
120 60
120 71
120 78
120 89
120 100
120 103
120 108
120 113
121 9
121 10
121 22
121 27
121 32
121 34
121 43
121 52
121 58
121 80
121 85
121 87
121 114
121 116
121 117
122 21
122 25
122 29
122 33
122 40
122 60
122 63
122 72
122 78
122 84
122 91
122 98
122 120
122 125
123 4
123 7
123 9
123 21
123 41
123 44
123 55
123 60
123 70
123 84
123 95
123 110
123 121
124 1
124 7
124 29
124 45
124 56
124 61
124 66
124 76
124 85
124 125
125 19
125 46
125 80
125 85
125 90
125 91
125 99
125 100
125 107
125 111
125 118
125 122
126 4
126 26
126 29
126 84
126 99
127 6
127 18
127 38
127 66
127 99
127 120
127 123
127 124
