0 3
0 10
0 13
0 20
0 21
0 28
0 30
0 32
0 35
0 38
0 42
0 45
0 50
0 51
0 53
0 55
0 57
0 60
0 67
0 71
0 73
0 75
0 76
0 78
0 79
0 82
0 86
0 98
0 99
0 102
0 104
0 109
0 111
0 112
0 113
0 114
0 120
0 122
0 124
0 125
0 126
1 0
1 4
1 8
1 11
1 18
1 23
1 25
1 27
1 31
1 32
1 34
1 36
1 39
1 40
1 43
1 49
1 52
1 55
1 61
1 62
1 65
1 66
1 67
1 69
1 76
1 77
1 80
1 81
1 82
1 85
1 86
1 87
1 89
1 92
1 94
1 96
1 100
1 104
1 110
1 111
1 116
1 122
1 124
1 126
2 11
2 15
2 16
2 20
2 23
2 25
2 29
2 33
2 39
2 40
2 41
2 42
2 49
2 50
2 51
2 52
2 54
2 55
2 57
2 61
2 64
2 65
2 66
2 68
2 69
2 70
2 71
2 83
2 87
2 109
2 111
2 114
2 116
2 118
2 123
2 126
3 1
3 12
3 16
3 17
3 22
3 23
3 25
3 27
3 31
3 41
3 42
3 45
3 46
3 51
3 60
3 61
3 63
3 69
3 76
3 79
3 81
3 90
3 92
3 94
3 101
3 103
3 104
3 106
3 108
3 109
3 110
3 115
3 116
3 118
3 120
3 127
4 0
4 6
4 9
4 11
4 14
4 16
4 20
4 21
4 22
4 24
4 25
4 27
4 30
4 31
4 39
4 41
4 44
4 45
4 47
4 49
4 50
4 62
4 63
4 64
4 66
4 70
4 73
4 79
4 91
4 94
4 98
4 99
4 106
4 110
4 113
4 115
4 116
4 120
4 121
4 122
4 123
5 0
5 6
5 7
5 17
5 22
5 26
5 29
5 32
5 35
5 39
5 45
5 48
5 53
5 54
5 56
5 63
5 69
5 74
5 75
5 82
5 90
5 94
5 95
5 96
5 101
5 103
5 105
5 107
5 113
5 116
5 121
5 124
5 125
6 6
6 7
6 11
6 15
6 16
6 17
6 18
6 19
6 22
6 25
6 26
6 30
6 31
6 33
6 36
6 39
6 41
6 48
6 50
6 51
6 53
6 54
6 57
6 59
6 62
6 64
6 65
6 67
6 74
6 75
6 76
6 81
6 84
6 87
6 90
6 99
6 101
6 104
6 109
6 111
6 113
6 115
6 116
6 120
6 127
7 1
7 4
7 5
7 11
7 13
7 15
7 19
7 23
7 24
7 25
7 26
7 27
7 32
7 34
7 40
7 43
7 48
7 50
7 55
7 60
7 61
7 65
7 67
7 70
7 72
7 73
7 75
7 80
7 85
7 90
7 92
7 95
7 101
7 108
7 110
7 115
7 120
7 124
8 0
8 4
8 6
8 7
8 10
8 15
8 18
8 22
8 38
8 45
8 47
8 48
8 50
8 51
8 52
8 56
8 58
8 63
8 70
8 74
8 78
8 80
8 82
8 87
8 89
8 90
8 92
8 93
8 94
8 96
8 103
8 111
8 115
8 120
8 121
9 1
9 3
9 4
9 6
9 10
9 11
9 15
9 17
9 21
9 22
9 27
9 40
9 41
9 44
9 45
9 47
9 51
9 52
9 55
9 60
9 61
9 66
9 69
9 71
9 74
9 76
9 97
9 99
9 100
9 107
9 116
9 117
9 121
9 123
9 124
10 2
10 10
10 12
10 15
10 16
10 25
10 32
10 34
10 36
10 37
10 41
10 42
10 45
10 50
10 52
10 56
10 62
10 63
10 66
10 68
10 73
10 74
10 77
10 79
10 80
10 82
10 84
10 90
10 93
10 95
10 96
10 97
10 98
10 102
10 108
10 109
10 112
10 115
10 116
10 127
11 2
11 9
11 16
11 21
11 27
11 28
11 29
11 32
11 35
11 48
11 51
11 52
11 55
11 56
11 57
11 59
11 60
11 61
11 68
11 70
11 78
11 82
11 84
11 87
11 90
11 92
11 96
11 98
11 99
11 103
11 104
11 107
11 116
11 122
11 123
11 126
12 4
12 8
12 12
12 17
12 22
12 29
12 30
12 32
12 33
12 37
12 39
12 44
12 45
12 47
12 48
12 49
12 51
12 62
12 65
12 66
12 68
12 70
12 72
12 76
12 82
12 83
12 86
12 89
12 91
12 95
12 98
12 105
12 111
12 115
12 124
12 125
12 126
13 5
13 10
13 19
13 25
13 34
13 36
13 38
13 41
13 42
13 45
13 49
13 50
13 55
13 58
13 60
13 65
13 70
13 71
13 73
13 81
13 87
13 88
13 89
13 93
13 94
13 97
13 106
13 116
13 118
13 121
13 123
13 125
14 1
14 15
14 19
14 20
14 28
14 30
14 31
14 40
14 42
14 45
14 46
14 50
14 52
14 53
14 57
14 59
14 66
14 68
14 70
14 72
14 74
14 82
14 85
14 87
14 101
14 102
14 103
14 107
14 109
14 116
14 118
14 119
14 121
14 124
15 1
15 4
15 9
15 11
15 13
15 22
15 23
15 26
15 28
15 31
15 32
15 34
15 46
15 48
15 50
15 54
15 56
15 57
15 59
15 61
15 66
15 67
15 75
15 85
15 89
15 94
15 97
15 100
15 104
15 106
15 107
15 111
15 112
15 113
15 114
15 116
15 118
15 119
15 122
15 126
15 127
16 6
16 8
16 9
16 10
16 11
16 13
16 15
16 26
16 28
16 32
16 33
16 37
16 44
16 46
16 50
16 52
16 54
16 57
16 67
16 68
16 73
16 76
16 77
16 78
16 84
16 86
16 87
16 88
16 95
16 101
16 105
16 109
16 110
16 112
16 113
16 121
16 123
16 124
16 125
16 127
17 2
17 3
17 4
17 6
17 7
17 9
17 18
17 21
17 22
17 24
17 25
17 26
17 32
17 33
17 37
17 49
17 53
17 54
17 55
17 58
17 60
17 63
17 66
17 69
17 73
17 75
17 80
17 81
17 82
17 84
17 85
17 88
17 94
17 108
17 114
17 115
17 116
17 121
17 123
17 125
17 127
18 3
18 12
18 16
18 18
18 20
18 22
18 24
18 27
18 28
18 30
18 31
18 35
18 36
18 37
18 44
18 47
18 48
18 49
18 51
18 60
18 65
18 67
18 70
18 71
18 73
18 81
18 83
18 85
18 86
18 92
18 94
18 97
18 98
18 107
18 115
18 117
18 118
18 121
18 126
19 0
19 3
19 7
19 9
19 17
19 21
19 23
19 28
19 30
19 32
19 36
19 39
19 41
19 46
19 53
19 65
19 66
19 69
19 73
19 75
19 76
19 77
19 80
19 84
19 87
19 88
19 91
19 93
19 94
19 97
19 99
19 101
19 102
19 113
19 120
20 1
20 4
20 7
20 15
20 16
20 18
20 19
20 21
20 23
20 24
20 25
20 28
20 30
20 32
20 33
20 34
20 35
20 38
20 40
20 45
20 52
20 53
20 62
20 67
20 70
20 73
20 74
20 76
20 83
20 90
20 91
20 93
20 100
20 101
20 102
20 106
20 111
20 113
20 118
20 119
20 120
21 1
21 3
21 18
21 19
21 21
21 23
21 24
21 25
21 30
21 32
21 33
21 36
21 45
21 52
21 53
21 55
21 59
21 61
21 62
21 63
21 66
21 67
21 68
21 69
21 70
21 71
21 72
21 77
21 78
21 80
21 83
21 86
21 87
21 90
21 92
21 97
21 98
21 106
21 120
21 123
22 7
22 11
22 13
22 14
22 18
22 24
22 25
22 30
22 38
22 40
22 41
22 43
22 47
22 56
22 58
22 60
22 66
22 69
22 71
22 73
22 74
22 75
22 77
22 83
22 84
22 87
22 88
22 91
22 95
22 100
22 105
22 106
22 108
22 110
22 111
22 112
22 114
22 115
22 116
22 117
22 118
22 119
22 122
22 124
23 7
23 13
23 15
23 16
23 17
23 20
23 24
23 25
23 33
23 34
23 40
23 42
23 43
23 51
23 55
23 58
23 63
23 68
23 69
23 73
23 75
23 81
23 83
23 85
23 97
23 98
23 101
23 107
23 117
23 119
23 120
23 123
23 125
23 126
24 6
24 7
24 8
24 9
24 10
24 11
24 16
24 33
24 37
24 38
24 39
24 42
24 46
24 47
24 52
24 53
24 54
24 55
24 56
24 60
24 62
24 67
24 68
24 69
24 73
24 74
24 76
24 79
24 82
24 83
24 87
24 88
24 90
24 92
24 95
24 96
24 100
24 104
24 110
24 114
24 116
24 124
24 126
24 127
25 3
25 9
25 10
25 16
25 19
25 22
25 23
25 30
25 33
25 34
25 36
25 42
25 46
25 47
25 51
25 61
25 64
25 71
25 74
25 75
25 78
25 81
25 82
25 83
25 88
25 92
25 93
25 94
25 99
25 103
25 105
25 110
25 116
25 121
25 123
25 124
25 127
26 5
26 33
26 34
26 44
26 48
26 49
26 50
26 53
26 55
26 57
26 59
26 60
26 63
26 70
26 72
26 81
26 86
26 87
26 88
26 92
26 93
26 95
26 99
26 100
26 101
26 102
26 104
26 105
26 107
26 111
26 115
26 123
26 127
27 2
27 6
27 14
27 16
27 17
27 20
27 21
27 24
27 31
27 32
27 33
27 39
27 43
27 46
27 47
27 48
27 49
27 51
27 61
27 67
27 73
27 74
27 81
27 84
27 85
27 87
27 90
27 93
27 98
27 102
27 105
27 107
27 109
27 118
27 119
27 122
27 123
27 127
28 0
28 9
28 10
28 14
28 15
28 17
28 26
28 27
28 33
28 34
28 39
28 42
28 50
28 52
28 59
28 60
28 61
28 62
28 65
28 66
28 69
28 70
28 71
28 73
28 74
28 79
28 80
28 81
28 83
28 88
28 90
28 100
28 103
28 104
28 108
28 109
28 110
28 113
28 125
28 126
29 1
29 4
29 5
29 7
29 8
29 11
29 18
29 19
29 21
29 22
29 29
29 37
29 38
29 41
29 46
29 49
29 56
29 63
29 65
29 66
29 73
29 74
29 77
29 83
29 85
29 90
29 92
29 94
29 96
29 97
29 100
29 106
29 107
29 109
29 112
29 115
29 117
29 119
29 124
29 127
30 1
30 4
30 13
30 14
30 20
30 21
30 22
30 24
30 25
30 33
30 41
30 49
30 51
30 52
30 54
30 55
30 58
30 60
30 66
30 72
30 73
30 74
30 75
30 78
30 79
30 86
30 87
30 91
30 92
30 94
30 95
30 96
30 99
30 102
30 103
30 106
30 109
30 110
30 111
30 112
30 114
30 115
30 119
30 120
31 1
31 4
31 5
31 7
31 9
31 11
31 14
31 18
31 26
31 29
31 31
31 36
31 38
31 40
31 41
31 44
31 45
31 46
31 47
31 52
31 53
31 55
31 58
31 61
31 63
31 64
31 66
31 68
31 71
31 73
31 79
31 80
31 84
31 88
31 89
31 94
31 96
31 102
31 107
31 113
31 118
31 120
31 124
32 0
32 1
32 7
32 10
32 11
32 15
32 18
32 19
32 31
32 34
32 40
32 49
32 50
32 52
32 54
32 55
32 57
32 59
32 61
32 66
32 70
32 80
32 87
32 93
32 94
32 95
32 101
32 102
32 104
32 106
32 109
32 116
32 123
32 124
33 9
33 10
33 11
33 14
33 15
33 16
33 20
33 24
33 26
33 32
33 33
33 43
33 47
33 49
33 51
33 59
33 63
33 72
33 73
33 74
33 76
33 84
33 85
33 86
33 88
33 89
33 96
33 98
33 99
33 103
33 108
33 109
33 111
33 112
33 120
33 127
34 2
34 7
34 8
34 14
34 17
34 18
34 24
34 26
34 27
34 31
34 35
34 39
34 40
34 45
34 47
34 48
34 54
34 56
34 60
34 68
34 71
34 80
34 83
34 84
34 85
34 88
34 90
34 95
34 99
34 100
34 101
34 102
34 104
34 105
34 109
34 115
34 118
34 119
34 123
35 0
35 6
35 9
35 17
35 19
35 21
35 23
35 25
35 26
35 27
35 31
35 34
35 35
35 39
35 43
35 48
35 54
35 55
35 57
35 58
35 65
35 66
35 71
35 72
35 74
35 78
35 80
35 82
35 83
35 87
35 90
35 93
35 95
35 96
35 97
35 107
35 112
35 117
35 119
35 122
35 124
35 125
35 126
36 4
36 12
36 18
36 22
36 24
36 28
36 29
36 33
36 41
36 43
36 45
36 49
36 52
36 55
36 60
36 62
36 63
36 70
36 73
36 74
36 75
36 81
36 82
36 84
36 86
36 90
36 91
36 94
36 100
36 101
36 102
36 104
36 109
36 117
37 1
37 7
37 9
37 10
37 11
37 13
37 15
37 17
37 19
37 23
37 26
37 30
37 34
37 35
37 37
37 38
37 39
37 40
37 43
37 46
37 52
37 56
37 58
37 61
37 63
37 76
37 79
37 82
37 90
37 92
37 94
37 95
37 96
37 97
37 103
37 108
37 114
37 117
37 120
37 126
37 127
38 0
38 5
38 6
38 7
38 8
38 21
38 23
38 26
38 32
38 37
38 40
38 41
38 46
38 47
38 54
38 55
38 57
38 58
38 60
38 63
38 69
38 70
38 71
38 72
38 76
38 81
38 89
38 91
38 92
38 93
38 94
38 96
38 101
38 104
38 105
38 107
38 111
38 116
38 117
38 119
38 121
38 123
38 126
39 3
39 6
39 14
39 16
39 20
39 21
39 24
39 29
39 30
39 34
39 38
39 48
39 49
39 51
39 53
39 54
39 67
39 70
39 71
39 73
39 80
39 84
39 85
39 87
39 90
39 94
39 99
39 100
39 102
39 110
39 112
39 113
39 114
39 115
39 118
39 121
39 126
40 0
40 1
40 3
40 4
40 7
40 12
40 16
40 17
40 23
40 31
40 33
40 36
40 37
40 39
40 45
40 51
40 54
40 59
40 68
40 69
40 72
40 74
40 82
40 84
40 85
40 88
40 95
40 100
40 104
40 108
40 110
40 114
40 116
40 120
40 121
40 124
40 126
41 5
41 6
41 9
41 11
41 13
41 15
41 18
41 19
41 24
41 27
41 28
41 29
41 31
41 33
41 34
41 36
41 37
41 38
41 40
41 41
41 48
41 50
41 51
41 52
41 55
41 58
41 59
41 68
41 69
41 70
41 71
41 73
41 77
41 81
41 84
41 86
41 89
41 91
41 93
41 95
41 97
41 99
41 106
41 110
41 112
41 117
41 119
41 126
42 8
42 9
42 11
42 12
42 21
42 22
42 24
42 26
42 31
42 36
42 37
42 38
42 43
42 52
42 53
42 55
42 56
42 59
42 61
42 67
42 71
42 72
42 73
42 75
42 77
42 84
42 86
42 87
42 88
42 91
42 123
42 127
43 6
43 18
43 24
43 29
43 30
43 34
43 36
43 43
43 45
43 46
43 50
43 51
43 54
43 55
43 56
43 59
43 65
43 70
43 78
43 79
43 88
43 93
43 95
43 97
43 100
43 102
43 103
43 105
43 109
43 114
43 116
43 117
43 118
43 120
43 122
43 123
43 126
43 127
44 3
44 7
44 10
44 14
44 24
44 25
44 27
44 29
44 35
44 42
44 47
44 56
44 60
44 63
44 66
44 67
44 70
44 80
44 85
44 91
44 92
44 98
44 99
44 102
44 111
44 117
44 118
44 121
44 125
45 2
45 9
45 10
45 12
45 17
45 21
45 22
45 23
45 26
45 29
45 31
45 35
45 38
45 40
45 44
45 47
45 48
45 49
45 60
45 62
45 67
45 69
45 77
45 80
45 82
45 83
45 85
45 87
45 90
45 92
45 93
45 95
45 97
45 99
45 105
45 108
45 118
45 120
45 122
45 127
46 1
46 2
46 5
46 13
46 15
46 24
46 26
46 28
46 31
46 32
46 37
46 38
46 44
46 48
46 50
46 51
46 52
46 56
46 57
46 59
46 62
46 68
46 71
46 74
46 77
46 84
46 85
46 93
46 97
46 105
46 107
46 112
46 117
46 126
47 4
47 6
47 11
47 13
47 14
47 16
47 17
47 19
47 20
47 21
47 25
47 27
47 28
47 30
47 31
47 38
47 39
47 41
47 42
47 43
47 50
47 57
47 58
47 61
47 71
47 73
47 78
47 80
47 85
47 86
47 90
47 91
47 92
47 101
47 103
47 114
47 115
47 126
48 0
48 4
48 11
48 15
48 17
48 19
48 20
48 24
48 27
48 31
48 37
48 38
48 39
48 44
48 45
48 46
48 47
48 49
48 51
48 53
48 56
48 57
48 58
48 64
48 66
48 68
48 69
48 70
48 73
48 75
48 80
48 87
48 90
48 93
48 101
48 102
48 105
48 112
48 120
48 125
48 126
49 1
49 5
49 9
49 15
49 19
49 29
49 30
49 31
49 33
49 34
49 37
49 39
49 42
49 47
49 53
49 57
49 59
49 61
49 64
49 69
49 73
49 75
49 79
49 80
49 82
49 85
49 95
49 97
49 102
49 103
49 105
49 113
49 115
49 116
49 120
49 123
49 127
50 1
50 4
50 5
50 6
50 7
50 8
50 10
50 16
50 18
50 19
50 22
50 29
50 33
50 34
50 39
50 40
50 46
50 48
50 49
50 53
50 54
50 62
50 66
50 68
50 69
50 70
50 74
50 76
50 83
50 84
50 86
50 92
50 93
50 97
50 104
50 105
50 106
50 107
50 109
50 110
50 113
50 115
50 116
50 121
50 123
50 125
51 1
51 3
51 6
51 7
51 10
51 12
51 13
51 14
51 15
51 19
51 26
51 27
51 30
51 34
51 39
51 40
51 43
51 46
51 52
51 58
51 61
51 68
51 69
51 71
51 74
51 76
51 79
51 80
51 82
51 86
51 87
51 88
51 91
51 93
51 95
51 98
51 99
51 111
51 112
51 115
51 116
51 117
51 118
51 120
51 121
51 122
52 2
52 7
52 15
52 17
52 22
52 26
52 27
52 31
52 41
52 45
52 46
52 52
52 53
52 57
52 69
52 75
52 77
52 83
52 86
52 89
52 93
52 97
52 98
52 102
52 105
52 109
52 115
52 116
52 127
53 1
53 10
53 11
53 13
53 17
53 18
53 19
53 23
53 24
53 31
53 33
53 34
53 36
53 39
53 40
53 41
53 42
53 43
53 44
53 45
53 46
53 50
53 53
53 55
53 56
53 58
53 63
53 72
53 73
53 81
53 82
53 85
53 86
53 90
53 93
53 95
53 99
53 101
53 108
53 109
53 110
53 112
53 119
53 121
53 122
53 124
54 3
54 9
54 11
54 13
54 14
54 19
54 21
54 28
54 31
54 33
54 36
54 43
54 51
54 52
54 54
54 55
54 59
54 60
54 63
54 66
54 72
54 73
54 75
54 81
54 96
54 103
54 107
54 111
54 114
54 118
54 120
54 126
54 127
55 6
55 7
55 8
55 11
55 12
55 13
55 15
55 24
55 27
55 28
55 30
55 31
55 37
55 39
55 44
55 49
55 52
55 53
55 57
55 59
55 61
55 67
55 70
55 71
55 72
55 79
55 83
55 85
55 89
55 95
55 97
55 98
55 102
55 104
55 108
55 113
55 121
56 6
56 7
56 11
56 14
56 16
56 24
56 25
56 28
56 30
56 34
56 37
56 40
56 41
56 44
56 46
56 47
56 48
56 51
56 52
56 53
56 55
56 58
56 61
56 64
56 65
56 71
56 73
56 75
56 76
56 78
56 91
56 94
56 96
56 97
56 101
56 104
56 110
56 125
56 126
57 5
57 13
57 22
57 23
57 24
57 30
57 32
57 33
57 36
57 47
57 52
57 57
57 58
57 59
57 64
57 65
57 66
57 67
57 71
57 73
57 74
57 75
57 76
57 78
57 79
57 81
57 82
57 83
57 84
57 86
57 92
57 103
57 106
57 110
57 114
57 115
57 119
57 123
57 125
58 1
58 2
58 8
58 9
58 11
58 12
58 17
58 25
58 27
58 30
58 32
58 37
58 39
58 41
58 44
58 47
58 51
58 53
58 54
58 55
58 59
58 60
58 62
58 66
58 71
58 78
58 79
58 80
58 83
58 90
58 94
58 96
58 106
58 107
58 111
58 113
58 115
58 117
58 122
58 124
58 125
58 126
59 0
59 2
59 4
59 5
59 7
59 10
59 12
59 19
59 21
59 22
59 24
59 27
59 29
59 32
59 43
59 46
59 47
59 48
59 49
59 51
59 54
59 57
59 59
59 61
59 68
59 76
59 77
59 80
59 81
59 91
59 93
59 99
59 103
59 115
59 117
59 121
60 6
60 8
60 13
60 26
60 27
60 28
60 31
60 35
60 42
60 44
60 45
60 49
60 50
60 54
60 55
60 59
60 63
60 64
60 67
60 69
60 73
60 76
60 84
60 85
60 88
60 90
60 95
60 104
60 118
60 120
60 121
60 125
61 0
61 2
61 4
61 5
61 7
61 12
61 13
61 37
61 40
61 42
61 44
61 49
61 50
61 52
61 60
61 62
61 66
61 69
61 71
61 74
61 75
61 77
61 78
61 79
61 82
61 83
61 90
61 92
61 93
61 94
61 98
61 103
61 105
61 106
61 107
61 108
61 111
61 114
61 116
61 117
61 119
61 124
61 127
62 12
62 13
62 14
62 15
62 16
62 17
62 18
62 22
62 28
62 33
62 35
62 36
62 43
62 44
62 46
62 48
62 49
62 54
62 56
62 59
62 64
62 66
62 69
62 73
62 74
62 75
62 79
62 82
62 88
62 91
62 97
62 101
62 102
62 110
62 112
63 0
63 10
63 11
63 16
63 17
63 21
63 27
63 29
63 30
63 33
63 35
63 39
63 42
63 49
63 53
63 60
63 62
63 66
63 67
63 69
63 74
63 75
63 76
63 78
63 81
63 93
63 98
63 102
63 105
63 107
63 109
63 116
63 119
63 123
63 126
63 127
64 6
64 9
64 12
64 17
64 19
64 21
64 23
64 24
64 26
64 28
64 31
64 38
64 42
64 43
64 45
64 49
64 50
64 52
64 54
64 59
64 60
64 61
64 62
64 68
64 69
64 72
64 76
64 78
64 82
64 85
64 89
64 90
64 94
64 95
64 100
64 102
64 103
64 104
64 110
64 114
64 115
64 120
64 121
64 126
65 2
65 3
65 7
65 8
65 9
65 21
65 23
65 28
65 38
65 42
65 44
65 46
65 52
65 53
65 60
65 63
65 66
65 68
65 74
65 76
65 78
65 79
65 81
65 84
65 87
65 90
65 93
65 98
65 103
65 107
65 111
65 114
65 118
65 119
65 122
65 123
65 126
66 4
66 6
66 7
66 8
66 11
66 12
66 18
66 27
66 29
66 34
66 35
66 40
66 44
66 46
66 49
66 50
66 53
66 55
66 56
66 57
66 62
66 64
66 65
66 66
66 68
66 69
66 72
66 74
66 76
66 79
66 84
66 87
66 93
66 96
66 98
66 108
66 109
66 110
66 111
66 112
66 113
66 115
66 118
66 119
66 120
67 1
67 8
67 9
67 10
67 17
67 22
67 24
67 25
67 27
67 29
67 30
67 31
67 33
67 34
67 52
67 55
67 59
67 66
67 69
67 72
67 75
67 83
67 84
67 94
67 95
67 97
67 98
67 101
67 104
67 108
67 114
67 115
67 116
67 117
67 121
68 2
68 3
68 4
68 5
68 6
68 7
68 8
68 9
68 18
68 19
68 20
68 22
68 27
68 29
68 30
68 33
68 41
68 43
68 44
68 47
68 52
68 53
68 54
68 60
68 66
68 72
68 73
68 74
68 82
68 83
68 85
68 88
68 89
68 92
68 94
68 105
68 106
68 109
68 110
68 111
68 112
68 114
68 115
68 117
68 118
68 119
68 120
68 122
68 124
68 126
69 3
69 4
69 10
69 15
69 17
69 22
69 23
69 26
69 39
69 44
69 45
69 49
69 52
69 57
69 61
69 63
69 64
69 74
69 75
69 79
69 80
69 82
69 83
69 84
69 86
69 96
69 97
69 100
69 101
69 105
69 106
69 107
69 112
69 118
69 120
69 122
70 5
70 6
70 10
70 24
70 25
70 31
70 34
70 44
70 46
70 51
70 54
70 55
70 56
70 58
70 63
70 65
70 71
70 72
70 79
70 80
70 85
70 86
70 89
70 95
70 101
70 111
70 117
70 118
70 120
70 124
70 125
70 127
71 2
71 5
71 12
71 14
71 15
71 16
71 19
71 21
71 25
71 26
71 34
71 48
71 49
71 50
71 55
71 59
71 67
71 68
71 74
71 75
71 78
71 87
71 88
71 89
71 90
71 91
71 93
71 94
71 95
71 97
71 98
71 101
71 102
71 106
71 107
71 108
71 111
71 112
71 117
71 118
71 125
72 1
72 3
72 4
72 5
72 18
72 25
72 30
72 34
72 38
72 43
72 44
72 58
72 70
72 72
72 73
72 77
72 78
72 82
72 88
72 89
72 91
72 92
72 94
72 101
72 102
72 103
72 106
72 111
72 112
72 115
72 117
72 119
72 120
72 125
72 126
73 0
73 5
73 11
73 12
73 13
73 15
73 16
73 17
73 28
73 31
73 35
73 40
73 45
73 46
73 47
73 50
73 54
73 58
73 61
73 64
73 65
73 69
73 71
73 72
73 77
73 78
73 82
73 87
73 88
73 90
73 91
73 93
73 99
73 105
73 109
73 110
73 111
73 118
74 0
74 2
74 5
74 8
74 9
74 10
74 12
74 24
74 26
74 28
74 29
74 53
74 58
74 61
74 66
74 74
74 75
74 76
74 81
74 82
74 86
74 88
74 89
74 90
74 92
74 95
74 98
74 109
74 111
74 115
74 117
74 122
74 127
75 0
75 3
75 12
75 15
75 21
75 24
75 25
75 29
75 30
75 31
75 33
75 35
75 36
75 40
75 41
75 47
75 49
75 58
75 64
75 66
75 67
75 68
75 74
75 77
75 78
75 84
75 89
75 93
75 95
75 102
75 106
75 110
75 111
75 123
75 125
75 126
76 5
76 6
76 8
76 9
76 10
76 12
76 13
76 21
76 22
76 38
76 39
76 43
76 44
76 45
76 53
76 57
76 62
76 63
76 66
76 67
76 71
76 75
76 76
76 80
76 81
76 86
76 87
76 92
76 93
76 97
76 103
76 107
76 111
76 120
76 121
76 125
77 0
77 3
77 4
77 8
77 13
77 14
77 15
77 16
77 19
77 23
77 24
77 28
77 33
77 40
77 44
77 49
77 53
77 55
77 58
77 60
77 68
77 71
77 72
77 75
77 80
77 86
77 87
77 89
77 90
77 94
77 98
77 102
77 103
77 105
77 109
77 112
77 115
77 119
77 122
77 125
78 0
78 1
78 4
78 6
78 7
78 11
78 31
78 37
78 42
78 46
78 49
78 54
78 56
78 63
78 67
78 69
78 71
78 76
78 84
78 86
78 87
78 92
78 93
78 94
78 95
78 99
78 100
78 105
78 107
78 109
78 112
78 113
78 114
78 121
78 126
79 2
79 7
79 8
79 9
79 12
79 13
79 14
79 17
79 18
79 20
79 26
79 29
79 30
79 31
79 34
79 35
79 37
79 42
79 43
79 44
79 45
79 51
79 55
79 62
79 65
79 71
79 73
79 76
79 79
79 80
79 81
79 84
79 90
79 92
79 96
79 97
79 101
79 102
79 111
79 120
79 121
79 126
80 1
80 5
80 6
80 21
80 25
80 27
80 30
80 32
80 34
80 38
80 41
80 42
80 44
80 45
80 54
80 59
80 62
80 66
80 79
80 83
80 90
80 91
80 92
80 93
80 95
80 97
80 100
80 102
80 103
80 106
80 115
80 116
80 117
80 119
80 123
81 1
81 2
81 4
81 14
81 16
81 18
81 19
81 21
81 23
81 24
81 26
81 38
81 43
81 46
81 47
81 50
81 53
81 54
81 57
81 74
81 78
81 79
81 80
81 84
81 85
81 86
81 88
81 89
81 93
81 94
81 98
81 104
81 106
81 110
81 111
81 112
81 116
81 118
81 120
81 124
81 127
82 0
82 1
82 2
82 17
82 24
82 26
82 29
82 31
82 35
82 38
82 39
82 40
82 44
82 52
82 56
82 59
82 60
82 63
82 65
82 67
82 69
82 70
82 71
82 72
82 80
82 84
82 87
82 89
82 91
82 93
82 104
82 107
82 114
82 117
82 118
82 119
82 120
82 121
82 125
83 2
83 6
83 7
83 21
83 23
83 38
83 45
83 48
83 50
83 53
83 54
83 55
83 57
83 63
83 65
83 68
83 69
83 73
83 76
83 77
83 80
83 82
83 84
83 85
83 90
83 93
83 95
83 108
83 112
83 113
83 115
83 118
83 119
83 124
83 126
84 5
84 6
84 7
84 12
84 13
84 20
84 26
84 30
84 40
84 43
84 44
84 50
84 52
84 53
84 54
84 57
84 60
84 65
84 66
84 68
84 72
84 79
84 82
84 85
84 87
84 93
84 94
84 101
84 102
84 106
84 108
84 115
84 117
84 120
84 121
84 122
84 125
84 126
84 127
85 0
85 3
85 8
85 9
85 11
85 12
85 16
85 23
85 25
85 27
85 35
85 39
85 44
85 46
85 48
85 52
85 58
85 69
85 76
85 77
85 78
85 79
85 80
85 81
85 83
85 86
85 87
85 88
85 93
85 94
85 103
85 107
85 109
85 111
85 116
85 119
86 6
86 10
86 11
86 13
86 19
86 21
86 22
86 26
86 29
86 31
86 35
86 36
86 37
86 40
86 42
86 50
86 51
86 54
86 55
86 58
86 64
86 65
86 66
86 67
86 68
86 70
86 72
86 75
86 81
86 84
86 87
86 90
86 91
86 95
86 96
86 97
86 100
86 102
86 104
86 106
86 110
86 114
86 121
86 122
87 1
87 2
87 4
87 9
87 10
87 13
87 17
87 18
87 24
87 30
87 33
87 38
87 39
87 46
87 52
87 59
87 60
87 61
87 62
87 69
87 72
87 82
87 85
87 86
87 90
87 91
87 93
87 112
87 116
87 121
87 125
88 2
88 3
88 6
88 12
88 14
88 17
88 23
88 25
88 29
88 31
88 33
88 35
88 39
88 41
88 44
88 49
88 52
88 56
88 58
88 59
88 61
88 74
88 76
88 79
88 85
88 87
88 91
88 92
88 93
88 99
88 104
88 105
88 108
88 111
88 113
88 114
88 121
88 127
89 0
89 4
89 11
89 15
89 21
89 23
89 25
89 36
89 38
89 39
89 42
89 44
89 51
89 52
89 57
89 60
89 63
89 64
89 68
89 70
89 72
89 73
89 75
89 90
89 91
89 98
89 101
89 103
89 104
89 107
89 116
89 119
89 121
89 123
89 124
90 3
90 6
90 7
90 11
90 13
90 15
90 21
90 22
90 25
90 26
90 27
90 32
90 34
90 35
90 37
90 38
90 39
90 43
90 47
90 50
90 51
90 54
90 57
90 61
90 68
90 74
90 75
90 76
90 77
90 82
90 83
90 90
90 91
90 94
90 96
90 103
90 104
90 106
90 107
90 118
90 122
90 123
90 124
90 125
91 4
91 14
91 16
91 19
91 23
91 29
91 36
91 39
91 44
91 48
91 55
91 62
91 67
91 69
91 70
91 71
91 74
91 75
91 76
91 81
91 83
91 89
91 92
91 95
91 96
91 99
91 104
91 111
91 114
91 119
91 120
91 123
91 125
92 2
92 5
92 6
92 8
92 12
92 14
92 15
92 20
92 24
92 25
92 26
92 32
92 34
92 36
92 37
92 41
92 46
92 48
92 53
92 54
92 56
92 57
92 60
92 61
92 64
92 71
92 74
92 76
92 78
92 79
92 90
92 92
92 100
92 106
92 108
92 111
92 112
92 114
92 120
92 121
92 123
92 124
93 1
93 3
93 5
93 9
93 11
93 16
93 21
93 26
93 28
93 34
93 35
93 38
93 41
93 60
93 63
93 66
93 68
93 72
93 73
93 78
93 81
93 91
93 93
93 94
93 95
93 96
93 105
93 111
93 116
93 119
93 123
93 127
94 4
94 10
94 12
94 13
94 21
94 22
94 25
94 27
94 28
94 31
94 33
94 35
94 40
94 44
94 47
94 48
94 50
94 54
94 56
94 57
94 60
94 63
94 65
94 77
94 83
94 91
94 101
94 102
94 106
94 108
94 113
94 115
94 118
94 119
94 122
94 123
94 124
94 126
94 127
95 6
95 8
95 13
95 16
95 22
95 25
95 28
95 29
95 38
95 39
95 40
95 43
95 49
95 52
95 63
95 64
95 80
95 82
95 88
95 89
95 90
95 91
95 95
95 101
95 107
95 110
95 111
95 112
95 114
95 117
95 118
95 123
96 0
96 1
96 17
96 27
96 33
96 35
96 43
96 44
96 46
96 48
96 49
96 53
96 54
96 57
96 71
96 73
96 77
96 78
96 82
96 83
96 88
96 90
96 91
96 93
96 94
96 96
96 98
96 101
96 102
96 107
96 113
96 115
96 121
96 125
96 126
97 0
97 1
97 4
97 8
97 10
97 17
97 18
97 19
97 21
97 23
97 26
97 27
97 28
97 35
97 39
97 43
97 46
97 53
97 54
97 62
97 64
97 69
97 70
97 77
97 78
97 81
97 83
97 84
97 92
97 95
97 108
97 114
97 125
97 127
98 0
98 1
98 8
98 12
98 19
98 26
98 27
98 28
98 29
98 35
98 36
98 37
98 41
98 42
98 50
98 53
98 54
98 58
98 60
98 62
98 63
98 65
98 68
98 72
98 74
98 78
98 81
98 82
98 86
98 91
98 102
98 105
98 106
98 107
98 109
98 112
98 113
98 122
98 127
99 1
99 2
99 12
99 13
99 15
99 18
99 24
99 32
99 36
99 37
99 39
99 47
99 48
99 50
99 51
99 52
99 57
99 61
99 62
99 65
99 70
99 71
99 75
99 76
99 78
99 81
99 85
99 92
99 93
99 96
99 98
99 101
99 104
99 108
99 112
99 115
99 118
99 119
99 120
99 126
99 127
100 4
100 5
100 9
100 11
100 14
100 15
100 16
100 18
100 20
100 21
100 22
100 23
100 29
100 31
100 32
100 34
100 42
100 49
100 50
100 52
100 53
100 57
100 62
100 66
100 69
100 72
100 73
100 77
100 87
100 90
100 91
100 93
100 99
100 109
100 112
100 118
100 119
100 120
100 126
101 2
101 4
101 7
101 11
101 12
101 17
101 21
101 22
101 24
101 27
101 28
101 32
101 35
101 37
101 38
101 45
101 46
101 47
101 48
101 49
101 52
101 53
101 56
101 59
101 68
101 69
101 70
101 72
101 80
101 81
101 83
101 97
101 98
101 100
101 103
101 105
101 106
101 110
101 118
101 119
101 121
101 126
102 0
102 1
102 2
102 6
102 8
102 10
102 21
102 23
102 24
102 29
102 32
102 40
102 44
102 47
102 49
102 51
102 52
102 58
102 59
102 60
102 62
102 63
102 68
102 73
102 80
102 83
102 87
102 88
102 90
102 93
102 94
102 95
102 99
102 107
102 113
102 114
102 115
102 120
102 121
102 124
102 126
103 0
103 1
103 3
103 6
103 7
103 10
103 18
103 20
103 21
103 25
103 27
103 31
103 41
103 46
103 48
103 49
103 59
103 60
103 61
103 62
103 63
103 67
103 69
103 74
103 75
103 78
103 79
103 83
103 90
103 93
103 96
103 98
103 102
103 103
103 104
103 105
103 107
103 108
103 109
103 110
103 113
103 114
103 115
103 117
103 119
103 122
103 123
103 125
103 126
104 0
104 3
104 5
104 13
104 14
104 18
104 19
104 22
104 25
104 28
104 30
104 32
104 33
104 35
104 38
104 41
104 43
104 49
104 51
104 54
104 70
104 78
104 81
104 88
104 93
104 94
104 96
104 99
104 100
104 105
104 108
104 111
104 115
104 118
104 119
104 125
104 126
105 9
105 11
105 12
105 14
105 19
105 22
105 23
105 24
105 31
105 36
105 37
105 39
105 42
105 44
105 46
105 47
105 50
105 51
105 52
105 60
105 65
105 71
105 72
105 73
105 84
105 102
105 105
105 114
105 115
105 117
105 120
105 122
106 0
106 2
106 7
106 8
106 11
106 13
106 17
106 19
106 27
106 30
106 31
106 32
106 35
106 36
106 37
106 41
106 47
106 49
106 51
106 52
106 53
106 55
106 64
106 67
106 70
106 78
106 85
106 89
106 91
106 92
106 94
106 98
106 100
106 101
106 110
106 111
106 113
106 125
106 126
107 0
107 2
107 3
107 4
107 5
107 8
107 10
107 13
107 14
107 16
107 18
107 25
107 26
107 31
107 34
107 42
107 43
107 44
107 46
107 57
107 60
107 62
107 65
107 70
107 79
107 84
107 88
107 96
107 99
107 103
107 107
107 109
107 113
107 117
107 118
107 119
107 123
107 124
107 127
108 1
108 2
108 4
108 6
108 10
108 11
108 12
108 14
108 23
108 27
108 29
108 30
108 31
108 35
108 46
108 54
108 60
108 61
108 64
108 65
108 66
108 72
108 73
108 77
108 78
108 82
108 84
108 85
108 86
108 87
108 90
108 91
108 97
108 100
108 102
108 103
108 105
108 108
108 109
108 113
108 117
108 118
108 126
109 7
109 8
109 13
109 16
109 19
109 20
109 22
109 25
109 28
109 29
109 31
109 32
109 34
109 39
109 40
109 42
109 46
109 47
109 48
109 51
109 52
109 54
109 55
109 60
109 68
109 69
109 76
109 79
109 81
109 84
109 86
109 88
109 90
109 92
109 93
109 95
109 96
109 104
109 105
109 108
109 109
109 110
109 111
109 113
109 114
109 115
109 117
109 119
109 123
109 125
109 126
110 0
110 6
110 13
110 15
110 20
110 22
110 23
110 26
110 27
110 34
110 35
110 38
110 40
110 45
110 46
110 48
110 51
110 53
110 54
110 58
110 59
110 61
110 64
110 67
110 68
110 70
110 76
110 79
110 80
110 83
110 86
110 88
110 89
110 96
110 99
110 107
110 111
110 114
110 122
110 123
111 12
111 14
111 15
111 17
111 27
111 29
111 36
111 38
111 49
111 51
111 52
111 61
111 62
111 63
111 66
111 67
111 68
111 80
111 82
111 88
111 91
111 92
111 93
111 97
111 100
111 106
111 107
111 108
111 110
111 113
111 115
111 127
112 0
112 1
112 2
112 3
112 4
112 7
112 8
112 10
112 11
112 13
112 18
112 20
112 21
112 23
112 24
112 29
112 30
112 36
112 38
112 39
112 41
112 42
112 50
112 51
112 52
112 56
112 71
112 73
112 75
112 76
112 80
112 83
112 84
112 86
112 87
112 90
112 92
112 95
112 100
112 102
112 104
112 105
112 106
112 107
112 112
112 116
112 117
112 119
113 1
113 3
113 4
113 6
113 15
113 19
113 21
113 23
113 24
113 26
113 29
113 32
113 34
113 38
113 39
113 41
113 43
113 50
113 52
113 53
113 55
113 60
113 66
113 69
113 71
113 73
113 79
113 80
113 82
113 85
113 96
113 97
113 101
113 104
113 105
113 106
113 107
113 108
113 119
113 126
113 127
114 3
114 6
114 7
114 9
114 11
114 14
114 18
114 19
114 20
114 25
114 28
114 30
114 31
114 34
114 37
114 43
114 45
114 46
114 48
114 49
114 52
114 53
114 56
114 61
114 62
114 64
114 66
114 70
114 71
114 73
114 74
114 77
114 84
114 86
114 89
114 96
114 101
114 103
114 105
114 109
114 110
114 113
114 115
114 117
114 121
114 123
114 125
115 1
115 3
115 4
115 6
115 8
115 9
115 14
115 19
115 31
115 32
115 33
115 34
115 35
115 36
115 39
115 40
115 46
115 47
115 50
115 51
115 52
115 60
115 73
115 80
115 86
115 88
115 93
115 98
115 105
115 106
115 109
115 110
115 114
115 118
115 123
115 127
116 2
116 4
116 12
116 18
116 19
116 23
116 24
116 28
116 29
116 32
116 42
116 43
116 46
116 48
116 50
116 51
116 57
116 70
116 71
116 72
116 74
116 76
116 79
116 92
116 96
116 97
116 98
116 99
116 100
116 102
116 107
116 111
116 114
116 119
116 120
116 123
116 127
117 0
117 2
117 5
117 6
117 8
117 10
117 12
117 13
117 15
117 20
117 24
117 26
117 31
117 32
117 35
117 40
117 44
117 45
117 46
117 51
117 56
117 57
117 64
117 65
117 66
117 67
117 71
117 73
117 74
117 81
117 84
117 87
117 88
117 89
117 90
117 92
117 99
117 102
117 105
117 106
117 110
117 114
117 116
117 121
117 122
117 126
117 127
118 0
118 1
118 2
118 9
118 10
118 11
118 15
118 21
118 23
118 24
118 31
118 43
118 44
118 46
118 58
118 62
118 63
118 64
118 72
118 74
118 82
118 86
118 87
118 90
118 92
118 96
118 105
118 106
118 112
118 113
118 114
118 125
119 7
119 9
119 13
119 16
119 17
119 19
119 26
119 28
119 34
119 37
119 43
119 46
119 47
119 49
119 51
119 53
119 54
119 57
119 61
119 73
119 74
119 77
119 79
119 83
119 84
119 90
119 93
119 95
119 108
119 113
119 115
119 118
119 122
119 124
120 13
120 15
120 24
120 25
120 28
120 33
120 37
120 38
120 41
120 53
120 58
120 60
120 66
120 67
120 72
120 73
120 81
120 85
120 87
120 88
120 90
120 91
120 93
120 96
120 99
120 102
120 103
120 110
120 113
120 118
120 122
120 125
121 4
121 5
121 6
121 8
121 13
121 16
121 18
121 20
121 24
121 26
121 27
121 32
121 33
121 34
121 41
121 44
121 45
121 49
121 51
121 56
121 58
121 67
121 70
121 71
121 73
121 75
121 77
121 80
121 81
121 83
121 86
121 89
121 90
121 96
121 110
121 111
121 112
121 114
121 115
121 116
121 118
121 122
121 127
122 9
122 10
122 16
122 17
122 22
122 27
122 31
122 36
122 37
122 41
122 46
122 49
122 62
122 68
122 71
122 75
122 76
122 77
122 88
122 91
122 94
122 95
122 97
122 98
122 99
122 101
122 102
122 106
122 117
122 118
122 119
122 120
122 124
123 5
123 6
123 7
123 13
123 16
123 17
123 23
123 25
123 30
123 39
123 41
123 43
123 47
123 48
123 52
123 53
123 58
123 64
123 74
123 76
123 79
123 80
123 82
123 83
123 89
123 95
123 97
123 106
123 110
123 114
123 115
123 120
123 122
123 127
124 0
124 5
124 10
124 11
124 13
124 14
124 19
124 20
124 21
124 22
124 23
124 26
124 27
124 32
124 33
124 35
124 36
124 41
124 44
124 51
124 52
124 60
124 61
124 69
124 73
124 77
124 79
124 80
124 81
124 83
124 86
124 88
124 89
124 93
124 94
124 95
124 99
124 103
124 104
124 105
124 108
124 115
124 127
125 1
125 7
125 15
125 16
125 21
125 22
125 25
125 27
125 36
125 38
125 39
125 44
125 48
125 49
125 57
125 59
125 60
125 61
125 63
125 66
125 69
125 70
125 73
125 91
125 99
125 101
125 103
125 106
125 107
125 108
125 109
125 111
125 116
125 122
126 1
126 6
126 10
126 11
126 13
126 16
126 20
126 24
126 26
126 29
126 31
126 32
126 35
126 50
126 51
126 57
126 58
126 60
126 61
126 64
126 75
126 78
126 79
126 83
126 86
126 88
126 92
126 93
126 94
126 97
126 99
126 111
126 117
126 121
126 122
126 125
126 126
127 1
127 2
127 3
127 9
127 13
127 16
127 18
127 19
127 25
127 30
127 38
127 39
127 40
127 41
127 44
127 45
127 50
127 51
127 56
127 58
127 60
127 66
127 68
127 71
127 72
127 78
127 80
127 93
127 95
127 99
127 100
127 106
127 110
127 114
127 116
127 123
127 124
