0 1
0 4
0 5
0 16
0 19
0 20
0 31
0 32
0 39
0 41
0 42
0 45
0 48
0 51
0 55
0 58
0 59
0 61
0 62
0 67
0 70
0 72
0 78
0 81
0 84
0 92
0 95
0 100
0 102
0 103
0 104
0 106
0 114
0 116
0 118
0 119
0 120
1 0
1 1
1 5
1 11
1 12
1 14
1 15
1 17
1 21
1 23
1 24
1 27
1 30
1 31
1 32
1 33
1 39
1 40
1 41
1 43
1 45
1 46
1 47
1 48
1 49
1 50
1 52
1 65
1 67
1 75
1 83
1 85
1 86
1 94
1 95
1 98
1 99
1 104
1 105
1 106
1 109
1 112
1 113
1 115
1 120
1 121
1 122
1 124
2 3
2 6
2 7
2 8
2 10
2 13
2 16
2 18
2 20
2 22
2 23
2 25
2 26
2 27
2 30
2 33
2 34
2 38
2 39
2 42
2 43
2 44
2 52
2 54
2 55
2 57
2 62
2 65
2 66
2 67
2 69
2 71
2 72
2 73
2 74
2 76
2 77
2 81
2 85
2 87
2 88
2 89
2 90
2 92
2 94
2 96
2 98
2 100
2 101
2 103
2 112
2 113
2 117
2 121
2 126
2 127
3 0
3 6
3 8
3 10
3 11
3 13
3 16
3 22
3 30
3 32
3 33
3 35
3 36
3 45
3 46
3 48
3 49
3 50
3 53
3 57
3 60
3 67
3 68
3 71
3 72
3 73
3 74
3 76
3 78
3 82
3 88
3 89
3 92
3 93
3 95
3 99
3 102
3 104
3 107
3 110
3 111
3 113
3 116
3 118
3 127
4 3
4 5
4 11
4 14
4 23
4 25
4 26
4 30
4 33
4 49
4 53
4 55
4 62
4 66
4 67
4 69
4 73
4 77
4 78
4 83
4 88
4 89
4 91
4 93
4 95
4 96
4 98
4 100
4 102
4 104
4 107
4 108
4 114
4 117
4 121
4 122
4 126
5 1
5 2
5 3
5 6
5 11
5 15
5 16
5 17
5 19
5 20
5 21
5 22
5 23
5 24
5 27
5 28
5 31
5 32
5 36
5 38
5 40
5 41
5 43
5 46
5 48
5 49
5 51
5 53
5 54
5 55
5 58
5 59
5 60
5 66
5 68
5 70
5 71
5 73
5 76
5 78
5 79
5 83
5 84
5 94
5 96
5 97
5 100
5 102
5 103
5 107
5 108
5 110
5 112
5 113
5 115
5 116
5 120
5 121
5 127
6 0
6 4
6 6
6 10
6 13
6 17
6 21
6 34
6 37
6 40
6 46
6 48
6 53
6 54
6 63
6 73
6 74
6 75
6 77
6 79
6 81
6 83
6 89
6 94
6 95
6 99
6 101
6 104
6 106
6 109
6 110
6 112
6 114
6 116
6 117
6 123
7 0
7 1
7 4
7 6
7 7
7 10
7 12
7 13
7 14
7 17
7 25
7 31
7 35
7 37
7 38
7 41
7 46
7 48
7 51
7 56
7 62
7 66
7 67
7 70
7 80
7 81
7 82
7 86
7 87
7 88
7 91
7 96
7 97
7 98
7 103
7 104
7 105
7 111
7 112
7 113
7 114
7 116
7 118
7 122
7 125
7 127
8 0
8 2
8 10
8 13
8 20
8 22
8 25
8 26
8 30
8 32
8 35
8 36
8 38
8 41
8 42
8 43
8 46
8 52
8 53
8 55
8 57
8 58
8 59
8 61
8 63
8 64
8 70
8 75
8 76
8 84
8 87
8 88
8 91
8 93
8 95
8 99
8 100
8 102
8 105
8 106
8 109
8 110
8 111
8 112
8 115
8 120
8 127
9 0
9 6
9 7
9 9
9 12
9 15
9 23
9 27
9 28
9 38
9 39
9 47
9 48
9 50
9 52
9 54
9 55
9 58
9 60
9 65
9 69
9 75
9 78
9 83
9 85
9 97
9 98
9 99
9 100
9 103
9 106
9 107
9 110
9 112
9 114
9 121
9 124
9 126
9 127
10 2
10 7
10 8
10 12
10 17
10 18
10 19
10 20
10 21
10 24
10 25
10 26
10 28
10 30
10 31
10 35
10 37
10 38
10 39
10 41
10 45
10 46
10 47
10 48
10 59
10 62
10 70
10 74
10 75
10 77
10 79
10 81
10 82
10 87
10 91
10 95
10 100
10 102
10 107
10 108
10 110
10 112
10 113
10 115
10 116
10 118
11 0
11 2
11 4
11 6
11 7
11 8
11 11
11 12
11 14
11 15
11 18
11 22
11 23
11 25
11 34
11 38
11 40
11 42
11 45
11 46
11 47
11 49
11 55
11 56
11 61
11 62
11 63
11 64
11 65
11 69
11 70
11 72
11 76
11 77
11 78
11 79
11 80
11 85
11 87
11 90
11 94
11 95
11 96
11 102
11 103
11 109
11 114
11 117
11 118
11 125
11 126
12 0
12 2
12 4
12 7
12 11
12 15
12 16
12 19
12 21
12 25
12 29
12 32
12 33
12 36
12 37
12 38
12 46
12 47
12 51
12 52
12 57
12 58
12 59
12 60
12 64
12 68
12 83
12 85
12 90
12 97
12 101
12 102
12 106
12 113
12 114
12 117
12 118
12 120
12 122
12 125
13 0
13 2
13 3
13 4
13 15
13 23
13 27
13 28
13 31
13 36
13 46
13 48
13 49
13 50
13 63
13 64
13 65
13 70
13 71
13 77
13 83
13 85
13 91
13 96
13 100
13 103
13 104
13 107
13 108
13 110
13 111
13 114
13 117
13 121
13 122
14 0
14 2
14 4
14 6
14 8
14 15
14 18
14 21
14 23
14 24
14 26
14 29
14 31
14 32
14 35
14 36
14 37
14 40
14 44
14 45
14 50
14 51
14 55
14 56
14 57
14 58
14 59
14 69
14 71
14 73
14 75
14 76
14 78
14 79
14 80
14 91
14 92
14 94
14 95
14 103
14 112
14 113
14 116
14 119
14 123
14 127
15 0
15 2
15 10
15 13
15 19
15 22
15 26
15 27
15 32
15 33
15 41
15 43
15 52
15 55
15 62
15 65
15 66
15 76
15 77
15 78
15 80
15 82
15 84
15 86
15 89
15 91
15 101
15 106
15 108
15 109
15 111
15 114
15 116
15 117
15 118
15 119
15 122
15 124
15 126
15 127
16 1
16 5
16 8
16 11
16 12
16 13
16 15
16 16
16 23
16 29
16 32
16 35
16 39
16 42
16 43
16 46
16 49
16 53
16 58
16 59
16 60
16 65
16 66
16 69
16 72
16 74
16 75
16 78
16 81
16 82
16 83
16 84
16 85
16 87
16 90
16 95
16 96
16 100
16 101
16 103
16 104
16 107
16 108
16 111
16 112
16 113
16 115
16 116
16 120
16 122
16 123
16 124
16 125
16 126
17 2
17 14
17 19
17 20
17 22
17 23
17 24
17 27
17 31
17 34
17 35
17 40
17 43
17 45
17 46
17 48
17 52
17 54
17 55
17 61
17 63
17 69
17 74
17 78
17 81
17 82
17 83
17 89
17 92
17 93
17 102
17 104
17 106
17 107
17 108
17 109
17 115
17 116
17 119
17 125
18 2
18 6
18 7
18 9
18 12
18 13
18 14
18 18
18 21
18 22
18 23
18 24
18 26
18 37
18 46
18 48
18 50
18 53
18 55
18 56
18 59
18 60
18 63
18 65
18 67
18 68
18 70
18 75
18 80
18 82
18 84
18 86
18 95
18 98
18 99
18 103
18 104
18 105
18 110
18 112
18 113
18 115
18 118
18 127
19 1
19 2
19 5
19 8
19 13
19 15
19 17
19 22
19 23
19 26
19 31
19 32
19 34
19 35
19 36
19 37
19 41
19 43
19 46
19 47
19 53
19 54
19 58
19 60
19 66
19 67
19 70
19 71
19 73
19 74
19 78
19 82
19 83
19 84
19 89
19 90
19 93
19 97
19 98
19 103
19 105
19 107
19 111
19 120
19 121
19 123
19 126
20 3
20 4
20 9
20 12
20 16
20 20
20 24
20 26
20 30
20 31
20 33
20 35
20 36
20 40
20 41
20 44
20 45
20 46
20 48
20 56
20 58
20 62
20 63
20 68
20 79
20 80
20 84
20 86
20 89
20 94
20 99
20 108
20 115
20 116
20 118
20 123
21 3
21 4
21 6
21 9
21 14
21 16
21 18
21 22
21 27
21 32
21 39
21 40
21 46
21 47
21 49
21 55
21 56
21 61
21 67
21 69
21 71
21 74
21 87
21 89
21 101
21 106
21 107
21 108
21 109
21 119
21 121
21 122
21 123
21 124
21 125
21 127
22 5
22 8
22 12
22 14
22 17
22 20
22 22
22 27
22 29
22 30
22 33
22 36
22 38
22 41
22 50
22 51
22 53
22 59
22 63
22 72
22 75
22 76
22 84
22 85
22 87
22 88
22 101
22 105
22 108
22 111
22 112
22 116
22 118
22 121
23 1
23 3
23 8
23 10
23 12
23 13
23 14
23 15
23 16
23 23
23 24
23 25
23 29
23 36
23 37
23 41
23 43
23 45
23 48
23 51
23 52
23 57
23 59
23 60
23 61
23 64
23 66
23 68
23 71
23 72
23 75
23 78
23 79
23 83
23 84
23 87
23 89
23 95
23 97
23 102
23 106
23 118
23 123
23 124
24 2
24 4
24 6
24 9
24 13
24 15
24 19
24 23
24 32
24 35
24 40
24 49
24 50
24 51
24 54
24 56
24 59
24 65
24 73
24 75
24 82
24 85
24 92
24 93
24 94
24 98
24 100
24 104
24 106
24 109
24 111
24 114
24 116
24 118
24 120
24 122
24 124
24 126
25 1
25 4
25 8
25 9
25 12
25 15
25 19
25 20
25 22
25 29
25 31
25 35
25 39
25 44
25 51
25 52
25 53
25 55
25 60
25 61
25 69
25 70
25 71
25 72
25 74
25 80
25 88
25 91
25 93
25 94
25 100
25 102
25 105
25 107
25 112
25 114
25 116
25 117
25 122
25 123
25 124
25 126
26 0
26 4
26 5
26 12
26 15
26 17
26 22
26 24
26 26
26 34
26 40
26 48
26 52
26 54
26 56
26 60
26 66
26 67
26 69
26 73
26 74
26 77
26 78
26 83
26 84
26 85
26 88
26 90
26 91
26 93
26 95
26 100
26 103
26 104
26 105
26 107
26 111
26 112
26 113
26 121
26 122
26 127
27 1
27 3
27 5
27 8
27 10
27 11
27 14
27 17
27 18
27 20
27 23
27 25
27 26
27 27
27 30
27 34
27 40
27 41
27 43
27 44
27 45
27 47
27 49
27 55
27 57
27 59
27 63
27 64
27 65
27 66
27 69
27 70
27 71
27 72
27 74
27 79
27 82
27 83
27 87
27 88
27 89
27 91
27 93
27 94
27 98
27 101
27 103
27 107
27 109
27 117
27 120
27 121
27 124
27 127
28 6
28 7
28 9
28 11
28 15
28 16
28 21
28 25
28 28
28 32
28 37
28 41
28 42
28 44
28 48
28 49
28 53
28 59
28 60
28 62
28 63
28 68
28 69
28 70
28 72
28 78
28 82
28 83
28 85
28 86
28 88
28 93
28 95
28 101
28 102
28 103
28 104
28 106
28 107
28 109
28 110
28 116
28 117
28 122
28 124
28 125
29 12
29 15
29 19
29 23
29 26
29 27
29 30
29 32
29 36
29 37
29 38
29 39
29 42
29 45
29 48
29 49
29 53
29 54
29 55
29 57
29 60
29 62
29 63
29 69
29 75
29 76
29 77
29 78
29 84
29 86
29 88
29 91
29 94
29 95
29 97
29 104
29 106
29 108
29 111
29 112
29 115
29 119
29 120
29 121
29 124
29 127
30 2
30 3
30 5
30 8
30 13
30 27
30 28
30 33
30 37
30 39
30 48
30 51
30 60
30 62
30 63
30 68
30 70
30 72
30 77
30 79
30 83
30 88
30 91
30 92
30 94
30 97
30 103
30 105
30 108
30 111
30 112
30 116
30 117
30 118
30 123
30 125
30 126
31 0
31 3
31 4
31 11
31 14
31 16
31 17
31 18
31 19
31 27
31 30
31 32
31 33
31 34
31 35
31 39
31 40
31 45
31 46
31 47
31 49
31 54
31 55
31 56
31 59
31 61
31 66
31 67
31 72
31 76
31 77
31 79
31 80
31 83
31 84
31 93
31 94
31 97
31 99
31 100
31 101
31 107
31 110
31 111
31 113
31 114
31 115
31 117
31 119
31 120
31 125
31 127
32 1
32 4
32 5
32 14
32 21
32 24
32 27
32 33
32 34
32 40
32 44
32 45
32 47
32 49
32 50
32 53
32 55
32 57
32 59
32 62
32 63
32 66
32 67
32 69
32 70
32 71
32 75
32 78
32 83
32 87
32 88
32 99
32 103
32 109
32 113
32 117
32 118
32 119
32 125
32 127
33 0
33 1
33 6
33 12
33 14
33 23
33 25
33 27
33 28
33 30
33 33
33 36
33 38
33 39
33 41
33 44
33 45
33 48
33 52
33 54
33 58
33 69
33 74
33 75
33 80
33 83
33 84
33 87
33 95
33 98
33 104
33 106
33 107
33 113
33 114
33 115
33 121
33 122
33 124
33 125
33 126
33 127
34 2
34 8
34 9
34 11
34 13
34 17
34 22
34 29
34 34
34 36
34 39
34 40
34 42
34 45
34 46
34 47
34 49
34 50
34 52
34 53
34 55
34 58
34 59
34 60
34 63
34 64
34 65
34 67
34 71
34 73
34 75
34 77
34 81
34 83
34 84
34 85
34 88
34 92
34 93
34 94
34 95
34 99
34 100
34 102
34 103
34 105
34 107
34 109
34 110
34 111
34 112
34 114
34 119
34 125
34 126
35 1
35 4
35 9
35 10
35 12
35 15
35 16
35 17
35 18
35 20
35 25
35 32
35 37
35 41
35 43
35 44
35 46
35 53
35 55
35 65
35 73
35 74
35 76
35 79
35 82
35 87
35 95
35 96
35 99
35 100
35 103
35 107
35 108
35 113
35 115
35 116
35 117
35 119
35 123
36 0
36 1
36 5
36 7
36 8
36 9
36 11
36 14
36 21
36 22
36 23
36 24
36 29
36 34
36 38
36 39
36 51
36 53
36 56
36 58
36 60
36 65
36 69
36 72
36 77
36 79
36 80
36 81
36 83
36 84
36 86
36 88
36 93
36 95
36 101
36 102
36 104
36 110
36 117
36 118
36 122
36 123
36 127
37 0
37 2
37 3
37 4
37 5
37 10
37 12
37 18
37 20
37 31
37 32
37 33
37 37
37 39
37 46
37 47
37 48
37 49
37 50
37 52
37 54
37 56
37 63
37 74
37 79
37 80
37 81
37 82
37 83
37 84
37 85
37 87
37 88
37 90
37 91
37 94
37 96
37 104
37 107
37 110
37 111
37 116
37 122
37 123
37 125
38 1
38 5
38 11
38 14
38 15
38 16
38 18
38 23
38 25
38 26
38 28
38 30
38 31
38 32
38 33
38 35
38 40
38 44
38 49
38 50
38 53
38 59
38 64
38 67
38 69
38 71
38 75
38 79
38 80
38 81
38 84
38 85
38 89
38 94
38 97
38 102
38 107
38 112
38 115
38 116
38 118
38 120
38 122
38 123
38 124
39 2
39 7
39 8
39 11
39 13
39 17
39 21
39 26
39 30
39 33
39 34
39 35
39 37
39 38
39 42
39 43
39 44
39 48
39 51
39 52
39 57
39 59
39 62
39 64
39 66
39 73
39 74
39 78
39 80
39 81
39 84
39 85
39 89
39 91
39 92
39 93
39 97
39 98
39 99
39 104
39 106
39 109
39 110
39 111
39 112
39 113
39 114
39 120
39 122
39 123
39 125
39 126
40 7
40 9
40 14
40 18
40 22
40 25
40 26
40 32
40 34
40 35
40 37
40 41
40 43
40 48
40 50
40 51
40 58
40 59
40 60
40 61
40 64
40 66
40 67
40 68
40 72
40 73
40 77
40 81
40 82
40 85
40 87
40 89
40 90
40 91
40 92
40 95
40 99
40 100
40 103
40 105
40 109
40 110
40 113
40 115
40 121
40 122
40 123
41 1
41 8
41 9
41 20
41 22
41 26
41 28
41 31
41 34
41 41
41 47
41 49
41 50
41 51
41 52
41 55
41 57
41 59
41 60
41 61
41 64
41 69
41 70
41 73
41 77
41 81
41 84
41 91
41 95
41 98
41 102
41 103
41 106
41 108
41 114
41 119
41 122
41 124
42 5
42 6
42 7
42 8
42 10
42 12
42 15
42 17
42 19
42 20
42 23
42 24
42 31
42 32
42 33
42 35
42 42
42 43
42 46
42 49
42 50
42 52
42 56
42 60
42 62
42 63
42 67
42 68
42 69
42 70
42 73
42 75
42 79
42 80
42 81
42 82
42 83
42 84
42 89
42 94
42 97
42 99
42 104
42 106
42 108
42 111
42 112
42 113
42 114
42 115
42 117
42 118
42 119
42 120
42 123
42 125
43 2
43 4
43 6
43 11
43 16
43 20
43 21
43 22
43 26
43 33
43 34
43 39
43 42
43 46
43 47
43 52
43 53
43 54
43 61
43 63
43 66
43 69
43 73
43 79
43 81
43 83
43 84
43 85
43 87
43 91
43 94
43 97
43 98
43 99
43 108
43 111
43 112
43 114
43 120
43 122
43 124
43 125
43 127
44 0
44 3
44 5
44 6
44 10
44 15
44 16
44 19
44 21
44 22
44 25
44 28
44 29
44 30
44 36
44 37
44 42
44 45
44 46
44 51
44 56
44 61
44 66
44 67
44 71
44 72
44 73
44 76
44 80
44 82
44 85
44 88
44 89
44 91
44 92
44 94
44 96
44 102
44 105
44 107
44 110
44 113
44 118
44 119
44 124
44 126
44 127
45 1
45 4
45 9
45 10
45 14
45 15
45 16
45 19
45 22
45 23
45 30
45 33
45 36
45 41
45 44
45 45
45 50
45 51
45 55
45 56
45 60
45 61
45 75
45 76
45 79
45 80
45 81
45 85
45 94
45 95
45 99
45 100
45 101
45 111
45 121
45 122
45 126
45 127
46 0
46 2
46 6
46 8
46 9
46 12
46 14
46 19
46 21
46 24
46 27
46 28
46 29
46 31
46 34
46 44
46 47
46 48
46 49
46 50
46 56
46 60
46 61
46 62
46 63
46 65
46 66
46 67
46 71
46 72
46 74
46 77
46 79
46 80
46 83
46 84
46 87
46 90
46 92
46 93
46 95
46 97
46 98
46 101
46 104
46 106
46 112
46 113
46 114
46 117
46 118
46 119
46 121
47 0
47 1
47 2
47 5
47 6
47 8
47 9
47 10
47 11
47 13
47 14
47 20
47 21
47 25
47 26
47 28
47 30
47 31
47 36
47 39
47 42
47 43
47 46
47 48
47 52
47 54
47 56
47 58
47 59
47 62
47 66
47 68
47 69
47 72
47 74
47 76
47 77
47 78
47 80
47 81
47 83
47 84
47 89
47 90
47 94
47 96
47 98
47 103
47 110
47 115
47 119
47 120
47 122
47 124
47 126
48 1
48 2
48 3
48 6
48 10
48 11
48 12
48 13
48 14
48 15
48 16
48 20
48 26
48 28
48 31
48 34
48 35
48 36
48 42
48 46
48 48
48 52
48 54
48 55
48 56
48 57
48 61
48 66
48 67
48 91
48 94
48 99
48 102
48 103
48 105
48 118
48 121
48 122
48 124
48 125
49 3
49 4
49 8
49 15
49 20
49 22
49 26
49 33
49 38
49 40
49 41
49 43
49 45
49 47
49 48
49 50
49 51
49 53
49 54
49 55
49 59
49 61
49 62
49 63
49 65
49 68
49 69
49 74
49 78
49 89
49 90
49 95
49 100
49 105
49 106
49 111
49 113
49 115
49 121
49 122
49 125
49 126
49 127
50 3
50 5
50 12
50 13
50 15
50 19
50 23
50 25
50 27
50 28
50 29
50 39
50 43
50 47
50 48
50 49
50 51
50 53
50 62
50 65
50 66
50 70
50 75
50 78
50 80
50 81
50 84
50 85
50 86
50 90
50 92
50 94
50 95
50 97
50 98
50 100
50 102
50 112
50 115
50 118
50 119
50 121
50 122
51 2
51 3
51 8
51 9
51 10
51 11
51 12
51 13
51 14
51 18
51 22
51 25
51 29
51 33
51 36
51 38
51 40
51 48
51 54
51 56
51 63
51 66
51 69
51 88
51 92
51 100
51 102
51 106
51 118
51 119
51 122
51 123
52 2
52 4
52 6
52 13
52 18
52 22
52 26
52 27
52 28
52 32
52 37
52 40
52 53
52 61
52 62
52 71
52 73
52 74
52 75
52 76
52 77
52 83
52 90
52 92
52 94
52 99
52 102
52 103
52 106
52 107
52 109
52 112
52 116
52 120
52 122
52 123
52 124
52 125
53 0
53 1
53 2
53 6
53 7
53 9
53 17
53 18
53 24
53 25
53 26
53 27
53 28
53 30
53 36
53 37
53 44
53 46
53 47
53 48
53 50
53 53
53 55
53 59
53 60
53 61
53 63
53 69
53 70
53 73
53 75
53 76
53 79
53 80
53 82
53 83
53 84
53 85
53 87
53 88
53 89
53 102
53 106
53 107
53 110
53 113
53 122
53 124
54 2
54 9
54 15
54 16
54 17
54 18
54 19
54 20
54 23
54 24
54 29
54 40
54 41
54 43
54 44
54 48
54 54
54 60
54 61
54 63
54 66
54 69
54 74
54 75
54 79
54 80
54 81
54 83
54 86
54 87
54 92
54 93
54 94
54 95
54 97
54 99
54 100
54 103
54 107
54 108
54 110
54 113
54 114
54 115
54 122
54 127
55 0
55 1
55 2
55 4
55 5
55 6
55 7
55 8
55 9
55 10
55 11
55 16
55 17
55 19
55 22
55 24
55 26
55 30
55 31
55 35
55 37
55 41
55 42
55 43
55 50
55 51
55 54
55 58
55 60
55 62
55 63
55 70
55 71
55 74
55 81
55 82
55 83
55 87
55 92
55 99
55 103
55 104
55 108
55 109
55 114
55 116
55 121
55 125
55 126
56 0
56 1
56 2
56 3
56 6
56 8
56 11
56 15
56 21
56 23
56 26
56 30
56 31
56 32
56 37
56 39
56 40
56 41
56 45
56 47
56 48
56 49
56 51
56 52
56 53
56 55
56 59
56 60
56 63
56 65
56 66
56 70
56 74
56 76
56 77
56 78
56 79
56 80
56 81
56 83
56 90
56 92
56 95
56 96
56 97
56 105
56 109
56 113
56 115
56 116
56 117
56 120
56 122
57 0
57 3
57 5
57 6
57 9
57 11
57 20
57 23
57 26
57 28
57 30
57 34
57 37
57 41
57 43
57 53
57 55
57 56
57 59
57 60
57 64
57 65
57 68
57 70
57 71
57 76
57 90
57 94
57 96
57 97
57 101
57 102
57 106
57 108
57 109
57 119
57 122
57 123
57 125
58 3
58 4
58 7
58 16
58 19
58 25
58 28
58 31
58 33
58 34
58 35
58 37
58 38
58 44
58 47
58 50
58 57
58 59
58 60
58 61
58 64
58 66
58 71
58 73
58 74
58 75
58 76
58 78
58 81
58 90
58 95
58 97
58 98
58 99
58 104
58 112
58 114
58 119
58 120
58 121
58 122
58 124
58 125
59 2
59 4
59 9
59 11
59 13
59 15
59 17
59 18
59 22
59 24
59 26
59 29
59 34
59 36
59 38
59 42
59 44
59 45
59 46
59 49
59 51
59 52
59 53
59 54
59 56
59 59
59 63
59 71
59 75
59 76
59 83
59 86
59 91
59 93
59 96
59 103
59 113
59 116
59 119
59 120
59 121
59 123
59 125
59 126
60 2
60 7
60 10
60 16
60 21
60 22
60 24
60 25
60 26
60 28
60 29
60 32
60 33
60 36
60 39
60 43
60 44
60 48
60 50
60 54
60 56
60 57
60 59
60 63
60 66
60 68
60 73
60 75
60 77
60 83
60 87
60 90
60 91
60 92
60 93
60 94
60 96
60 99
60 101
60 107
60 118
60 125
61 0
61 2
61 3
61 4
61 7
61 10
61 11
61 16
61 19
61 26
61 32
61 36
61 39
61 47
61 51
61 53
61 55
61 58
61 66
61 67
61 69
61 73
61 74
61 79
61 80
61 83
61 84
61 85
61 86
61 88
61 91
61 99
61 100
61 101
61 102
61 103
61 104
61 109
61 111
61 112
61 113
61 114
61 115
61 118
61 123
61 124
61 126
62 1
62 2
62 5
62 7
62 10
62 11
62 12
62 14
62 15
62 19
62 22
62 25
62 26
62 27
62 31
62 32
62 37
62 41
62 47
62 52
62 53
62 57
62 59
62 65
62 69
62 70
62 72
62 73
62 74
62 77
62 78
62 79
62 80
62 81
62 87
62 90
62 93
62 94
62 99
62 104
62 105
62 111
62 118
62 124
62 127
63 1
63 3
63 7
63 9
63 11
63 13
63 14
63 16
63 19
63 20
63 23
63 25
63 26
63 31
63 32
63 34
63 35
63 40
63 42
63 45
63 46
63 50
63 52
63 54
63 55
63 59
63 61
63 66
63 69
63 77
63 78
63 80
63 82
63 86
63 93
63 94
63 95
63 97
63 100
63 105
63 106
63 107
63 110
63 111
63 112
63 113
63 118
63 120
63 124
64 1
64 2
64 3
64 4
64 8
64 9
64 14
64 20
64 24
64 25
64 27
64 28
64 34
64 35
64 37
64 39
64 45
64 49
64 51
64 54
64 56
64 59
64 61
64 64
64 65
64 67
64 68
64 71
64 75
64 77
64 78
64 81
64 83
64 85
64 86
64 87
64 96
64 98
64 100
64 101
64 105
64 108
64 111
64 113
64 115
64 117
64 118
64 127
65 0
65 2
65 3
65 6
65 15
65 17
65 19
65 22
65 25
65 26
65 30
65 34
65 36
65 40
65 45
65 53
65 54
65 55
65 56
65 58
65 62
65 63
65 65
65 66
65 69
65 71
65 76
65 80
65 81
65 86
65 90
65 97
65 98
65 100
65 101
65 103
65 105
65 107
65 109
65 111
65 113
65 114
65 115
65 121
65 122
65 125
66 5
66 7
66 8
66 11
66 13
66 17
66 18
66 29
66 30
66 32
66 35
66 36
66 37
66 39
66 44
66 50
66 52
66 54
66 56
66 59
66 63
66 70
66 71
66 74
66 76
66 77
66 78
66 85
66 86
66 89
66 103
66 108
66 109
66 114
66 118
66 120
66 124
66 125
66 126
66 127
67 0
67 1
67 3
67 6
67 7
67 8
67 10
67 11
67 13
67 18
67 20
67 25
67 30
67 34
67 38
67 42
67 45
67 47
67 49
67 51
67 52
67 54
67 58
67 64
67 65
67 72
67 77
67 79
67 84
67 86
67 87
67 91
67 94
67 95
67 96
67 99
67 101
67 102
67 103
67 104
67 107
67 116
67 118
67 120
67 122
67 123
68 4
68 6
68 7
68 8
68 11
68 15
68 16
68 19
68 24
68 25
68 30
68 33
68 37
68 38
68 47
68 48
68 49
68 56
68 57
68 60
68 62
68 63
68 65
68 66
68 67
68 68
68 71
68 73
68 77
68 81
68 82
68 91
68 96
68 97
68 100
68 107
68 113
68 117
68 121
68 123
69 0
69 1
69 3
69 9
69 10
69 13
69 20
69 32
69 33
69 37
69 38
69 41
69 44
69 53
69 57
69 60
69 62
69 63
69 64
69 65
69 66
69 72
69 78
69 79
69 82
69 83
69 89
69 90
69 91
69 93
69 97
69 98
69 101
69 107
69 108
69 112
69 114
69 116
69 119
69 120
69 123
69 127
70 6
70 9
70 10
70 13
70 16
70 21
70 25
70 28
70 29
70 31
70 32
70 33
70 34
70 35
70 37
70 40
70 43
70 49
70 50
70 52
70 58
70 59
70 60
70 62
70 64
70 65
70 67
70 68
70 70
70 71
70 73
70 76
70 79
70 83
70 84
70 88
70 89
70 93
70 96
70 100
70 101
70 103
70 105
70 107
70 110
70 111
70 114
70 118
70 119
70 121
70 122
70 124
70 125
70 127
71 4
71 5
71 7
71 10
71 12
71 15
71 18
71 27
71 28
71 29
71 36
71 39
71 40
71 42
71 56
71 57
71 61
71 63
71 66
71 70
71 72
71 76
71 78
71 88
71 89
71 91
71 93
71 95
71 99
71 100
71 105
71 108
71 110
71 113
71 115
71 119
71 121
71 122
71 124
71 125
71 127
72 8
72 10
72 11
72 12
72 13
72 14
72 25
72 26
72 32
72 33
72 34
72 38
72 41
72 43
72 50
72 51
72 54
72 56
72 59
72 60
72 67
72 68
72 76
72 77
72 79
72 81
72 82
72 85
72 86
72 93
72 95
72 104
72 109
72 111
72 117
72 119
72 120
72 123
72 125
72 126
72 127
73 0
73 2
73 8
73 10
73 12
73 13
73 17
73 19
73 20
73 32
73 41
73 43
73 47
73 48
73 50
73 56
73 58
73 60
73 61
73 62
73 64
73 69
73 72
73 73
73 74
73 75
73 80
73 81
73 83
73 84
73 85
73 87
73 88
73 90
73 91
73 92
73 94
73 95
73 98
73 99
73 102
73 104
73 110
73 111
73 113
73 114
73 120
73 122
73 123
73 124
73 127
74 1
74 2
74 4
74 7
74 17
74 18
74 22
74 25
74 31
74 32
74 35
74 38
74 43
74 44
74 46
74 47
74 50
74 55
74 61
74 62
74 63
74 64
74 67
74 71
74 78
74 80
74 84
74 89
74 90
74 91
74 93
74 96
74 97
74 100
74 106
74 107
74 109
74 113
74 118
74 119
74 122
74 124
74 126
75 4
75 6
75 9
75 13
75 15
75 16
75 23
75 28
75 29
75 30
75 33
75 35
75 38
75 43
75 44
75 45
75 57
75 59
75 61
75 62
75 65
75 67
75 70
75 74
75 75
75 77
75 78
75 79
75 81
75 82
75 83
75 89
75 91
75 94
75 98
75 99
75 103
75 104
75 110
75 118
75 119
75 120
75 123
75 125
76 6
76 7
76 11
76 14
76 20
76 23
76 24
76 26
76 30
76 31
76 35
76 37
76 41
76 43
76 45
76 53
76 57
76 61
76 64
76 77
76 82
76 83
76 86
76 91
76 92
76 94
76 97
76 102
76 105
76 108
76 110
76 115
76 116
76 118
76 119
76 120
76 123
76 125
77 2
77 4
77 5
77 9
77 11
77 12
77 17
77 18
77 19
77 24
77 26
77 36
77 39
77 40
77 43
77 46
77 48
77 49
77 59
77 70
77 78
77 83
77 85
77 86
77 87
77 93
77 95
77 96
77 98
77 100
77 105
77 106
77 108
77 111
77 113
77 115
77 118
77 119
77 120
77 121
77 124
77 125
77 127
78 0
78 2
78 3
78 6
78 11
78 13
78 14
78 20
78 21
78 22
78 26
78 28
78 30
78 31
78 33
78 38
78 41
78 42
78 44
78 47
78 48
78 53
78 55
78 60
78 62
78 63
78 65
78 67
78 73
78 77
78 79
78 80
78 82
78 87
78 92
78 96
78 97
78 103
78 108
78 109
78 110
78 117
78 119
78 120
78 122
78 125
78 126
79 4
79 6
79 7
79 8
79 10
79 14
79 16
79 17
79 18
79 25
79 31
79 32
79 52
79 54
79 61
79 63
79 64
79 68
79 72
79 76
79 79
79 82
79 87
79 88
79 96
79 97
79 103
79 106
79 108
79 109
79 111
79 115
79 116
79 118
79 119
79 120
79 125
79 126
79 127
80 3
80 4
80 6
80 7
80 10
80 11
80 12
80 20
80 22
80 24
80 26
80 27
80 28
80 29
80 35
80 41
80 44
80 55
80 60
80 63
80 65
80 66
80 69
80 73
80 76
80 82
80 83
80 84
80 86
80 88
80 90
80 91
80 92
80 94
80 99
80 100
80 106
80 107
80 110
80 113
80 125
81 0
81 1
81 6
81 7
81 9
81 15
81 19
81 20
81 21
81 22
81 24
81 27
81 30
81 35
81 45
81 47
81 48
81 58
81 66
81 67
81 68
81 69
81 72
81 79
81 80
81 83
81 89
81 91
81 98
81 100
81 101
81 103
81 107
81 109
81 113
81 118
81 122
81 125
81 126
82 3
82 5
82 7
82 8
82 13
82 15
82 19
82 20
82 23
82 24
82 28
82 29
82 30
82 34
82 37
82 41
82 42
82 45
82 52
82 53
82 54
82 55
82 57
82 59
82 63
82 66
82 69
82 70
82 74
82 76
82 80
82 87
82 88
82 91
82 93
82 95
82 97
82 98
82 99
82 100
82 101
82 107
82 109
82 110
82 111
82 114
82 115
82 117
82 119
83 0
83 4
83 5
83 8
83 9
83 10
83 11
83 12
83 14
83 15
83 18
83 20
83 21
83 22
83 23
83 25
83 26
83 36
83 38
83 39
83 47
83 48
83 49
83 51
83 53
83 54
83 62
83 65
83 67
83 69
83 70
83 72
83 73
83 75
83 77
83 78
83 81
83 83
83 89
83 97
83 98
83 101
83 108
83 109
83 114
83 116
83 124
84 3
84 10
84 12
84 13
84 15
84 17
84 19
84 23
84 26
84 27
84 32
84 33
84 35
84 36
84 39
84 40
84 41
84 44
84 46
84 47
84 48
84 50
84 54
84 55
84 56
84 59
84 62
84 63
84 65
84 66
84 70
84 71
84 72
84 76
84 78
84 83
84 84
84 85
84 88
84 91
84 93
84 95
84 96
84 101
84 103
84 105
84 107
84 111
84 112
84 114
84 115
84 116
84 118
84 119
84 124
84 125
84 126
84 127
85 1
85 2
85 7
85 8
85 12
85 13
85 15
85 16
85 17
85 20
85 22
85 23
85 24
85 26
85 27
85 28
85 33
85 34
85 35
85 36
85 37
85 50
85 51
85 59
85 61
85 62
85 63
85 64
85 67
85 69
85 70
85 72
85 75
85 77
85 79
85 80
85 81
85 83
85 85
85 87
85 89
85 91
85 93
85 94
85 96
85 102
85 105
85 106
85 110
85 112
85 115
85 117
85 126
86 4
86 6
86 9
86 10
86 11
86 13
86 14
86 16
86 18
86 19
86 20
86 23
86 27
86 28
86 29
86 37
86 50
86 53
86 54
86 55
86 58
86 63
86 66
86 68
86 71
86 72
86 76
86 78
86 79
86 81
86 85
86 86
86 92
86 94
86 95
86 103
86 108
86 111
86 113
86 114
86 118
86 121
86 122
86 123
86 124
87 0
87 2
87 5
87 7
87 9
87 11
87 12
87 15
87 16
87 23
87 24
87 25
87 29
87 30
87 32
87 34
87 35
87 38
87 45
87 48
87 49
87 51
87 56
87 57
87 59
87 61
87 67
87 72
87 75
87 76
87 77
87 79
87 82
87 87
87 88
87 89
87 91
87 100
87 102
87 103
87 105
87 107
87 108
87 110
87 112
87 113
87 114
87 121
88 1
88 4
88 5
88 7
88 8
88 12
88 13
88 17
88 22
88 24
88 26
88 28
88 29
88 30
88 31
88 33
88 34
88 37
88 53
88 54
88 56
88 58
88 59
88 62
88 69
88 71
88 72
88 74
88 77
88 79
88 82
88 83
88 84
88 85
88 88
88 92
88 95
88 96
88 97
88 99
88 102
88 106
88 107
88 113
88 114
88 120
88 125
89 0
89 1
89 5
89 7
89 15
89 16
89 18
89 22
89 23
89 24
89 28
89 31
89 33
89 36
89 40
89 41
89 43
89 47
89 49
89 51
89 55
89 56
89 57
89 59
89 62
89 64
89 65
89 66
89 75
89 83
89 84
89 85
89 86
89 87
89 88
89 92
89 94
89 97
89 101
89 107
89 109
89 111
89 113
89 116
89 117
89 122
89 125
89 127
90 2
90 6
90 7
90 8
90 9
90 10
90 13
90 14
90 18
90 19
90 20
90 22
90 26
90 27
90 33
90 35
90 37
90 43
90 49
90 50
90 55
90 57
90 63
90 65
90 66
90 69
90 71
90 72
90 74
90 75
90 76
90 80
90 85
90 92
90 93
90 96
90 99
90 114
90 115
90 118
90 119
91 0
91 4
91 8
91 11
91 12
91 17
91 19
91 20
91 28
91 31
91 33
91 35
91 36
91 41
91 45
91 47
91 48
91 49
91 52
91 53
91 54
91 58
91 59
91 61
91 63
91 67
91 70
91 74
91 75
91 77
91 78
91 79
91 80
91 92
91 95
91 96
91 97
91 105
91 106
91 108
91 110
91 112
91 113
91 116
91 117
91 118
91 121
91 123
91 125
91 126
92 0
92 2
92 7
92 9
92 11
92 14
92 15
92 19
92 21
92 23
92 27
92 28
92 31
92 33
92 35
92 36
92 38
92 39
92 41
92 42
92 43
92 46
92 48
92 50
92 51
92 54
92 65
92 66
92 67
92 68
92 71
92 72
92 74
92 76
92 82
92 83
92 86
92 89
92 97
92 102
92 107
92 108
92 115
92 119
92 121
92 123
92 124
92 127
93 1
93 3
93 7
93 10
93 13
93 14
93 15
93 17
93 18
93 21
93 22
93 23
93 26
93 27
93 28
93 35
93 37
93 43
93 45
93 46
93 49
93 53
93 56
93 58
93 61
93 64
93 68
93 74
93 76
93 82
93 84
93 86
93 90
93 92
93 95
93 96
93 97
93 98
93 99
93 101
93 102
93 104
93 105
93 107
93 110
93 111
93 114
93 116
93 123
93 124
93 125
94 1
94 4
94 5
94 7
94 10
94 11
94 17
94 18
94 20
94 23
94 26
94 31
94 32
94 33
94 37
94 38
94 41
94 42
94 43
94 44
94 49
94 51
94 52
94 55
94 60
94 61
94 64
94 65
94 66
94 69
94 70
94 72
94 73
94 77
94 78
94 80
94 83
94 85
94 86
94 88
94 92
94 94
94 100
94 102
94 103
94 105
94 106
94 107
94 113
94 114
94 117
94 120
94 123
94 124
94 126
95 0
95 3
95 5
95 8
95 11
95 12
95 14
95 17
95 19
95 23
95 25
95 31
95 39
95 49
95 51
95 53
95 55
95 60
95 72
95 73
95 77
95 78
95 79
95 80
95 81
95 82
95 83
95 92
95 96
95 97
95 98
95 102
95 108
95 109
95 113
95 118
95 119
95 121
95 125
95 126
95 127
96 1
96 3
96 4
96 7
96 11
96 13
96 14
96 15
96 17
96 20
96 21
96 22
96 25
96 27
96 32
96 35
96 36
96 39
96 40
96 44
96 45
96 55
96 57
96 58
96 59
96 60
96 65
96 66
96 72
96 74
96 76
96 78
96 79
96 80
96 81
96 83
96 88
96 94
96 96
96 99
96 101
96 106
96 110
96 112
96 118
96 122
97 1
97 4
97 13
97 14
97 16
97 19
97 20
97 21
97 23
97 25
97 27
97 30
97 31
97 33
97 37
97 39
97 45
97 46
97 47
97 54
97 62
97 64
97 68
97 70
97 73
97 75
97 79
97 80
97 81
97 83
97 85
97 88
97 90
97 91
97 92
97 99
97 107
97 109
97 111
97 113
97 115
97 116
97 117
97 118
97 119
97 120
97 121
97 122
97 124
97 127
98 5
98 17
98 20
98 22
98 24
98 29
98 35
98 36
98 37
98 41
98 45
98 46
98 48
98 49
98 54
98 55
98 63
98 65
98 68
98 69
98 71
98 79
98 82
98 83
98 84
98 86
98 94
98 96
98 99
98 100
98 101
98 106
98 110
98 111
98 113
98 114
98 119
98 123
98 124
98 125
98 127
99 3
99 7
99 11
99 15
99 16
99 18
99 23
99 29
99 31
99 32
99 36
99 38
99 40
99 44
99 45
99 50
99 51
99 53
99 58
99 60
99 64
99 68
99 70
99 78
99 81
99 82
99 83
99 92
99 93
99 94
99 101
99 103
99 106
99 108
99 112
99 119
99 120
99 121
99 123
99 124
99 125
99 126
100 0
100 1
100 6
100 11
100 12
100 16
100 18
100 19
100 23
100 25
100 31
100 32
100 41
100 46
100 47
100 49
100 51
100 52
100 56
100 66
100 74
100 80
100 82
100 83
100 85
100 87
100 95
100 97
100 100
100 108
100 110
100 112
100 114
100 119
100 122
100 123
100 125
100 126
101 0
101 6
101 7
101 9
101 12
101 16
101 17
101 19
101 20
101 21
101 24
101 28
101 32
101 33
101 37
101 40
101 41
101 44
101 45
101 47
101 48
101 52
101 56
101 60
101 64
101 65
101 66
101 68
101 69
101 70
101 71
101 72
101 74
101 75
101 83
101 84
101 88
101 89
101 90
101 91
101 92
101 94
101 97
101 98
101 99
101 101
101 105
101 107
101 111
101 112
101 115
101 117
101 118
101 120
101 123
101 127
102 0
102 3
102 5
102 6
102 7
102 12
102 15
102 19
102 25
102 29
102 30
102 31
102 35
102 39
102 41
102 45
102 47
102 53
102 55
102 56
102 58
102 62
102 67
102 71
102 72
102 73
102 75
102 76
102 81
102 86
102 87
102 94
102 98
102 100
102 104
102 105
102 110
102 116
102 117
102 119
102 125
102 126
102 127
103 2
103 3
103 11
103 13
103 16
103 19
103 27
103 34
103 39
103 40
103 41
103 42
103 44
103 45
103 46
103 49
103 51
103 54
103 55
103 57
103 58
103 59
103 60
103 61
103 62
103 64
103 66
103 67
103 68
103 69
103 70
103 72
103 74
103 82
103 85
103 87
103 88
103 94
103 96
103 104
103 107
103 109
103 110
103 114
103 117
103 124
104 1
104 5
104 13
104 14
104 18
104 24
104 26
104 27
104 32
104 33
104 35
104 39
104 40
104 41
104 42
104 44
104 46
104 47
104 50
104 56
104 57
104 60
104 62
104 63
104 67
104 77
104 78
104 79
104 81
104 86
104 89
104 92
104 93
104 98
104 102
104 103
104 105
104 106
104 114
104 115
104 117
104 120
104 121
104 126
104 127
105 0
105 3
105 4
105 9
105 14
105 15
105 16
105 21
105 23
105 25
105 30
105 31
105 35
105 36
105 39
105 41
105 43
105 44
105 45
105 47
105 49
105 56
105 60
105 61
105 62
105 63
105 66
105 71
105 72
105 74
105 75
105 77
105 81
105 82
105 83
105 84
105 85
105 86
105 87
105 89
105 90
105 91
105 94
105 96
105 98
105 103
105 105
105 110
105 111
105 114
105 117
105 118
105 122
105 123
106 6
106 7
106 8
106 10
106 14
106 16
106 18
106 19
106 21
106 26
106 30
106 38
106 40
106 41
106 42
106 43
106 45
106 53
106 55
106 56
106 59
106 61
106 64
106 66
106 68
106 73
106 76
106 77
106 79
106 82
106 83
106 86
106 92
106 93
106 96
106 97
106 100
106 106
106 107
106 109
106 110
106 111
106 115
106 118
106 119
106 120
106 121
106 122
106 123
107 0
107 3
107 6
107 7
107 14
107 23
107 24
107 26
107 27
107 29
107 35
107 41
107 42
107 47
107 52
107 54
107 65
107 66
107 69
107 73
107 79
107 80
107 83
107 87
107 88
107 89
107 91
107 96
107 100
107 101
107 104
107 105
107 106
107 109
107 110
107 111
107 114
107 115
107 118
107 121
107 124
107 127
108 2
108 4
108 8
108 9
108 12
108 14
108 15
108 16
108 19
108 20
108 22
108 26
108 27
108 32
108 35
108 36
108 41
108 42
108 45
108 46
108 51
108 52
108 54
108 56
108 57
108 59
108 60
108 66
108 68
108 70
108 73
108 74
108 75
108 77
108 79
108 81
108 82
108 83
108 90
108 91
108 99
108 103
108 108
108 110
108 119
108 120
108 124
109 6
109 7
109 8
109 9
109 10
109 12
109 19
109 20
109 25
109 27
109 31
109 38
109 41
109 46
109 47
109 48
109 52
109 53
109 56
109 61
109 67
109 72
109 75
109 80
109 82
109 86
109 87
109 89
109 95
109 97
109 102
109 105
109 106
109 108
109 109
109 110
109 111
109 118
109 119
109 121
109 124
110 0
110 2
110 3
110 5
110 8
110 12
110 13
110 14
110 16
110 18
110 19
110 23
110 28
110 29
110 30
110 33
110 39
110 43
110 46
110 52
110 57
110 58
110 60
110 62
110 65
110 66
110 70
110 79
110 81
110 82
110 88
110 89
110 90
110 91
110 97
110 99
110 101
110 106
110 116
110 119
110 120
110 122
110 123
110 125
110 126
110 127
111 2
111 4
111 5
111 6
111 9
111 10
111 13
111 14
111 17
111 19
111 22
111 24
111 27
111 29
111 30
111 33
111 38
111 39
111 46
111 50
111 53
111 63
111 67
111 70
111 72
111 73
111 74
111 81
111 82
111 84
111 85
111 87
111 88
111 95
111 96
111 99
111 101
111 102
111 103
111 105
111 112
111 113
111 117
111 122
111 127
112 5
112 8
112 14
112 16
112 19
112 20
112 22
112 26
112 27
112 28
112 32
112 33
112 35
112 37
112 39
112 42
112 45
112 47
112 49
112 52
112 53
112 54
112 56
112 57
112 59
112 60
112 61
112 63
112 67
112 69
112 74
112 79
112 82
112 87
112 88
112 89
112 93
112 101
112 103
112 110
112 115
112 119
112 121
112 127
113 3
113 7
113 10
113 11
113 15
113 18
113 19
113 20
113 21
113 23
113 28
113 30
113 35
113 37
113 44
113 47
113 49
113 53
113 54
113 58
113 59
113 62
113 65
113 66
113 67
113 69
113 74
113 77
113 80
113 85
113 86
113 87
113 92
113 94
113 99
113 105
113 107
113 109
113 110
113 114
113 116
113 117
113 118
113 120
113 121
113 126
114 1
114 2
114 6
114 9
114 10
114 13
114 15
114 16
114 18
114 25
114 30
114 32
114 33
114 35
114 37
114 38
114 39
114 40
114 43
114 46
114 47
114 49
114 51
114 53
114 54
114 55
114 58
114 59
114 60
114 61
114 64
114 68
114 73
114 74
114 77
114 79
114 80
114 85
114 88
114 89
114 91
114 93
114 94
114 98
114 105
114 107
114 109
114 112
114 120
114 121
115 2
115 8
115 12
115 13
115 18
115 20
115 21
115 23
115 30
115 33
115 37
115 43
115 45
115 46
115 48
115 49
115 51
115 58
115 59
115 61
115 64
115 65
115 69
115 70
115 71
115 72
115 73
115 74
115 77
115 78
115 84
115 85
115 86
115 88
115 90
115 97
115 102
115 103
115 105
115 107
115 108
115 109
115 110
115 111
115 114
115 118
115 121
115 123
115 127
116 4
116 5
116 6
116 15
116 16
116 19
116 27
116 33
116 34
116 36
116 38
116 39
116 41
116 44
116 47
116 52
116 55
116 57
116 58
116 59
116 60
116 63
116 64
116 67
116 71
116 73
116 74
116 76
116 78
116 79
116 86
116 96
116 100
116 104
116 107
116 108
116 113
116 114
116 117
116 120
116 124
116 127
117 1
117 3
117 8
117 14
117 17
117 18
117 22
117 24
117 26
117 27
117 28
117 30
117 31
117 46
117 49
117 50
117 54
117 56
117 59
117 65
117 68
117 74
117 76
117 82
117 83
117 85
117 86
117 89
117 96
117 97
117 98
117 104
117 105
117 111
117 112
117 119
118 3
118 6
118 7
118 10
118 12
118 14
118 18
118 20
118 21
118 24
118 25
118 26
118 27
118 31
118 32
118 33
118 35
118 41
118 44
118 45
118 53
118 56
118 69
118 71
118 73
118 80
118 81
118 84
118 85
118 86
118 91
118 95
118 98
118 99
118 102
118 103
118 108
118 109
118 110
118 111
118 115
118 117
118 120
118 121
118 122
118 123
118 125
119 3
119 4
119 5
119 8
119 12
119 15
119 17
119 21
119 22
119 25
119 28
119 36
119 38
119 42
119 43
119 45
119 48
119 49
119 53
119 56
119 57
119 62
119 66
119 72
119 73
119 77
119 79
119 80
119 81
119 85
119 90
119 91
119 94
119 100
119 105
119 106
119 109
119 115
119 116
119 123
119 125
120 0
120 1
120 3
120 7
120 13
120 16
120 19
120 22
120 23
120 24
120 25
120 26
120 27
120 29
120 30
120 35
120 47
120 56
120 57
120 58
120 60
120 61
120 65
120 68
120 69
120 75
120 76
120 78
120 82
120 83
120 85
120 87
120 88
120 89
120 90
120 92
120 95
120 96
120 99
120 101
120 102
120 104
120 106
120 115
120 116
120 117
120 123
120 124
120 125
121 0
121 4
121 5
121 6
121 9
121 11
121 14
121 15
121 17
121 18
121 27
121 28
121 30
121 36
121 37
121 41
121 43
121 49
121 51
121 54
121 57
121 58
121 59
121 61
121 64
121 65
121 68
121 69
121 73
121 76
121 77
121 78
121 83
121 88
121 99
121 101
121 103
121 106
121 111
121 112
121 118
121 119
121 120
121 123
121 124
122 1
122 9
122 10
122 17
122 18
122 20
122 23
122 24
122 27
122 30
122 31
122 32
122 34
122 36
122 37
122 39
122 45
122 48
122 49
122 50
122 60
122 62
122 64
122 69
122 70
122 75
122 77
122 81
122 82
122 88
122 92
122 95
122 97
122 99
122 101
122 107
122 109
122 110
122 111
122 112
122 116
122 126
122 127
123 1
123 5
123 6
123 9
123 14
123 15
123 18
123 22
123 24
123 26
123 31
123 35
123 37
123 38
123 46
123 50
123 56
123 58
123 59
123 60
123 61
123 66
123 70
123 72
123 75
123 76
123 78
123 79
123 80
123 84
123 86
123 89
123 90
123 102
123 103
123 106
123 107
123 110
123 115
123 116
123 117
123 123
123 125
124 6
124 8
124 9
124 11
124 19
124 21
124 25
124 26
124 28
124 30
124 31
124 32
124 37
124 39
124 40
124 41
124 42
124 43
124 51
124 53
124 54
124 60
124 61
124 63
124 68
124 70
124 72
124 73
124 80
124 82
124 93
124 96
124 99
124 102
124 107
124 108
124 109
124 111
124 117
124 121
124 123
124 126
125 1
125 2
125 4
125 5
125 7
125 9
125 11
125 15
125 20
125 35
125 37
125 42
125 47
125 50
125 53
125 54
125 56
125 59
125 63
125 65
125 71
125 72
125 74
125 76
125 77
125 78
125 80
125 82
125 83
125 85
125 87
125 88
125 89
125 92
125 100
125 101
125 103
125 105
125 109
125 114
125 117
125 119
125 120
125 122
125 124
126 2
126 5
126 7
126 8
126 10
126 17
126 20
126 26
126 31
126 33
126 35
126 36
126 40
126 52
126 54
126 59
126 63
126 66
126 67
126 71
126 72
126 73
126 80
126 82
126 87
126 88
126 89
126 95
126 98
126 100
126 106
126 107
126 109
126 110
126 117
126 120
126 125
126 126
127 0
127 4
127 5
127 6
127 8
127 11
127 13
127 14
127 16
127 30
127 34
127 40
127 50
127 56
127 57
127 58
127 64
127 67
127 68
127 74
127 75
127 80
127 81
127 83
127 85
127 87
127 90
127 92
127 93
127 94
127 96
127 98
127 100
127 102
127 104
127 105
127 112
127 113
127 118
127 121
