0 4
0 30
0 42
0 89
0 93
1 13
1 17
1 34
1 42
1 49
1 60
1 62
1 91
1 100
1 106
1 108
2 4
2 22
2 33
2 47
2 50
2 53
2 54
2 66
2 90
2 95
2 102
2 108
2 113
2 122
3 12
3 31
3 32
3 35
3 40
3 64
3 73
3 80
3 84
3 107
3 108
4 3
4 43
4 47
4 83
4 84
4 87
4 102
5 24
5 29
5 35
5 37
5 42
5 65
5 91
5 94
5 97
5 111
5 122
5 126
6 15
6 23
6 38
6 43
6 48
6 56
6 69
6 82
6 86
6 90
6 113
6 115
7 19
7 20
7 24
7 26
7 29
7 53
7 54
7 71
7 82
7 100
8 29
8 31
8 46
8 57
8 58
8 69
8 81
8 92
8 95
8 99
8 100
8 101
8 102
8 103
8 114
9 2
9 6
9 10
9 27
9 30
9 34
9 41
9 46
9 95
10 2
10 10
10 11
10 13
10 29
10 46
10 49
10 51
10 54
10 58
10 60
10 72
10 75
10 76
10 86
10 89
10 93
10 98
10 99
10 106
10 110
10 114
10 127
11 33
11 72
11 78
11 85
11 98
11 103
11 104
11 112
11 127
12 19
12 22
12 25
12 46
12 53
12 98
12 103
12 107
12 110
12 126
13 7
13 15
13 34
13 35
13 40
13 46
13 59
13 65
13 66
13 74
13 79
13 102
13 107
13 123
13 126
14 6
14 19
14 35
14 38
14 41
14 44
14 54
14 68
14 71
14 96
14 97
14 109
14 127
15 20
15 36
15 43
15 61
15 68
15 79
15 97
15 102
15 105
15 120
15 126
16 21
16 25
16 26
16 42
16 64
16 69
16 86
16 88
16 96
16 101
16 127
17 5
17 9
17 30
17 35
17 42
17 72
17 96
17 103
17 109
17 115
17 124
18 1
18 2
18 31
18 40
18 52
18 58
18 83
18 118
18 120
18 121
18 124
19 7
19 27
19 31
19 45
19 60
19 74
19 79
19 80
19 83
19 90
19 92
19 105
20 1
20 11
20 20
20 21
20 22
20 28
20 44
20 66
20 73
20 89
20 94
20 97
20 101
20 108
20 115
20 125
21 12
21 15
21 17
21 19
21 24
21 26
21 42
21 43
21 49
21 59
21 86
21 88
21 108
21 111
21 120
21 125
22 18
22 31
22 32
22 47
22 61
22 62
22 84
22 90
22 94
22 116
22 124
23 6
23 10
23 11
23 22
23 26
23 33
23 36
23 40
23 50
23 55
23 68
23 79
23 83
23 86
23 87
23 90
23 95
23 120
24 30
24 40
24 47
24 51
24 58
24 61
24 62
24 83
24 90
24 92
24 97
24 101
24 107
24 114
24 123
25 4
25 41
25 43
25 51
25 60
25 69
25 73
25 81
25 82
25 85
25 91
25 92
25 94
25 98
25 108
25 113
26 3
26 7
26 10
26 22
26 33
26 35
26 51
26 62
26 117
26 124
27 23
27 29
27 31
27 34
27 96
27 97
27 127
28 8
28 25
28 29
28 38
28 44
28 45
28 66
28 77
28 86
28 95
28 111
28 121
29 12
29 14
29 17
29 25
29 33
29 57
29 98
29 101
29 102
29 110
29 117
30 6
30 20
30 45
30 54
30 62
30 68
30 71
30 82
30 84
30 96
30 97
30 106
30 114
30 125
31 0
31 15
31 16
31 33
31 44
31 62
31 68
31 71
31 90
31 96
31 106
31 118
32 5
32 34
32 42
32 67
32 78
32 105
32 120
33 3
33 8
33 28
33 35
33 41
33 42
33 45
33 47
33 50
33 52
33 61
33 77
33 99
33 108
33 120
33 123
34 4
34 12
34 16
34 17
34 51
34 54
34 60
34 67
34 69
34 72
34 78
34 79
34 83
34 86
34 92
34 108
34 115
35 1
35 10
35 17
35 32
35 37
35 66
35 74
35 84
35 95
35 97
35 112
35 117
35 125
36 31
36 57
36 64
36 74
36 79
36 94
36 99
36 100
36 108
36 109
36 121
36 122
36 126
37 5
37 10
37 12
37 13
37 14
37 23
37 25
37 32
37 33
37 61
37 62
37 65
37 70
37 97
37 112
37 119
38 46
38 49
38 61
38 85
38 95
38 98
38 100
38 109
38 124
38 126
39 15
39 21
39 27
39 28
39 67
39 72
40 7
40 9
40 10
40 15
40 25
40 65
40 77
40 89
40 120
40 124
41 5
41 15
41 22
41 33
41 34
41 47
41 68
41 98
41 105
41 114
42 8
42 11
42 22
42 33
42 59
42 65
42 77
42 81
42 117
43 10
43 12
43 33
43 45
43 46
43 57
43 63
43 67
43 106
43 117
43 126
44 9
44 17
44 22
44 42
44 44
44 50
44 52
44 56
44 63
44 65
44 67
44 77
44 81
44 83
44 85
44 88
44 93
44 94
44 113
44 115
44 118
44 122
44 124
45 15
45 18
45 45
45 60
45 62
45 67
45 68
45 112
45 115
46 0
46 4
46 23
46 33
46 50
46 68
46 105
46 122
46 127
47 26
47 47
47 54
47 58
47 64
47 76
47 79
47 88
48 7
48 10
48 48
48 55
48 59
48 91
48 95
48 102
49 32
49 35
49 52
49 54
49 63
49 71
49 77
49 79
49 84
49 86
49 91
49 97
49 102
49 114
49 122
49 127
50 13
50 29
50 41
50 44
50 45
50 53
50 57
50 75
50 83
50 93
50 98
50 116
51 6
51 14
51 17
51 30
51 34
51 46
51 52
51 57
51 76
51 92
51 99
51 103
51 104
52 1
52 3
52 19
52 26
52 39
52 55
52 56
52 57
52 70
52 72
52 74
52 97
52 105
52 108
52 111
52 123
52 127
53 8
53 11
53 12
53 13
53 15
53 25
53 27
53 53
53 73
53 77
53 103
53 109
53 126
54 0
54 10
54 23
54 24
54 33
54 38
54 46
54 49
54 96
54 112
54 120
55 37
55 42
55 51
55 84
55 87
56 17
56 19
56 36
56 46
56 67
56 84
56 87
56 104
56 108
56 112
57 7
57 18
57 25
57 29
57 30
57 37
57 59
57 60
57 77
57 123
58 21
58 27
58 49
58 56
58 74
58 76
58 118
58 121
58 123
59 13
59 21
59 35
59 44
59 46
59 53
59 64
59 72
59 81
59 93
59 108
59 119
60 2
60 9
60 10
60 12
60 22
60 25
60 27
60 28
60 67
60 78
60 80
60 81
60 105
60 106
60 119
60 125
61 6
61 19
61 29
61 30
61 40
61 41
61 47
61 53
61 55
61 63
61 81
61 83
61 92
61 95
61 98
61 118
62 1
62 13
62 19
62 23
62 29
62 46
62 63
62 77
62 85
62 92
62 112
62 118
62 125
63 8
63 21
63 25
63 40
63 47
63 55
63 63
63 64
63 72
63 74
63 75
63 77
63 85
63 87
64 17
64 25
64 44
64 51
64 59
64 69
64 73
64 106
64 111
64 112
65 6
65 32
65 34
65 39
65 58
65 59
65 62
65 66
65 82
65 94
65 100
65 104
65 112
65 118
65 125
66 6
66 27
66 28
66 39
66 42
66 47
66 60
66 86
66 90
66 91
66 97
66 111
66 113
66 122
67 16
67 17
67 34
67 59
67 74
67 75
67 84
67 91
67 95
67 96
67 113
67 117
67 123
68 1
68 6
68 15
68 21
68 76
68 89
68 103
69 7
69 13
69 17
69 21
69 30
69 35
69 41
69 47
69 48
69 60
69 84
69 116
70 6
70 27
70 28
70 52
70 61
70 64
70 66
70 68
70 75
70 84
70 100
70 106
70 110
70 117
70 122
71 4
71 27
71 36
71 54
71 83
71 93
71 97
71 100
71 111
71 115
72 4
72 6
72 21
72 32
72 45
72 58
72 64
72 76
72 85
72 86
72 98
72 104
72 105
73 2
73 14
73 25
73 31
73 51
73 56
73 61
73 78
73 85
73 86
73 108
73 127
74 11
74 16
74 21
74 40
74 49
74 56
74 64
74 84
74 109
74 120
75 0
75 18
75 33
75 60
75 69
75 95
75 97
75 98
75 113
75 117
76 2
76 6
76 9
76 20
76 53
76 55
76 63
76 67
76 86
76 113
76 119
76 127
77 21
77 28
77 34
77 37
77 59
77 62
77 65
77 66
77 70
77 73
77 121
77 127
78 7
78 10
78 40
78 43
78 54
78 64
78 71
78 80
78 83
78 99
78 106
78 109
78 113
78 116
79 6
79 23
79 30
79 33
79 48
79 49
79 51
79 76
79 99
79 100
79 105
79 109
79 116
80 16
80 18
80 65
80 68
80 71
80 85
80 91
80 98
80 100
81 10
81 21
81 28
81 31
81 34
81 38
81 42
81 47
81 54
81 90
81 92
81 96
81 111
81 127
82 2
82 9
82 18
82 36
82 48
82 56
82 87
82 96
82 119
82 122
83 14
83 27
83 31
83 37
83 38
83 53
83 56
83 60
83 79
83 82
83 92
83 98
83 121
84 1
84 64
84 69
84 70
84 82
84 83
84 87
84 94
84 97
85 19
85 61
85 79
85 89
85 107
85 114
85 116
85 121
86 7
86 17
86 19
86 35
86 41
86 97
86 99
86 111
86 124
87 12
87 18
87 33
87 37
87 61
87 72
87 78
87 86
87 103
87 109
87 119
88 20
88 25
88 28
88 42
88 55
88 65
88 75
88 80
88 81
88 93
88 95
88 100
88 107
88 108
88 114
88 124
89 18
89 35
89 39
89 48
89 59
89 76
89 77
89 97
89 98
89 100
90 13
90 43
90 44
90 46
90 56
90 68
90 75
90 84
90 102
90 104
90 117
91 17
91 24
91 27
91 31
91 36
91 49
91 57
91 67
91 79
92 21
92 30
92 60
92 66
92 67
92 75
92 78
92 97
92 110
92 113
93 21
93 37
93 58
93 69
93 103
93 123
94 11
94 13
94 29
94 45
94 58
94 74
94 97
94 111
94 124
95 0
95 27
95 37
95 58
95 63
95 71
95 74
95 75
96 5
96 9
96 44
96 49
96 64
96 67
96 107
97 19
97 30
97 38
97 58
97 61
97 84
97 87
97 88
97 89
97 97
97 110
97 111
97 117
97 121
97 123
97 125
98 7
98 14
98 15
98 29
98 30
98 32
98 41
98 42
98 45
98 47
98 62
98 64
98 65
98 90
98 92
98 103
98 116
98 123
98 125
99 3
99 12
99 25
99 40
99 50
99 62
99 71
99 80
99 86
99 97
99 99
99 111
100 2
100 8
100 21
100 41
100 85
100 90
101 19
101 20
101 22
101 29
101 45
101 51
101 68
101 98
101 104
101 121
102 17
102 28
102 32
102 34
102 39
102 42
102 52
102 59
102 70
102 73
102 88
102 92
102 94
102 104
102 114
102 117
102 123
103 2
103 3
103 12
103 25
103 45
103 48
103 52
103 55
103 57
103 61
103 67
103 68
103 69
103 82
103 95
103 112
103 119
104 10
104 12
104 28
104 32
104 33
104 71
104 79
104 85
104 94
104 107
104 109
105 3
105 5
105 27
105 32
105 34
105 51
105 71
105 99
106 3
106 6
106 7
106 14
106 15
106 18
106 19
106 22
106 28
106 47
106 59
106 78
106 108
106 119
106 121
107 8
107 9
107 11
107 29
107 39
107 41
107 48
107 54
107 57
107 75
107 109
108 57
108 72
108 76
108 88
108 89
108 126
109 10
109 44
109 57
109 70
109 93
109 103
109 127
110 11
110 44
110 51
110 71
110 88
110 96
110 108
110 125
111 3
111 15
111 20
111 27
111 30
111 37
111 45
111 87
111 89
111 91
111 112
111 118
111 122
112 2
112 4
112 7
112 26
112 27
112 33
112 48
112 54
112 58
112 71
112 84
112 87
112 97
112 99
112 108
112 110
112 112
112 116
112 121
112 123
113 11
113 30
113 38
113 44
113 52
113 63
113 99
113 101
113 124
114 6
114 18
114 34
114 44
114 49
114 50
114 58
114 69
114 91
114 95
114 112
114 121
115 3
115 20
115 45
115 58
115 61
115 64
115 65
115 67
115 82
115 102
115 103
115 124
116 12
116 17
116 22
116 27
116 52
116 73
116 77
116 84
116 117
117 7
117 12
117 18
117 54
117 70
117 89
117 92
117 95
117 104
117 114
117 115
117 120
118 9
118 14
118 18
118 19
118 25
118 31
118 65
118 70
118 77
118 85
118 87
118 92
118 109
118 116
118 119
118 122
119 17
119 29
119 59
119 67
119 73
119 92
119 100
119 117
120 15
120 17
120 64
120 110
120 121
120 123
121 29
121 47
121 48
121 55
121 69
121 70
121 74
121 84
121 95
121 98
121 105
122 8
122 19
122 44
122 47
122 63
122 74
122 75
122 79
122 100
122 104
122 119
123 2
123 9
123 11
123 39
123 47
123 51
123 56
123 71
123 80
123 99
123 101
123 107
123 125
124 1
124 9
124 24
124 56
124 63
124 93
124 107
124 116
124 118
124 120
124 124
125 0
125 6
125 14
125 24
125 26
125 31
125 34
125 45
125 58
125 65
125 76
125 77
125 122
126 0
126 5
126 17
126 20
126 22
126 24
126 39
126 59
126 80
126 93
126 96
126 109
126 113
126 114
126 119
126 122
127 2
127 47
127 54
127 66
127 67
127 78
127 88
127 90
127 108
127 111
127 116
127 122
