0 4
0 5
0 7
0 10
0 16
0 18
0 28
0 30
0 31
0 33
0 34
0 41
0 48
0 58
0 62
0 63
0 67
0 69
0 71
0 74
0 79
0 81
0 90
0 91
0 114
0 116
0 121
0 124
0 125
1 0
1 1
1 4
1 5
1 11
1 16
1 20
1 25
1 28
1 35
1 41
1 43
1 46
1 47
1 51
1 56
1 57
1 62
1 72
1 75
1 94
1 103
1 109
1 116
1 117
1 119
1 121
1 124
1 126
2 0
2 2
2 4
2 22
2 28
2 31
2 45
2 47
2 51
2 55
2 59
2 60
2 70
2 74
2 78
2 98
2 105
2 110
2 111
2 115
2 121
2 126
3 1
3 5
3 17
3 23
3 30
3 32
3 38
3 40
3 41
3 45
3 64
3 66
3 71
3 77
3 96
3 100
3 101
3 112
3 113
3 117
3 119
3 122
3 126
4 8
4 14
4 20
4 27
4 34
4 52
4 58
4 72
4 73
4 75
4 78
4 80
4 84
4 89
4 90
4 98
4 103
4 110
4 127
5 3
5 13
5 22
5 37
5 48
5 49
5 69
5 78
5 81
5 86
5 88
5 91
5 92
5 96
5 97
5 99
5 103
5 106
5 109
5 115
5 118
5 122
6 11
6 14
6 20
6 27
6 29
6 30
6 41
6 52
6 53
6 68
6 69
6 70
6 72
6 73
6 78
6 80
6 81
6 83
6 89
6 91
6 104
6 105
6 106
6 108
6 112
6 117
6 119
7 5
7 16
7 18
7 19
7 25
7 26
7 30
7 40
7 41
7 42
7 47
7 52
7 54
7 55
7 61
7 62
7 63
7 75
7 77
7 78
7 91
7 97
7 98
7 105
7 113
7 116
8 28
8 32
8 34
8 39
8 40
8 46
8 47
8 52
8 54
8 58
8 65
8 66
8 79
8 81
8 84
8 85
8 88
8 91
8 102
8 103
8 111
8 118
8 119
8 122
8 127
9 11
9 13
9 23
9 28
9 37
9 38
9 42
9 48
9 67
9 70
9 71
9 73
9 78
9 81
9 86
9 89
9 90
9 94
9 108
9 114
9 115
9 116
9 126
10 11
10 12
10 14
10 17
10 18
10 21
10 25
10 27
10 47
10 50
10 51
10 57
10 60
10 61
10 69
10 79
10 83
10 84
10 87
10 89
10 94
10 98
10 101
10 105
10 109
10 110
10 113
10 121
10 126
11 4
11 5
11 8
11 16
11 19
11 20
11 22
11 24
11 25
11 26
11 27
11 35
11 36
11 42
11 46
11 53
11 56
11 60
11 65
11 66
11 69
11 71
11 83
11 87
11 91
11 94
11 98
11 100
11 101
11 102
11 104
11 106
11 114
11 118
11 121
11 124
11 126
12 4
12 13
12 20
12 21
12 23
12 25
12 27
12 30
12 40
12 56
12 65
12 66
12 67
12 72
12 79
12 88
12 98
12 99
12 107
12 110
12 114
12 118
12 122
12 126
13 1
13 6
13 12
13 16
13 30
13 34
13 35
13 38
13 41
13 46
13 49
13 51
13 56
13 67
13 73
13 77
13 82
13 83
13 84
13 92
13 96
13 101
13 104
13 106
13 113
13 116
13 118
14 27
14 33
14 45
14 48
14 49
14 51
14 54
14 55
14 69
14 73
14 74
14 77
14 79
14 82
14 84
14 85
14 92
14 99
14 117
14 119
14 124
15 0
15 5
15 6
15 9
15 12
15 27
15 29
15 34
15 39
15 40
15 45
15 49
15 52
15 55
15 57
15 69
15 70
15 75
15 82
15 94
15 97
15 102
15 109
15 113
15 118
15 119
16 1
16 8
16 20
16 25
16 26
16 30
16 40
16 41
16 42
16 44
16 48
16 51
16 53
16 56
16 61
16 63
16 65
16 66
16 77
16 89
16 94
16 97
16 111
16 116
16 126
16 127
17 11
17 17
17 20
17 21
17 22
17 24
17 30
17 33
17 38
17 41
17 52
17 57
17 64
17 66
17 68
17 71
17 81
17 84
17 88
17 97
17 109
17 116
17 118
17 121
17 126
18 0
18 3
18 19
18 23
18 25
18 30
18 33
18 34
18 43
18 44
18 54
18 64
18 72
18 79
18 80
18 81
18 82
18 83
18 86
18 98
18 108
18 109
18 111
18 115
18 118
18 121
18 122
18 124
19 1
19 4
19 5
19 7
19 8
19 13
19 16
19 23
19 25
19 26
19 39
19 40
19 41
19 46
19 47
19 51
19 53
19 57
19 65
19 70
19 78
19 79
19 87
19 110
19 114
19 127
20 9
20 13
20 26
20 27
20 31
20 40
20 41
20 47
20 48
20 57
20 58
20 60
20 63
20 69
20 78
20 89
20 91
20 97
20 101
20 106
20 110
20 120
20 125
20 126
21 5
21 9
21 15
21 16
21 26
21 37
21 38
21 41
21 49
21 60
21 61
21 74
21 80
21 92
21 98
21 107
21 110
21 111
21 114
21 117
21 121
21 124
22 8
22 13
22 23
22 28
22 32
22 34
22 44
22 51
22 54
22 62
22 64
22 65
22 70
22 74
22 76
22 79
22 86
22 87
22 91
22 99
22 103
22 110
22 111
22 113
22 115
22 122
23 10
23 17
23 18
23 29
23 30
23 32
23 33
23 51
23 55
23 59
23 62
23 65
23 68
23 81
23 85
23 87
23 88
23 90
23 95
23 100
23 105
23 110
23 124
24 0
24 3
24 7
24 28
24 29
24 32
24 33
24 46
24 48
24 51
24 55
24 65
24 71
24 72
24 77
24 84
24 98
24 100
24 102
24 103
24 113
24 117
24 120
24 123
24 125
24 126
25 3
25 5
25 7
25 9
25 10
25 15
25 18
25 19
25 29
25 34
25 39
25 45
25 46
25 52
25 53
25 57
25 58
25 63
25 65
25 71
25 78
25 82
25 89
25 92
25 113
25 121
25 127
26 3
26 13
26 16
26 22
26 25
26 33
26 45
26 47
26 53
26 54
26 69
26 73
26 79
26 83
26 86
26 95
26 99
26 102
26 106
26 110
26 111
26 114
26 119
26 125
27 3
27 10
27 12
27 17
27 18
27 22
27 24
27 26
27 32
27 43
27 44
27 45
27 46
27 49
27 55
27 57
27 61
27 62
27 65
27 72
27 79
27 87
27 88
27 89
27 94
27 98
27 105
27 110
27 113
27 121
27 124
27 126
28 0
28 8
28 29
28 31
28 36
28 38
28 42
28 46
28 50
28 52
28 58
28 68
28 77
28 79
28 80
28 85
28 87
28 91
28 96
28 99
28 104
28 115
29 0
29 3
29 11
29 16
29 23
29 26
29 40
29 41
29 46
29 50
29 54
29 58
29 62
29 63
29 70
29 71
29 79
29 86
29 88
29 89
29 91
29 92
29 94
29 97
29 100
29 105
29 106
29 120
30 3
30 5
30 6
30 15
30 19
30 22
30 30
30 34
30 49
30 50
30 61
30 62
30 64
30 71
30 74
30 101
30 108
30 114
30 116
30 124
31 12
31 27
31 28
31 32
31 38
31 44
31 50
31 52
31 60
31 61
31 64
31 65
31 85
31 91
31 93
31 94
31 105
31 107
31 110
31 114
31 125
32 7
32 17
32 21
32 25
32 27
32 31
32 32
32 37
32 42
32 44
32 45
32 46
32 61
32 62
32 75
32 78
32 94
32 100
32 101
32 108
32 110
32 111
32 113
32 121
32 122
32 124
33 1
33 12
33 15
33 17
33 18
33 19
33 26
33 31
33 34
33 35
33 43
33 45
33 48
33 49
33 50
33 51
33 55
33 68
33 72
33 75
33 93
33 95
33 109
33 112
33 119
33 121
34 5
34 7
34 9
34 15
34 22
34 27
34 32
34 35
34 37
34 41
34 45
34 56
34 69
34 80
34 84
34 85
34 90
34 98
34 110
34 111
34 114
34 116
34 117
34 124
35 13
35 18
35 20
35 21
35 24
35 26
35 29
35 32
35 36
35 43
35 48
35 55
35 59
35 64
35 67
35 69
35 78
35 82
35 88
35 89
35 95
35 96
35 98
35 99
35 100
35 105
35 108
35 109
35 117
35 118
35 119
35 121
35 124
36 4
36 10
36 11
36 12
36 14
36 23
36 42
36 43
36 45
36 48
36 55
36 57
36 63
36 72
36 77
36 80
36 81
36 92
36 95
36 102
36 108
36 115
36 120
36 123
36 125
37 3
37 12
37 19
37 22
37 25
37 29
37 32
37 34
37 36
37 43
37 45
37 46
37 52
37 64
37 66
37 69
37 79
37 80
37 84
37 86
37 91
37 96
37 100
37 104
37 105
37 107
37 126
38 14
38 22
38 29
38 32
38 38
38 41
38 42
38 45
38 47
38 53
38 56
38 73
38 78
38 80
38 103
38 110
38 118
38 121
39 0
39 10
39 27
39 31
39 37
39 38
39 39
39 40
39 47
39 55
39 57
39 71
39 75
39 88
39 98
39 100
39 102
39 115
39 117
39 119
39 120
39 123
40 1
40 8
40 14
40 18
40 22
40 23
40 26
40 38
40 62
40 72
40 77
40 83
40 100
40 104
40 119
41 27
41 29
41 39
41 42
41 45
41 48
41 56
41 57
41 72
41 76
41 78
41 79
41 81
41 82
41 86
41 87
41 93
41 95
41 106
41 121
42 0
42 7
42 12
42 14
42 16
42 21
42 27
42 33
42 39
42 43
42 45
42 46
42 57
42 59
42 61
42 65
42 69
42 73
42 79
42 88
42 89
42 97
42 102
42 107
42 115
42 120
42 124
42 125
43 0
43 11
43 22
43 34
43 36
43 42
43 47
43 48
43 53
43 54
43 55
43 68
43 74
43 82
43 104
43 107
43 108
43 113
43 116
43 117
43 122
44 0
44 1
44 5
44 13
44 15
44 18
44 21
44 33
44 34
44 37
44 46
44 51
44 55
44 62
44 70
44 72
44 73
44 78
44 83
44 86
44 88
44 90
44 97
44 99
44 107
44 109
44 113
44 116
44 123
45 10
45 11
45 12
45 13
45 20
45 22
45 32
45 35
45 36
45 39
45 45
45 50
45 53
45 55
45 57
45 63
45 67
45 83
45 85
45 93
45 111
45 117
45 121
45 123
46 3
46 6
46 7
46 15
46 17
46 34
46 37
46 41
46 45
46 50
46 53
46 55
46 60
46 62
46 65
46 68
46 74
46 75
46 76
46 83
46 95
46 96
46 97
46 102
46 104
46 106
46 112
46 116
46 117
46 126
47 4
47 6
47 19
47 22
47 25
47 32
47 41
47 42
47 43
47 46
47 47
47 57
47 59
47 60
47 67
47 73
47 79
47 89
47 90
47 108
47 111
47 113
47 119
47 120
47 125
47 127
48 5
48 14
48 15
48 18
48 25
48 27
48 30
48 31
48 38
48 44
48 47
48 49
48 58
48 60
48 64
48 70
48 72
48 76
48 78
48 79
48 85
48 87
48 88
48 98
48 100
48 102
48 104
48 110
48 114
48 117
48 124
49 1
49 3
49 5
49 7
49 8
49 18
49 19
49 26
49 42
49 52
49 68
49 69
49 70
49 73
49 77
49 80
49 88
49 89
49 90
49 91
49 92
49 93
49 98
49 111
49 115
49 122
49 124
49 127
50 6
50 10
50 17
50 24
50 29
50 34
50 50
50 56
50 59
50 66
50 68
50 70
50 71
50 72
50 79
50 100
50 101
50 107
50 109
50 115
51 10
51 15
51 18
51 21
51 22
51 24
51 31
51 34
51 37
51 38
51 43
51 45
51 48
51 49
51 52
51 56
51 60
51 64
51 75
51 79
51 81
51 84
51 104
51 108
51 114
51 115
51 119
51 126
52 0
52 10
52 16
52 17
52 18
52 24
52 31
52 34
52 39
52 40
52 41
52 42
52 44
52 45
52 46
52 47
52 51
52 63
52 65
52 69
52 73
52 88
52 101
52 109
52 110
52 112
52 123
52 125
52 126
52 127
53 4
53 14
53 17
53 27
53 29
53 32
53 47
53 53
53 54
53 57
53 59
53 67
53 68
53 80
53 81
53 89
53 90
53 96
53 102
53 106
53 115
53 119
53 120
53 121
53 125
54 8
54 29
54 32
54 44
54 45
54 50
54 55
54 59
54 62
54 73
54 80
54 89
54 92
54 103
54 106
54 107
54 126
55 7
55 8
55 10
55 13
55 21
55 25
55 40
55 43
55 57
55 59
55 60
55 66
55 68
55 93
55 94
55 96
55 98
55 100
55 105
55 108
55 117
56 1
56 6
56 8
56 11
56 13
56 16
56 26
56 29
56 34
56 42
56 46
56 47
56 51
56 53
56 56
56 57
56 58
56 60
56 66
56 72
56 82
56 83
56 86
56 99
56 107
56 108
56 110
56 114
56 116
56 118
56 123
56 127
57 1
57 5
57 8
57 16
57 17
57 19
57 23
57 24
57 28
57 33
57 34
57 36
57 37
57 39
57 44
57 56
57 57
57 64
57 67
57 69
57 74
57 75
57 82
57 83
57 84
57 94
57 95
57 100
57 105
57 106
57 119
57 121
58 0
58 8
58 9
58 18
58 22
58 43
58 45
58 47
58 58
58 60
58 62
58 70
58 75
58 81
58 88
58 89
58 94
58 98
58 106
58 112
58 114
58 117
59 0
59 2
59 6
59 7
59 12
59 14
59 34
59 43
59 44
59 51
59 52
59 56
59 61
59 62
59 63
59 65
59 70
59 74
59 81
59 83
59 87
59 89
59 90
59 92
59 97
59 99
59 101
59 109
59 115
59 116
59 119
59 122
59 124
59 125
60 26
60 27
60 29
60 37
60 43
60 54
60 56
60 62
60 65
60 66
60 73
60 74
60 77
60 80
60 81
60 93
60 98
60 102
60 104
60 105
60 107
60 112
60 119
60 122
60 123
60 126
61 2
61 4
61 5
61 6
61 12
61 13
61 17
61 18
61 20
61 22
61 24
61 28
61 29
61 42
61 44
61 51
61 64
61 71
61 86
61 88
61 95
61 98
61 99
61 103
61 108
61 120
61 121
62 0
62 5
62 8
62 12
62 16
62 27
62 31
62 38
62 43
62 52
62 59
62 74
62 82
62 86
62 90
62 99
62 100
62 104
62 112
62 121
63 3
63 7
63 12
63 14
63 15
63 19
63 20
63 22
63 25
63 28
63 36
63 37
63 39
63 52
63 54
63 57
63 71
63 72
63 74
63 79
63 84
63 92
63 94
63 99
63 100
63 105
63 108
63 110
63 115
63 117
63 118
63 119
63 120
63 122
64 2
64 4
64 9
64 12
64 15
64 16
64 18
64 22
64 25
64 26
64 28
64 33
64 36
64 40
64 42
64 46
64 47
64 49
64 55
64 56
64 57
64 60
64 63
64 64
64 70
64 78
64 81
64 83
64 90
64 92
64 97
64 101
64 105
64 113
64 120
64 123
64 124
65 0
65 5
65 10
65 15
65 34
65 36
65 37
65 38
65 48
65 54
65 56
65 68
65 76
65 80
65 84
65 89
65 91
65 92
65 100
65 102
65 108
65 110
65 117
65 120
66 15
66 17
66 22
66 31
66 32
66 34
66 37
66 40
66 45
66 55
66 56
66 58
66 61
66 63
66 70
66 71
66 77
66 81
66 82
66 90
66 93
66 94
66 95
66 96
66 103
66 108
66 119
66 122
66 123
66 124
66 127
67 0
67 3
67 4
67 9
67 12
67 19
67 20
67 24
67 30
67 32
67 33
67 34
67 41
67 49
67 61
67 64
67 65
67 73
67 77
67 80
67 87
67 95
67 96
67 100
67 102
67 105
67 115
67 118
67 119
67 120
68 9
68 12
68 22
68 24
68 25
68 32
68 37
68 53
68 54
68 57
68 59
68 65
68 66
68 73
68 79
68 86
68 87
68 90
68 91
68 104
68 105
68 114
68 116
68 127
69 1
69 22
69 25
69 43
69 44
69 66
69 72
69 73
69 76
69 78
69 80
69 96
69 107
69 110
69 120
70 3
70 5
70 6
70 8
70 9
70 10
70 15
70 20
70 21
70 24
70 42
70 43
70 53
70 58
70 59
70 67
70 74
70 75
70 81
70 82
70 88
70 95
70 111
70 112
70 121
70 122
70 123
70 125
71 11
71 14
71 16
71 19
71 22
71 28
71 29
71 36
71 38
71 42
71 46
71 55
71 57
71 59
71 61
71 65
71 69
71 77
71 80
71 85
71 95
71 97
71 98
71 108
71 116
72 3
72 4
72 5
72 19
72 23
72 27
72 32
72 44
72 48
72 58
72 59
72 66
72 71
72 75
72 77
72 80
72 83
72 84
72 87
72 89
72 90
72 92
72 106
72 108
72 111
72 115
72 117
72 119
72 125
73 2
73 4
73 14
73 20
73 34
73 35
73 39
73 40
73 56
73 64
73 76
73 77
73 80
73 90
73 101
73 107
73 109
73 110
73 115
73 116
73 120
73 123
73 126
74 7
74 12
74 17
74 18
74 20
74 23
74 34
74 36
74 44
74 61
74 67
74 68
74 70
74 76
74 87
74 88
74 92
74 116
74 123
75 1
75 17
75 27
75 33
75 35
75 37
75 48
75 51
75 53
75 55
75 56
75 65
75 70
75 71
75 98
75 101
75 103
76 3
76 7
76 9
76 13
76 15
76 20
76 26
76 41
76 49
76 57
76 60
76 63
76 64
76 73
76 76
76 80
76 81
76 85
76 93
76 105
76 110
76 114
76 117
76 127
77 4
77 5
77 7
77 16
77 19
77 23
77 28
77 31
77 41
77 47
77 49
77 53
77 58
77 60
77 63
77 64
77 69
77 75
77 76
77 77
77 83
77 105
77 107
77 112
77 115
77 127
78 0
78 2
78 7
78 25
78 26
78 37
78 41
78 49
78 50
78 51
78 66
78 69
78 74
78 75
78 79
78 83
78 84
78 90
78 93
78 95
78 97
78 98
78 100
78 103
78 105
78 114
78 115
78 120
78 124
79 11
79 13
79 14
79 20
79 23
79 24
79 33
79 44
79 45
79 54
79 57
79 59
79 61
79 66
79 71
79 81
79 87
79 94
79 114
79 116
79 117
79 120
79 121
80 1
80 8
80 17
80 28
80 29
80 36
80 42
80 47
80 52
80 60
80 61
80 64
80 65
80 66
80 76
80 77
80 81
80 89
80 93
80 97
80 101
80 103
80 104
80 107
80 115
80 116
80 127
81 3
81 9
81 14
81 15
81 16
81 18
81 28
81 41
81 42
81 43
81 51
81 52
81 56
81 65
81 75
81 79
81 80
81 87
81 96
81 99
81 100
81 120
81 121
81 125
82 3
82 6
82 8
82 10
82 13
82 17
82 22
82 27
82 30
82 32
82 34
82 36
82 37
82 38
82 39
82 40
82 46
82 51
82 52
82 53
82 64
82 68
82 69
82 76
82 78
82 79
82 85
82 86
82 90
82 96
82 107
82 111
82 115
82 116
82 119
82 121
82 123
82 124
83 15
83 18
83 19
83 20
83 31
83 44
83 49
83 53
83 56
83 61
83 68
83 78
83 79
83 85
83 86
83 89
83 96
83 98
83 103
83 110
83 122
83 124
84 0
84 5
84 17
84 20
84 21
84 22
84 33
84 45
84 53
84 65
84 66
84 67
84 78
84 80
84 81
84 87
84 92
84 94
84 95
84 97
84 98
84 106
84 107
84 113
84 120
84 122
85 12
85 17
85 18
85 20
85 21
85 22
85 24
85 31
85 37
85 42
85 49
85 52
85 54
85 57
85 60
85 65
85 70
85 73
85 76
85 78
85 79
85 82
85 84
85 101
85 106
85 107
85 109
85 111
85 112
85 115
85 121
86 2
86 4
86 9
86 10
86 14
86 15
86 20
86 21
86 22
86 26
86 27
86 37
86 39
86 41
86 42
86 44
86 49
86 56
86 57
86 72
86 80
86 90
86 96
86 107
86 108
86 110
86 111
86 115
86 116
86 121
86 126
86 127
87 7
87 11
87 12
87 19
87 20
87 31
87 39
87 42
87 49
87 50
87 61
87 68
87 77
87 82
87 88
87 97
87 98
87 100
87 101
87 110
87 114
87 116
87 117
87 125
88 2
88 12
88 25
88 44
88 50
88 51
88 52
88 54
88 55
88 68
88 70
88 83
88 84
88 85
88 87
88 98
88 99
88 102
88 112
88 115
88 121
88 123
89 0
89 7
89 14
89 16
89 17
89 19
89 20
89 27
89 29
89 39
89 42
89 44
89 49
89 53
89 54
89 58
89 59
89 60
89 61
89 63
89 65
89 69
89 70
89 73
89 75
89 76
89 78
89 79
89 80
89 89
89 93
89 94
89 99
89 101
89 104
89 105
89 110
89 112
89 117
90 2
90 4
90 5
90 12
90 15
90 20
90 25
90 26
90 32
90 33
90 37
90 38
90 40
90 44
90 47
90 72
90 73
90 80
90 86
90 95
90 96
90 100
90 101
90 108
90 119
91 6
91 14
91 17
91 19
91 21
91 22
91 24
91 26
91 30
91 32
91 33
91 35
91 40
91 41
91 48
91 56
91 58
91 60
91 61
91 68
91 69
91 70
91 71
91 76
91 82
91 94
91 95
91 99
91 104
91 110
91 113
91 121
91 123
91 124
91 125
92 4
92 9
92 14
92 17
92 23
92 27
92 36
92 41
92 48
92 73
92 89
92 94
92 103
92 111
92 114
92 117
92 123
93 3
93 5
93 8
93 15
93 16
93 17
93 21
93 23
93 24
93 31
93 36
93 44
93 55
93 62
93 64
93 66
93 80
93 82
93 83
93 87
93 90
93 94
93 102
93 104
93 106
93 109
93 112
93 113
93 122
93 123
93 127
94 2
94 5
94 6
94 8
94 23
94 24
94 39
94 40
94 44
94 49
94 50
94 55
94 57
94 58
94 62
94 70
94 75
94 79
94 86
94 93
94 95
94 97
94 99
94 101
94 103
94 112
94 115
94 118
94 119
94 122
94 127
95 7
95 11
95 17
95 21
95 30
95 32
95 33
95 34
95 36
95 38
95 40
95 45
95 52
95 55
95 57
95 59
95 72
95 73
95 79
95 80
95 83
95 92
95 93
95 95
95 99
95 101
95 104
95 117
95 120
95 127
96 9
96 14
96 27
96 29
96 32
96 33
96 34
96 38
96 48
96 52
96 56
96 64
96 88
96 99
96 108
96 126
96 127
97 14
97 16
97 17
97 20
97 22
97 26
97 27
97 29
97 42
97 43
97 45
97 56
97 58
97 64
97 65
97 69
97 72
97 81
97 98
97 103
97 116
97 123
98 10
98 16
98 21
98 24
98 44
98 45
98 46
98 49
98 55
98 62
98 67
98 75
98 78
98 79
98 86
98 92
98 99
98 100
98 102
98 106
98 107
98 108
98 111
98 115
98 123
99 0
99 1
99 2
99 6
99 10
99 13
99 19
99 21
99 25
99 30
99 31
99 35
99 38
99 39
99 43
99 46
99 54
99 56
99 58
99 59
99 66
99 68
99 70
99 79
99 80
99 82
99 83
99 89
99 96
99 100
99 102
99 108
99 113
99 115
99 121
99 127
100 4
100 6
100 7
100 10
100 20
100 30
100 31
100 38
100 43
100 48
100 52
100 53
100 54
100 76
100 80
100 81
100 82
100 83
100 84
100 93
100 94
100 96
100 112
100 123
101 10
101 11
101 16
101 26
101 28
101 35
101 38
101 45
101 47
101 55
101 57
101 62
101 64
101 65
101 73
101 77
101 85
101 101
101 113
101 115
101 121
101 122
101 123
101 124
101 126
102 4
102 8
102 10
102 15
102 29
102 30
102 32
102 34
102 45
102 48
102 50
102 53
102 54
102 55
102 62
102 68
102 69
102 73
102 90
102 96
102 97
102 114
102 115
102 120
102 122
102 124
103 0
103 1
103 8
103 20
103 22
103 23
103 25
103 34
103 36
103 39
103 40
103 42
103 43
103 44
103 67
103 75
103 79
103 84
103 87
103 103
103 108
103 115
103 119
103 126
104 0
104 1
104 12
104 25
104 26
104 31
104 34
104 39
104 40
104 43
104 45
104 47
104 59
104 65
104 67
104 87
104 88
104 90
104 99
104 100
104 101
104 102
104 113
104 114
104 117
104 124
105 4
105 5
105 7
105 13
105 18
105 22
105 33
105 42
105 45
105 56
105 58
105 60
105 69
105 80
105 85
105 88
105 99
105 104
105 106
105 108
105 116
105 120
105 123
106 6
106 8
106 14
106 16
106 20
106 37
106 41
106 46
106 49
106 55
106 57
106 64
106 69
106 70
106 74
106 77
106 79
106 84
106 88
106 93
106 95
106 97
106 104
106 111
106 115
106 118
106 121
107 18
107 33
107 34
107 35
107 38
107 44
107 59
107 61
107 64
107 75
107 76
107 84
107 86
107 87
107 88
107 96
107 103
107 114
107 119
107 120
107 124
108 3
108 4
108 5
108 10
108 24
108 27
108 38
108 41
108 47
108 49
108 58
108 63
108 64
108 70
108 73
108 80
108 82
108 84
108 88
108 89
108 94
108 95
108 98
108 100
108 112
108 125
109 0
109 4
109 18
109 21
109 22
109 23
109 24
109 35
109 56
109 66
109 74
109 81
109 82
109 85
109 87
109 93
109 108
109 112
109 116
109 123
109 124
109 125
110 18
110 20
110 24
110 25
110 27
110 30
110 33
110 39
110 40
110 41
110 43
110 53
110 54
110 57
110 64
110 65
110 66
110 67
110 78
110 81
110 84
110 90
110 95
110 99
110 101
110 109
110 116
110 118
110 120
110 121
110 125
111 8
111 20
111 21
111 22
111 23
111 26
111 28
111 34
111 42
111 44
111 53
111 54
111 76
111 83
111 92
111 94
111 99
111 108
111 111
111 117
111 120
111 122
111 126
112 1
112 8
112 14
112 15
112 19
112 26
112 29
112 51
112 52
112 68
112 70
112 88
112 93
112 100
112 105
112 122
112 124
112 126
113 1
113 5
113 12
113 13
113 14
113 19
113 31
113 34
113 41
113 56
113 63
113 75
113 79
113 81
113 90
113 105
113 109
113 113
113 115
113 121
114 1
114 2
114 4
114 11
114 15
114 22
114 25
114 31
114 33
114 36
114 39
114 50
114 71
114 74
114 76
114 80
114 84
114 86
114 95
114 98
114 103
114 105
114 107
114 109
114 111
114 117
114 120
114 122
114 125
115 2
115 4
115 12
115 14
115 20
115 23
115 25
115 26
115 29
115 38
115 49
115 54
115 60
115 65
115 69
115 72
115 74
115 78
115 81
115 93
115 97
115 98
115 101
115 106
115 114
115 116
115 124
115 125
115 127
116 1
116 4
116 7
116 8
116 9
116 10
116 16
116 20
116 28
116 30
116 32
116 35
116 36
116 51
116 53
116 54
116 55
116 58
116 59
116 61
116 70
116 74
116 75
116 77
116 78
116 90
116 91
116 96
116 104
116 109
116 118
116 120
116 122
116 123
117 12
117 14
117 17
117 21
117 25
117 30
117 36
117 39
117 40
117 43
117 45
117 49
117 53
117 61
117 67
117 77
117 78
117 86
117 88
117 102
117 115
117 125
118 10
118 14
118 27
118 36
118 37
118 52
118 53
118 56
118 60
118 70
118 71
118 73
118 74
118 77
118 81
118 84
118 86
118 91
118 92
118 102
118 110
119 0
119 7
119 8
119 9
119 11
119 12
119 14
119 20
119 32
119 39
119 48
119 62
119 63
119 64
119 65
119 72
119 75
119 79
119 80
119 82
119 88
119 91
119 93
119 95
119 103
119 107
119 109
119 112
119 115
119 116
119 118
119 126
120 7
120 9
120 10
120 14
120 15
120 16
120 19
120 25
120 30
120 37
120 39
120 41
120 47
120 50
120 51
120 52
120 61
120 69
120 74
120 77
120 80
120 83
120 94
120 96
120 107
120 115
120 116
121 11
121 12
121 13
121 17
121 19
121 26
121 44
121 52
121 55
121 61
121 63
121 70
121 72
121 76
121 79
121 87
121 88
121 98
121 103
121 113
121 114
121 115
121 127
122 11
122 13
122 18
122 20
122 26
122 30
122 45
122 52
122 56
122 75
122 79
122 86
122 92
122 102
122 104
122 105
122 112
122 121
122 126
123 13
123 14
123 17
123 30
123 35
123 39
123 43
123 47
123 51
123 56
123 60
123 62
123 65
123 70
123 71
123 78
123 86
123 90
123 91
123 102
123 106
123 108
123 117
123 123
124 1
124 6
124 12
124 16
124 26
124 37
124 39
124 40
124 49
124 54
124 56
124 62
124 69
124 78
124 91
124 92
124 97
124 102
124 105
124 117
124 122
124 123
124 127
125 27
125 30
125 31
125 35
125 36
125 42
125 43
125 50
125 52
125 56
125 65
125 66
125 68
125 84
125 85
125 87
125 97
125 106
125 108
125 117
125 120
125 124
125 125
126 2
126 19
126 23
126 24
126 32
126 33
126 36
126 37
126 39
126 52
126 60
126 62
126 67
126 68
126 72
126 78
126 82
126 84
126 91
126 107
126 113
126 116
126 118
126 122
127 1
127 2
127 4
127 10
127 18
127 19
127 25
127 28
127 33
127 35
127 42
127 43
127 47
127 63
127 76
127 79
127 98
127 100
127 101
127 102
127 111
127 113
127 122
