0 41
0 54
0 67
0 69
0 74
0 91
0 114
1 120
2 7
2 47
2 55
2 66
2 123
3 50
3 125
4 30
4 47
4 75
4 108
4 109
5 45
5 75
6 7
6 48
6 76
6 104
6 126
7 15
7 38
7 88
8 6
8 29
8 52
8 56
8 80
8 87
8 106
8 121
9 5
10 59
10 69
10 118
10 127
11 45
11 76
11 83
11 100
11 113
12 47
12 69
12 82
12 109
12 114
13 31
13 42
13 47
13 50
13 53
13 82
13 85
13 92
14 19
14 58
15 56
15 69
15 70
15 100
15 103
16 38
16 75
17 7
17 32
17 33
17 117
18 64
18 81
18 122
18 124
19 17
20 4
20 10
20 24
20 51
20 52
20 59
20 66
20 84
20 89
20 96
21 4
21 15
21 21
21 81
21 124
22 6
22 66
22 107
22 110
22 111
22 121
23 1
23 37
23 68
23 127
24 107
25 36
25 64
25 107
25 121
26 31
26 58
26 74
26 81
27 36
27 69
28 51
28 76
28 122
29 74
29 98
30 35
31 20
31 28
31 43
31 76
32 9
32 120
32 121
33 18
34 25
34 28
34 66
34 72
34 100
34 127
35 8
35 13
35 39
35 48
35 49
35 51
35 107
36 48
36 59
36 75
36 106
37 52
37 59
37 100
38 35
38 54
38 73
38 99
39 15
39 29
39 43
39 83
39 102
39 118
39 121
40 17
40 18
40 61
40 73
40 119
41 6
41 55
41 62
41 68
41 72
42 8
42 25
42 28
42 64
42 83
42 92
43 7
43 100
43 105
43 106
43 107
44 24
44 110
45 6
45 22
45 29
45 77
45 102
46 41
46 76
46 83
47 18
47 122
48 16
48 31
49 21
49 29
49 68
49 80
49 113
50 21
50 66
50 69
50 101
51 1
51 17
51 51
51 84
51 111
51 123
51 125
52 56
52 71
52 87
53 45
53 47
53 123
54 16
54 32
54 41
54 110
54 118
55 44
55 56
55 76
55 125
56 7
56 26
56 31
56 59
57 24
57 89
58 30
58 34
58 62
58 91
59 6
59 38
59 55
59 69
60 31
60 80
60 101
60 106
61 20
61 28
61 38
61 55
62 13
62 26
62 62
62 67
63 17
63 28
63 112
64 22
64 81
64 92
64 102
65 42
65 61
65 64
65 82
65 100
65 104
65 117
66 19
66 38
66 41
67 17
67 19
67 56
67 127
68 12
68 39
68 58
68 72
68 108
69 15
69 37
69 54
69 63
69 77
69 123
69 127
70 44
70 52
70 72
70 81
70 113
70 119
71 4
71 56
71 120
72 2
72 66
72 117
72 118
73 4
73 21
73 32
73 86
73 91
73 94
74 37
74 45
74 78
74 83
74 108
75 90
75 96
75 106
75 118
76 39
76 66
76 94
77 3
77 30
77 114
79 3
79 26
79 56
79 57
79 65
80 15
80 80
80 109
81 59
81 64
81 77
81 87
82 59
82 93
83 2
83 15
83 39
83 61
83 115
84 0
84 30
84 66
84 80
84 84
85 56
85 109
86 43
86 45
86 114
87 2
87 25
87 103
87 104
88 108
89 16
89 29
89 74
89 112
89 124
90 76
90 85
90 119
91 21
91 25
91 39
91 96
91 116
91 125
92 2
92 6
92 20
92 25
93 36
93 87
94 7
94 65
94 73
94 74
94 77
94 123
95 75
96 15
96 33
96 44
96 56
97 8
97 55
97 68
97 123
98 20
98 26
98 27
98 29
98 64
98 81
98 98
98 109
99 10
99 21
99 65
99 84
99 85
99 127
100 73
101 30
101 41
101 44
101 61
101 73
101 106
102 15
102 90
103 8
103 59
104 1
104 16
104 60
104 86
104 108
105 0
105 11
105 16
105 83
105 106
106 26
106 58
106 118
107 17
107 43
107 61
107 77
107 85
107 95
107 116
108 5
108 45
108 79
109 86
109 96
110 50
110 99
111 30
111 33
111 34
111 48
111 64
111 121
112 41
113 17
113 113
114 28
114 39
114 65
114 121
115 97
115 123
115 124
116 50
116 90
116 126
117 30
117 40
117 73
117 86
117 98
118 85
118 114
119 31
119 69
119 94
119 99
120 25
120 39
120 87
121 19
121 21
121 60
121 93
121 102
122 0
122 20
122 39
122 63
122 88
122 89
122 126
123 1
123 18
123 124
124 0
124 3
124 99
125 27
125 39
125 118
126 57
127 43
127 45
127 54
127 62
127 108
