0 2
0 8
0 11
0 17
0 22
0 23
0 27
0 32
0 33
0 34
0 40
0 47
0 48
0 49
0 52
0 58
0 63
0 66
0 77
0 85
0 87
0 95
0 97
0 98
0 106
0 118
0 119
0 125
1 0
1 1
1 3
1 8
1 24
1 28
1 30
1 32
1 46
1 47
1 49
1 51
1 55
1 56
1 62
1 67
1 68
1 77
1 81
1 86
1 91
1 95
1 101
1 106
1 108
1 111
1 115
1 116
1 126
2 1
2 2
2 6
2 22
2 24
2 26
2 27
2 28
2 29
2 31
2 33
2 46
2 51
2 52
2 59
2 63
2 67
2 80
2 81
2 90
2 105
2 108
2 111
2 119
3 0
3 10
3 11
3 14
3 15
3 22
3 24
3 25
3 26
3 29
3 56
3 63
3 69
3 76
3 78
3 93
3 97
3 98
3 100
3 105
3 106
3 108
3 110
3 121
3 123
4 4
4 8
4 9
4 11
4 15
4 17
4 19
4 21
4 24
4 29
4 51
4 52
4 55
4 57
4 61
4 73
4 76
4 82
4 83
4 84
4 87
4 92
4 94
4 100
4 116
4 123
4 126
5 2
5 4
5 17
5 19
5 20
5 22
5 26
5 29
5 33
5 44
5 52
5 53
5 56
5 60
5 61
5 67
5 69
5 72
5 78
5 86
5 91
5 107
5 108
6 10
6 26
6 27
6 35
6 39
6 41
6 43
6 44
6 49
6 57
6 63
6 64
6 66
6 67
6 75
6 79
6 82
6 84
6 86
6 97
6 99
6 102
6 112
6 115
6 116
6 117
6 125
7 2
7 3
7 6
7 18
7 19
7 33
7 37
7 43
7 45
7 51
7 53
7 68
7 72
7 74
7 75
7 83
7 93
7 101
7 102
7 121
8 11
8 16
8 17
8 18
8 20
8 24
8 27
8 30
8 32
8 35
8 36
8 37
8 41
8 45
8 50
8 53
8 57
8 59
8 64
8 65
8 66
8 69
8 79
8 81
8 82
8 83
8 88
8 89
8 90
8 96
8 100
8 110
8 111
8 115
8 122
8 125
9 1
9 4
9 7
9 8
9 10
9 16
9 19
9 20
9 29
9 32
9 33
9 36
9 38
9 40
9 53
9 56
9 63
9 65
9 74
9 88
9 89
9 90
9 91
9 103
9 104
9 107
9 112
9 115
9 119
9 126
10 0
10 5
10 12
10 14
10 26
10 27
10 32
10 38
10 39
10 49
10 51
10 54
10 58
10 65
10 67
10 87
10 89
10 90
10 94
10 98
10 99
10 102
10 103
10 105
10 108
10 109
10 110
10 113
10 115
10 117
10 120
10 125
11 9
11 10
11 12
11 23
11 28
11 31
11 38
11 49
11 69
11 74
11 75
11 77
11 86
11 89
11 91
11 93
11 95
11 99
11 101
11 104
11 106
11 108
11 111
11 115
11 117
11 126
12 16
12 24
12 29
12 30
12 35
12 36
12 38
12 40
12 42
12 53
12 55
12 59
12 73
12 76
12 78
12 79
12 80
12 89
12 92
12 93
12 95
12 121
12 124
13 12
13 14
13 18
13 20
13 21
13 24
13 29
13 32
13 34
13 38
13 39
13 48
13 49
13 64
13 78
13 80
13 86
13 90
13 100
13 101
13 106
13 110
13 113
14 5
14 9
14 10
14 15
14 32
14 34
14 37
14 38
14 39
14 42
14 52
14 53
14 54
14 65
14 66
14 69
14 71
14 76
14 83
14 95
14 96
14 97
14 106
14 111
14 116
14 117
14 119
14 125
15 1
15 4
15 6
15 9
15 14
15 23
15 31
15 44
15 48
15 51
15 53
15 73
15 80
15 81
15 82
15 83
15 86
15 92
15 93
15 96
15 113
15 118
15 119
15 125
15 127
16 4
16 7
16 13
16 16
16 19
16 23
16 26
16 27
16 39
16 48
16 50
16 52
16 57
16 63
16 68
16 74
16 77
16 81
16 88
16 100
16 106
16 112
16 114
16 119
16 121
17 5
17 6
17 8
17 9
17 20
17 25
17 30
17 34
17 44
17 56
17 66
17 68
17 70
17 77
17 89
17 98
17 104
17 105
17 111
17 115
17 119
17 120
18 5
18 6
18 10
18 13
18 14
18 15
18 21
18 24
18 36
18 39
18 40
18 47
18 49
18 51
18 54
18 56
18 59
18 71
18 72
18 93
18 103
18 108
18 110
18 111
18 119
18 123
18 125
19 2
19 5
19 9
19 11
19 13
19 16
19 26
19 32
19 48
19 49
19 51
19 56
19 74
19 82
19 88
19 93
19 95
19 101
19 104
19 105
19 106
19 111
19 113
19 118
19 124
19 125
20 7
20 9
20 11
20 13
20 14
20 21
20 25
20 29
20 31
20 35
20 40
20 41
20 45
20 50
20 57
20 60
20 64
20 70
20 71
20 76
20 78
20 82
20 87
20 88
20 104
20 112
20 123
20 126
21 5
21 6
21 9
21 10
21 11
21 12
21 19
21 20
21 22
21 29
21 32
21 33
21 37
21 38
21 46
21 62
21 63
21 69
21 74
21 75
21 79
21 80
21 86
21 87
21 89
21 90
21 98
21 107
21 112
21 113
21 121
21 125
21 126
22 0
22 5
22 15
22 18
22 20
22 21
22 24
22 32
22 36
22 43
22 54
22 55
22 58
22 60
22 64
22 65
22 70
22 79
22 81
22 84
22 91
22 92
22 102
22 105
22 106
22 115
23 2
23 4
23 6
23 38
23 41
23 48
23 53
23 63
23 69
23 78
23 90
23 92
23 102
23 106
23 111
23 120
23 121
24 1
24 5
24 6
24 12
24 16
24 19
24 22
24 27
24 28
24 30
24 37
24 42
24 46
24 54
24 60
24 66
24 67
24 68
24 70
24 76
24 85
24 88
24 93
24 97
24 106
24 114
24 117
24 119
24 120
25 4
25 5
25 13
25 15
25 16
25 24
25 34
25 40
25 47
25 49
25 58
25 62
25 63
25 65
25 81
25 99
25 102
25 113
25 114
25 117
26 0
26 2
26 4
26 13
26 15
26 20
26 34
26 37
26 39
26 48
26 54
26 59
26 62
26 77
26 79
26 83
26 84
26 91
26 92
26 93
26 97
26 100
26 102
26 103
26 120
26 122
27 2
27 16
27 18
27 27
27 31
27 33
27 52
27 56
27 62
27 89
27 101
27 108
27 120
27 125
27 127
28 1
28 2
28 11
28 20
28 23
28 25
28 46
28 55
28 57
28 60
28 65
28 66
28 86
28 93
28 94
28 97
28 98
28 101
28 104
28 110
28 114
28 123
28 127
29 0
29 2
29 5
29 6
29 13
29 14
29 21
29 23
29 25
29 26
29 31
29 34
29 37
29 41
29 59
29 66
29 80
29 91
29 93
29 102
29 103
29 106
29 108
29 118
30 0
30 2
30 3
30 8
30 17
30 20
30 26
30 31
30 36
30 43
30 51
30 53
30 55
30 56
30 57
30 63
30 67
30 68
30 71
30 73
30 84
30 89
30 92
30 94
30 99
30 106
30 127
31 2
31 14
31 16
31 18
31 19
31 35
31 47
31 51
31 58
31 61
31 63
31 65
31 66
31 71
31 72
31 75
31 81
31 91
31 97
31 103
31 106
31 108
31 109
31 112
31 117
31 124
31 126
32 1
32 4
32 10
32 11
32 13
32 16
32 17
32 28
32 33
32 35
32 36
32 37
32 38
32 41
32 43
32 49
32 50
32 52
32 58
32 59
32 60
32 66
32 69
32 70
32 77
32 78
32 81
32 88
32 98
32 104
32 105
32 112
32 119
32 126
33 0
33 14
33 24
33 37
33 41
33 47
33 48
33 53
33 58
33 63
33 65
33 76
33 77
33 79
33 82
33 87
33 89
33 101
33 111
33 125
34 3
34 6
34 15
34 22
34 26
34 39
34 41
34 42
34 59
34 80
34 82
34 92
34 94
34 108
34 113
34 114
34 121
34 122
35 0
35 6
35 12
35 16
35 17
35 19
35 21
35 22
35 24
35 27
35 29
35 32
35 37
35 38
35 45
35 47
35 52
35 60
35 62
35 70
35 77
35 80
35 82
35 95
35 100
35 103
35 105
35 106
35 109
35 112
35 116
35 117
35 126
35 127
36 1
36 2
36 10
36 11
36 16
36 18
36 19
36 23
36 26
36 28
36 29
36 33
36 34
36 35
36 38
36 39
36 41
36 46
36 57
36 63
36 65
36 76
36 78
36 81
36 85
36 89
36 94
36 105
36 107
36 113
36 114
37 1
37 2
37 4
37 7
37 18
37 20
37 23
37 73
37 89
37 92
37 96
37 97
37 108
37 110
37 121
37 122
37 123
37 127
38 0
38 1
38 3
38 11
38 12
38 16
38 17
38 27
38 42
38 59
38 60
38 68
38 74
38 78
38 83
38 92
38 94
38 101
38 103
38 104
38 105
38 106
38 127
39 1
39 7
39 11
39 26
39 27
39 33
39 59
39 62
39 65
39 68
39 69
39 70
39 73
39 74
39 82
39 84
39 86
39 87
39 91
39 92
39 93
39 94
39 108
39 109
39 112
39 117
39 124
40 0
40 3
40 5
40 9
40 19
40 27
40 32
40 38
40 44
40 45
40 48
40 58
40 63
40 65
40 66
40 69
40 85
40 97
40 116
41 4
41 5
41 10
41 21
41 22
41 23
41 27
41 29
41 32
41 34
41 40
41 42
41 47
41 48
41 51
41 54
41 58
41 59
41 67
41 76
41 79
41 81
41 84
41 87
41 90
41 99
41 100
41 107
41 108
41 112
41 118
41 126
42 2
42 7
42 10
42 11
42 13
42 14
42 15
42 18
42 38
42 43
42 51
42 58
42 60
42 61
42 63
42 66
42 68
42 76
42 78
42 91
42 95
42 100
42 104
42 105
42 110
42 112
42 116
42 126
42 127
43 3
43 8
43 11
43 16
43 18
43 19
43 29
43 31
43 34
43 41
43 47
43 52
43 69
43 75
43 86
43 91
43 94
43 104
43 113
43 124
44 1
44 16
44 19
44 20
44 27
44 28
44 29
44 30
44 41
44 49
44 50
44 53
44 62
44 68
44 70
44 71
44 72
44 75
44 76
44 79
44 92
44 94
44 104
44 106
44 116
44 117
44 123
45 8
45 12
45 13
45 28
45 40
45 41
45 44
45 54
45 56
45 57
45 68
45 74
45 83
45 85
45 89
45 98
45 104
45 111
45 121
45 127
46 2
46 5
46 14
46 16
46 18
46 20
46 29
46 34
46 36
46 39
46 40
46 45
46 61
46 73
46 74
46 79
46 84
46 90
46 93
46 103
46 106
46 111
46 114
46 116
46 118
46 121
46 123
46 127
47 10
47 17
47 36
47 38
47 46
47 47
47 55
47 62
47 67
47 68
47 77
47 82
47 84
47 99
47 100
47 102
47 114
47 117
47 120
47 121
47 123
47 125
47 127
48 1
48 2
48 10
48 13
48 22
48 26
48 34
48 39
48 47
48 49
48 50
48 52
48 71
48 74
48 76
48 77
48 82
48 90
48 100
48 101
48 102
48 107
48 110
48 113
48 116
48 123
48 126
49 12
49 26
49 27
49 32
49 48
49 49
49 51
49 64
49 83
49 85
49 92
49 99
49 101
49 104
49 108
49 116
49 118
49 124
50 8
50 10
50 13
50 18
50 19
50 22
50 29
50 33
50 35
50 42
50 56
50 59
50 63
50 74
50 81
50 82
50 91
50 104
50 105
50 106
50 107
50 110
50 116
50 118
50 120
51 9
51 14
51 16
51 25
51 32
51 35
51 47
51 52
51 58
51 61
51 67
51 68
51 73
51 75
51 76
51 81
51 85
51 87
51 95
51 99
51 104
51 105
51 110
51 113
51 114
52 1
52 4
52 18
52 23
52 35
52 38
52 39
52 40
52 46
52 52
52 57
52 59
52 66
52 73
52 76
52 88
52 89
52 94
52 98
52 99
52 100
52 107
52 110
52 114
52 122
52 123
53 3
53 11
53 18
53 20
53 25
53 26
53 29
53 32
53 36
53 39
53 44
53 52
53 53
53 54
53 88
53 90
53 91
53 94
53 95
53 98
53 99
53 105
53 107
53 109
53 110
53 115
53 119
53 125
54 2
54 8
54 11
54 17
54 20
54 22
54 25
54 33
54 34
54 40
54 43
54 59
54 66
54 72
54 80
54 85
54 87
54 88
54 96
54 97
54 99
54 106
54 116
54 117
54 121
54 124
54 125
55 1
55 12
55 15
55 24
55 28
55 33
55 38
55 46
55 64
55 77
55 81
55 92
55 93
55 95
55 98
55 104
55 110
55 115
55 124
56 2
56 6
56 12
56 15
56 17
56 19
56 23
56 24
56 27
56 32
56 35
56 38
56 44
56 52
56 56
56 58
56 70
56 78
56 81
56 82
56 84
56 86
56 88
56 93
56 103
56 108
56 112
57 2
57 8
57 9
57 10
57 11
57 14
57 17
57 22
57 27
57 29
57 33
57 42
57 43
57 44
57 53
57 58
57 60
57 62
57 68
57 69
57 71
57 74
57 75
57 87
57 90
57 106
57 107
57 108
57 112
57 113
57 115
57 123
57 124
58 0
58 2
58 3
58 7
58 32
58 40
58 43
58 46
58 47
58 48
58 50
58 57
58 59
58 61
58 65
58 69
58 70
58 76
58 86
58 87
58 92
58 93
58 94
58 101
58 105
58 108
58 111
58 114
58 115
59 0
59 2
59 3
59 7
59 8
59 35
59 43
59 51
59 53
59 56
59 57
59 60
59 61
59 63
59 65
59 67
59 68
59 76
59 81
59 85
59 93
59 101
59 103
59 105
59 107
59 109
59 115
60 1
60 4
60 6
60 10
60 13
60 14
60 29
60 32
60 39
60 58
60 62
60 68
60 72
60 75
60 83
60 92
60 97
60 100
60 103
60 114
60 122
60 125
61 5
61 6
61 7
61 10
61 16
61 18
61 21
61 29
61 40
61 51
61 54
61 56
61 57
61 61
61 75
61 81
61 87
61 89
61 95
61 97
61 106
61 110
61 117
61 119
61 120
61 124
61 125
62 5
62 7
62 20
62 21
62 32
62 33
62 34
62 36
62 43
62 45
62 47
62 50
62 51
62 55
62 59
62 61
62 74
62 84
62 89
62 95
62 110
62 123
63 23
63 27
63 32
63 40
63 45
63 56
63 67
63 75
63 78
63 83
63 88
63 99
63 109
63 115
63 116
64 1
64 2
64 11
64 17
64 30
64 33
64 34
64 38
64 40
64 45
64 46
64 83
64 84
64 86
64 87
64 98
64 99
64 100
64 104
64 114
64 116
64 126
65 8
65 10
65 15
65 18
65 19
65 21
65 25
65 33
65 40
65 48
65 50
65 75
65 79
65 83
65 87
65 94
65 97
65 99
65 102
65 107
65 111
65 112
65 118
65 122
65 124
66 2
66 9
66 17
66 22
66 37
66 43
66 46
66 58
66 60
66 64
66 79
66 90
66 91
66 108
66 110
66 123
67 0
67 3
67 6
67 9
67 14
67 23
67 24
67 28
67 31
67 32
67 36
67 43
67 52
67 54
67 64
67 67
67 69
67 70
67 77
67 85
67 86
67 87
67 97
67 103
67 111
67 124
68 0
68 6
68 8
68 19
68 35
68 36
68 46
68 52
68 64
68 68
68 74
68 81
68 83
68 88
68 114
68 116
68 124
68 126
69 2
69 7
69 12
69 16
69 19
69 20
69 21
69 23
69 24
69 27
69 28
69 30
69 32
69 41
69 46
69 52
69 55
69 56
69 58
69 61
69 69
69 73
69 80
69 85
69 91
69 96
69 105
69 115
69 120
70 3
70 24
70 25
70 37
70 38
70 40
70 41
70 57
70 58
70 75
70 87
70 88
70 90
70 100
70 106
70 107
70 116
70 127
71 0
71 7
71 8
71 49
71 50
71 52
71 54
71 64
71 65
71 66
71 68
71 69
71 71
71 72
71 74
71 77
71 79
71 80
71 83
71 84
71 85
71 86
71 90
71 92
71 94
71 97
71 98
71 104
71 109
71 113
71 114
71 126
72 0
72 6
72 9
72 10
72 13
72 15
72 27
72 28
72 31
72 33
72 37
72 42
72 44
72 45
72 53
72 54
72 64
72 65
72 73
72 74
72 77
72 82
72 85
72 101
72 103
72 104
72 108
72 112
72 119
73 7
73 23
73 26
73 31
73 33
73 37
73 49
73 50
73 61
73 70
73 74
73 75
73 81
73 89
73 93
73 95
73 103
73 104
73 110
73 111
73 112
73 117
73 118
73 119
73 121
73 125
74 10
74 19
74 22
74 42
74 56
74 57
74 58
74 64
74 65
74 70
74 88
74 95
74 99
74 120
74 121
74 125
75 0
75 2
75 7
75 9
75 10
75 11
75 15
75 16
75 18
75 19
75 32
75 34
75 36
75 40
75 41
75 42
75 47
75 49
75 57
75 58
75 63
75 64
75 68
75 72
75 78
75 81
75 83
75 84
75 87
75 88
75 92
75 94
75 103
75 108
75 115
76 1
76 2
76 4
76 8
76 9
76 11
76 15
76 18
76 25
76 32
76 46
76 48
76 58
76 59
76 62
76 63
76 67
76 72
76 81
76 83
76 84
76 91
76 97
76 102
76 106
76 107
76 118
76 120
76 122
77 14
77 18
77 20
77 25
77 34
77 51
77 54
77 58
77 59
77 60
77 61
77 65
77 71
77 72
77 73
77 74
77 79
77 100
77 101
77 109
77 115
77 121
77 126
78 8
78 15
78 24
78 32
78 41
78 46
78 49
78 60
78 65
78 70
78 75
78 77
78 82
78 88
78 90
78 100
78 116
79 0
79 1
79 2
79 7
79 15
79 16
79 18
79 22
79 29
79 37
79 38
79 42
79 45
79 51
79 52
79 54
79 66
79 70
79 73
79 79
79 81
79 84
79 90
79 92
79 94
79 95
79 99
79 100
79 101
79 103
79 118
79 120
80 9
80 11
80 14
80 19
80 26
80 27
80 43
80 48
80 51
80 53
80 56
80 59
80 60
80 61
80 62
80 63
80 64
80 71
80 73
80 74
80 77
80 78
80 79
80 83
80 93
80 103
80 107
80 114
80 118
80 126
81 0
81 1
81 3
81 4
81 5
81 7
81 9
81 14
81 18
81 24
81 30
81 33
81 35
81 36
81 41
81 47
81 49
81 51
81 52
81 57
81 61
81 62
81 70
81 75
81 81
81 84
81 91
81 94
81 99
81 112
81 115
81 119
81 125
82 0
82 1
82 2
82 5
82 9
82 13
82 14
82 16
82 18
82 22
82 25
82 29
82 30
82 32
82 35
82 45
82 52
82 56
82 65
82 70
82 76
82 80
82 81
82 95
82 98
82 99
82 102
82 103
82 104
82 105
82 107
82 109
82 113
82 116
82 118
82 122
82 126
83 6
83 14
83 16
83 21
83 29
83 35
83 38
83 43
83 46
83 47
83 48
83 49
83 53
83 58
83 63
83 64
83 68
83 72
83 74
83 75
83 78
83 84
83 96
83 99
83 100
83 105
83 111
83 113
83 119
83 120
83 121
83 122
84 5
84 7
84 20
84 24
84 26
84 33
84 34
84 39
84 42
84 46
84 48
84 54
84 64
84 68
84 72
84 79
84 101
84 103
84 108
84 125
84 126
85 13
85 24
85 25
85 33
85 35
85 39
85 41
85 42
85 57
85 62
85 66
85 74
85 84
85 88
85 93
85 95
85 98
85 111
85 119
85 120
85 121
85 125
86 2
86 12
86 27
86 28
86 30
86 44
86 46
86 47
86 55
86 59
86 62
86 63
86 69
86 84
86 94
86 95
86 100
86 106
86 107
86 109
86 126
87 9
87 12
87 13
87 14
87 15
87 16
87 18
87 22
87 28
87 30
87 35
87 36
87 41
87 46
87 52
87 53
87 58
87 65
87 68
87 70
87 76
87 82
87 85
87 96
87 101
87 119
87 124
87 126
88 1
88 3
88 4
88 11
88 20
88 21
88 22
88 30
88 38
88 53
88 57
88 69
88 73
88 74
88 84
88 91
88 98
88 104
88 105
88 110
88 112
88 113
88 121
88 125
88 126
89 2
89 18
89 19
89 20
89 21
89 23
89 42
89 55
89 57
89 66
89 84
89 85
89 86
89 90
89 96
89 106
89 110
89 115
89 116
89 118
90 6
90 8
90 10
90 19
90 24
90 31
90 34
90 35
90 39
90 40
90 42
90 45
90 58
90 74
90 78
90 82
90 83
90 87
90 92
90 103
90 108
90 110
90 115
90 116
90 118
91 3
91 11
91 27
91 34
91 35
91 48
91 50
91 52
91 57
91 68
91 72
91 77
91 82
91 85
91 89
91 95
91 102
91 104
91 106
91 114
91 120
92 1
92 9
92 15
92 31
92 35
92 38
92 46
92 49
92 51
92 54
92 59
92 70
92 77
92 78
92 80
92 83
92 84
92 87
92 88
92 95
92 98
92 104
92 106
92 113
92 116
92 120
92 121
92 123
93 13
93 14
93 16
93 21
93 23
93 27
93 28
93 29
93 33
93 42
93 44
93 48
93 53
93 54
93 55
93 58
93 60
93 68
93 86
93 90
93 91
93 93
93 94
93 102
93 109
93 111
93 116
93 117
93 125
94 3
94 9
94 10
94 11
94 14
94 25
94 32
94 37
94 39
94 63
94 71
94 83
94 85
94 92
94 93
94 95
94 97
94 98
94 103
94 109
95 6
95 9
95 23
95 31
95 38
95 45
95 53
95 60
95 62
95 68
95 72
95 77
95 78
95 80
95 81
95 82
95 89
95 93
95 94
95 101
95 104
95 110
95 112
95 116
95 124
95 127
96 6
96 13
96 16
96 31
96 34
96 47
96 53
96 59
96 62
96 71
96 78
96 81
96 86
96 91
96 92
96 93
96 95
96 102
96 106
96 108
96 123
97 1
97 5
97 6
97 9
97 26
97 27
97 28
97 29
97 36
97 50
97 51
97 67
97 71
97 80
97 83
97 85
97 89
97 91
97 99
97 105
97 107
97 120
97 124
97 126
98 1
98 12
98 14
98 22
98 23
98 31
98 40
98 45
98 46
98 49
98 51
98 53
98 54
98 56
98 59
98 78
98 85
98 90
98 91
98 97
98 103
98 105
98 110
98 113
98 114
98 116
98 122
98 125
99 2
99 6
99 16
99 19
99 20
99 31
99 33
99 35
99 39
99 40
99 43
99 52
99 53
99 56
99 58
99 68
99 69
99 70
99 73
99 75
99 80
99 89
99 91
99 94
99 96
99 100
99 103
99 114
100 1
100 2
100 3
100 9
100 13
100 14
100 15
100 16
100 17
100 19
100 24
100 28
100 30
100 33
100 34
100 36
100 38
100 41
100 43
100 46
100 49
100 51
100 52
100 53
100 54
100 62
100 68
100 74
100 76
100 88
100 91
100 95
100 96
100 98
100 100
100 104
100 105
100 106
100 110
100 111
100 121
100 124
100 125
101 5
101 7
101 11
101 15
101 20
101 27
101 35
101 40
101 42
101 45
101 60
101 64
101 77
101 82
101 86
101 95
101 96
101 101
101 102
101 103
101 107
101 109
101 110
101 117
101 119
102 3
102 24
102 25
102 27
102 31
102 35
102 40
102 43
102 47
102 50
102 52
102 54
102 57
102 60
102 62
102 70
102 71
102 82
102 86
102 92
102 96
102 112
102 116
102 117
102 118
103 0
103 2
103 3
103 4
103 9
103 11
103 13
103 17
103 22
103 29
103 30
103 38
103 41
103 43
103 46
103 54
103 55
103 63
103 75
103 78
103 82
103 98
103 101
103 102
103 115
103 117
103 118
103 120
103 123
103 124
103 126
104 2
104 3
104 4
104 6
104 8
104 11
104 15
104 19
104 23
104 29
104 30
104 33
104 37
104 49
104 51
104 56
104 58
104 59
104 61
104 64
104 72
104 76
104 83
104 92
104 103
104 105
104 109
104 113
104 117
104 123
105 2
105 3
105 6
105 18
105 23
105 26
105 30
105 33
105 37
105 39
105 42
105 44
105 46
105 52
105 59
105 77
105 87
105 92
105 93
105 94
105 99
105 114
105 118
105 119
105 124
105 126
106 11
106 15
106 28
106 30
106 37
106 43
106 62
106 67
106 69
106 75
106 78
106 84
106 94
106 95
106 99
106 100
106 102
106 103
106 106
106 109
106 112
106 113
106 120
106 121
106 125
107 9
107 15
107 19
107 26
107 27
107 31
107 33
107 45
107 52
107 55
107 62
107 63
107 64
107 69
107 72
107 86
107 108
107 118
107 122
107 124
107 127
108 1
108 12
108 19
108 27
108 36
108 37
108 38
108 41
108 52
108 54
108 64
108 73
108 74
108 88
108 101
108 102
108 110
108 111
108 123
109 17
109 21
109 37
109 38
109 46
109 47
109 62
109 67
109 76
109 78
109 81
109 89
109 93
109 97
109 99
109 102
109 107
109 108
109 122
110 2
110 4
110 10
110 13
110 30
110 35
110 40
110 41
110 45
110 46
110 52
110 54
110 72
110 81
110 85
110 92
110 93
110 106
110 113
110 119
110 125
111 5
111 6
111 9
111 10
111 12
111 15
111 19
111 27
111 28
111 35
111 43
111 46
111 50
111 53
111 60
111 67
111 70
111 71
111 73
111 74
111 75
111 79
111 83
111 90
111 104
111 107
111 109
111 111
111 118
111 120
111 123
111 125
112 1
112 11
112 12
112 14
112 17
112 27
112 34
112 36
112 43
112 47
112 48
112 52
112 53
112 58
112 60
112 66
112 68
112 82
112 87
112 89
112 92
112 93
112 102
112 110
112 115
112 119
112 125
113 0
113 2
113 6
113 12
113 27
113 30
113 40
113 48
113 49
113 50
113 51
113 55
113 60
113 66
113 77
113 79
113 80
113 84
113 89
113 92
113 98
113 105
113 106
113 108
113 111
113 118
113 119
113 123
113 127
114 1
114 3
114 5
114 6
114 17
114 19
114 25
114 27
114 31
114 32
114 34
114 37
114 48
114 51
114 62
114 63
114 74
114 76
114 84
114 88
114 89
114 91
114 100
114 102
114 105
114 106
114 108
114 111
114 117
114 118
114 119
114 122
115 0
115 9
115 12
115 20
115 25
115 27
115 28
115 30
115 33
115 35
115 38
115 41
115 43
115 44
115 50
115 54
115 56
115 58
115 69
115 73
115 81
115 82
115 85
115 90
115 93
115 101
115 102
115 103
115 109
115 118
115 119
115 120
115 121
115 125
115 126
116 10
116 20
116 22
116 29
116 42
116 48
116 49
116 51
116 55
116 57
116 75
116 78
116 79
116 85
116 89
116 94
116 96
116 98
116 99
116 102
116 106
116 110
116 111
116 113
116 115
116 116
116 118
116 120
117 2
117 3
117 9
117 16
117 24
117 28
117 33
117 41
117 48
117 57
117 64
117 69
117 70
117 74
117 76
117 90
117 93
117 99
117 105
117 109
117 117
117 126
118 8
118 12
118 13
118 25
118 32
118 35
118 37
118 38
118 47
118 50
118 57
118 63
118 69
118 72
118 73
118 75
118 76
118 79
118 83
118 88
118 95
118 96
118 97
118 98
118 99
118 108
118 116
118 119
119 1
119 5
119 20
119 21
119 35
119 42
119 47
119 49
119 51
119 53
119 65
119 75
119 79
119 91
119 97
119 105
119 109
119 110
119 111
120 5
120 8
120 15
120 28
120 32
120 43
120 57
120 60
120 63
120 67
120 72
120 73
120 78
120 80
120 81
120 94
120 95
120 99
120 101
120 103
120 106
120 110
120 121
120 126
121 4
121 6
121 10
121 14
121 17
121 26
121 29
121 30
121 36
121 38
121 49
121 51
121 56
121 57
121 64
121 70
121 72
121 83
121 84
121 88
121 90
121 92
121 95
121 103
121 104
121 109
121 113
121 122
121 124
122 2
122 7
122 8
122 12
122 15
122 17
122 19
122 21
122 24
122 26
122 29
122 34
122 35
122 37
122 42
122 44
122 53
122 59
122 61
122 66
122 68
122 71
122 77
122 84
122 98
122 100
122 103
122 104
122 105
122 110
122 113
123 3
123 4
123 5
123 8
123 14
123 17
123 24
123 26
123 40
123 42
123 46
123 47
123 51
123 65
123 68
123 78
123 81
123 102
123 109
123 122
123 126
124 2
124 16
124 21
124 23
124 29
124 42
124 44
124 47
124 60
124 62
124 68
124 82
124 86
124 89
124 97
124 115
124 116
124 126
124 127
125 1
125 6
125 8
125 13
125 18
125 25
125 26
125 32
125 41
125 46
125 50
125 51
125 53
125 60
125 70
125 71
125 72
125 75
125 76
125 77
125 81
125 85
125 95
125 105
125 106
125 107
125 109
125 120
125 125
126 10
126 11
126 28
126 34
126 37
126 39
126 48
126 54
126 55
126 60
126 69
126 70
126 72
126 74
126 85
126 91
126 96
126 107
126 111
126 112
126 113
126 114
126 115
126 122
127 0
127 2
127 4
127 12
127 13
127 15
127 19
127 23
127 24
127 31
127 32
127 34
127 40
127 47
127 48
127 49
127 50
127 51
127 53
127 58
127 75
127 76
127 78
127 93
127 95
127 102
127 111
127 112
127 118
