0 50
0 57
0 81
0 102
0 122
1 19
1 37
1 89
2 14
2 45
2 51
2 58
2 84
2 111
2 122
3 13
3 111
4 77
4 94
4 116
4 122
5 77
5 112
6 4
7 68
8 25
8 28
8 29
8 44
8 51
8 69
8 80
8 88
8 90
9 1
9 49
9 59
9 97
9 111
10 3
10 46
10 52
10 67
10 97
11 40
11 41
11 80
11 99
12 59
13 24
13 40
13 46
13 109
14 17
14 92
15 36
15 38
15 42
15 69
15 89
15 95
15 119
16 11
16 15
16 25
16 37
16 90
17 27
17 29
17 31
17 36
17 70
17 115
18 4
18 62
18 82
18 106
18 111
18 115
19 33
19 69
19 71
19 84
19 94
19 121
20 32
20 119
20 124
21 65
21 93
21 101
22 92
22 121
23 13
23 46
23 47
23 67
23 95
23 114
24 10
24 12
24 18
24 22
24 30
24 48
24 119
25 57
25 64
25 73
25 90
25 103
26 77
26 79
26 98
27 74
28 13
28 51
29 9
29 35
29 95
29 117
30 9
30 58
30 84
30 86
30 100
30 101
30 126
31 45
31 50
31 57
31 78
31 88
31 100
32 118
33 29
33 123
34 0
34 45
34 49
34 90
34 100
34 102
35 58
35 70
35 105
36 68
37 31
37 34
37 37
37 38
37 60
37 100
38 18
38 98
38 105
39 37
39 40
39 89
39 121
40 54
40 57
41 4
41 20
41 67
41 109
42 2
42 39
42 66
42 75
42 102
43 9
43 20
43 24
43 30
43 38
43 44
43 52
43 53
43 90
44 14
44 28
44 42
44 46
44 82
44 97
45 3
45 16
45 29
45 44
45 87
45 88
45 112
46 18
46 20
46 32
46 88
47 1
47 17
47 21
47 64
47 67
47 92
48 17
48 35
48 118
49 8
49 107
49 113
50 17
50 20
50 42
50 73
50 86
51 88
51 103
52 6
52 7
52 51
52 76
52 85
52 100
53 4
53 28
53 54
53 62
53 84
53 86
53 114
53 121
54 11
54 41
54 77
54 79
54 82
54 108
55 22
55 68
55 100
55 115
56 92
56 97
57 19
57 25
57 86
57 91
57 111
58 4
58 67
58 85
59 27
59 59
59 72
59 78
59 85
60 3
60 57
60 61
60 66
60 105
60 122
61 11
61 42
61 71
61 108
61 116
61 119
62 0
62 13
62 79
62 95
62 123
63 18
63 25
63 57
63 62
63 87
64 9
64 53
64 80
64 126
65 0
65 46
65 51
65 69
65 84
66 24
66 34
66 83
66 89
66 90
67 2
67 30
67 110
67 112
67 116
68 6
68 56
68 120
69 37
69 65
69 96
69 122
70 125
71 51
71 70
71 77
71 80
71 91
71 95
71 106
71 120
72 20
72 23
72 97
73 71
73 73
73 96
73 113
74 34
74 67
74 126
75 15
75 65
75 114
75 120
76 13
76 35
77 54
77 85
77 86
77 94
78 75
79 79
79 81
80 46
80 52
80 77
80 78
80 81
81 67
83 3
83 41
83 84
83 110
83 116
84 23
84 57
84 61
84 90
85 86
86 2
86 16
86 49
86 50
86 101
86 126
87 8
87 34
87 71
87 106
88 49
88 90
88 127
89 6
89 13
89 22
90 17
90 26
90 39
90 84
90 90
91 21
91 40
91 107
92 31
92 66
92 69
92 78
92 109
92 112
92 121
92 126
93 23
93 32
93 45
94 4
94 17
94 52
94 88
94 95
94 105
94 117
95 3
95 13
95 49
95 105
95 118
96 2
96 19
96 47
96 90
97 14
97 30
99 53
99 120
100 38
101 34
101 54
101 69
101 95
102 38
102 115
103 11
103 82
103 92
104 6
104 41
104 44
104 60
104 87
104 100
104 121
105 0
105 97
105 105
105 106
106 9
106 35
106 85
106 96
106 121
107 51
107 103
107 123
108 7
108 44
108 73
108 74
108 91
109 66
111 62
111 70
111 80
111 96
111 104
112 26
112 45
112 49
112 91
112 95
113 85
114 4
114 21
114 45
114 92
114 96
114 113
114 116
115 19
115 65
115 96
115 105
115 113
116 13
116 19
116 44
116 61
116 81
117 112
117 115
118 15
118 38
118 50
118 51
118 97
119 11
119 64
120 16
120 46
120 48
120 62
120 96
121 52
121 76
121 113
123 29
123 34
123 39
123 71
124 26
124 97
125 4
125 44
125 80
125 94
125 97
125 122
126 11
126 93
