0 18
0 35
0 40
0 52
0 57
0 58
0 67
0 70
0 82
0 89
0 115
1 5
1 21
1 22
1 32
1 39
1 59
1 60
1 63
1 65
1 67
1 72
1 78
1 80
1 90
1 103
1 108
1 127
2 0
2 3
2 6
2 7
2 21
2 27
2 33
2 51
2 57
2 62
2 65
2 70
2 73
2 75
2 121
3 20
3 21
3 29
3 32
3 36
3 45
3 51
3 56
3 84
3 118
3 119
3 126
4 6
4 7
4 20
4 24
4 29
4 33
4 59
4 64
4 68
4 75
4 114
4 125
5 3
5 7
5 8
5 31
5 32
5 34
5 40
5 44
5 68
5 70
5 97
5 103
5 111
6 5
6 7
6 8
6 12
6 26
6 28
6 46
6 57
6 77
6 80
6 99
6 116
6 126
7 7
7 22
7 30
7 36
7 46
7 52
7 54
7 56
7 79
7 96
7 108
7 118
8 1
8 31
8 40
8 42
8 47
8 61
8 82
8 86
8 89
8 91
8 95
8 96
8 117
8 123
9 26
9 27
9 34
9 37
9 40
9 45
9 61
9 68
9 76
9 114
10 34
10 47
10 59
10 71
10 83
10 91
10 113
11 3
11 6
11 10
11 13
11 27
11 45
11 56
11 57
11 67
11 69
11 71
11 94
11 106
12 13
12 18
12 37
12 38
12 61
12 64
12 74
12 80
12 81
12 93
12 116
12 120
13 2
13 5
13 6
13 17
13 56
13 68
13 69
13 77
13 86
13 102
13 119
13 121
13 122
13 125
14 6
14 43
14 44
14 47
14 57
14 67
14 98
15 25
15 37
15 100
15 127
16 17
16 42
16 58
16 59
16 62
16 65
16 75
16 82
16 87
16 117
16 119
16 126
17 32
17 36
17 41
17 82
17 102
17 120
17 125
17 126
17 127
18 5
18 15
18 19
18 21
18 30
18 31
18 35
18 55
18 62
18 81
18 87
18 97
18 104
19 19
19 24
19 56
19 79
19 113
19 118
19 126
20 39
20 59
20 74
20 75
20 80
20 86
20 87
20 90
20 95
20 98
20 106
20 114
20 118
20 122
21 4
21 6
21 36
21 42
21 49
21 56
21 66
21 77
21 88
21 99
21 110
21 111
22 8
22 20
22 24
22 26
22 53
22 58
22 67
22 76
22 77
22 79
22 87
22 90
22 115
23 1
23 3
23 14
23 42
23 47
23 55
23 60
23 87
23 90
23 96
23 106
23 113
23 117
24 35
24 50
24 73
24 74
24 82
24 96
24 103
24 105
24 115
25 19
25 22
25 26
25 30
25 43
25 52
25 54
25 60
25 91
25 116
25 125
26 0
26 8
26 14
26 15
26 27
26 51
26 58
26 90
26 91
26 100
26 108
26 115
27 7
27 12
27 17
27 25
27 38
27 43
27 46
27 59
27 61
27 70
27 90
27 98
27 102
27 106
27 109
27 114
27 116
27 125
28 0
28 2
28 43
28 46
28 48
28 59
28 62
28 63
28 82
28 85
28 106
28 117
29 19
29 29
29 31
29 45
29 69
29 93
29 98
29 105
29 107
29 111
29 113
29 116
30 12
30 16
30 18
30 56
30 67
30 76
30 77
30 86
30 87
30 108
30 110
30 120
30 125
31 12
31 19
31 23
31 25
31 38
31 45
31 49
31 67
31 72
31 75
31 104
31 108
31 109
32 10
32 19
32 25
32 35
32 62
32 84
32 102
32 109
32 116
32 117
33 1
33 9
33 11
33 16
33 26
33 36
33 46
33 79
33 97
33 101
33 111
33 116
33 120
34 0
34 2
34 8
34 19
34 20
34 25
34 33
34 51
34 73
34 76
34 83
34 85
34 87
34 96
34 98
34 107
34 108
34 112
34 115
34 120
35 3
35 6
35 9
35 12
35 21
35 26
35 43
35 51
35 53
35 56
35 60
35 71
35 94
35 97
35 100
35 104
35 115
35 117
36 9
36 43
36 47
36 63
36 74
36 79
36 83
37 5
37 15
37 21
37 25
37 28
37 45
37 48
37 50
37 57
37 71
37 78
37 94
37 125
37 127
38 20
38 42
38 78
38 81
38 82
38 83
38 85
38 95
38 96
39 16
39 43
39 69
39 79
39 85
39 98
39 110
39 119
40 27
40 28
40 36
40 41
40 68
40 93
40 95
40 120
41 2
41 19
41 20
41 34
41 44
41 49
41 63
41 91
41 100
41 102
41 106
41 110
41 113
41 125
42 2
42 29
42 50
42 58
42 59
42 69
42 71
42 86
42 87
42 96
42 113
43 0
43 4
43 5
43 8
43 24
43 58
43 61
43 62
43 71
43 72
43 100
43 101
44 6
44 33
44 36
44 51
44 68
44 81
44 89
44 92
44 110
45 64
45 78
45 83
45 84
45 86
45 87
45 89
45 99
45 107
46 23
46 45
46 60
46 81
46 102
46 106
47 10
47 20
47 31
47 69
47 115
47 127
48 15
48 17
48 21
48 65
48 74
48 80
48 82
48 113
48 123
49 11
49 17
49 18
49 32
49 38
49 43
49 47
49 50
49 54
49 63
49 84
50 3
50 7
50 8
50 15
50 42
50 45
50 46
50 61
50 77
50 91
50 110
51 13
51 22
51 23
51 45
51 84
51 87
51 88
51 95
51 96
51 114
51 120
52 2
52 18
52 20
52 22
52 38
52 41
52 42
52 50
52 57
52 88
52 95
52 99
52 101
52 113
53 0
53 39
53 62
53 63
53 80
53 94
53 102
53 106
53 108
54 4
54 9
54 16
54 44
54 48
54 78
54 82
54 85
54 92
54 117
54 120
54 124
55 37
55 43
55 48
55 63
55 96
55 101
55 102
56 2
56 3
56 10
56 26
56 34
56 49
56 51
56 61
56 65
56 73
56 96
56 117
56 124
57 7
57 24
57 27
57 40
57 42
57 49
57 53
57 57
57 60
57 73
57 86
57 88
57 104
58 14
58 20
58 21
58 26
58 31
58 52
58 58
58 60
58 73
58 75
58 98
58 112
58 127
59 9
59 17
59 19
59 22
59 23
59 24
59 27
59 28
59 48
59 57
59 62
59 65
59 69
59 95
59 100
59 101
59 104
59 121
60 11
60 13
60 33
60 40
60 53
60 61
60 70
60 71
60 85
60 87
60 89
60 96
60 106
60 113
61 5
61 14
61 19
61 25
61 31
61 47
61 49
61 88
61 96
61 109
61 119
62 1
62 12
62 21
62 28
62 31
62 38
62 55
62 65
62 79
62 84
62 101
62 106
62 125
63 2
63 9
63 13
63 32
63 33
63 53
63 63
63 65
63 84
63 102
63 112
63 120
64 1
64 15
64 20
64 40
64 42
64 49
64 53
64 67
64 77
64 84
64 88
64 98
64 100
64 126
65 12
65 58
65 74
65 100
65 107
65 127
66 2
66 8
66 23
66 27
66 67
66 69
66 80
66 95
66 103
66 125
67 4
67 5
67 8
67 15
67 31
67 53
67 60
67 69
67 90
67 103
67 107
67 119
67 122
67 123
68 6
68 9
68 29
68 46
68 63
68 65
68 71
68 84
68 91
68 114
68 121
68 122
69 3
69 19
69 24
69 30
69 36
69 37
69 38
69 39
69 59
69 62
69 84
69 91
69 106
69 118
70 1
70 16
70 22
70 36
70 58
70 64
70 68
70 88
70 100
70 126
71 17
71 32
71 41
71 52
71 101
72 23
72 42
72 44
72 47
72 53
72 58
72 62
72 65
72 68
72 74
72 89
72 105
72 120
72 121
73 22
73 28
73 36
73 41
73 46
73 51
73 56
73 81
73 93
73 94
73 104
73 110
73 113
73 116
74 11
74 17
74 29
74 43
74 45
74 59
74 62
74 67
74 69
74 84
74 97
74 98
74 102
74 107
74 121
74 122
75 0
75 1
75 2
75 5
75 18
75 25
75 29
75 45
75 51
75 117
75 121
75 124
75 125
76 9
76 38
76 53
76 84
76 86
76 90
76 112
76 126
77 9
77 18
77 23
77 29
77 38
77 44
77 45
77 57
77 64
77 70
77 73
77 80
77 92
77 95
77 96
77 102
77 114
77 125
78 0
78 13
78 30
78 36
78 47
78 48
78 74
78 88
78 89
78 94
78 103
78 104
78 120
78 123
79 0
79 5
79 7
79 15
79 18
79 31
79 40
79 72
79 91
79 93
79 101
79 112
79 121
80 15
80 66
80 105
81 17
81 36
81 42
81 46
81 63
81 69
81 105
81 109
81 112
82 2
82 13
82 24
82 37
82 41
82 51
82 69
82 80
82 88
82 96
82 98
82 115
82 118
82 124
82 127
83 3
83 12
83 26
83 33
83 39
83 40
83 59
83 71
83 81
83 91
83 96
83 115
83 122
83 125
84 6
84 10
84 60
84 62
84 82
84 84
84 93
84 98
84 112
84 113
84 120
85 46
85 50
85 64
85 79
85 80
85 100
85 108
85 113
85 119
86 17
86 28
86 50
86 59
86 61
86 88
86 103
87 7
87 10
87 13
87 21
87 27
87 29
87 33
87 36
87 49
87 62
87 70
87 72
87 83
87 89
87 98
87 99
87 105
87 111
87 112
87 120
87 124
87 127
88 10
88 52
88 89
88 91
88 98
88 111
88 118
88 123
89 19
89 28
89 46
89 53
89 100
89 127
90 9
90 54
90 65
90 76
90 83
90 99
90 101
90 106
90 107
90 122
91 11
91 34
91 37
91 42
91 60
91 71
91 72
91 94
91 118
91 122
92 11
92 24
92 32
92 36
92 46
92 48
92 62
92 69
92 96
92 103
92 104
92 110
92 122
92 127
93 5
93 12
93 38
93 44
93 45
93 53
93 86
93 90
93 92
93 105
93 112
93 116
93 120
94 8
94 26
94 29
94 44
94 53
94 55
94 62
94 64
94 104
94 121
95 4
95 46
95 50
95 56
95 79
95 88
95 89
95 93
95 103
95 114
95 115
96 3
96 6
96 10
96 38
96 43
96 48
96 49
96 72
96 79
96 85
96 125
96 126
97 10
97 11
97 20
97 34
97 67
97 73
97 75
97 82
97 83
97 114
97 115
97 117
97 120
98 5
98 17
98 51
98 52
98 56
98 74
98 83
98 107
98 110
98 119
98 123
98 125
99 40
99 53
99 70
99 77
99 84
99 118
100 0
100 1
100 52
100 56
100 61
100 73
100 78
100 79
101 2
101 12
101 17
101 27
101 34
101 46
101 62
101 72
101 102
101 103
101 105
101 123
102 10
102 11
102 12
102 22
102 34
102 42
102 45
102 59
102 63
102 66
102 68
102 82
102 95
102 101
102 105
102 127
103 18
103 28
103 34
103 62
103 71
103 79
103 81
103 87
103 109
103 124
103 126
104 5
104 13
104 28
104 57
104 66
104 73
104 86
104 104
104 114
104 119
105 4
105 8
105 41
105 50
105 56
105 87
105 108
105 114
106 0
106 10
106 24
106 35
106 52
106 114
106 121
107 7
107 23
107 26
107 76
107 82
107 88
107 102
107 107
107 122
108 4
108 15
108 22
108 48
108 53
108 58
108 60
108 96
108 112
108 117
108 119
108 120
108 124
109 3
109 17
109 33
109 48
109 57
109 68
109 71
109 87
109 93
109 96
109 108
110 11
110 12
110 17
110 26
110 36
110 42
110 47
110 48
110 76
110 83
110 85
110 87
110 105
110 108
110 112
110 114
110 123
111 4
111 17
111 30
111 56
111 59
111 98
111 108
111 109
112 20
112 23
112 30
112 54
112 56
112 57
112 58
112 85
112 110
112 117
112 121
112 125
113 38
113 47
113 48
113 49
113 64
113 88
113 93
113 103
113 105
113 120
114 15
114 16
114 21
114 30
114 32
114 38
114 46
114 62
114 72
114 77
114 79
114 97
114 115
114 126
115 6
115 7
115 14
115 20
115 29
115 31
115 38
115 43
115 47
115 51
115 80
115 82
115 93
115 101
115 118
115 119
115 125
116 4
116 7
116 8
116 25
116 42
116 56
116 74
116 84
116 86
116 87
116 95
116 97
116 111
116 117
117 3
117 17
117 52
117 65
117 75
117 88
117 95
117 97
117 98
117 110
117 113
117 125
118 7
118 9
118 30
118 42
118 43
118 48
118 55
118 59
118 66
118 73
118 83
118 90
118 94
118 105
118 109
118 116
118 123
118 126
119 5
119 27
119 45
119 49
119 68
119 79
119 109
120 8
120 15
120 40
120 48
120 65
120 69
120 71
120 74
120 81
120 89
120 92
120 102
120 104
120 108
120 117
120 124
120 127
121 15
121 24
121 27
121 29
121 37
121 38
121 40
121 49
121 55
121 56
121 78
121 82
121 86
121 106
121 107
121 113
122 6
122 15
122 19
122 36
122 44
122 61
122 65
122 66
122 71
122 74
122 77
122 93
122 102
122 108
122 121
123 2
123 6
123 27
123 28
123 50
123 57
123 71
123 76
123 94
123 100
123 121
123 124
124 4
124 6
124 16
124 23
124 24
124 26
124 53
124 61
124 64
124 76
124 83
124 93
124 94
124 102
124 107
124 127
125 1
125 16
125 29
125 60
125 71
125 81
125 89
125 102
125 104
125 106
125 113
125 114
125 125
126 16
126 30
126 31
126 48
126 56
126 61
126 75
126 84
126 85
126 90
126 106
127 6
127 12
127 21
127 22
127 30
127 35
127 36
127 39
127 56
127 69
127 115
127 117
