0 0
0 1
0 4
0 8
0 13
0 16
0 17
0 18
0 22
0 24
0 25
0 27
0 29
0 32
0 33
0 34
0 35
0 37
0 39
0 42
0 52
0 53
0 55
0 58
0 59
0 61
0 62
0 72
0 74
0 77
0 82
0 83
0 86
0 88
0 90
0 97
0 100
0 103
0 106
0 110
0 113
0 122
0 124
0 125
1 0
1 1
1 2
1 9
1 15
1 22
1 32
1 35
1 40
1 44
1 46
1 49
1 51
1 53
1 57
1 59
1 60
1 62
1 63
1 64
1 67
1 71
1 72
1 73
1 75
1 77
1 79
1 81
1 82
1 89
1 90
1 91
1 98
1 101
1 103
1 107
1 113
1 117
1 126
2 7
2 10
2 11
2 12
2 13
2 14
2 16
2 19
2 34
2 35
2 37
2 39
2 40
2 41
2 47
2 48
2 57
2 62
2 70
2 75
2 78
2 80
2 82
2 84
2 85
2 86
2 87
2 92
2 96
2 97
2 102
2 109
2 112
2 113
2 116
2 117
2 119
2 120
2 121
2 122
2 127
3 3
3 4
3 5
3 7
3 9
3 10
3 11
3 12
3 16
3 21
3 26
3 27
3 28
3 35
3 43
3 50
3 52
3 60
3 61
3 68
3 70
3 72
3 74
3 77
3 78
3 86
3 88
3 89
3 90
3 92
3 94
3 95
3 100
3 106
3 108
3 113
3 120
3 123
4 2
4 8
4 12
4 16
4 17
4 19
4 21
4 23
4 30
4 33
4 34
4 41
4 42
4 51
4 52
4 56
4 59
4 60
4 63
4 66
4 68
4 74
4 75
4 78
4 82
4 84
4 85
4 87
4 91
4 94
4 98
4 101
4 110
4 113
4 116
4 121
4 124
4 126
4 127
5 1
5 2
5 4
5 5
5 6
5 7
5 8
5 9
5 11
5 17
5 21
5 25
5 27
5 28
5 32
5 38
5 40
5 43
5 46
5 47
5 53
5 54
5 59
5 60
5 66
5 67
5 70
5 80
5 82
5 83
5 84
5 85
5 92
5 94
5 95
5 97
5 98
5 99
5 106
5 109
5 111
5 116
5 121
5 123
5 124
5 127
6 1
6 2
6 3
6 6
6 7
6 13
6 15
6 24
6 30
6 34
6 39
6 43
6 47
6 48
6 54
6 55
6 57
6 59
6 61
6 62
6 63
6 65
6 67
6 69
6 70
6 71
6 77
6 80
6 81
6 83
6 85
6 86
6 89
6 90
6 92
6 94
6 95
6 101
6 106
6 107
6 108
6 109
6 115
6 117
6 120
6 121
6 123
6 125
7 1
7 3
7 4
7 10
7 12
7 14
7 16
7 19
7 24
7 25
7 27
7 29
7 34
7 35
7 42
7 44
7 45
7 49
7 51
7 52
7 53
7 54
7 58
7 59
7 60
7 62
7 72
7 74
7 76
7 78
7 79
7 89
7 95
7 101
7 105
7 108
7 110
7 113
7 117
7 123
7 125
8 1
8 7
8 13
8 14
8 25
8 27
8 28
8 34
8 35
8 37
8 46
8 51
8 59
8 60
8 61
8 64
8 75
8 76
8 77
8 78
8 81
8 90
8 93
8 97
8 98
8 104
8 105
8 109
8 110
8 111
8 115
8 117
8 120
8 122
9 0
9 1
9 2
9 4
9 7
9 8
9 9
9 10
9 12
9 13
9 19
9 31
9 34
9 35
9 38
9 45
9 47
9 48
9 49
9 50
9 52
9 54
9 55
9 63
9 64
9 66
9 67
9 72
9 73
9 75
9 77
9 78
9 82
9 83
9 87
9 89
9 101
9 103
9 104
9 105
9 106
9 114
9 119
9 126
10 0
10 1
10 4
10 5
10 11
10 13
10 19
10 22
10 33
10 34
10 40
10 42
10 45
10 46
10 53
10 59
10 60
10 65
10 66
10 67
10 68
10 69
10 71
10 76
10 77
10 78
10 79
10 80
10 81
10 87
10 90
10 92
10 94
10 96
10 102
10 107
10 108
10 113
10 118
10 124
10 125
10 127
11 0
11 1
11 2
11 3
11 4
11 8
11 9
11 13
11 17
11 21
11 22
11 23
11 24
11 25
11 26
11 31
11 32
11 36
11 40
11 42
11 45
11 46
11 47
11 49
11 51
11 58
11 59
11 63
11 74
11 75
11 80
11 83
11 93
11 96
11 103
11 123
11 125
11 127
12 2
12 4
12 8
12 10
12 14
12 26
12 29
12 31
12 34
12 39
12 41
12 42
12 48
12 54
12 57
12 59
12 60
12 68
12 69
12 79
12 81
12 82
12 84
12 85
12 88
12 91
12 92
12 93
12 96
12 98
12 104
12 106
12 107
12 113
12 118
12 119
12 122
13 2
13 3
13 8
13 9
13 10
13 11
13 13
13 15
13 16
13 19
13 22
13 24
13 25
13 27
13 30
13 32
13 34
13 37
13 53
13 64
13 66
13 67
13 69
13 74
13 77
13 80
13 82
13 86
13 87
13 94
13 96
13 99
13 106
13 116
13 117
13 120
13 121
13 122
13 123
13 126
14 3
14 4
14 7
14 9
14 10
14 11
14 17
14 21
14 29
14 33
14 36
14 39
14 40
14 41
14 43
14 45
14 49
14 50
14 53
14 59
14 63
14 65
14 68
14 71
14 76
14 78
14 80
14 85
14 88
14 96
14 102
14 113
14 116
14 126
15 0
15 2
15 3
15 7
15 10
15 11
15 13
15 15
15 18
15 20
15 23
15 24
15 25
15 26
15 27
15 31
15 36
15 45
15 47
15 49
15 50
15 54
15 56
15 57
15 59
15 67
15 71
15 73
15 74
15 82
15 84
15 89
15 90
15 92
15 96
15 99
15 101
15 105
15 106
15 109
15 110
15 112
15 113
15 114
15 121
15 125
16 8
16 11
16 21
16 22
16 23
16 29
16 31
16 32
16 35
16 36
16 37
16 41
16 42
16 43
16 45
16 57
16 58
16 59
16 74
16 78
16 79
16 80
16 82
16 87
16 93
16 100
16 103
16 104
16 105
16 106
16 107
16 108
16 123
16 125
16 126
16 127
17 0
17 2
17 9
17 14
17 15
17 18
17 27
17 30
17 31
17 33
17 34
17 45
17 48
17 53
17 54
17 57
17 60
17 64
17 67
17 72
17 76
17 77
17 79
17 86
17 91
17 96
17 104
17 107
17 113
17 121
17 123
17 127
18 0
18 8
18 16
18 27
18 30
18 43
18 50
18 55
18 58
18 62
18 68
18 72
18 78
18 81
18 84
18 87
18 88
18 93
18 106
18 109
18 115
18 119
18 121
18 122
19 2
19 6
19 8
19 9
19 10
19 17
19 18
19 20
19 22
19 23
19 25
19 27
19 29
19 37
19 41
19 47
19 49
19 51
19 52
19 56
19 57
19 59
19 60
19 62
19 69
19 70
19 72
19 78
19 81
19 87
19 93
19 96
19 100
19 101
19 105
19 109
19 114
19 115
19 116
19 117
19 119
19 121
19 123
19 126
20 3
20 10
20 12
20 20
20 24
20 27
20 29
20 34
20 36
20 37
20 43
20 44
20 50
20 53
20 56
20 57
20 61
20 62
20 70
20 72
20 75
20 86
20 87
20 90
20 91
20 97
20 99
20 102
20 104
20 106
20 111
20 117
20 122
20 123
20 124
21 1
21 2
21 3
21 5
21 10
21 13
21 15
21 17
21 27
21 28
21 32
21 33
21 36
21 40
21 46
21 47
21 50
21 51
21 54
21 65
21 73
21 78
21 79
21 84
21 92
21 100
21 107
21 108
21 110
21 111
21 116
21 117
21 122
22 1
22 4
22 5
22 9
22 13
22 16
22 18
22 19
22 20
22 21
22 24
22 27
22 28
22 37
22 45
22 47
22 51
22 52
22 53
22 54
22 57
22 59
22 64
22 66
22 68
22 69
22 75
22 77
22 79
22 80
22 81
22 82
22 85
22 98
22 99
22 103
22 109
22 112
22 117
22 119
22 120
22 121
22 122
22 123
22 124
23 0
23 8
23 10
23 13
23 16
23 17
23 19
23 22
23 23
23 29
23 33
23 34
23 44
23 46
23 49
23 50
23 53
23 54
23 57
23 63
23 66
23 67
23 69
23 71
23 72
23 75
23 80
23 81
23 82
23 88
23 89
23 92
23 102
23 103
23 106
23 107
23 109
23 110
23 117
23 118
23 120
24 2
24 6
24 7
24 9
24 12
24 17
24 18
24 25
24 31
24 33
24 36
24 37
24 41
24 44
24 50
24 51
24 56
24 60
24 61
24 67
24 69
24 71
24 74
24 78
24 79
24 80
24 82
24 87
24 96
24 100
24 101
24 102
24 104
24 108
24 110
24 113
24 118
24 121
24 122
24 124
25 8
25 11
25 13
25 21
25 22
25 25
25 26
25 30
25 31
25 32
25 33
25 43
25 49
25 54
25 55
25 58
25 63
25 64
25 67
25 68
25 71
25 73
25 85
25 86
25 87
25 88
25 90
25 92
25 96
25 98
25 101
25 103
25 104
25 107
25 110
25 111
25 112
25 117
25 118
25 121
25 125
26 9
26 14
26 16
26 19
26 22
26 27
26 28
26 34
26 35
26 38
26 40
26 44
26 53
26 62
26 63
26 70
26 98
26 100
26 103
26 106
26 110
26 113
26 118
26 121
26 123
26 125
26 126
27 2
27 10
27 15
27 16
27 19
27 21
27 27
27 31
27 33
27 34
27 41
27 43
27 44
27 45
27 46
27 47
27 50
27 55
27 60
27 61
27 65
27 67
27 69
27 75
27 79
27 81
27 83
27 84
27 89
27 93
27 99
27 113
27 120
27 122
28 1
28 6
28 9
28 18
28 20
28 22
28 28
28 34
28 37
28 40
28 43
28 44
28 46
28 49
28 56
28 57
28 61
28 62
28 68
28 72
28 75
28 79
28 82
28 83
28 86
28 92
28 94
28 95
28 100
28 102
28 104
28 106
28 108
28 120
28 121
28 124
28 125
29 2
29 3
29 9
29 11
29 12
29 13
29 14
29 17
29 18
29 28
29 38
29 40
29 46
29 52
29 54
29 63
29 68
29 69
29 70
29 72
29 73
29 75
29 78
29 80
29 83
29 85
29 89
29 90
29 91
29 93
29 101
29 102
29 104
29 110
29 112
29 115
29 118
29 119
29 122
29 123
30 1
30 2
30 8
30 18
30 23
30 24
30 26
30 28
30 30
30 31
30 38
30 40
30 42
30 43
30 46
30 47
30 48
30 50
30 66
30 73
30 74
30 79
30 93
30 99
30 100
30 101
30 103
30 104
30 105
30 110
30 113
30 114
30 118
30 121
30 123
30 124
31 0
31 1
31 2
31 5
31 9
31 11
31 12
31 13
31 15
31 16
31 18
31 20
31 22
31 25
31 26
31 31
31 32
31 33
31 35
31 39
31 42
31 45
31 46
31 47
31 49
31 56
31 60
31 62
31 63
31 70
31 72
31 73
31 76
31 79
31 80
31 81
31 89
31 90
31 96
31 97
31 98
31 99
31 100
31 102
31 103
31 104
31 108
31 116
31 120
31 122
31 123
31 125
32 3
32 6
32 7
32 9
32 13
32 14
32 17
32 20
32 22
32 23
32 26
32 27
32 30
32 31
32 41
32 44
32 48
32 57
32 59
32 60
32 64
32 69
32 70
32 74
32 76
32 79
32 83
32 88
32 90
32 92
32 94
32 97
32 98
32 100
32 102
32 104
32 109
32 115
32 116
32 122
32 124
32 125
33 0
33 5
33 10
33 16
33 21
33 22
33 23
33 24
33 29
33 33
33 35
33 38
33 42
33 43
33 44
33 46
33 47
33 67
33 71
33 73
33 74
33 80
33 81
33 82
33 85
33 93
33 97
33 100
33 105
33 106
33 111
33 118
33 119
34 10
34 11
34 21
34 35
34 45
34 46
34 48
34 55
34 58
34 59
34 62
34 63
34 64
34 68
34 69
34 72
34 73
34 77
34 84
34 87
34 92
34 95
34 97
34 98
34 102
34 105
34 114
34 119
34 120
34 123
34 125
35 10
35 12
35 16
35 19
35 22
35 29
35 32
35 33
35 34
35 37
35 39
35 43
35 45
35 49
35 55
35 56
35 61
35 65
35 68
35 69
35 70
35 72
35 73
35 76
35 84
35 86
35 90
35 92
35 95
35 96
35 97
35 99
35 102
35 103
35 104
35 105
35 106
35 111
35 112
35 116
35 117
35 118
35 119
35 120
35 126
36 1
36 2
36 3
36 4
36 6
36 14
36 15
36 16
36 17
36 21
36 22
36 25
36 26
36 29
36 35
36 37
36 38
36 41
36 45
36 46
36 49
36 52
36 54
36 55
36 58
36 63
36 64
36 70
36 71
36 75
36 82
36 85
36 86
36 90
36 105
36 107
36 108
36 122
36 125
37 2
37 15
37 16
37 20
37 21
37 29
37 32
37 39
37 47
37 48
37 52
37 53
37 54
37 55
37 57
37 58
37 72
37 75
37 76
37 78
37 83
37 88
37 95
37 97
37 102
37 105
37 108
37 113
37 121
37 124
37 126
38 0
38 2
38 11
38 13
38 15
38 17
38 20
38 23
38 25
38 27
38 28
38 32
38 34
38 35
38 40
38 44
38 50
38 52
38 62
38 68
38 70
38 71
38 72
38 74
38 78
38 79
38 83
38 84
38 87
38 89
38 95
38 97
38 99
38 104
38 105
38 107
38 108
38 112
38 113
38 117
38 118
38 121
38 122
38 125
38 126
39 2
39 3
39 4
39 6
39 13
39 15
39 16
39 18
39 19
39 28
39 32
39 33
39 34
39 36
39 38
39 39
39 43
39 44
39 45
39 52
39 60
39 63
39 65
39 77
39 79
39 82
39 84
39 86
39 93
39 99
39 106
39 109
39 112
39 113
39 115
39 116
39 118
39 119
39 120
40 0
40 5
40 6
40 7
40 13
40 14
40 17
40 19
40 21
40 25
40 28
40 29
40 32
40 37
40 38
40 44
40 46
40 49
40 50
40 59
40 65
40 67
40 68
40 70
40 71
40 72
40 73
40 75
40 76
40 77
40 81
40 82
40 84
40 85
40 92
40 93
40 96
40 98
40 99
40 101
40 102
40 110
40 111
40 114
40 115
40 116
40 117
40 121
40 125
41 4
41 5
41 7
41 8
41 13
41 16
41 20
41 21
41 26
41 31
41 38
41 40
41 43
41 44
41 46
41 49
41 50
41 52
41 53
41 54
41 57
41 60
41 61
41 62
41 63
41 64
41 65
41 66
41 67
41 71
41 72
41 77
41 78
41 80
41 83
41 85
41 92
41 98
41 105
41 106
41 107
41 108
41 110
41 112
41 114
41 119
41 123
41 125
41 126
42 6
42 9
42 10
42 11
42 12
42 27
42 38
42 41
42 44
42 51
42 54
42 57
42 59
42 65
42 73
42 74
42 76
42 78
42 85
42 88
42 93
42 94
42 95
42 96
42 100
42 108
42 110
42 111
42 112
42 113
42 121
42 124
43 0
43 3
43 6
43 7
43 14
43 18
43 24
43 30
43 31
43 32
43 38
43 40
43 47
43 48
43 50
43 54
43 58
43 61
43 65
43 66
43 67
43 68
43 74
43 75
43 76
43 78
43 81
43 82
43 85
43 91
43 97
43 101
43 111
43 125
43 126
44 0
44 1
44 4
44 7
44 14
44 19
44 27
44 29
44 31
44 34
44 35
44 36
44 37
44 39
44 40
44 44
44 45
44 49
44 54
44 57
44 69
44 76
44 77
44 79
44 88
44 93
44 104
44 105
44 108
44 109
44 112
44 113
44 115
44 116
44 117
44 119
44 120
44 123
44 124
45 1
45 2
45 6
45 12
45 22
45 28
45 35
45 40
45 41
45 43
45 44
45 45
45 46
45 48
45 49
45 59
45 63
45 69
45 77
45 79
45 81
45 86
45 94
45 95
45 101
45 105
45 110
45 111
45 114
45 118
45 120
45 123
45 124
45 125
46 4
46 5
46 12
46 13
46 14
46 16
46 19
46 21
46 33
46 35
46 41
46 44
46 45
46 46
46 55
46 56
46 60
46 67
46 68
46 74
46 77
46 79
46 81
46 86
46 87
46 89
46 91
46 92
46 97
46 98
46 102
46 103
46 104
46 105
46 109
46 110
46 111
46 113
46 114
46 115
46 122
46 124
47 0
47 13
47 16
47 18
47 22
47 25
47 27
47 28
47 33
47 45
47 46
47 47
47 49
47 54
47 57
47 58
47 60
47 64
47 68
47 70
47 72
47 75
47 82
47 86
47 88
47 89
47 97
47 98
47 103
47 111
47 113
47 114
47 117
47 119
47 121
47 124
47 127
48 0
48 3
48 4
48 5
48 8
48 10
48 11
48 12
48 16
48 29
48 31
48 32
48 33
48 35
48 36
48 37
48 41
48 44
48 49
48 53
48 56
48 63
48 67
48 68
48 69
48 70
48 79
48 82
48 84
48 86
48 87
48 92
48 95
48 97
48 98
48 104
48 107
48 116
48 118
48 121
48 126
49 4
49 5
49 9
49 10
49 20
49 25
49 27
49 30
49 32
49 33
49 34
49 35
49 38
49 41
49 42
49 46
49 50
49 55
49 58
49 60
49 65
49 69
49 76
49 79
49 80
49 81
49 82
49 83
49 85
49 89
49 95
49 104
49 106
49 108
49 112
49 114
49 116
49 124
49 126
49 127
50 1
50 2
50 3
50 7
50 13
50 16
50 17
50 21
50 22
50 23
50 26
50 31
50 35
50 40
50 41
50 47
50 51
50 55
50 57
50 72
50 73
50 76
50 78
50 79
50 80
50 81
50 83
50 86
50 89
50 90
50 94
50 95
50 100
50 106
50 114
50 115
50 118
50 119
50 121
50 122
50 123
51 0
51 5
51 7
51 8
51 10
51 12
51 16
51 17
51 19
51 22
51 27
51 34
51 35
51 41
51 42
51 46
51 50
51 51
51 58
51 59
51 61
51 66
51 70
51 74
51 78
51 81
51 84
51 89
51 92
51 95
51 103
51 113
51 115
51 117
51 120
51 124
51 127
52 0
52 5
52 6
52 12
52 14
52 16
52 19
52 26
52 27
52 29
52 31
52 36
52 39
52 43
52 47
52 49
52 52
52 55
52 56
52 58
52 66
52 84
52 88
52 93
52 94
52 101
52 106
52 108
52 114
52 118
52 120
52 125
52 127
53 0
53 1
53 2
53 5
53 13
53 14
53 17
53 19
53 21
53 22
53 36
53 37
53 45
53 51
53 52
53 53
53 56
53 61
53 62
53 79
53 81
53 83
53 85
53 91
53 93
53 94
53 96
53 102
53 120
53 121
54 1
54 3
54 4
54 25
54 27
54 28
54 29
54 30
54 31
54 34
54 45
54 47
54 48
54 60
54 61
54 64
54 66
54 68
54 71
54 75
54 76
54 79
54 84
54 86
54 89
54 93
54 96
54 97
54 101
54 104
54 107
54 108
54 113
54 116
54 118
54 125
54 126
54 127
55 8
55 11
55 12
55 13
55 15
55 22
55 23
55 24
55 30
55 34
55 38
55 45
55 46
55 47
55 48
55 49
55 50
55 51
55 54
55 56
55 57
55 60
55 61
55 64
55 69
55 70
55 71
55 72
55 75
55 77
55 80
55 88
55 90
55 91
55 95
55 100
55 101
55 102
55 105
55 111
55 112
55 113
55 114
55 116
55 119
55 120
55 123
55 124
55 126
55 127
56 3
56 4
56 8
56 9
56 12
56 15
56 17
56 20
56 23
56 29
56 31
56 37
56 38
56 39
56 40
56 46
56 47
56 48
56 51
56 56
56 60
56 61
56 62
56 67
56 68
56 70
56 81
56 97
56 99
56 100
56 114
56 119
56 123
56 125
56 126
57 0
57 10
57 14
57 19
57 21
57 22
57 23
57 26
57 28
57 32
57 34
57 36
57 38
57 41
57 42
57 45
57 48
57 53
57 55
57 59
57 65
57 67
57 69
57 76
57 77
57 86
57 89
57 92
57 95
57 96
57 99
57 101
57 102
57 103
57 106
57 111
57 114
57 116
57 127
58 2
58 3
58 4
58 5
58 16
58 27
58 29
58 32
58 36
58 40
58 46
58 47
58 49
58 50
58 51
58 52
58 56
58 60
58 67
58 69
58 72
58 73
58 78
58 79
58 81
58 83
58 84
58 88
58 92
58 96
58 102
58 103
58 107
58 114
58 119
58 124
59 0
59 3
59 5
59 7
59 11
59 16
59 22
59 23
59 24
59 25
59 26
59 38
59 39
59 48
59 50
59 53
59 58
59 59
59 68
59 69
59 70
59 72
59 73
59 79
59 85
59 95
59 101
59 106
59 111
59 112
59 116
59 117
59 120
59 121
59 123
59 125
60 2
60 3
60 5
60 6
60 10
60 13
60 14
60 18
60 22
60 26
60 35
60 38
60 42
60 49
60 52
60 54
60 58
60 59
60 60
60 61
60 62
60 64
60 68
60 71
60 78
60 84
60 85
60 95
60 97
60 106
60 107
60 108
60 114
60 117
60 118
60 120
60 122
60 123
61 5
61 6
61 9
61 12
61 14
61 15
61 19
61 20
61 22
61 26
61 27
61 28
61 32
61 36
61 40
61 44
61 45
61 47
61 51
61 54
61 62
61 65
61 66
61 68
61 69
61 71
61 73
61 80
61 81
61 83
61 87
61 95
61 104
61 105
61 110
61 114
61 115
61 116
61 119
61 120
61 122
61 125
61 126
61 127
62 1
62 4
62 5
62 6
62 8
62 9
62 10
62 14
62 16
62 17
62 18
62 22
62 23
62 38
62 40
62 41
62 44
62 45
62 46
62 49
62 50
62 51
62 55
62 63
62 66
62 69
62 73
62 75
62 76
62 78
62 79
62 84
62 88
62 89
62 94
62 96
62 97
62 102
62 103
62 106
62 119
62 123
62 127
63 3
63 4
63 11
63 12
63 13
63 14
63 19
63 20
63 23
63 34
63 35
63 36
63 38
63 46
63 52
63 55
63 56
63 57
63 58
63 71
63 77
63 89
63 95
63 98
63 99
63 100
63 101
63 107
63 108
63 109
63 111
63 113
63 119
63 123
64 0
64 4
64 7
64 14
64 20
64 25
64 26
64 28
64 30
64 33
64 38
64 45
64 46
64 51
64 53
64 55
64 58
64 59
64 63
64 68
64 71
64 72
64 75
64 77
64 80
64 85
64 87
64 91
64 94
64 95
64 97
64 110
64 111
64 114
64 118
64 120
65 4
65 6
65 10
65 13
65 18
65 20
65 24
65 27
65 29
65 31
65 33
65 36
65 41
65 42
65 45
65 49
65 51
65 52
65 56
65 58
65 59
65 65
65 66
65 68
65 83
65 84
65 90
65 92
65 93
65 95
65 96
65 99
65 105
65 106
65 107
65 117
65 118
65 122
65 124
66 2
66 8
66 11
66 12
66 15
66 17
66 22
66 23
66 25
66 28
66 29
66 30
66 31
66 32
66 34
66 38
66 44
66 48
66 51
66 54
66 55
66 57
66 62
66 63
66 64
66 67
66 68
66 72
66 73
66 79
66 91
66 95
66 99
66 100
66 101
66 104
66 105
66 108
66 112
66 116
66 121
66 127
67 7
67 8
67 9
67 10
67 19
67 25
67 34
67 35
67 38
67 39
67 40
67 43
67 52
67 55
67 62
67 66
67 68
67 75
67 83
67 85
67 86
67 87
67 92
67 97
67 99
67 106
67 108
67 111
67 114
67 120
68 1
68 5
68 11
68 12
68 13
68 15
68 16
68 21
68 22
68 26
68 36
68 41
68 45
68 48
68 51
68 55
68 57
68 59
68 60
68 61
68 63
68 64
68 67
68 72
68 73
68 74
68 77
68 78
68 79
68 80
68 81
68 83
68 84
68 88
68 92
68 94
68 95
68 97
68 105
68 106
68 107
68 117
68 122
68 127
69 1
69 2
69 6
69 17
69 25
69 26
69 29
69 33
69 47
69 48
69 50
69 51
69 52
69 53
69 55
69 57
69 58
69 65
69 67
69 72
69 76
69 82
69 85
69 88
69 89
69 90
69 99
69 101
69 104
69 109
69 111
69 112
69 121
70 0
70 1
70 6
70 7
70 13
70 15
70 18
70 20
70 22
70 28
70 29
70 31
70 32
70 33
70 36
70 38
70 40
70 41
70 42
70 46
70 48
70 51
70 52
70 55
70 58
70 69
70 75
70 82
70 85
70 87
70 88
70 97
70 102
70 103
70 115
70 118
70 119
70 121
70 122
70 127
71 0
71 3
71 4
71 5
71 9
71 24
71 25
71 27
71 28
71 31
71 36
71 37
71 41
71 43
71 48
71 49
71 58
71 63
71 73
71 74
71 83
71 88
71 96
71 102
71 105
71 108
71 110
71 119
71 121
71 124
71 126
71 127
72 8
72 9
72 14
72 16
72 19
72 21
72 24
72 25
72 33
72 34
72 36
72 38
72 41
72 47
72 48
72 51
72 52
72 55
72 57
72 58
72 59
72 60
72 66
72 68
72 72
72 78
72 79
72 87
72 91
72 92
72 98
72 102
72 103
72 104
72 106
72 107
72 111
72 112
72 113
72 118
72 120
73 2
73 10
73 16
73 17
73 21
73 23
73 33
73 37
73 38
73 40
73 42
73 48
73 50
73 52
73 58
73 59
73 64
73 69
73 71
73 72
73 74
73 82
73 91
73 93
73 94
73 97
73 105
73 109
73 110
73 111
73 112
73 114
73 116
73 117
74 1
74 4
74 5
74 7
74 8
74 9
74 10
74 16
74 17
74 18
74 22
74 23
74 27
74 34
74 40
74 41
74 42
74 43
74 44
74 45
74 50
74 51
74 56
74 60
74 66
74 67
74 75
74 80
74 83
74 84
74 87
74 90
74 91
74 97
74 99
74 102
74 104
74 105
74 106
74 111
74 114
74 115
74 123
74 126
75 3
75 5
75 7
75 9
75 11
75 12
75 13
75 18
75 20
75 26
75 33
75 34
75 39
75 42
75 44
75 47
75 48
75 50
75 61
75 65
75 67
75 70
75 75
75 78
75 84
75 85
75 87
75 91
75 92
75 100
75 101
75 102
75 104
75 107
75 108
75 111
75 113
75 115
75 117
75 118
75 119
75 120
75 125
75 127
76 2
76 4
76 8
76 15
76 16
76 17
76 19
76 20
76 28
76 32
76 35
76 39
76 40
76 43
76 45
76 47
76 48
76 52
76 59
76 60
76 65
76 67
76 68
76 71
76 72
76 78
76 85
76 87
76 89
76 91
76 92
76 96
76 100
76 104
76 112
76 113
76 114
76 116
76 121
76 123
76 125
76 126
77 2
77 3
77 8
77 12
77 17
77 20
77 22
77 25
77 30
77 37
77 47
77 49
77 52
77 56
77 59
77 60
77 66
77 67
77 72
77 74
77 75
77 76
77 83
77 86
77 94
77 106
77 109
77 110
77 119
77 122
77 123
78 2
78 7
78 8
78 9
78 12
78 13
78 14
78 20
78 24
78 25
78 29
78 37
78 41
78 47
78 48
78 50
78 51
78 52
78 54
78 58
78 66
78 73
78 77
78 78
78 83
78 91
78 95
78 101
78 102
78 103
78 105
78 107
78 110
78 119
78 120
78 124
78 127
79 8
79 12
79 13
79 26
79 28
79 33
79 34
79 42
79 48
79 51
79 52
79 58
79 68
79 69
79 70
79 78
79 81
79 85
79 88
79 90
79 92
79 93
79 96
79 103
79 106
79 116
79 119
79 123
79 125
79 127
80 0
80 1
80 7
80 8
80 12
80 13
80 15
80 22
80 25
80 30
80 34
80 35
80 36
80 37
80 38
80 41
80 46
80 50
80 58
80 64
80 73
80 79
80 85
80 89
80 91
80 95
80 100
80 101
80 104
80 106
80 113
80 115
80 118
80 123
80 127
81 1
81 7
81 9
81 11
81 12
81 13
81 17
81 24
81 28
81 31
81 36
81 38
81 43
81 52
81 54
81 56
81 59
81 60
81 62
81 65
81 67
81 68
81 69
81 70
81 76
81 79
81 84
81 88
81 98
81 106
81 110
82 6
82 7
82 10
82 12
82 15
82 16
82 19
82 21
82 24
82 28
82 29
82 33
82 37
82 38
82 39
82 41
82 43
82 46
82 47
82 49
82 59
82 61
82 62
82 67
82 70
82 74
82 82
82 83
82 84
82 87
82 88
82 90
82 91
82 93
82 103
82 105
82 106
82 107
82 108
82 110
82 111
82 115
82 119
83 1
83 2
83 8
83 10
83 16
83 19
83 24
83 26
83 28
83 29
83 31
83 34
83 43
83 48
83 55
83 64
83 71
83 73
83 76
83 77
83 78
83 80
83 90
83 92
83 93
83 95
83 97
83 102
83 103
83 105
83 106
83 107
83 108
83 114
83 116
83 119
83 120
83 121
83 122
83 123
84 2
84 3
84 6
84 8
84 9
84 11
84 12
84 16
84 17
84 32
84 33
84 34
84 43
84 44
84 45
84 46
84 47
84 52
84 53
84 55
84 58
84 61
84 63
84 68
84 69
84 70
84 71
84 73
84 74
84 75
84 77
84 79
84 81
84 83
84 85
84 94
84 95
84 96
84 98
84 100
84 104
84 107
84 119
84 121
84 122
84 124
84 125
85 0
85 3
85 8
85 9
85 14
85 17
85 24
85 27
85 29
85 31
85 32
85 36
85 38
85 54
85 60
85 64
85 66
85 67
85 73
85 78
85 82
85 83
85 84
85 85
85 87
85 88
85 89
85 100
85 102
85 106
85 107
85 110
85 112
85 114
85 120
85 121
86 3
86 6
86 11
86 14
86 16
86 21
86 22
86 23
86 31
86 35
86 42
86 43
86 44
86 52
86 53
86 64
86 66
86 72
86 74
86 78
86 79
86 81
86 83
86 84
86 85
86 87
86 94
86 96
86 97
86 98
86 102
86 107
86 112
86 121
86 122
86 123
86 124
86 126
87 0
87 4
87 5
87 6
87 11
87 13
87 16
87 17
87 19
87 21
87 24
87 25
87 30
87 33
87 37
87 38
87 40
87 42
87 58
87 60
87 66
87 71
87 80
87 82
87 86
87 87
87 94
87 95
87 97
87 99
87 108
87 111
87 112
87 117
87 118
87 122
87 123
87 124
88 0
88 4
88 6
88 7
88 13
88 15
88 28
88 30
88 35
88 36
88 40
88 43
88 48
88 49
88 52
88 55
88 56
88 57
88 59
88 63
88 67
88 70
88 79
88 84
88 90
88 91
88 92
88 102
88 103
88 105
88 107
88 108
88 109
88 114
88 116
88 117
88 118
88 121
88 126
89 1
89 3
89 5
89 6
89 9
89 10
89 15
89 16
89 25
89 27
89 28
89 29
89 40
89 50
89 51
89 54
89 56
89 57
89 58
89 67
89 68
89 69
89 73
89 74
89 75
89 80
89 82
89 87
89 88
89 92
89 94
89 96
89 99
89 102
89 110
89 111
89 115
89 116
89 117
89 120
89 123
90 0
90 2
90 3
90 4
90 7
90 18
90 20
90 21
90 28
90 31
90 34
90 36
90 38
90 42
90 44
90 46
90 48
90 54
90 56
90 60
90 63
90 68
90 70
90 76
90 77
90 80
90 82
90 84
90 88
90 94
90 101
90 110
90 112
90 113
90 114
90 116
90 117
90 119
90 120
90 121
90 123
90 126
91 0
91 3
91 6
91 9
91 12
91 13
91 18
91 19
91 26
91 28
91 30
91 32
91 37
91 40
91 41
91 47
91 48
91 51
91 56
91 62
91 64
91 65
91 70
91 72
91 78
91 81
91 83
91 85
91 86
91 87
91 91
91 92
91 104
91 107
91 108
91 115
91 122
91 124
91 125
92 0
92 3
92 9
92 15
92 16
92 17
92 25
92 30
92 32
92 35
92 42
92 43
92 44
92 48
92 50
92 55
92 56
92 60
92 64
92 66
92 67
92 75
92 82
92 88
92 89
92 91
92 97
92 99
92 105
92 107
92 110
92 113
92 117
92 118
92 120
92 122
92 126
92 127
93 13
93 14
93 19
93 23
93 25
93 30
93 31
93 36
93 43
93 44
93 48
93 49
93 50
93 58
93 60
93 73
93 78
93 80
93 83
93 84
93 91
93 96
93 98
93 102
93 103
93 105
93 106
93 107
93 110
93 113
93 114
93 116
93 120
94 1
94 9
94 10
94 14
94 16
94 18
94 23
94 30
94 36
94 38
94 42
94 43
94 46
94 48
94 55
94 59
94 63
94 64
94 65
94 68
94 73
94 78
94 81
94 82
94 86
94 87
94 88
94 93
94 96
94 99
94 102
94 107
94 111
94 112
94 119
94 120
94 122
94 124
95 10
95 14
95 16
95 17
95 28
95 30
95 35
95 36
95 37
95 40
95 44
95 50
95 53
95 56
95 58
95 59
95 63
95 64
95 66
95 67
95 68
95 81
95 82
95 85
95 93
95 96
95 105
95 113
95 116
95 118
95 119
95 122
95 126
95 127
96 2
96 4
96 9
96 14
96 15
96 19
96 20
96 21
96 22
96 24
96 25
96 30
96 35
96 38
96 39
96 45
96 46
96 50
96 64
96 65
96 74
96 75
96 76
96 77
96 78
96 83
96 88
96 92
96 98
96 100
96 115
96 116
96 118
96 127
97 6
97 7
97 8
97 9
97 16
97 17
97 18
97 19
97 20
97 28
97 29
97 35
97 36
97 39
97 54
97 57
97 58
97 61
97 65
97 66
97 68
97 69
97 70
97 71
97 73
97 75
97 76
97 78
97 79
97 80
97 89
97 91
97 92
97 93
97 113
97 117
97 119
97 124
97 125
97 127
98 2
98 6
98 13
98 14
98 20
98 22
98 32
98 34
98 36
98 38
98 46
98 49
98 52
98 54
98 55
98 58
98 62
98 64
98 68
98 78
98 81
98 83
98 84
98 98
98 104
98 108
98 115
98 116
98 117
98 127
99 0
99 2
99 6
99 11
99 13
99 19
99 21
99 22
99 23
99 24
99 36
99 42
99 44
99 49
99 52
99 53
99 54
99 56
99 65
99 66
99 71
99 73
99 75
99 77
99 79
99 82
99 90
99 92
99 97
99 101
99 102
99 103
99 105
99 106
99 108
99 111
99 115
99 118
99 121
99 122
100 1
100 3
100 9
100 10
100 11
100 12
100 17
100 18
100 20
100 21
100 25
100 26
100 27
100 29
100 30
100 31
100 34
100 36
100 37
100 38
100 41
100 44
100 49
100 52
100 56
100 58
100 60
100 62
100 64
100 66
100 67
100 86
100 87
100 89
100 98
100 99
100 100
100 103
100 105
100 106
100 108
100 113
100 116
100 117
100 118
100 121
100 124
101 0
101 3
101 4
101 6
101 9
101 10
101 11
101 15
101 17
101 18
101 23
101 26
101 29
101 32
101 35
101 39
101 41
101 44
101 48
101 50
101 51
101 56
101 57
101 58
101 62
101 72
101 74
101 75
101 77
101 82
101 90
101 91
101 92
101 99
101 100
101 101
101 102
101 103
101 104
101 109
101 117
101 119
101 124
101 125
102 4
102 20
102 21
102 31
102 40
102 45
102 52
102 53
102 57
102 62
102 63
102 64
102 65
102 66
102 83
102 84
102 85
102 88
102 90
102 94
102 96
102 100
102 103
102 106
102 112
102 113
102 123
103 0
103 5
103 9
103 12
103 16
103 20
103 27
103 28
103 29
103 30
103 34
103 39
103 43
103 45
103 46
103 51
103 58
103 59
103 61
103 64
103 67
103 68
103 70
103 72
103 74
103 77
103 79
103 82
103 84
103 85
103 87
103 89
103 102
103 109
103 110
103 111
103 121
103 123
103 124
103 125
103 126
103 127
104 4
104 5
104 6
104 8
104 10
104 17
104 25
104 27
104 28
104 30
104 31
104 34
104 40
104 41
104 44
104 52
104 53
104 54
104 57
104 59
104 69
104 74
104 76
104 79
104 83
104 89
104 90
104 93
104 96
104 99
104 101
104 104
104 106
104 116
104 119
104 123
104 125
104 127
105 2
105 4
105 5
105 9
105 10
105 14
105 24
105 29
105 31
105 38
105 39
105 44
105 45
105 46
105 47
105 52
105 54
105 58
105 65
105 67
105 77
105 78
105 80
105 81
105 92
105 93
105 94
105 98
105 103
105 104
105 105
105 108
105 109
105 114
105 116
105 117
105 119
105 123
106 2
106 4
106 7
106 8
106 11
106 18
106 21
106 37
106 39
106 40
106 42
106 49
106 50
106 53
106 57
106 59
106 60
106 64
106 66
106 70
106 73
106 82
106 90
106 95
106 102
106 104
106 107
106 108
106 109
106 110
106 112
106 113
106 120
106 123
106 124
106 126
106 127
107 0
107 1
107 3
107 5
107 6
107 9
107 20
107 21
107 24
107 26
107 27
107 34
107 35
107 36
107 42
107 43
107 44
107 46
107 48
107 51
107 55
107 58
107 59
107 60
107 61
107 70
107 77
107 87
107 91
107 92
107 93
107 94
107 99
107 101
107 103
107 106
107 108
107 113
107 114
107 116
107 120
107 124
107 125
107 126
107 127
108 5
108 7
108 8
108 12
108 13
108 15
108 19
108 26
108 27
108 33
108 36
108 40
108 43
108 47
108 50
108 52
108 54
108 55
108 64
108 67
108 69
108 73
108 80
108 82
108 88
108 89
108 90
108 91
108 93
108 103
108 105
108 106
108 108
108 111
108 113
108 116
108 123
109 1
109 4
109 5
109 9
109 12
109 15
109 16
109 17
109 20
109 23
109 25
109 26
109 27
109 28
109 34
109 35
109 36
109 37
109 46
109 53
109 55
109 62
109 64
109 67
109 70
109 73
109 81
109 82
109 84
109 88
109 93
109 94
109 95
109 97
109 106
109 107
109 108
109 112
109 115
109 116
109 118
109 119
109 124
110 0
110 1
110 2
110 5
110 9
110 12
110 16
110 17
110 21
110 23
110 32
110 33
110 37
110 39
110 42
110 44
110 47
110 48
110 49
110 50
110 51
110 55
110 56
110 63
110 64
110 66
110 68
110 72
110 73
110 89
110 92
110 96
110 100
110 104
110 105
110 106
110 107
110 109
110 111
110 112
110 126
111 1
111 5
111 8
111 15
111 17
111 18
111 26
111 28
111 30
111 36
111 37
111 41
111 42
111 44
111 48
111 50
111 53
111 55
111 56
111 61
111 63
111 67
111 72
111 76
111 77
111 78
111 79
111 80
111 83
111 85
111 88
111 89
111 91
111 93
111 95
111 98
111 106
111 107
111 109
111 111
111 112
111 122
112 4
112 5
112 6
112 11
112 13
112 17
112 28
112 30
112 33
112 34
112 35
112 39
112 40
112 48
112 50
112 54
112 57
112 58
112 59
112 61
112 65
112 67
112 68
112 69
112 70
112 71
112 74
112 78
112 80
112 94
112 97
112 101
112 109
112 117
112 127
113 8
113 14
113 15
113 22
113 23
113 27
113 30
113 31
113 41
113 43
113 49
113 50
113 51
113 54
113 57
113 59
113 64
113 71
113 73
113 76
113 83
113 84
113 95
113 97
113 98
113 104
113 105
113 110
113 114
113 115
113 121
113 124
113 125
113 126
114 0
114 1
114 3
114 5
114 11
114 14
114 16
114 19
114 25
114 28
114 32
114 37
114 41
114 44
114 51
114 56
114 57
114 59
114 60
114 66
114 73
114 83
114 84
114 88
114 90
114 97
114 99
114 100
114 103
114 106
114 109
114 110
114 121
114 122
114 123
114 125
114 126
115 17
115 19
115 21
115 23
115 24
115 29
115 35
115 39
115 45
115 47
115 50
115 62
115 66
115 70
115 73
115 78
115 81
115 82
115 83
115 87
115 88
115 91
115 98
115 112
115 118
115 121
115 127
116 2
116 7
116 8
116 14
116 15
116 19
116 22
116 26
116 29
116 30
116 35
116 37
116 38
116 40
116 41
116 45
116 48
116 50
116 53
116 54
116 65
116 69
116 73
116 76
116 79
116 81
116 82
116 86
116 87
116 88
116 92
116 95
116 97
116 100
116 102
116 107
116 110
116 113
116 117
116 121
116 123
117 2
117 3
117 15
117 18
117 19
117 28
117 30
117 31
117 33
117 36
117 37
117 41
117 42
117 44
117 50
117 61
117 62
117 64
117 65
117 68
117 69
117 77
117 80
117 82
117 85
117 87
117 91
117 94
117 106
117 112
117 113
117 116
117 120
117 122
117 124
117 125
118 0
118 7
118 29
118 31
118 32
118 36
118 40
118 44
118 46
118 53
118 57
118 59
118 61
118 62
118 63
118 67
118 68
118 69
118 71
118 73
118 75
118 76
118 91
118 95
118 97
118 99
118 105
118 106
118 108
118 109
118 110
118 111
118 116
118 118
118 119
118 124
118 126
119 4
119 11
119 13
119 18
119 19
119 21
119 31
119 33
119 37
119 38
119 39
119 45
119 47
119 49
119 50
119 53
119 58
119 59
119 60
119 62
119 65
119 66
119 70
119 71
119 72
119 76
119 77
119 78
119 84
119 85
119 86
119 91
119 94
119 95
119 96
119 99
119 103
119 105
119 122
119 123
119 124
120 4
120 6
120 8
120 12
120 13
120 16
120 21
120 33
120 35
120 38
120 40
120 41
120 43
120 45
120 50
120 51
120 52
120 63
120 67
120 68
120 69
120 72
120 74
120 75
120 82
120 83
120 86
120 87
120 89
120 94
120 98
120 102
120 103
120 104
120 111
120 116
120 119
120 120
120 122
121 0
121 1
121 16
121 24
121 28
121 29
121 33
121 36
121 39
121 45
121 47
121 50
121 55
121 56
121 60
121 66
121 67
121 72
121 74
121 79
121 80
121 91
121 92
121 93
121 95
121 97
121 99
121 100
121 102
121 103
121 108
121 110
121 112
121 115
121 117
121 120
121 121
121 122
121 125
122 3
122 8
122 9
122 14
122 15
122 16
122 17
122 18
122 19
122 20
122 23
122 24
122 37
122 38
122 40
122 44
122 53
122 56
122 63
122 69
122 72
122 73
122 75
122 83
122 85
122 88
122 98
122 102
122 107
122 112
122 117
122 118
122 119
122 125
122 127
123 12
123 15
123 18
123 24
123 26
123 31
123 41
123 46
123 47
123 49
123 51
123 54
123 55
123 56
123 64
123 66
123 69
123 70
123 72
123 75
123 76
123 78
123 82
123 83
123 84
123 87
123 89
123 90
123 97
123 106
123 108
123 116
123 118
123 120
123 121
123 123
123 126
124 1
124 3
124 5
124 8
124 15
124 16
124 17
124 18
124 20
124 22
124 24
124 27
124 40
124 43
124 47
124 49
124 50
124 53
124 55
124 58
124 59
124 67
124 71
124 73
124 78
124 80
124 83
124 84
124 85
124 86
124 87
124 90
124 92
124 94
124 98
124 105
124 108
124 110
124 111
124 116
124 118
124 120
124 127
125 0
125 5
125 11
125 13
125 15
125 18
125 19
125 22
125 23
125 27
125 32
125 33
125 35
125 38
125 39
125 42
125 54
125 56
125 61
125 68
125 71
125 72
125 73
125 75
125 79
125 80
125 87
125 89
125 90
125 102
125 109
125 110
125 113
125 127
126 3
126 8
126 10
126 14
126 17
126 18
126 21
126 22
126 24
126 26
126 30
126 33
126 42
126 43
126 44
126 46
126 47
126 52
126 63
126 70
126 72
126 73
126 74
126 76
126 77
126 78
126 80
126 81
126 88
126 91
126 96
126 106
126 109
126 113
126 115
126 116
126 118
126 125
126 127
127 0
127 3
127 11
127 13
127 14
127 17
127 18
127 19
127 20
127 22
127 26
127 28
127 29
127 30
127 35
127 36
127 38
127 42
127 43
127 54
127 60
127 68
127 69
127 70
127 71
127 74
127 79
127 82
127 84
127 88
127 94
127 95
127 99
127 100
127 102
127 104
127 108
127 111
127 119
127 125
