0 12
0 13
0 15
0 17
0 36
0 37
0 54
0 87
0 109
0 115
0 116
0 118
1 26
1 43
1 67
1 73
1 77
1 85
1 98
1 123
2 6
2 24
2 27
2 53
2 56
2 64
2 69
2 100
2 102
2 107
2 119
3 4
3 15
3 16
3 21
3 23
3 39
3 41
3 47
3 57
3 65
3 89
3 95
3 99
4 6
4 7
4 11
4 14
4 19
4 40
4 43
4 48
4 58
4 59
4 65
4 68
4 74
4 82
4 85
4 87
4 97
4 104
4 108
5 9
5 13
5 14
5 15
5 20
5 45
5 52
5 87
5 104
5 124
5 126
6 1
6 5
6 6
6 24
6 37
6 42
6 55
6 62
6 95
6 113
7 7
7 8
7 14
7 15
7 45
7 50
7 71
7 73
7 89
7 99
7 102
7 118
7 120
7 123
8 2
8 9
8 38
8 44
8 54
8 59
8 63
8 68
8 83
8 93
8 114
8 115
8 118
8 121
9 11
9 13
9 25
9 29
9 30
9 31
9 44
9 72
9 77
9 98
9 102
10 4
10 9
10 20
10 33
10 34
10 37
10 38
10 40
10 64
10 65
10 68
10 71
10 73
10 75
10 85
10 95
10 110
10 120
11 6
11 12
11 24
11 30
11 57
11 59
11 60
11 63
11 70
11 71
11 73
11 79
11 81
11 88
11 89
11 93
11 94
11 105
11 109
11 126
12 1
12 7
12 13
12 15
12 26
12 58
12 75
12 89
12 97
13 17
13 28
13 42
13 58
13 66
13 101
13 109
13 111
13 113
13 119
13 121
14 2
14 10
14 26
14 32
14 41
14 60
14 61
14 67
14 70
14 77
14 86
14 89
14 92
14 94
14 111
14 125
15 20
15 21
15 38
15 48
15 55
15 60
15 69
15 74
15 77
15 112
15 114
16 0
16 7
16 18
16 19
16 51
16 83
16 89
16 98
16 109
16 113
17 3
17 4
17 13
17 19
17 28
17 29
17 30
17 32
17 37
17 44
17 45
17 56
17 58
17 65
17 82
17 84
17 106
17 110
17 116
17 119
17 122
17 127
18 2
18 4
18 9
18 14
18 19
18 21
18 30
18 31
18 40
18 45
18 61
18 62
18 73
18 75
18 81
18 96
18 119
18 120
18 122
19 11
19 14
19 48
19 52
19 56
19 75
19 91
19 95
19 98
19 105
19 115
20 1
20 9
20 26
20 43
20 71
20 72
20 79
20 85
20 93
20 110
20 121
21 0
21 3
21 8
21 13
21 29
21 34
21 38
21 51
21 71
21 104
22 14
22 16
22 19
22 21
22 29
22 44
22 47
22 48
22 70
22 72
22 84
22 88
22 103
22 123
23 1
23 10
23 12
23 62
23 72
23 78
23 89
23 92
23 94
23 110
23 115
23 117
23 124
24 8
24 34
24 40
24 44
24 48
24 58
24 60
24 68
24 70
24 72
24 100
24 108
24 121
25 14
25 18
25 24
25 30
25 32
25 47
25 49
25 58
25 79
25 80
25 88
25 93
25 99
25 115
25 119
26 5
26 37
26 38
26 42
26 55
26 65
26 66
26 74
26 75
26 81
26 82
26 96
26 97
26 110
26 124
27 4
27 51
27 55
27 68
27 73
27 78
27 81
27 82
27 87
27 90
27 91
27 101
27 105
27 112
27 120
28 0
28 15
28 26
28 30
28 60
28 65
28 94
28 119
28 126
29 5
29 19
29 29
29 31
29 44
29 45
29 50
29 59
29 62
29 63
29 64
29 86
29 93
29 116
29 127
30 9
30 11
30 26
30 76
30 78
30 90
30 92
30 96
30 114
31 33
31 37
31 42
31 43
31 53
31 59
31 65
31 69
31 70
31 72
31 103
31 108
31 112
32 9
32 16
32 18
32 28
32 40
32 46
32 49
32 51
32 79
32 80
32 83
32 100
32 122
33 12
33 23
33 33
33 34
33 37
33 54
33 67
33 73
33 74
33 82
33 98
33 99
33 105
33 112
33 118
34 1
34 2
34 6
34 22
34 24
34 35
34 58
34 64
34 72
34 121
35 2
35 5
35 16
35 34
35 46
35 53
35 59
35 60
35 64
35 103
35 107
35 121
36 2
36 7
36 16
36 18
36 19
36 23
36 27
36 42
36 61
36 63
36 68
36 90
36 105
36 111
36 113
36 119
36 125
37 8
37 26
37 30
37 31
37 33
37 34
37 46
37 61
37 69
37 76
37 89
37 93
37 121
37 124
37 127
38 5
38 7
38 23
38 44
38 45
38 46
38 48
38 78
38 84
38 106
38 112
38 120
38 122
39 15
39 23
39 39
39 44
39 50
39 56
39 61
39 62
39 64
39 65
39 73
39 76
39 83
39 84
39 95
39 99
39 106
39 107
40 20
40 50
40 53
40 67
40 68
40 78
40 79
40 86
40 87
40 89
40 91
40 93
40 107
40 109
41 6
41 22
41 29
41 39
41 54
41 55
41 73
41 78
41 88
41 126
41 127
42 3
42 12
42 21
42 28
42 38
42 62
42 66
42 70
42 83
42 90
42 121
43 1
43 34
43 36
43 44
43 45
43 58
43 79
43 94
43 96
43 98
43 114
43 119
43 124
43 126
44 2
44 12
44 25
44 37
44 47
44 61
44 68
44 85
44 90
44 94
44 102
44 106
44 111
44 123
45 26
45 35
45 54
45 58
45 61
45 91
45 94
45 106
45 110
45 120
46 2
46 25
46 26
46 30
46 34
46 84
46 103
46 106
46 119
47 4
47 15
47 41
47 43
47 47
47 48
47 53
47 110
47 112
47 113
48 19
48 30
48 32
48 33
48 44
48 60
48 84
48 89
48 95
48 97
48 99
48 123
49 0
49 48
49 55
49 74
49 83
49 108
49 118
49 120
49 123
49 125
50 17
50 18
50 23
50 74
50 76
50 82
50 83
50 88
50 99
50 101
50 105
50 118
50 122
50 123
50 125
51 12
51 15
51 21
51 24
51 30
51 46
51 48
51 51
51 81
51 102
52 12
52 16
52 56
52 66
52 67
52 69
52 75
52 90
52 98
52 102
52 103
52 104
52 107
52 113
52 114
52 117
52 121
52 123
53 11
53 13
53 22
53 23
53 37
53 49
53 50
53 51
53 55
53 60
53 64
53 65
53 97
53 109
54 8
54 16
54 23
54 44
54 57
54 67
54 68
54 75
54 76
54 79
54 84
54 85
54 89
54 98
54 103
54 109
54 111
54 118
55 5
55 18
55 32
55 34
55 36
55 51
55 65
55 66
55 69
55 70
55 80
55 89
55 97
55 113
56 0
56 9
56 28
56 32
56 43
56 53
56 90
56 102
56 117
56 118
56 124
57 26
57 33
57 52
57 55
57 66
57 73
57 80
57 85
57 96
57 108
57 113
57 120
57 125
57 127
58 27
58 51
58 65
58 73
58 80
58 81
58 110
59 0
59 2
59 6
59 31
59 35
59 54
59 64
59 79
59 83
59 88
59 96
59 104
59 115
59 121
60 1
60 7
60 9
60 12
60 30
60 41
60 88
60 114
60 119
61 6
61 7
61 17
61 38
61 55
61 62
61 63
61 65
61 70
61 89
61 94
61 95
61 109
61 113
61 126
62 9
62 17
62 18
62 27
62 29
62 32
62 64
62 72
62 74
62 86
62 93
62 102
62 118
62 122
63 2
63 3
63 13
63 18
63 21
63 28
63 31
63 55
63 60
63 62
63 67
63 74
63 85
63 88
63 92
63 94
63 99
63 104
63 121
63 127
64 6
64 19
64 35
64 38
64 51
64 56
64 63
64 69
64 98
64 111
64 118
64 127
65 3
65 18
65 36
65 39
65 50
65 52
65 59
65 63
65 72
65 74
65 93
65 96
65 112
66 4
66 14
66 23
66 26
66 37
66 62
66 74
66 81
66 82
66 86
66 106
66 119
67 10
67 28
67 31
67 50
67 51
67 55
67 62
67 65
67 67
67 81
67 82
67 92
67 93
67 99
67 103
67 115
67 119
68 5
68 9
68 14
68 16
68 17
68 23
68 25
68 35
68 63
68 71
68 78
68 93
68 98
68 102
68 109
68 115
68 120
68 127
69 4
69 13
69 21
69 46
69 57
69 58
69 62
69 64
69 65
69 79
69 98
69 100
69 102
70 16
70 42
70 57
70 69
70 71
70 101
70 107
70 115
70 117
71 0
71 3
71 5
71 18
71 61
71 89
71 104
71 118
72 6
72 7
72 11
72 24
72 26
72 33
72 43
72 44
72 50
72 61
72 77
72 88
72 108
72 116
73 28
73 31
73 36
73 61
73 62
73 96
73 98
73 117
73 125
74 12
74 16
74 24
74 32
74 42
74 48
74 51
74 52
74 63
74 67
74 68
74 78
74 86
74 90
74 98
75 2
75 29
75 47
75 51
75 53
75 66
75 71
75 74
75 78
75 80
75 108
75 126
76 9
76 18
76 21
76 57
76 60
76 75
76 80
76 112
76 116
77 2
77 21
77 25
77 26
77 34
77 40
77 50
77 54
77 60
77 61
77 63
77 85
77 120
78 15
78 27
78 34
78 41
78 49
78 56
78 68
78 72
78 78
78 80
78 90
78 117
78 124
79 1
79 10
79 15
79 17
79 24
79 27
79 35
79 40
79 42
79 81
79 85
79 102
79 109
79 124
79 127
80 7
80 21
80 30
80 34
80 45
80 60
80 63
80 70
80 108
80 126
81 0
81 2
81 9
81 35
81 40
81 43
81 60
81 80
81 84
81 99
81 118
82 9
82 11
82 16
82 29
82 34
82 36
82 39
82 47
82 55
82 77
82 92
82 93
82 102
82 109
83 27
83 30
83 40
83 45
83 51
83 62
83 64
83 86
83 91
83 92
83 104
83 106
83 124
84 3
84 11
84 22
84 31
84 32
84 42
84 51
84 54
84 59
84 65
84 67
84 74
84 84
85 3
85 27
85 32
85 40
85 41
85 42
85 45
85 52
85 54
85 56
85 64
85 66
85 74
85 81
85 84
85 95
85 108
86 7
86 38
86 39
86 49
86 62
86 68
86 72
86 75
86 79
86 97
86 101
86 117
87 4
87 35
87 45
87 46
87 62
87 70
87 80
87 85
87 90
87 118
88 15
88 27
88 35
88 40
88 52
88 59
88 86
88 110
88 116
88 123
89 2
89 14
89 35
89 36
89 37
89 39
89 51
89 52
89 53
89 58
89 59
89 62
89 78
89 83
89 87
89 88
89 89
89 95
89 104
89 123
90 6
90 15
90 45
90 51
90 55
90 56
90 84
90 98
90 109
90 116
90 117
90 121
91 10
91 11
91 30
91 31
91 67
91 69
91 81
91 84
91 92
91 94
91 112
91 116
91 123
91 125
92 12
92 25
92 53
92 61
92 74
92 79
92 86
92 96
92 111
92 115
92 125
93 8
93 11
93 12
93 14
93 35
93 48
93 56
93 59
93 74
93 79
93 91
93 113
93 122
93 123
93 125
94 32
94 35
94 40
94 50
94 53
94 56
94 57
94 75
94 90
94 94
94 107
94 121
95 0
95 34
95 35
95 95
95 114
96 1
96 2
96 6
96 27
96 32
96 63
96 66
96 73
96 74
96 88
96 104
96 107
97 10
97 29
97 31
97 49
97 50
97 54
97 67
97 74
97 85
97 96
97 109
97 122
98 12
98 41
98 52
98 57
98 69
98 70
98 94
98 95
98 103
98 124
99 8
99 12
99 20
99 21
99 42
99 46
99 74
99 76
99 77
99 83
99 102
99 104
99 105
99 106
99 118
100 17
100 21
100 22
100 23
100 50
100 83
100 85
100 99
100 126
101 6
101 12
101 42
101 48
101 52
101 56
101 57
101 65
101 68
101 72
101 73
101 96
101 111
101 122
102 0
102 11
102 21
102 28
102 29
102 35
102 36
102 40
102 41
102 46
102 58
102 73
102 79
102 86
102 100
102 104
102 109
103 4
103 5
103 10
103 14
103 24
103 42
103 45
103 55
103 64
103 65
103 80
103 97
103 104
103 123
103 127
104 27
104 41
104 44
104 52
104 53
104 58
104 90
104 93
104 114
105 20
105 38
105 42
105 57
105 90
106 0
106 9
106 15
106 22
106 34
106 35
106 36
106 75
106 87
106 93
106 117
106 121
107 13
107 21
107 22
107 31
107 33
107 35
107 38
107 57
107 68
107 69
107 70
107 76
107 81
107 82
107 84
107 108
107 116
107 122
107 124
108 12
108 13
108 14
108 19
108 34
108 37
108 47
108 50
108 64
108 109
108 123
108 126
108 127
109 0
109 4
109 10
109 16
109 18
109 35
109 51
109 68
109 77
109 110
109 115
109 117
109 119
109 121
109 124
110 0
110 5
110 19
110 41
110 50
110 62
110 87
110 96
110 115
111 9
111 15
111 20
111 27
111 67
111 86
111 102
111 114
111 120
112 0
112 12
112 34
112 37
112 43
112 64
112 68
112 102
112 123
113 3
113 35
113 37
113 40
113 45
113 46
113 52
113 84
113 86
113 99
113 101
113 105
113 116
113 117
113 125
114 19
114 24
114 29
114 36
114 48
114 69
114 72
114 89
114 104
114 113
114 115
114 116
114 125
115 20
115 21
115 31
115 36
115 50
115 54
115 62
115 63
115 68
115 70
115 79
115 90
115 93
115 98
115 108
115 112
115 122
116 37
116 46
116 50
116 58
116 59
116 60
116 68
116 70
116 74
116 100
116 102
116 105
117 4
117 8
117 31
117 35
117 44
117 49
117 59
117 98
117 105
117 112
117 113
117 126
118 3
118 9
118 26
118 53
118 93
118 117
118 121
119 14
119 18
119 33
119 39
119 47
119 49
119 50
119 57
119 68
119 75
119 79
119 108
119 112
119 126
120 9
120 23
120 32
120 51
120 62
120 66
120 68
120 73
120 74
120 79
120 98
120 101
120 114
120 120
120 123
120 126
121 2
121 3
121 4
121 10
121 38
121 39
121 49
121 73
121 102
121 105
121 109
121 121
121 123
122 11
122 31
122 72
122 80
122 87
122 88
122 103
122 113
122 119
122 121
123 12
123 17
123 24
123 38
123 45
123 60
123 66
123 68
123 106
123 119
123 125
124 2
124 8
124 11
124 16
124 23
124 50
124 80
124 104
124 106
125 7
125 12
125 14
125 20
125 45
125 62
125 88
125 96
125 106
125 111
125 124
125 125
126 0
126 11
126 28
126 42
126 45
126 71
126 85
126 96
126 100
126 104
126 107
126 111
126 122
127 4
127 22
127 27
127 33
127 34
127 52
127 63
127 65
127 66
127 70
127 81
127 94
127 101
127 111
127 125
127 126
