0 6
0 11
0 16
0 20
0 23
0 25
0 26
0 34
0 40
0 42
0 46
0 48
0 51
0 55
0 58
0 62
0 67
0 68
0 71
0 87
0 89
0 94
0 95
0 97
0 99
0 100
0 103
0 105
0 108
0 109
0 110
0 113
0 118
0 119
0 122
0 123
0 126
1 3
1 10
1 14
1 17
1 18
1 20
1 22
1 25
1 30
1 32
1 33
1 35
1 38
1 41
1 42
1 43
1 50
1 53
1 57
1 61
1 67
1 77
1 82
1 84
1 86
1 91
1 93
1 94
1 95
1 98
1 100
1 108
1 109
1 110
1 111
1 115
1 118
1 124
2 2
2 6
2 12
2 17
2 21
2 25
2 26
2 28
2 36
2 40
2 43
2 47
2 52
2 56
2 57
2 59
2 61
2 62
2 65
2 69
2 80
2 82
2 85
2 86
2 92
2 93
2 96
2 99
2 100
2 109
2 119
3 3
3 8
3 10
3 11
3 15
3 19
3 23
3 25
3 26
3 32
3 33
3 46
3 48
3 49
3 57
3 61
3 64
3 66
3 67
3 74
3 78
3 85
3 87
3 91
3 92
3 104
3 107
3 109
3 110
3 115
3 121
3 122
3 126
3 127
4 3
4 7
4 11
4 16
4 24
4 26
4 28
4 29
4 30
4 31
4 35
4 36
4 37
4 38
4 39
4 41
4 47
4 49
4 50
4 54
4 58
4 61
4 66
4 74
4 75
4 79
4 81
4 82
4 92
4 97
4 98
4 100
4 101
4 105
4 106
4 111
4 116
4 118
4 124
4 125
5 2
5 5
5 6
5 9
5 10
5 12
5 14
5 15
5 17
5 20
5 23
5 25
5 28
5 31
5 32
5 34
5 35
5 39
5 43
5 44
5 51
5 55
5 58
5 59
5 60
5 68
5 70
5 71
5 72
5 74
5 75
5 77
5 79
5 80
5 86
5 89
5 94
5 99
5 101
5 106
5 111
5 116
5 123
5 124
5 126
6 0
6 2
6 4
6 20
6 23
6 26
6 28
6 32
6 38
6 45
6 49
6 58
6 62
6 65
6 68
6 71
6 74
6 78
6 80
6 84
6 86
6 88
6 95
6 96
6 99
6 106
6 108
6 110
6 112
6 113
6 114
6 116
6 117
6 119
6 120
6 121
6 123
7 0
7 4
7 8
7 9
7 12
7 13
7 26
7 32
7 35
7 39
7 46
7 52
7 54
7 57
7 64
7 68
7 70
7 71
7 74
7 77
7 78
7 79
7 82
7 87
7 100
7 103
7 104
7 106
7 107
7 114
8 4
8 5
8 6
8 7
8 8
8 15
8 17
8 19
8 24
8 27
8 31
8 40
8 48
8 49
8 53
8 57
8 61
8 62
8 64
8 66
8 70
8 71
8 78
8 82
8 83
8 85
8 87
8 88
8 90
8 93
8 101
8 102
8 103
8 104
8 105
8 112
8 117
8 119
8 120
8 123
8 125
9 0
9 2
9 3
9 8
9 11
9 12
9 13
9 15
9 20
9 21
9 29
9 32
9 34
9 37
9 38
9 41
9 43
9 46
9 48
9 50
9 54
9 66
9 73
9 75
9 84
9 93
9 94
9 98
9 100
9 101
9 103
9 106
9 107
9 112
9 115
9 118
9 119
9 122
10 6
10 9
10 18
10 19
10 38
10 48
10 51
10 52
10 53
10 54
10 55
10 56
10 58
10 60
10 65
10 67
10 73
10 76
10 77
10 83
10 86
10 88
10 91
10 101
10 103
10 106
10 107
10 109
10 112
10 116
10 118
10 125
11 0
11 2
11 9
11 10
11 17
11 20
11 21
11 22
11 23
11 24
11 25
11 27
11 28
11 30
11 31
11 33
11 35
11 36
11 37
11 43
11 45
11 49
11 52
11 59
11 62
11 63
11 66
11 67
11 72
11 73
11 77
11 79
11 80
11 85
11 87
11 88
11 89
11 93
11 94
11 101
11 102
11 103
11 112
11 115
11 124
11 127
12 0
12 1
12 8
12 13
12 31
12 34
12 36
12 37
12 43
12 44
12 49
12 50
12 53
12 56
12 62
12 63
12 64
12 65
12 68
12 70
12 74
12 76
12 77
12 81
12 83
12 84
12 88
12 89
12 90
12 94
12 98
12 100
12 106
12 109
12 112
12 116
12 117
12 119
12 120
12 122
13 2
13 6
13 13
13 15
13 16
13 18
13 23
13 28
13 33
13 42
13 50
13 54
13 55
13 61
13 64
13 75
13 76
13 80
13 81
13 82
13 83
13 98
13 103
13 107
13 116
13 118
13 122
13 123
13 126
14 0
14 10
14 11
14 12
14 15
14 21
14 23
14 24
14 25
14 28
14 30
14 31
14 32
14 41
14 44
14 46
14 52
14 53
14 55
14 57
14 66
14 70
14 73
14 74
14 80
14 87
14 94
14 103
14 108
14 109
14 113
14 114
14 117
14 119
14 121
15 0
15 7
15 10
15 15
15 18
15 22
15 37
15 38
15 41
15 45
15 48
15 49
15 50
15 54
15 66
15 73
15 78
15 79
15 80
15 82
15 86
15 89
15 91
15 92
15 94
15 96
15 97
15 98
15 100
15 101
15 102
15 103
15 104
15 105
15 109
15 113
15 115
15 117
15 118
15 120
15 127
16 5
16 7
16 8
16 11
16 15
16 19
16 20
16 27
16 30
16 31
16 32
16 33
16 44
16 45
16 48
16 49
16 54
16 57
16 59
16 61
16 62
16 65
16 68
16 70
16 74
16 77
16 78
16 80
16 82
16 83
16 84
16 86
16 87
16 90
16 103
16 105
16 106
16 108
16 109
16 110
16 112
16 113
16 117
16 125
17 2
17 11
17 12
17 14
17 15
17 17
17 22
17 24
17 25
17 26
17 31
17 32
17 36
17 50
17 53
17 55
17 60
17 63
17 67
17 78
17 79
17 86
17 93
17 94
17 98
17 99
17 101
17 103
17 105
17 106
17 107
17 110
17 113
17 114
17 117
17 118
17 120
17 122
18 1
18 5
18 7
18 8
18 14
18 16
18 21
18 22
18 29
18 30
18 31
18 38
18 45
18 48
18 54
18 56
18 66
18 70
18 72
18 76
18 78
18 82
18 85
18 89
18 91
18 94
18 98
18 99
19 0
19 5
19 9
19 10
19 11
19 15
19 19
19 26
19 28
19 29
19 32
19 35
19 38
19 40
19 49
19 53
19 56
19 62
19 68
19 70
19 71
19 72
19 76
19 79
19 80
19 86
19 89
19 90
19 94
19 95
19 96
19 97
19 109
19 113
19 121
19 124
19 125
20 0
20 2
20 6
20 12
20 16
20 17
20 18
20 21
20 28
20 30
20 33
20 34
20 37
20 40
20 44
20 46
20 47
20 53
20 55
20 57
20 60
20 62
20 63
20 64
20 65
20 66
20 68
20 69
20 70
20 72
20 73
20 74
20 75
20 79
20 82
20 83
20 86
20 87
20 89
20 96
20 97
20 98
20 100
20 102
20 111
20 112
20 114
20 115
20 116
20 118
20 122
20 126
20 127
21 1
21 8
21 10
21 12
21 14
21 19
21 20
21 22
21 25
21 26
21 27
21 30
21 31
21 33
21 42
21 47
21 49
21 52
21 53
21 56
21 60
21 62
21 68
21 72
21 73
21 74
21 76
21 81
21 88
21 91
21 94
21 98
21 99
21 100
21 101
21 102
21 105
21 106
21 111
21 113
21 116
21 117
21 119
21 125
22 1
22 6
22 7
22 9
22 10
22 11
22 12
22 14
22 17
22 23
22 28
22 31
22 36
22 39
22 40
22 46
22 53
22 56
22 57
22 61
22 76
22 78
22 82
22 88
22 90
22 91
22 96
22 102
22 109
22 111
22 113
22 114
22 118
22 124
22 126
22 127
23 0
23 7
23 10
23 12
23 20
23 21
23 24
23 25
23 27
23 29
23 31
23 32
23 36
23 39
23 45
23 47
23 50
23 52
23 58
23 59
23 60
23 62
23 74
23 76
23 79
23 81
23 82
23 83
23 85
23 91
23 93
23 94
23 97
23 99
23 102
23 103
23 104
23 107
23 108
23 109
23 110
23 111
23 114
23 115
23 117
23 120
23 124
23 126
24 5
24 7
24 8
24 9
24 17
24 18
24 23
24 24
24 26
24 29
24 31
24 35
24 37
24 39
24 43
24 51
24 53
24 54
24 59
24 62
24 65
24 68
24 71
24 76
24 81
24 82
24 87
24 89
24 91
24 97
24 99
24 101
24 102
24 106
24 109
24 110
24 111
24 112
24 114
24 116
24 121
24 123
25 1
25 2
25 15
25 18
25 25
25 28
25 29
25 32
25 34
25 36
25 38
25 39
25 40
25 41
25 45
25 50
25 54
25 57
25 58
25 69
25 72
25 77
25 78
25 85
25 88
25 91
25 95
25 102
25 107
25 112
25 117
25 119
25 122
26 1
26 3
26 6
26 10
26 14
26 16
26 17
26 20
26 21
26 33
26 39
26 49
26 54
26 59
26 64
26 65
26 66
26 67
26 69
26 77
26 81
26 85
26 86
26 87
26 90
26 91
26 95
26 96
26 97
26 99
26 102
26 108
26 110
26 114
26 117
26 119
26 123
26 124
26 125
26 126
26 127
27 0
27 4
27 6
27 8
27 11
27 16
27 17
27 20
27 22
27 24
27 31
27 36
27 39
27 42
27 44
27 45
27 49
27 50
27 57
27 60
27 61
27 68
27 69
27 76
27 93
27 94
27 100
27 102
27 103
27 106
27 107
27 112
27 116
27 120
27 121
27 122
27 126
28 1
28 2
28 6
28 8
28 14
28 19
28 20
28 22
28 25
28 29
28 39
28 41
28 42
28 43
28 45
28 47
28 49
28 50
28 58
28 60
28 62
28 65
28 67
28 72
28 73
28 79
28 80
28 83
28 87
28 89
28 113
28 118
28 119
28 120
28 123
28 124
28 127
29 0
29 3
29 13
29 16
29 17
29 18
29 20
29 28
29 29
29 30
29 35
29 36
29 43
29 53
29 54
29 56
29 58
29 64
29 66
29 70
29 74
29 78
29 81
29 84
29 85
29 88
29 90
29 91
29 92
29 95
29 97
29 101
29 107
29 112
29 116
29 121
29 123
30 5
30 6
30 13
30 17
30 18
30 21
30 28
30 29
30 30
30 33
30 35
30 40
30 43
30 44
30 56
30 60
30 62
30 65
30 67
30 68
30 84
30 88
30 90
30 98
30 100
30 101
30 102
30 106
30 109
30 110
30 114
30 119
30 121
30 122
30 123
31 2
31 6
31 9
31 11
31 13
31 21
31 27
31 35
31 40
31 41
31 47
31 51
31 52
31 54
31 57
31 61
31 69
31 72
31 75
31 76
31 83
31 86
31 87
31 100
31 103
31 105
31 108
31 109
31 111
31 112
31 113
31 118
31 122
31 125
32 2
32 6
32 7
32 12
32 18
32 27
32 29
32 31
32 32
32 35
32 37
32 40
32 46
32 48
32 50
32 53
32 56
32 61
32 62
32 64
32 65
32 70
32 72
32 74
32 76
32 79
32 88
32 95
32 96
32 97
32 104
32 105
32 113
32 115
32 116
32 120
32 122
32 125
33 1
33 4
33 6
33 7
33 8
33 12
33 13
33 16
33 18
33 22
33 32
33 35
33 36
33 41
33 42
33 45
33 48
33 59
33 65
33 66
33 67
33 70
33 71
33 74
33 80
33 89
33 99
33 100
33 102
33 104
33 105
33 107
33 110
33 111
33 113
33 121
33 122
33 123
33 127
34 0
34 3
34 6
34 8
34 9
34 13
34 17
34 24
34 30
34 36
34 40
34 42
34 51
34 52
34 58
34 63
34 67
34 69
34 71
34 73
34 78
34 80
34 82
34 83
34 84
34 86
34 87
34 91
34 93
34 94
34 110
34 112
34 123
35 0
35 1
35 7
35 13
35 17
35 26
35 30
35 32
35 36
35 38
35 40
35 41
35 43
35 52
35 54
35 57
35 61
35 63
35 78
35 79
35 81
35 83
35 84
35 85
35 90
35 97
35 98
35 99
35 102
35 103
35 106
35 110
35 111
35 113
35 114
35 115
35 120
35 121
35 122
35 124
35 126
36 1
36 3
36 5
36 6
36 9
36 10
36 11
36 21
36 23
36 28
36 29
36 30
36 38
36 42
36 48
36 52
36 54
36 55
36 57
36 59
36 64
36 66
36 72
36 74
36 81
36 87
36 88
36 92
36 94
36 95
36 100
36 103
36 108
36 117
36 119
36 123
36 124
37 0
37 1
37 3
37 6
37 7
37 8
37 12
37 14
37 15
37 21
37 23
37 32
37 33
37 42
37 50
37 52
37 54
37 61
37 66
37 70
37 78
37 79
37 84
37 85
37 86
37 88
37 90
37 93
37 94
37 99
37 102
37 105
37 108
37 110
37 115
37 120
37 122
37 124
37 125
38 3
38 5
38 7
38 8
38 10
38 14
38 15
38 18
38 19
38 23
38 24
38 31
38 33
38 37
38 51
38 55
38 57
38 59
38 61
38 66
38 68
38 69
38 76
38 78
38 83
38 86
38 90
38 93
38 95
38 97
38 98
38 102
38 104
38 105
38 108
38 111
38 114
38 124
38 125
38 126
39 3
39 4
39 6
39 8
39 10
39 12
39 14
39 31
39 34
39 38
39 40
39 46
39 48
39 51
39 52
39 55
39 57
39 65
39 66
39 67
39 69
39 70
39 74
39 75
39 77
39 87
39 89
39 91
39 95
39 96
39 101
39 103
39 106
39 108
39 109
39 111
39 115
39 116
39 118
39 121
39 122
40 1
40 4
40 6
40 8
40 19
40 24
40 25
40 26
40 28
40 29
40 33
40 34
40 36
40 42
40 46
40 47
40 48
40 49
40 56
40 62
40 63
40 64
40 65
40 67
40 74
40 76
40 80
40 81
40 85
40 87
40 94
40 95
40 96
40 99
40 101
40 103
40 106
40 107
40 108
40 113
40 122
40 123
40 124
40 127
41 0
41 2
41 7
41 8
41 9
41 10
41 19
41 22
41 23
41 27
41 28
41 32
41 37
41 39
41 41
41 42
41 43
41 46
41 50
41 51
41 55
41 56
41 61
41 63
41 65
41 66
41 75
41 79
41 86
41 90
41 91
41 92
41 94
41 96
41 98
41 100
41 103
41 108
41 118
41 122
42 1
42 3
42 8
42 21
42 29
42 30
42 37
42 50
42 52
42 53
42 56
42 59
42 60
42 63
42 67
42 71
42 75
42 78
42 79
42 82
42 88
42 89
42 92
42 94
42 99
42 105
42 112
42 113
42 114
42 118
42 120
43 1
43 2
43 3
43 5
43 7
43 19
43 20
43 21
43 22
43 24
43 27
43 32
43 33
43 37
43 39
43 42
43 43
43 44
43 46
43 47
43 48
43 49
43 50
43 55
43 60
43 63
43 67
43 68
43 77
43 79
43 85
43 86
43 94
43 99
43 107
43 108
44 3
44 16
44 18
44 24
44 36
44 37
44 47
44 50
44 53
44 55
44 58
44 62
44 66
44 67
44 70
44 71
44 72
44 73
44 76
44 79
44 82
44 85
44 86
44 87
44 91
44 92
44 93
44 98
44 100
44 103
44 111
44 117
44 123
44 124
44 127
45 0
45 12
45 18
45 25
45 26
45 28
45 36
45 42
45 44
45 48
45 55
45 60
45 66
45 67
45 69
45 70
45 73
45 74
45 77
45 85
45 91
45 95
45 100
45 102
45 103
45 109
45 111
45 113
45 114
45 115
45 121
45 125
45 127
46 6
46 9
46 14
46 18
46 21
46 22
46 23
46 24
46 30
46 35
46 38
46 40
46 46
46 47
46 48
46 53
46 54
46 57
46 59
46 61
46 66
46 68
46 75
46 79
46 81
46 89
46 90
46 95
46 96
46 97
46 101
46 109
46 110
46 113
46 117
46 123
47 4
47 5
47 10
47 11
47 12
47 13
47 21
47 22
47 32
47 35
47 37
47 42
47 45
47 47
47 50
47 55
47 60
47 63
47 64
47 71
47 75
47 82
47 84
47 89
47 90
47 96
47 100
47 104
47 107
47 109
47 112
47 114
47 122
47 123
48 1
48 3
48 4
48 6
48 10
48 11
48 18
48 19
48 21
48 23
48 26
48 28
48 30
48 37
48 38
48 42
48 47
48 49
48 51
48 56
48 57
48 68
48 71
48 72
48 76
48 84
48 86
48 89
48 90
48 91
48 95
48 97
48 105
48 113
48 120
48 121
48 125
49 6
49 7
49 10
49 11
49 17
49 20
49 21
49 23
49 26
49 27
49 28
49 34
49 40
49 41
49 47
49 48
49 50
49 59
49 62
49 63
49 64
49 65
49 67
49 71
49 72
49 73
49 75
49 79
49 81
49 85
49 91
49 92
49 97
49 102
49 103
49 105
49 106
49 107
49 108
49 112
49 118
49 119
49 120
49 123
49 124
49 127
50 1
50 3
50 4
50 8
50 9
50 11
50 12
50 16
50 23
50 25
50 26
50 27
50 28
50 31
50 34
50 36
50 38
50 39
50 41
50 45
50 54
50 60
50 61
50 62
50 67
50 69
50 71
50 72
50 77
50 79
50 90
50 93
50 96
50 99
50 101
50 103
50 105
50 106
50 107
50 110
50 114
50 116
50 117
50 123
50 125
50 126
51 1
51 5
51 9
51 10
51 11
51 12
51 13
51 17
51 18
51 25
51 29
51 33
51 37
51 43
51 47
51 49
51 53
51 58
51 63
51 67
51 73
51 79
51 81
51 82
51 92
51 94
51 97
51 99
51 100
51 101
51 102
51 103
51 107
51 112
51 114
51 116
51 117
51 120
51 125
52 0
52 16
52 17
52 24
52 25
52 28
52 30
52 34
52 36
52 38
52 45
52 51
52 52
52 54
52 60
52 73
52 74
52 75
52 76
52 77
52 79
52 80
52 82
52 97
52 102
52 116
52 124
53 2
53 4
53 8
53 23
53 26
53 33
53 36
53 37
53 38
53 44
53 45
53 46
53 54
53 58
53 60
53 65
53 66
53 67
53 71
53 74
53 77
53 79
53 88
53 99
53 100
53 101
53 102
53 103
53 105
53 107
53 112
53 115
53 120
54 0
54 4
54 5
54 10
54 11
54 16
54 19
54 23
54 25
54 26
54 27
54 28
54 33
54 35
54 36
54 38
54 41
54 42
54 45
54 47
54 48
54 49
54 50
54 51
54 52
54 54
54 66
54 67
54 68
54 75
54 76
54 77
54 79
54 82
54 84
54 91
54 92
54 97
54 103
54 105
54 106
54 110
54 111
54 116
54 117
54 119
55 6
55 9
55 10
55 12
55 14
55 15
55 21
55 29
55 30
55 39
55 41
55 42
55 43
55 50
55 52
55 58
55 62
55 64
55 65
55 67
55 69
55 70
55 77
55 79
55 80
55 86
55 88
55 89
55 96
55 97
55 100
55 105
55 109
55 110
55 116
55 118
56 3
56 4
56 7
56 9
56 13
56 14
56 23
56 25
56 26
56 28
56 32
56 33
56 35
56 41
56 43
56 44
56 47
56 52
56 66
56 67
56 72
56 75
56 83
56 88
56 93
56 95
56 96
56 99
56 101
56 110
56 113
56 114
56 115
56 116
56 118
56 124
57 9
57 10
57 15
57 22
57 23
57 31
57 34
57 35
57 37
57 38
57 42
57 43
57 49
57 50
57 51
57 53
57 54
57 55
57 56
57 57
57 62
57 64
57 66
57 71
57 83
57 87
57 89
57 91
57 100
57 106
57 109
57 113
57 120
57 123
57 127
58 2
58 3
58 4
58 7
58 10
58 12
58 16
58 19
58 20
58 25
58 31
58 35
58 42
58 43
58 44
58 46
58 47
58 49
58 54
58 57
58 61
58 62
58 63
58 65
58 66
58 70
58 76
58 79
58 82
58 83
58 84
58 92
58 94
58 108
58 111
58 114
58 118
58 124
58 126
59 0
59 10
59 15
59 16
59 17
59 18
59 22
59 23
59 27
59 30
59 31
59 32
59 37
59 50
59 54
59 59
59 63
59 65
59 68
59 69
59 73
59 79
59 90
59 92
59 95
59 96
59 99
59 102
59 104
59 105
59 110
59 113
59 116
59 117
59 121
59 123
59 124
59 125
60 6
60 8
60 11
60 13
60 22
60 23
60 24
60 26
60 29
60 33
60 34
60 37
60 39
60 42
60 43
60 44
60 50
60 52
60 55
60 59
60 62
60 64
60 65
60 68
60 69
60 78
60 84
60 86
60 92
60 93
60 95
60 97
60 101
60 106
60 116
60 120
60 123
60 124
60 127
61 0
61 4
61 7
61 10
61 12
61 15
61 16
61 20
61 21
61 24
61 26
61 30
61 32
61 36
61 40
61 41
61 55
61 59
61 60
61 62
61 71
61 72
61 73
61 76
61 77
61 78
61 83
61 88
61 101
61 107
61 109
61 111
61 119
61 121
61 125
61 127
62 3
62 6
62 8
62 19
62 22
62 23
62 26
62 30
62 35
62 37
62 40
62 41
62 43
62 45
62 46
62 48
62 55
62 64
62 68
62 69
62 73
62 76
62 77
62 84
62 86
62 93
62 94
62 95
62 103
62 104
62 108
62 110
62 117
62 122
62 123
63 4
63 5
63 13
63 20
63 21
63 29
63 36
63 39
63 40
63 41
63 42
63 43
63 45
63 46
63 50
63 52
63 56
63 58
63 59
63 60
63 61
63 62
63 64
63 66
63 68
63 69
63 71
63 74
63 81
63 84
63 85
63 86
63 90
63 93
63 94
63 100
63 101
63 102
63 103
63 104
63 106
63 111
63 113
63 115
63 118
63 120
64 2
64 12
64 15
64 20
64 31
64 41
64 44
64 45
64 47
64 49
64 64
64 67
64 71
64 73
64 75
64 76
64 86
64 94
64 95
64 96
64 109
64 115
64 116
64 117
64 118
64 119
64 120
64 124
65 1
65 2
65 4
65 8
65 11
65 14
65 20
65 23
65 24
65 28
65 31
65 32
65 44
65 46
65 54
65 60
65 63
65 64
65 66
65 70
65 71
65 75
65 76
65 77
65 78
65 87
65 89
65 91
65 103
65 107
65 114
65 115
65 122
65 124
65 125
66 8
66 9
66 10
66 11
66 12
66 15
66 16
66 19
66 27
66 29
66 30
66 33
66 34
66 36
66 37
66 43
66 45
66 48
66 53
66 61
66 63
66 64
66 65
66 68
66 73
66 78
66 80
66 88
66 92
66 95
66 97
66 102
66 107
66 110
66 111
66 114
66 117
66 119
66 121
66 122
66 126
66 127
67 2
67 7
67 14
67 16
67 18
67 19
67 21
67 23
67 24
67 27
67 29
67 33
67 34
67 36
67 37
67 41
67 42
67 43
67 44
67 47
67 52
67 53
67 54
67 55
67 58
67 65
67 66
67 69
67 70
67 77
67 78
67 82
67 84
67 86
67 89
67 91
67 97
67 101
67 106
67 110
67 112
67 113
67 117
67 119
67 124
68 0
68 1
68 2
68 3
68 5
68 6
68 9
68 17
68 19
68 27
68 28
68 34
68 36
68 37
68 42
68 45
68 47
68 49
68 51
68 52
68 53
68 54
68 55
68 58
68 59
68 61
68 63
68 64
68 65
68 67
68 68
68 70
68 71
68 72
68 76
68 81
68 86
68 88
68 90
68 92
68 94
68 95
68 97
68 98
68 99
68 104
68 109
68 110
68 114
68 115
68 125
68 126
68 127
69 3
69 6
69 8
69 10
69 13
69 30
69 32
69 33
69 36
69 39
69 41
69 42
69 43
69 44
69 46
69 47
69 52
69 57
69 59
69 63
69 68
69 73
69 74
69 78
69 84
69 85
69 87
69 88
69 89
69 97
69 106
69 109
69 113
69 117
69 120
69 122
69 125
69 127
70 9
70 12
70 13
70 18
70 19
70 22
70 24
70 27
70 33
70 35
70 38
70 39
70 43
70 45
70 51
70 55
70 64
70 65
70 66
70 69
70 73
70 74
70 77
70 78
70 87
70 88
70 90
70 91
70 97
70 101
70 102
70 109
70 110
70 111
70 113
70 115
70 120
70 121
70 122
70 126
71 1
71 5
71 6
71 8
71 22
71 27
71 30
71 33
71 35
71 43
71 46
71 47
71 49
71 50
71 51
71 52
71 53
71 55
71 65
71 67
71 68
71 69
71 70
71 71
71 79
71 82
71 86
71 96
71 100
71 104
71 111
71 113
71 121
71 124
71 126
72 3
72 4
72 14
72 15
72 23
72 26
72 27
72 28
72 35
72 40
72 42
72 45
72 47
72 50
72 54
72 59
72 64
72 68
72 72
72 75
72 77
72 79
72 81
72 82
72 86
72 88
72 92
72 93
72 95
72 97
72 101
72 102
72 103
72 104
72 109
72 111
72 116
72 117
72 118
73 1
73 4
73 11
73 12
73 14
73 15
73 16
73 17
73 19
73 22
73 24
73 26
73 29
73 30
73 31
73 36
73 38
73 40
73 41
73 42
73 51
73 57
73 58
73 60
73 61
73 72
73 77
73 78
73 82
73 84
73 85
73 86
73 87
73 89
73 93
73 94
73 99
73 101
73 104
73 112
73 121
74 4
74 9
74 12
74 15
74 20
74 25
74 29
74 32
74 33
74 37
74 54
74 61
74 62
74 65
74 66
74 71
74 73
74 75
74 79
74 86
74 88
74 92
74 97
74 104
74 107
74 118
74 120
74 121
75 0
75 4
75 8
75 13
75 16
75 17
75 19
75 21
75 22
75 27
75 28
75 32
75 36
75 39
75 41
75 45
75 48
75 49
75 51
75 54
75 55
75 59
75 61
75 67
75 68
75 69
75 70
75 71
75 74
75 78
75 83
75 90
75 96
75 98
75 102
75 113
75 119
75 122
75 125
76 3
76 5
76 6
76 12
76 15
76 18
76 20
76 22
76 32
76 36
76 41
76 47
76 48
76 49
76 50
76 54
76 55
76 57
76 64
76 65
76 67
76 69
76 73
76 75
76 76
76 78
76 85
76 86
76 92
76 94
76 95
76 98
76 99
76 101
76 102
76 104
76 108
76 109
76 110
76 115
76 116
76 117
76 118
76 122
76 123
77 2
77 11
77 12
77 14
77 15
77 26
77 31
77 33
77 36
77 49
77 51
77 52
77 54
77 59
77 60
77 66
77 70
77 74
77 77
77 78
77 82
77 85
77 86
77 89
77 92
77 93
77 95
77 97
77 98
77 99
77 103
77 111
77 115
77 120
77 121
77 122
77 123
77 124
77 126
78 1
78 6
78 9
78 11
78 14
78 15
78 16
78 18
78 19
78 22
78 23
78 25
78 26
78 27
78 31
78 33
78 38
78 39
78 46
78 47
78 48
78 51
78 61
78 62
78 64
78 65
78 66
78 67
78 80
78 81
78 82
78 84
78 89
78 92
78 94
78 101
78 102
78 104
78 110
78 111
78 112
78 114
78 116
78 120
78 121
78 123
78 125
78 126
79 3
79 4
79 10
79 26
79 28
79 31
79 33
79 34
79 35
79 36
79 37
79 40
79 42
79 43
79 44
79 47
79 58
79 70
79 77
79 80
79 83
79 92
79 96
79 101
79 105
79 107
79 115
79 117
79 120
79 124
80 7
80 8
80 10
80 17
80 19
80 22
80 24
80 25
80 31
80 32
80 35
80 36
80 39
80 43
80 44
80 62
80 69
80 72
80 75
80 76
80 78
80 80
80 82
80 84
80 85
80 95
80 104
80 105
80 106
80 109
80 113
80 116
80 123
80 126
81 1
81 3
81 6
81 15
81 16
81 19
81 21
81 22
81 24
81 28
81 30
81 34
81 36
81 45
81 46
81 47
81 49
81 52
81 59
81 62
81 64
81 65
81 67
81 69
81 73
81 76
81 80
81 81
81 87
81 89
81 92
81 101
81 108
81 117
81 118
81 124
82 0
82 1
82 6
82 9
82 10
82 14
82 17
82 22
82 25
82 26
82 28
82 33
82 34
82 39
82 42
82 50
82 54
82 58
82 60
82 61
82 71
82 72
82 73
82 75
82 76
82 77
82 86
82 87
82 92
82 93
82 94
82 96
82 101
82 106
82 108
82 113
82 118
82 121
83 4
83 6
83 15
83 16
83 17
83 19
83 21
83 31
83 35
83 37
83 38
83 40
83 42
83 43
83 44
83 47
83 49
83 52
83 53
83 56
83 60
83 67
83 70
83 76
83 79
83 80
83 81
83 82
83 83
83 84
83 85
83 88
83 89
83 90
83 92
83 93
83 97
83 98
83 103
83 105
83 110
83 121
83 125
83 127
84 0
84 3
84 7
84 14
84 15
84 24
84 29
84 30
84 31
84 38
84 39
84 43
84 44
84 45
84 46
84 48
84 49
84 53
84 54
84 60
84 61
84 64
84 67
84 68
84 72
84 76
84 77
84 78
84 84
84 87
84 88
84 94
84 97
84 99
84 103
84 107
84 109
84 113
84 127
85 0
85 3
85 7
85 8
85 10
85 14
85 17
85 24
85 25
85 34
85 35
85 43
85 44
85 46
85 47
85 50
85 54
85 57
85 61
85 63
85 64
85 69
85 70
85 72
85 73
85 75
85 81
85 82
85 92
85 93
85 95
85 98
85 99
85 103
85 108
85 111
85 112
85 113
85 114
85 119
85 125
86 1
86 5
86 20
86 24
86 28
86 31
86 32
86 34
86 39
86 41
86 42
86 44
86 50
86 51
86 53
86 55
86 56
86 60
86 64
86 68
86 74
86 77
86 86
86 98
86 99
86 100
86 106
86 107
86 110
86 113
86 121
86 124
86 125
86 127
87 3
87 5
87 6
87 11
87 12
87 13
87 21
87 23
87 27
87 34
87 37
87 40
87 45
87 51
87 54
87 58
87 60
87 65
87 67
87 68
87 70
87 78
87 80
87 81
87 83
87 90
87 92
87 93
87 94
87 95
87 103
87 109
87 117
87 122
87 123
87 127
88 6
88 7
88 17
88 24
88 25
88 29
88 30
88 31
88 33
88 37
88 42
88 43
88 45
88 46
88 51
88 52
88 55
88 60
88 61
88 63
88 64
88 68
88 69
88 70
88 71
88 73
88 74
88 77
88 78
88 79
88 81
88 89
88 91
88 101
88 108
88 110
88 115
88 117
88 122
88 124
88 125
88 126
89 0
89 4
89 5
89 9
89 10
89 13
89 18
89 21
89 23
89 28
89 34
89 36
89 38
89 45
89 46
89 48
89 51
89 62
89 65
89 66
89 68
89 69
89 72
89 76
89 77
89 78
89 79
89 83
89 85
89 86
89 88
89 89
89 94
89 95
89 100
89 104
89 111
89 112
89 116
89 119
89 120
89 125
90 0
90 3
90 4
90 5
90 6
90 7
90 8
90 18
90 21
90 23
90 25
90 28
90 31
90 42
90 51
90 53
90 56
90 65
90 67
90 73
90 78
90 80
90 87
90 88
90 91
90 105
90 107
90 111
90 113
90 114
90 117
90 123
90 125
91 1
91 6
91 7
91 8
91 9
91 12
91 16
91 19
91 20
91 23
91 30
91 35
91 37
91 41
91 42
91 45
91 49
91 50
91 53
91 54
91 60
91 63
91 64
91 65
91 68
91 70
91 72
91 73
91 77
91 88
91 93
91 96
91 97
91 103
91 104
91 108
91 111
91 115
91 120
91 121
91 122
91 124
91 125
91 126
92 1
92 7
92 16
92 22
92 30
92 37
92 39
92 40
92 43
92 45
92 48
92 49
92 50
92 54
92 63
92 66
92 68
92 71
92 74
92 80
92 83
92 85
92 86
92 88
92 89
92 91
92 93
92 98
92 100
92 101
92 105
92 107
92 108
92 115
92 116
92 117
92 119
92 122
92 124
92 126
93 0
93 2
93 7
93 8
93 10
93 12
93 16
93 18
93 19
93 21
93 27
93 28
93 29
93 34
93 35
93 36
93 39
93 41
93 42
93 44
93 48
93 49
93 50
93 51
93 52
93 54
93 55
93 58
93 59
93 60
93 64
93 70
93 75
93 82
93 83
93 90
93 91
93 93
93 100
93 109
93 112
93 115
93 116
93 118
93 120
93 126
94 2
94 6
94 7
94 12
94 19
94 20
94 22
94 23
94 24
94 28
94 30
94 31
94 32
94 37
94 39
94 40
94 47
94 48
94 52
94 54
94 58
94 63
94 65
94 67
94 70
94 78
94 91
94 93
94 96
94 97
94 98
94 101
94 103
94 104
94 106
94 107
94 108
94 114
94 116
94 117
94 121
94 123
94 125
95 4
95 7
95 9
95 12
95 13
95 15
95 24
95 27
95 28
95 29
95 32
95 34
95 35
95 36
95 44
95 53
95 55
95 58
95 59
95 64
95 71
95 75
95 76
95 79
95 80
95 82
95 84
95 89
95 92
95 93
95 102
95 106
95 107
95 110
95 113
95 115
95 117
95 118
95 119
95 121
95 124
95 125
95 126
96 1
96 2
96 5
96 6
96 7
96 8
96 9
96 12
96 16
96 17
96 19
96 25
96 30
96 34
96 39
96 43
96 50
96 57
96 58
96 62
96 63
96 64
96 66
96 69
96 72
96 75
96 76
96 79
96 83
96 85
96 86
96 92
96 98
96 100
96 102
96 104
96 109
96 111
96 112
96 121
96 122
96 126
97 3
97 4
97 8
97 10
97 15
97 16
97 17
97 20
97 26
97 29
97 33
97 34
97 37
97 38
97 42
97 44
97 48
97 55
97 56
97 57
97 58
97 59
97 63
97 64
97 65
97 71
97 72
97 77
97 84
97 86
97 92
97 94
97 95
97 98
97 101
97 107
97 111
97 113
97 119
97 121
97 122
97 124
97 126
98 0
98 2
98 3
98 4
98 7
98 8
98 17
98 19
98 23
98 25
98 28
98 29
98 38
98 42
98 43
98 64
98 66
98 75
98 77
98 82
98 85
98 94
98 109
98 110
98 111
98 114
98 117
98 119
98 120
98 125
99 0
99 1
99 6
99 8
99 9
99 12
99 13
99 20
99 21
99 22
99 23
99 26
99 32
99 33
99 40
99 43
99 49
99 51
99 53
99 54
99 58
99 59
99 60
99 61
99 62
99 63
99 68
99 73
99 74
99 80
99 87
99 90
99 91
99 95
99 96
99 99
99 102
99 108
99 112
99 119
99 121
99 122
100 4
100 5
100 6
100 9
100 11
100 12
100 16
100 21
100 23
100 25
100 26
100 28
100 37
100 45
100 46
100 51
100 54
100 58
100 60
100 62
100 63
100 64
100 66
100 67
100 69
100 70
100 74
100 76
100 78
100 84
100 85
100 93
100 97
100 98
100 101
100 102
100 103
100 107
100 108
100 126
100 127
101 2
101 3
101 6
101 7
101 18
101 20
101 21
101 27
101 29
101 33
101 34
101 38
101 39
101 41
101 42
101 45
101 50
101 52
101 58
101 63
101 68
101 71
101 75
101 76
101 79
101 81
101 82
101 86
101 90
101 93
101 95
101 96
101 99
101 103
101 104
101 105
101 106
101 109
101 111
101 113
101 115
102 0
102 1
102 2
102 7
102 10
102 15
102 19
102 22
102 24
102 28
102 33
102 36
102 43
102 49
102 50
102 51
102 52
102 56
102 57
102 58
102 59
102 67
102 69
102 75
102 87
102 93
102 94
102 101
102 102
102 103
102 111
102 115
102 117
102 122
102 123
102 127
103 1
103 10
103 12
103 13
103 16
103 19
103 28
103 33
103 34
103 35
103 37
103 40
103 41
103 45
103 47
103 48
103 68
103 69
103 74
103 78
103 81
103 86
103 93
103 101
103 103
103 107
103 113
103 118
103 123
103 124
103 125
104 1
104 11
104 13
104 16
104 18
104 24
104 27
104 29
104 31
104 34
104 36
104 38
104 39
104 40
104 47
104 49
104 50
104 53
104 54
104 57
104 58
104 60
104 63
104 64
104 74
104 77
104 78
104 79
104 89
104 92
104 98
104 105
104 111
104 113
104 115
104 118
104 119
105 1
105 6
105 8
105 11
105 16
105 21
105 23
105 25
105 29
105 33
105 36
105 38
105 42
105 51
105 54
105 55
105 57
105 65
105 68
105 70
105 72
105 73
105 78
105 82
105 88
105 89
105 95
105 96
105 99
105 100
105 101
105 102
105 106
105 116
105 117
105 120
105 122
105 124
106 2
106 5
106 12
106 18
106 23
106 24
106 30
106 35
106 36
106 40
106 43
106 46
106 47
106 48
106 49
106 50
106 57
106 59
106 70
106 78
106 82
106 87
106 88
106 91
106 95
106 96
106 98
106 99
106 101
106 103
106 110
106 113
106 119
106 120
106 127
107 3
107 4
107 8
107 10
107 13
107 16
107 21
107 23
107 24
107 26
107 29
107 32
107 42
107 43
107 48
107 50
107 52
107 55
107 56
107 58
107 64
107 66
107 70
107 71
107 74
107 75
107 76
107 78
107 80
107 87
107 95
107 97
107 103
107 105
107 108
107 111
107 123
107 124
107 126
107 127
108 0
108 1
108 8
108 12
108 13
108 14
108 15
108 20
108 29
108 32
108 33
108 35
108 42
108 51
108 52
108 54
108 55
108 58
108 60
108 62
108 63
108 66
108 71
108 80
108 81
108 90
108 92
108 100
108 102
108 105
108 107
108 109
108 111
108 116
108 117
108 119
109 0
109 5
109 11
109 13
109 14
109 23
109 27
109 28
109 30
109 33
109 40
109 48
109 49
109 50
109 52
109 55
109 56
109 59
109 63
109 68
109 71
109 75
109 80
109 81
109 85
109 88
109 91
109 95
109 96
109 101
109 103
109 109
109 110
109 111
109 112
109 115
109 118
109 119
109 120
109 121
109 124
109 126
110 1
110 7
110 16
110 18
110 21
110 25
110 26
110 28
110 30
110 31
110 33
110 35
110 38
110 39
110 41
110 44
110 45
110 52
110 67
110 70
110 71
110 72
110 73
110 80
110 81
110 85
110 90
110 94
110 95
110 97
110 100
110 105
110 106
110 109
110 112
110 113
110 114
110 115
110 121
110 122
110 127
111 4
111 8
111 9
111 12
111 15
111 17
111 18
111 22
111 27
111 40
111 43
111 48
111 50
111 51
111 54
111 56
111 60
111 62
111 69
111 71
111 72
111 75
111 79
111 80
111 81
111 82
111 85
111 87
111 88
111 89
111 93
111 94
111 96
111 99
111 102
111 107
111 114
111 115
111 118
111 119
111 125
112 5
112 10
112 13
112 14
112 15
112 16
112 26
112 28
112 32
112 34
112 36
112 40
112 44
112 47
112 49
112 50
112 57
112 59
112 65
112 66
112 69
112 70
112 75
112 79
112 83
112 85
112 86
112 92
112 94
112 96
112 102
112 103
112 105
112 117
112 118
112 122
112 123
112 125
112 126
112 127
113 3
113 10
113 11
113 12
113 17
113 31
113 33
113 36
113 38
113 39
113 42
113 43
113 44
113 47
113 54
113 64
113 65
113 68
113 75
113 76
113 77
113 79
113 86
113 87
113 97
113 103
113 104
113 117
113 122
113 126
113 127
114 1
114 5
114 6
114 8
114 9
114 14
114 24
114 25
114 34
114 38
114 48
114 52
114 53
114 54
114 57
114 64
114 66
114 73
114 75
114 78
114 79
114 80
114 86
114 89
114 97
114 98
114 99
114 101
114 102
114 103
114 105
114 107
114 114
114 121
114 123
114 125
114 126
115 1
115 4
115 6
115 7
115 12
115 14
115 16
115 18
115 20
115 23
115 28
115 29
115 30
115 33
115 34
115 37
115 38
115 40
115 42
115 60
115 61
115 64
115 70
115 73
115 76
115 80
115 86
115 87
115 94
115 95
115 107
115 110
115 113
115 115
115 117
115 122
115 124
115 125
116 0
116 6
116 8
116 11
116 13
116 14
116 16
116 19
116 20
116 25
116 26
116 27
116 28
116 30
116 31
116 35
116 36
116 39
116 41
116 42
116 44
116 46
116 47
116 51
116 57
116 61
116 62
116 63
116 66
116 71
116 72
116 73
116 75
116 84
116 86
116 89
116 97
116 100
116 102
116 103
116 109
116 113
116 115
116 122
116 126
117 2
117 5
117 16
117 22
117 23
117 26
117 27
117 28
117 33
117 37
117 38
117 40
117 42
117 49
117 52
117 57
117 72
117 75
117 79
117 86
117 91
117 99
117 100
117 108
117 109
117 115
117 119
117 120
118 5
118 13
118 16
118 17
118 24
118 26
118 28
118 32
118 35
118 36
118 40
118 43
118 44
118 46
118 48
118 49
118 51
118 54
118 55
118 58
118 60
118 66
118 67
118 69
118 71
118 72
118 73
118 75
118 79
118 83
118 89
118 90
118 91
118 96
118 103
118 106
118 109
118 110
118 112
118 113
118 114
118 115
118 117
118 120
118 121
119 9
119 10
119 14
119 17
119 19
119 29
119 31
119 33
119 36
119 40
119 48
119 50
119 59
119 61
119 64
119 68
119 70
119 72
119 73
119 77
119 79
119 89
119 96
119 98
119 104
119 108
119 109
119 115
119 117
119 121
120 1
120 2
120 4
120 11
120 19
120 21
120 25
120 29
120 30
120 33
120 35
120 36
120 37
120 45
120 46
120 51
120 52
120 56
120 57
120 60
120 66
120 68
120 76
120 79
120 84
120 94
120 95
120 99
120 100
120 104
120 108
120 114
120 117
120 118
120 119
120 122
121 1
121 7
121 13
121 15
121 18
121 21
121 22
121 23
121 24
121 32
121 33
121 38
121 41
121 42
121 45
121 54
121 55
121 58
121 67
121 69
121 70
121 72
121 73
121 75
121 83
121 84
121 94
121 96
121 99
121 100
121 103
121 111
121 113
121 114
121 115
121 116
121 117
121 118
121 119
121 121
121 122
121 123
121 125
121 127
122 3
122 4
122 7
122 11
122 15
122 21
122 24
122 29
122 30
122 32
122 33
122 36
122 39
122 40
122 41
122 42
122 44
122 45
122 47
122 48
122 49
122 52
122 53
122 56
122 59
122 61
122 63
122 68
122 71
122 75
122 77
122 79
122 82
122 86
122 87
122 94
122 96
122 99
122 101
122 102
122 103
122 107
122 115
122 116
122 120
123 1
123 7
123 8
123 15
123 17
123 18
123 33
123 35
123 37
123 39
123 40
123 46
123 48
123 52
123 54
123 58
123 59
123 60
123 61
123 64
123 69
123 70
123 72
123 75
123 76
123 77
123 79
123 80
123 81
123 82
123 83
123 84
123 85
123 88
123 94
123 95
123 100
123 103
123 106
123 113
123 121
123 122
123 123
124 8
124 9
124 18
124 29
124 31
124 32
124 37
124 38
124 39
124 40
124 42
124 43
124 44
124 45
124 46
124 59
124 63
124 65
124 66
124 68
124 70
124 71
124 75
124 83
124 84
124 91
124 98
124 101
124 103
124 104
124 106
124 112
124 116
124 119
124 123
124 125
124 126
125 0
125 12
125 13
125 15
125 17
125 21
125 24
125 26
125 29
125 38
125 40
125 47
125 54
125 56
125 60
125 68
125 73
125 74
125 77
125 97
125 103
125 105
125 106
125 107
125 108
125 109
125 110
125 112
125 121
126 2
126 4
126 10
126 14
126 15
126 17
126 19
126 20
126 26
126 32
126 34
126 39
126 44
126 45
126 46
126 55
126 60
126 63
126 64
126 66
126 67
126 71
126 73
126 75
126 77
126 78
126 92
126 95
126 98
126 104
126 110
126 116
126 117
126 118
126 121
126 122
126 123
126 127
127 0
127 3
127 8
127 9
127 13
127 23
127 24
127 28
127 29
127 30
127 32
127 37
127 38
127 39
127 40
127 42
127 45
127 50
127 51
127 53
127 55
127 59
127 62
127 64
127 68
127 69
127 70
127 71
127 77
127 83
127 84
127 89
127 90
127 94
127 96
127 97
127 98
127 99
127 104
127 107
127 109
127 116
127 117
127 125
