0 0
0 5
0 7
0 8
0 9
0 10
0 13
0 14
0 16
0 17
0 18
0 26
0 27
0 30
0 33
0 35
0 37
0 38
0 42
0 44
0 45
0 47
0 48
0 49
0 58
0 59
0 62
0 66
0 68
0 69
0 75
0 77
0 79
0 82
0 85
0 86
0 91
0 92
0 93
0 96
0 97
0 99
0 100
0 102
0 103
0 105
0 109
0 110
0 111
0 113
0 116
0 121
0 122
0 127
1 4
1 7
1 8
1 10
1 14
1 18
1 21
1 25
1 26
1 27
1 28
1 29
1 32
1 33
1 37
1 38
1 42
1 43
1 46
1 50
1 51
1 52
1 53
1 54
1 57
1 61
1 62
1 63
1 64
1 67
1 72
1 74
1 78
1 79
1 81
1 83
1 94
1 95
1 96
1 97
1 99
1 101
1 102
1 106
1 111
1 112
1 113
1 118
1 120
1 121
1 123
1 125
2 0
2 2
2 3
2 4
2 10
2 11
2 12
2 13
2 14
2 19
2 20
2 21
2 23
2 28
2 31
2 33
2 39
2 40
2 41
2 43
2 44
2 46
2 49
2 51
2 52
2 53
2 54
2 55
2 56
2 57
2 58
2 59
2 61
2 63
2 64
2 65
2 66
2 67
2 68
2 72
2 77
2 81
2 83
2 84
2 85
2 86
2 87
2 89
2 92
2 93
2 95
2 96
2 98
2 99
2 100
2 101
2 105
2 110
2 114
2 116
2 117
2 118
2 119
2 121
2 122
2 123
2 124
2 127
3 1
3 4
3 7
3 8
3 10
3 11
3 19
3 21
3 22
3 23
3 26
3 28
3 29
3 30
3 32
3 37
3 40
3 41
3 46
3 47
3 48
3 49
3 50
3 53
3 55
3 56
3 58
3 59
3 61
3 68
3 69
3 74
3 75
3 77
3 79
3 81
3 83
3 84
3 85
3 86
3 87
3 89
3 91
3 96
3 100
3 101
3 105
3 111
3 113
3 114
3 115
3 116
3 118
3 119
3 120
3 124
3 127
4 1
4 2
4 3
4 5
4 7
4 8
4 10
4 12
4 13
4 16
4 17
4 19
4 23
4 25
4 26
4 27
4 28
4 31
4 32
4 38
4 40
4 42
4 43
4 44
4 45
4 47
4 49
4 52
4 54
4 56
4 57
4 58
4 59
4 61
4 62
4 64
4 65
4 67
4 69
4 70
4 71
4 73
4 77
4 78
4 79
4 80
4 84
4 89
4 90
4 94
4 95
4 96
4 97
4 100
4 101
4 107
4 108
4 110
4 114
4 115
4 116
4 117
4 118
4 121
4 123
4 124
5 0
5 5
5 8
5 9
5 10
5 12
5 13
5 15
5 17
5 22
5 23
5 30
5 31
5 33
5 35
5 36
5 38
5 40
5 48
5 50
5 59
5 60
5 68
5 70
5 72
5 73
5 74
5 78
5 91
5 92
5 93
5 97
5 98
5 99
5 102
5 105
5 108
5 113
5 116
5 120
5 125
5 127
6 0
6 1
6 3
6 6
6 10
6 12
6 13
6 15
6 20
6 21
6 22
6 26
6 27
6 28
6 31
6 32
6 33
6 35
6 38
6 41
6 43
6 44
6 49
6 50
6 51
6 52
6 56
6 58
6 63
6 65
6 67
6 68
6 70
6 72
6 79
6 81
6 82
6 84
6 90
6 95
6 96
6 97
6 98
6 99
6 106
6 108
6 109
6 110
6 111
6 114
6 116
6 117
6 118
6 120
6 123
6 125
6 126
6 127
7 2
7 3
7 5
7 7
7 8
7 10
7 11
7 19
7 20
7 21
7 26
7 28
7 29
7 32
7 35
7 37
7 40
7 49
7 51
7 54
7 57
7 58
7 59
7 60
7 67
7 71
7 75
7 76
7 78
7 79
7 81
7 82
7 84
7 88
7 89
7 92
7 95
7 98
7 101
7 103
7 105
7 106
7 107
7 108
7 109
7 110
7 111
7 114
7 124
7 125
7 127
8 0
8 2
8 3
8 11
8 12
8 13
8 18
8 22
8 23
8 24
8 25
8 27
8 28
8 34
8 35
8 37
8 38
8 42
8 47
8 52
8 56
8 57
8 58
8 62
8 64
8 67
8 68
8 69
8 74
8 76
8 78
8 79
8 83
8 93
8 94
8 95
8 98
8 102
8 103
8 104
8 107
8 108
8 113
8 114
8 117
8 120
8 121
8 123
8 125
8 126
9 2
9 4
9 5
9 6
9 9
9 15
9 18
9 19
9 22
9 23
9 25
9 29
9 32
9 34
9 35
9 37
9 38
9 39
9 41
9 43
9 44
9 46
9 48
9 51
9 54
9 56
9 57
9 60
9 66
9 70
9 72
9 77
9 81
9 82
9 83
9 86
9 89
9 90
9 91
9 97
9 99
9 100
9 101
9 102
9 104
9 109
9 110
9 114
9 115
9 118
9 119
9 120
9 126
10 0
10 1
10 3
10 4
10 8
10 9
10 11
10 15
10 17
10 18
10 19
10 20
10 22
10 25
10 31
10 37
10 41
10 44
10 45
10 47
10 48
10 52
10 53
10 54
10 55
10 59
10 61
10 63
10 64
10 65
10 68
10 70
10 71
10 75
10 76
10 84
10 86
10 90
10 91
10 94
10 98
10 102
10 119
10 120
10 122
10 124
10 126
10 127
11 5
11 7
11 10
11 11
11 14
11 20
11 22
11 24
11 26
11 31
11 32
11 35
11 37
11 40
11 42
11 43
11 45
11 47
11 48
11 54
11 55
11 56
11 57
11 62
11 64
11 65
11 66
11 67
11 68
11 70
11 71
11 74
11 75
11 84
11 90
11 95
11 97
11 99
11 100
11 102
11 105
11 107
11 108
11 109
11 111
11 121
11 122
11 124
12 1
12 3
12 8
12 10
12 12
12 18
12 20
12 25
12 37
12 40
12 46
12 47
12 53
12 54
12 56
12 58
12 61
12 62
12 63
12 66
12 67
12 70
12 73
12 75
12 77
12 81
12 86
12 87
12 91
12 92
12 93
12 95
12 97
12 98
12 99
12 105
12 111
12 113
12 115
12 116
12 117
12 121
12 123
12 125
13 1
13 2
13 3
13 5
13 7
13 8
13 9
13 10
13 15
13 16
13 17
13 19
13 21
13 22
13 27
13 30
13 37
13 38
13 39
13 41
13 43
13 44
13 45
13 46
13 47
13 48
13 49
13 50
13 54
13 56
13 57
13 58
13 59
13 62
13 63
13 65
13 66
13 67
13 70
13 72
13 73
13 78
13 80
13 82
13 84
13 88
13 90
13 91
13 93
13 94
13 95
13 97
13 101
13 102
13 103
13 104
13 105
13 106
13 109
13 113
13 119
13 120
13 122
13 125
13 127
14 0
14 2
14 5
14 11
14 12
14 13
14 16
14 18
14 21
14 30
14 37
14 38
14 39
14 40
14 43
14 44
14 48
14 49
14 52
14 53
14 56
14 57
14 59
14 63
14 65
14 67
14 69
14 71
14 73
14 74
14 78
14 88
14 89
14 90
14 91
14 93
14 95
14 101
14 102
14 107
14 109
14 115
14 119
14 121
14 124
14 126
15 0
15 1
15 6
15 7
15 11
15 17
15 18
15 19
15 21
15 22
15 23
15 24
15 26
15 28
15 29
15 36
15 39
15 42
15 43
15 45
15 46
15 49
15 57
15 62
15 65
15 66
15 71
15 72
15 77
15 79
15 80
15 85
15 87
15 93
15 94
15 97
15 104
15 115
15 120
15 122
16 0
16 6
16 8
16 9
16 11
16 12
16 15
16 16
16 17
16 19
16 21
16 26
16 28
16 31
16 35
16 36
16 38
16 43
16 44
16 46
16 52
16 57
16 58
16 60
16 61
16 64
16 71
16 72
16 73
16 77
16 78
16 80
16 83
16 84
16 86
16 89
16 93
16 94
16 96
16 98
16 102
16 103
16 106
16 108
16 110
16 112
16 114
16 117
16 118
16 124
16 127
17 2
17 6
17 10
17 13
17 14
17 15
17 16
17 18
17 23
17 25
17 28
17 33
17 40
17 42
17 43
17 44
17 49
17 53
17 54
17 56
17 60
17 61
17 64
17 66
17 69
17 72
17 73
17 77
17 79
17 80
17 81
17 84
17 85
17 87
17 88
17 89
17 90
17 95
17 96
17 98
17 103
17 105
17 107
17 112
17 116
17 118
17 120
17 122
18 8
18 12
18 13
18 15
18 17
18 19
18 20
18 23
18 24
18 26
18 27
18 33
18 34
18 37
18 38
18 41
18 42
18 44
18 46
18 48
18 53
18 54
18 58
18 60
18 61
18 64
18 65
18 66
18 68
18 72
18 75
18 76
18 80
18 81
18 85
18 89
18 91
18 94
18 101
18 105
18 107
18 110
18 113
18 115
18 119
18 120
18 121
18 123
18 126
18 127
19 1
19 2
19 6
19 8
19 10
19 13
19 14
19 15
19 16
19 17
19 19
19 22
19 24
19 25
19 28
19 39
19 40
19 41
19 43
19 44
19 50
19 52
19 53
19 55
19 57
19 59
19 65
19 68
19 70
19 72
19 73
19 75
19 77
19 79
19 82
19 86
19 87
19 88
19 96
19 97
19 98
19 99
19 103
19 104
19 105
19 117
19 119
19 120
19 124
19 125
20 0
20 3
20 6
20 7
20 9
20 11
20 12
20 16
20 18
20 19
20 21
20 22
20 23
20 26
20 27
20 28
20 32
20 36
20 37
20 41
20 47
20 51
20 52
20 53
20 57
20 59
20 61
20 65
20 67
20 68
20 69
20 70
20 71
20 72
20 74
20 76
20 79
20 81
20 86
20 92
20 94
20 95
20 97
20 101
20 104
20 115
20 116
20 118
20 119
20 120
20 121
20 125
20 126
21 6
21 9
21 13
21 14
21 15
21 17
21 19
21 20
21 23
21 29
21 31
21 34
21 38
21 41
21 42
21 43
21 44
21 45
21 51
21 54
21 55
21 59
21 60
21 61
21 62
21 63
21 64
21 70
21 73
21 77
21 79
21 83
21 84
21 88
21 90
21 92
21 100
21 101
21 104
21 109
21 110
21 112
21 113
21 114
21 117
21 124
21 125
22 0
22 2
22 3
22 5
22 7
22 10
22 11
22 15
22 16
22 19
22 23
22 26
22 27
22 28
22 29
22 31
22 32
22 34
22 35
22 36
22 37
22 38
22 39
22 41
22 42
22 45
22 47
22 53
22 56
22 61
22 62
22 64
22 65
22 66
22 68
22 74
22 75
22 76
22 78
22 80
22 83
22 84
22 85
22 86
22 87
22 90
22 93
22 97
22 100
22 105
22 107
22 108
22 110
22 111
22 114
22 115
22 117
22 118
22 122
22 124
23 12
23 14
23 15
23 16
23 17
23 18
23 23
23 24
23 28
23 33
23 35
23 36
23 40
23 44
23 49
23 54
23 57
23 64
23 66
23 68
23 73
23 74
23 76
23 78
23 79
23 80
23 81
23 84
23 85
23 88
23 91
23 95
23 96
23 97
23 98
23 99
23 100
23 103
23 106
23 112
23 116
23 117
23 120
23 122
23 127
24 0
24 2
24 4
24 5
24 6
24 9
24 11
24 12
24 13
24 14
24 15
24 16
24 17
24 18
24 20
24 21
24 22
24 24
24 26
24 27
24 29
24 30
24 32
24 34
24 35
24 40
24 41
24 43
24 44
24 47
24 48
24 50
24 51
24 61
24 63
24 64
24 66
24 67
24 69
24 70
24 71
24 72
24 73
24 75
24 82
24 83
24 85
24 93
24 94
24 97
24 103
24 105
24 115
24 116
24 117
24 118
24 120
24 121
25 1
25 8
25 9
25 10
25 11
25 13
25 17
25 19
25 21
25 22
25 23
25 26
25 31
25 32
25 33
25 36
25 39
25 41
25 42
25 43
25 45
25 46
25 50
25 52
25 54
25 56
25 57
25 59
25 67
25 68
25 69
25 70
25 72
25 73
25 74
25 76
25 78
25 80
25 81
25 83
25 91
25 93
25 96
25 97
25 98
25 99
25 102
25 105
25 109
25 111
25 113
25 118
25 120
25 123
25 127
26 1
26 5
26 6
26 7
26 8
26 10
26 12
26 18
26 21
26 23
26 25
26 33
26 35
26 36
26 37
26 40
26 42
26 43
26 44
26 47
26 49
26 53
26 54
26 55
26 57
26 58
26 60
26 62
26 63
26 64
26 66
26 68
26 70
26 73
26 74
26 75
26 81
26 82
26 95
26 101
26 102
26 103
26 109
26 110
26 111
26 112
26 115
26 116
26 118
26 121
26 125
26 126
26 127
27 0
27 1
27 4
27 5
27 9
27 11
27 14
27 16
27 17
27 18
27 20
27 21
27 23
27 24
27 28
27 32
27 33
27 36
27 45
27 47
27 48
27 50
27 56
27 60
27 67
27 70
27 71
27 75
27 76
27 79
27 83
27 85
27 87
27 88
27 90
27 97
27 100
27 106
27 114
27 116
27 117
27 119
27 121
27 122
27 125
28 2
28 3
28 6
28 8
28 10
28 11
28 16
28 19
28 20
28 22
28 24
28 25
28 27
28 32
28 39
28 40
28 41
28 42
28 43
28 44
28 47
28 50
28 56
28 60
28 61
28 62
28 65
28 67
28 69
28 77
28 83
28 89
28 91
28 92
28 93
28 95
28 96
28 98
28 99
28 100
28 104
28 105
28 106
28 107
28 110
28 112
28 115
28 117
28 118
28 121
28 122
28 123
29 2
29 9
29 11
29 12
29 13
29 15
29 18
29 19
29 20
29 21
29 23
29 28
29 33
29 35
29 36
29 37
29 45
29 46
29 48
29 49
29 50
29 51
29 56
29 57
29 58
29 64
29 66
29 68
29 76
29 78
29 79
29 80
29 82
29 83
29 84
29 86
29 88
29 90
29 91
29 95
29 96
29 97
29 99
29 102
29 106
29 110
29 112
29 114
29 116
29 117
29 118
29 119
29 120
29 121
29 124
29 125
30 3
30 10
30 13
30 16
30 22
30 23
30 28
30 34
30 35
30 39
30 41
30 42
30 44
30 46
30 50
30 53
30 55
30 56
30 58
30 61
30 62
30 63
30 67
30 69
30 71
30 73
30 76
30 79
30 91
30 92
30 94
30 95
30 100
30 103
30 106
30 108
30 109
30 110
30 111
30 118
30 123
31 3
31 4
31 6
31 7
31 8
31 9
31 11
31 12
31 13
31 14
31 15
31 17
31 20
31 21
31 23
31 25
31 26
31 28
31 29
31 30
31 31
31 34
31 36
31 38
31 39
31 43
31 44
31 45
31 49
31 52
31 55
31 61
31 64
31 65
31 66
31 68
31 73
31 76
31 77
31 83
31 86
31 87
31 91
31 92
31 93
31 98
31 101
31 102
31 104
31 105
31 106
31 107
31 108
31 110
31 111
31 112
31 114
31 116
31 120
31 121
31 122
31 123
31 124
31 125
31 126
32 0
32 4
32 6
32 8
32 10
32 12
32 13
32 16
32 17
32 19
32 23
32 24
32 25
32 26
32 31
32 36
32 39
32 48
32 49
32 50
32 51
32 52
32 55
32 61
32 62
32 68
32 74
32 79
32 80
32 81
32 82
32 85
32 86
32 90
32 96
32 97
32 98
32 99
32 100
32 105
32 111
32 116
32 118
32 122
32 123
32 124
33 0
33 2
33 6
33 7
33 11
33 13
33 16
33 17
33 20
33 21
33 24
33 26
33 29
33 31
33 39
33 41
33 46
33 49
33 52
33 58
33 64
33 65
33 68
33 70
33 71
33 72
33 75
33 76
33 78
33 80
33 82
33 84
33 88
33 90
33 91
33 94
33 100
33 106
33 107
33 111
33 116
33 119
33 120
33 121
33 122
33 123
33 127
34 2
34 3
34 6
34 10
34 16
34 20
34 22
34 23
34 24
34 25
34 28
34 29
34 30
34 36
34 37
34 39
34 42
34 43
34 45
34 48
34 56
34 58
34 61
34 67
34 71
34 72
34 74
34 75
34 76
34 83
34 84
34 90
34 92
34 96
34 97
34 102
34 105
34 106
34 107
34 110
34 112
34 113
34 115
34 116
34 117
34 118
34 121
34 125
35 1
35 3
35 4
35 6
35 8
35 9
35 15
35 17
35 18
35 19
35 28
35 29
35 31
35 32
35 33
35 34
35 38
35 40
35 41
35 46
35 47
35 49
35 51
35 52
35 53
35 55
35 56
35 60
35 63
35 64
35 65
35 66
35 67
35 70
35 74
35 76
35 77
35 81
35 84
35 85
35 89
35 96
35 98
35 99
35 102
35 108
35 111
35 114
35 118
35 122
35 123
35 124
35 126
36 3
36 4
36 6
36 10
36 12
36 14
36 17
36 19
36 20
36 22
36 23
36 27
36 28
36 31
36 32
36 33
36 39
36 41
36 42
36 43
36 45
36 49
36 50
36 51
36 59
36 65
36 69
36 70
36 71
36 72
36 73
36 74
36 79
36 82
36 88
36 91
36 94
36 95
36 101
36 102
36 104
36 105
36 110
36 115
36 117
36 120
36 121
36 125
36 126
37 2
37 4
37 5
37 6
37 7
37 12
37 13
37 14
37 17
37 18
37 24
37 31
37 33
37 34
37 36
37 39
37 42
37 43
37 45
37 46
37 48
37 49
37 51
37 53
37 54
37 57
37 59
37 63
37 73
37 75
37 77
37 79
37 81
37 83
37 88
37 90
37 92
37 94
37 98
37 99
37 104
37 105
37 107
37 109
37 110
37 111
37 116
37 119
37 123
38 1
38 7
38 10
38 12
38 18
38 21
38 25
38 27
38 28
38 32
38 33
38 34
38 35
38 36
38 40
38 42
38 46
38 49
38 50
38 54
38 62
38 64
38 65
38 66
38 69
38 70
38 73
38 76
38 81
38 83
38 87
38 90
38 92
38 94
38 97
38 99
38 100
38 101
38 102
38 105
38 106
38 108
38 109
38 111
38 113
38 116
38 119
38 120
38 121
38 127
39 2
39 3
39 9
39 10
39 12
39 14
39 20
39 21
39 22
39 24
39 27
39 28
39 30
39 31
39 35
39 37
39 38
39 42
39 43
39 45
39 46
39 49
39 52
39 53
39 66
39 68
39 69
39 70
39 72
39 73
39 78
39 81
39 87
39 88
39 89
39 90
39 91
39 93
39 94
39 99
39 101
39 106
39 109
39 111
39 113
39 114
39 115
39 116
39 120
39 122
39 125
40 0
40 1
40 2
40 4
40 5
40 6
40 8
40 9
40 18
40 19
40 20
40 21
40 22
40 24
40 25
40 34
40 36
40 43
40 44
40 46
40 49
40 50
40 52
40 53
40 56
40 58
40 59
40 60
40 67
40 72
40 73
40 75
40 77
40 79
40 86
40 87
40 90
40 93
40 95
40 97
40 99
40 100
40 102
40 103
40 104
40 106
40 107
40 110
40 113
40 115
40 117
40 118
40 120
40 122
40 125
40 126
40 127
41 3
41 8
41 14
41 17
41 18
41 22
41 24
41 25
41 28
41 30
41 34
41 36
41 37
41 39
41 43
41 44
41 46
41 48
41 50
41 53
41 54
41 55
41 60
41 61
41 62
41 70
41 71
41 72
41 73
41 77
41 79
41 80
41 85
41 87
41 89
41 90
41 91
41 93
41 95
41 100
41 102
41 108
41 110
41 112
41 113
41 114
41 115
41 116
41 117
41 119
41 120
41 121
41 125
41 126
42 0
42 4
42 5
42 9
42 12
42 13
42 15
42 17
42 19
42 23
42 24
42 27
42 31
42 32
42 33
42 39
42 40
42 42
42 44
42 49
42 58
42 59
42 61
42 63
42 65
42 77
42 82
42 84
42 85
42 86
42 87
42 88
42 89
42 93
42 94
42 95
42 96
42 99
42 102
42 104
42 105
42 106
42 107
42 113
42 118
42 119
42 121
42 124
42 125
43 0
43 1
43 3
43 11
43 12
43 13
43 21
43 22
43 30
43 33
43 34
43 35
43 37
43 40
43 41
43 43
43 45
43 46
43 52
43 54
43 57
43 59
43 63
43 64
43 65
43 66
43 67
43 71
43 73
43 78
43 80
43 86
43 87
43 90
43 93
43 95
43 96
43 98
43 99
43 101
43 106
43 108
43 109
43 111
43 112
43 113
43 116
43 119
43 122
43 125
44 0
44 3
44 5
44 6
44 8
44 9
44 14
44 16
44 18
44 23
44 28
44 30
44 31
44 38
44 42
44 49
44 50
44 56
44 58
44 61
44 63
44 67
44 69
44 73
44 75
44 77
44 78
44 81
44 82
44 85
44 88
44 91
44 92
44 95
44 96
44 97
44 98
44 105
44 106
44 110
44 114
44 117
44 118
44 120
45 1
45 11
45 15
45 16
45 27
45 28
45 35
45 39
45 42
45 43
45 44
45 45
45 46
45 53
45 54
45 60
45 62
45 67
45 71
45 72
45 74
45 75
45 76
45 79
45 81
45 84
45 91
45 92
45 93
45 95
45 98
45 101
45 102
45 103
45 105
45 106
45 107
45 108
45 109
45 111
45 112
45 113
45 114
45 115
45 116
45 119
45 124
45 127
46 0
46 3
46 7
46 12
46 16
46 17
46 22
46 23
46 24
46 27
46 28
46 34
46 35
46 36
46 37
46 39
46 42
46 47
46 48
46 49
46 54
46 56
46 57
46 58
46 63
46 64
46 65
46 69
46 75
46 79
46 80
46 83
46 86
46 89
46 96
46 98
46 101
46 103
46 104
46 108
46 110
46 115
46 116
46 117
46 118
46 119
46 123
46 124
46 125
46 127
47 0
47 4
47 5
47 8
47 9
47 10
47 12
47 14
47 17
47 20
47 21
47 22
47 23
47 28
47 29
47 30
47 31
47 33
47 34
47 35
47 36
47 41
47 42
47 44
47 46
47 49
47 51
47 53
47 55
47 57
47 58
47 59
47 62
47 63
47 65
47 66
47 67
47 69
47 70
47 71
47 72
47 73
47 77
47 78
47 81
47 82
47 84
47 85
47 89
47 93
47 94
47 96
47 101
47 102
47 105
47 108
47 109
47 112
47 115
47 117
47 122
47 123
47 126
47 127
48 2
48 3
48 4
48 6
48 8
48 13
48 20
48 21
48 23
48 29
48 32
48 35
48 40
48 46
48 49
48 52
48 53
48 55
48 56
48 57
48 66
48 67
48 68
48 71
48 74
48 75
48 76
48 81
48 82
48 85
48 86
48 89
48 103
48 104
48 107
48 108
48 111
48 113
48 114
48 116
48 117
48 120
48 121
48 123
48 124
48 125
48 126
49 0
49 4
49 7
49 8
49 11
49 13
49 15
49 16
49 18
49 22
49 24
49 25
49 28
49 34
49 36
49 38
49 39
49 40
49 44
49 45
49 46
49 47
49 49
49 53
49 56
49 57
49 60
49 62
49 63
49 67
49 72
49 75
49 77
49 80
49 81
49 82
49 83
49 84
49 94
49 96
49 99
49 100
49 104
49 105
49 107
49 108
49 110
49 117
49 123
49 127
50 3
50 5
50 7
50 8
50 9
50 18
50 19
50 22
50 23
50 26
50 27
50 28
50 30
50 32
50 35
50 37
50 38
50 39
50 40
50 42
50 45
50 46
50 47
50 52
50 59
50 61
50 67
50 70
50 75
50 76
50 77
50 80
50 81
50 82
50 85
50 93
50 97
50 98
50 100
50 101
50 102
50 103
50 107
50 109
50 110
50 111
50 113
50 114
50 116
50 122
50 124
50 125
50 127
51 2
51 3
51 4
51 11
51 12
51 16
51 20
51 21
51 22
51 27
51 28
51 31
51 33
51 38
51 40
51 42
51 48
51 50
51 51
51 52
51 53
51 57
51 58
51 63
51 68
51 73
51 76
51 80
51 83
51 86
51 88
51 89
51 90
51 91
51 92
51 93
51 95
51 98
51 101
51 109
51 110
51 111
51 112
51 113
51 114
51 117
51 121
51 123
51 125
51 126
52 0
52 2
52 4
52 5
52 7
52 16
52 20
52 23
52 29
52 30
52 31
52 35
52 38
52 39
52 44
52 45
52 46
52 49
52 50
52 51
52 52
52 54
52 60
52 61
52 62
52 64
52 70
52 71
52 72
52 73
52 76
52 78
52 81
52 82
52 84
52 85
52 86
52 89
52 93
52 94
52 96
52 97
52 98
52 102
52 104
52 106
52 107
52 109
52 113
52 116
52 118
52 120
52 121
53 3
53 6
53 8
53 9
53 10
53 14
53 16
53 20
53 25
53 26
53 27
53 28
53 30
53 31
53 32
53 33
53 35
53 39
53 41
53 44
53 49
53 50
53 55
53 57
53 61
53 62
53 64
53 65
53 68
53 69
53 70
53 71
53 73
53 74
53 76
53 77
53 78
53 80
53 81
53 82
53 83
53 84
53 88
53 91
53 99
53 102
53 103
53 106
53 110
53 112
53 114
53 116
53 119
53 120
53 121
53 122
53 125
53 126
54 3
54 5
54 6
54 11
54 12
54 14
54 15
54 17
54 18
54 21
54 29
54 30
54 31
54 35
54 43
54 44
54 46
54 47
54 48
54 49
54 52
54 54
54 55
54 57
54 65
54 67
54 68
54 70
54 73
54 74
54 76
54 77
54 78
54 80
54 82
54 83
54 86
54 88
54 89
54 90
54 93
54 95
54 96
54 100
54 103
54 105
54 106
54 108
54 109
54 113
54 115
54 116
54 121
54 125
54 126
55 2
55 3
55 5
55 7
55 8
55 9
55 11
55 12
55 13
55 14
55 16
55 19
55 20
55 23
55 25
55 28
55 35
55 39
55 40
55 42
55 48
55 53
55 57
55 59
55 61
55 62
55 64
55 66
55 70
55 73
55 75
55 79
55 83
55 84
55 85
55 86
55 87
55 88
55 89
55 94
55 102
55 104
55 106
55 109
55 113
55 117
55 119
56 0
56 3
56 8
56 11
56 12
56 19
56 21
56 23
56 24
56 25
56 27
56 29
56 39
56 42
56 47
56 50
56 56
56 57
56 64
56 66
56 67
56 68
56 69
56 70
56 71
56 72
56 74
56 75
56 76
56 81
56 84
56 89
56 90
56 93
56 94
56 96
56 98
56 99
56 101
56 103
56 106
56 107
56 108
56 110
56 114
56 117
56 118
56 119
56 121
56 125
56 126
56 127
57 0
57 1
57 3
57 5
57 6
57 8
57 9
57 10
57 14
57 17
57 20
57 21
57 22
57 25
57 27
57 30
57 34
57 35
57 36
57 38
57 40
57 50
57 51
57 52
57 55
57 58
57 59
57 60
57 64
57 65
57 74
57 79
57 82
57 83
57 85
57 86
57 90
57 92
57 98
57 101
57 104
57 105
57 106
57 107
57 112
57 114
57 115
57 117
57 121
57 124
57 125
57 127
58 0
58 1
58 3
58 5
58 11
58 13
58 17
58 19
58 22
58 24
58 25
58 26
58 30
58 31
58 37
58 38
58 44
58 49
58 50
58 51
58 53
58 57
58 58
58 61
58 62
58 64
58 65
58 66
58 69
58 70
58 75
58 82
58 86
58 87
58 88
58 91
58 100
58 101
58 104
58 107
58 108
58 110
58 113
58 114
58 117
58 119
58 125
58 126
59 4
59 5
59 9
59 12
59 15
59 16
59 19
59 26
59 29
59 32
59 36
59 39
59 40
59 43
59 44
59 48
59 53
59 55
59 57
59 60
59 65
59 66
59 68
59 69
59 71
59 72
59 74
59 78
59 79
59 80
59 81
59 82
59 84
59 88
59 89
59 90
59 92
59 100
59 103
59 104
59 106
59 107
59 110
59 112
59 114
59 115
59 116
59 118
59 120
59 122
59 125
59 127
60 2
60 5
60 8
60 14
60 15
60 19
60 20
60 21
60 23
60 24
60 28
60 30
60 31
60 32
60 33
60 36
60 37
60 44
60 47
60 50
60 54
60 55
60 60
60 61
60 62
60 63
60 69
60 72
60 74
60 76
60 77
60 81
60 82
60 84
60 85
60 86
60 88
60 90
60 91
60 94
60 99
60 101
60 102
60 104
60 105
60 113
60 115
60 116
60 117
60 118
60 119
60 123
60 124
60 127
61 1
61 2
61 4
61 5
61 6
61 8
61 10
61 22
61 25
61 32
61 34
61 35
61 38
61 42
61 44
61 53
61 54
61 55
61 56
61 59
61 60
61 61
61 64
61 65
61 66
61 69
61 70
61 72
61 79
61 82
61 86
61 87
61 88
61 92
61 93
61 94
61 95
61 97
61 98
61 99
61 103
61 104
61 106
61 107
61 110
61 112
61 113
61 117
61 118
61 119
61 120
61 121
61 122
61 123
61 124
61 126
62 0
62 6
62 12
62 13
62 17
62 18
62 26
62 27
62 29
62 31
62 32
62 37
62 40
62 41
62 44
62 46
62 52
62 53
62 54
62 55
62 62
62 65
62 67
62 68
62 69
62 70
62 71
62 77
62 81
62 82
62 84
62 85
62 89
62 92
62 94
62 98
62 99
62 102
62 105
62 107
62 111
62 115
62 116
62 117
62 118
62 122
62 124
63 4
63 6
63 10
63 12
63 14
63 18
63 20
63 21
63 26
63 31
63 37
63 38
63 40
63 45
63 52
63 56
63 57
63 59
63 60
63 63
63 68
63 81
63 84
63 88
63 92
63 95
63 96
63 97
63 99
63 107
63 109
63 113
63 114
63 115
63 116
63 117
63 121
63 122
63 127
64 2
64 4
64 5
64 6
64 7
64 13
64 14
64 16
64 18
64 21
64 22
64 25
64 27
64 33
64 37
64 38
64 40
64 49
64 52
64 56
64 60
64 63
64 74
64 75
64 76
64 78
64 80
64 81
64 83
64 86
64 87
64 88
64 97
64 98
64 101
64 103
64 105
64 107
64 109
64 110
64 112
64 113
64 116
64 120
64 125
65 3
65 5
65 7
65 8
65 10
65 17
65 18
65 20
65 22
65 23
65 25
65 27
65 29
65 32
65 36
65 38
65 39
65 40
65 42
65 45
65 49
65 50
65 56
65 61
65 64
65 65
65 68
65 69
65 76
65 80
65 82
65 83
65 84
65 85
65 88
65 89
65 90
65 94
65 95
65 96
65 101
65 103
65 104
65 108
65 109
65 113
65 115
65 117
65 120
65 121
65 122
65 124
65 125
65 127
66 1
66 5
66 7
66 9
66 10
66 11
66 13
66 16
66 17
66 18
66 19
66 22
66 23
66 25
66 26
66 30
66 34
66 38
66 47
66 48
66 52
66 57
66 58
66 59
66 60
66 62
66 64
66 67
66 75
66 76
66 79
66 81
66 82
66 84
66 86
66 89
66 91
66 101
66 103
66 104
66 106
66 107
66 110
66 111
66 113
66 117
66 122
66 126
66 127
67 2
67 6
67 10
67 13
67 14
67 23
67 25
67 28
67 32
67 33
67 34
67 35
67 38
67 39
67 42
67 43
67 46
67 49
67 53
67 54
67 60
67 62
67 70
67 74
67 75
67 76
67 78
67 80
67 89
67 91
67 92
67 95
67 96
67 98
67 99
67 102
67 103
67 110
67 115
67 118
67 125
67 126
68 0
68 1
68 3
68 6
68 7
68 11
68 14
68 16
68 19
68 20
68 22
68 25
68 30
68 32
68 33
68 36
68 40
68 44
68 45
68 46
68 48
68 51
68 52
68 53
68 60
68 61
68 66
68 67
68 71
68 72
68 73
68 77
68 78
68 79
68 81
68 84
68 86
68 88
68 89
68 93
68 98
68 99
68 101
68 102
68 104
68 111
68 112
68 116
68 118
68 121
68 122
68 126
69 0
69 2
69 7
69 11
69 14
69 16
69 17
69 18
69 20
69 21
69 24
69 25
69 32
69 34
69 36
69 43
69 48
69 50
69 52
69 54
69 56
69 57
69 61
69 64
69 68
69 71
69 74
69 78
69 79
69 89
69 90
69 93
69 97
69 102
69 111
69 113
69 115
69 117
69 120
69 121
69 123
69 124
69 125
69 126
69 127
70 1
70 2
70 4
70 7
70 10
70 15
70 18
70 22
70 24
70 25
70 32
70 33
70 35
70 36
70 37
70 41
70 44
70 45
70 46
70 48
70 51
70 52
70 53
70 54
70 60
70 64
70 65
70 69
70 73
70 74
70 76
70 77
70 78
70 81
70 88
70 89
70 91
70 92
70 93
70 97
70 101
70 102
70 104
70 105
70 108
70 109
70 110
70 113
70 116
70 117
70 119
70 121
70 124
70 126
71 0
71 1
71 5
71 6
71 8
71 12
71 26
71 31
71 33
71 34
71 38
71 46
71 49
71 51
71 52
71 53
71 56
71 60
71 65
71 66
71 67
71 69
71 70
71 71
71 72
71 75
71 76
71 78
71 79
71 81
71 85
71 86
71 90
71 96
71 98
71 99
71 100
71 101
71 104
71 105
71 108
71 115
71 117
71 118
71 121
71 122
71 125
72 1
72 2
72 5
72 7
72 8
72 10
72 11
72 15
72 17
72 20
72 21
72 24
72 28
72 30
72 32
72 34
72 35
72 37
72 38
72 39
72 43
72 46
72 47
72 50
72 51
72 56
72 60
72 61
72 63
72 73
72 76
72 77
72 78
72 81
72 83
72 88
72 90
72 94
72 98
72 99
72 101
72 104
72 105
72 106
72 108
72 109
72 110
72 117
72 118
72 119
72 120
72 121
72 122
72 123
72 127
73 4
73 6
73 11
73 12
73 13
73 14
73 15
73 16
73 17
73 18
73 19
73 21
73 23
73 25
73 31
73 32
73 33
73 37
73 38
73 39
73 40
73 41
73 42
73 48
73 49
73 50
73 53
73 54
73 56
73 59
73 60
73 64
73 67
73 69
73 71
73 73
73 74
73 75
73 76
73 80
73 82
73 83
73 84
73 86
73 87
73 90
73 92
73 94
73 95
73 96
73 97
73 100
73 102
73 104
73 111
73 112
73 113
73 116
73 118
73 120
73 121
73 126
74 1
74 5
74 6
74 8
74 11
74 12
74 20
74 22
74 24
74 25
74 26
74 28
74 30
74 32
74 37
74 38
74 39
74 44
74 55
74 56
74 58
74 59
74 64
74 65
74 69
74 70
74 71
74 73
74 74
74 81
74 83
74 90
74 93
74 94
74 96
74 97
74 99
74 103
74 106
74 109
74 112
74 120
74 121
74 122
74 125
74 127
75 0
75 5
75 8
75 10
75 12
75 13
75 17
75 21
75 22
75 26
75 27
75 28
75 29
75 31
75 33
75 34
75 38
75 39
75 40
75 41
75 43
75 45
75 48
75 53
75 55
75 58
75 59
75 61
75 62
75 63
75 65
75 66
75 68
75 70
75 71
75 72
75 73
75 74
75 76
75 78
75 79
75 80
75 83
75 85
75 87
75 88
75 92
75 93
75 95
75 96
75 98
75 100
75 101
75 107
75 110
75 114
75 116
75 120
75 122
75 124
75 127
76 0
76 3
76 4
76 5
76 7
76 14
76 16
76 22
76 25
76 26
76 33
76 35
76 38
76 41
76 43
76 45
76 46
76 47
76 48
76 51
76 53
76 56
76 57
76 58
76 59
76 62
76 65
76 66
76 69
76 72
76 73
76 78
76 85
76 92
76 94
76 99
76 104
76 106
76 108
76 110
76 112
76 114
76 115
76 117
76 119
76 124
77 0
77 2
77 5
77 11
77 16
77 23
77 24
77 28
77 32
77 35
77 37
77 45
77 46
77 48
77 49
77 50
77 53
77 55
77 56
77 57
77 61
77 62
77 65
77 67
77 68
77 74
77 77
77 81
77 90
77 93
77 94
77 96
77 101
77 106
77 108
77 109
77 110
77 118
77 121
77 122
77 125
78 0
78 1
78 2
78 3
78 4
78 7
78 12
78 13
78 14
78 16
78 21
78 22
78 28
78 29
78 32
78 36
78 37
78 38
78 39
78 41
78 43
78 45
78 46
78 53
78 58
78 59
78 64
78 65
78 69
78 70
78 71
78 72
78 76
78 77
78 79
78 82
78 83
78 85
78 86
78 87
78 88
78 89
78 93
78 97
78 98
78 102
78 104
78 106
78 107
78 109
78 111
78 114
78 116
78 120
79 0
79 2
79 4
79 5
79 13
79 14
79 15
79 16
79 19
79 21
79 22
79 25
79 28
79 29
79 30
79 31
79 32
79 43
79 47
79 48
79 51
79 53
79 54
79 57
79 59
79 61
79 66
79 67
79 71
79 72
79 77
79 79
79 81
79 82
79 84
79 91
79 93
79 94
79 97
79 99
79 100
79 103
79 104
79 107
79 108
79 110
79 121
79 123
79 126
79 127
80 0
80 1
80 4
80 7
80 8
80 14
80 15
80 18
80 19
80 20
80 21
80 23
80 24
80 26
80 28
80 30
80 31
80 32
80 34
80 41
80 42
80 43
80 46
80 50
80 51
80 52
80 53
80 54
80 55
80 60
80 64
80 68
80 69
80 71
80 72
80 73
80 75
80 77
80 78
80 79
80 82
80 85
80 87
80 88
80 89
80 90
80 92
80 97
80 99
80 101
80 104
80 108
80 109
80 110
80 117
80 122
80 123
80 124
80 125
81 1
81 2
81 4
81 5
81 6
81 7
81 10
81 11
81 14
81 15
81 17
81 18
81 22
81 25
81 26
81 27
81 28
81 31
81 35
81 40
81 41
81 42
81 43
81 49
81 51
81 54
81 55
81 57
81 59
81 65
81 66
81 70
81 72
81 74
81 77
81 81
81 82
81 83
81 90
81 91
81 97
81 102
81 103
81 104
81 105
81 109
81 110
81 111
81 113
81 114
81 115
81 118
81 121
81 123
81 125
82 0
82 1
82 5
82 6
82 10
82 16
82 17
82 18
82 21
82 22
82 24
82 25
82 27
82 28
82 30
82 31
82 33
82 34
82 37
82 41
82 42
82 46
82 50
82 51
82 52
82 53
82 55
82 58
82 61
82 62
82 63
82 65
82 67
82 68
82 73
82 75
82 76
82 77
82 79
82 80
82 81
82 83
82 85
82 86
82 88
82 91
82 94
82 98
82 101
82 103
82 105
82 106
82 108
82 113
82 115
82 116
82 121
82 122
82 124
82 125
83 0
83 1
83 2
83 5
83 14
83 21
83 22
83 26
83 28
83 29
83 32
83 38
83 42
83 44
83 46
83 47
83 54
83 55
83 56
83 58
83 62
83 63
83 67
83 69
83 72
83 82
83 84
83 85
83 86
83 94
83 98
83 99
83 102
83 103
83 104
83 108
83 109
83 111
83 112
83 116
83 118
83 122
83 126
84 0
84 3
84 9
84 16
84 17
84 19
84 21
84 22
84 25
84 32
84 33
84 36
84 39
84 45
84 48
84 50
84 52
84 53
84 55
84 60
84 65
84 66
84 70
84 73
84 74
84 76
84 80
84 83
84 84
84 85
84 86
84 89
84 92
84 97
84 99
84 103
84 104
84 107
84 112
84 117
84 118
84 121
84 122
84 123
84 124
84 126
85 0
85 2
85 5
85 6
85 8
85 14
85 16
85 19
85 20
85 24
85 27
85 28
85 30
85 35
85 36
85 39
85 42
85 43
85 45
85 47
85 50
85 51
85 52
85 53
85 60
85 62
85 64
85 66
85 68
85 69
85 76
85 77
85 80
85 82
85 85
85 87
85 88
85 89
85 91
85 93
85 94
85 97
85 98
85 101
85 103
85 105
85 111
85 112
85 113
85 115
85 116
85 118
85 119
85 125
85 126
85 127
86 0
86 4
86 9
86 11
86 12
86 16
86 17
86 22
86 28
86 30
86 34
86 40
86 43
86 46
86 47
86 49
86 50
86 52
86 56
86 59
86 62
86 64
86 65
86 66
86 67
86 72
86 76
86 87
86 88
86 89
86 92
86 94
86 95
86 97
86 98
86 99
86 100
86 101
86 102
86 106
86 108
86 113
86 114
86 117
86 118
86 119
86 120
86 121
86 124
87 0
87 7
87 22
87 24
87 25
87 26
87 27
87 31
87 33
87 35
87 38
87 40
87 43
87 44
87 45
87 49
87 50
87 55
87 56
87 64
87 68
87 72
87 73
87 77
87 78
87 80
87 87
87 88
87 89
87 91
87 93
87 94
87 96
87 97
87 100
87 104
87 107
87 108
87 111
87 113
87 114
87 118
87 122
87 124
87 126
88 0
88 1
88 5
88 13
88 15
88 17
88 19
88 20
88 22
88 23
88 24
88 25
88 27
88 28
88 31
88 32
88 40
88 44
88 46
88 56
88 57
88 62
88 63
88 65
88 68
88 70
88 75
88 83
88 88
88 95
88 97
88 98
88 99
88 101
88 113
88 115
88 116
88 117
88 118
88 123
88 126
88 127
89 1
89 2
89 5
89 7
89 8
89 10
89 14
89 15
89 16
89 18
89 20
89 21
89 23
89 29
89 30
89 34
89 36
89 39
89 41
89 42
89 43
89 44
89 46
89 52
89 53
89 56
89 57
89 58
89 64
89 65
89 66
89 67
89 68
89 70
89 73
89 76
89 78
89 79
89 82
89 83
89 85
89 87
89 88
89 89
89 90
89 93
89 96
89 98
89 99
89 100
89 105
89 106
89 108
89 110
89 112
89 114
89 117
89 118
89 123
89 124
89 126
90 1
90 5
90 11
90 22
90 24
90 25
90 30
90 33
90 34
90 36
90 37
90 39
90 40
90 44
90 49
90 50
90 53
90 59
90 61
90 63
90 64
90 65
90 66
90 68
90 69
90 71
90 74
90 76
90 78
90 81
90 84
90 88
90 89
90 90
90 96
90 98
90 103
90 107
90 108
90 110
90 113
90 115
90 116
90 120
90 122
90 125
91 0
91 1
91 2
91 5
91 7
91 10
91 15
91 16
91 17
91 21
91 27
91 30
91 31
91 33
91 34
91 38
91 39
91 40
91 41
91 42
91 44
91 46
91 47
91 50
91 51
91 52
91 54
91 56
91 58
91 61
91 67
91 69
91 77
91 78
91 80
91 82
91 85
91 87
91 88
91 92
91 93
91 95
91 98
91 99
91 101
91 102
91 106
91 113
91 115
91 116
91 117
91 124
91 126
91 127
92 0
92 2
92 4
92 5
92 6
92 11
92 13
92 14
92 15
92 16
92 20
92 23
92 24
92 29
92 30
92 32
92 36
92 56
92 58
92 60
92 61
92 62
92 65
92 66
92 68
92 71
92 73
92 74
92 75
92 80
92 84
92 85
92 87
92 91
92 92
92 94
92 95
92 96
92 106
92 107
92 109
92 110
92 113
92 118
92 119
92 123
92 125
92 126
93 2
93 10
93 17
93 21
93 22
93 25
93 26
93 27
93 29
93 31
93 33
93 38
93 40
93 44
93 45
93 48
93 49
93 53
93 55
93 61
93 62
93 63
93 65
93 68
93 70
93 79
93 80
93 81
93 83
93 85
93 91
93 92
93 94
93 95
93 97
93 98
93 100
93 101
93 102
93 103
93 107
93 108
93 109
93 110
93 111
93 117
93 119
93 122
93 126
94 3
94 4
94 9
94 15
94 17
94 19
94 24
94 26
94 27
94 29
94 32
94 33
94 41
94 42
94 44
94 46
94 47
94 50
94 51
94 60
94 63
94 73
94 74
94 75
94 77
94 84
94 85
94 86
94 91
94 92
94 93
94 95
94 103
94 109
94 110
94 112
94 113
94 115
94 119
94 120
94 121
94 124
94 125
95 1
95 2
95 3
95 7
95 9
95 10
95 13
95 14
95 16
95 17
95 22
95 25
95 26
95 28
95 32
95 33
95 35
95 37
95 38
95 41
95 42
95 44
95 49
95 50
95 52
95 53
95 54
95 55
95 57
95 59
95 67
95 72
95 75
95 78
95 79
95 80
95 81
95 83
95 90
95 92
95 94
95 95
95 96
95 98
95 99
95 100
95 101
95 104
95 106
95 107
95 108
95 111
95 112
95 114
95 115
95 116
95 117
95 119
95 122
95 125
96 2
96 5
96 11
96 14
96 17
96 19
96 22
96 23
96 25
96 26
96 30
96 39
96 48
96 49
96 53
96 54
96 58
96 59
96 63
96 66
96 69
96 71
96 72
96 76
96 80
96 84
96 85
96 87
96 88
96 89
96 90
96 92
96 95
96 96
96 99
96 100
96 102
96 104
96 112
96 113
96 114
96 119
96 121
96 124
96 125
96 126
96 127
97 1
97 8
97 11
97 13
97 14
97 15
97 20
97 21
97 24
97 29
97 30
97 32
97 33
97 35
97 38
97 39
97 40
97 41
97 44
97 45
97 46
97 48
97 50
97 54
97 55
97 56
97 57
97 58
97 60
97 61
97 62
97 64
97 65
97 69
97 70
97 72
97 73
97 76
97 78
97 80
97 82
97 84
97 86
97 87
97 92
97 95
97 96
97 97
97 98
97 101
97 105
97 111
97 113
97 117
97 121
97 126
98 4
98 7
98 9
98 10
98 12
98 13
98 15
98 20
98 23
98 26
98 29
98 30
98 31
98 33
98 35
98 38
98 41
98 45
98 46
98 48
98 50
98 52
98 55
98 56
98 60
98 69
98 74
98 80
98 83
98 86
98 88
98 90
98 92
98 93
98 94
98 96
98 97
98 98
98 100
98 104
98 105
98 108
98 113
98 114
98 115
98 116
98 120
98 121
98 123
98 124
98 126
99 0
99 2
99 9
99 10
99 11
99 15
99 18
99 20
99 22
99 25
99 27
99 30
99 35
99 36
99 37
99 39
99 40
99 42
99 45
99 46
99 48
99 49
99 50
99 51
99 52
99 53
99 54
99 55
99 57
99 60
99 61
99 62
99 65
99 70
99 71
99 72
99 73
99 74
99 83
99 84
99 86
99 87
99 88
99 93
99 94
99 96
99 100
99 101
99 102
99 104
99 105
99 107
99 112
99 114
99 117
99 122
99 124
100 0
100 4
100 7
100 9
100 18
100 21
100 22
100 23
100 24
100 26
100 29
100 31
100 34
100 36
100 38
100 41
100 44
100 45
100 48
100 49
100 56
100 59
100 60
100 63
100 65
100 66
100 70
100 71
100 75
100 76
100 80
100 81
100 85
100 86
100 87
100 92
100 95
100 96
100 100
100 101
100 105
100 108
100 109
100 110
100 115
100 116
100 117
100 124
100 127
101 6
101 8
101 9
101 12
101 13
101 18
101 19
101 20
101 21
101 26
101 27
101 28
101 30
101 31
101 32
101 35
101 37
101 42
101 43
101 46
101 47
101 48
101 49
101 51
101 56
101 58
101 59
101 60
101 68
101 69
101 72
101 73
101 74
101 79
101 82
101 85
101 86
101 87
101 93
101 95
101 98
101 101
101 103
101 106
101 107
101 109
101 110
101 111
101 112
101 113
101 114
101 120
101 121
101 122
101 124
101 126
102 2
102 3
102 4
102 5
102 7
102 9
102 10
102 12
102 13
102 14
102 15
102 25
102 26
102 27
102 32
102 34
102 38
102 40
102 41
102 44
102 46
102 51
102 59
102 67
102 68
102 69
102 81
102 82
102 83
102 87
102 88
102 89
102 91
102 93
102 94
102 96
102 99
102 101
102 104
102 107
102 108
102 113
102 116
102 118
102 121
102 123
103 0
103 1
103 9
103 17
103 19
103 20
103 21
103 23
103 28
103 29
103 30
103 37
103 39
103 41
103 43
103 45
103 47
103 48
103 52
103 53
103 57
103 58
103 61
103 62
103 64
103 65
103 67
103 69
103 74
103 75
103 78
103 79
103 80
103 83
103 85
103 87
103 91
103 93
103 95
103 98
103 99
103 104
103 106
103 115
103 116
103 120
103 122
103 123
103 124
103 126
104 0
104 2
104 5
104 10
104 11
104 12
104 13
104 16
104 19
104 21
104 26
104 29
104 32
104 34
104 37
104 38
104 41
104 44
104 45
104 54
104 55
104 61
104 62
104 63
104 66
104 69
104 76
104 79
104 80
104 81
104 83
104 84
104 88
104 91
104 92
104 95
104 96
104 97
104 98
104 99
104 104
104 110
104 111
104 112
104 116
104 119
104 123
104 127
105 0
105 1
105 3
105 5
105 11
105 13
105 14
105 16
105 24
105 26
105 27
105 29
105 30
105 33
105 34
105 36
105 39
105 42
105 45
105 46
105 48
105 49
105 50
105 51
105 52
105 54
105 55
105 56
105 58
105 59
105 63
105 64
105 65
105 66
105 68
105 71
105 78
105 83
105 90
105 91
105 93
105 94
105 95
105 96
105 100
105 105
105 107
105 108
105 110
105 111
105 113
105 115
105 117
105 118
105 119
105 123
105 125
105 126
106 1
106 7
106 11
106 12
106 14
106 15
106 19
106 21
106 22
106 25
106 27
106 28
106 30
106 31
106 33
106 38
106 39
106 42
106 46
106 53
106 55
106 56
106 59
106 60
106 61
106 62
106 63
106 64
106 65
106 66
106 68
106 75
106 77
106 81
106 82
106 83
106 84
106 85
106 87
106 89
106 97
106 100
106 101
106 102
106 103
106 106
106 107
106 108
106 111
106 112
106 115
106 117
106 118
106 122
106 124
106 125
106 126
107 0
107 4
107 7
107 8
107 10
107 11
107 12
107 14
107 15
107 16
107 18
107 19
107 20
107 26
107 27
107 29
107 34
107 36
107 41
107 42
107 43
107 46
107 50
107 54
107 56
107 57
107 58
107 61
107 62
107 65
107 66
107 68
107 69
107 75
107 76
107 77
107 78
107 81
107 82
107 83
107 89
107 90
107 91
107 92
107 93
107 94
107 96
107 100
107 102
107 103
107 104
107 110
107 112
107 115
107 118
107 119
107 125
107 126
108 1
108 2
108 7
108 16
108 19
108 21
108 22
108 23
108 29
108 30
108 34
108 35
108 36
108 39
108 40
108 51
108 53
108 55
108 56
108 58
108 59
108 63
108 64
108 66
108 67
108 72
108 73
108 76
108 77
108 79
108 81
108 82
108 84
108 88
108 89
108 90
108 93
108 94
108 98
108 103
108 105
108 108
108 113
108 114
108 115
108 116
108 121
108 124
109 0
109 1
109 4
109 9
109 11
109 13
109 20
109 21
109 24
109 25
109 26
109 27
109 28
109 30
109 32
109 35
109 40
109 42
109 47
109 48
109 51
109 52
109 56
109 57
109 58
109 65
109 68
109 71
109 78
109 82
109 86
109 87
109 90
109 94
109 95
109 97
109 100
109 102
109 104
109 105
109 110
109 112
109 114
109 116
109 118
109 123
109 125
109 126
110 3
110 4
110 8
110 15
110 16
110 18
110 19
110 20
110 21
110 22
110 24
110 26
110 27
110 28
110 29
110 30
110 33
110 34
110 39
110 40
110 41
110 42
110 43
110 44
110 46
110 47
110 49
110 50
110 51
110 53
110 54
110 58
110 61
110 63
110 64
110 65
110 67
110 70
110 73
110 78
110 85
110 87
110 89
110 92
110 97
110 99
110 101
110 103
110 104
110 105
110 107
110 116
110 121
110 122
110 123
110 126
110 127
111 1
111 4
111 6
111 9
111 12
111 15
111 19
111 21
111 23
111 26
111 32
111 33
111 35
111 37
111 38
111 39
111 42
111 43
111 44
111 53
111 55
111 56
111 57
111 61
111 63
111 67
111 70
111 73
111 75
111 78
111 81
111 87
111 91
111 92
111 95
111 96
111 98
111 106
111 107
111 113
111 115
111 117
111 118
111 119
111 122
112 1
112 2
112 4
112 7
112 8
112 10
112 11
112 12
112 13
112 14
112 16
112 18
112 22
112 25
112 26
112 31
112 36
112 37
112 38
112 40
112 41
112 48
112 49
112 50
112 51
112 52
112 54
112 59
112 60
112 62
112 65
112 67
112 70
112 72
112 74
112 78
112 84
112 87
112 91
112 93
112 94
112 95
112 96
112 98
112 100
112 101
112 103
112 109
112 112
112 113
112 115
112 118
112 122
112 126
113 0
113 1
113 3
113 4
113 9
113 10
113 13
113 15
113 16
113 17
113 19
113 20
113 21
113 22
113 26
113 29
113 30
113 31
113 32
113 37
113 40
113 42
113 44
113 45
113 46
113 47
113 50
113 59
113 60
113 64
113 67
113 69
113 70
113 72
113 73
113 74
113 79
113 81
113 82
113 85
113 87
113 90
113 91
113 94
113 97
113 98
113 100
113 102
113 103
113 104
113 105
113 107
113 108
113 109
113 111
113 112
113 114
113 115
113 116
113 119
113 123
114 2
114 4
114 6
114 7
114 8
114 13
114 15
114 17
114 19
114 24
114 29
114 32
114 34
114 39
114 41
114 43
114 44
114 49
114 50
114 51
114 53
114 54
114 57
114 59
114 62
114 68
114 73
114 74
114 76
114 82
114 85
114 86
114 87
114 88
114 91
114 92
114 93
114 95
114 101
114 104
114 111
114 112
114 113
114 114
114 116
114 119
114 120
114 125
115 0
115 3
115 9
115 12
115 14
115 17
115 19
115 22
115 27
115 33
115 34
115 35
115 37
115 40
115 41
115 43
115 44
115 46
115 51
115 52
115 53
115 65
115 67
115 71
115 76
115 77
115 79
115 81
115 82
115 84
115 86
115 87
115 88
115 90
115 91
115 92
115 93
115 94
115 95
115 96
115 99
115 100
115 107
115 109
115 110
115 111
115 114
115 118
115 120
115 125
115 127
116 0
116 2
116 3
116 4
116 5
116 9
116 15
116 16
116 17
116 18
116 24
116 25
116 27
116 30
116 31
116 32
116 34
116 35
116 37
116 48
116 49
116 54
116 57
116 58
116 60
116 64
116 66
116 67
116 70
116 79
116 80
116 81
116 84
116 85
116 86
116 89
116 92
116 94
116 96
116 100
116 107
116 110
116 116
116 119
116 121
116 122
116 123
116 125
116 126
117 3
117 10
117 11
117 12
117 13
117 14
117 15
117 24
117 31
117 33
117 36
117 37
117 44
117 49
117 51
117 53
117 55
117 57
117 58
117 59
117 60
117 63
117 64
117 69
117 77
117 78
117 80
117 86
117 101
117 103
117 104
117 105
117 106
117 108
117 109
117 110
117 111
117 112
117 113
117 115
117 121
117 122
117 126
118 4
118 5
118 8
118 9
118 11
118 12
118 14
118 18
118 19
118 25
118 26
118 27
118 28
118 33
118 34
118 35
118 36
118 41
118 42
118 43
118 45
118 47
118 48
118 52
118 53
118 58
118 59
118 61
118 62
118 63
118 64
118 67
118 72
118 73
118 77
118 79
118 82
118 85
118 86
118 87
118 88
118 92
118 93
118 99
118 105
118 108
118 110
118 111
118 116
118 118
118 123
118 125
118 127
119 0
119 3
119 10
119 12
119 16
119 20
119 21
119 25
119 26
119 27
119 28
119 38
119 40
119 41
119 43
119 48
119 51
119 55
119 58
119 61
119 63
119 68
119 70
119 74
119 76
119 78
119 79
119 80
119 82
119 84
119 85
119 90
119 93
119 94
119 97
119 98
119 99
119 100
119 102
119 104
119 106
119 107
119 110
119 114
119 118
119 119
119 121
119 123
119 124
119 125
119 127
120 0
120 4
120 7
120 9
120 10
120 14
120 17
120 18
120 19
120 20
120 22
120 25
120 27
120 30
120 33
120 35
120 37
120 39
120 40
120 42
120 43
120 44
120 45
120 49
120 50
120 52
120 53
120 54
120 56
120 57
120 59
120 68
120 70
120 78
120 79
120 88
120 91
120 92
120 93
120 95
120 96
120 98
120 99
120 102
120 104
120 105
120 106
120 107
120 110
120 113
120 114
120 115
120 117
120 118
120 119
120 120
120 121
120 123
120 125
120 126
121 4
121 5
121 7
121 10
121 17
121 19
121 21
121 25
121 28
121 29
121 31
121 32
121 33
121 38
121 39
121 52
121 54
121 58
121 60
121 62
121 64
121 69
121 72
121 73
121 74
121 80
121 82
121 83
121 87
121 88
121 90
121 92
121 94
121 100
121 104
121 107
121 109
121 114
121 115
121 117
121 120
121 122
121 126
121 127
122 0
122 4
122 6
122 8
122 9
122 12
122 13
122 14
122 16
122 17
122 19
122 20
122 22
122 23
122 25
122 27
122 28
122 29
122 30
122 34
122 35
122 36
122 39
122 46
122 50
122 51
122 52
122 54
122 60
122 64
122 65
122 68
122 69
122 72
122 75
122 77
122 78
122 79
122 84
122 88
122 90
122 92
122 93
122 97
122 98
122 100
122 102
122 103
122 105
122 109
122 111
122 116
122 117
122 123
122 126
123 1
123 3
123 7
123 11
123 14
123 19
123 21
123 23
123 25
123 26
123 30
123 31
123 32
123 33
123 38
123 39
123 49
123 51
123 52
123 55
123 59
123 61
123 65
123 66
123 72
123 74
123 75
123 79
123 80
123 81
123 82
123 84
123 85
123 87
123 88
123 89
123 90
123 91
123 93
123 94
123 98
123 102
123 107
123 111
123 112
123 116
123 122
123 125
124 0
124 1
124 2
124 3
124 6
124 10
124 16
124 17
124 19
124 20
124 23
124 24
124 28
124 34
124 38
124 40
124 41
124 43
124 44
124 45
124 46
124 49
124 50
124 51
124 53
124 54
124 58
124 64
124 66
124 68
124 71
124 74
124 78
124 81
124 84
124 86
124 88
124 89
124 93
124 99
124 100
124 101
124 102
124 106
124 109
124 111
124 114
124 116
124 119
124 120
124 123
124 125
125 0
125 2
125 4
125 6
125 10
125 11
125 12
125 17
125 19
125 20
125 21
125 25
125 26
125 33
125 36
125 43
125 44
125 45
125 47
125 51
125 53
125 54
125 56
125 57
125 58
125 62
125 65
125 67
125 74
125 82
125 84
125 85
125 88
125 92
125 94
125 96
125 100
125 104
125 105
125 109
125 110
125 116
125 117
125 121
125 123
125 126
126 2
126 6
126 7
126 9
126 10
126 17
126 20
126 21
126 25
126 29
126 34
126 37
126 45
126 48
126 49
126 50
126 52
126 53
126 55
126 59
126 60
126 61
126 62
126 64
126 65
126 68
126 72
126 74
126 78
126 81
126 82
126 83
126 86
126 92
126 98
126 102
126 103
126 104
126 105
126 107
126 108
126 114
126 123
126 124
126 127
127 5
127 6
127 11
127 13
127 14
127 15
127 17
127 24
127 27
127 28
127 29
127 31
127 32
127 40
127 41
127 42
127 45
127 46
127 52
127 58
127 63
127 65
127 66
127 69
127 70
127 71
127 72
127 81
127 86
127 87
127 88
127 89
127 93
127 94
127 96
127 98
127 100
127 104
127 106
127 108
127 110
127 111
127 114
127 115
127 116
127 118
127 122
127 123
127 124
127 125
127 127
