0 0
0 3
0 5
0 7
0 8
0 10
0 11
0 13
0 14
0 17
0 18
0 20
0 21
0 22
0 24
0 30
0 31
0 33
0 34
0 35
0 36
0 37
0 39
0 40
0 41
0 42
0 45
0 46
0 50
0 51
0 52
0 54
0 56
0 59
0 60
0 64
0 65
0 67
0 68
0 70
0 74
0 78
0 80
0 82
0 83
0 84
0 85
0 89
0 90
0 94
0 95
0 96
0 98
0 99
0 100
0 101
0 103
0 104
0 106
0 107
0 108
0 111
0 112
0 114
0 115
0 118
0 121
0 122
0 124
0 125
1 2
1 3
1 4
1 6
1 7
1 9
1 10
1 11
1 14
1 16
1 23
1 25
1 27
1 28
1 30
1 33
1 35
1 37
1 38
1 39
1 40
1 41
1 42
1 43
1 44
1 45
1 46
1 50
1 54
1 56
1 57
1 58
1 59
1 60
1 65
1 66
1 67
1 68
1 69
1 73
1 77
1 81
1 83
1 87
1 90
1 95
1 97
1 98
1 99
1 100
1 102
1 103
1 104
1 110
1 111
1 119
1 122
1 123
1 125
1 127
2 0
2 2
2 8
2 9
2 11
2 14
2 16
2 17
2 22
2 25
2 26
2 27
2 31
2 35
2 40
2 43
2 49
2 50
2 53
2 54
2 55
2 60
2 62
2 63
2 65
2 66
2 71
2 73
2 74
2 75
2 79
2 83
2 84
2 87
2 88
2 90
2 91
2 93
2 94
2 95
2 97
2 99
2 100
2 101
2 103
2 104
2 105
2 111
2 112
2 115
2 117
2 120
2 121
2 122
2 123
3 1
3 2
3 5
3 10
3 11
3 12
3 15
3 16
3 18
3 20
3 22
3 29
3 30
3 32
3 34
3 35
3 37
3 38
3 39
3 40
3 42
3 43
3 44
3 47
3 49
3 51
3 52
3 53
3 55
3 56
3 58
3 59
3 60
3 67
3 68
3 69
3 71
3 72
3 75
3 76
3 77
3 78
3 80
3 81
3 82
3 84
3 85
3 88
3 89
3 91
3 92
3 94
3 98
3 100
3 103
3 104
3 105
3 106
3 107
3 108
3 109
3 112
3 113
3 114
3 118
3 119
3 121
3 122
3 124
4 0
4 2
4 5
4 6
4 8
4 9
4 10
4 12
4 13
4 14
4 20
4 21
4 26
4 29
4 35
4 36
4 39
4 41
4 43
4 46
4 47
4 48
4 52
4 53
4 55
4 56
4 60
4 64
4 69
4 70
4 71
4 74
4 78
4 80
4 81
4 85
4 86
4 87
4 93
4 96
4 104
4 111
4 112
4 114
4 116
4 119
4 120
4 121
4 122
4 123
4 124
4 127
5 0
5 2
5 4
5 8
5 10
5 17
5 20
5 21
5 22
5 26
5 28
5 29
5 30
5 31
5 32
5 35
5 36
5 40
5 44
5 46
5 47
5 48
5 49
5 50
5 51
5 52
5 54
5 55
5 56
5 58
5 60
5 61
5 62
5 65
5 70
5 73
5 75
5 76
5 78
5 79
5 80
5 82
5 85
5 86
5 89
5 97
5 99
5 105
5 110
5 114
5 118
5 119
5 122
5 123
5 124
5 126
5 127
6 0
6 2
6 5
6 10
6 11
6 15
6 18
6 19
6 20
6 21
6 23
6 24
6 27
6 28
6 30
6 32
6 33
6 34
6 35
6 37
6 39
6 42
6 46
6 47
6 48
6 50
6 52
6 55
6 57
6 64
6 67
6 69
6 71
6 77
6 79
6 81
6 83
6 84
6 85
6 87
6 90
6 91
6 93
6 94
6 96
6 98
6 99
6 102
6 104
6 107
6 109
6 110
6 111
6 112
6 114
6 115
6 117
6 119
6 124
6 125
7 4
7 6
7 7
7 9
7 11
7 12
7 13
7 17
7 18
7 20
7 22
7 23
7 25
7 26
7 28
7 32
7 33
7 34
7 35
7 39
7 40
7 41
7 43
7 45
7 51
7 53
7 55
7 56
7 57
7 60
7 63
7 64
7 65
7 67
7 68
7 72
7 74
7 75
7 79
7 80
7 84
7 86
7 87
7 88
7 89
7 93
7 94
7 96
7 99
7 100
7 102
7 103
7 104
7 108
7 109
7 113
7 116
7 118
7 119
7 124
7 126
8 4
8 7
8 8
8 10
8 11
8 12
8 13
8 14
8 15
8 18
8 19
8 20
8 21
8 24
8 27
8 28
8 29
8 35
8 37
8 38
8 39
8 41
8 43
8 49
8 50
8 51
8 52
8 54
8 56
8 57
8 59
8 62
8 63
8 66
8 68
8 71
8 72
8 73
8 74
8 75
8 76
8 80
8 83
8 86
8 87
8 90
8 91
8 93
8 97
8 98
8 102
8 104
8 106
8 109
8 112
8 113
8 114
8 117
8 119
8 121
8 123
8 124
8 126
8 127
9 2
9 3
9 8
9 9
9 12
9 13
9 16
9 17
9 21
9 22
9 27
9 31
9 32
9 35
9 42
9 45
9 46
9 47
9 49
9 50
9 52
9 54
9 55
9 58
9 59
9 62
9 63
9 67
9 69
9 75
9 77
9 78
9 80
9 81
9 82
9 83
9 84
9 86
9 89
9 90
9 94
9 96
9 97
9 98
9 99
9 101
9 102
9 103
9 105
9 106
9 109
9 111
9 112
9 113
9 115
9 116
9 117
9 118
9 119
9 120
9 121
9 122
9 123
9 124
9 126
10 0
10 2
10 4
10 7
10 8
10 10
10 11
10 13
10 16
10 17
10 19
10 20
10 25
10 26
10 27
10 28
10 29
10 31
10 32
10 34
10 37
10 38
10 39
10 41
10 45
10 48
10 51
10 52
10 54
10 55
10 57
10 58
10 60
10 62
10 63
10 64
10 68
10 70
10 72
10 75
10 76
10 77
10 78
10 80
10 82
10 87
10 93
10 97
10 101
10 104
10 108
10 109
10 112
10 114
10 116
10 118
10 120
10 122
10 124
10 125
10 126
11 0
11 2
11 3
11 5
11 6
11 8
11 11
11 12
11 13
11 14
11 18
11 21
11 23
11 26
11 27
11 28
11 30
11 31
11 33
11 34
11 35
11 37
11 43
11 44
11 45
11 46
11 49
11 50
11 51
11 52
11 53
11 55
11 60
11 61
11 62
11 64
11 65
11 66
11 69
11 72
11 73
11 75
11 76
11 84
11 89
11 90
11 91
11 92
11 93
11 95
11 97
11 99
11 102
11 103
11 108
11 110
11 114
11 116
11 118
11 122
11 123
11 124
11 127
12 1
12 5
12 6
12 8
12 12
12 13
12 21
12 22
12 23
12 25
12 26
12 27
12 28
12 30
12 33
12 34
12 35
12 36
12 37
12 40
12 41
12 45
12 46
12 47
12 50
12 54
12 55
12 57
12 58
12 60
12 62
12 64
12 65
12 67
12 69
12 70
12 76
12 77
12 79
12 82
12 84
12 86
12 87
12 89
12 90
12 91
12 93
12 94
12 96
12 97
12 98
12 102
12 104
12 105
12 106
12 107
12 108
12 109
12 111
12 113
12 115
12 116
12 117
12 118
12 119
12 120
12 127
13 0
13 2
13 3
13 5
13 6
13 8
13 9
13 12
13 13
13 14
13 15
13 17
13 20
13 22
13 23
13 26
13 28
13 37
13 40
13 42
13 43
13 44
13 47
13 48
13 49
13 51
13 52
13 53
13 54
13 55
13 56
13 57
13 59
13 60
13 61
13 62
13 63
13 64
13 65
13 67
13 68
13 69
13 70
13 71
13 72
13 74
13 76
13 77
13 78
13 79
13 82
13 84
13 87
13 89
13 92
13 93
13 94
13 95
13 98
13 100
13 101
13 102
13 105
13 106
13 107
13 110
13 111
13 115
13 116
13 117
13 118
13 120
13 122
13 123
13 126
13 127
14 3
14 4
14 9
14 11
14 13
14 16
14 17
14 22
14 23
14 25
14 26
14 27
14 29
14 30
14 31
14 33
14 34
14 38
14 39
14 42
14 43
14 44
14 46
14 47
14 48
14 49
14 50
14 52
14 53
14 59
14 60
14 63
14 64
14 66
14 67
14 68
14 69
14 70
14 71
14 76
14 78
14 81
14 83
14 87
14 88
14 90
14 92
14 93
14 95
14 97
14 99
14 100
14 105
14 106
14 108
14 110
14 111
14 113
14 114
14 115
14 117
14 120
14 122
14 124
14 125
14 127
15 0
15 2
15 3
15 4
15 5
15 7
15 11
15 12
15 18
15 19
15 21
15 22
15 23
15 24
15 25
15 27
15 31
15 34
15 35
15 36
15 39
15 41
15 43
15 45
15 49
15 50
15 53
15 54
15 55
15 57
15 58
15 59
15 61
15 68
15 69
15 70
15 71
15 72
15 75
15 77
15 78
15 79
15 80
15 82
15 83
15 86
15 87
15 88
15 98
15 99
15 108
15 109
15 110
15 111
15 112
15 116
15 117
15 120
15 122
15 124
16 0
16 2
16 5
16 6
16 7
16 9
16 14
16 15
16 17
16 19
16 22
16 26
16 27
16 28
16 30
16 31
16 32
16 33
16 34
16 36
16 37
16 39
16 40
16 43
16 45
16 47
16 49
16 50
16 53
16 56
16 59
16 60
16 64
16 65
16 66
16 67
16 71
16 73
16 75
16 77
16 79
16 80
16 81
16 82
16 83
16 86
16 88
16 90
16 91
16 92
16 94
16 96
16 98
16 101
16 102
16 105
16 106
16 107
16 110
16 114
16 115
16 116
16 119
16 120
16 123
16 124
16 125
16 126
16 127
17 1
17 3
17 5
17 14
17 15
17 16
17 19
17 21
17 23
17 24
17 26
17 27
17 28
17 29
17 31
17 32
17 33
17 35
17 37
17 38
17 40
17 41
17 43
17 50
17 52
17 53
17 56
17 57
17 58
17 59
17 60
17 63
17 64
17 65
17 70
17 71
17 72
17 77
17 81
17 83
17 84
17 85
17 86
17 87
17 88
17 90
17 92
17 94
17 95
17 96
17 97
17 98
17 99
17 102
17 104
17 107
17 108
17 109
17 114
17 115
17 118
17 122
17 124
17 127
18 3
18 4
18 8
18 9
18 11
18 13
18 15
18 16
18 17
18 18
18 19
18 21
18 22
18 23
18 24
18 25
18 26
18 27
18 33
18 35
18 36
18 40
18 42
18 45
18 48
18 49
18 53
18 54
18 55
18 59
18 60
18 62
18 64
18 66
18 67
18 70
18 72
18 74
18 78
18 79
18 84
18 85
18 90
18 91
18 92
18 93
18 94
18 97
18 102
18 103
18 105
18 106
18 107
18 109
18 110
18 111
18 115
18 116
18 121
18 122
18 123
18 126
18 127
19 0
19 1
19 3
19 7
19 8
19 9
19 12
19 14
19 15
19 19
19 20
19 22
19 23
19 24
19 25
19 28
19 31
19 32
19 33
19 36
19 37
19 39
19 43
19 44
19 45
19 46
19 47
19 50
19 51
19 58
19 60
19 62
19 63
19 64
19 65
19 67
19 68
19 70
19 71
19 72
19 74
19 78
19 81
19 83
19 84
19 85
19 87
19 88
19 89
19 96
19 98
19 99
19 101
19 102
19 103
19 105
19 106
19 107
19 108
19 110
19 111
19 113
19 116
19 117
19 118
19 119
19 120
19 121
19 123
19 124
19 126
20 0
20 1
20 3
20 4
20 5
20 6
20 8
20 10
20 15
20 18
20 24
20 26
20 29
20 30
20 33
20 36
20 40
20 41
20 42
20 44
20 45
20 48
20 49
20 51
20 54
20 55
20 58
20 60
20 61
20 62
20 64
20 65
20 67
20 68
20 69
20 70
20 72
20 73
20 76
20 77
20 81
20 82
20 84
20 87
20 90
20 92
20 95
20 98
20 101
20 102
20 103
20 109
20 110
20 115
20 117
20 118
20 119
20 120
20 123
20 125
20 126
21 2
21 3
21 4
21 5
21 7
21 9
21 12
21 13
21 17
21 18
21 20
21 23
21 24
21 28
21 30
21 33
21 34
21 35
21 36
21 40
21 42
21 44
21 45
21 48
21 52
21 54
21 56
21 57
21 58
21 59
21 60
21 61
21 62
21 63
21 65
21 66
21 67
21 68
21 69
21 70
21 72
21 73
21 74
21 78
21 80
21 81
21 83
21 85
21 87
21 88
21 89
21 96
21 97
21 100
21 101
21 103
21 104
21 105
21 106
21 110
21 111
21 113
21 114
21 117
21 125
21 126
22 1
22 2
22 4
22 7
22 9
22 11
22 13
22 16
22 17
22 21
22 22
22 23
22 25
22 28
22 29
22 31
22 32
22 34
22 38
22 39
22 40
22 41
22 43
22 45
22 47
22 48
22 49
22 52
22 53
22 56
22 57
22 59
22 61
22 62
22 67
22 70
22 72
22 73
22 74
22 75
22 76
22 77
22 78
22 80
22 86
22 89
22 90
22 91
22 93
22 95
22 96
22 97
22 99
22 100
22 101
22 105
22 108
22 109
22 110
22 112
22 113
22 114
22 116
22 117
22 120
22 122
22 123
22 124
23 1
23 3
23 4
23 9
23 10
23 11
23 13
23 16
23 18
23 21
23 23
23 28
23 29
23 30
23 34
23 37
23 39
23 41
23 46
23 47
23 51
23 52
23 57
23 59
23 62
23 63
23 64
23 66
23 67
23 68
23 69
23 76
23 78
23 79
23 80
23 83
23 86
23 89
23 90
23 93
23 97
23 99
23 101
23 105
23 106
23 109
23 110
23 115
23 118
23 122
23 125
23 126
24 1
24 9
24 10
24 11
24 12
24 17
24 18
24 21
24 22
24 26
24 27
24 28
24 33
24 35
24 40
24 42
24 43
24 45
24 46
24 49
24 50
24 51
24 58
24 63
24 65
24 69
24 76
24 80
24 83
24 84
24 93
24 95
24 96
24 102
24 104
24 106
24 107
24 108
24 110
24 111
24 112
24 113
24 114
24 117
24 118
24 119
24 120
24 121
24 125
24 126
24 127
25 0
25 1
25 2
25 5
25 6
25 7
25 10
25 12
25 13
25 16
25 19
25 22
25 25
25 28
25 30
25 31
25 33
25 35
25 36
25 37
25 39
25 43
25 44
25 49
25 50
25 53
25 58
25 59
25 61
25 63
25 65
25 67
25 71
25 73
25 74
25 80
25 81
25 82
25 83
25 85
25 86
25 87
25 92
25 93
25 94
25 96
25 98
25 99
25 100
25 102
25 105
25 108
25 109
25 110
25 111
25 112
25 113
25 114
25 116
25 123
25 124
26 3
26 5
26 6
26 7
26 9
26 15
26 19
26 20
26 21
26 23
26 24
26 27
26 28
26 29
26 32
26 33
26 37
26 38
26 40
26 41
26 45
26 46
26 47
26 48
26 49
26 50
26 52
26 56
26 57
26 60
26 62
26 63
26 64
26 66
26 67
26 70
26 71
26 73
26 74
26 75
26 78
26 80
26 84
26 86
26 89
26 91
26 92
26 93
26 95
26 96
26 97
26 100
26 102
26 104
26 108
26 110
26 111
26 113
26 114
26 115
26 116
26 119
26 127
27 1
27 3
27 4
27 5
27 6
27 7
27 9
27 15
27 17
27 20
27 26
27 35
27 38
27 40
27 45
27 50
27 51
27 52
27 53
27 54
27 60
27 62
27 63
27 64
27 68
27 69
27 71
27 73
27 74
27 75
27 76
27 78
27 79
27 81
27 83
27 84
27 88
27 91
27 94
27 95
27 97
27 98
27 101
27 103
27 105
27 109
27 110
27 112
27 113
27 114
27 115
27 117
27 118
27 119
27 120
27 122
27 126
27 127
28 0
28 1
28 2
28 4
28 8
28 13
28 14
28 17
28 18
28 19
28 22
28 23
28 24
28 26
28 28
28 29
28 32
28 33
28 35
28 37
28 38
28 39
28 40
28 42
28 45
28 47
28 49
28 50
28 53
28 56
28 60
28 62
28 68
28 69
28 70
28 71
28 72
28 76
28 77
28 80
28 84
28 87
28 88
28 90
28 91
28 94
28 95
28 96
28 97
28 99
28 101
28 102
28 104
28 105
28 108
28 109
28 112
28 118
28 119
28 121
28 122
28 126
28 127
29 6
29 7
29 8
29 9
29 10
29 13
29 14
29 15
29 17
29 19
29 20
29 21
29 22
29 23
29 25
29 26
29 28
29 29
29 31
29 32
29 33
29 37
29 38
29 40
29 41
29 43
29 44
29 45
29 46
29 47
29 48
29 49
29 53
29 54
29 57
29 58
29 59
29 60
29 61
29 63
29 64
29 65
29 72
29 73
29 74
29 75
29 77
29 79
29 80
29 81
29 82
29 88
29 90
29 91
29 94
29 96
29 97
29 98
29 99
29 100
29 103
29 105
29 110
29 111
29 114
29 115
29 118
29 119
29 120
29 121
29 122
30 0
30 3
30 4
30 6
30 7
30 8
30 9
30 11
30 15
30 16
30 18
30 20
30 21
30 22
30 24
30 27
30 29
30 30
30 31
30 34
30 35
30 36
30 38
30 41
30 42
30 46
30 50
30 51
30 54
30 55
30 57
30 62
30 63
30 64
30 65
30 67
30 69
30 72
30 74
30 75
30 76
30 77
30 78
30 80
30 81
30 82
30 83
30 86
30 90
30 94
30 97
30 98
30 102
30 103
30 104
30 105
30 107
30 108
30 109
30 110
30 112
30 113
30 114
30 118
30 119
30 122
30 125
31 1
31 3
31 7
31 8
31 9
31 14
31 15
31 18
31 21
31 24
31 25
31 26
31 29
31 31
31 33
31 34
31 36
31 37
31 40
31 42
31 44
31 48
31 49
31 51
31 53
31 55
31 60
31 62
31 64
31 65
31 67
31 71
31 72
31 73
31 75
31 76
31 77
31 78
31 79
31 80
31 81
31 82
31 84
31 85
31 87
31 88
31 90
31 93
31 98
31 100
31 101
31 102
31 105
31 107
31 108
31 109
31 111
31 117
31 119
31 121
31 122
31 126
31 127
32 4
32 7
32 8
32 11
32 13
32 19
32 24
32 25
32 29
32 30
32 32
32 34
32 36
32 40
32 42
32 43
32 44
32 45
32 46
32 47
32 49
32 54
32 56
32 57
32 58
32 61
32 62
32 65
32 67
32 68
32 69
32 71
32 73
32 75
32 79
32 80
32 81
32 83
32 85
32 86
32 91
32 96
32 100
32 102
32 107
32 109
32 115
32 119
32 120
32 122
32 123
32 126
32 127
33 1
33 2
33 3
33 5
33 6
33 7
33 8
33 10
33 11
33 12
33 19
33 28
33 30
33 32
33 33
33 34
33 38
33 39
33 41
33 43
33 46
33 48
33 49
33 51
33 52
33 53
33 54
33 56
33 60
33 62
33 63
33 67
33 69
33 73
33 75
33 76
33 82
33 83
33 85
33 87
33 89
33 90
33 91
33 95
33 97
33 100
33 106
33 107
33 109
33 110
33 111
33 112
33 113
33 114
33 115
33 116
33 117
33 119
33 123
33 126
34 0
34 3
34 4
34 5
34 6
34 7
34 11
34 12
34 13
34 15
34 16
34 22
34 25
34 30
34 31
34 32
34 36
34 37
34 40
34 41
34 43
34 45
34 46
34 48
34 50
34 51
34 56
34 57
34 59
34 60
34 62
34 63
34 68
34 70
34 72
34 74
34 76
34 78
34 80
34 82
34 85
34 87
34 88
34 89
34 92
34 94
34 95
34 96
34 97
34 100
34 103
34 106
34 107
34 110
34 113
34 115
34 116
34 120
34 121
34 124
35 0
35 1
35 2
35 5
35 9
35 11
35 16
35 17
35 18
35 19
35 20
35 24
35 27
35 29
35 30
35 31
35 32
35 36
35 37
35 38
35 39
35 41
35 42
35 45
35 47
35 48
35 49
35 51
35 52
35 53
35 55
35 56
35 59
35 60
35 63
35 65
35 66
35 68
35 70
35 73
35 74
35 75
35 77
35 81
35 82
35 84
35 86
35 87
35 89
35 90
35 92
35 93
35 95
35 97
35 99
35 103
35 105
35 108
35 109
35 110
35 112
35 118
35 119
35 120
35 121
35 122
35 123
35 126
36 0
36 1
36 3
36 5
36 6
36 11
36 12
36 15
36 16
36 17
36 20
36 23
36 26
36 27
36 29
36 31
36 34
36 35
36 37
36 39
36 40
36 41
36 42
36 43
36 44
36 49
36 55
36 57
36 58
36 59
36 62
36 63
36 64
36 66
36 69
36 75
36 76
36 77
36 78
36 80
36 84
36 85
36 88
36 89
36 91
36 95
36 103
36 104
36 110
36 112
36 115
36 116
36 119
36 120
36 122
37 0
37 2
37 4
37 5
37 7
37 9
37 12
37 13
37 16
37 18
37 19
37 20
37 22
37 23
37 26
37 27
37 28
37 30
37 31
37 34
37 35
37 37
37 38
37 40
37 42
37 43
37 44
37 46
37 50
37 51
37 53
37 55
37 56
37 57
37 59
37 60
37 61
37 62
37 67
37 73
37 74
37 76
37 77
37 79
37 80
37 83
37 84
37 90
37 91
37 92
37 93
37 97
37 98
37 99
37 100
37 101
37 103
37 105
37 108
37 110
37 111
37 112
37 115
37 118
37 119
37 121
37 122
37 123
37 124
37 126
38 0
38 2
38 5
38 7
38 8
38 11
38 14
38 15
38 23
38 26
38 29
38 32
38 38
38 39
38 41
38 42
38 43
38 44
38 45
38 54
38 55
38 58
38 61
38 63
38 64
38 65
38 66
38 67
38 68
38 69
38 71
38 75
38 77
38 78
38 79
38 85
38 86
38 87
38 88
38 95
38 96
38 97
38 100
38 102
38 105
38 106
38 107
38 108
38 110
38 111
38 113
38 116
38 117
38 119
38 123
39 0
39 1
39 3
39 4
39 5
39 7
39 8
39 9
39 14
39 17
39 18
39 20
39 21
39 22
39 25
39 26
39 27
39 35
39 38
39 42
39 43
39 45
39 47
39 53
39 56
39 58
39 59
39 62
39 63
39 65
39 67
39 71
39 72
39 73
39 75
39 79
39 80
39 82
39 87
39 90
39 92
39 97
39 99
39 102
39 104
39 105
39 106
39 108
39 109
39 111
39 113
39 116
39 118
39 120
39 121
40 1
40 2
40 4
40 5
40 10
40 11
40 15
40 16
40 18
40 25
40 28
40 29
40 30
40 31
40 32
40 33
40 35
40 37
40 42
40 46
40 47
40 53
40 55
40 59
40 60
40 61
40 63
40 64
40 66
40 68
40 69
40 72
40 74
40 77
40 78
40 80
40 84
40 87
40 89
40 90
40 91
40 92
40 95
40 96
40 101
40 105
40 108
40 110
40 111
40 112
40 115
40 116
40 119
40 120
40 122
40 123
40 124
40 125
40 126
41 3
41 5
41 6
41 8
41 10
41 11
41 12
41 13
41 15
41 16
41 17
41 18
41 20
41 21
41 24
41 26
41 33
41 35
41 39
41 40
41 45
41 48
41 51
41 53
41 56
41 57
41 59
41 60
41 62
41 64
41 65
41 72
41 74
41 75
41 76
41 77
41 79
41 80
41 81
41 86
41 87
41 89
41 91
41 93
41 96
41 100
41 101
41 103
41 104
41 105
41 109
41 110
41 114
41 116
41 120
41 124
41 126
41 127
42 0
42 4
42 6
42 8
42 11
42 13
42 14
42 16
42 21
42 22
42 23
42 24
42 25
42 29
42 32
42 33
42 35
42 36
42 39
42 40
42 42
42 43
42 47
42 48
42 51
42 54
42 56
42 59
42 60
42 61
42 62
42 63
42 66
42 68
42 69
42 71
42 78
42 80
42 81
42 82
42 84
42 86
42 88
42 89
42 92
42 93
42 95
42 96
42 103
42 107
42 110
42 112
42 114
42 116
42 118
42 120
42 125
42 126
43 0
43 3
43 4
43 5
43 7
43 10
43 13
43 14
43 16
43 17
43 18
43 21
43 23
43 24
43 25
43 26
43 27
43 28
43 29
43 30
43 32
43 35
43 38
43 39
43 40
43 41
43 45
43 46
43 47
43 51
43 53
43 55
43 56
43 60
43 61
43 62
43 67
43 68
43 69
43 72
43 73
43 74
43 75
43 76
43 77
43 81
43 83
43 85
43 86
43 91
43 93
43 94
43 98
43 99
43 101
43 102
43 106
43 107
43 108
43 109
43 112
43 113
43 114
43 117
43 118
43 120
43 121
43 125
43 127
44 0
44 1
44 2
44 3
44 4
44 8
44 10
44 11
44 13
44 17
44 18
44 23
44 26
44 27
44 29
44 34
44 37
44 38
44 39
44 41
44 42
44 44
44 45
44 46
44 49
44 50
44 51
44 55
44 56
44 59
44 60
44 61
44 64
44 67
44 68
44 69
44 73
44 74
44 76
44 77
44 78
44 82
44 85
44 86
44 88
44 89
44 90
44 92
44 95
44 100
44 101
44 102
44 103
44 106
44 109
44 110
44 113
44 114
44 120
44 121
44 125
45 1
45 2
45 3
45 5
45 6
45 7
45 10
45 12
45 14
45 18
45 19
45 21
45 25
45 26
45 28
45 29
45 34
45 36
45 42
45 43
45 45
45 46
45 47
45 49
45 51
45 52
45 55
45 56
45 58
45 60
45 62
45 63
45 65
45 66
45 67
45 72
45 74
45 75
45 78
45 80
45 84
45 85
45 92
45 97
45 98
45 100
45 104
45 106
45 110
45 114
45 115
45 116
45 118
45 123
45 124
45 125
45 127
46 1
46 2
46 5
46 8
46 9
46 10
46 11
46 15
46 18
46 19
46 20
46 21
46 22
46 25
46 29
46 30
46 31
46 35
46 37
46 38
46 40
46 42
46 43
46 45
46 47
46 48
46 49
46 51
46 53
46 54
46 57
46 58
46 62
46 63
46 65
46 66
46 67
46 68
46 72
46 76
46 77
46 80
46 81
46 88
46 91
46 95
46 98
46 99
46 102
46 104
46 105
46 106
46 108
46 109
46 110
46 112
46 117
46 118
46 120
46 124
47 0
47 1
47 6
47 7
47 11
47 14
47 15
47 19
47 20
47 22
47 29
47 30
47 31
47 32
47 33
47 35
47 38
47 39
47 40
47 41
47 43
47 48
47 49
47 50
47 51
47 52
47 53
47 54
47 57
47 62
47 67
47 69
47 71
47 73
47 74
47 76
47 77
47 81
47 82
47 83
47 84
47 88
47 91
47 94
47 95
47 97
47 102
47 104
47 105
47 110
47 111
47 112
47 114
47 115
47 116
47 117
47 121
47 122
47 123
47 124
47 126
47 127
48 0
48 6
48 7
48 8
48 10
48 12
48 13
48 15
48 18
48 19
48 20
48 22
48 24
48 25
48 26
48 27
48 29
48 32
48 33
48 35
48 36
48 44
48 45
48 46
48 49
48 53
48 54
48 56
48 57
48 59
48 63
48 64
48 65
48 66
48 67
48 69
48 70
48 71
48 74
48 78
48 80
48 82
48 83
48 84
48 85
48 88
48 89
48 91
48 94
48 95
48 96
48 98
48 99
48 101
48 103
48 105
48 106
48 107
48 109
48 113
48 114
48 116
48 118
48 121
48 125
48 127
49 0
49 2
49 3
49 7
49 10
49 13
49 14
49 15
49 17
49 20
49 21
49 24
49 26
49 27
49 29
49 31
49 32
49 34
49 35
49 36
49 37
49 39
49 40
49 42
49 46
49 47
49 50
49 51
49 53
49 54
49 55
49 56
49 58
49 65
49 68
49 70
49 72
49 73
49 75
49 76
49 79
49 81
49 85
49 86
49 87
49 88
49 91
49 94
49 96
49 97
49 98
49 103
49 104
49 107
49 108
49 110
49 112
49 115
49 116
49 118
49 121
49 122
50 0
50 1
50 3
50 4
50 6
50 7
50 8
50 9
50 10
50 12
50 13
50 15
50 17
50 18
50 20
50 21
50 27
50 31
50 33
50 37
50 38
50 40
50 42
50 43
50 44
50 50
50 52
50 54
50 55
50 58
50 59
50 61
50 63
50 68
50 70
50 71
50 73
50 75
50 76
50 81
50 83
50 88
50 89
50 90
50 91
50 95
50 96
50 98
50 101
50 102
50 104
50 105
50 107
50 109
50 110
50 114
50 115
50 117
50 120
50 122
50 126
50 127
51 2
51 5
51 6
51 9
51 11
51 13
51 20
51 21
51 24
51 27
51 28
51 30
51 31
51 32
51 33
51 36
51 40
51 42
51 44
51 45
51 47
51 48
51 49
51 50
51 52
51 53
51 54
51 57
51 59
51 60
51 67
51 70
51 71
51 72
51 73
51 74
51 75
51 79
51 81
51 82
51 84
51 85
51 86
51 91
51 93
51 94
51 95
51 97
51 98
51 99
51 100
51 104
51 106
51 107
51 111
51 112
51 113
51 121
51 122
51 124
51 125
51 126
51 127
52 1
52 3
52 5
52 7
52 9
52 12
52 17
52 18
52 19
52 20
52 26
52 27
52 28
52 29
52 30
52 32
52 36
52 38
52 41
52 45
52 46
52 47
52 50
52 53
52 54
52 55
52 56
52 58
52 61
52 62
52 64
52 67
52 69
52 71
52 74
52 75
52 76
52 77
52 78
52 79
52 80
52 82
52 86
52 88
52 89
52 92
52 96
52 97
52 98
52 99
52 102
52 111
52 113
52 115
52 116
52 117
52 118
52 120
52 121
52 124
52 125
52 127
53 0
53 1
53 3
53 6
53 7
53 9
53 10
53 11
53 12
53 17
53 20
53 21
53 22
53 23
53 25
53 27
53 29
53 32
53 33
53 35
53 36
53 44
53 46
53 47
53 52
53 54
53 57
53 58
53 59
53 60
53 61
53 62
53 64
53 66
53 69
53 70
53 72
53 73
53 77
53 78
53 84
53 85
53 86
53 87
53 89
53 90
53 92
53 94
53 96
53 97
53 102
53 107
53 109
53 111
53 113
53 115
53 116
53 117
53 119
53 121
53 124
53 125
54 0
54 1
54 4
54 6
54 7
54 8
54 9
54 10
54 13
54 14
54 15
54 16
54 18
54 20
54 22
54 24
54 25
54 26
54 27
54 28
54 31
54 32
54 33
54 34
54 38
54 44
54 47
54 51
54 53
54 54
54 55
54 56
54 57
54 58
54 60
54 61
54 63
54 64
54 66
54 68
54 71
54 72
54 73
54 75
54 77
54 78
54 85
54 86
54 87
54 89
54 95
54 96
54 97
54 98
54 101
54 102
54 106
54 107
54 110
54 111
54 112
54 118
54 121
54 123
54 125
54 126
54 127
55 0
55 1
55 3
55 5
55 8
55 9
55 11
55 12
55 13
55 14
55 15
55 16
55 18
55 19
55 20
55 21
55 22
55 23
55 25
55 26
55 32
55 36
55 39
55 41
55 43
55 44
55 47
55 50
55 51
55 52
55 53
55 54
55 56
55 57
55 59
55 62
55 64
55 66
55 67
55 72
55 75
55 77
55 78
55 79
55 80
55 81
55 82
55 83
55 87
55 89
55 90
55 91
55 92
55 94
55 95
55 100
55 101
55 102
55 104
55 105
55 108
55 109
55 111
55 112
55 115
55 116
55 117
55 120
55 123
55 126
56 2
56 3
56 4
56 6
56 8
56 9
56 11
56 12
56 14
56 15
56 17
56 20
56 23
56 26
56 28
56 30
56 35
56 36
56 38
56 39
56 40
56 42
56 45
56 46
56 47
56 48
56 49
56 50
56 51
56 53
56 56
56 57
56 58
56 62
56 65
56 66
56 67
56 71
56 72
56 75
56 76
56 82
56 83
56 84
56 85
56 86
56 87
56 88
56 90
56 91
56 92
56 94
56 96
56 97
56 98
56 99
56 104
56 106
56 112
56 113
56 116
56 119
56 123
56 125
56 126
56 127
57 2
57 3
57 10
57 11
57 12
57 15
57 16
57 17
57 20
57 21
57 22
57 24
57 25
57 27
57 28
57 30
57 31
57 34
57 35
57 37
57 40
57 42
57 45
57 48
57 49
57 51
57 53
57 54
57 58
57 60
57 61
57 62
57 68
57 69
57 71
57 76
57 77
57 79
57 82
57 83
57 85
57 86
57 87
57 88
57 89
57 93
57 94
57 95
57 101
57 102
57 105
57 106
57 109
57 110
57 111
57 112
57 113
57 116
57 117
57 118
57 120
57 121
57 126
57 127
58 1
58 5
58 6
58 8
58 10
58 11
58 14
58 16
58 18
58 19
58 21
58 23
58 24
58 28
58 29
58 31
58 34
58 37
58 39
58 40
58 41
58 43
58 44
58 46
58 48
58 51
58 53
58 55
58 59
58 60
58 61
58 63
58 64
58 65
58 66
58 67
58 68
58 70
58 73
58 74
58 75
58 76
58 77
58 78
58 83
58 84
58 85
58 86
58 87
58 90
58 92
58 93
58 94
58 98
58 102
58 106
58 107
58 108
58 111
58 112
58 114
58 115
58 116
58 121
58 123
58 125
59 4
59 7
59 8
59 9
59 11
59 14
59 15
59 16
59 19
59 23
59 24
59 25
59 27
59 28
59 29
59 33
59 34
59 35
59 39
59 41
59 44
59 46
59 48
59 49
59 50
59 52
59 53
59 54
59 60
59 61
59 62
59 63
59 64
59 65
59 66
59 67
59 69
59 70
59 71
59 72
59 74
59 75
59 76
59 77
59 82
59 83
59 84
59 85
59 86
59 87
59 88
59 89
59 91
59 93
59 98
59 99
59 101
59 102
59 103
59 105
59 106
59 108
59 109
59 112
59 114
59 115
59 117
59 118
59 121
59 122
60 1
60 5
60 6
60 8
60 11
60 12
60 18
60 19
60 20
60 22
60 24
60 26
60 27
60 29
60 31
60 33
60 34
60 35
60 36
60 39
60 40
60 43
60 51
60 53
60 54
60 57
60 58
60 60
60 61
60 62
60 63
60 64
60 65
60 68
60 69
60 71
60 72
60 73
60 74
60 76
60 78
60 79
60 80
60 82
60 83
60 86
60 90
60 92
60 93
60 94
60 95
60 96
60 97
60 98
60 100
60 101
60 102
60 103
60 104
60 112
60 113
60 117
60 119
60 121
60 122
60 123
60 124
61 1
61 3
61 4
61 8
61 12
61 14
61 15
61 18
61 19
61 21
61 22
61 23
61 25
61 26
61 32
61 35
61 38
61 39
61 41
61 42
61 45
61 49
61 52
61 55
61 56
61 57
61 60
61 61
61 63
61 67
61 69
61 71
61 76
61 79
61 80
61 81
61 82
61 85
61 87
61 95
61 96
61 98
61 101
61 102
61 103
61 104
61 105
61 106
61 107
61 110
61 112
61 115
61 117
61 120
61 122
61 123
61 124
61 125
61 126
62 3
62 4
62 6
62 9
62 10
62 11
62 12
62 14
62 15
62 17
62 21
62 22
62 28
62 29
62 31
62 34
62 35
62 36
62 38
62 39
62 44
62 49
62 51
62 52
62 53
62 56
62 57
62 63
62 64
62 66
62 70
62 78
62 81
62 85
62 94
62 95
62 99
62 100
62 103
62 105
62 107
62 108
62 110
62 121
62 123
62 124
62 125
62 127
63 2
63 4
63 6
63 7
63 9
63 11
63 13
63 14
63 15
63 17
63 19
63 21
63 23
63 25
63 29
63 30
63 31
63 32
63 35
63 36
63 40
63 41
63 42
63 44
63 46
63 47
63 48
63 51
63 52
63 53
63 57
63 58
63 59
63 60
63 62
63 63
63 64
63 65
63 66
63 67
63 68
63 69
63 70
63 71
63 74
63 80
63 82
63 83
63 84
63 88
63 89
63 92
63 94
63 95
63 96
63 98
63 102
63 103
63 107
63 108
63 109
63 110
63 111
63 112
63 113
63 115
63 116
63 118
63 119
63 121
63 122
63 124
63 125
64 2
64 3
64 4
64 5
64 7
64 9
64 10
64 12
64 13
64 14
64 17
64 19
64 20
64 21
64 22
64 24
64 25
64 29
64 32
64 33
64 34
64 36
64 39
64 45
64 50
64 53
64 54
64 56
64 57
64 59
64 61
64 63
64 65
64 67
64 68
64 69
64 73
64 74
64 75
64 78
64 80
64 81
64 82
64 84
64 86
64 87
64 88
64 90
64 92
64 100
64 101
64 102
64 106
64 107
64 108
64 109
64 114
64 117
64 118
64 122
64 123
64 125
65 0
65 2
65 5
65 9
65 10
65 11
65 12
65 15
65 17
65 19
65 21
65 24
65 25
65 27
65 29
65 32
65 33
65 34
65 36
65 38
65 39
65 41
65 42
65 45
65 46
65 47
65 49
65 50
65 54
65 57
65 58
65 61
65 62
65 64
65 65
65 67
65 71
65 74
65 75
65 78
65 80
65 81
65 83
65 84
65 87
65 89
65 90
65 91
65 92
65 93
65 96
65 104
65 105
65 106
65 107
65 109
65 110
65 111
65 115
65 116
65 117
65 118
65 121
65 122
66 0
66 2
66 3
66 5
66 8
66 9
66 10
66 12
66 13
66 14
66 15
66 16
66 18
66 20
66 22
66 27
66 28
66 29
66 31
66 34
66 36
66 38
66 40
66 41
66 42
66 43
66 45
66 46
66 47
66 48
66 50
66 54
66 55
66 59
66 64
66 66
66 67
66 68
66 69
66 71
66 72
66 73
66 74
66 76
66 79
66 84
66 85
66 86
66 91
66 92
66 93
66 94
66 98
66 101
66 104
66 107
66 108
66 109
66 110
66 111
66 112
66 113
66 115
66 116
66 119
66 120
66 121
66 122
66 125
66 126
66 127
67 0
67 2
67 5
67 8
67 9
67 10
67 11
67 12
67 13
67 14
67 16
67 17
67 18
67 19
67 20
67 27
67 28
67 30
67 32
67 33
67 35
67 37
67 42
67 43
67 45
67 48
67 49
67 52
67 55
67 56
67 57
67 59
67 62
67 64
67 65
67 66
67 70
67 71
67 72
67 75
67 76
67 77
67 79
67 81
67 84
67 85
67 87
67 89
67 90
67 92
67 94
67 96
67 99
67 100
67 102
67 103
67 107
67 108
67 110
67 113
67 114
67 116
67 117
67 121
67 122
67 124
67 125
67 126
67 127
68 1
68 3
68 4
68 8
68 11
68 12
68 14
68 16
68 20
68 22
68 26
68 28
68 33
68 36
68 37
68 41
68 42
68 43
68 46
68 47
68 49
68 52
68 54
68 61
68 62
68 63
68 64
68 67
68 68
68 71
68 72
68 73
68 75
68 76
68 78
68 79
68 89
68 93
68 95
68 96
68 97
68 98
68 99
68 100
68 103
68 104
68 105
68 106
68 109
68 114
68 115
68 117
68 118
68 119
68 122
68 123
68 124
68 126
69 1
69 3
69 4
69 5
69 8
69 12
69 14
69 16
69 17
69 18
69 19
69 21
69 22
69 23
69 26
69 27
69 29
69 35
69 36
69 37
69 38
69 39
69 42
69 43
69 46
69 49
69 50
69 51
69 55
69 56
69 58
69 61
69 62
69 65
69 68
69 69
69 70
69 71
69 73
69 74
69 75
69 77
69 78
69 80
69 83
69 84
69 87
69 89
69 92
69 96
69 99
69 101
69 102
69 104
69 105
69 106
69 109
69 112
69 113
69 114
69 116
69 117
69 120
69 122
69 123
69 125
70 1
70 2
70 3
70 4
70 6
70 7
70 9
70 10
70 11
70 12
70 13
70 14
70 15
70 16
70 20
70 22
70 23
70 24
70 25
70 27
70 28
70 29
70 31
70 32
70 33
70 37
70 39
70 40
70 42
70 43
70 48
70 50
70 52
70 53
70 57
70 58
70 60
70 61
70 62
70 63
70 65
70 67
70 68
70 69
70 71
70 73
70 74
70 75
70 78
70 80
70 84
70 85
70 94
70 96
70 97
70 98
70 99
70 101
70 102
70 106
70 109
70 112
70 114
70 116
70 122
70 123
70 126
70 127
71 1
71 3
71 4
71 8
71 9
71 10
71 11
71 12
71 17
71 18
71 20
71 22
71 24
71 25
71 26
71 27
71 29
71 37
71 38
71 39
71 42
71 43
71 45
71 46
71 47
71 48
71 50
71 51
71 52
71 53
71 55
71 56
71 57
71 58
71 59
71 62
71 64
71 66
71 72
71 73
71 74
71 76
71 77
71 79
71 80
71 81
71 82
71 83
71 85
71 86
71 89
71 90
71 91
71 92
71 93
71 96
71 97
71 98
71 99
71 100
71 103
71 106
71 107
71 112
71 113
71 118
71 121
71 122
71 124
71 125
72 4
72 5
72 6
72 7
72 8
72 10
72 12
72 13
72 14
72 15
72 16
72 18
72 20
72 24
72 25
72 27
72 28
72 31
72 32
72 34
72 39
72 45
72 46
72 53
72 54
72 55
72 57
72 58
72 60
72 61
72 63
72 64
72 65
72 66
72 67
72 69
72 72
72 75
72 78
72 81
72 82
72 83
72 84
72 86
72 88
72 90
72 91
72 92
72 95
72 98
72 99
72 100
72 101
72 105
72 106
72 110
72 112
72 114
72 115
72 116
72 117
72 120
72 122
72 124
72 125
72 126
73 3
73 6
73 7
73 8
73 10
73 11
73 12
73 13
73 14
73 15
73 17
73 18
73 20
73 22
73 24
73 26
73 27
73 30
73 31
73 32
73 34
73 35
73 39
73 41
73 45
73 46
73 49
73 51
73 53
73 54
73 58
73 60
73 61
73 62
73 63
73 64
73 65
73 68
73 72
73 73
73 74
73 77
73 78
73 79
73 80
73 81
73 83
73 84
73 85
73 87
73 88
73 91
73 92
73 93
73 94
73 96
73 99
73 100
73 101
73 103
73 105
73 107
73 109
73 111
73 112
73 113
73 115
73 116
73 117
73 118
73 119
73 120
73 121
73 124
74 0
74 2
74 4
74 8
74 10
74 12
74 13
74 16
74 17
74 18
74 20
74 22
74 23
74 24
74 29
74 38
74 41
74 43
74 45
74 48
74 53
74 56
74 59
74 60
74 61
74 62
74 67
74 68
74 69
74 70
74 73
74 74
74 76
74 78
74 79
74 80
74 81
74 84
74 85
74 90
74 91
74 92
74 94
74 95
74 97
74 100
74 101
74 103
74 104
74 105
74 106
74 108
74 109
74 112
74 115
74 116
74 117
74 120
74 121
74 122
74 127
75 2
75 4
75 6
75 11
75 12
75 14
75 15
75 17
75 18
75 22
75 23
75 25
75 26
75 29
75 30
75 31
75 32
75 33
75 34
75 35
75 37
75 38
75 39
75 42
75 43
75 44
75 45
75 46
75 49
75 50
75 51
75 52
75 53
75 54
75 55
75 59
75 63
75 66
75 71
75 74
75 75
75 77
75 80
75 85
75 87
75 88
75 93
75 95
75 97
75 99
75 100
75 103
75 105
75 108
75 109
75 110
75 112
75 120
75 122
75 126
75 127
76 2
76 3
76 4
76 5
76 7
76 8
76 18
76 20
76 23
76 26
76 28
76 30
76 31
76 33
76 34
76 36
76 37
76 41
76 42
76 43
76 44
76 45
76 46
76 47
76 49
76 51
76 56
76 58
76 67
76 68
76 69
76 71
76 73
76 74
76 75
76 76
76 77
76 78
76 79
76 80
76 82
76 84
76 88
76 90
76 95
76 96
76 97
76 98
76 99
76 101
76 103
76 104
76 109
76 110
76 116
76 119
76 121
76 124
76 125
76 126
77 0
77 4
77 7
77 10
77 14
77 16
77 17
77 23
77 27
77 28
77 29
77 30
77 34
77 35
77 36
77 39
77 40
77 42
77 43
77 44
77 45
77 47
77 48
77 49
77 51
77 52
77 53
77 54
77 55
77 57
77 58
77 60
77 62
77 63
77 64
77 65
77 67
77 71
77 73
77 74
77 80
77 81
77 82
77 85
77 89
77 90
77 91
77 92
77 93
77 94
77 97
77 100
77 101
77 102
77 107
77 110
77 111
77 112
77 115
77 116
77 117
77 118
77 122
77 125
77 126
78 0
78 2
78 6
78 7
78 10
78 13
78 14
78 16
78 17
78 20
78 22
78 23
78 24
78 25
78 26
78 27
78 31
78 36
78 38
78 40
78 41
78 42
78 43
78 44
78 47
78 49
78 50
78 53
78 54
78 55
78 57
78 59
78 63
78 67
78 70
78 71
78 73
78 75
78 76
78 77
78 78
78 80
78 81
78 82
78 85
78 88
78 89
78 90
78 92
78 93
78 95
78 97
78 100
78 102
78 104
78 105
78 107
78 112
78 115
78 116
78 117
78 118
78 119
78 121
78 122
78 124
78 125
79 2
79 4
79 5
79 8
79 9
79 10
79 11
79 12
79 13
79 14
79 15
79 16
79 19
79 22
79 23
79 24
79 25
79 26
79 27
79 29
79 33
79 37
79 39
79 45
79 47
79 49
79 51
79 52
79 53
79 56
79 57
79 58
79 60
79 61
79 62
79 63
79 64
79 68
79 73
79 74
79 76
79 78
79 80
79 81
79 84
79 85
79 86
79 87
79 88
79 90
79 93
79 95
79 97
79 98
79 100
79 101
79 102
79 103
79 105
79 107
79 108
79 109
79 111
79 114
79 116
79 121
79 122
79 123
79 124
79 125
79 127
80 0
80 2
80 3
80 5
80 6
80 9
80 10
80 11
80 12
80 13
80 15
80 18
80 19
80 21
80 22
80 23
80 25
80 26
80 27
80 29
80 31
80 33
80 34
80 38
80 40
80 41
80 43
80 44
80 49
80 50
80 53
80 54
80 56
80 57
80 58
80 60
80 62
80 67
80 68
80 69
80 70
80 72
80 73
80 74
80 77
80 79
80 82
80 83
80 87
80 88
80 89
80 90
80 93
80 95
80 97
80 98
80 103
80 107
80 111
80 112
80 113
80 115
80 116
80 117
80 118
80 119
80 122
80 123
80 124
80 125
81 1
81 3
81 4
81 8
81 10
81 11
81 18
81 19
81 20
81 22
81 23
81 24
81 25
81 26
81 27
81 29
81 30
81 33
81 34
81 38
81 39
81 40
81 41
81 42
81 43
81 44
81 48
81 51
81 52
81 53
81 54
81 57
81 58
81 60
81 61
81 62
81 63
81 66
81 68
81 70
81 75
81 77
81 80
81 82
81 83
81 85
81 87
81 88
81 89
81 90
81 92
81 94
81 95
81 104
81 110
81 111
81 112
81 115
81 116
81 117
81 118
81 120
81 122
81 123
81 124
81 126
81 127
82 1
82 2
82 4
82 5
82 8
82 11
82 12
82 13
82 14
82 16
82 20
82 21
82 22
82 24
82 26
82 27
82 30
82 32
82 33
82 37
82 38
82 39
82 41
82 42
82 45
82 46
82 49
82 52
82 54
82 55
82 57
82 58
82 59
82 60
82 61
82 63
82 64
82 67
82 69
82 70
82 74
82 75
82 76
82 81
82 82
82 84
82 85
82 87
82 88
82 89
82 91
82 92
82 93
82 96
82 97
82 100
82 101
82 103
82 104
82 105
82 106
82 107
82 108
82 109
82 110
82 114
82 115
82 116
82 118
82 119
82 120
82 125
82 126
82 127
83 1
83 3
83 9
83 10
83 14
83 16
83 18
83 19
83 20
83 21
83 24
83 25
83 32
83 36
83 41
83 42
83 47
83 48
83 50
83 51
83 52
83 54
83 55
83 56
83 57
83 58
83 59
83 60
83 61
83 62
83 65
83 68
83 69
83 74
83 77
83 79
83 81
83 85
83 87
83 90
83 91
83 92
83 93
83 104
83 105
83 107
83 108
83 109
83 110
83 112
83 113
83 116
83 119
83 121
83 122
83 124
84 0
84 1
84 2
84 3
84 6
84 8
84 9
84 12
84 14
84 16
84 17
84 19
84 20
84 22
84 23
84 24
84 25
84 27
84 30
84 31
84 37
84 38
84 39
84 41
84 42
84 43
84 44
84 48
84 54
84 57
84 64
84 65
84 66
84 69
84 70
84 72
84 73
84 75
84 77
84 79
84 81
84 82
84 84
84 86
84 88
84 90
84 91
84 92
84 93
84 95
84 96
84 97
84 99
84 100
84 101
84 102
84 103
84 104
84 108
84 109
84 112
84 115
84 117
84 119
84 121
84 122
84 123
84 124
84 126
84 127
85 0
85 2
85 4
85 8
85 11
85 12
85 14
85 15
85 17
85 25
85 26
85 27
85 29
85 31
85 32
85 35
85 36
85 38
85 39
85 41
85 42
85 45
85 48
85 52
85 54
85 55
85 59
85 63
85 64
85 65
85 66
85 69
85 70
85 74
85 76
85 78
85 81
85 83
85 87
85 88
85 92
85 95
85 96
85 99
85 103
85 104
85 105
85 109
85 114
85 115
85 116
85 117
85 119
85 120
85 121
85 122
85 123
85 124
86 0
86 1
86 2
86 3
86 4
86 6
86 7
86 8
86 9
86 10
86 12
86 13
86 16
86 24
86 27
86 34
86 35
86 37
86 38
86 45
86 46
86 47
86 48
86 54
86 55
86 58
86 60
86 61
86 66
86 70
86 71
86 73
86 75
86 76
86 77
86 85
86 87
86 88
86 89
86 90
86 93
86 94
86 96
86 98
86 99
86 101
86 104
86 106
86 107
86 110
86 111
86 113
86 114
86 115
86 116
86 117
86 120
86 121
86 122
86 124
86 126
86 127
87 1
87 2
87 4
87 5
87 6
87 9
87 12
87 13
87 15
87 16
87 17
87 18
87 20
87 21
87 22
87 23
87 24
87 26
87 27
87 28
87 29
87 31
87 32
87 34
87 35
87 36
87 37
87 38
87 40
87 42
87 47
87 49
87 50
87 51
87 56
87 63
87 64
87 66
87 68
87 70
87 74
87 76
87 80
87 82
87 83
87 84
87 85
87 87
87 88
87 91
87 92
87 94
87 97
87 101
87 102
87 103
87 104
87 105
87 108
87 110
87 111
87 113
87 114
87 119
87 120
87 122
87 123
87 124
87 125
87 126
88 0
88 1
88 2
88 8
88 10
88 11
88 13
88 18
88 19
88 21
88 22
88 23
88 26
88 28
88 29
88 30
88 31
88 35
88 37
88 40
88 43
88 47
88 48
88 50
88 52
88 53
88 54
88 55
88 57
88 58
88 59
88 60
88 62
88 64
88 66
88 68
88 71
88 75
88 76
88 78
88 79
88 81
88 83
88 85
88 86
88 87
88 89
88 90
88 91
88 92
88 95
88 96
88 99
88 101
88 102
88 106
88 111
88 114
88 117
88 119
88 120
88 121
88 122
88 123
88 125
89 1
89 2
89 4
89 6
89 9
89 12
89 18
89 24
89 30
89 34
89 35
89 36
89 39
89 41
89 42
89 43
89 45
89 50
89 52
89 56
89 58
89 63
89 66
89 67
89 68
89 69
89 70
89 71
89 72
89 73
89 75
89 76
89 78
89 81
89 84
89 85
89 87
89 90
89 95
89 96
89 99
89 100
89 101
89 103
89 104
89 107
89 108
89 110
89 111
89 112
89 114
89 118
89 119
89 120
89 122
89 126
89 127
90 1
90 2
90 4
90 5
90 6
90 7
90 8
90 9
90 10
90 11
90 14
90 15
90 18
90 21
90 25
90 30
90 32
90 33
90 35
90 36
90 38
90 42
90 45
90 47
90 48
90 49
90 52
90 53
90 54
90 55
90 58
90 62
90 64
90 65
90 66
90 68
90 69
90 71
90 72
90 74
90 75
90 76
90 79
90 85
90 86
90 87
90 88
90 89
90 90
90 91
90 93
90 95
90 97
90 99
90 100
90 101
90 102
90 104
90 105
90 107
90 111
90 113
90 116
90 118
90 119
90 121
90 122
90 123
90 124
90 126
90 127
91 0
91 2
91 3
91 11
91 13
91 15
91 16
91 17
91 18
91 19
91 20
91 23
91 29
91 30
91 31
91 32
91 34
91 35
91 37
91 40
91 41
91 42
91 43
91 45
91 47
91 48
91 49
91 52
91 53
91 54
91 55
91 57
91 59
91 63
91 66
91 69
91 77
91 81
91 82
91 83
91 84
91 85
91 86
91 87
91 89
91 91
91 94
91 101
91 102
91 105
91 109
91 112
91 115
91 116
91 117
91 120
92 0
92 1
92 3
92 4
92 6
92 7
92 8
92 9
92 17
92 18
92 20
92 22
92 23
92 24
92 25
92 26
92 27
92 29
92 30
92 31
92 33
92 36
92 39
92 41
92 42
92 43
92 45
92 48
92 50
92 51
92 52
92 54
92 56
92 59
92 61
92 63
92 68
92 69
92 72
92 73
92 75
92 76
92 77
92 78
92 89
92 90
92 93
92 95
92 97
92 99
92 100
92 101
92 102
92 103
92 108
92 109
92 114
92 115
92 116
92 117
92 118
92 119
92 121
92 127
93 0
93 2
93 7
93 10
93 12
93 16
93 17
93 21
93 22
93 24
93 25
93 26
93 27
93 34
93 35
93 36
93 38
93 41
93 43
93 44
93 45
93 46
93 47
93 48
93 49
93 50
93 51
93 54
93 55
93 56
93 58
93 64
93 69
93 70
93 71
93 73
93 75
93 78
93 79
93 80
93 83
93 84
93 85
93 86
93 88
93 89
93 90
93 93
93 94
93 96
93 97
93 98
93 99
93 104
93 106
93 108
93 109
93 112
93 113
93 114
93 117
93 118
93 119
93 120
93 122
93 123
93 124
93 126
93 127
94 6
94 9
94 10
94 11
94 12
94 14
94 15
94 19
94 20
94 24
94 25
94 29
94 32
94 33
94 36
94 38
94 40
94 43
94 48
94 49
94 51
94 53
94 56
94 63
94 64
94 65
94 67
94 68
94 69
94 70
94 71
94 72
94 73
94 74
94 77
94 80
94 82
94 85
94 87
94 88
94 89
94 90
94 91
94 92
94 95
94 96
94 97
94 102
94 103
94 104
94 106
94 108
94 109
94 111
94 114
94 116
94 117
94 119
94 120
94 123
94 124
94 125
94 126
95 0
95 2
95 5
95 6
95 7
95 8
95 12
95 14
95 15
95 16
95 18
95 19
95 20
95 23
95 24
95 28
95 29
95 30
95 31
95 34
95 35
95 36
95 38
95 39
95 42
95 43
95 44
95 51
95 52
95 55
95 57
95 58
95 61
95 63
95 64
95 65
95 66
95 67
95 68
95 69
95 74
95 80
95 82
95 84
95 85
95 87
95 89
95 91
95 93
95 96
95 100
95 103
95 105
95 107
95 109
95 110
95 117
95 118
95 121
95 123
95 124
95 126
95 127
96 1
96 2
96 3
96 5
96 6
96 7
96 8
96 10
96 13
96 14
96 16
96 17
96 19
96 22
96 25
96 27
96 28
96 31
96 35
96 36
96 38
96 44
96 45
96 46
96 47
96 51
96 53
96 57
96 58
96 59
96 60
96 61
96 63
96 64
96 67
96 69
96 72
96 73
96 76
96 79
96 80
96 84
96 85
96 90
96 92
96 94
96 97
96 100
96 102
96 107
96 112
96 113
96 114
96 117
96 119
96 120
96 121
96 123
96 124
96 125
96 126
97 0
97 5
97 6
97 10
97 12
97 15
97 16
97 17
97 20
97 23
97 24
97 25
97 29
97 31
97 32
97 33
97 36
97 37
97 38
97 46
97 47
97 48
97 49
97 51
97 52
97 57
97 58
97 61
97 62
97 66
97 72
97 73
97 74
97 75
97 78
97 79
97 81
97 85
97 86
97 88
97 89
97 90
97 91
97 93
97 95
97 96
97 104
97 106
97 107
97 109
97 110
97 112
97 117
97 120
97 121
97 124
97 125
97 126
97 127
98 1
98 4
98 5
98 7
98 8
98 9
98 10
98 12
98 14
98 18
98 19
98 20
98 22
98 23
98 24
98 29
98 30
98 32
98 33
98 34
98 35
98 37
98 38
98 40
98 41
98 45
98 47
98 48
98 52
98 53
98 54
98 56
98 57
98 58
98 60
98 61
98 64
98 66
98 67
98 68
98 80
98 81
98 82
98 83
98 84
98 87
98 88
98 89
98 90
98 93
98 95
98 98
98 100
98 102
98 103
98 104
98 106
98 107
98 108
98 110
98 111
98 112
98 116
98 118
98 121
98 124
99 1
99 2
99 3
99 4
99 8
99 9
99 10
99 13
99 15
99 18
99 21
99 24
99 26
99 27
99 28
99 29
99 30
99 31
99 33
99 34
99 37
99 38
99 39
99 40
99 42
99 44
99 45
99 47
99 48
99 49
99 50
99 53
99 55
99 56
99 59
99 60
99 62
99 64
99 65
99 72
99 73
99 74
99 78
99 79
99 84
99 88
99 94
99 97
99 99
99 101
99 103
99 105
99 109
99 110
99 116
99 117
99 120
99 121
99 122
99 125
99 126
99 127
100 5
100 6
100 7
100 8
100 9
100 14
100 16
100 18
100 19
100 21
100 23
100 25
100 29
100 32
100 34
100 39
100 40
100 43
100 44
100 45
100 47
100 50
100 51
100 56
100 57
100 60
100 63
100 69
100 70
100 75
100 76
100 77
100 81
100 82
100 86
100 88
100 90
100 91
100 93
100 95
100 96
100 98
100 99
100 100
100 101
100 103
100 107
100 109
100 110
100 111
100 114
100 115
100 120
100 121
100 122
100 124
100 125
101 1
101 2
101 5
101 6
101 9
101 10
101 11
101 13
101 14
101 15
101 19
101 26
101 27
101 29
101 32
101 33
101 34
101 35
101 39
101 41
101 42
101 44
101 45
101 53
101 55
101 57
101 59
101 60
101 66
101 68
101 69
101 70
101 71
101 73
101 74
101 78
101 80
101 81
101 82
101 83
101 90
101 91
101 93
101 95
101 97
101 99
101 100
101 102
101 105
101 107
101 115
101 116
101 118
101 122
101 125
102 0
102 6
102 8
102 9
102 10
102 11
102 12
102 18
102 19
102 20
102 22
102 23
102 27
102 28
102 29
102 30
102 31
102 32
102 33
102 36
102 38
102 39
102 43
102 46
102 47
102 49
102 50
102 53
102 54
102 56
102 59
102 60
102 61
102 62
102 63
102 64
102 65
102 66
102 68
102 73
102 75
102 76
102 77
102 78
102 79
102 82
102 83
102 86
102 87
102 88
102 89
102 90
102 91
102 92
102 95
102 96
102 98
102 101
102 102
102 103
102 104
102 108
102 109
102 113
102 116
102 119
102 122
102 124
102 127
103 0
103 2
103 6
103 7
103 10
103 11
103 13
103 16
103 17
103 18
103 20
103 23
103 25
103 26
103 27
103 28
103 29
103 30
103 31
103 32
103 37
103 39
103 42
103 44
103 45
103 48
103 50
103 51
103 53
103 54
103 56
103 57
103 59
103 60
103 63
103 68
103 69
103 70
103 73
103 74
103 75
103 76
103 77
103 78
103 80
103 81
103 82
103 85
103 86
103 87
103 92
103 93
103 94
103 95
103 97
103 101
103 102
103 103
103 105
103 106
103 107
103 109
103 112
103 113
103 118
103 121
103 122
103 124
104 0
104 4
104 6
104 7
104 8
104 9
104 10
104 14
104 16
104 17
104 21
104 24
104 25
104 27
104 28
104 32
104 33
104 35
104 37
104 38
104 40
104 41
104 45
104 48
104 50
104 51
104 56
104 57
104 58
104 59
104 61
104 62
104 63
104 65
104 66
104 67
104 72
104 74
104 75
104 76
104 79
104 80
104 82
104 83
104 84
104 85
104 90
104 91
104 92
104 94
104 96
104 97
104 99
104 101
104 102
104 105
104 106
104 107
104 109
104 114
104 117
104 118
104 120
104 121
104 122
104 124
104 125
104 126
104 127
105 0
105 2
105 4
105 6
105 7
105 8
105 10
105 11
105 13
105 14
105 16
105 19
105 20
105 22
105 26
105 28
105 29
105 30
105 33
105 34
105 36
105 41
105 43
105 44
105 45
105 47
105 48
105 49
105 51
105 54
105 55
105 58
105 59
105 61
105 63
105 65
105 70
105 72
105 73
105 75
105 79
105 80
105 81
105 84
105 85
105 86
105 87
105 88
105 89
105 92
105 93
105 94
105 95
105 97
105 98
105 103
105 105
105 107
105 109
105 114
105 117
105 118
105 120
105 122
105 123
106 0
106 1
106 2
106 6
106 10
106 13
106 14
106 15
106 16
106 19
106 20
106 21
106 24
106 26
106 27
106 28
106 30
106 31
106 34
106 37
106 38
106 39
106 40
106 41
106 42
106 43
106 44
106 47
106 48
106 49
106 50
106 51
106 53
106 56
106 61
106 63
106 64
106 67
106 69
106 70
106 74
106 75
106 76
106 80
106 83
106 84
106 85
106 86
106 87
106 88
106 89
106 91
106 92
106 93
106 94
106 95
106 97
106 100
106 104
106 108
106 111
106 114
106 116
106 118
106 119
106 123
106 124
106 125
106 126
106 127
107 1
107 2
107 4
107 7
107 9
107 10
107 13
107 18
107 19
107 20
107 21
107 22
107 23
107 24
107 25
107 27
107 30
107 32
107 35
107 38
107 39
107 40
107 41
107 42
107 44
107 48
107 49
107 50
107 52
107 53
107 56
107 59
107 61
107 65
107 66
107 68
107 70
107 73
107 75
107 78
107 80
107 81
107 83
107 84
107 85
107 87
107 88
107 90
107 92
107 94
107 95
107 101
107 103
107 104
107 106
107 108
107 111
107 115
107 116
107 117
107 118
107 119
107 121
107 122
107 123
107 124
107 125
107 127
108 1
108 3
108 4
108 5
108 6
108 8
108 10
108 13
108 14
108 15
108 16
108 17
108 18
108 19
108 20
108 21
108 22
108 24
108 26
108 29
108 30
108 31
108 35
108 36
108 37
108 38
108 39
108 40
108 42
108 43
108 44
108 47
108 49
108 51
108 52
108 54
108 55
108 56
108 57
108 59
108 61
108 64
108 66
108 69
108 71
108 72
108 73
108 76
108 79
108 82
108 83
108 84
108 85
108 90
108 91
108 92
108 93
108 94
108 95
108 98
108 100
108 103
108 114
108 115
108 118
108 119
108 121
108 127
109 0
109 2
109 3
109 4
109 5
109 7
109 8
109 11
109 12
109 17
109 18
109 19
109 23
109 26
109 27
109 28
109 29
109 34
109 35
109 36
109 37
109 42
109 46
109 47
109 48
109 49
109 50
109 53
109 56
109 58
109 59
109 61
109 63
109 65
109 66
109 67
109 70
109 72
109 73
109 74
109 76
109 77
109 78
109 81
109 86
109 89
109 92
109 94
109 96
109 98
109 99
109 102
109 103
109 104
109 106
109 107
109 108
109 111
109 113
109 114
109 117
109 123
109 124
109 127
110 2
110 3
110 6
110 7
110 8
110 9
110 11
110 13
110 16
110 18
110 19
110 20
110 21
110 23
110 24
110 26
110 27
110 30
110 31
110 35
110 38
110 39
110 40
110 42
110 44
110 49
110 51
110 52
110 53
110 58
110 60
110 65
110 71
110 73
110 75
110 81
110 83
110 85
110 87
110 91
110 94
110 95
110 97
110 98
110 99
110 100
110 101
110 102
110 103
110 104
110 106
110 107
110 109
110 111
110 118
110 120
110 122
110 124
110 125
110 126
110 127
111 1
111 2
111 3
111 4
111 6
111 7
111 8
111 11
111 13
111 24
111 25
111 26
111 36
111 37
111 38
111 39
111 41
111 44
111 45
111 47
111 49
111 50
111 51
111 52
111 53
111 56
111 57
111 61
111 63
111 64
111 66
111 67
111 68
111 69
111 70
111 74
111 75
111 76
111 77
111 79
111 81
111 82
111 84
111 85
111 86
111 89
111 90
111 91
111 92
111 96
111 100
111 103
111 104
111 108
111 110
111 114
111 116
111 119
111 122
111 123
111 126
112 0
112 2
112 4
112 5
112 6
112 8
112 9
112 11
112 12
112 13
112 14
112 15
112 16
112 17
112 18
112 20
112 21
112 25
112 29
112 30
112 31
112 32
112 33
112 34
112 35
112 36
112 37
112 43
112 44
112 46
112 47
112 48
112 53
112 57
112 58
112 59
112 62
112 64
112 66
112 70
112 71
112 74
112 78
112 79
112 81
112 82
112 83
112 85
112 86
112 88
112 89
112 90
112 92
112 93
112 94
112 96
112 99
112 100
112 101
112 102
112 103
112 108
112 109
112 111
112 113
112 114
112 118
113 1
113 2
113 3
113 4
113 7
113 10
113 11
113 14
113 20
113 23
113 26
113 31
113 33
113 35
113 39
113 41
113 42
113 47
113 48
113 52
113 55
113 56
113 59
113 60
113 62
113 63
113 65
113 67
113 68
113 69
113 70
113 71
113 73
113 74
113 78
113 79
113 80
113 82
113 85
113 86
113 89
113 92
113 95
113 98
113 100
113 103
113 105
113 106
113 107
113 109
113 112
113 113
113 114
113 115
113 116
113 117
113 119
113 121
113 122
113 123
113 124
113 125
113 126
114 0
114 1
114 3
114 5
114 6
114 9
114 11
114 12
114 13
114 16
114 19
114 20
114 23
114 25
114 30
114 31
114 32
114 33
114 36
114 38
114 40
114 41
114 43
114 44
114 48
114 50
114 51
114 52
114 55
114 56
114 57
114 61
114 65
114 68
114 69
114 71
114 72
114 75
114 76
114 78
114 79
114 81
114 82
114 83
114 84
114 85
114 87
114 88
114 89
114 90
114 91
114 94
114 95
114 98
114 102
114 105
114 106
114 108
114 112
114 115
114 118
114 120
114 122
114 126
115 0
115 1
115 2
115 4
115 5
115 7
115 10
115 12
115 14
115 15
115 16
115 17
115 19
115 21
115 24
115 27
115 30
115 31
115 32
115 34
115 35
115 36
115 37
115 40
115 41
115 42
115 43
115 46
115 52
115 53
115 57
115 59
115 61
115 62
115 63
115 64
115 65
115 66
115 71
115 72
115 74
115 75
115 76
115 78
115 79
115 80
115 81
115 83
115 85
115 87
115 88
115 90
115 92
115 100
115 102
115 106
115 109
115 110
115 112
115 116
115 117
115 119
115 120
115 123
115 124
115 125
115 126
116 2
116 4
116 5
116 7
116 8
116 9
116 11
116 18
116 19
116 21
116 24
116 25
116 26
116 28
116 30
116 32
116 33
116 37
116 39
116 40
116 41
116 42
116 43
116 44
116 45
116 46
116 47
116 50
116 51
116 52
116 54
116 55
116 60
116 65
116 68
116 69
116 70
116 72
116 73
116 75
116 77
116 81
116 85
116 86
116 87
116 88
116 89
116 90
116 91
116 92
116 94
116 95
116 96
116 97
116 98
116 99
116 101
116 102
116 103
116 106
116 108
116 112
116 114
116 115
116 116
116 117
116 120
116 121
116 122
116 124
116 125
116 126
116 127
117 1
117 3
117 4
117 5
117 6
117 8
117 9
117 10
117 12
117 13
117 14
117 17
117 18
117 20
117 21
117 24
117 27
117 28
117 30
117 31
117 33
117 34
117 35
117 39
117 41
117 44
117 45
117 47
117 49
117 50
117 52
117 53
117 55
117 56
117 57
117 59
117 63
117 65
117 67
117 68
117 69
117 70
117 72
117 73
117 74
117 75
117 76
117 77
117 78
117 80
117 81
117 83
117 87
117 88
117 91
117 94
117 95
117 96
117 98
117 101
117 105
117 108
117 110
117 111
117 113
117 114
117 115
117 117
117 118
117 119
117 121
117 122
117 123
117 124
117 125
117 127
118 2
118 3
118 4
118 5
118 6
118 8
118 9
118 10
118 12
118 13
118 17
118 18
118 21
118 22
118 23
118 25
118 26
118 30
118 32
118 33
118 34
118 35
118 37
118 40
118 42
118 43
118 45
118 46
118 47
118 48
118 50
118 53
118 56
118 58
118 60
118 61
118 62
118 66
118 69
118 75
118 77
118 78
118 79
118 80
118 82
118 84
118 86
118 91
118 92
118 93
118 97
118 102
118 103
118 106
118 109
118 112
118 113
118 114
118 117
118 118
118 119
118 120
118 121
118 122
118 123
118 124
118 127
119 0
119 1
119 4
119 8
119 11
119 12
119 16
119 17
119 21
119 24
119 25
119 27
119 28
119 29
119 30
119 31
119 34
119 36
119 37
119 39
119 42
119 43
119 47
119 50
119 51
119 53
119 54
119 55
119 59
119 60
119 63
119 64
119 65
119 67
119 68
119 69
119 70
119 73
119 75
119 76
119 77
119 78
119 79
119 80
119 82
119 84
119 85
119 86
119 88
119 90
119 91
119 92
119 96
119 98
119 100
119 101
119 102
119 104
119 105
119 107
119 108
119 109
119 110
119 112
119 114
119 115
119 116
119 117
119 118
119 119
119 120
119 121
119 124
119 127
120 0
120 1
120 2
120 3
120 4
120 5
120 6
120 8
120 9
120 11
120 12
120 13
120 14
120 15
120 16
120 17
120 20
120 21
120 22
120 23
120 24
120 25
120 26
120 27
120 28
120 30
120 32
120 34
120 38
120 39
120 40
120 42
120 44
120 50
120 53
120 54
120 56
120 58
120 59
120 60
120 62
120 73
120 80
120 82
120 85
120 86
120 87
120 97
120 98
120 100
120 102
120 104
120 107
120 108
120 111
120 115
120 117
120 118
120 119
120 120
120 121
120 122
120 126
120 127
121 2
121 3
121 5
121 7
121 8
121 10
121 11
121 12
121 16
121 18
121 19
121 20
121 24
121 25
121 27
121 36
121 38
121 39
121 40
121 41
121 42
121 43
121 44
121 48
121 49
121 50
121 51
121 53
121 54
121 56
121 59
121 62
121 63
121 65
121 72
121 74
121 76
121 77
121 79
121 82
121 83
121 84
121 85
121 95
121 96
121 97
121 102
121 103
121 105
121 107
121 108
121 109
121 112
121 115
121 117
121 118
121 120
121 122
121 125
121 127
122 0
122 1
122 4
122 7
122 8
122 9
122 12
122 13
122 14
122 15
122 16
122 17
122 19
122 20
122 21
122 23
122 27
122 30
122 32
122 35
122 36
122 37
122 41
122 42
122 43
122 44
122 45
122 49
122 50
122 53
122 57
122 60
122 62
122 65
122 66
122 67
122 71
122 72
122 76
122 77
122 81
122 82
122 83
122 85
122 89
122 91
122 92
122 94
122 95
122 99
122 101
122 103
122 104
122 105
122 109
122 111
122 114
122 115
122 118
122 120
122 121
122 122
122 123
122 126
122 127
123 1
123 5
123 6
123 9
123 10
123 14
123 15
123 19
123 20
123 21
123 22
123 23
123 25
123 27
123 31
123 32
123 33
123 34
123 35
123 38
123 39
123 41
123 42
123 43
123 45
123 47
123 48
123 49
123 54
123 56
123 57
123 58
123 60
123 61
123 62
123 64
123 67
123 68
123 70
123 71
123 72
123 73
123 75
123 76
123 78
123 79
123 81
123 82
123 83
123 85
123 86
123 87
123 90
123 91
123 92
123 96
123 98
123 99
123 100
123 101
123 102
123 103
123 104
123 107
123 111
123 113
123 115
123 117
123 118
123 119
123 120
123 121
123 124
123 126
123 127
124 1
124 2
124 4
124 6
124 7
124 8
124 14
124 18
124 19
124 20
124 21
124 23
124 24
124 26
124 27
124 28
124 31
124 33
124 37
124 38
124 39
124 40
124 42
124 44
124 47
124 50
124 51
124 55
124 57
124 60
124 62
124 63
124 65
124 66
124 68
124 69
124 70
124 75
124 77
124 78
124 79
124 80
124 81
124 82
124 83
124 86
124 87
124 88
124 89
124 90
124 91
124 93
124 94
124 98
124 100
124 101
124 102
124 103
124 104
124 105
124 106
124 107
124 114
124 116
124 117
124 118
124 119
124 120
124 121
124 123
124 125
125 1
125 3
125 6
125 7
125 9
125 11
125 14
125 16
125 17
125 18
125 19
125 22
125 23
125 24
125 25
125 26
125 27
125 29
125 30
125 32
125 34
125 35
125 37
125 39
125 41
125 42
125 43
125 45
125 46
125 52
125 53
125 54
125 56
125 58
125 60
125 61
125 62
125 65
125 67
125 68
125 71
125 72
125 74
125 77
125 80
125 83
125 90
125 91
125 92
125 94
125 96
125 97
125 99
125 100
125 107
125 108
125 110
125 112
125 116
125 117
125 120
125 122
125 123
125 124
125 126
125 127
126 0
126 3
126 5
126 6
126 8
126 11
126 14
126 17
126 20
126 21
126 22
126 25
126 27
126 32
126 34
126 35
126 37
126 38
126 42
126 43
126 44
126 45
126 46
126 49
126 50
126 51
126 55
126 56
126 57
126 62
126 63
126 66
126 67
126 69
126 70
126 73
126 75
126 77
126 81
126 83
126 84
126 86
126 87
126 88
126 90
126 93
126 94
126 95
126 98
126 101
126 102
126 106
126 107
126 108
126 110
126 111
126 116
126 120
126 121
126 123
126 125
126 126
126 127
127 0
127 2
127 3
127 4
127 7
127 8
127 9
127 11
127 14
127 15
127 16
127 20
127 21
127 22
127 23
127 25
127 26
127 27
127 30
127 33
127 39
127 40
127 42
127 48
127 49
127 50
127 51
127 54
127 55
127 57
127 58
127 61
127 63
127 64
127 68
127 70
127 71
127 72
127 79
127 80
127 82
127 84
127 90
127 92
127 95
127 98
127 99
127 100
127 102
127 103
127 105
127 106
127 113
127 114
127 118
127 119
127 120
127 121
127 122
127 123
127 124
127 125
