0 2
0 8
0 9
0 12
0 44
0 51
0 55
0 62
0 66
0 67
0 88
0 99
0 109
0 115
0 116
0 119
1 6
1 8
1 9
1 16
1 17
1 29
1 33
1 46
1 51
1 56
1 86
1 88
1 89
1 90
1 108
1 113
2 20
2 21
2 22
2 35
2 43
2 70
2 76
2 77
2 84
2 86
2 93
2 97
2 99
2 115
3 12
3 20
3 21
3 26
3 36
3 46
3 56
3 61
3 72
3 75
3 77
3 92
3 93
3 101
3 105
3 111
3 124
4 8
4 27
4 42
4 44
4 45
4 69
4 96
4 103
4 108
4 109
4 111
4 115
5 34
5 40
5 48
5 83
5 88
6 0
6 5
6 15
6 21
6 26
6 34
6 36
6 48
6 52
6 66
6 67
6 69
6 80
6 116
6 124
6 125
7 15
7 19
7 20
7 21
7 30
7 37
7 40
7 59
7 67
7 100
7 103
7 120
8 7
8 17
8 43
8 47
8 59
8 61
8 72
8 73
8 74
8 84
8 127
9 7
9 12
9 18
9 28
9 36
9 61
9 81
9 87
9 89
9 90
9 106
9 111
9 116
10 7
10 33
10 54
10 70
10 73
10 82
10 98
10 119
11 4
11 11
11 16
11 23
11 31
11 49
11 52
11 61
11 99
11 103
12 1
12 3
12 10
12 30
12 36
12 43
12 52
12 68
12 98
12 100
12 109
12 115
12 123
13 12
13 20
13 26
13 28
13 37
13 60
13 71
13 72
13 87
13 88
13 92
13 94
13 96
13 99
13 118
14 23
14 26
14 46
14 48
14 76
14 96
14 105
14 110
14 116
14 122
14 125
15 14
15 59
15 67
15 70
15 73
15 94
15 104
15 116
15 119
16 5
16 7
16 10
16 17
16 25
16 31
16 57
16 60
16 68
16 86
16 121
16 127
17 1
17 31
17 40
17 44
17 62
17 66
17 85
17 95
17 97
17 121
18 0
18 4
18 19
18 42
18 49
18 61
18 71
18 93
18 102
18 109
18 113
18 126
19 5
19 19
19 37
19 68
19 69
19 81
19 85
19 89
19 96
19 104
19 110
20 6
20 15
20 19
20 20
20 29
20 32
20 43
20 48
20 49
20 82
20 92
20 97
20 113
20 121
20 124
21 1
21 20
21 53
21 59
21 90
21 101
21 103
21 104
21 115
21 127
22 15
22 24
22 37
22 42
22 49
22 53
22 54
22 72
22 89
22 96
22 98
22 100
22 103
22 109
23 3
23 17
23 18
23 22
23 24
23 28
23 53
23 65
23 67
23 85
23 87
23 118
23 119
23 127
24 5
24 8
24 17
24 19
24 74
24 84
24 94
24 95
24 97
24 98
24 113
24 122
25 27
25 31
25 33
25 56
25 60
25 69
25 73
25 79
25 84
25 87
25 97
25 98
25 116
25 121
26 5
26 26
26 37
26 49
26 56
26 71
26 89
26 96
26 108
26 116
26 124
27 8
27 13
27 14
27 50
27 58
27 59
27 63
27 105
27 108
27 113
27 124
28 6
28 7
28 22
28 44
28 45
28 50
28 53
28 58
28 59
28 62
28 64
28 66
28 67
28 72
28 85
28 90
28 93
28 99
28 102
29 6
29 11
29 15
29 49
29 53
29 66
29 101
29 114
29 115
29 121
29 124
29 125
30 5
30 37
30 66
30 68
30 85
30 94
30 113
30 117
31 29
31 37
31 39
31 46
31 48
31 59
31 62
31 63
31 70
31 89
31 100
31 120
31 127
32 7
32 19
32 24
32 40
32 42
32 48
32 60
32 89
32 94
32 98
32 114
32 121
32 127
33 0
33 3
33 14
33 18
33 23
33 29
33 35
33 36
33 103
34 19
34 34
34 46
34 73
34 86
34 102
34 117
34 125
35 0
35 28
35 50
35 55
35 67
35 85
36 2
36 16
36 17
36 42
36 43
36 46
36 56
36 73
36 74
36 86
37 10
37 11
37 29
37 30
37 33
37 40
37 42
37 50
37 52
37 56
37 79
37 85
37 90
37 98
37 123
38 2
38 14
38 31
38 54
38 56
38 57
38 67
38 73
38 74
38 87
38 92
38 105
38 115
38 127
39 2
39 6
39 9
39 11
39 16
39 40
39 43
39 74
39 94
39 98
39 101
39 115
39 125
40 23
40 25
40 26
40 42
40 74
40 95
40 105
40 124
41 5
41 20
41 22
41 24
41 25
41 54
41 58
41 63
41 64
41 68
41 80
41 81
41 96
41 100
41 106
41 117
41 118
41 127
42 11
42 17
42 39
42 46
42 66
42 82
42 91
42 95
42 106
42 107
42 108
42 113
42 123
43 0
43 6
43 13
43 20
43 22
43 26
43 28
43 35
43 48
43 67
43 73
43 75
43 81
43 82
43 109
43 117
43 118
44 22
44 45
44 46
44 47
44 53
44 59
44 62
44 71
44 72
44 75
44 76
44 78
44 92
44 106
44 108
44 109
44 119
44 124
45 46
45 47
45 56
45 68
46 0
46 9
46 11
46 14
46 24
46 63
46 91
46 107
46 108
46 117
46 123
47 10
47 11
47 30
47 48
47 60
47 74
47 76
47 90
47 93
47 95
47 113
47 122
48 27
48 39
48 48
48 51
48 54
48 84
48 88
48 92
48 94
48 99
48 102
48 117
49 3
49 4
49 18
49 22
49 24
49 31
49 37
49 47
49 58
49 68
49 73
49 79
49 83
49 86
49 88
49 94
49 96
49 107
50 6
50 11
50 17
50 37
50 40
50 51
50 63
50 66
50 77
50 88
50 96
51 6
51 11
51 12
51 32
51 38
51 59
51 60
51 62
51 68
51 72
51 74
51 84
51 100
51 101
51 103
51 121
52 13
52 15
52 29
52 30
52 48
52 49
52 53
52 57
52 64
52 77
52 84
52 90
52 100
52 102
52 105
52 117
52 124
53 19
53 33
53 43
53 46
53 48
53 62
53 63
53 64
53 71
53 74
53 83
53 89
53 105
53 106
53 110
53 113
54 1
54 14
54 35
54 44
54 49
54 52
54 56
54 61
54 66
54 95
54 99
54 112
54 120
55 31
55 44
55 51
55 74
55 90
55 106
55 108
56 23
56 43
56 44
56 53
56 60
56 61
56 79
56 94
56 102
56 106
56 123
57 5
57 7
57 8
57 11
57 13
57 27
57 34
57 66
57 101
57 102
57 105
57 109
57 110
57 112
57 118
57 121
57 125
58 22
58 25
58 44
58 53
58 56
58 59
58 60
58 61
58 64
58 71
58 101
58 105
58 108
58 123
58 124
58 125
59 10
59 37
59 46
59 50
59 65
59 79
59 87
59 94
59 97
59 103
59 106
59 115
59 124
60 6
60 25
60 28
60 30
60 36
60 37
60 53
60 57
60 67
60 70
60 74
60 91
60 94
60 100
61 31
61 43
61 50
61 51
61 58
61 68
61 77
61 85
61 107
61 113
61 119
62 3
62 13
62 16
62 24
62 59
62 68
62 88
62 100
62 106
63 7
63 12
63 18
63 55
63 81
63 103
63 112
63 116
63 119
64 2
64 10
64 47
64 81
64 83
64 86
64 105
64 125
65 0
65 16
65 22
65 26
65 31
65 34
65 51
65 52
65 57
65 61
65 67
65 69
65 75
65 82
65 95
65 96
65 99
65 100
65 123
65 125
66 4
66 8
66 17
66 18
66 44
66 65
66 106
66 109
66 124
66 125
67 2
67 4
67 21
67 32
67 38
67 41
67 44
67 49
67 63
67 67
67 84
68 4
68 44
68 51
68 75
68 79
68 89
68 91
68 95
68 96
68 111
68 123
69 0
69 20
69 32
69 40
69 45
69 50
69 62
69 66
69 84
69 101
69 107
69 114
69 116
69 121
69 127
70 3
70 11
70 32
70 36
70 40
70 68
70 77
70 87
70 107
70 108
70 117
70 118
71 35
71 40
71 50
71 56
71 57
71 62
71 67
71 70
71 72
71 74
71 77
71 89
71 95
71 109
71 127
72 3
72 5
72 20
72 31
72 37
72 38
72 39
72 66
72 89
72 91
72 104
72 111
72 117
72 123
73 5
73 14
73 43
73 50
73 51
73 64
73 72
73 82
73 114
74 11
74 37
74 57
74 62
74 67
74 80
74 86
74 91
74 105
74 108
75 25
75 45
75 52
75 61
75 85
75 92
75 94
75 99
76 12
76 16
76 21
76 24
76 47
76 50
76 70
76 71
76 72
76 85
76 88
76 91
76 109
76 111
76 125
76 126
77 0
77 8
77 14
77 15
77 20
77 28
77 37
77 52
77 67
77 95
77 102
77 104
77 122
78 12
78 21
78 40
78 51
78 64
78 69
78 76
78 100
78 124
79 6
79 23
79 43
79 48
79 59
79 61
79 64
79 71
79 75
79 93
79 96
79 98
79 100
79 104
79 109
79 117
79 125
79 127
80 9
80 18
80 22
80 25
80 55
80 60
80 64
80 83
80 104
80 124
81 1
81 8
81 22
81 25
81 50
81 54
81 56
81 65
81 69
81 81
82 2
82 3
82 8
82 9
82 14
82 27
82 47
82 48
82 56
82 83
82 96
82 102
82 108
82 109
82 118
83 2
83 7
83 25
83 26
83 36
83 46
83 48
83 50
83 52
83 61
83 66
83 72
83 73
83 75
83 76
83 86
83 93
83 98
83 101
84 12
84 13
84 14
84 18
84 29
84 48
84 49
84 62
84 69
84 72
84 73
84 81
84 84
84 85
84 89
84 105
84 116
84 120
85 3
85 12
85 16
85 24
85 28
85 30
85 35
85 36
85 42
85 46
85 47
85 51
85 52
85 62
85 68
85 94
85 97
85 100
85 110
85 126
86 1
86 3
86 6
86 9
86 26
86 28
86 32
86 37
86 39
86 41
86 47
86 66
86 68
86 72
86 92
86 96
86 104
86 117
87 16
87 19
87 26
87 28
87 36
87 48
87 55
87 75
87 86
87 124
88 9
88 12
88 23
88 25
88 34
88 35
88 42
88 43
88 45
88 52
88 66
88 67
88 69
88 79
88 86
88 103
88 117
88 120
89 18
89 28
89 34
89 38
89 42
89 53
89 54
89 66
89 108
89 109
89 111
89 125
90 8
90 16
90 17
90 29
90 30
90 54
90 62
90 63
90 84
90 94
90 103
90 106
90 107
90 109
90 112
91 1
91 5
91 20
91 21
91 33
91 50
91 71
91 83
91 95
91 105
91 107
91 127
92 15
92 22
92 29
92 44
92 50
92 74
92 75
92 88
92 100
92 104
92 119
92 124
92 125
93 0
93 11
93 30
93 44
93 47
93 57
93 62
93 65
93 68
93 73
93 79
93 80
93 100
93 105
93 111
93 118
93 121
94 3
94 11
94 12
94 14
94 29
94 49
94 51
94 60
94 69
94 86
94 87
94 90
94 99
94 107
94 108
94 117
94 118
94 121
95 3
95 11
95 18
95 75
95 77
95 89
95 96
95 105
95 126
95 127
96 4
96 10
96 13
96 19
96 25
96 39
96 80
96 85
96 86
96 88
96 92
96 98
96 102
96 109
96 116
97 11
97 14
97 15
97 17
97 22
97 31
97 37
97 47
97 68
97 85
98 4
98 27
98 47
98 49
98 55
98 64
98 69
98 76
98 80
98 87
98 99
98 106
98 115
98 127
99 4
99 11
99 12
99 21
99 24
99 26
99 33
99 63
99 85
99 102
99 106
99 110
99 124
99 127
100 1
100 9
100 16
100 21
100 30
100 33
100 41
100 84
100 99
100 106
100 123
101 1
101 17
101 27
101 39
101 43
101 47
101 56
101 74
101 75
101 76
101 77
101 79
101 89
101 90
101 115
102 5
102 10
102 13
102 23
102 36
102 48
102 55
102 70
102 75
102 81
102 118
102 127
103 6
103 8
103 10
103 23
103 26
103 30
103 34
103 36
103 40
103 45
103 73
103 76
103 82
103 92
103 98
104 0
104 7
104 9
104 18
104 20
104 24
104 27
104 63
104 90
104 94
104 95
104 115
104 118
105 0
105 9
105 11
105 15
105 16
105 19
105 30
105 37
105 46
105 69
105 78
105 81
105 89
105 95
105 96
105 105
105 116
105 119
105 122
105 124
106 0
106 18
106 28
106 44
106 61
106 67
106 79
106 89
106 91
106 96
106 104
106 114
106 121
106 122
107 14
107 19
107 22
107 28
107 30
107 40
107 45
107 55
107 75
107 84
107 111
107 121
108 2
108 5
108 13
108 29
108 31
108 41
108 46
108 50
108 52
108 56
108 60
108 69
108 106
108 120
109 15
109 23
109 30
109 54
109 66
110 4
110 5
110 21
110 22
110 23
110 49
110 54
110 59
110 70
110 87
110 89
110 92
110 97
110 98
110 117
110 121
110 124
111 4
111 6
111 19
111 25
111 27
111 53
111 56
111 110
111 113
111 117
111 120
112 0
112 9
112 37
112 40
112 46
112 53
112 54
112 59
112 68
112 83
112 103
113 16
113 18
113 24
113 45
113 52
113 78
113 103
113 109
113 112
113 127
114 33
114 37
114 38
114 49
114 54
114 66
114 69
114 70
114 74
114 76
114 84
114 86
114 100
115 3
115 33
115 36
115 50
115 63
115 67
115 82
115 94
115 99
115 116
115 117
115 119
115 126
116 0
116 1
116 9
116 23
116 25
116 28
116 37
116 43
116 67
116 79
116 91
116 113
116 115
116 117
116 125
117 3
117 11
117 13
117 17
117 25
117 29
117 36
117 37
117 42
117 52
117 71
117 95
117 114
117 127
118 5
118 13
118 14
118 20
118 26
118 39
118 46
118 89
118 117
118 121
118 126
118 127
119 21
119 23
119 56
119 89
119 97
119 105
119 112
120 3
120 14
120 22
120 35
120 44
120 45
120 60
120 69
120 73
120 74
120 78
120 85
120 103
120 110
120 117
121 1
121 11
121 13
121 18
121 26
121 31
121 56
121 69
121 73
121 84
121 92
121 93
121 95
121 96
121 105
121 123
121 127
122 5
122 15
122 28
122 35
122 83
122 90
122 104
122 105
122 116
123 23
123 50
123 54
123 64
123 67
123 79
123 81
123 94
123 105
123 106
123 108
123 114
124 17
124 28
124 32
124 47
124 53
124 56
124 60
124 76
124 79
124 86
124 91
124 92
124 105
124 110
125 28
125 31
125 33
125 42
125 44
125 45
125 50
125 51
125 52
125 71
125 95
125 97
125 101
126 49
126 53
126 58
126 97
126 104
126 108
126 110
126 112
126 119
126 125
127 13
127 25
127 26
127 33
127 36
127 66
127 71
127 89
127 102
127 104
127 110
127 125
