0 2
0 5
0 13
0 16
0 17
0 21
0 24
0 45
0 47
0 51
0 53
0 64
0 72
0 81
0 82
0 83
0 84
0 94
0 96
0 101
0 103
0 105
0 118
1 8
1 17
1 22
1 23
1 28
1 45
1 52
1 53
1 55
1 63
1 67
1 70
1 75
1 80
1 88
1 91
1 100
1 106
1 111
1 117
1 119
1 127
2 1
2 10
2 13
2 20
2 28
2 29
2 42
2 43
2 56
2 66
2 67
2 69
2 76
2 79
2 80
2 82
2 87
2 91
2 96
2 104
2 107
2 108
2 109
2 114
2 127
3 6
3 13
3 23
3 28
3 29
3 32
3 36
3 39
3 43
3 45
3 65
3 76
3 77
3 80
3 83
3 91
3 94
3 112
3 123
4 0
4 2
4 16
4 21
4 23
4 27
4 38
4 39
4 42
4 49
4 58
4 62
4 72
4 73
4 74
4 79
4 82
4 85
4 89
4 91
4 95
4 99
4 101
4 106
4 120
4 124
5 0
5 3
5 9
5 12
5 17
5 20
5 23
5 25
5 28
5 36
5 41
5 43
5 46
5 47
5 61
5 62
5 63
5 81
5 83
5 89
5 90
5 99
5 103
5 104
5 105
5 108
5 110
5 114
6 0
6 4
6 18
6 25
6 29
6 45
6 48
6 49
6 50
6 62
6 70
6 76
6 78
6 85
6 99
6 102
6 106
6 108
6 110
6 112
6 116
6 126
7 1
7 8
7 12
7 15
7 16
7 18
7 20
7 23
7 29
7 31
7 34
7 36
7 37
7 42
7 54
7 61
7 63
7 66
7 72
7 79
7 88
7 92
7 99
7 101
7 106
7 110
7 118
7 127
8 5
8 14
8 29
8 37
8 47
8 51
8 56
8 57
8 62
8 68
8 72
8 75
8 79
8 86
8 90
8 103
8 104
8 106
8 109
8 112
8 119
8 123
8 124
9 3
9 13
9 16
9 23
9 27
9 35
9 39
9 47
9 58
9 60
9 62
9 68
9 69
9 74
9 77
9 80
9 81
9 84
9 92
9 95
9 118
9 123
10 3
10 9
10 13
10 32
10 53
10 60
10 63
10 67
10 68
10 77
10 82
10 91
10 96
10 99
10 102
10 103
10 110
10 112
10 117
10 118
10 123
11 3
11 5
11 16
11 33
11 45
11 51
11 53
11 56
11 59
11 62
11 64
11 69
11 70
11 71
11 74
11 77
11 78
11 81
11 85
11 89
11 93
11 99
11 108
11 111
11 112
11 115
12 13
12 16
12 17
12 20
12 23
12 27
12 28
12 39
12 40
12 44
12 46
12 55
12 57
12 64
12 67
12 68
12 69
12 71
12 77
12 81
12 83
12 84
12 85
12 89
12 93
12 100
12 101
12 109
12 116
12 126
13 8
13 14
13 24
13 36
13 39
13 41
13 45
13 47
13 62
13 68
13 70
13 71
13 75
13 79
13 89
13 91
13 103
13 105
13 106
13 107
13 112
13 118
13 125
14 3
14 11
14 23
14 25
14 32
14 37
14 38
14 39
14 41
14 45
14 46
14 48
14 50
14 57
14 60
14 64
14 68
14 77
14 82
14 84
14 85
14 89
14 94
14 95
14 98
14 103
14 107
14 110
14 122
14 125
15 4
15 7
15 20
15 27
15 29
15 31
15 40
15 42
15 43
15 45
15 46
15 48
15 50
15 53
15 54
15 58
15 59
15 60
15 62
15 66
15 69
15 77
15 78
15 85
15 89
15 93
15 102
15 105
15 108
15 109
15 111
15 114
15 119
16 10
16 12
16 21
16 23
16 29
16 33
16 48
16 51
16 52
16 61
16 66
16 76
16 80
16 87
16 94
16 104
16 105
16 127
17 1
17 20
17 22
17 23
17 24
17 32
17 33
17 38
17 43
17 57
17 59
17 62
17 65
17 66
17 76
17 78
17 88
17 89
17 92
17 100
17 101
17 105
17 106
17 112
17 118
17 122
17 125
17 126
18 0
18 1
18 3
18 4
18 7
18 9
18 12
18 19
18 22
18 27
18 33
18 34
18 36
18 51
18 56
18 59
18 61
18 62
18 63
18 66
18 67
18 75
18 79
18 94
18 98
18 100
18 104
18 113
18 115
18 123
18 127
19 4
19 8
19 11
19 14
19 15
19 31
19 35
19 39
19 47
19 53
19 62
19 69
19 71
19 73
19 74
19 77
19 81
19 90
19 93
19 94
19 95
19 100
20 1
20 7
20 8
20 12
20 14
20 15
20 17
20 24
20 26
20 27
20 29
20 44
20 50
20 52
20 55
20 59
20 64
20 72
20 81
20 89
20 94
20 96
20 100
20 117
20 122
20 123
20 124
21 0
21 4
21 22
21 25
21 27
21 31
21 35
21 44
21 46
21 50
21 55
21 59
21 64
21 67
21 72
21 76
21 77
21 82
21 84
21 85
21 93
21 94
21 98
21 102
21 103
21 107
21 125
22 1
22 8
22 20
22 25
22 29
22 33
22 37
22 42
22 46
22 50
22 66
22 68
22 78
22 88
22 91
22 98
22 101
22 103
22 104
22 110
22 114
22 116
22 119
22 122
22 125
23 4
23 8
23 11
23 16
23 17
23 20
23 23
23 29
23 30
23 36
23 48
23 55
23 56
23 61
23 63
23 65
23 67
23 72
23 78
23 80
23 86
23 89
23 95
23 101
23 117
23 119
24 6
24 12
24 18
24 23
24 24
24 26
24 27
24 28
24 29
24 41
24 42
24 44
24 58
24 65
24 69
24 70
24 76
24 81
24 83
24 84
24 95
24 96
24 97
24 104
24 105
24 107
24 110
24 113
24 114
24 116
24 127
25 1
25 11
25 14
25 16
25 28
25 32
25 33
25 35
25 38
25 39
25 40
25 47
25 56
25 60
25 79
25 80
25 82
25 83
25 91
25 98
25 99
25 103
25 104
25 105
25 110
25 111
25 116
25 123
26 9
26 13
26 19
26 27
26 29
26 52
26 55
26 57
26 62
26 63
26 79
26 82
26 83
26 101
26 106
26 111
26 115
26 120
26 123
27 2
27 4
27 5
27 10
27 12
27 18
27 21
27 23
27 31
27 42
27 48
27 50
27 67
27 78
27 83
27 93
27 99
27 102
27 103
27 111
27 112
27 113
27 123
27 126
28 9
28 11
28 12
28 23
28 25
28 27
28 28
28 33
28 37
28 38
28 44
28 49
28 59
28 60
28 62
28 64
28 67
28 71
28 72
28 74
28 76
28 78
28 86
28 87
28 92
28 96
28 100
28 102
28 108
28 111
28 114
28 124
28 127
29 0
29 5
29 9
29 13
29 21
29 23
29 27
29 32
29 37
29 40
29 41
29 45
29 50
29 57
29 61
29 66
29 68
29 70
29 71
29 79
29 80
29 81
29 84
29 86
29 98
29 101
29 108
29 111
29 113
29 116
29 119
29 121
30 2
30 3
30 4
30 12
30 23
30 29
30 34
30 36
30 38
30 40
30 48
30 53
30 56
30 58
30 59
30 63
30 69
30 81
30 84
30 97
30 103
30 104
30 106
30 109
30 110
30 118
30 124
30 125
31 0
31 8
31 10
31 17
31 18
31 20
31 22
31 23
31 32
31 44
31 48
31 50
31 51
31 52
31 55
31 58
31 66
31 73
31 74
31 77
31 80
31 88
31 89
31 98
31 106
31 118
31 119
32 3
32 18
32 22
32 23
32 25
32 27
32 36
32 42
32 47
32 48
32 49
32 60
32 62
32 76
32 77
32 78
32 80
32 86
32 93
32 98
32 100
32 101
32 102
32 106
32 110
32 111
32 115
32 119
33 0
33 6
33 7
33 9
33 16
33 21
33 34
33 37
33 45
33 55
33 59
33 60
33 64
33 66
33 67
33 70
33 71
33 73
33 84
33 95
33 105
33 111
33 115
33 116
33 118
33 119
33 121
33 122
33 124
34 1
34 14
34 15
34 19
34 24
34 26
34 29
34 44
34 52
34 53
34 61
34 67
34 72
34 77
34 88
34 89
34 115
34 117
34 118
35 3
35 5
35 18
35 25
35 27
35 34
35 46
35 49
35 55
35 56
35 63
35 65
35 68
35 72
35 82
35 86
35 92
35 95
35 96
35 97
35 103
35 104
35 105
35 118
35 119
35 123
35 127
36 2
36 4
36 5
36 11
36 19
36 20
36 23
36 25
36 28
36 36
36 39
36 43
36 63
36 66
36 67
36 81
36 86
36 90
36 92
36 95
36 97
36 98
36 101
36 104
36 109
36 114
36 125
37 2
37 5
37 7
37 14
37 18
37 26
37 27
37 35
37 40
37 46
37 51
37 52
37 58
37 59
37 79
37 86
37 88
37 89
37 92
37 94
37 96
37 100
37 107
37 111
37 114
37 115
37 117
37 120
37 121
37 123
37 126
38 1
38 2
38 6
38 8
38 9
38 19
38 24
38 27
38 29
38 38
38 40
38 45
38 60
38 62
38 67
38 74
38 76
38 77
38 78
38 82
38 85
38 86
38 88
38 91
38 102
38 112
38 117
38 126
39 4
39 9
39 12
39 16
39 19
39 26
39 30
39 31
39 44
39 47
39 56
39 62
39 63
39 65
39 73
39 74
39 85
39 89
39 90
39 96
39 98
39 106
39 110
39 112
39 113
39 114
39 115
39 120
40 11
40 15
40 18
40 21
40 26
40 28
40 31
40 36
40 37
40 38
40 41
40 43
40 49
40 53
40 57
40 58
40 59
40 60
40 64
40 66
40 72
40 87
40 94
40 100
40 105
40 112
40 115
40 120
41 5
41 16
41 17
41 23
41 33
41 35
41 38
41 39
41 45
41 46
41 47
41 48
41 51
41 53
41 56
41 67
41 71
41 72
41 73
41 75
41 81
41 82
41 83
41 85
41 91
41 104
41 110
42 1
42 3
42 23
42 28
42 29
42 35
42 45
42 48
42 52
42 54
42 58
42 61
42 63
42 68
42 70
42 71
42 89
42 96
42 98
42 99
42 104
42 111
42 112
42 113
42 114
42 124
42 127
43 2
43 7
43 11
43 17
43 28
43 31
43 34
43 35
43 36
43 37
43 42
43 51
43 54
43 55
43 59
43 64
43 65
43 70
43 74
43 75
43 76
43 80
43 82
43 83
43 87
43 89
43 95
43 107
43 121
43 122
44 4
44 10
44 18
44 22
44 31
44 45
44 50
44 52
44 56
44 64
44 67
44 70
44 71
44 78
44 84
44 87
44 92
44 98
44 103
44 104
44 105
44 108
44 110
44 114
44 118
44 121
44 122
44 123
44 126
45 7
45 8
45 14
45 34
45 35
45 42
45 44
45 45
45 46
45 48
45 51
45 78
45 82
45 85
45 86
45 87
45 88
45 89
45 96
45 97
45 103
45 105
45 106
45 111
45 117
45 118
45 119
45 121
46 1
46 6
46 8
46 24
46 28
46 32
46 37
46 43
46 46
46 54
46 57
46 63
46 70
46 71
46 74
46 81
46 86
46 89
46 91
46 92
46 98
46 100
46 116
46 119
47 15
47 28
47 38
47 49
47 51
47 53
47 54
47 55
47 59
47 65
47 71
47 72
47 73
47 83
47 85
47 89
47 91
47 92
47 93
47 96
47 104
47 110
47 111
47 115
47 125
48 4
48 5
48 14
48 22
48 28
48 34
48 50
48 56
48 59
48 60
48 69
48 70
48 79
48 85
48 91
48 92
48 94
48 98
48 101
48 105
48 107
48 109
48 116
48 126
49 2
49 16
49 17
49 23
49 29
49 36
49 40
49 41
49 45
49 47
49 52
49 55
49 57
49 85
49 87
49 92
49 108
49 110
49 112
49 114
49 116
49 126
50 6
50 10
50 16
50 18
50 19
50 23
50 37
50 45
50 48
50 55
50 59
50 60
50 68
50 83
50 87
50 88
50 94
50 95
50 100
50 111
50 114
50 115
50 119
50 125
51 9
51 12
51 22
51 26
51 30
51 31
51 33
51 35
51 39
51 40
51 49
51 54
51 59
51 60
51 70
51 72
51 74
51 78
51 81
51 84
51 86
51 89
51 92
51 105
51 108
51 109
51 110
51 117
51 124
52 4
52 17
52 25
52 31
52 32
52 38
52 40
52 43
52 45
52 48
52 58
52 61
52 62
52 69
52 70
52 73
52 82
52 83
52 88
52 89
52 96
52 99
52 100
52 115
52 118
52 120
52 124
53 3
53 4
53 5
53 10
53 16
53 19
53 23
53 24
53 30
53 35
53 36
53 45
53 51
53 56
53 57
53 60
53 61
53 62
53 78
53 83
53 85
53 107
53 114
53 117
53 123
53 124
54 1
54 13
54 18
54 25
54 29
54 32
54 34
54 37
54 39
54 49
54 55
54 64
54 65
54 69
54 78
54 86
54 106
54 109
54 110
54 111
54 112
54 113
54 114
54 119
55 5
55 12
55 28
55 34
55 38
55 40
55 42
55 43
55 48
55 49
55 61
55 63
55 73
55 78
55 80
55 85
55 87
55 94
55 104
55 108
55 112
55 116
55 118
56 12
56 15
56 17
56 24
56 34
56 36
56 38
56 39
56 43
56 44
56 47
56 50
56 55
56 57
56 64
56 65
56 67
56 71
56 73
56 75
56 77
56 88
56 93
56 102
56 105
57 6
57 8
57 13
57 15
57 19
57 22
57 32
57 40
57 54
57 58
57 59
57 62
57 65
57 70
57 73
57 74
57 79
57 85
57 87
57 99
57 105
57 109
57 110
57 114
57 122
58 1
58 4
58 7
58 11
58 15
58 16
58 22
58 24
58 38
58 39
58 45
58 46
58 72
58 80
58 81
58 85
58 86
58 91
58 96
58 101
58 116
58 121
58 123
59 8
59 33
59 55
59 57
59 68
59 73
59 74
59 77
59 86
59 93
59 111
59 117
59 125
59 127
60 0
60 3
60 4
60 5
60 22
60 24
60 25
60 49
60 55
60 62
60 63
60 65
60 66
60 69
60 70
60 74
60 75
60 77
60 81
60 102
60 103
60 111
60 112
60 115
60 117
60 121
60 127
61 6
61 13
61 18
61 25
61 44
61 48
61 59
61 64
61 66
61 68
61 76
61 89
61 91
61 93
61 94
61 96
61 102
61 105
61 111
61 114
61 122
61 127
62 6
62 12
62 16
62 25
62 32
62 39
62 62
62 81
62 86
62 98
62 103
62 104
62 106
62 107
62 110
62 113
62 123
62 127
63 1
63 2
63 6
63 11
63 12
63 15
63 16
63 19
63 38
63 40
63 43
63 65
63 67
63 72
63 74
63 81
63 106
63 107
63 109
63 110
63 122
63 124
63 127
64 4
64 5
64 9
64 17
64 19
64 22
64 29
64 33
64 34
64 44
64 59
64 63
64 64
64 67
64 68
64 70
64 73
64 74
64 78
64 87
64 98
64 103
64 112
64 117
64 118
64 125
65 1
65 5
65 6
65 7
65 14
65 19
65 20
65 21
65 25
65 26
65 28
65 29
65 30
65 33
65 37
65 42
65 48
65 52
65 57
65 60
65 63
65 69
65 71
65 73
65 75
65 77
65 80
65 87
65 88
65 91
65 99
65 104
65 105
65 108
65 112
65 113
65 114
65 118
65 121
65 122
65 125
65 127
66 2
66 3
66 17
66 18
66 20
66 28
66 30
66 38
66 39
66 53
66 56
66 60
66 61
66 77
66 78
66 85
66 88
66 91
66 93
66 94
66 97
66 101
66 104
66 111
66 112
66 117
66 121
66 123
67 8
67 10
67 14
67 15
67 27
67 28
67 36
67 41
67 44
67 65
67 67
67 73
67 76
67 84
67 90
67 91
67 92
67 99
67 106
67 114
67 120
67 121
68 1
68 10
68 13
68 14
68 15
68 17
68 24
68 32
68 33
68 35
68 46
68 49
68 50
68 52
68 53
68 56
68 60
68 62
68 70
68 77
68 83
68 86
68 90
68 106
68 115
68 116
68 119
68 126
69 9
69 12
69 15
69 19
69 24
69 25
69 34
69 36
69 37
69 44
69 49
69 57
69 58
69 59
69 61
69 62
69 63
69 65
69 68
69 74
69 79
69 83
69 93
69 97
69 102
69 106
69 112
69 118
70 1
70 10
70 12
70 13
70 27
70 28
70 32
70 34
70 38
70 55
70 62
70 67
70 69
70 70
70 73
70 77
70 79
70 89
70 95
70 98
70 99
70 100
70 123
70 127
71 5
71 15
71 19
71 21
71 25
71 28
71 33
71 34
71 43
71 44
71 56
71 58
71 61
71 62
71 67
71 68
71 84
71 85
71 87
71 88
71 89
71 95
71 108
71 115
71 117
71 120
72 0
72 2
72 4
72 19
72 23
72 27
72 28
72 34
72 39
72 48
72 50
72 52
72 59
72 63
72 68
72 70
72 76
72 80
72 85
72 89
72 90
72 91
72 93
72 109
72 119
72 125
73 18
73 35
73 39
73 45
73 66
73 69
73 71
73 77
73 92
73 93
73 94
73 117
73 119
73 125
73 127
74 16
74 24
74 25
74 28
74 37
74 38
74 40
74 41
74 47
74 50
74 52
74 53
74 56
74 59
74 62
74 65
74 70
74 71
74 81
74 82
74 84
74 97
74 100
74 105
74 114
75 1
75 15
75 25
75 26
75 29
75 31
75 32
75 35
75 36
75 37
75 41
75 42
75 43
75 44
75 46
75 49
75 67
75 68
75 69
75 70
75 74
75 76
75 87
75 96
75 101
75 111
75 119
75 123
75 124
75 125
76 11
76 12
76 18
76 24
76 26
76 31
76 33
76 37
76 45
76 48
76 49
76 53
76 58
76 74
76 84
76 86
76 90
76 92
76 97
76 105
76 106
76 108
76 109
76 116
76 126
77 18
77 20
77 27
77 28
77 31
77 35
77 38
77 41
77 42
77 61
77 76
77 77
77 91
77 97
77 99
77 100
77 108
77 109
77 111
77 116
77 117
77 125
77 126
78 2
78 6
78 21
78 25
78 26
78 31
78 39
78 42
78 44
78 50
78 52
78 53
78 55
78 57
78 61
78 67
78 74
78 76
78 77
78 78
78 93
78 102
78 103
78 105
78 111
78 114
78 120
78 126
78 127
79 1
79 4
79 10
79 11
79 30
79 37
79 46
79 53
79 60
79 64
79 75
79 79
79 108
79 110
79 111
79 114
79 118
79 125
80 6
80 12
80 13
80 21
80 39
80 42
80 54
80 61
80 70
80 73
80 74
80 103
80 107
80 111
80 117
80 120
80 122
80 123
80 127
81 7
81 15
81 23
81 28
81 33
81 34
81 40
81 41
81 45
81 47
81 52
81 55
81 57
81 62
81 64
81 69
81 79
81 80
81 88
81 93
81 94
81 95
81 96
81 97
81 101
81 103
81 105
81 106
81 108
81 111
81 120
82 2
82 5
82 8
82 28
82 39
82 45
82 56
82 61
82 62
82 66
82 70
82 85
82 87
82 99
82 100
82 102
82 106
82 111
82 113
82 115
82 117
83 0
83 2
83 13
83 14
83 18
83 19
83 21
83 26
83 27
83 33
83 35
83 38
83 41
83 45
83 47
83 62
83 72
83 76
83 77
83 83
83 85
83 92
83 95
83 99
83 104
83 108
83 109
83 113
83 115
83 124
83 127
84 0
84 4
84 17
84 20
84 27
84 29
84 31
84 40
84 49
84 50
84 53
84 63
84 66
84 69
84 76
84 77
84 78
84 81
84 82
84 85
84 87
84 90
84 108
84 111
84 115
84 116
84 119
85 0
85 2
85 6
85 8
85 13
85 17
85 21
85 61
85 67
85 69
85 71
85 77
85 82
85 87
85 95
85 103
85 106
85 122
85 123
86 1
86 5
86 7
86 16
86 20
86 23
86 24
86 32
86 64
86 84
86 87
86 100
86 102
86 116
87 26
87 29
87 33
87 50
87 54
87 58
87 73
87 83
87 87
87 96
87 98
87 100
87 104
87 105
87 108
87 110
87 125
88 2
88 25
88 27
88 28
88 33
88 35
88 61
88 62
88 64
88 65
88 73
88 79
88 83
88 84
88 86
88 88
88 90
88 101
88 108
88 119
89 10
89 12
89 13
89 21
89 25
89 31
89 32
89 33
89 34
89 46
89 50
89 51
89 55
89 57
89 60
89 62
89 63
89 64
89 65
89 75
89 86
89 87
89 92
89 93
89 94
89 104
89 105
89 108
90 2
90 11
90 13
90 25
90 29
90 33
90 34
90 41
90 44
90 51
90 57
90 58
90 65
90 83
90 84
90 86
90 88
90 89
90 98
90 99
90 100
90 121
90 125
91 1
91 6
91 7
91 10
91 25
91 26
91 33
91 37
91 38
91 42
91 49
91 53
91 61
91 66
91 67
91 68
91 72
91 76
91 80
91 84
91 85
91 87
91 91
91 92
91 96
91 101
91 104
91 107
91 109
91 110
91 114
91 115
91 117
91 123
92 6
92 13
92 26
92 28
92 30
92 31
92 36
92 40
92 47
92 52
92 56
92 57
92 59
92 60
92 61
92 64
92 66
92 71
92 79
92 82
92 87
92 91
92 100
92 101
92 104
93 4
93 7
93 9
93 10
93 12
93 13
93 23
93 26
93 27
93 30
93 42
93 47
93 53
93 55
93 61
93 68
93 71
93 75
93 78
93 80
93 81
93 83
93 93
93 98
93 113
93 114
93 115
93 121
93 122
93 125
93 126
93 127
94 0
94 5
94 8
94 15
94 16
94 21
94 27
94 30
94 40
94 42
94 44
94 51
94 52
94 53
94 56
94 65
94 74
94 76
94 77
94 78
94 82
94 83
94 113
94 120
94 126
95 0
95 3
95 5
95 10
95 21
95 23
95 25
95 30
95 31
95 49
95 55
95 56
95 63
95 69
95 74
95 84
95 101
95 102
95 104
95 114
95 115
95 119
96 0
96 2
96 3
96 9
96 12
96 14
96 21
96 25
96 35
96 43
96 44
96 48
96 49
96 55
96 56
96 62
96 65
96 66
96 75
96 81
96 104
96 106
96 107
96 110
96 113
96 114
96 121
96 124
97 1
97 4
97 5
97 6
97 8
97 12
97 24
97 26
97 28
97 29
97 30
97 35
97 39
97 45
97 67
97 72
97 88
97 89
97 90
97 109
97 110
97 113
97 115
97 116
97 121
98 2
98 13
98 15
98 30
98 31
98 35
98 36
98 38
98 41
98 43
98 56
98 60
98 61
98 63
98 66
98 69
98 76
98 93
98 99
98 101
98 102
98 105
98 113
98 116
98 117
98 122
98 124
98 125
99 0
99 3
99 7
99 8
99 10
99 17
99 37
99 47
99 52
99 56
99 58
99 66
99 68
99 75
99 84
99 86
99 93
99 94
99 95
99 97
99 104
99 105
99 106
99 109
99 111
99 115
99 123
99 124
99 127
100 6
100 10
100 19
100 20
100 24
100 26
100 30
100 32
100 33
100 41
100 51
100 53
100 54
100 55
100 56
100 62
100 71
100 73
100 80
100 90
100 93
100 94
100 101
100 102
100 112
100 117
100 118
100 122
100 126
100 127
101 3
101 4
101 7
101 10
101 15
101 20
101 21
101 24
101 29
101 31
101 32
101 35
101 41
101 47
101 53
101 59
101 60
101 65
101 67
101 71
101 76
101 84
101 91
101 93
101 95
101 100
101 101
101 102
101 108
101 110
101 114
101 123
101 124
101 126
102 10
102 11
102 12
102 19
102 27
102 32
102 41
102 42
102 44
102 52
102 69
102 70
102 81
102 83
102 86
102 87
102 91
102 98
102 113
102 116
102 125
103 2
103 7
103 13
103 15
103 22
103 37
103 42
103 45
103 48
103 57
103 75
103 77
103 83
103 87
103 88
103 90
103 96
103 107
103 112
103 115
103 116
103 118
103 121
104 10
104 11
104 14
104 21
104 24
104 28
104 38
104 49
104 53
104 56
104 58
104 64
104 67
104 70
104 77
104 78
104 81
104 85
104 87
104 91
104 99
104 103
104 105
104 107
104 110
104 115
104 119
105 7
105 12
105 19
105 23
105 26
105 29
105 30
105 37
105 44
105 45
105 52
105 54
105 56
105 68
105 96
105 107
105 108
105 111
105 115
105 119
105 126
106 0
106 7
106 17
106 18
106 24
106 26
106 36
106 40
106 43
106 44
106 46
106 49
106 57
106 66
106 68
106 71
106 72
106 82
106 83
106 91
106 92
106 93
106 98
106 101
106 106
106 107
106 109
106 111
106 117
106 123
106 124
107 2
107 3
107 5
107 12
107 22
107 23
107 31
107 50
107 62
107 87
107 89
107 90
107 91
107 111
107 112
107 119
107 121
108 7
108 9
108 11
108 14
108 16
108 21
108 27
108 34
108 36
108 37
108 40
108 45
108 48
108 52
108 55
108 60
108 70
108 75
108 84
108 86
108 87
108 91
108 94
108 95
108 101
108 105
108 111
108 114
108 115
108 117
109 0
109 16
109 18
109 19
109 22
109 32
109 44
109 62
109 69
109 75
109 81
109 82
109 85
109 89
109 97
109 102
109 103
109 111
109 116
110 9
110 10
110 13
110 21
110 26
110 33
110 35
110 36
110 38
110 40
110 48
110 50
110 51
110 62
110 63
110 64
110 67
110 76
110 77
110 87
110 94
110 95
110 97
110 99
110 101
110 107
110 116
110 121
110 122
110 124
111 0
111 10
111 12
111 16
111 17
111 24
111 28
111 29
111 30
111 31
111 36
111 40
111 47
111 54
111 59
111 62
111 67
111 73
111 81
111 86
111 89
111 96
111 97
111 116
112 2
112 3
112 15
112 16
112 27
112 32
112 36
112 40
112 44
112 45
112 66
112 70
112 78
112 79
112 86
112 92
112 96
112 97
112 98
112 100
112 104
112 112
112 115
112 121
113 3
113 4
113 11
113 22
113 26
113 32
113 35
113 38
113 39
113 44
113 45
113 52
113 54
113 55
113 58
113 62
113 67
113 72
113 74
113 75
113 84
113 88
113 93
113 103
113 104
113 106
113 107
113 116
113 117
113 126
114 1
114 6
114 9
114 10
114 11
114 13
114 19
114 33
114 48
114 51
114 60
114 62
114 64
114 71
114 74
114 82
114 85
114 87
114 89
114 90
114 109
114 110
114 123
114 125
114 126
115 4
115 8
115 19
115 24
115 36
115 37
115 40
115 45
115 46
115 62
115 75
115 83
115 86
115 100
115 105
115 114
115 117
115 120
115 123
115 124
116 4
116 5
116 10
116 17
116 18
116 20
116 21
116 27
116 30
116 41
116 42
116 44
116 45
116 49
116 53
116 55
116 62
116 65
116 76
116 80
116 84
116 86
116 88
116 90
116 100
116 104
116 107
116 119
116 121
116 124
117 1
117 7
117 20
117 22
117 27
117 38
117 43
117 53
117 62
117 77
117 83
117 91
117 95
117 100
117 105
117 118
117 122
117 125
118 2
118 4
118 9
118 10
118 21
118 23
118 24
118 27
118 29
118 34
118 48
118 49
118 56
118 57
118 58
118 63
118 64
118 69
118 71
118 74
118 77
118 79
118 82
118 92
118 95
118 99
118 100
118 101
118 104
118 113
118 121
118 122
118 126
118 127
119 0
119 2
119 6
119 11
119 19
119 45
119 49
119 57
119 58
119 59
119 62
119 67
119 68
119 70
119 72
119 75
119 76
119 78
119 85
119 86
119 90
119 114
119 123
119 127
120 5
120 13
120 18
120 22
120 29
120 36
120 41
120 42
120 43
120 45
120 46
120 51
120 58
120 67
120 68
120 69
120 79
120 80
120 81
120 87
120 88
120 89
120 94
120 99
120 110
120 116
120 117
120 118
120 120
121 4
121 6
121 10
121 12
121 15
121 18
121 25
121 27
121 33
121 38
121 54
121 64
121 72
121 75
121 83
121 87
121 94
121 109
121 112
121 118
121 121
121 127
122 2
122 5
122 6
122 14
122 20
122 25
122 26
122 27
122 30
122 32
122 37
122 42
122 43
122 55
122 57
122 58
122 60
122 70
122 82
122 85
122 87
122 103
122 107
122 108
122 117
122 119
123 3
123 10
123 11
123 21
123 24
123 27
123 33
123 37
123 41
123 43
123 50
123 51
123 55
123 57
123 61
123 68
123 72
123 75
123 77
123 79
123 81
123 84
123 85
123 86
123 90
123 92
123 97
123 103
123 111
123 119
123 126
124 6
124 7
124 10
124 22
124 23
124 25
124 26
124 28
124 44
124 47
124 49
124 54
124 57
124 58
124 60
124 67
124 75
124 77
124 79
124 88
124 92
124 101
124 104
124 107
124 111
124 115
124 124
124 127
125 11
125 16
125 18
125 23
125 24
125 34
125 36
125 38
125 42
125 49
125 51
125 64
125 68
125 71
125 76
125 77
125 87
125 96
125 98
125 101
125 112
125 123
125 125
126 5
126 8
126 9
126 16
126 18
126 22
126 24
126 26
126 27
126 33
126 35
126 51
126 53
126 56
126 69
126 74
126 75
126 78
126 79
126 80
126 81
126 85
126 87
126 89
126 96
126 105
126 113
126 116
126 119
126 121
127 1
127 4
127 15
127 23
127 32
127 37
127 43
127 51
127 62
127 66
127 67
127 68
127 77
127 83
127 90
127 93
127 95
127 99
127 111
127 112
127 113
127 114
127 121
127 124
