0 11
0 15
0 37
0 44
0 54
0 60
0 62
0 63
0 71
0 85
0 86
0 92
0 94
0 120
0 125
1 7
1 29
1 33
1 39
1 70
1 78
1 84
1 99
1 101
1 106
1 119
2 6
2 11
2 35
2 39
2 42
2 47
2 59
2 72
2 80
2 81
2 101
2 116
2 126
3 38
3 70
3 73
3 74
3 88
3 104
4 15
4 26
4 30
4 39
4 56
4 70
4 117
4 126
5 0
5 5
5 10
5 11
5 32
5 50
5 57
5 78
5 86
5 93
5 111
5 113
6 10
6 17
6 33
6 37
6 43
6 50
6 63
6 67
6 72
6 79
6 89
6 106
6 118
6 125
7 0
7 5
7 19
7 20
7 21
7 23
7 74
7 77
7 105
7 112
7 121
7 125
8 5
8 17
8 25
8 50
8 60
8 67
8 91
8 110
8 114
9 19
9 40
9 41
9 46
9 59
9 116
9 119
9 120
9 123
10 1
10 13
10 19
10 33
10 37
10 64
10 65
10 70
10 91
10 92
10 93
10 94
10 98
10 110
10 111
10 122
11 9
11 18
11 49
11 52
11 60
11 65
11 78
11 83
11 97
11 109
11 117
11 121
12 4
12 23
12 27
12 33
12 34
12 45
12 50
12 52
12 64
12 76
12 87
12 88
12 105
12 107
12 108
12 114
12 115
12 121
12 125
13 1
13 4
13 10
13 14
13 28
13 42
13 53
13 56
13 69
13 83
13 93
13 104
13 106
13 112
13 118
13 121
14 7
14 13
14 20
14 32
14 45
14 55
14 57
14 59
14 76
14 81
14 104
14 116
14 117
14 126
15 1
15 19
15 31
15 33
15 35
15 45
15 47
15 100
15 106
15 127
16 10
16 11
16 14
16 15
16 23
16 37
16 51
16 52
16 53
16 65
16 66
16 73
16 80
16 84
16 94
16 110
16 111
16 115
16 116
16 120
17 11
17 21
17 24
17 30
17 58
17 60
17 64
17 66
17 70
17 77
17 112
17 113
17 114
17 115
18 10
18 15
18 18
18 19
18 20
18 41
18 51
18 59
18 80
18 81
18 90
18 105
18 124
19 3
19 34
19 51
19 70
19 80
19 109
20 9
20 22
20 26
20 39
20 46
20 48
20 57
20 75
20 77
20 101
20 116
20 124
21 7
21 11
21 13
21 18
21 36
21 65
21 72
21 91
21 97
21 103
22 2
22 3
22 4
22 10
22 33
22 42
22 44
22 47
22 59
22 74
22 95
22 96
22 101
22 102
22 104
22 111
22 118
23 11
23 35
23 40
23 48
23 55
23 58
23 76
23 85
23 118
23 119
24 3
24 15
24 19
24 28
24 32
24 42
24 66
24 86
24 93
24 94
24 114
24 116
24 125
24 127
25 42
25 58
25 60
25 63
25 81
25 90
25 110
25 122
26 4
26 15
26 21
26 32
26 33
26 53
26 66
26 107
26 108
26 113
27 5
27 37
27 42
27 46
27 60
27 61
27 72
27 86
27 103
27 104
27 106
28 17
28 31
28 33
28 44
28 62
28 78
28 105
28 121
29 4
29 7
29 18
29 32
29 55
29 62
29 74
29 80
29 92
29 118
30 3
30 11
30 13
30 22
30 38
30 88
30 106
31 18
31 29
31 47
31 60
31 61
31 66
31 79
31 92
31 96
31 105
31 106
31 111
31 117
32 36
32 71
32 72
32 98
32 100
32 107
32 108
32 110
32 121
33 15
33 19
33 21
33 28
33 45
33 47
33 68
33 91
33 96
33 101
33 114
33 119
33 120
34 25
34 49
34 53
34 86
34 119
34 124
34 126
35 17
35 26
35 39
35 44
35 50
35 63
35 74
35 78
35 79
35 110
35 113
35 119
35 121
35 123
35 127
36 34
36 37
36 44
36 49
36 60
36 120
36 121
37 5
37 9
37 13
37 53
37 58
37 64
37 95
37 102
37 104
37 106
37 110
37 111
38 24
38 25
38 26
38 39
38 40
38 51
38 84
38 102
38 103
38 104
38 107
38 120
38 124
39 1
39 8
39 13
39 16
39 22
39 27
39 34
39 38
39 46
39 47
39 78
39 100
39 122
39 126
40 7
40 18
40 26
40 30
40 31
40 55
40 69
40 80
40 83
40 100
40 102
40 119
41 28
41 42
41 55
41 96
41 115
41 120
42 11
42 19
42 44
42 46
42 52
42 55
42 67
42 73
42 77
42 93
42 104
43 9
43 23
43 32
43 43
43 46
43 82
43 88
43 92
43 105
44 2
44 3
44 14
44 23
44 39
44 41
44 42
44 43
44 49
44 61
44 65
44 69
44 70
44 77
44 85
44 87
44 103
45 13
45 17
45 37
45 44
45 49
45 56
45 69
45 94
45 111
45 115
45 117
45 121
46 7
46 9
46 16
46 24
46 50
46 55
46 62
46 110
46 114
47 2
47 9
47 10
47 16
47 18
47 28
47 30
47 52
47 65
47 82
47 108
47 125
48 2
48 13
48 22
48 25
48 68
48 76
48 116
49 1
49 5
49 6
49 18
49 27
49 28
49 50
49 76
49 78
49 90
49 111
50 5
50 18
50 23
50 30
50 37
50 38
50 49
50 51
50 58
50 71
50 75
50 81
50 88
50 101
50 108
50 114
51 1
51 13
51 21
51 29
51 30
51 33
51 39
51 47
51 55
51 68
51 70
51 85
51 87
51 101
51 118
51 124
52 8
52 34
52 40
52 42
52 58
52 71
52 75
52 76
52 90
52 96
52 116
52 122
52 124
53 0
53 8
53 14
53 19
53 31
53 54
53 55
53 57
53 76
53 81
53 82
53 86
53 88
53 89
53 91
53 120
54 5
54 11
54 42
54 55
54 83
54 84
54 87
54 91
54 93
54 96
54 97
54 100
54 107
54 109
54 117
54 124
55 13
55 20
55 24
55 28
55 40
55 56
55 84
55 91
55 106
55 111
56 2
56 7
56 12
56 13
56 24
56 31
56 32
56 62
56 89
56 92
56 106
57 11
57 22
57 45
57 57
57 68
57 80
57 93
57 97
57 98
57 117
57 118
58 12
58 41
58 50
58 58
58 65
58 69
58 76
58 78
58 84
58 92
58 97
58 116
59 7
59 11
59 12
59 21
59 22
59 23
59 36
59 41
59 42
59 47
59 71
59 78
59 102
59 126
59 127
60 10
60 52
60 61
60 72
60 79
60 93
60 107
61 6
61 10
61 16
61 25
61 32
61 36
61 40
61 54
61 63
61 73
61 76
61 79
61 98
61 99
61 112
61 125
62 9
62 24
62 29
62 40
62 46
62 47
62 55
62 56
62 61
62 62
62 90
62 96
62 103
62 105
62 107
62 111
62 113
62 121
62 126
63 2
63 12
63 46
63 61
63 75
63 88
63 96
63 101
63 102
63 107
63 108
63 110
64 3
64 12
64 17
64 35
64 41
64 53
64 59
64 75
64 78
64 81
64 85
64 89
64 104
64 115
64 127
65 19
65 28
65 34
65 48
65 78
65 86
65 97
65 99
65 104
65 113
66 9
66 11
66 17
66 18
66 39
66 41
66 59
66 87
66 127
67 1
67 4
67 7
67 11
67 14
67 18
67 19
67 20
67 72
67 78
67 86
67 95
67 99
67 122
68 12
68 24
68 29
68 52
68 71
68 75
68 85
68 89
68 93
68 121
69 0
69 9
69 12
69 20
69 49
69 57
69 65
69 66
69 67
69 75
69 87
69 96
70 0
70 2
70 7
70 10
70 33
70 36
70 51
70 52
70 68
70 73
70 80
70 95
70 103
70 104
70 125
70 126
71 1
71 22
71 66
71 74
71 85
71 86
71 89
71 90
71 113
71 117
72 4
72 8
72 12
72 22
72 38
72 45
72 51
72 71
72 73
72 103
73 26
73 28
73 50
73 53
73 57
73 105
73 112
73 116
74 20
74 22
74 25
74 33
74 49
74 53
74 62
74 71
74 76
74 88
74 89
74 104
74 113
74 116
74 118
74 123
74 125
75 6
75 21
75 59
75 85
75 96
75 123
76 14
76 19
76 36
76 51
76 58
76 72
76 77
76 98
76 104
77 12
77 32
77 51
77 54
77 66
77 67
77 68
77 72
77 76
77 77
77 83
77 104
77 108
77 112
77 115
77 117
77 122
77 124
78 9
78 15
78 24
78 29
78 46
78 79
78 81
78 94
78 107
78 115
78 123
78 126
79 12
79 26
79 34
79 43
79 62
79 65
79 68
79 72
79 75
79 87
79 89
79 90
79 91
79 99
79 103
79 125
80 17
80 32
80 41
80 48
80 53
80 62
80 84
80 94
80 104
80 117
80 119
81 9
81 22
81 27
81 53
81 64
81 67
81 72
81 73
81 77
81 84
81 94
81 101
81 102
81 108
81 109
81 122
82 6
82 26
82 30
82 31
82 64
82 68
82 72
82 75
82 89
82 118
82 121
83 27
83 30
83 47
83 54
83 81
83 101
83 103
83 122
83 123
84 47
84 48
84 53
84 54
84 89
84 101
84 115
84 122
85 7
85 18
85 27
85 32
85 38
85 59
85 62
85 79
85 100
85 101
85 103
85 115
86 8
86 14
86 26
86 29
86 41
86 53
86 56
86 62
86 64
86 66
86 67
86 110
87 3
87 5
87 12
87 24
87 40
87 65
87 70
87 86
87 87
87 96
87 103
87 124
88 61
88 66
88 74
88 88
88 91
88 95
88 99
88 101
88 122
88 124
89 4
89 12
89 14
89 18
89 28
89 30
89 41
89 62
89 98
89 106
89 123
89 124
90 6
90 10
90 39
90 46
90 52
91 31
91 54
91 71
91 75
91 83
91 92
91 98
91 106
91 107
91 109
91 112
91 113
91 114
91 125
91 126
92 29
92 33
92 34
92 83
92 90
92 93
92 99
92 102
92 103
92 110
92 111
93 6
93 11
93 26
93 36
93 49
93 56
93 59
93 61
93 63
93 89
93 93
93 103
93 108
93 120
94 11
94 13
94 16
94 50
94 66
94 72
94 102
94 115
94 124
95 4
95 5
95 17
95 37
95 57
95 65
95 66
95 90
95 97
95 107
95 113
95 125
96 26
96 42
96 46
96 48
96 82
96 86
96 98
96 120
96 126
97 23
97 38
97 40
97 49
97 76
97 77
97 85
97 89
97 96
97 119
97 121
97 123
97 124
98 25
98 32
98 36
98 37
98 44
98 53
98 73
98 80
98 81
98 94
98 99
98 113
99 2
99 4
99 11
99 17
99 19
99 22
99 24
99 37
99 45
99 46
99 75
99 80
99 84
99 85
99 101
99 102
100 9
100 25
100 33
100 48
100 62
100 64
100 65
100 70
100 74
100 76
100 78
100 83
100 92
100 110
100 126
101 8
101 11
101 12
101 13
101 20
101 34
101 43
101 53
101 77
101 87
101 89
101 93
101 99
101 111
101 120
102 2
102 27
102 28
102 29
102 52
102 97
102 111
102 119
102 125
103 20
103 28
103 29
103 34
103 53
103 58
103 61
103 78
103 79
103 92
103 108
104 1
104 13
104 24
104 33
104 64
104 70
104 86
104 87
104 90
104 105
104 122
105 12
105 20
105 25
105 29
105 40
105 43
105 97
105 98
105 115
105 118
105 121
106 6
106 33
106 46
106 48
106 49
106 61
106 76
106 77
106 93
106 110
106 116
106 120
106 125
107 4
107 22
107 39
107 60
107 62
107 67
107 72
107 76
107 88
107 98
107 111
108 18
108 23
108 55
108 71
108 74
108 92
108 94
108 122
108 124
108 126
109 4
109 30
109 54
109 71
109 72
109 78
109 91
109 97
109 101
109 113
109 117
109 119
109 122
110 1
110 28
110 32
110 33
110 35
110 62
110 80
110 90
110 98
111 4
111 7
111 8
111 10
111 21
111 22
111 24
111 58
111 69
111 80
111 98
111 101
111 110
112 36
112 41
112 42
112 49
112 58
112 77
112 96
112 108
112 119
113 1
113 45
113 49
113 60
113 65
113 74
113 93
113 120
114 0
114 15
114 21
114 39
114 60
114 68
114 71
114 72
114 74
114 93
114 106
114 113
115 71
115 85
115 97
115 104
115 107
115 112
115 115
115 119
115 125
116 3
116 4
116 15
116 76
116 82
116 84
116 115
116 124
117 32
117 56
117 83
117 101
118 7
118 25
118 27
118 46
118 57
118 78
118 92
118 94
118 123
118 127
119 28
119 38
119 46
119 50
119 57
119 78
119 102
119 104
119 116
120 19
120 23
120 93
120 112
120 116
120 121
120 122
121 7
121 13
121 34
121 43
121 44
121 49
121 55
121 65
121 75
121 77
121 80
121 87
121 99
121 109
121 114
121 120
121 122
122 0
122 5
122 38
122 40
122 42
122 45
122 52
122 58
122 62
122 76
122 77
122 81
122 84
122 89
122 94
122 103
123 6
123 18
123 25
123 49
123 52
123 61
123 66
123 73
123 94
123 102
123 107
123 114
124 1
124 10
124 28
124 33
124 35
124 52
124 60
124 62
124 70
124 77
124 107
124 112
124 125
125 27
125 30
125 32
125 41
125 42
125 48
125 49
125 56
125 60
125 62
125 65
125 67
125 74
125 81
125 109
126 21
126 23
126 25
126 39
126 41
126 74
126 83
126 86
126 124
127 8
127 10
127 23
127 24
127 39
127 40
127 66
127 80
127 83
127 90
127 102
127 112
127 115
127 120
127 121
