0 0
0 6
0 26
0 29
0 37
0 40
0 50
0 51
0 56
0 64
0 80
0 101
0 104
0 105
0 120
0 122
1 6
1 18
1 20
1 25
1 27
1 28
1 29
1 36
1 41
1 48
1 56
1 62
1 74
1 75
1 79
1 88
1 100
1 107
1 109
1 111
1 117
2 3
2 6
2 15
2 22
2 28
2 30
2 37
2 41
2 46
2 77
2 78
2 97
2 101
2 102
2 104
2 114
2 118
3 3
3 8
3 22
3 25
3 63
3 66
3 85
3 89
3 95
3 104
4 3
4 6
4 20
4 24
4 35
4 44
4 49
4 56
4 65
4 74
4 83
4 86
4 91
4 112
4 119
4 124
5 10
5 18
5 21
5 56
5 70
5 82
5 96
5 101
5 124
6 2
6 7
6 16
6 33
6 34
6 42
6 43
6 54
6 55
6 75
6 110
6 124
6 127
7 2
7 4
7 7
7 31
7 43
7 47
7 50
7 51
7 53
7 56
7 69
7 71
7 72
7 79
7 90
7 97
7 101
7 115
7 116
7 125
7 127
8 3
8 9
8 10
8 23
8 37
8 38
8 50
8 55
8 70
8 77
8 83
8 92
8 96
8 97
8 102
8 116
8 124
9 1
9 13
9 19
9 27
9 53
9 61
9 68
9 74
9 75
9 81
9 89
9 95
9 126
10 0
10 5
10 14
10 21
10 28
10 41
10 50
10 62
10 65
10 74
10 82
10 90
10 99
10 121
11 0
11 3
11 26
11 30
11 54
11 83
11 97
11 102
11 105
11 120
12 17
12 37
12 47
12 53
12 84
12 93
12 103
12 110
12 116
13 41
13 47
13 59
13 92
13 98
13 105
13 124
14 4
14 15
14 26
14 27
14 37
14 40
14 44
14 48
14 52
14 60
14 61
14 71
14 122
15 6
15 8
15 15
15 17
15 26
15 64
15 68
15 83
15 114
15 123
16 2
16 4
16 16
16 23
16 38
16 40
16 42
16 43
16 66
16 70
16 84
16 89
16 96
16 107
16 112
16 119
16 126
17 3
17 15
17 30
17 43
17 48
17 55
17 64
17 70
17 75
17 81
17 92
17 107
17 111
17 123
17 127
18 19
18 25
18 28
18 32
18 50
18 51
18 60
18 69
18 73
18 80
19 6
19 21
19 28
19 39
19 51
19 65
19 70
19 76
19 92
19 112
19 113
19 124
20 9
20 55
20 56
20 60
20 61
20 89
20 95
20 98
20 101
21 13
21 16
21 26
21 31
21 40
21 50
21 66
21 106
21 123
22 17
22 21
22 32
22 37
22 48
22 50
22 64
22 90
22 101
22 106
22 126
23 4
23 13
23 26
23 42
23 43
23 74
23 80
23 86
23 97
23 100
23 113
23 114
23 117
23 118
23 120
23 121
24 23
24 25
24 31
24 40
24 55
24 59
24 85
24 94
25 18
25 19
25 31
25 35
25 79
25 104
25 109
25 127
26 7
26 41
26 45
26 46
26 90
26 98
26 121
27 10
27 19
27 21
27 23
27 24
27 25
27 32
27 34
27 41
27 52
27 57
27 65
27 78
27 98
27 108
27 110
27 111
27 112
28 5
28 14
28 27
28 39
28 67
28 69
28 105
28 114
28 119
29 2
29 32
29 39
29 50
29 67
29 71
29 82
29 86
29 88
29 89
29 90
29 91
29 102
29 103
29 108
29 114
29 117
30 5
30 7
30 24
30 48
30 59
30 60
30 79
30 85
30 94
30 117
30 120
31 3
31 20
31 21
31 36
31 68
31 90
31 93
31 97
31 112
31 113
31 115
32 18
32 30
32 54
32 56
32 63
32 71
32 72
32 82
32 88
32 105
32 114
32 117
32 127
33 18
33 27
33 28
33 42
34 34
34 51
34 83
34 93
34 97
34 111
34 117
34 118
34 119
35 1
35 9
35 16
35 34
35 73
35 85
35 99
35 113
35 115
36 6
36 16
36 20
36 32
36 66
36 74
36 102
36 104
36 107
36 108
37 6
37 13
37 19
37 34
37 57
37 61
37 71
37 77
37 107
37 114
38 8
38 18
38 37
38 41
38 49
38 68
38 74
38 75
38 84
38 113
38 126
39 3
39 4
39 33
39 40
39 44
39 48
39 52
39 87
39 89
39 90
40 10
40 11
40 12
40 17
40 43
40 44
40 53
40 59
40 63
40 65
40 66
40 79
40 83
40 112
40 114
40 122
40 126
41 4
41 13
41 19
41 49
41 50
41 76
41 82
41 94
41 107
41 114
41 122
42 10
42 17
42 20
42 51
42 53
42 62
42 68
42 72
42 74
42 92
42 99
42 111
42 117
43 3
43 26
43 50
43 65
43 75
43 82
43 83
43 109
43 116
44 7
44 30
44 32
44 63
44 72
44 73
44 78
44 87
44 90
44 91
44 95
44 106
44 110
44 113
44 118
45 10
45 24
45 27
45 36
45 37
45 49
45 57
45 80
45 87
45 89
45 98
45 102
45 105
45 115
46 2
46 24
46 25
46 26
46 28
46 51
46 54
46 79
46 99
46 103
46 118
46 123
47 25
47 34
47 36
47 53
47 67
47 72
47 79
47 81
47 92
47 95
48 4
48 45
48 48
48 53
48 61
48 66
48 79
48 92
48 102
48 103
48 122
48 123
49 6
49 9
49 21
49 25
49 30
49 33
49 36
49 50
49 62
49 64
49 66
49 69
49 74
49 89
49 96
49 109
49 111
49 113
49 120
49 121
50 2
50 5
50 24
50 40
50 46
50 50
50 69
50 71
50 77
50 84
50 96
50 97
50 102
50 113
50 115
50 120
51 14
51 55
51 78
51 96
51 105
51 120
52 4
52 10
52 22
52 23
52 32
52 39
52 44
52 45
52 50
52 53
52 54
52 55
52 79
52 92
52 97
52 105
52 123
53 14
53 19
53 36
53 71
53 72
53 125
53 126
54 1
54 16
54 22
54 30
54 31
54 32
54 33
54 34
54 42
54 100
54 104
54 114
54 127
55 3
55 4
55 5
55 29
55 41
55 48
55 53
55 80
55 87
55 91
55 92
55 95
55 101
55 116
55 123
56 9
56 12
56 20
56 21
56 32
56 101
57 23
57 38
57 44
57 50
57 54
57 57
57 58
57 64
57 77
57 88
57 90
57 92
57 105
58 21
58 22
58 24
58 27
58 76
58 117
59 6
59 11
59 23
59 59
59 80
59 81
59 88
60 5
60 16
60 24
60 25
60 37
60 39
60 68
60 86
60 90
60 93
60 106
60 107
60 112
61 11
61 46
61 49
61 57
61 68
61 81
61 84
61 87
61 88
61 94
61 97
61 101
61 124
62 2
62 6
62 16
62 24
62 30
62 35
62 43
62 53
62 54
62 89
62 90
62 94
62 97
62 103
62 109
62 125
63 2
63 25
63 51
63 57
63 60
63 70
63 99
63 119
63 120
64 13
64 28
64 39
64 48
64 55
64 67
64 72
64 95
65 2
65 5
65 7
65 21
65 22
65 30
65 40
65 47
65 50
65 57
65 69
65 77
65 103
65 113
65 115
66 6
66 7
66 11
66 24
66 25
66 27
66 70
66 78
66 100
66 121
67 3
67 4
67 11
67 24
67 32
67 34
67 35
67 37
67 57
67 82
67 84
67 95
67 101
67 113
67 119
68 32
68 59
68 61
68 73
68 79
68 85
68 86
68 115
68 123
69 12
69 17
69 35
69 39
69 46
69 73
69 78
69 82
69 109
69 110
69 118
69 127
70 12
70 15
70 18
70 79
70 87
70 90
70 94
70 99
70 103
70 104
70 108
71 2
71 3
71 4
71 40
71 43
71 47
71 56
71 66
71 69
71 70
71 78
71 94
71 100
71 103
71 106
71 107
71 119
71 120
72 32
72 36
72 59
72 62
72 68
72 76
72 77
72 88
72 95
72 110
72 116
72 126
73 4
73 22
73 28
73 71
73 108
73 127
74 10
74 12
74 16
74 31
74 39
74 45
74 49
74 63
74 72
74 85
74 98
74 102
74 118
75 17
75 25
75 55
75 74
75 80
75 81
75 83
75 90
75 102
75 121
75 122
76 10
76 12
76 16
76 19
76 24
76 41
76 72
76 77
76 79
76 84
76 93
76 106
76 115
76 122
76 123
77 10
77 21
77 26
77 31
77 33
77 44
77 62
77 78
77 88
77 91
77 93
77 98
77 101
77 106
78 1
78 19
78 40
78 42
78 66
78 83
78 90
78 95
78 96
78 106
78 117
78 122
79 24
79 82
79 85
79 107
79 114
79 115
79 121
79 123
80 35
80 38
80 56
80 57
80 69
80 90
80 116
80 119
81 12
81 13
81 42
81 46
81 47
81 49
81 70
81 103
81 117
81 127
82 5
82 23
82 27
82 30
82 31
82 32
82 39
82 48
82 53
82 59
82 68
82 71
82 84
82 99
82 105
82 108
82 125
83 14
83 43
83 92
83 93
83 94
83 102
83 116
84 7
84 30
84 34
84 37
84 46
84 50
84 66
84 79
84 101
84 103
84 115
84 120
85 13
85 19
85 46
85 66
85 67
85 83
85 88
85 91
85 94
85 103
85 116
85 126
86 19
86 37
86 53
86 67
86 83
86 105
86 115
87 23
87 31
87 34
87 52
87 66
87 70
87 106
88 9
88 27
88 33
88 36
88 58
88 68
88 78
88 82
88 102
88 109
88 110
88 118
88 123
89 2
89 9
89 23
89 60
89 62
89 92
89 102
89 111
89 117
89 126
90 10
90 12
90 18
90 27
90 50
90 72
90 73
90 75
90 79
90 88
90 102
90 110
91 5
91 8
91 25
91 32
91 57
91 73
91 96
91 102
91 107
91 121
92 9
92 17
92 21
92 26
92 34
92 45
92 50
92 66
92 79
92 81
92 82
92 86
92 88
92 92
92 102
92 123
93 42
93 50
93 51
93 57
93 77
93 87
93 104
93 122
93 127
94 8
94 14
94 23
94 48
94 72
94 79
94 100
94 105
94 109
95 2
95 10
95 18
95 26
95 38
95 39
95 42
95 43
95 49
95 52
95 70
95 88
95 99
95 109
95 121
95 125
96 24
96 30
96 32
96 36
96 37
96 38
96 45
96 49
96 50
96 67
96 95
96 96
96 123
97 4
97 6
97 7
97 12
97 17
97 25
97 34
97 35
97 49
97 57
97 68
97 70
97 71
97 98
97 99
97 108
97 109
98 0
98 4
98 7
98 30
98 33
98 38
98 43
98 57
98 85
98 88
98 98
98 106
99 10
99 13
99 15
99 20
99 78
100 4
100 6
100 19
100 40
100 46
100 58
100 73
100 92
100 113
100 115
101 12
101 20
101 35
101 69
101 99
101 105
102 12
102 14
102 37
102 46
102 51
102 56
102 58
102 100
102 109
102 115
102 123
102 126
103 19
103 33
103 53
103 64
103 97
103 105
103 115
103 121
104 0
104 2
104 5
104 9
104 23
104 38
104 58
104 70
104 71
104 72
104 81
104 93
104 101
104 106
104 124
105 10
105 12
105 43
105 51
105 52
105 67
105 72
105 76
105 94
105 99
105 105
105 123
106 0
106 18
106 20
106 31
106 49
106 50
106 57
106 62
106 84
106 92
106 99
106 103
106 106
106 107
106 115
107 4
107 22
107 27
107 39
107 43
107 54
107 60
107 68
107 79
107 80
107 105
107 109
107 112
107 114
107 127
108 1
108 10
108 37
108 43
108 48
108 82
108 88
108 101
109 2
109 4
109 5
109 9
109 24
109 43
109 46
109 56
109 61
109 67
109 75
109 80
109 97
109 117
109 123
110 6
110 11
110 22
110 24
110 29
110 33
110 45
110 71
110 78
110 103
110 105
110 110
110 118
110 121
111 14
111 16
111 34
111 35
111 36
111 37
111 67
111 95
111 100
111 110
112 1
112 2
112 5
112 14
112 18
112 22
112 36
112 51
112 52
112 82
112 85
112 86
112 94
112 102
112 111
112 119
113 13
113 29
113 47
113 52
113 60
113 68
113 76
113 86
113 90
113 92
113 96
113 119
114 29
114 38
114 41
114 48
114 65
114 97
114 101
114 106
114 111
114 113
115 1
115 8
115 21
115 24
115 25
115 32
115 51
115 56
115 58
115 62
115 63
115 91
115 124
116 2
116 3
116 10
116 23
116 25
116 26
116 38
116 39
116 75
116 79
116 87
116 91
116 107
116 114
116 115
117 4
117 20
117 55
117 58
117 71
117 89
117 101
117 112
117 122
117 127
118 24
118 33
118 39
118 41
118 43
118 56
118 58
118 72
118 73
118 78
118 82
118 115
119 0
119 13
119 22
119 33
119 37
119 38
119 45
119 76
119 87
119 89
119 91
119 107
119 108
119 116
119 123
119 124
120 1
120 18
120 33
120 36
120 40
120 63
120 65
120 70
120 77
120 84
120 95
120 98
120 104
120 120
120 125
121 5
121 28
121 40
121 58
121 62
121 68
121 82
121 85
121 93
121 95
121 103
122 10
122 22
122 32
122 36
122 120
123 23
123 32
123 63
123 102
123 108
123 116
124 15
124 37
124 42
124 51
124 59
124 86
124 98
124 106
124 112
124 118
125 1
125 22
125 49
125 64
125 79
125 91
125 97
126 25
126 26
126 41
126 48
126 79
126 81
126 86
126 93
126 102
126 112
127 16
127 24
127 54
127 56
127 73
127 75
127 83
127 85
127 103
127 106
127 117
