0 0
0 3
0 4
0 5
0 7
0 9
0 13
0 16
0 20
0 21
0 26
0 28
0 32
0 33
0 37
0 38
0 39
0 40
0 41
0 45
0 46
0 50
0 51
0 52
0 57
0 59
0 70
0 71
0 73
0 77
0 79
0 83
0 84
0 86
0 89
0 94
0 96
0 100
0 102
0 103
0 110
0 111
0 112
0 118
0 122
1 1
1 4
1 7
1 9
1 17
1 19
1 21
1 31
1 36
1 40
1 42
1 43
1 44
1 47
1 51
1 53
1 56
1 57
1 61
1 68
1 73
1 80
1 84
1 88
1 92
1 95
1 96
1 97
1 99
1 100
1 110
1 114
1 115
1 119
2 1
2 3
2 7
2 14
2 15
2 19
2 22
2 24
2 25
2 28
2 31
2 35
2 38
2 42
2 45
2 46
2 49
2 51
2 52
2 55
2 59
2 61
2 62
2 64
2 69
2 72
2 74
2 75
2 77
2 79
2 80
2 83
2 84
2 91
2 94
2 104
2 105
2 106
2 108
2 109
2 110
2 113
2 114
2 116
2 118
2 122
2 126
3 0
3 1
3 3
3 4
3 5
3 6
3 10
3 19
3 28
3 30
3 31
3 34
3 41
3 44
3 47
3 49
3 51
3 54
3 58
3 61
3 62
3 65
3 68
3 71
3 73
3 74
3 75
3 83
3 85
3 86
3 87
3 94
3 105
3 110
3 111
3 116
3 118
3 119
3 120
3 123
3 124
3 126
4 1
4 5
4 7
4 9
4 13
4 14
4 15
4 16
4 27
4 28
4 34
4 40
4 43
4 49
4 52
4 54
4 56
4 63
4 64
4 66
4 72
4 73
4 76
4 77
4 80
4 83
4 86
4 89
4 90
4 91
4 92
4 95
4 98
4 105
4 106
4 107
4 114
4 118
5 3
5 9
5 20
5 23
5 34
5 35
5 36
5 38
5 41
5 43
5 60
5 64
5 67
5 69
5 70
5 71
5 72
5 84
5 85
5 88
5 89
5 94
5 95
5 99
5 100
5 109
5 112
5 113
5 116
5 124
6 0
6 6
6 7
6 8
6 13
6 18
6 19
6 20
6 21
6 23
6 32
6 33
6 39
6 44
6 52
6 54
6 64
6 90
6 101
6 103
6 107
6 109
6 113
6 114
6 118
6 122
6 126
7 1
7 3
7 7
7 8
7 12
7 16
7 18
7 20
7 21
7 25
7 27
7 29
7 37
7 39
7 40
7 45
7 50
7 52
7 54
7 56
7 62
7 66
7 68
7 70
7 71
7 75
7 85
7 92
7 93
7 97
7 101
7 106
7 111
7 112
7 118
7 120
7 121
8 0
8 6
8 15
8 21
8 22
8 26
8 31
8 38
8 47
8 49
8 53
8 54
8 59
8 65
8 70
8 71
8 72
8 79
8 80
8 81
8 85
8 88
8 90
8 95
8 96
8 97
8 102
8 108
8 111
8 114
8 115
8 116
8 119
8 124
8 126
9 0
9 2
9 4
9 9
9 11
9 12
9 17
9 33
9 34
9 35
9 45
9 46
9 47
9 50
9 53
9 57
9 58
9 63
9 66
9 71
9 72
9 73
9 80
9 82
9 88
9 91
9 92
9 93
9 94
9 97
9 100
9 107
9 109
9 110
9 111
9 114
9 116
9 125
9 126
9 127
10 3
10 8
10 9
10 12
10 14
10 15
10 20
10 22
10 23
10 25
10 26
10 30
10 32
10 33
10 34
10 38
10 41
10 44
10 47
10 49
10 51
10 52
10 54
10 56
10 57
10 58
10 59
10 61
10 65
10 66
10 76
10 81
10 86
10 87
10 100
10 108
10 110
10 116
10 121
10 125
10 126
11 2
11 3
11 8
11 11
11 12
11 15
11 18
11 23
11 24
11 29
11 30
11 32
11 35
11 36
11 40
11 41
11 42
11 48
11 52
11 53
11 58
11 76
11 80
11 83
11 84
11 90
11 92
11 95
11 97
11 99
11 105
11 107
11 108
11 110
11 113
11 114
11 122
12 0
12 1
12 3
12 5
12 11
12 13
12 17
12 18
12 32
12 40
12 41
12 42
12 49
12 59
12 60
12 65
12 72
12 73
12 78
12 80
12 81
12 83
12 91
12 96
12 104
12 105
12 106
12 108
12 109
12 110
12 117
12 118
12 121
12 123
12 125
13 3
13 7
13 10
13 11
13 14
13 19
13 27
13 32
13 33
13 35
13 36
13 39
13 40
13 42
13 44
13 45
13 47
13 51
13 53
13 54
13 57
13 58
13 61
13 64
13 69
13 71
13 72
13 74
13 76
13 84
13 88
13 90
13 94
13 99
13 112
13 113
13 119
13 120
13 121
13 124
13 126
14 2
14 3
14 9
14 13
14 14
14 18
14 22
14 27
14 28
14 30
14 38
14 39
14 40
14 47
14 50
14 53
14 56
14 57
14 58
14 62
14 64
14 70
14 72
14 83
14 88
14 92
14 93
14 100
14 107
14 108
14 111
14 114
14 116
14 120
14 122
14 126
15 0
15 1
15 2
15 11
15 16
15 18
15 19
15 24
15 25
15 30
15 31
15 33
15 34
15 35
15 38
15 46
15 50
15 51
15 52
15 57
15 58
15 59
15 62
15 63
15 66
15 74
15 75
15 84
15 85
15 86
15 87
15 91
15 93
15 98
15 99
15 104
15 106
15 110
15 114
15 116
15 120
15 124
15 125
16 1
16 2
16 3
16 5
16 8
16 9
16 11
16 13
16 17
16 30
16 33
16 34
16 39
16 42
16 47
16 49
16 62
16 68
16 70
16 73
16 75
16 76
16 81
16 84
16 86
16 89
16 92
16 94
16 96
16 100
16 106
16 119
16 120
16 121
16 125
17 3
17 6
17 7
17 8
17 13
17 17
17 19
17 22
17 23
17 24
17 25
17 28
17 34
17 40
17 47
17 54
17 60
17 63
17 69
17 75
17 80
17 88
17 91
17 92
17 93
17 94
17 97
17 98
17 107
17 110
17 114
17 124
18 4
18 5
18 6
18 8
18 12
18 14
18 18
18 20
18 27
18 28
18 29
18 33
18 34
18 36
18 39
18 41
18 43
18 44
18 46
18 50
18 55
18 64
18 70
18 81
18 88
18 89
18 91
18 99
18 101
18 103
18 107
18 110
18 114
18 119
18 121
18 123
18 126
18 127
19 1
19 3
19 4
19 7
19 18
19 21
19 24
19 26
19 28
19 38
19 39
19 41
19 42
19 47
19 50
19 51
19 52
19 53
19 54
19 57
19 59
19 62
19 65
19 66
19 70
19 77
19 79
19 83
19 84
19 85
19 88
19 92
19 98
19 99
19 104
19 105
19 108
19 109
19 111
19 112
19 116
19 119
19 123
19 127
20 0
20 2
20 5
20 7
20 18
20 21
20 25
20 28
20 30
20 34
20 38
20 39
20 40
20 41
20 42
20 44
20 46
20 52
20 58
20 59
20 61
20 66
20 68
20 71
20 74
20 77
20 82
20 85
20 89
20 92
20 95
20 97
20 99
20 102
20 106
20 108
20 113
20 116
20 117
20 122
20 126
20 127
21 0
21 6
21 11
21 12
21 17
21 19
21 20
21 25
21 29
21 31
21 32
21 33
21 34
21 36
21 37
21 38
21 42
21 43
21 45
21 51
21 55
21 57
21 59
21 61
21 63
21 73
21 74
21 77
21 80
21 81
21 82
21 85
21 90
21 91
21 95
21 98
21 100
21 103
21 105
21 107
21 110
21 116
21 117
21 119
21 121
21 122
21 124
21 125
21 127
22 0
22 10
22 14
22 17
22 18
22 19
22 22
22 24
22 25
22 26
22 35
22 36
22 42
22 50
22 53
22 57
22 58
22 60
22 61
22 62
22 65
22 71
22 83
22 92
22 102
22 109
22 112
22 115
22 116
22 117
22 120
22 123
22 124
22 125
23 2
23 4
23 9
23 11
23 12
23 13
23 14
23 16
23 18
23 19
23 20
23 21
23 22
23 27
23 29
23 30
23 31
23 36
23 38
23 43
23 48
23 49
23 53
23 63
23 68
23 70
23 71
23 78
23 80
23 93
23 95
23 97
23 99
23 102
23 103
23 104
23 120
23 123
23 125
23 126
23 127
24 3
24 5
24 6
24 10
24 12
24 13
24 15
24 23
24 26
24 28
24 39
24 40
24 42
24 43
24 47
24 50
24 52
24 56
24 57
24 64
24 69
24 70
24 75
24 78
24 80
24 84
24 86
24 89
24 91
24 92
24 96
24 106
24 111
24 115
24 119
24 123
24 124
24 125
24 127
25 4
25 9
25 19
25 20
25 24
25 25
25 27
25 34
25 36
25 37
25 39
25 40
25 41
25 42
25 43
25 46
25 48
25 49
25 51
25 55
25 56
25 60
25 70
25 72
25 73
25 82
25 89
25 92
25 99
25 100
25 105
25 108
25 109
25 112
25 113
25 119
25 125
26 1
26 6
26 10
26 11
26 14
26 19
26 22
26 23
26 25
26 27
26 28
26 30
26 31
26 32
26 34
26 39
26 40
26 41
26 42
26 49
26 52
26 53
26 56
26 61
26 64
26 66
26 68
26 69
26 73
26 76
26 79
26 81
26 82
26 83
26 87
26 89
26 93
26 96
26 97
26 101
26 102
26 103
26 106
26 107
26 111
26 113
26 118
26 120
26 121
26 122
26 125
26 126
27 1
27 2
27 6
27 10
27 11
27 14
27 17
27 23
27 32
27 35
27 42
27 45
27 47
27 48
27 54
27 55
27 56
27 57
27 63
27 67
27 74
27 80
27 84
27 86
27 88
27 89
27 91
27 96
27 100
27 101
27 106
27 111
27 112
27 115
27 116
27 120
27 121
27 122
27 126
28 5
28 6
28 8
28 10
28 11
28 12
28 13
28 18
28 26
28 27
28 30
28 31
28 35
28 44
28 45
28 49
28 52
28 53
28 55
28 56
28 57
28 58
28 66
28 69
28 73
28 75
28 78
28 81
28 83
28 86
28 87
28 92
28 95
28 97
28 100
28 102
28 109
28 111
28 112
28 113
28 114
28 121
28 122
28 123
29 4
29 7
29 8
29 15
29 17
29 18
29 20
29 26
29 28
29 36
29 41
29 46
29 47
29 49
29 55
29 56
29 58
29 60
29 64
29 67
29 69
29 70
29 78
29 82
29 86
29 87
29 94
29 101
29 103
29 106
29 111
29 119
29 123
29 124
30 1
30 2
30 3
30 7
30 10
30 12
30 15
30 26
30 31
30 40
30 41
30 42
30 45
30 51
30 53
30 57
30 58
30 60
30 63
30 64
30 67
30 69
30 70
30 72
30 73
30 80
30 86
30 88
30 91
30 93
30 94
30 95
30 97
30 98
30 100
30 103
30 107
30 108
30 110
30 111
30 113
30 119
30 120
31 10
31 15
31 18
31 25
31 26
31 27
31 29
31 31
31 36
31 38
31 40
31 48
31 49
31 55
31 60
31 61
31 64
31 78
31 81
31 83
31 84
31 85
31 88
31 89
31 90
31 95
31 96
31 97
31 99
31 100
31 101
31 103
31 105
31 106
31 112
31 119
31 121
31 123
31 124
31 125
32 1
32 10
32 12
32 14
32 24
32 29
32 33
32 34
32 44
32 45
32 47
32 48
32 52
32 53
32 55
32 56
32 62
32 69
32 70
32 73
32 79
32 82
32 87
32 88
32 90
32 97
32 103
32 105
32 106
32 107
32 111
32 112
32 113
32 114
32 116
32 121
32 122
32 123
32 127
33 0
33 4
33 11
33 18
33 19
33 20
33 21
33 22
33 24
33 25
33 28
33 31
33 35
33 39
33 41
33 47
33 52
33 53
33 54
33 55
33 59
33 64
33 66
33 67
33 68
33 74
33 79
33 85
33 99
33 102
33 105
33 106
33 109
33 111
33 112
33 113
33 115
33 116
33 117
33 120
33 127
34 0
34 4
34 12
34 14
34 18
34 21
34 28
34 34
34 37
34 39
34 43
34 46
34 47
34 51
34 52
34 53
34 56
34 60
34 64
34 65
34 71
34 72
34 77
34 79
34 84
34 85
34 88
34 103
34 104
34 110
34 112
34 113
34 114
34 124
34 127
35 1
35 7
35 8
35 12
35 19
35 25
35 30
35 36
35 45
35 46
35 53
35 55
35 57
35 60
35 68
35 69
35 74
35 76
35 77
35 80
35 82
35 88
35 90
35 91
35 96
35 100
35 101
35 105
35 113
35 114
35 115
35 116
35 120
35 121
35 125
36 2
36 4
36 8
36 9
36 10
36 17
36 19
36 22
36 26
36 33
36 35
36 36
36 38
36 39
36 46
36 47
36 53
36 55
36 56
36 60
36 63
36 64
36 67
36 69
36 76
36 77
36 78
36 80
36 81
36 87
36 88
36 90
36 92
36 93
36 96
36 98
36 114
36 119
36 121
36 122
36 125
37 3
37 9
37 12
37 13
37 16
37 17
37 18
37 23
37 28
37 30
37 33
37 37
37 40
37 47
37 51
37 52
37 56
37 57
37 60
37 62
37 68
37 70
37 71
37 72
37 83
37 86
37 91
37 92
37 93
37 96
37 100
37 105
37 106
37 110
37 115
37 122
37 123
38 0
38 1
38 7
38 8
38 13
38 14
38 15
38 18
38 20
38 21
38 27
38 30
38 33
38 34
38 37
38 39
38 40
38 42
38 45
38 48
38 49
38 50
38 51
38 56
38 57
38 62
38 63
38 67
38 69
38 73
38 88
38 89
38 93
38 94
38 96
38 98
38 106
38 107
38 108
38 112
38 120
38 121
38 124
38 126
38 127
39 0
39 1
39 3
39 5
39 9
39 11
39 13
39 16
39 22
39 23
39 25
39 30
39 39
39 40
39 44
39 45
39 49
39 51
39 57
39 58
39 63
39 68
39 70
39 74
39 81
39 82
39 84
39 88
39 90
39 93
39 97
39 102
39 105
39 107
39 115
39 119
39 122
39 123
39 127
40 0
40 3
40 11
40 17
40 20
40 22
40 25
40 26
40 28
40 29
40 34
40 35
40 38
40 39
40 41
40 42
40 47
40 54
40 55
40 56
40 57
40 58
40 62
40 63
40 64
40 66
40 68
40 76
40 77
40 78
40 80
40 81
40 86
40 90
40 93
40 94
40 96
40 98
40 100
40 102
40 105
40 108
40 112
40 113
40 119
40 126
41 8
41 11
41 12
41 13
41 14
41 16
41 20
41 21
41 22
41 27
41 35
41 40
41 41
41 43
41 55
41 56
41 57
41 62
41 63
41 65
41 72
41 77
41 79
41 83
41 84
41 85
41 88
41 92
41 94
41 99
41 101
41 114
41 117
41 123
42 6
42 9
42 14
42 15
42 16
42 18
42 22
42 23
42 24
42 28
42 35
42 42
42 45
42 49
42 50
42 55
42 58
42 59
42 62
42 64
42 68
42 75
42 77
42 78
42 81
42 82
42 84
42 89
42 97
42 103
42 104
42 106
42 110
42 111
42 114
42 115
42 125
42 127
43 0
43 18
43 19
43 20
43 21
43 26
43 28
43 29
43 30
43 33
43 34
43 39
43 40
43 41
43 42
43 43
43 47
43 58
43 60
43 61
43 65
43 69
43 77
43 80
43 81
43 84
43 85
43 86
43 88
43 89
43 94
43 97
43 99
43 101
43 103
43 106
43 113
43 114
43 116
43 117
43 120
43 122
43 124
43 126
43 127
44 0
44 2
44 4
44 5
44 9
44 12
44 13
44 15
44 18
44 22
44 25
44 27
44 32
44 40
44 41
44 43
44 44
44 48
44 54
44 55
44 56
44 59
44 60
44 61
44 63
44 64
44 65
44 66
44 75
44 78
44 80
44 81
44 89
44 92
44 100
44 103
44 112
44 117
44 120
44 122
44 124
44 125
44 126
44 127
45 5
45 21
45 22
45 25
45 36
45 38
45 47
45 54
45 55
45 56
45 57
45 62
45 65
45 67
45 72
45 73
45 74
45 85
45 88
45 94
45 99
45 100
45 101
45 103
45 105
45 106
45 111
45 113
45 117
45 118
45 122
45 124
45 126
46 0
46 17
46 21
46 34
46 41
46 52
46 57
46 59
46 64
46 65
46 66
46 67
46 68
46 70
46 76
46 77
46 79
46 80
46 82
46 83
46 84
46 87
46 91
46 92
46 98
46 100
46 105
46 112
46 113
46 114
46 118
46 120
47 4
47 5
47 7
47 8
47 11
47 18
47 22
47 24
47 35
47 36
47 42
47 45
47 49
47 55
47 57
47 59
47 64
47 65
47 67
47 69
47 75
47 79
47 80
47 88
47 92
47 94
47 95
47 96
47 98
47 101
47 102
47 109
47 110
47 113
47 118
47 119
47 121
47 126
48 2
48 7
48 9
48 22
48 24
48 31
48 37
48 40
48 46
48 54
48 57
48 60
48 61
48 70
48 74
48 75
48 77
48 81
48 82
48 83
48 84
48 87
48 89
48 91
48 92
48 94
48 95
48 98
48 107
48 111
48 119
48 124
48 127
49 0
49 1
49 3
49 10
49 11
49 21
49 25
49 28
49 29
49 34
49 36
49 40
49 44
49 47
49 55
49 60
49 64
49 70
49 72
49 75
49 77
49 78
49 90
49 91
49 96
49 101
49 103
49 104
49 106
49 108
49 110
49 111
49 115
49 119
49 123
49 124
49 125
49 126
49 127
50 1
50 4
50 5
50 8
50 10
50 16
50 24
50 27
50 31
50 32
50 34
50 35
50 38
50 39
50 40
50 41
50 42
50 46
50 48
50 51
50 53
50 54
50 63
50 64
50 66
50 67
50 75
50 78
50 93
50 98
50 102
50 113
50 123
50 126
50 127
51 1
51 4
51 17
51 18
51 22
51 24
51 27
51 29
51 30
51 31
51 35
51 40
51 41
51 42
51 47
51 50
51 51
51 53
51 54
51 55
51 56
51 58
51 62
51 64
51 67
51 75
51 78
51 80
51 81
51 89
51 92
51 94
51 95
51 98
51 99
51 101
51 103
51 106
51 107
51 108
51 114
51 117
51 126
52 4
52 5
52 8
52 10
52 12
52 15
52 17
52 20
52 21
52 23
52 28
52 29
52 33
52 36
52 37
52 44
52 50
52 54
52 55
52 57
52 60
52 66
52 68
52 72
52 73
52 75
52 76
52 77
52 78
52 84
52 90
52 94
52 99
52 100
52 106
52 110
52 112
52 116
52 121
52 124
53 0
53 6
53 9
53 20
53 24
53 25
53 26
53 32
53 33
53 36
53 37
53 46
53 48
53 49
53 53
53 60
53 63
53 73
53 78
53 86
53 88
53 90
53 91
53 92
53 94
53 96
53 98
53 100
53 101
53 110
53 116
53 122
53 124
53 125
53 126
53 127
54 2
54 3
54 4
54 11
54 13
54 16
54 17
54 18
54 23
54 24
54 27
54 28
54 33
54 35
54 36
54 38
54 41
54 44
54 46
54 52
54 60
54 61
54 62
54 71
54 74
54 76
54 77
54 84
54 87
54 89
54 92
54 94
54 100
54 103
54 104
54 105
54 111
54 112
54 116
54 117
54 122
55 0
55 1
55 8
55 9
55 11
55 12
55 13
55 17
55 22
55 26
55 32
55 33
55 36
55 39
55 41
55 42
55 43
55 45
55 47
55 54
55 57
55 58
55 59
55 61
55 63
55 69
55 72
55 83
55 86
55 88
55 90
55 97
55 101
55 102
55 103
55 112
55 118
55 119
55 121
56 0
56 11
56 13
56 15
56 17
56 20
56 21
56 26
56 30
56 32
56 34
56 39
56 49
56 50
56 51
56 56
56 60
56 62
56 70
56 75
56 76
56 82
56 83
56 85
56 86
56 89
56 90
56 91
56 94
56 96
56 97
56 104
56 107
56 108
56 110
56 114
56 118
56 121
56 123
56 124
56 127
57 3
57 6
57 7
57 12
57 17
57 19
57 21
57 24
57 26
57 31
57 44
57 47
57 53
57 55
57 56
57 58
57 59
57 61
57 65
57 75
57 77
57 81
57 82
57 85
57 87
57 88
57 91
57 97
57 98
57 102
57 103
57 105
57 106
57 111
57 114
57 118
57 124
57 126
58 2
58 4
58 24
58 26
58 31
58 39
58 42
58 46
58 48
58 49
58 50
58 54
58 58
58 69
58 70
58 74
58 77
58 78
58 79
58 81
58 83
58 85
58 89
58 93
58 95
58 101
58 102
58 105
58 109
58 116
58 118
58 120
58 125
59 3
59 6
59 9
59 12
59 13
59 15
59 18
59 20
59 22
59 24
59 28
59 34
59 38
59 39
59 42
59 53
59 54
59 56
59 58
59 60
59 68
59 71
59 74
59 75
59 81
59 82
59 86
59 89
59 90
59 91
59 97
59 98
59 102
59 103
59 104
59 105
59 109
59 111
59 112
59 114
59 116
59 117
59 118
59 120
59 122
59 123
59 126
60 0
60 3
60 12
60 13
60 14
60 18
60 20
60 21
60 26
60 31
60 37
60 38
60 51
60 53
60 54
60 66
60 67
60 72
60 74
60 75
60 76
60 77
60 78
60 80
60 81
60 84
60 97
60 98
60 101
60 107
60 116
60 118
60 120
60 122
60 124
60 126
61 4
61 7
61 12
61 13
61 14
61 15
61 20
61 21
61 24
61 26
61 30
61 41
61 44
61 45
61 49
61 51
61 57
61 59
61 60
61 68
61 77
61 78
61 89
61 90
61 92
61 98
61 99
61 103
61 108
61 110
61 116
61 117
61 127
62 1
62 3
62 4
62 6
62 8
62 13
62 18
62 23
62 26
62 27
62 30
62 31
62 32
62 42
62 47
62 50
62 51
62 58
62 65
62 68
62 70
62 71
62 75
62 76
62 77
62 82
62 88
62 94
62 98
62 99
62 103
62 113
62 119
62 124
62 125
63 0
63 1
63 4
63 6
63 7
63 13
63 16
63 18
63 26
63 28
63 30
63 31
63 36
63 45
63 48
63 49
63 53
63 54
63 61
63 64
63 67
63 73
63 78
63 82
63 87
63 88
63 90
63 93
63 102
63 103
63 104
63 106
63 110
63 113
63 115
63 116
63 119
63 121
63 122
63 125
63 126
63 127
64 1
64 10
64 13
64 16
64 19
64 26
64 34
64 36
64 42
64 44
64 45
64 51
64 57
64 62
64 72
64 76
64 77
64 83
64 86
64 96
64 98
64 99
64 103
64 105
64 108
64 110
64 111
64 115
64 123
64 124
65 0
65 3
65 4
65 5
65 11
65 12
65 15
65 19
65 21
65 23
65 25
65 42
65 46
65 48
65 50
65 52
65 54
65 59
65 60
65 63
65 65
65 69
65 70
65 73
65 75
65 79
65 89
65 92
65 93
65 97
65 98
65 99
65 100
65 101
65 102
65 106
65 112
65 117
65 122
65 124
66 1
66 2
66 7
66 14
66 15
66 17
66 25
66 28
66 31
66 32
66 33
66 37
66 38
66 39
66 40
66 43
66 47
66 50
66 54
66 57
66 63
66 66
66 67
66 69
66 72
66 76
66 78
66 82
66 84
66 90
66 100
66 101
66 106
66 109
66 112
66 115
66 117
66 118
66 124
66 126
67 0
67 7
67 13
67 15
67 22
67 24
67 26
67 33
67 37
67 39
67 50
67 54
67 57
67 59
67 61
67 63
67 65
67 66
67 68
67 69
67 72
67 74
67 76
67 78
67 80
67 82
67 85
67 89
67 99
67 105
67 112
67 117
67 123
68 2
68 5
68 6
68 7
68 11
68 15
68 16
68 21
68 23
68 28
68 30
68 31
68 34
68 35
68 36
68 40
68 41
68 42
68 44
68 46
68 48
68 49
68 52
68 55
68 58
68 64
68 69
68 71
68 73
68 76
68 78
68 81
68 84
68 85
68 94
68 97
68 99
68 104
68 105
68 106
68 109
68 111
68 113
68 114
68 115
68 123
69 1
69 3
69 4
69 11
69 15
69 16
69 22
69 24
69 30
69 31
69 32
69 33
69 35
69 36
69 38
69 41
69 43
69 47
69 52
69 54
69 56
69 58
69 59
69 60
69 61
69 66
69 67
69 70
69 73
69 74
69 75
69 78
69 86
69 93
69 100
69 104
69 112
69 114
69 115
69 116
69 118
69 121
69 122
69 124
69 125
70 0
70 8
70 17
70 18
70 19
70 21
70 24
70 26
70 27
70 38
70 41
70 45
70 51
70 53
70 55
70 58
70 60
70 61
70 67
70 68
70 72
70 73
70 76
70 77
70 80
70 90
70 92
70 106
70 108
70 110
70 113
70 116
70 117
70 118
70 121
70 126
71 0
71 6
71 10
71 20
71 22
71 23
71 27
71 32
71 33
71 38
71 43
71 44
71 46
71 47
71 50
71 56
71 59
71 60
71 62
71 63
71 67
71 68
71 70
71 71
71 75
71 76
71 80
71 91
71 94
71 95
71 98
71 110
71 111
71 115
71 121
71 122
72 1
72 6
72 11
72 21
72 24
72 25
72 26
72 28
72 37
72 41
72 45
72 48
72 55
72 57
72 58
72 61
72 63
72 67
72 75
72 76
72 77
72 79
72 82
72 84
72 91
72 96
72 100
72 102
72 104
72 109
72 114
72 115
72 118
72 120
72 121
72 126
73 13
73 14
73 20
73 24
73 25
73 26
73 31
73 35
73 36
73 44
73 45
73 47
73 57
73 63
73 68
73 69
73 73
73 79
73 83
73 86
73 88
73 89
73 93
73 94
73 95
73 98
73 101
73 102
73 104
73 108
73 114
73 115
73 119
73 121
73 122
73 126
74 0
74 4
74 7
74 9
74 11
74 13
74 20
74 23
74 24
74 27
74 32
74 33
74 34
74 35
74 39
74 40
74 43
74 44
74 47
74 48
74 50
74 54
74 56
74 57
74 63
74 64
74 65
74 66
74 71
74 72
74 74
74 76
74 80
74 85
74 92
74 94
74 95
74 101
74 103
74 104
74 105
74 114
74 118
74 119
74 121
74 125
75 2
75 14
75 16
75 17
75 21
75 24
75 29
75 36
75 41
75 48
75 51
75 52
75 55
75 62
75 64
75 65
75 66
75 67
75 68
75 69
75 79
75 84
75 91
75 101
75 102
75 108
75 111
75 114
75 116
75 117
76 1
76 4
76 7
76 9
76 13
76 15
76 24
76 27
76 30
76 42
76 44
76 55
76 57
76 58
76 64
76 67
76 68
76 70
76 71
76 81
76 83
76 85
76 86
76 107
76 109
76 110
76 113
76 116
76 122
76 124
77 1
77 2
77 3
77 4
77 6
77 14
77 15
77 19
77 21
77 25
77 27
77 29
77 38
77 54
77 56
77 59
77 62
77 63
77 65
77 72
77 75
77 76
77 77
77 82
77 85
77 86
77 90
77 91
77 92
77 102
77 104
77 105
77 108
77 109
77 110
77 111
77 122
77 123
77 125
77 126
77 127
78 1
78 2
78 3
78 4
78 14
78 32
78 34
78 43
78 44
78 47
78 53
78 60
78 62
78 65
78 69
78 81
78 82
78 86
78 89
78 94
78 97
78 98
78 100
78 112
78 113
78 126
79 2
79 5
79 13
79 18
79 20
79 21
79 22
79 23
79 24
79 28
79 33
79 34
79 36
79 39
79 44
79 51
79 52
79 54
79 63
79 67
79 71
79 74
79 76
79 77
79 81
79 83
79 87
79 92
79 95
79 97
79 101
79 102
79 108
79 115
79 122
79 126
79 127
80 3
80 10
80 13
80 14
80 16
80 20
80 24
80 25
80 26
80 32
80 34
80 38
80 40
80 43
80 54
80 55
80 58
80 60
80 70
80 73
80 76
80 79
80 81
80 84
80 87
80 90
80 91
80 101
80 104
80 119
80 120
80 122
80 124
80 126
81 0
81 7
81 11
81 12
81 15
81 16
81 18
81 19
81 21
81 22
81 25
81 26
81 32
81 35
81 37
81 41
81 42
81 46
81 48
81 50
81 51
81 56
81 58
81 61
81 62
81 65
81 66
81 67
81 69
81 71
81 77
81 89
81 94
81 100
81 102
81 106
81 107
81 115
81 117
81 121
81 124
82 2
82 5
82 9
82 12
82 13
82 20
82 26
82 32
82 36
82 39
82 41
82 43
82 45
82 46
82 47
82 48
82 49
82 52
82 56
82 58
82 59
82 60
82 65
82 66
82 68
82 71
82 73
82 74
82 78
82 80
82 85
82 87
82 92
82 93
82 94
82 95
82 96
82 98
82 99
82 101
82 108
82 110
82 111
82 117
82 118
82 119
82 120
82 121
83 1
83 2
83 5
83 7
83 10
83 12
83 14
83 15
83 16
83 27
83 28
83 29
83 31
83 33
83 40
83 44
83 48
83 54
83 59
83 61
83 64
83 65
83 73
83 82
83 83
83 87
83 88
83 89
83 90
83 91
83 92
83 94
83 98
83 101
83 102
83 104
83 105
83 109
83 111
83 116
83 117
83 118
83 119
83 120
83 121
83 127
84 0
84 2
84 3
84 5
84 11
84 15
84 18
84 35
84 40
84 41
84 42
84 48
84 49
84 51
84 53
84 60
84 63
84 64
84 66
84 69
84 74
84 78
84 81
84 83
84 89
84 92
84 95
84 96
84 103
84 104
84 113
84 114
84 115
84 116
84 117
84 120
84 122
84 126
85 0
85 3
85 4
85 6
85 7
85 9
85 12
85 13
85 18
85 24
85 27
85 29
85 31
85 33
85 44
85 46
85 47
85 48
85 49
85 55
85 61
85 64
85 67
85 70
85 74
85 78
85 81
85 88
85 89
85 94
85 95
85 103
85 105
85 116
85 118
85 119
85 123
85 125
85 127
86 8
86 11
86 14
86 16
86 18
86 22
86 25
86 29
86 39
86 41
86 44
86 45
86 49
86 59
86 62
86 63
86 64
86 68
86 70
86 76
86 82
86 85
86 93
86 97
86 99
86 105
86 107
86 118
87 2
87 4
87 13
87 15
87 17
87 21
87 24
87 25
87 29
87 32
87 33
87 37
87 41
87 47
87 50
87 51
87 54
87 65
87 67
87 69
87 72
87 73
87 77
87 80
87 82
87 87
87 89
87 90
87 91
87 94
87 100
87 101
87 103
87 107
87 110
87 115
87 116
87 117
87 118
87 124
88 11
88 19
88 23
88 24
88 26
88 27
88 29
88 31
88 35
88 36
88 37
88 40
88 45
88 47
88 51
88 55
88 56
88 57
88 62
88 63
88 68
88 69
88 72
88 78
88 83
88 87
88 88
88 93
88 96
88 105
88 106
88 109
88 110
88 111
88 113
88 117
88 118
88 119
88 123
88 126
88 127
89 3
89 8
89 12
89 13
89 19
89 25
89 35
89 38
89 41
89 45
89 49
89 50
89 51
89 52
89 61
89 64
89 65
89 66
89 69
89 72
89 75
89 76
89 85
89 92
89 93
89 94
89 96
89 101
89 104
89 111
89 113
89 118
89 119
89 121
89 125
89 127
90 0
90 6
90 7
90 10
90 11
90 16
90 19
90 25
90 26
90 28
90 29
90 32
90 36
90 38
90 39
90 40
90 41
90 45
90 46
90 54
90 56
90 59
90 62
90 67
90 68
90 70
90 72
90 76
90 77
90 80
90 89
90 90
90 91
90 94
90 96
90 102
90 107
90 113
90 114
90 118
90 120
90 121
90 122
90 127
91 0
91 1
91 7
91 10
91 11
91 13
91 14
91 20
91 21
91 24
91 26
91 30
91 34
91 35
91 40
91 42
91 44
91 47
91 50
91 54
91 57
91 60
91 68
91 75
91 88
91 89
91 97
91 99
91 101
91 114
91 119
91 123
91 124
92 2
92 8
92 10
92 11
92 12
92 17
92 20
92 23
92 28
92 32
92 35
92 39
92 40
92 41
92 45
92 62
92 65
92 69
92 71
92 72
92 74
92 77
92 78
92 83
92 89
92 93
92 99
92 107
92 109
92 110
92 111
92 117
92 118
92 121
92 125
92 126
92 127
93 1
93 2
93 3
93 6
93 7
93 8
93 15
93 19
93 32
93 38
93 39
93 40
93 42
93 43
93 54
93 55
93 59
93 60
93 61
93 63
93 66
93 68
93 69
93 71
93 74
93 75
93 76
93 84
93 86
93 90
93 92
93 98
93 101
93 102
93 104
93 106
93 107
93 109
93 112
93 114
93 117
93 118
93 123
93 126
94 0
94 3
94 4
94 5
94 9
94 21
94 26
94 27
94 32
94 37
94 39
94 40
94 47
94 57
94 63
94 65
94 71
94 77
94 84
94 85
94 86
94 87
94 88
94 92
94 104
94 106
94 112
94 115
94 116
94 117
94 118
94 119
94 123
95 4
95 13
95 19
95 20
95 22
95 23
95 28
95 30
95 31
95 33
95 37
95 38
95 41
95 42
95 48
95 55
95 59
95 61
95 69
95 70
95 71
95 72
95 78
95 79
95 82
95 88
95 91
95 92
95 97
95 101
95 102
95 103
95 109
95 111
95 112
95 118
95 119
95 120
95 123
95 125
95 126
96 0
96 1
96 4
96 5
96 9
96 11
96 14
96 16
96 19
96 23
96 26
96 28
96 29
96 33
96 34
96 35
96 36
96 39
96 45
96 46
96 51
96 54
96 63
96 64
96 67
96 71
96 74
96 77
96 78
96 80
96 83
96 84
96 87
96 89
96 91
96 95
96 98
96 99
96 104
96 106
96 107
96 110
96 112
96 113
96 120
96 125
96 126
97 4
97 11
97 12
97 20
97 22
97 23
97 25
97 27
97 31
97 32
97 35
97 36
97 41
97 44
97 46
97 52
97 57
97 58
97 59
97 67
97 72
97 73
97 75
97 77
97 78
97 80
97 85
97 86
97 87
97 88
97 89
97 90
97 96
97 101
97 102
97 104
97 106
97 107
97 108
97 112
98 1
98 2
98 9
98 17
98 19
98 33
98 38
98 39
98 44
98 47
98 49
98 52
98 58
98 60
98 78
98 84
98 85
98 88
98 93
98 95
98 96
98 97
98 99
98 100
98 104
98 105
98 109
98 118
98 122
98 127
99 0
99 2
99 7
99 8
99 12
99 15
99 16
99 20
99 22
99 40
99 42
99 43
99 49
99 50
99 55
99 59
99 62
99 65
99 76
99 80
99 82
99 88
99 91
99 96
99 97
99 104
99 105
99 108
99 109
99 117
99 120
99 123
99 126
99 127
100 3
100 10
100 18
100 19
100 27
100 31
100 33
100 35
100 38
100 39
100 40
100 44
100 49
100 54
100 55
100 57
100 58
100 64
100 65
100 66
100 69
100 75
100 76
100 84
100 86
100 90
100 91
100 96
100 100
100 101
100 107
100 115
100 118
100 124
100 127
101 0
101 1
101 13
101 19
101 20
101 26
101 30
101 31
101 40
101 48
101 51
101 54
101 58
101 61
101 66
101 71
101 73
101 81
101 83
101 84
101 85
101 94
101 101
101 104
101 105
101 106
101 110
101 113
101 119
101 123
101 126
102 2
102 3
102 4
102 5
102 6
102 11
102 20
102 35
102 39
102 41
102 42
102 43
102 46
102 50
102 51
102 55
102 64
102 66
102 71
102 72
102 73
102 76
102 81
102 87
102 88
102 99
102 101
102 102
102 103
102 107
102 109
102 112
102 113
102 114
102 126
103 7
103 11
103 13
103 20
103 21
103 23
103 26
103 31
103 32
103 34
103 37
103 38
103 39
103 42
103 45
103 54
103 59
103 63
103 64
103 70
103 83
103 85
103 90
103 91
103 93
103 96
103 104
103 107
103 109
103 113
103 114
103 118
103 121
103 124
104 1
104 2
104 5
104 6
104 8
104 9
104 11
104 14
104 17
104 19
104 20
104 21
104 26
104 29
104 31
104 32
104 35
104 36
104 39
104 40
104 46
104 48
104 49
104 62
104 63
104 68
104 70
104 71
104 75
104 77
104 87
104 89
104 90
104 94
104 96
104 109
104 121
105 7
105 9
105 10
105 13
105 15
105 17
105 18
105 20
105 21
105 22
105 23
105 25
105 27
105 33
105 36
105 38
105 41
105 43
105 45
105 46
105 51
105 62
105 63
105 64
105 65
105 67
105 69
105 71
105 75
105 76
105 79
105 80
105 81
105 85
105 94
105 95
105 102
105 114
105 127
106 2
106 5
106 9
106 10
106 11
106 13
106 16
106 17
106 21
106 23
106 24
106 32
106 38
106 40
106 42
106 44
106 47
106 48
106 62
106 63
106 64
106 68
106 73
106 74
106 79
106 89
106 92
106 97
106 99
106 100
106 103
106 105
106 106
106 108
106 110
106 115
106 119
107 1
107 2
107 9
107 10
107 14
107 15
107 22
107 25
107 28
107 39
107 40
107 41
107 43
107 45
107 47
107 48
107 50
107 51
107 52
107 54
107 56
107 60
107 62
107 64
107 67
107 69
107 70
107 71
107 73
107 74
107 76
107 80
107 87
107 91
107 95
107 96
107 105
107 114
107 117
107 120
107 122
107 124
107 125
107 127
108 1
108 2
108 3
108 4
108 7
108 11
108 13
108 16
108 21
108 24
108 25
108 27
108 39
108 41
108 42
108 44
108 46
108 51
108 52
108 53
108 55
108 57
108 58
108 63
108 64
108 68
108 70
108 76
108 80
108 81
108 85
108 89
108 92
108 93
108 96
108 99
108 101
108 103
108 104
108 109
108 115
108 120
108 123
108 124
108 126
108 127
109 5
109 8
109 9
109 10
109 11
109 13
109 14
109 15
109 24
109 31
109 32
109 37
109 42
109 43
109 45
109 46
109 49
109 51
109 52
109 55
109 61
109 64
109 73
109 75
109 78
109 84
109 87
109 94
109 101
109 106
109 111
109 124
109 125
110 4
110 5
110 10
110 13
110 14
110 15
110 17
110 19
110 22
110 26
110 31
110 33
110 34
110 35
110 41
110 42
110 43
110 44
110 54
110 57
110 59
110 62
110 64
110 66
110 67
110 69
110 71
110 73
110 78
110 82
110 84
110 87
110 90
110 94
110 95
110 101
110 103
110 104
110 105
110 107
110 108
110 109
110 113
110 120
110 121
110 122
110 123
110 124
111 1
111 3
111 4
111 11
111 15
111 16
111 18
111 20
111 28
111 29
111 30
111 32
111 33
111 36
111 40
111 44
111 49
111 52
111 54
111 59
111 61
111 64
111 69
111 70
111 78
111 82
111 84
111 86
111 88
111 89
111 94
111 96
111 98
111 99
111 103
111 104
111 106
111 111
111 114
111 116
111 117
111 118
111 122
111 125
112 2
112 6
112 7
112 8
112 12
112 14
112 17
112 20
112 23
112 32
112 34
112 37
112 39
112 43
112 47
112 49
112 53
112 56
112 59
112 61
112 62
112 65
112 69
112 73
112 80
112 91
112 95
112 102
112 108
112 114
112 117
112 122
112 127
113 0
113 5
113 6
113 7
113 13
113 14
113 15
113 20
113 25
113 31
113 32
113 39
113 40
113 44
113 46
113 52
113 53
113 55
113 56
113 60
113 63
113 65
113 66
113 67
113 74
113 76
113 81
113 83
113 93
113 98
113 99
113 112
113 114
113 118
113 119
113 120
114 0
114 2
114 14
114 15
114 17
114 20
114 25
114 30
114 33
114 36
114 39
114 40
114 45
114 58
114 65
114 71
114 75
114 78
114 79
114 83
114 84
114 87
114 97
114 102
114 103
114 106
114 109
114 110
114 111
114 113
114 115
114 117
114 118
114 120
114 124
114 125
114 126
115 2
115 9
115 17
115 31
115 35
115 36
115 37
115 45
115 49
115 50
115 59
115 63
115 66
115 71
115 76
115 84
115 89
115 90
115 97
115 98
115 102
115 103
115 104
115 105
115 106
115 107
115 109
115 110
115 115
115 124
115 126
116 1
116 5
116 7
116 11
116 13
116 19
116 23
116 24
116 25
116 28
116 29
116 34
116 36
116 39
116 45
116 46
116 54
116 56
116 64
116 69
116 81
116 82
116 83
116 86
116 87
116 89
116 90
116 91
116 92
116 93
116 96
116 98
116 100
116 104
116 105
116 112
116 114
116 115
116 118
116 123
116 124
116 126
117 2
117 5
117 8
117 10
117 16
117 18
117 19
117 21
117 30
117 31
117 35
117 36
117 37
117 38
117 41
117 43
117 46
117 51
117 54
117 57
117 58
117 59
117 60
117 62
117 64
117 66
117 68
117 69
117 70
117 75
117 81
117 87
117 90
117 93
117 94
117 96
117 97
117 99
117 105
117 109
117 114
117 116
117 117
117 118
117 120
117 122
117 124
118 1
118 5
118 10
118 13
118 19
118 22
118 27
118 29
118 32
118 34
118 35
118 36
118 43
118 44
118 47
118 49
118 50
118 51
118 52
118 53
118 56
118 57
118 59
118 62
118 66
118 74
118 80
118 82
118 96
118 98
118 101
118 104
118 109
118 115
118 116
118 117
118 118
118 120
118 125
118 127
119 1
119 5
119 6
119 15
119 18
119 19
119 20
119 27
119 30
119 32
119 33
119 35
119 46
119 47
119 49
119 57
119 64
119 68
119 69
119 70
119 79
119 80
119 82
119 83
119 85
119 87
119 100
119 101
119 105
119 106
119 108
119 111
119 112
119 113
119 116
119 117
119 122
119 127
120 2
120 5
120 7
120 8
120 10
120 11
120 24
120 31
120 39
120 40
120 43
120 44
120 48
120 51
120 53
120 55
120 65
120 66
120 68
120 73
120 76
120 78
120 82
120 87
120 93
120 96
120 97
120 99
120 100
120 102
120 103
120 104
120 116
120 119
120 121
121 11
121 13
121 16
121 18
121 20
121 22
121 23
121 25
121 30
121 34
121 40
121 41
121 44
121 57
121 59
121 63
121 65
121 67
121 69
121 71
121 75
121 78
121 79
121 82
121 83
121 88
121 94
121 95
121 101
121 102
121 108
121 109
121 114
121 115
121 117
121 119
121 126
122 8
122 15
122 16
122 17
122 20
122 21
122 32
122 38
122 50
122 51
122 52
122 58
122 59
122 62
122 70
122 74
122 79
122 80
122 81
122 84
122 89
122 94
122 96
122 97
122 101
122 107
122 114
122 119
122 120
122 121
123 1
123 12
123 19
123 22
123 24
123 28
123 29
123 33
123 36
123 39
123 41
123 42
123 45
123 46
123 48
123 49
123 54
123 58
123 63
123 64
123 73
123 77
123 79
123 80
123 81
123 82
123 88
123 91
123 95
123 96
123 103
123 105
123 106
123 108
123 110
123 113
123 115
123 123
124 1
124 3
124 4
124 5
124 6
124 9
124 13
124 14
124 15
124 16
124 18
124 20
124 22
124 26
124 27
124 28
124 31
124 32
124 34
124 35
124 37
124 39
124 40
124 41
124 48
124 49
124 50
124 54
124 58
124 61
124 68
124 69
124 70
124 71
124 72
124 74
124 76
124 77
124 78
124 82
124 85
124 94
124 96
124 101
124 104
124 109
124 127
125 0
125 3
125 6
125 9
125 10
125 11
125 17
125 18
125 23
125 27
125 28
125 31
125 32
125 37
125 38
125 39
125 42
125 45
125 52
125 55
125 63
125 67
125 71
125 72
125 77
125 78
125 80
125 81
125 82
125 86
125 87
125 92
125 98
125 100
125 104
125 118
125 119
125 123
125 124
125 127
126 0
126 4
126 5
126 15
126 16
126 22
126 24
126 28
126 29
126 38
126 42
126 44
126 48
126 51
126 55
126 60
126 61
126 63
126 64
126 65
126 70
126 77
126 81
126 84
126 92
126 93
126 99
126 101
126 112
126 115
126 118
126 119
126 120
126 121
126 123
126 127
127 1
127 3
127 4
127 12
127 18
127 20
127 22
127 23
127 26
127 30
127 36
127 50
127 51
127 52
127 53
127 54
127 58
127 64
127 67
127 69
127 72
127 80
127 82
127 84
127 86
127 87
127 97
127 103
127 104
127 105
127 107
127 109
127 111
127 112
127 114
127 116
127 120
127 121
127 126
