0 1
0 10
0 11
0 19
0 22
0 25
0 34
0 40
0 42
0 43
0 44
0 50
0 54
0 61
0 68
0 74
0 82
0 83
0 85
0 91
0 95
0 98
0 111
0 113
0 119
0 126
1 6
1 7
1 20
1 21
1 32
1 35
1 37
1 41
1 55
1 70
1 71
1 78
1 80
1 88
1 89
1 94
1 97
1 99
1 102
1 104
1 108
1 122
2 13
2 20
2 24
2 30
2 44
2 45
2 54
2 59
2 73
2 77
2 90
2 91
2 93
2 104
2 107
2 109
2 111
2 112
2 116
2 124
3 1
3 15
3 21
3 22
3 24
3 33
3 45
3 47
3 55
3 57
3 61
3 63
3 80
3 84
3 90
3 96
3 101
3 107
3 118
3 122
3 124
3 125
4 4
4 5
4 7
4 12
4 22
4 24
4 51
4 61
4 62
4 80
4 82
4 85
4 92
4 93
4 98
4 103
4 105
4 107
4 110
4 114
4 125
4 126
4 127
5 3
5 5
5 6
5 14
5 21
5 23
5 24
5 34
5 39
5 40
5 45
5 51
5 52
5 57
5 59
5 61
5 63
5 67
5 79
5 83
5 87
5 88
5 91
5 92
5 104
5 106
5 111
5 113
5 117
5 118
5 122
5 123
6 3
6 8
6 16
6 27
6 37
6 48
6 49
6 52
6 60
6 63
6 65
6 67
6 72
6 80
6 84
6 90
6 91
6 94
6 98
6 99
6 104
6 105
6 111
6 112
6 113
6 118
6 123
6 124
7 3
7 9
7 13
7 15
7 25
7 28
7 31
7 37
7 45
7 46
7 53
7 56
7 72
7 73
7 89
7 90
7 97
7 99
7 104
7 109
7 111
7 124
7 127
8 12
8 17
8 19
8 21
8 22
8 23
8 30
8 36
8 39
8 61
8 73
8 74
8 81
8 84
8 86
8 92
8 94
8 98
8 102
8 103
8 106
8 108
8 112
8 114
8 121
9 11
9 15
9 24
9 27
9 48
9 64
9 72
9 78
9 79
9 80
9 81
9 82
9 86
9 89
9 91
9 102
9 105
9 107
9 118
9 122
9 124
10 1
10 3
10 7
10 13
10 17
10 18
10 29
10 44
10 56
10 58
10 60
10 62
10 68
10 92
10 112
10 116
10 126
10 127
11 7
11 8
11 11
11 20
11 21
11 22
11 25
11 46
11 48
11 50
11 55
11 60
11 76
11 77
11 82
11 93
11 96
11 114
11 118
11 120
11 121
11 124
11 125
11 126
12 0
12 19
12 25
12 33
12 40
12 47
12 55
12 58
12 69
12 71
12 72
12 76
12 83
12 94
12 98
12 99
12 108
12 109
12 117
12 119
12 120
12 124
13 0
13 7
13 10
13 13
13 14
13 15
13 21
13 22
13 25
13 26
13 27
13 28
13 31
13 51
13 54
13 58
13 59
13 63
13 65
13 69
13 71
13 79
13 80
13 82
13 83
13 94
13 95
13 111
13 119
13 124
14 4
14 10
14 15
14 18
14 19
14 23
14 29
14 30
14 32
14 33
14 40
14 46
14 60
14 65
14 78
14 80
14 89
14 90
14 100
14 102
14 103
14 108
14 114
14 119
14 120
14 123
14 127
15 3
15 5
15 6
15 11
15 12
15 13
15 16
15 24
15 33
15 40
15 49
15 59
15 62
15 66
15 67
15 71
15 74
15 76
15 80
15 82
15 88
15 93
15 96
15 98
15 108
15 109
15 110
15 113
15 117
15 118
15 120
15 122
15 127
16 6
16 11
16 12
16 16
16 41
16 51
16 55
16 62
16 65
16 67
16 68
16 69
16 73
16 75
16 76
16 82
16 89
16 90
16 98
16 103
16 104
16 108
16 109
16 112
16 116
16 120
16 124
16 125
17 2
17 5
17 19
17 22
17 25
17 26
17 28
17 33
17 35
17 39
17 43
17 45
17 48
17 56
17 57
17 66
17 74
17 78
17 79
17 81
17 84
17 89
17 90
17 91
17 99
17 100
17 101
17 105
17 107
17 108
17 112
17 113
17 118
17 119
17 120
17 121
18 1
18 2
18 3
18 8
18 9
18 11
18 12
18 13
18 15
18 20
18 28
18 29
18 30
18 31
18 40
18 46
18 52
18 53
18 59
18 61
18 64
18 71
18 76
18 77
18 78
18 89
18 92
18 93
18 94
18 103
18 122
19 3
19 11
19 15
19 21
19 31
19 36
19 38
19 39
19 54
19 59
19 62
19 65
19 69
19 70
19 77
19 78
19 83
19 87
19 91
19 94
19 100
19 109
19 112
19 118
19 120
19 122
19 127
20 1
20 4
20 10
20 12
20 13
20 14
20 15
20 16
20 20
20 27
20 33
20 40
20 41
20 58
20 59
20 62
20 67
20 71
20 72
20 76
20 79
20 87
20 94
20 100
20 105
20 106
20 110
20 112
20 113
20 116
20 119
20 120
20 122
20 126
21 14
21 15
21 16
21 18
21 20
21 22
21 24
21 28
21 34
21 38
21 39
21 46
21 56
21 57
21 59
21 62
21 74
21 83
21 84
21 85
21 92
21 98
21 102
21 108
21 110
21 117
21 120
21 125
21 126
22 1
22 6
22 16
22 19
22 31
22 33
22 47
22 62
22 64
22 66
22 72
22 75
22 92
22 107
22 108
22 122
22 124
22 125
23 12
23 16
23 18
23 24
23 33
23 38
23 50
23 52
23 54
23 58
23 64
23 70
23 87
23 89
23 99
23 100
23 103
23 105
23 109
23 112
23 117
23 122
24 5
24 10
24 16
24 18
24 27
24 33
24 46
24 47
24 65
24 66
24 71
24 72
24 73
24 89
24 92
24 94
24 95
24 99
24 100
24 101
24 110
24 119
24 120
25 8
25 11
25 17
25 28
25 35
25 39
25 40
25 42
25 43
25 44
25 47
25 82
25 83
25 86
25 95
25 102
25 103
25 108
25 109
25 115
25 123
25 125
25 127
26 6
26 9
26 15
26 17
26 31
26 37
26 42
26 50
26 54
26 55
26 58
26 64
26 74
26 95
26 100
26 107
26 111
26 122
27 7
27 8
27 10
27 35
27 36
27 37
27 40
27 41
27 50
27 64
27 67
27 68
27 80
27 100
27 106
27 117
27 121
28 8
28 10
28 15
28 23
28 34
28 44
28 47
28 53
28 56
28 57
28 59
28 66
28 72
28 73
28 82
28 86
28 99
28 113
28 114
28 117
28 118
28 121
28 124
28 126
29 6
29 9
29 12
29 18
29 21
29 22
29 23
29 30
29 32
29 35
29 40
29 45
29 56
29 60
29 65
29 67
29 69
29 70
29 74
29 77
29 80
29 84
29 85
29 86
29 89
29 95
29 98
29 102
29 104
29 111
29 114
29 115
29 117
29 121
29 126
30 0
30 1
30 14
30 20
30 28
30 30
30 36
30 38
30 45
30 47
30 52
30 55
30 56
30 60
30 63
30 70
30 76
30 82
30 84
30 90
30 92
30 100
30 101
30 104
30 105
30 107
30 108
30 111
30 115
30 118
30 121
31 1
31 5
31 8
31 10
31 11
31 15
31 20
31 21
31 34
31 37
31 41
31 44
31 50
31 52
31 53
31 57
31 59
31 77
31 85
31 91
31 92
31 98
31 103
31 112
31 114
31 115
31 125
32 12
32 13
32 14
32 15
32 17
32 23
32 24
32 25
32 27
32 34
32 44
32 55
32 64
32 72
32 74
32 75
32 80
32 82
32 85
32 90
32 92
32 95
32 96
32 97
32 105
32 111
32 112
32 118
32 119
32 122
32 123
32 125
33 2
33 7
33 8
33 14
33 16
33 22
33 23
33 29
33 52
33 57
33 61
33 75
33 79
33 81
33 83
33 85
33 98
33 101
33 103
33 107
33 125
34 4
34 14
34 27
34 35
34 37
34 40
34 42
34 43
34 45
34 46
34 47
34 49
34 54
34 58
34 61
34 69
34 78
34 80
34 90
34 92
34 97
34 103
34 104
34 106
34 108
34 109
34 116
34 119
35 4
35 16
35 17
35 27
35 30
35 34
35 40
35 45
35 51
35 53
35 55
35 56
35 62
35 64
35 65
35 76
35 79
35 83
35 86
35 93
35 95
35 99
35 100
35 103
35 112
35 115
36 2
36 3
36 6
36 7
36 16
36 18
36 20
36 22
36 37
36 39
36 40
36 52
36 60
36 63
36 68
36 70
36 75
36 81
36 93
36 112
36 118
36 122
36 124
37 2
37 17
37 21
37 23
37 27
37 28
37 29
37 30
37 31
37 35
37 42
37 58
37 69
37 79
37 83
37 86
37 103
37 107
37 108
37 109
37 110
37 117
38 5
38 6
38 10
38 12
38 13
38 19
38 24
38 25
38 27
38 29
38 30
38 32
38 33
38 36
38 40
38 43
38 44
38 46
38 52
38 54
38 56
38 59
38 67
38 70
38 78
38 84
38 86
38 89
38 93
38 97
38 98
38 108
38 109
38 113
38 118
39 1
39 4
39 5
39 13
39 14
39 16
39 18
39 35
39 38
39 49
39 50
39 53
39 55
39 66
39 70
39 74
39 85
39 86
39 89
39 91
39 97
39 121
39 124
39 125
40 2
40 8
40 9
40 13
40 16
40 17
40 18
40 24
40 25
40 32
40 46
40 47
40 48
40 50
40 58
40 62
40 67
40 69
40 70
40 71
40 80
40 96
40 97
40 106
40 107
40 113
40 114
40 118
40 119
40 120
40 122
41 1
41 4
41 7
41 10
41 11
41 16
41 20
41 22
41 28
41 45
41 53
41 67
41 69
41 73
41 74
41 79
41 80
41 83
41 88
41 93
41 99
41 100
41 104
41 107
41 110
41 120
41 124
41 125
42 2
42 8
42 20
42 24
42 44
42 49
42 50
42 54
42 58
42 62
42 66
42 67
42 68
42 69
42 75
42 76
42 86
42 93
42 95
42 101
42 102
42 106
42 115
42 116
42 121
42 126
43 8
43 9
43 10
43 33
43 34
43 36
43 38
43 44
43 47
43 52
43 53
43 59
43 62
43 64
43 69
43 73
43 75
43 77
43 82
43 102
43 103
43 114
43 121
44 7
44 16
44 17
44 18
44 33
44 35
44 37
44 53
44 56
44 57
44 61
44 67
44 78
44 83
44 91
44 92
45 4
45 7
45 18
45 33
45 34
45 37
45 39
45 40
45 47
45 52
45 53
45 54
45 59
45 61
45 65
45 74
45 79
45 84
45 88
45 102
45 105
45 107
45 108
45 119
45 123
45 126
45 127
46 2
46 9
46 10
46 16
46 18
46 21
46 22
46 24
46 26
46 30
46 39
46 42
46 45
46 83
46 89
46 94
46 101
46 102
46 103
46 104
46 107
46 108
46 111
46 116
46 121
46 122
47 2
47 8
47 12
47 15
47 21
47 26
47 29
47 34
47 41
47 47
47 48
47 51
47 56
47 57
47 59
47 60
47 63
47 70
47 73
47 81
47 83
47 86
47 87
47 96
47 103
47 106
47 108
47 110
47 112
47 114
47 115
47 119
47 120
47 121
48 6
48 8
48 9
48 10
48 11
48 14
48 21
48 26
48 30
48 45
48 66
48 70
48 71
48 76
48 79
48 90
48 93
48 96
48 106
48 109
49 5
49 14
49 16
49 28
49 29
49 34
49 39
49 42
49 47
49 59
49 60
49 63
49 70
49 71
49 73
49 85
49 86
49 97
49 115
49 119
49 120
49 121
49 127
50 3
50 5
50 7
50 13
50 15
50 17
50 24
50 31
50 40
50 42
50 45
50 51
50 55
50 64
50 65
50 67
50 68
50 69
50 73
50 75
50 79
50 88
50 89
50 90
50 91
50 93
50 97
50 101
50 102
50 104
50 105
50 109
50 123
51 3
51 17
51 23
51 24
51 28
51 38
51 44
51 48
51 68
51 69
51 77
51 78
51 79
51 83
51 91
51 93
51 95
51 106
51 116
51 119
51 120
51 124
51 126
52 0
52 3
52 4
52 5
52 17
52 23
52 30
52 46
52 47
52 52
52 57
52 61
52 69
52 84
52 93
52 94
52 96
52 103
52 117
52 125
52 126
53 6
53 9
53 23
53 26
53 28
53 40
53 56
53 58
53 60
53 63
53 73
53 75
53 76
53 80
53 82
53 94
53 102
53 110
53 120
53 121
53 122
54 18
54 24
54 39
54 42
54 43
54 44
54 52
54 55
54 58
54 65
54 71
54 73
54 75
54 76
54 77
54 78
54 82
54 83
54 86
54 87
54 89
54 105
54 111
54 114
54 117
54 122
54 123
55 3
55 9
55 14
55 16
55 17
55 18
55 21
55 34
55 36
55 44
55 58
55 62
55 64
55 69
55 76
55 84
55 85
55 93
55 95
55 100
55 102
55 113
55 116
56 13
56 16
56 17
56 22
56 33
56 35
56 43
56 45
56 46
56 50
56 56
56 57
56 61
56 67
56 70
56 72
56 78
56 82
56 83
56 87
56 88
56 89
56 93
56 94
56 97
56 98
56 111
56 115
56 121
56 124
56 125
57 3
57 6
57 9
57 14
57 15
57 16
57 18
57 39
57 46
57 49
57 54
57 61
57 68
57 69
57 78
57 80
57 92
57 95
57 97
57 101
57 118
57 127
58 3
58 4
58 7
58 9
58 10
58 12
58 14
58 15
58 19
58 21
58 24
58 27
58 28
58 33
58 45
58 52
58 57
58 79
58 80
58 88
58 94
58 103
58 109
59 3
59 4
59 5
59 21
59 24
59 28
59 41
59 50
59 52
59 53
59 60
59 64
59 65
59 66
59 71
59 82
59 95
59 97
59 100
59 102
59 104
59 111
59 120
59 125
60 2
60 3
60 4
60 8
60 10
60 13
60 19
60 21
60 47
60 48
60 52
60 75
60 78
60 90
60 104
60 105
60 113
60 114
60 126
61 1
61 7
61 9
61 11
61 14
61 16
61 18
61 19
61 21
61 29
61 31
61 35
61 42
61 43
61 65
61 69
61 76
61 79
61 86
61 93
61 94
61 102
61 105
61 112
61 119
62 0
62 1
62 3
62 4
62 13
62 14
62 15
62 16
62 20
62 24
62 26
62 29
62 48
62 49
62 54
62 60
62 76
62 78
62 81
62 83
62 85
62 92
62 95
62 96
62 101
62 102
62 103
62 106
62 113
62 114
62 124
63 9
63 12
63 15
63 23
63 49
63 55
63 56
63 58
63 62
63 63
63 66
63 67
63 72
63 78
63 87
63 90
63 92
63 93
63 102
63 106
63 109
63 114
63 116
63 126
64 2
64 11
64 12
64 13
64 23
64 31
64 35
64 43
64 48
64 50
64 52
64 53
64 61
64 62
64 70
64 77
64 83
64 84
64 86
64 99
64 105
64 108
64 113
64 127
65 2
65 5
65 10
65 24
65 26
65 27
65 29
65 30
65 34
65 35
65 40
65 41
65 50
65 57
65 58
65 62
65 64
65 67
65 79
65 81
65 86
65 87
65 89
65 95
65 107
65 109
65 110
65 111
65 112
65 115
65 118
66 5
66 14
66 20
66 22
66 30
66 31
66 33
66 40
66 50
66 51
66 52
66 53
66 60
66 61
66 62
66 84
66 91
66 101
66 109
66 113
66 115
66 118
67 0
67 6
67 8
67 12
67 13
67 16
67 21
67 26
67 32
67 35
67 39
67 41
67 42
67 48
67 49
67 64
67 66
67 71
67 74
67 94
67 95
67 96
67 100
67 103
68 1
68 4
68 6
68 7
68 8
68 10
68 14
68 23
68 24
68 31
68 33
68 38
68 39
68 45
68 51
68 60
68 64
68 66
68 74
68 79
68 90
68 92
68 95
68 99
68 100
68 101
68 103
68 104
68 107
68 108
68 110
68 114
68 115
68 120
68 123
68 125
69 1
69 6
69 8
69 9
69 10
69 15
69 16
69 17
69 32
69 43
69 44
69 45
69 48
69 50
69 57
69 58
69 59
69 63
69 67
69 71
69 72
69 74
69 76
69 78
69 80
69 97
69 108
69 110
69 127
70 0
70 2
70 9
70 12
70 28
70 37
70 46
70 51
70 54
70 59
70 66
70 77
70 81
70 85
70 87
70 92
70 96
70 98
70 102
70 103
70 105
70 120
70 121
70 125
71 4
71 6
71 17
71 18
71 20
71 21
71 30
71 36
71 45
71 48
71 58
71 60
71 64
71 76
71 79
71 81
71 82
71 87
71 88
71 91
71 95
71 99
71 106
71 110
71 112
71 113
71 114
71 117
72 0
72 4
72 9
72 12
72 14
72 16
72 23
72 28
72 30
72 34
72 36
72 47
72 50
72 60
72 64
72 68
72 85
72 88
72 97
72 107
72 114
72 120
72 124
72 125
73 6
73 9
73 13
73 16
73 25
73 32
73 33
73 36
73 37
73 44
73 50
73 57
73 64
73 65
73 73
73 74
73 79
73 87
73 88
73 91
73 95
73 97
73 105
73 106
73 116
73 121
73 122
74 10
74 12
74 14
74 20
74 25
74 26
74 35
74 36
74 38
74 48
74 52
74 53
74 59
74 61
74 62
74 70
74 79
74 86
74 92
74 100
74 102
74 107
74 112
74 124
74 127
75 7
75 9
75 10
75 11
75 18
75 20
75 30
75 31
75 43
75 54
75 55
75 56
75 62
75 74
75 76
75 77
75 83
75 90
75 98
75 105
75 114
75 120
75 125
76 10
76 11
76 16
76 17
76 22
76 26
76 28
76 29
76 37
76 50
76 60
76 61
76 64
76 69
76 70
76 79
76 82
76 85
76 91
76 101
76 119
76 122
77 21
77 29
77 31
77 32
77 36
77 37
77 44
77 50
77 58
77 65
77 72
77 81
77 86
77 87
77 88
77 90
77 91
77 96
77 100
77 106
77 111
77 112
77 115
77 118
78 0
78 10
78 12
78 14
78 16
78 25
78 43
78 47
78 53
78 56
78 65
78 68
78 72
78 84
78 92
78 93
78 96
78 97
78 99
78 106
78 107
78 122
78 124
79 0
79 3
79 8
79 12
79 22
79 31
79 32
79 43
79 47
79 51
79 53
79 54
79 58
79 61
79 62
79 63
79 64
79 65
79 73
79 80
79 81
79 92
79 96
79 100
79 106
79 108
79 111
79 113
79 116
79 117
79 119
79 121
79 125
80 3
80 5
80 9
80 11
80 12
80 25
80 29
80 44
80 51
80 54
80 56
80 57
80 65
80 72
80 77
80 79
80 91
80 96
80 100
80 101
80 102
80 106
80 110
80 118
81 2
81 6
81 8
81 9
81 12
81 16
81 20
81 22
81 25
81 33
81 39
81 40
81 48
81 53
81 57
81 75
81 78
81 91
81 98
81 112
81 117
81 118
81 123
82 6
82 8
82 14
82 18
82 23
82 28
82 29
82 31
82 42
82 47
82 49
82 51
82 52
82 55
82 57
82 62
82 63
82 71
82 86
82 87
82 88
82 95
82 104
82 111
82 118
82 119
82 125
82 126
82 127
83 14
83 32
83 33
83 35
83 41
83 42
83 44
83 46
83 48
83 49
83 51
83 52
83 55
83 70
83 79
83 81
83 88
83 89
83 96
83 98
83 99
83 108
83 117
83 122
83 125
84 11
84 21
84 30
84 36
84 37
84 38
84 41
84 64
84 71
84 72
84 73
84 75
84 78
84 81
84 87
84 91
84 92
84 96
84 103
84 105
84 114
84 118
85 10
85 18
85 23
85 24
85 25
85 30
85 34
85 36
85 38
85 39
85 43
85 54
85 58
85 71
85 74
85 78
85 85
85 88
85 93
85 95
85 98
85 99
85 101
85 103
85 105
85 108
85 112
85 113
85 120
86 1
86 5
86 7
86 11
86 14
86 16
86 18
86 40
86 41
86 43
86 57
86 77
86 81
86 83
86 86
86 93
86 100
86 103
86 105
86 109
86 116
86 117
86 126
87 2
87 5
87 15
87 28
87 30
87 33
87 37
87 39
87 40
87 43
87 48
87 52
87 53
87 55
87 56
87 61
87 63
87 66
87 71
87 77
87 88
87 95
87 97
87 104
87 107
87 108
87 114
87 117
87 118
87 124
88 1
88 8
88 10
88 15
88 19
88 27
88 30
88 33
88 42
88 49
88 51
88 52
88 58
88 64
88 65
88 70
88 71
88 75
88 77
88 79
88 85
88 92
88 93
88 99
88 109
88 114
88 119
88 120
88 122
88 124
88 126
89 1
89 10
89 26
89 27
89 37
89 42
89 45
89 52
89 59
89 61
89 65
89 74
89 78
89 96
89 101
89 115
89 122
90 0
90 2
90 3
90 18
90 19
90 24
90 26
90 34
90 36
90 37
90 43
90 51
90 54
90 56
90 60
90 63
90 64
90 71
90 79
90 84
90 102
90 112
90 115
90 122
90 124
91 2
91 15
91 17
91 19
91 28
91 34
91 36
91 38
91 43
91 48
91 49
91 61
91 64
91 75
91 76
91 78
91 81
91 83
91 101
91 104
91 110
91 117
91 120
92 0
92 2
92 6
92 10
92 13
92 33
92 36
92 37
92 39
92 42
92 48
92 53
92 55
92 59
92 60
92 62
92 63
92 74
92 81
92 89
92 90
92 99
92 105
92 106
92 108
92 109
92 110
92 111
92 114
92 118
92 121
92 126
93 2
93 7
93 23
93 24
93 30
93 31
93 32
93 37
93 40
93 46
93 47
93 53
93 58
93 65
93 71
93 72
93 74
93 76
93 77
93 78
93 85
93 86
93 91
93 105
93 110
93 113
93 117
93 120
93 124
94 7
94 11
94 12
94 16
94 26
94 28
94 33
94 36
94 42
94 43
94 54
94 55
94 58
94 62
94 65
94 72
94 75
94 78
94 83
94 91
94 92
94 103
94 106
94 108
94 120
95 4
95 6
95 13
95 19
95 29
95 33
95 39
95 41
95 43
95 44
95 46
95 48
95 56
95 69
95 77
95 78
95 80
95 82
95 83
95 85
95 93
95 104
95 106
95 111
95 124
96 3
96 6
96 8
96 11
96 12
96 14
96 17
96 19
96 22
96 24
96 28
96 35
96 46
96 51
96 56
96 58
96 59
96 60
96 62
96 71
96 74
96 82
96 86
96 88
96 91
96 93
96 98
96 99
96 108
96 112
96 114
96 115
96 116
96 118
96 119
96 124
97 0
97 9
97 10
97 21
97 23
97 25
97 31
97 34
97 53
97 56
97 58
97 61
97 64
97 75
97 78
97 82
97 83
97 87
97 88
97 112
97 116
97 127
98 5
98 11
98 12
98 13
98 20
98 31
98 34
98 43
98 46
98 64
98 66
98 68
98 85
98 92
98 95
98 98
98 99
98 105
98 116
99 2
99 8
99 10
99 19
99 22
99 24
99 25
99 33
99 39
99 40
99 45
99 47
99 59
99 62
99 78
99 80
99 89
99 93
99 94
99 96
99 97
99 101
99 109
99 110
99 116
99 121
99 122
99 126
100 0
100 4
100 22
100 32
100 33
100 34
100 39
100 44
100 61
100 67
100 69
100 79
100 81
100 84
100 100
100 102
100 107
100 119
100 120
100 122
100 124
101 8
101 14
101 17
101 19
101 24
101 25
101 26
101 32
101 38
101 40
101 44
101 51
101 59
101 74
101 75
101 80
101 85
101 89
101 96
101 106
101 115
102 7
102 10
102 11
102 15
102 19
102 40
102 44
102 46
102 50
102 57
102 60
102 61
102 62
102 65
102 66
102 78
102 89
102 91
102 92
102 94
102 96
102 101
102 111
102 116
102 119
103 9
103 11
103 17
103 32
103 35
103 44
103 48
103 67
103 69
103 72
103 80
103 82
103 85
103 88
103 102
103 108
103 111
104 4
104 10
104 12
104 16
104 29
104 38
104 40
104 53
104 55
104 56
104 57
104 60
104 61
104 62
104 63
104 66
104 73
104 84
104 86
104 95
104 103
104 107
104 113
104 120
104 125
104 126
105 15
105 18
105 19
105 20
105 30
105 32
105 35
105 43
105 51
105 52
105 58
105 60
105 62
105 64
105 67
105 71
105 73
105 77
105 79
105 85
105 86
105 87
105 95
105 99
105 103
105 104
105 105
105 106
105 109
105 123
105 125
106 5
106 10
106 15
106 16
106 20
106 25
106 31
106 32
106 36
106 42
106 44
106 51
106 53
106 61
106 63
106 71
106 77
106 81
106 84
106 86
106 96
106 100
106 106
106 115
106 122
107 4
107 5
107 7
107 10
107 12
107 25
107 29
107 40
107 49
107 50
107 51
107 54
107 58
107 59
107 63
107 70
107 75
107 83
107 90
107 117
107 122
107 123
107 127
108 2
108 22
108 27
108 39
108 41
108 42
108 46
108 50
108 57
108 58
108 61
108 71
108 72
108 73
108 78
108 82
108 89
108 96
108 104
108 113
108 119
108 123
109 3
109 11
109 12
109 19
109 22
109 24
109 25
109 26
109 28
109 30
109 32
109 36
109 38
109 51
109 55
109 58
109 59
109 62
109 63
109 66
109 67
109 71
109 74
109 85
109 87
109 92
109 99
109 100
109 104
109 107
109 114
109 120
109 123
109 126
110 4
110 5
110 11
110 13
110 18
110 19
110 20
110 25
110 34
110 42
110 45
110 51
110 52
110 57
110 72
110 79
110 85
110 86
110 95
110 101
110 103
110 110
110 114
110 126
111 9
111 16
111 17
111 23
111 29
111 34
111 43
111 46
111 49
111 52
111 54
111 59
111 70
111 73
111 76
111 85
111 87
111 88
111 101
111 104
111 106
111 107
111 117
111 124
112 11
112 14
112 17
112 19
112 26
112 28
112 29
112 33
112 39
112 41
112 48
112 51
112 52
112 53
112 54
112 57
112 67
112 72
112 80
112 92
112 106
112 108
112 115
112 117
113 10
113 13
113 15
113 18
113 22
113 32
113 35
113 36
113 37
113 43
113 47
113 57
113 59
113 60
113 64
113 66
113 71
113 81
113 88
113 91
113 95
113 101
113 102
113 104
113 106
113 108
113 111
113 113
113 122
114 3
114 12
114 13
114 19
114 20
114 26
114 27
114 39
114 48
114 50
114 51
114 55
114 65
114 70
114 72
114 73
114 80
114 84
114 86
114 98
114 104
114 106
114 110
114 112
114 114
114 120
114 126
115 0
115 2
115 3
115 4
115 9
115 11
115 14
115 19
115 27
115 29
115 32
115 37
115 38
115 39
115 43
115 48
115 51
115 62
115 64
115 81
115 83
115 89
115 95
115 100
115 103
115 111
116 0
116 1
116 5
116 21
116 32
116 39
116 40
116 47
116 48
116 51
116 52
116 57
116 58
116 61
116 65
116 73
116 75
116 83
116 104
116 108
116 109
116 112
116 114
116 117
116 119
116 120
116 127
117 2
117 23
117 24
117 28
117 29
117 32
117 33
117 38
117 39
117 42
117 43
117 46
117 51
117 53
117 54
117 56
117 66
117 67
117 69
117 77
117 80
117 83
117 88
117 89
117 94
117 104
117 108
117 114
117 118
117 122
117 123
118 8
118 15
118 19
118 20
118 26
118 36
118 47
118 53
118 60
118 69
118 72
118 83
118 84
118 97
118 104
118 106
118 109
118 110
118 111
118 115
119 6
119 17
119 22
119 28
119 29
119 34
119 37
119 44
119 48
119 50
119 54
119 59
119 63
119 68
119 72
119 74
119 78
119 90
119 91
119 96
119 109
119 123
120 1
120 8
120 10
120 14
120 18
120 19
120 23
120 24
120 40
120 41
120 48
120 60
120 65
120 78
120 81
120 83
120 91
120 93
120 98
120 101
120 116
120 121
121 0
121 4
121 12
121 15
121 17
121 38
121 46
121 55
121 60
121 64
121 76
121 77
121 85
121 102
121 103
121 106
121 116
122 10
122 11
122 12
122 13
122 21
122 24
122 32
122 33
122 36
122 46
122 51
122 53
122 55
122 57
122 64
122 65
122 66
122 71
122 72
122 74
122 75
122 90
122 92
122 97
122 99
122 102
122 127
123 2
123 7
123 9
123 10
123 13
123 18
123 22
123 28
123 32
123 34
123 35
123 42
123 49
123 51
123 57
123 61
123 63
123 67
123 72
123 78
123 80
123 81
123 84
123 96
123 97
123 99
123 102
123 105
123 113
123 115
123 116
123 122
123 123
124 0
124 3
124 5
124 27
124 28
124 29
124 33
124 35
124 37
124 46
124 53
124 54
124 60
124 61
124 66
124 68
124 70
124 78
124 80
124 85
124 88
124 91
124 99
124 102
124 104
124 105
124 108
124 119
124 120
124 126
125 1
125 5
125 8
125 10
125 15
125 17
125 19
125 20
125 27
125 33
125 35
125 41
125 43
125 45
125 51
125 53
125 59
125 60
125 61
125 68
125 71
125 84
125 85
125 90
125 112
125 121
125 126
126 7
126 18
126 28
126 39
126 43
126 47
126 51
126 58
126 66
126 78
126 81
126 82
126 84
126 87
126 88
126 99
126 105
126 108
126 109
126 112
126 116
126 118
126 120
126 124
127 4
127 13
127 14
127 20
127 22
127 24
127 30
127 35
127 36
127 38
127 39
127 40
127 41
127 43
127 46
127 52
127 55
127 61
127 67
127 69
127 71
127 89
127 91
127 94
127 95
127 97
127 99
127 103
127 108
127 115
127 118
