0 57
0 124
1 51
2 50
3 62
3 66
4 12
4 18
4 96
5 108
6 75
10 75
14 22
14 73
14 87
15 21
15 69
16 97
17 73
17 117
20 87
21 5
22 44
22 96
22 105
28 7
28 29
30 117
32 29
33 118
35 79
40 47
41 86
45 89
49 0
50 4
55 48
55 69
57 64
58 35
58 47
58 102
62 15
62 45
65 14
66 76
68 115
69 16
73 13
73 120
74 36
74 72
75 16
75 86
77 71
78 46
79 61
80 55
82 94
82 116
88 43
88 90
90 15
90 28
95 22
96 55
97 20
97 57
98 57
100 32
100 82
102 4
102 118
104 34
104 85
105 49
111 18
112 85
113 20
115 126
117 34
117 57
117 81
118 13
118 50
118 125
119 46
119 80
120 75
121 44
121 47
121 62
122 15
122 69
122 73
124 121
126 2
126 18
126 112
127 55
