0 64
0 104
1 33
1 38
1 56
1 92
1 104
1 110
1 115
2 89
2 126
3 1
3 31
3 45
3 57
3 81
3 95
3 125
4 29
4 35
4 55
4 111
5 5
5 52
6 1
6 123
7 4
7 20
7 102
8 99
8 101
8 127
9 6
9 11
9 20
9 48
9 50
9 95
9 99
10 84
11 54
11 71
11 85
11 107
11 121
12 18
12 37
12 56
13 19
13 42
13 64
13 65
13 119
14 16
14 20
14 51
14 59
14 62
14 64
14 74
14 77
14 87
15 3
15 59
15 116
16 5
16 23
16 48
16 93
16 111
17 60
17 103
17 105
18 8
18 39
18 127
19 5
19 37
19 77
20 44
20 50
20 55
20 108
21 37
21 50
21 64
21 119
21 125
22 3
22 38
22 82
22 101
23 3
23 32
23 64
23 100
24 9
24 41
24 119
25 71
25 95
25 123
26 5
26 9
26 13
26 15
26 27
26 31
26 42
26 57
26 64
27 8
27 42
27 99
28 5
28 47
28 55
28 62
29 98
30 77
30 89
30 110
31 42
32 39
32 49
32 58
32 72
32 87
32 123
33 44
33 71
33 86
33 125
34 14
34 64
34 107
35 2
35 34
35 93
35 100
35 104
35 126
36 43
36 124
37 3
37 52
37 83
37 111
38 32
38 76
38 97
38 114
38 124
39 89
39 91
40 21
40 46
40 76
40 97
41 16
41 35
41 59
42 10
42 102
42 103
43 37
43 46
43 70
43 104
44 5
44 32
44 43
44 92
45 15
45 63
45 71
45 72
45 102
45 116
46 34
46 37
46 56
46 84
46 89
46 102
47 126
48 27
48 38
48 51
48 67
48 92
49 38
49 46
49 107
50 43
50 73
50 81
50 118
51 56
52 26
52 54
52 84
52 87
52 106
53 11
53 49
53 77
53 83
53 102
53 104
54 1
54 13
54 26
54 34
54 41
54 51
54 58
54 66
54 74
54 79
54 101
54 125
55 3
55 15
55 28
55 43
55 80
56 52
56 57
57 55
57 61
57 101
58 8
58 17
58 63
58 96
58 105
59 28
59 53
59 93
59 107
60 7
60 40
60 49
61 17
62 48
62 77
63 27
63 53
63 69
63 75
63 76
63 82
63 104
63 117
64 12
64 36
64 59
64 86
64 124
65 52
65 81
65 122
66 54
66 123
67 1
67 49
67 59
67 66
67 101
67 126
68 41
68 53
68 81
68 97
69 24
69 27
69 67
69 85
69 90
69 91
69 96
69 100
70 20
70 43
70 45
70 68
70 88
71 3
71 21
71 40
71 53
71 103
72 9
72 46
73 39
73 51
73 76
73 92
73 94
73 96
73 99
74 52
74 67
74 81
74 88
74 124
75 79
75 83
75 91
75 122
76 1
76 19
76 54
76 84
76 87
77 16
77 114
78 6
78 62
79 61
80 11
80 13
80 28
80 30
80 59
81 4
81 17
81 25
81 79
81 115
82 54
82 109
82 127
83 30
83 36
83 91
83 107
84 15
84 66
84 71
84 83
84 101
84 111
85 22
85 102
85 117
86 26
86 39
86 49
86 108
87 1
87 64
88 17
88 37
89 4
89 19
89 48
90 76
91 42
91 78
91 106
92 59
92 88
92 95
93 2
93 15
93 39
93 73
95 106
95 111
96 23
96 32
96 51
96 60
96 112
97 2
97 42
97 54
97 120
97 123
97 125
98 19
98 66
98 84
98 108
98 111
98 113
99 105
100 2
100 10
101 34
101 53
101 61
101 75
101 101
101 119
102 12
102 34
102 60
102 82
102 95
102 119
103 17
103 55
103 62
103 69
103 125
104 1
104 50
104 83
104 99
105 108
106 60
106 111
106 115
107 12
107 36
107 44
107 66
107 69
107 93
107 119
108 14
108 57
108 81
108 85
108 105
108 106
108 108
108 120
109 0
109 50
109 52
109 78
109 86
109 123
111 28
111 46
111 58
112 12
112 16
112 57
112 63
112 96
112 106
112 112
112 116
112 121
113 42
113 79
113 100
113 104
114 122
115 85
115 103
115 108
116 22
116 27
117 87
117 92
118 2
118 11
118 42
119 16
119 20
119 82
119 101
120 1
120 35
120 46
120 66
120 81
120 127
121 37
121 48
121 80
122 12
122 42
122 73
123 1
123 123
124 21
124 29
125 34
125 109
125 119
126 9
126 12
126 21
126 43
126 92
126 102
126 112
126 116
127 44
127 58
127 67
127 82
127 120
