0 2
0 4
0 8
0 16
0 23
0 29
0 30
0 35
0 43
0 48
0 53
0 56
0 60
0 76
0 78
0 94
0 96
0 100
0 106
0 113
0 115
0 116
0 121
0 124
0 125
0 127
1 6
1 8
1 13
1 14
1 17
1 20
1 28
1 33
1 37
1 41
1 42
1 47
1 58
1 59
1 62
1 63
1 75
1 76
1 79
1 91
1 103
1 115
1 116
1 125
2 7
2 20
2 24
2 26
2 27
2 33
2 40
2 50
2 59
2 62
2 64
2 65
2 66
2 70
2 73
2 74
2 75
2 78
2 83
2 88
2 95
2 103
2 106
2 109
2 113
2 127
3 15
3 32
3 33
3 34
3 35
3 50
3 52
3 60
3 64
3 65
3 68
3 72
3 76
3 84
3 103
3 106
3 108
3 109
3 116
4 19
4 20
4 35
4 39
4 49
4 57
4 59
4 68
4 70
4 72
4 73
4 76
4 85
4 88
4 90
4 92
4 96
4 99
4 105
4 113
4 114
4 117
4 127
5 0
5 11
5 24
5 33
5 34
5 35
5 39
5 44
5 65
5 77
5 81
5 87
5 97
5 100
5 106
5 108
5 112
5 117
6 0
6 2
6 5
6 8
6 12
6 13
6 14
6 21
6 48
6 62
6 73
6 82
6 83
6 90
6 99
6 106
6 117
6 118
6 125
6 127
7 3
7 6
7 16
7 27
7 29
7 34
7 36
7 37
7 47
7 49
7 52
7 60
7 70
7 75
7 82
7 88
7 95
7 99
7 101
7 102
7 114
7 117
7 124
8 10
8 13
8 31
8 32
8 40
8 84
8 85
8 92
8 105
8 108
8 112
8 122
8 125
9 2
9 3
9 14
9 29
9 34
9 45
9 52
9 54
9 55
9 56
9 60
9 63
9 64
9 66
9 71
9 77
9 86
9 93
9 106
9 107
9 111
9 114
9 118
9 119
10 4
10 14
10 20
10 23
10 36
10 39
10 45
10 50
10 53
10 56
10 57
10 61
10 64
10 75
10 91
10 103
10 108
10 117
10 125
11 10
11 12
11 14
11 18
11 27
11 32
11 36
11 45
11 56
11 62
11 88
11 92
11 94
11 95
11 103
11 104
11 105
11 108
11 121
12 1
12 3
12 4
12 20
12 30
12 31
12 34
12 40
12 46
12 58
12 62
12 69
12 83
12 84
12 87
12 108
12 109
12 112
12 116
12 122
12 124
12 127
13 2
13 37
13 39
13 50
13 60
13 63
13 64
13 67
13 69
13 78
13 79
13 86
13 98
13 99
13 100
13 104
13 105
13 112
13 113
13 121
13 125
14 4
14 20
14 25
14 28
14 31
14 42
14 50
14 51
14 57
14 58
14 68
14 81
14 87
14 88
14 91
14 95
14 101
14 102
14 106
14 117
15 11
15 43
15 61
15 90
15 92
15 94
15 95
15 105
15 114
15 115
15 127
16 5
16 8
16 13
16 14
16 16
16 18
16 29
16 32
16 48
16 54
16 61
16 64
16 67
16 68
16 82
16 85
16 94
16 111
16 112
16 116
16 118
16 119
16 123
17 5
17 9
17 12
17 18
17 20
17 23
17 63
17 73
17 77
17 81
17 88
17 92
17 94
17 115
17 117
18 1
18 9
18 16
18 17
18 27
18 56
18 60
18 62
18 64
18 65
18 67
18 78
18 84
18 93
18 97
18 98
18 99
18 100
18 104
18 107
18 118
18 125
19 0
19 6
19 9
19 18
19 37
19 44
19 49
19 82
19 117
19 121
19 124
20 2
20 27
20 32
20 33
20 37
20 39
20 45
20 59
20 61
20 62
20 86
20 89
20 90
20 92
20 94
20 97
20 99
20 102
20 110
20 116
20 119
20 122
20 123
20 127
21 0
21 5
21 38
21 42
21 54
21 65
21 70
21 81
21 83
21 84
21 89
21 99
21 105
21 109
21 119
21 124
22 18
22 21
22 37
22 42
22 46
22 50
22 52
22 59
22 60
22 63
22 68
22 69
22 70
22 74
22 94
22 115
22 117
23 4
23 5
23 8
23 9
23 16
23 19
23 41
23 48
23 54
23 58
23 72
23 86
23 90
23 97
23 102
23 103
23 123
24 3
24 5
24 13
24 14
24 15
24 24
24 26
24 27
24 31
24 37
24 48
24 52
24 53
24 54
24 70
24 74
24 84
24 92
24 96
24 102
24 104
24 118
24 124
25 3
25 12
25 23
25 24
25 39
25 42
25 57
25 58
25 59
25 61
25 65
25 69
25 80
25 89
25 90
25 94
25 124
26 0
26 2
26 3
26 23
26 29
26 35
26 42
26 44
26 47
26 52
26 55
26 60
26 72
26 73
26 74
26 77
26 88
26 94
26 115
26 122
26 125
27 4
27 26
27 31
27 44
27 46
27 55
27 63
27 77
27 83
27 100
27 103
27 109
27 113
27 121
27 122
27 127
28 8
28 11
28 12
28 18
28 20
28 21
28 26
28 29
28 36
28 37
28 45
28 67
28 69
28 74
28 95
28 99
28 104
28 106
28 111
29 2
29 13
29 22
29 24
29 36
29 37
29 41
29 50
29 51
29 54
29 62
29 66
29 72
29 75
29 85
29 87
29 95
29 100
29 112
29 126
29 127
30 0
30 6
30 7
30 23
30 26
30 38
30 41
30 45
30 51
30 61
30 62
30 82
30 86
30 87
30 89
30 96
30 100
30 101
30 113
31 18
31 39
31 46
31 49
31 53
31 55
31 60
31 71
31 81
31 82
31 84
31 88
31 96
31 98
31 112
31 115
31 119
31 124
31 126
32 8
32 14
32 16
32 18
32 19
32 21
32 47
32 48
32 52
32 57
32 62
32 69
32 71
32 77
32 92
32 102
32 110
32 113
32 115
33 1
33 6
33 15
33 21
33 23
33 26
33 27
33 32
33 39
33 46
33 47
33 50
33 59
33 65
33 66
33 70
33 77
33 78
33 80
33 83
33 89
33 110
33 117
33 119
33 124
34 10
34 15
34 23
34 46
34 48
34 51
34 52
34 53
34 67
34 87
34 90
35 10
35 12
35 27
35 28
35 31
35 44
35 51
35 53
35 54
35 75
35 86
35 92
35 99
35 100
35 101
35 110
35 111
35 114
35 122
35 125
35 127
36 11
36 12
36 19
36 21
36 22
36 28
36 30
36 34
36 40
36 63
36 66
36 97
36 98
36 100
36 116
36 119
36 125
36 127
37 1
37 16
37 21
37 23
37 33
37 38
37 45
37 49
37 51
37 52
37 66
37 72
37 77
37 82
37 85
37 91
37 92
37 94
37 111
37 125
38 3
38 11
38 23
38 37
38 46
38 54
38 56
38 58
38 66
38 70
38 74
38 76
38 80
38 89
38 91
38 103
38 118
38 123
38 125
39 2
39 10
39 13
39 25
39 27
39 28
39 30
39 41
39 42
39 44
39 48
39 58
39 73
39 81
39 84
39 94
39 98
39 99
39 102
39 105
39 109
39 110
39 119
39 125
40 8
40 12
40 14
40 30
40 35
40 44
40 45
40 66
40 77
40 83
40 88
40 91
40 101
40 104
40 107
40 112
40 124
40 125
41 0
41 1
41 16
41 29
41 32
41 38
41 40
41 43
41 53
41 54
41 62
41 71
41 73
41 92
41 108
41 109
41 112
41 115
42 6
42 8
42 17
42 24
42 35
42 40
42 45
42 55
42 57
42 61
42 66
42 77
42 78
42 84
42 90
42 93
42 94
42 96
42 108
42 115
42 116
42 121
43 0
43 2
43 5
43 13
43 15
43 21
43 27
43 36
43 43
43 48
43 51
43 54
43 62
43 70
43 77
43 79
43 84
43 95
43 108
44 23
44 31
44 32
44 37
44 50
44 58
44 62
44 63
44 66
44 83
44 87
44 92
44 93
44 97
44 100
44 108
44 110
44 115
44 120
44 122
44 125
44 127
45 12
45 13
45 15
45 16
45 30
45 36
45 37
45 44
45 54
45 59
45 69
45 74
45 79
45 89
45 100
45 109
45 123
46 5
46 6
46 14
46 19
46 21
46 23
46 24
46 25
46 26
46 28
46 37
46 46
46 52
46 58
46 63
46 66
46 71
46 83
46 87
46 92
46 105
46 106
46 117
46 121
47 5
47 14
47 23
47 25
47 27
47 28
47 32
47 37
47 41
47 49
47 50
47 51
47 52
47 57
47 65
47 72
47 75
47 83
47 85
47 86
47 89
47 102
47 123
47 126
48 14
48 26
48 28
48 37
48 39
48 44
48 57
48 62
48 70
48 75
48 83
48 97
48 105
48 106
48 108
48 111
48 115
48 117
48 120
48 121
49 1
49 5
49 17
49 23
49 39
49 42
49 45
49 63
49 68
49 76
49 85
49 90
49 91
49 96
49 105
50 3
50 5
50 12
50 37
50 55
50 61
50 94
50 97
50 113
50 119
50 120
50 125
51 11
51 18
51 20
51 21
51 25
51 30
51 31
51 32
51 48
51 50
51 52
51 62
51 64
51 67
51 68
51 70
51 87
51 96
51 107
51 118
51 122
52 2
52 13
52 16
52 22
52 26
52 36
52 38
52 44
52 47
52 57
52 59
52 63
52 65
52 66
52 80
52 86
52 117
52 119
53 9
53 13
53 19
53 26
53 30
53 37
53 38
53 39
53 43
53 46
53 47
53 49
53 50
53 56
53 70
53 82
53 90
53 93
53 94
53 100
53 105
53 114
54 0
54 5
54 7
54 30
54 31
54 41
54 44
54 49
54 69
54 70
54 75
54 78
54 89
54 90
54 91
54 105
54 106
54 107
54 113
55 4
55 13
55 14
55 19
55 22
55 29
55 33
55 34
55 44
55 60
55 73
55 93
55 95
55 103
55 105
55 113
55 114
55 118
56 5
56 24
56 25
56 40
56 62
56 66
56 67
56 86
56 96
56 111
56 118
56 119
56 120
56 121
56 123
56 125
57 0
57 1
57 11
57 12
57 20
57 21
57 22
57 29
57 36
57 41
57 42
57 56
57 57
57 61
57 64
57 73
57 86
57 91
57 92
57 97
57 100
57 105
57 109
57 116
58 1
58 5
58 9
58 27
58 29
58 36
58 42
58 43
58 48
58 50
58 54
58 57
58 64
58 75
58 79
58 81
58 108
58 111
58 118
58 127
59 6
59 7
59 12
59 20
59 21
59 24
59 32
59 48
59 56
59 59
59 67
59 76
59 77
59 78
59 79
59 88
59 89
59 99
59 102
59 103
59 113
60 0
60 5
60 32
60 38
60 39
60 44
60 56
60 57
60 58
60 64
60 68
60 76
60 88
60 89
60 90
60 93
60 126
61 2
61 6
61 21
61 22
61 24
61 30
61 35
61 36
61 40
61 42
61 47
61 49
61 54
61 58
61 68
61 76
61 79
61 80
61 85
61 86
61 87
61 117
61 120
61 126
62 3
62 7
62 9
62 33
62 45
62 47
62 51
62 72
62 75
62 81
62 82
62 84
62 89
62 94
62 99
62 104
62 118
62 124
62 125
63 2
63 7
63 13
63 17
63 19
63 29
63 30
63 36
63 42
63 47
63 49
63 58
63 61
63 62
63 66
63 68
63 91
63 95
63 99
63 101
63 123
63 127
64 15
64 17
64 29
64 30
64 33
64 36
64 44
64 50
64 59
64 69
64 98
64 101
64 114
64 119
64 126
64 127
65 2
65 7
65 10
65 55
65 68
65 70
65 75
65 77
65 78
65 83
65 87
65 91
65 105
65 112
65 118
65 123
65 124
66 7
66 10
66 30
66 39
66 51
66 72
66 76
66 89
66 90
66 97
66 102
66 105
66 113
66 117
66 120
66 124
67 26
67 43
67 46
67 51
67 62
67 63
67 73
67 76
67 96
67 101
67 103
67 110
67 111
67 119
68 1
68 2
68 12
68 55
68 62
68 65
68 68
68 75
68 77
68 79
68 92
68 102
68 121
68 124
68 127
69 12
69 14
69 29
69 36
69 51
69 54
69 59
69 61
69 62
69 66
69 75
69 79
69 82
69 84
69 88
69 115
69 117
70 12
70 27
70 31
70 40
70 44
70 45
70 48
70 56
70 58
70 59
70 65
70 111
70 117
71 0
71 5
71 27
71 31
71 33
71 38
71 46
71 50
71 61
71 85
71 91
71 97
71 105
71 110
71 115
71 116
72 0
72 5
72 6
72 11
72 19
72 23
72 32
72 43
72 45
72 55
72 61
72 62
72 75
72 83
72 89
72 93
72 104
72 117
72 126
72 127
73 0
73 6
73 8
73 12
73 18
73 23
73 26
73 45
73 60
73 81
73 84
73 96
73 106
73 107
73 117
73 118
73 123
73 125
74 0
74 18
74 22
74 26
74 36
74 37
74 51
74 53
74 54
74 62
74 83
74 98
74 102
74 120
75 1
75 2
75 10
75 22
75 30
75 32
75 49
75 54
75 77
75 90
75 96
75 106
75 115
75 121
75 127
76 0
76 13
76 17
76 18
76 20
76 21
76 22
76 27
76 29
76 33
76 39
76 56
76 62
76 88
76 91
76 94
76 111
76 114
76 122
77 2
77 14
77 18
77 20
77 26
77 28
77 30
77 35
77 38
77 43
77 45
77 59
77 63
77 71
77 75
77 106
77 114
77 119
78 2
78 3
78 8
78 16
78 34
78 37
78 47
78 48
78 56
78 65
78 76
78 85
78 94
78 99
78 101
78 108
78 109
78 112
78 120
78 122
79 10
79 14
79 17
79 21
79 29
79 31
79 33
79 36
79 37
79 39
79 40
79 55
79 60
79 61
79 62
79 77
79 81
79 93
79 104
79 105
79 108
79 123
80 0
80 6
80 10
80 15
80 18
80 27
80 30
80 39
80 41
80 47
80 60
80 90
80 118
81 4
81 10
81 11
81 16
81 33
81 34
81 45
81 52
81 57
81 66
81 82
81 84
81 87
81 89
81 93
81 96
81 97
81 100
81 103
81 111
81 118
81 122
82 0
82 8
82 27
82 32
82 45
82 47
82 50
82 54
82 74
82 83
82 87
82 88
82 90
82 91
82 103
82 108
82 109
82 114
82 119
82 121
82 123
82 124
82 125
83 9
83 22
83 27
83 29
83 42
83 46
83 48
83 54
83 56
83 57
83 74
83 75
83 93
83 96
83 102
83 104
83 109
83 127
84 3
84 9
84 10
84 12
84 13
84 16
84 19
84 23
84 32
84 43
84 44
84 49
84 50
84 54
84 56
84 61
84 65
84 69
84 93
84 95
84 98
84 106
84 108
84 120
84 122
85 9
85 10
85 12
85 15
85 18
85 20
85 22
85 23
85 34
85 48
85 57
85 64
85 70
85 71
85 72
85 74
85 87
85 91
85 93
85 114
86 24
86 25
86 27
86 33
86 39
86 48
86 56
86 65
86 71
86 73
86 85
86 89
86 91
86 99
86 101
86 109
86 112
86 113
86 114
86 115
87 2
87 4
87 8
87 9
87 14
87 16
87 18
87 23
87 31
87 34
87 37
87 38
87 39
87 48
87 58
87 65
87 85
87 88
87 92
87 106
87 109
87 116
87 123
88 5
88 11
88 20
88 30
88 43
88 55
88 60
88 79
88 80
88 82
88 88
88 89
88 96
88 97
88 102
88 121
88 122
88 126
89 0
89 12
89 30
89 34
89 39
89 40
89 47
89 54
89 63
89 70
89 78
89 79
89 80
89 82
89 85
89 93
89 96
89 102
89 103
89 105
89 114
89 118
89 127
90 1
90 11
90 23
90 27
90 32
90 65
90 68
90 71
90 80
90 109
90 114
90 116
90 120
90 123
91 4
91 5
91 8
91 23
91 25
91 27
91 36
91 38
91 47
91 48
91 76
91 80
91 81
91 90
91 92
91 93
91 95
91 103
91 107
91 117
91 124
92 11
92 30
92 34
92 39
92 44
92 45
92 72
92 74
92 84
92 86
92 89
92 95
92 96
92 107
92 108
92 115
92 126
93 1
93 6
93 12
93 13
93 15
93 16
93 19
93 22
93 24
93 32
93 39
93 46
93 47
93 52
93 63
93 64
93 69
93 77
93 79
93 81
93 90
93 92
93 96
93 108
93 110
93 112
93 120
94 3
94 9
94 13
94 26
94 30
94 31
94 44
94 47
94 61
94 66
94 71
94 77
94 81
94 82
94 90
94 93
94 96
94 97
94 101
94 118
95 2
95 18
95 20
95 22
95 30
95 31
95 48
95 52
95 53
95 54
95 55
95 58
95 61
95 69
95 78
95 84
95 88
95 91
95 96
95 101
95 102
95 116
95 120
95 125
95 126
96 4
96 5
96 9
96 12
96 14
96 17
96 20
96 25
96 47
96 54
96 55
96 56
96 61
96 70
96 74
96 78
96 84
96 89
96 93
96 96
96 97
96 98
96 100
96 114
96 119
96 122
97 3
97 10
97 11
97 16
97 18
97 19
97 26
97 34
97 43
97 47
97 51
97 53
97 61
97 62
97 64
97 73
97 80
97 81
97 84
97 87
97 88
97 99
97 111
97 118
98 0
98 12
98 23
98 25
98 26
98 44
98 45
98 46
98 47
98 59
98 61
98 69
98 78
98 99
98 100
98 112
98 119
99 15
99 26
99 39
99 41
99 42
99 45
99 50
99 75
99 81
99 88
99 92
99 94
99 96
99 99
99 106
99 108
99 113
99 115
99 120
100 0
100 7
100 17
100 29
100 30
100 42
100 44
100 51
100 55
100 57
100 60
100 82
100 89
100 106
100 107
100 108
100 114
100 116
100 118
101 4
101 5
101 6
101 7
101 10
101 29
101 46
101 54
101 61
101 70
101 79
101 92
101 102
101 106
101 112
102 0
102 1
102 3
102 9
102 15
102 22
102 32
102 52
102 65
102 69
102 74
102 76
102 86
102 95
102 103
102 113
102 124
103 12
103 15
103 18
103 22
103 26
103 31
103 49
103 56
103 63
103 64
103 66
103 79
103 89
103 92
103 100
103 108
103 116
104 0
104 1
104 5
104 7
104 23
104 29
104 30
104 38
104 46
104 54
104 58
104 65
104 67
104 81
104 85
104 86
104 90
104 93
104 101
104 107
104 113
104 117
105 19
105 23
105 29
105 31
105 33
105 40
105 52
105 53
105 64
105 72
105 74
105 75
105 80
105 88
105 95
105 96
105 101
105 114
105 121
105 123
106 1
106 12
106 16
106 28
106 35
106 38
106 60
106 65
106 66
106 68
106 81
106 88
106 92
106 99
106 105
106 116
106 126
106 127
107 10
107 19
107 24
107 39
107 42
107 61
107 70
107 75
107 78
107 80
107 81
107 87
107 108
107 112
107 120
107 127
108 3
108 5
108 6
108 20
108 22
108 55
108 62
108 63
108 69
108 70
108 87
108 96
108 123
108 127
109 3
109 4
109 19
109 33
109 36
109 41
109 43
109 49
109 60
109 69
109 74
109 78
109 81
109 115
109 118
110 1
110 4
110 5
110 17
110 24
110 27
110 36
110 37
110 40
110 43
110 44
110 46
110 48
110 55
110 64
110 71
110 73
110 74
110 90
110 97
110 108
110 111
110 118
110 119
110 121
110 124
111 3
111 5
111 19
111 20
111 27
111 32
111 36
111 37
111 46
111 67
111 76
111 79
111 81
111 97
111 98
111 107
111 126
112 31
112 33
112 39
112 40
112 45
112 50
112 51
112 54
112 55
112 59
112 64
112 71
112 73
112 75
112 91
112 93
112 98
112 101
112 102
112 106
112 107
112 126
112 127
113 2
113 5
113 11
113 33
113 86
113 88
113 94
113 99
113 101
113 108
113 114
113 126
114 5
114 6
114 9
114 14
114 20
114 42
114 56
114 59
114 71
114 87
114 88
114 96
114 100
114 101
114 102
114 103
114 106
115 16
115 24
115 27
115 28
115 30
115 39
115 42
115 43
115 50
115 57
115 70
115 72
115 78
115 80
115 81
115 91
115 97
115 104
115 109
115 112
115 114
115 126
115 127
116 6
116 7
116 10
116 20
116 23
116 33
116 46
116 47
116 48
116 49
116 73
116 75
116 85
116 88
116 90
116 103
116 107
116 125
117 7
117 10
117 16
117 18
117 39
117 43
117 48
117 80
117 102
117 108
117 112
117 114
117 116
117 121
118 13
118 15
118 27
118 32
118 37
118 38
118 40
118 41
118 53
118 70
118 81
118 85
118 86
118 99
118 102
118 111
118 114
118 121
119 5
119 6
119 10
119 20
119 23
119 28
119 37
119 40
119 45
119 68
119 79
119 81
119 97
119 117
119 127
120 5
120 40
120 47
120 67
120 78
120 84
120 88
120 90
120 93
120 98
120 100
120 108
120 118
120 122
121 2
121 3
121 9
121 30
121 32
121 35
121 42
121 44
121 48
121 51
121 52
121 57
121 63
121 67
121 73
121 74
121 80
121 87
121 89
121 95
121 98
121 104
121 107
121 109
121 110
121 113
121 116
121 118
121 123
122 7
122 8
122 22
122 26
122 42
122 60
122 76
122 77
122 78
122 85
122 94
122 95
122 101
122 110
123 7
123 13
123 15
123 46
123 54
123 57
123 64
123 68
123 84
123 86
123 88
123 103
123 104
123 105
123 110
123 118
123 119
123 120
124 1
124 5
124 13
124 21
124 25
124 27
124 30
124 35
124 40
124 47
124 52
124 56
124 73
124 78
124 83
124 86
124 103
124 105
124 113
124 118
124 122
124 123
124 124
125 0
125 8
125 18
125 19
125 20
125 38
125 45
125 46
125 50
125 54
125 58
125 65
125 90
125 95
126 2
126 4
126 5
126 7
126 11
126 15
126 24
126 39
126 42
126 54
126 56
126 63
126 67
126 73
126 81
126 89
126 103
126 104
126 105
126 112
126 121
126 126
127 5
127 8
127 15
127 23
127 25
127 30
127 33
127 35
127 37
127 49
127 51
127 57
127 63
127 64
127 66
127 68
127 76
127 77
127 82
127 83
127 90
127 92
127 98
127 108
127 111
127 125
