0 6
0 9
0 14
0 25
0 33
0 37
0 38
0 44
0 51
0 52
0 64
0 65
0 68
0 70
0 72
0 81
0 82
0 91
0 96
0 98
0 101
0 124
1 0
1 4
1 7
1 9
1 39
1 47
1 53
1 58
1 66
1 70
1 71
1 72
1 78
1 79
1 85
1 87
1 96
1 98
1 101
1 111
1 117
1 122
1 126
1 127
2 5
2 7
2 10
2 17
2 20
2 21
2 23
2 37
2 41
2 45
2 49
2 66
2 72
2 75
2 78
2 79
2 85
2 93
2 96
2 100
2 107
2 115
2 123
2 124
2 125
2 126
3 2
3 14
3 19
3 20
3 21
3 25
3 27
3 28
3 30
3 31
3 43
3 44
3 49
3 52
3 53
3 54
3 57
3 63
3 67
3 68
3 69
3 73
3 75
3 81
3 82
3 87
3 90
3 95
3 96
3 97
3 102
3 106
3 112
3 124
3 125
4 4
4 11
4 18
4 19
4 25
4 27
4 31
4 36
4 50
4 51
4 53
4 56
4 68
4 71
4 73
4 74
4 81
4 83
4 89
4 93
4 94
4 104
4 114
4 115
4 122
4 127
5 6
5 7
5 10
5 17
5 20
5 23
5 26
5 32
5 42
5 43
5 46
5 48
5 51
5 56
5 63
5 70
5 84
5 86
5 104
5 111
5 112
5 125
6 7
6 11
6 15
6 17
6 21
6 31
6 32
6 42
6 43
6 50
6 51
6 53
6 59
6 62
6 67
6 71
6 81
6 83
6 84
6 87
6 92
6 97
6 104
6 105
6 106
6 108
6 109
6 112
6 113
6 118
6 123
6 124
7 2
7 4
7 10
7 13
7 15
7 16
7 21
7 22
7 26
7 27
7 28
7 32
7 41
7 43
7 45
7 46
7 51
7 52
7 57
7 60
7 62
7 65
7 70
7 72
7 74
7 83
7 94
7 96
7 101
7 103
7 107
7 108
7 115
7 117
7 123
7 124
8 14
8 15
8 19
8 21
8 33
8 35
8 39
8 42
8 57
8 59
8 68
8 69
8 78
8 85
8 87
8 89
8 90
8 102
8 104
8 115
8 117
8 120
8 125
9 13
9 16
9 17
9 24
9 39
9 44
9 54
9 65
9 76
9 79
9 90
9 107
9 108
9 109
9 110
9 111
9 115
9 122
9 123
9 124
10 0
10 3
10 4
10 10
10 14
10 15
10 23
10 25
10 26
10 39
10 40
10 44
10 47
10 59
10 60
10 62
10 69
10 83
10 85
10 88
10 91
10 94
10 99
10 102
10 109
10 111
10 117
10 122
10 127
11 6
11 17
11 21
11 26
11 30
11 35
11 39
11 47
11 49
11 50
11 61
11 70
11 75
11 82
11 87
11 92
11 96
11 97
11 98
11 111
11 116
11 122
12 7
12 9
12 12
12 14
12 17
12 20
12 25
12 27
12 31
12 33
12 39
12 40
12 41
12 51
12 68
12 71
12 74
12 75
12 83
12 95
12 98
12 99
12 100
12 108
12 117
12 118
13 0
13 4
13 14
13 19
13 29
13 33
13 39
13 40
13 44
13 47
13 48
13 61
13 66
13 67
13 68
13 72
13 73
13 77
13 80
13 82
13 90
13 95
13 98
13 103
13 104
13 111
13 121
13 125
13 126
14 5
14 7
14 19
14 22
14 26
14 29
14 31
14 35
14 37
14 38
14 40
14 43
14 53
14 64
14 72
14 77
14 80
14 81
14 86
14 89
14 97
14 103
14 107
14 112
15 6
15 7
15 13
15 22
15 25
15 38
15 44
15 50
15 51
15 52
15 55
15 63
15 79
15 94
15 97
15 100
15 101
15 108
15 111
15 115
15 116
15 120
15 123
16 2
16 7
16 8
16 11
16 22
16 28
16 32
16 41
16 45
16 58
16 59
16 61
16 63
16 76
16 82
16 88
16 92
16 97
16 98
16 106
16 113
16 114
16 115
16 116
16 119
16 121
17 8
17 11
17 26
17 29
17 30
17 35
17 39
17 41
17 42
17 43
17 46
17 48
17 52
17 64
17 69
17 72
17 74
17 80
17 91
17 114
17 122
17 123
17 126
17 127
18 1
18 2
18 11
18 14
18 15
18 17
18 23
18 31
18 33
18 41
18 45
18 47
18 49
18 52
18 54
18 56
18 58
18 63
18 67
18 68
18 69
18 74
18 81
18 86
18 87
18 98
18 110
18 118
18 119
18 120
19 6
19 7
19 15
19 19
19 46
19 49
19 50
19 51
19 54
19 55
19 59
19 63
19 64
19 71
19 72
19 80
19 96
19 100
19 106
19 124
19 127
20 6
20 17
20 18
20 20
20 22
20 30
20 37
20 49
20 50
20 54
20 55
20 56
20 60
20 80
20 93
20 99
20 107
20 116
20 127
21 0
21 1
21 3
21 14
21 19
21 31
21 39
21 44
21 47
21 48
21 51
21 64
21 66
21 80
21 83
21 90
21 93
21 95
21 101
21 106
21 107
21 109
21 110
21 112
21 119
21 126
22 0
22 4
22 13
22 23
22 41
22 42
22 43
22 45
22 50
22 51
22 61
22 62
22 63
22 66
22 69
22 72
22 74
22 84
22 85
22 86
22 88
22 91
22 92
22 98
22 101
22 102
22 108
22 111
22 114
22 117
22 118
22 120
22 126
23 0
23 8
23 12
23 13
23 15
23 18
23 19
23 25
23 29
23 30
23 34
23 35
23 41
23 45
23 50
23 54
23 58
23 60
23 67
23 82
23 87
23 88
23 91
23 100
23 101
23 111
23 114
23 115
23 126
24 9
24 11
24 18
24 20
24 23
24 40
24 45
24 48
24 52
24 56
24 66
24 68
24 73
24 74
24 81
24 83
24 87
24 94
24 95
24 97
24 98
24 99
24 105
24 109
24 117
24 119
24 122
25 7
25 8
25 15
25 18
25 19
25 23
25 25
25 51
25 59
25 65
25 71
25 77
25 79
25 89
25 91
25 92
25 96
25 102
25 106
25 110
25 121
25 122
25 127
26 15
26 18
26 34
26 37
26 42
26 43
26 49
26 62
26 70
26 71
26 72
26 75
26 77
26 84
26 86
26 89
26 91
26 95
26 102
26 103
26 109
26 113
26 116
26 123
27 5
27 7
27 8
27 10
27 15
27 19
27 25
27 28
27 31
27 32
27 49
27 54
27 56
27 59
27 61
27 62
27 64
27 65
27 66
27 68
27 72
27 73
27 74
27 77
27 92
27 98
27 100
27 111
27 116
28 5
28 11
28 21
28 28
28 33
28 38
28 50
28 51
28 60
28 65
28 73
28 79
28 102
28 106
28 116
28 118
28 125
29 3
29 6
29 12
29 14
29 17
29 19
29 26
29 29
29 46
29 48
29 53
29 56
29 58
29 60
29 66
29 70
29 73
29 77
29 101
29 102
29 117
29 118
29 119
30 2
30 7
30 13
30 17
30 20
30 22
30 23
30 27
30 29
30 43
30 45
30 48
30 49
30 61
30 75
30 77
30 79
30 83
30 84
30 87
30 89
30 97
30 104
30 106
30 108
30 114
31 9
31 10
31 15
31 19
31 20
31 21
31 30
31 34
31 37
31 44
31 57
31 72
31 76
31 77
31 83
31 84
31 94
31 97
31 102
31 106
31 114
31 123
31 124
32 0
32 7
32 12
32 14
32 28
32 51
32 57
32 65
32 66
32 68
32 71
32 86
32 92
32 96
32 99
32 104
32 113
32 120
32 121
32 123
33 3
33 5
33 16
33 17
33 29
33 40
33 45
33 58
33 63
33 64
33 68
33 71
33 72
33 73
33 74
33 84
33 87
33 95
33 107
33 113
33 115
34 0
34 2
34 5
34 8
34 16
34 20
34 29
34 41
34 52
34 55
34 64
34 78
34 79
34 81
34 90
34 92
34 95
34 101
34 102
34 111
34 112
34 115
34 117
34 118
34 119
34 121
34 127
35 8
35 13
35 15
35 16
35 18
35 25
35 29
35 35
35 40
35 41
35 50
35 57
35 68
35 73
35 74
35 77
35 78
35 80
35 82
35 91
35 94
35 96
35 102
35 104
35 106
35 108
35 109
35 110
35 111
35 114
35 120
35 124
36 6
36 8
36 21
36 24
36 26
36 27
36 31
36 40
36 45
36 49
36 51
36 53
36 61
36 76
36 86
36 97
36 101
36 106
36 107
36 108
36 109
36 117
36 123
37 9
37 13
37 16
37 18
37 22
37 27
37 28
37 30
37 31
37 46
37 49
37 68
37 71
37 76
37 87
37 102
37 106
37 107
37 122
37 127
38 11
38 21
38 28
38 35
38 47
38 59
38 64
38 83
38 99
38 103
38 110
38 113
38 120
38 123
38 127
39 6
39 8
39 14
39 15
39 18
39 25
39 27
39 37
39 52
39 58
39 73
39 75
39 80
39 82
39 85
39 87
39 91
39 104
39 105
39 107
39 108
39 109
39 115
39 118
39 121
40 12
40 15
40 17
40 33
40 35
40 43
40 44
40 46
40 50
40 53
40 55
40 57
40 58
40 64
40 71
40 74
40 84
40 85
40 88
40 90
40 98
40 101
40 105
40 106
40 111
40 112
40 114
40 123
41 3
41 8
41 12
41 14
41 25
41 29
41 35
41 37
41 40
41 42
41 43
41 46
41 49
41 54
41 76
41 104
41 107
41 110
41 112
41 118
41 123
41 127
42 5
42 10
42 12
42 21
42 27
42 29
42 32
42 35
42 43
42 45
42 55
42 59
42 60
42 63
42 75
42 83
42 85
42 87
42 91
42 105
42 113
42 122
42 125
43 0
43 5
43 12
43 18
43 25
43 28
43 29
43 37
43 38
43 42
43 49
43 62
43 63
43 73
43 79
43 84
43 88
43 89
43 92
43 93
43 95
43 97
43 102
43 107
43 109
43 112
43 124
44 3
44 6
44 10
44 12
44 19
44 20
44 34
44 45
44 47
44 52
44 56
44 60
44 61
44 65
44 82
44 84
44 90
44 91
44 92
44 100
44 101
44 106
44 109
44 114
44 115
44 116
44 120
44 124
44 126
45 0
45 10
45 12
45 13
45 14
45 19
45 26
45 30
45 34
45 35
45 38
45 40
45 44
45 47
45 64
45 69
45 75
45 81
45 82
45 91
45 96
45 98
45 102
45 103
45 110
45 112
45 117
45 123
46 0
46 4
46 5
46 7
46 9
46 15
46 17
46 23
46 30
46 34
46 37
46 39
46 40
46 43
46 47
46 52
46 59
46 65
46 71
46 72
46 78
46 85
46 88
46 90
46 93
46 99
46 101
46 104
46 111
46 112
46 117
46 120
46 125
47 9
47 10
47 15
47 22
47 30
47 31
47 44
47 45
47 54
47 58
47 67
47 75
47 78
47 80
47 83
47 105
47 110
47 120
47 127
48 1
48 3
48 4
48 10
48 14
48 16
48 38
48 39
48 41
48 44
48 71
48 73
48 80
48 81
48 82
48 83
48 88
48 93
48 96
48 97
48 104
48 109
48 118
48 120
48 123
48 126
49 4
49 18
49 19
49 23
49 25
49 30
49 33
49 35
49 36
49 43
49 46
49 47
49 54
49 56
49 61
49 63
49 64
49 70
49 71
49 74
49 79
49 81
49 85
49 102
49 121
49 122
50 4
50 15
50 19
50 29
50 38
50 50
50 51
50 52
50 58
50 62
50 63
50 65
50 66
50 76
50 77
50 79
50 81
50 86
50 89
50 92
50 94
50 105
50 108
50 112
50 114
50 115
50 117
50 127
51 10
51 11
51 12
51 13
51 20
51 25
51 32
51 33
51 38
51 44
51 53
51 55
51 56
51 62
51 65
51 73
51 78
51 81
51 96
51 97
51 117
51 120
51 124
52 2
52 5
52 6
52 11
52 14
52 17
52 18
52 19
52 21
52 22
52 23
52 25
52 28
52 31
52 33
52 34
52 41
52 45
52 47
52 51
52 55
52 58
52 60
52 61
52 74
52 82
52 92
52 95
52 100
52 101
52 102
52 103
52 104
52 116
52 119
52 124
53 9
53 16
53 17
53 26
53 30
53 41
53 42
53 57
53 60
53 65
53 71
53 72
53 73
53 78
53 82
53 83
53 85
53 86
53 111
53 116
53 120
54 7
54 8
54 12
54 20
54 27
54 32
54 34
54 52
54 53
54 57
54 64
54 69
54 78
54 91
54 94
54 97
54 101
54 111
54 115
54 119
54 122
54 125
55 1
55 7
55 8
55 10
55 19
55 22
55 27
55 28
55 30
55 35
55 39
55 48
55 49
55 50
55 54
55 55
55 59
55 68
55 71
55 73
55 81
55 86
55 90
55 92
55 93
55 96
55 97
55 98
55 105
55 112
55 115
55 118
55 124
55 126
56 1
56 7
56 18
56 24
56 27
56 28
56 32
56 38
56 42
56 43
56 44
56 47
56 57
56 72
56 77
56 82
56 97
56 100
56 101
56 105
56 111
56 116
56 118
56 122
56 127
57 0
57 12
57 15
57 18
57 19
57 24
57 31
57 38
57 42
57 49
57 54
57 57
57 58
57 67
57 71
57 81
57 82
57 84
57 85
57 87
57 95
57 97
57 100
57 107
57 109
57 116
57 120
57 122
57 123
57 124
57 127
58 2
58 6
58 16
58 34
58 36
58 44
58 47
58 54
58 64
58 69
58 73
58 74
58 80
58 82
58 83
58 86
58 92
58 102
58 106
58 107
58 108
58 111
58 114
58 115
58 116
58 119
59 1
59 13
59 15
59 17
59 20
59 24
59 27
59 29
59 34
59 35
59 38
59 49
59 51
59 54
59 58
59 61
59 64
59 66
59 72
59 74
59 76
59 77
59 78
59 79
59 84
59 98
59 104
59 105
59 106
59 109
59 111
59 112
59 115
59 123
59 126
60 0
60 10
60 12
60 20
60 25
60 29
60 32
60 41
60 42
60 44
60 55
60 63
60 65
60 67
60 69
60 78
60 79
60 80
60 88
60 92
60 95
60 100
60 119
61 4
61 5
61 7
61 8
61 10
61 13
61 15
61 19
61 22
61 37
61 38
61 40
61 49
61 50
61 55
61 64
61 65
61 69
61 70
61 75
61 92
61 98
61 99
61 100
61 102
61 114
61 116
61 117
61 124
62 3
62 8
62 9
62 11
62 12
62 19
62 21
62 22
62 24
62 38
62 43
62 47
62 51
62 63
62 68
62 70
62 75
62 76
62 78
62 81
62 83
62 84
62 89
62 90
62 91
62 93
62 95
62 114
62 119
63 1
63 4
63 5
63 6
63 9
63 11
63 15
63 17
63 20
63 31
63 37
63 43
63 58
63 69
63 70
63 73
63 78
63 81
63 85
63 89
63 98
63 103
63 104
63 114
63 121
63 125
63 127
64 6
64 8
64 10
64 18
64 28
64 30
64 33
64 34
64 39
64 41
64 45
64 46
64 54
64 55
64 57
64 63
64 65
64 76
64 80
64 84
64 88
64 90
64 91
64 94
64 96
64 109
64 112
64 125
65 0
65 4
65 6
65 9
65 11
65 13
65 21
65 22
65 32
65 39
65 41
65 43
65 50
65 52
65 57
65 63
65 66
65 69
65 80
65 98
65 101
65 105
65 109
65 115
65 116
65 117
65 121
65 124
66 2
66 5
66 8
66 10
66 16
66 19
66 24
66 26
66 27
66 28
66 29
66 32
66 33
66 36
66 38
66 44
66 45
66 47
66 50
66 51
66 52
66 53
66 58
66 59
66 61
66 63
66 64
66 80
66 89
66 91
66 92
66 93
66 94
66 100
66 105
66 107
66 118
67 2
67 4
67 6
67 23
67 34
67 48
67 49
67 59
67 71
67 73
67 78
67 85
67 96
67 99
67 107
67 119
67 122
68 1
68 8
68 11
68 12
68 23
68 24
68 26
68 27
68 28
68 32
68 36
68 41
68 43
68 46
68 48
68 61
68 66
68 70
68 73
68 76
68 82
68 83
68 85
68 91
68 103
68 104
68 108
68 114
68 115
68 121
68 122
68 126
69 12
69 17
69 20
69 36
69 38
69 43
69 52
69 59
69 65
69 67
69 70
69 71
69 77
69 84
69 92
69 107
69 108
69 109
69 111
69 115
70 1
70 3
70 8
70 9
70 22
70 27
70 29
70 31
70 39
70 41
70 42
70 44
70 47
70 55
70 58
70 60
70 63
70 73
70 79
70 80
70 83
70 86
70 87
70 88
70 91
70 93
70 102
70 108
70 109
70 110
70 113
70 115
70 116
70 119
70 122
71 5
71 9
71 19
71 27
71 40
71 41
71 61
71 71
71 73
71 81
71 82
71 98
71 106
71 114
71 117
71 120
71 121
71 125
72 7
72 17
72 24
72 32
72 43
72 48
72 64
72 80
72 95
72 109
72 114
72 116
72 124
72 127
73 17
73 24
73 28
73 32
73 37
73 39
73 42
73 52
73 53
73 59
73 62
73 64
73 67
73 69
73 71
73 72
73 74
73 75
73 78
73 81
73 87
73 93
73 96
73 97
73 103
73 108
73 112
73 119
73 123
73 127
74 7
74 8
74 21
74 40
74 52
74 59
74 68
74 70
74 75
74 79
74 94
74 112
74 120
74 125
75 7
75 9
75 10
75 20
75 23
75 26
75 33
75 42
75 44
75 47
75 48
75 49
75 51
75 53
75 55
75 58
75 63
75 72
75 74
75 75
75 82
75 86
75 87
75 93
75 95
75 97
75 101
75 109
75 110
75 113
75 119
75 124
75 127
76 12
76 15
76 18
76 23
76 24
76 39
76 47
76 53
76 56
76 62
76 63
76 67
76 78
76 82
76 85
76 93
76 103
76 105
76 106
76 117
77 7
77 9
77 18
77 24
77 25
77 41
77 49
77 50
77 54
77 62
77 64
77 68
77 69
77 72
77 73
77 79
77 81
77 82
77 96
77 100
77 107
77 124
77 127
78 0
78 1
78 2
78 3
78 10
78 11
78 12
78 20
78 24
78 29
78 33
78 48
78 49
78 54
78 57
78 61
78 65
78 71
78 81
78 91
78 94
78 101
78 107
78 112
78 116
78 124
78 126
79 0
79 7
79 22
79 37
79 46
79 54
79 61
79 64
79 74
79 81
79 88
79 95
79 96
79 99
79 100
79 101
79 103
79 106
79 109
79 110
79 112
79 115
79 122
79 123
80 3
80 4
80 6
80 8
80 21
80 24
80 26
80 29
80 31
80 40
80 42
80 46
80 49
80 51
80 53
80 63
80 71
80 72
80 74
80 81
80 82
80 85
80 86
80 88
80 89
80 91
80 92
80 98
80 99
80 103
80 110
80 114
80 123
81 7
81 9
81 10
81 16
81 17
81 18
81 19
81 40
81 46
81 49
81 56
81 63
81 74
81 76
81 78
81 93
81 95
81 100
81 104
81 117
81 123
82 1
82 5
82 6
82 9
82 14
82 28
82 34
82 43
82 44
82 45
82 50
82 59
82 63
82 64
82 67
82 69
82 97
82 102
82 112
82 115
82 116
82 119
83 5
83 6
83 8
83 12
83 15
83 18
83 24
83 26
83 30
83 36
83 41
83 49
83 56
83 59
83 60
83 70
83 74
83 75
83 76
83 77
83 91
83 93
83 94
83 100
83 101
83 104
83 126
83 127
84 2
84 13
84 15
84 26
84 32
84 37
84 49
84 55
84 63
84 65
84 70
84 79
84 81
84 93
84 96
84 97
84 103
84 108
84 109
84 112
84 114
84 115
84 119
84 120
85 2
85 8
85 9
85 25
85 30
85 34
85 40
85 41
85 42
85 46
85 55
85 56
85 61
85 63
85 64
85 66
85 78
85 84
85 86
85 89
85 101
85 116
85 117
85 122
85 124
85 125
85 126
85 127
86 5
86 6
86 9
86 13
86 14
86 21
86 40
86 48
86 50
86 57
86 61
86 64
86 65
86 77
86 87
86 90
86 91
86 92
86 101
86 106
86 116
86 123
86 124
87 3
87 4
87 5
87 20
87 25
87 27
87 29
87 30
87 56
87 57
87 59
87 66
87 80
87 85
87 88
87 100
87 101
87 103
87 105
87 108
87 121
88 0
88 3
88 5
88 7
88 10
88 15
88 22
88 23
88 35
88 36
88 41
88 43
88 44
88 57
88 61
88 62
88 69
88 71
88 74
88 76
88 78
88 88
88 98
88 101
88 110
88 111
88 112
88 117
88 122
88 125
89 3
89 13
89 16
89 22
89 31
89 38
89 46
89 52
89 54
89 62
89 69
89 74
89 77
89 78
89 80
89 81
89 86
89 90
89 94
89 97
89 99
89 108
89 115
89 126
90 6
90 8
90 22
90 34
90 37
90 42
90 49
90 51
90 64
90 66
90 69
90 95
90 97
90 101
90 104
90 106
90 108
90 109
90 114
90 122
90 123
91 6
91 8
91 22
91 26
91 28
91 30
91 36
91 43
91 45
91 50
91 54
91 57
91 63
91 66
91 73
91 89
91 90
91 94
91 102
91 104
91 108
91 111
91 113
91 114
91 121
91 124
92 7
92 13
92 15
92 24
92 28
92 39
92 41
92 48
92 49
92 52
92 62
92 77
92 80
92 82
92 83
92 86
92 95
92 101
92 111
92 113
92 120
92 123
93 1
93 4
93 14
93 19
93 22
93 26
93 28
93 31
93 34
93 48
93 60
93 63
93 69
93 76
93 83
93 84
93 94
93 95
93 97
93 100
93 116
93 117
93 122
94 5
94 8
94 10
94 12
94 14
94 17
94 20
94 28
94 34
94 39
94 54
94 55
94 58
94 63
94 65
94 68
94 71
94 78
94 89
94 92
94 97
94 111
94 124
95 4
95 10
95 12
95 22
95 41
95 49
95 52
95 54
95 56
95 60
95 62
95 67
95 73
95 75
95 79
95 81
95 92
95 93
95 97
95 101
95 104
95 109
95 126
96 0
96 1
96 9
96 14
96 18
96 32
96 38
96 42
96 43
96 47
96 56
96 59
96 60
96 62
96 73
96 77
96 82
96 96
96 97
96 103
96 104
96 105
96 110
96 111
96 115
96 116
96 119
96 124
96 125
97 3
97 13
97 19
97 21
97 23
97 36
97 38
97 44
97 51
97 53
97 58
97 74
97 76
97 79
97 97
97 99
97 105
97 106
97 108
97 110
97 116
97 119
98 4
98 6
98 8
98 19
98 24
98 28
98 29
98 31
98 36
98 38
98 50
98 60
98 61
98 65
98 69
98 71
98 76
98 79
98 86
98 88
98 93
98 101
98 104
98 113
98 114
98 122
99 21
99 22
99 24
99 29
99 31
99 35
99 42
99 43
99 47
99 49
99 51
99 61
99 62
99 63
99 66
99 90
99 92
99 94
99 96
99 98
99 99
99 103
99 107
99 108
99 115
100 4
100 8
100 11
100 13
100 15
100 18
100 27
100 30
100 36
100 40
100 43
100 62
100 66
100 72
100 73
100 83
100 98
100 99
100 105
100 107
100 110
100 112
100 114
100 119
100 124
100 125
101 1
101 7
101 16
101 19
101 25
101 28
101 36
101 37
101 40
101 41
101 44
101 46
101 49
101 50
101 56
101 57
101 71
101 75
101 90
101 109
101 110
101 111
101 113
101 124
102 3
102 10
102 21
102 24
102 28
102 32
102 47
102 50
102 55
102 67
102 74
102 76
102 84
102 85
102 90
102 91
102 105
102 110
102 116
102 117
102 121
102 123
102 124
103 3
103 22
103 23
103 25
103 26
103 32
103 37
103 38
103 39
103 47
103 70
103 72
103 73
103 83
103 91
103 94
103 102
103 107
103 113
103 117
103 121
103 125
104 1
104 12
104 14
104 20
104 21
104 26
104 31
104 33
104 34
104 40
104 54
104 59
104 63
104 65
104 74
104 82
104 86
104 91
104 95
104 96
104 99
104 101
104 105
104 110
104 116
104 122
104 125
104 126
105 0
105 1
105 2
105 3
105 11
105 12
105 13
105 15
105 16
105 24
105 35
105 48
105 50
105 54
105 57
105 59
105 64
105 68
105 70
105 71
105 77
105 91
105 98
105 99
105 102
105 103
105 104
105 106
105 109
105 113
105 122
105 123
105 125
106 2
106 7
106 19
106 27
106 40
106 43
106 45
106 49
106 51
106 55
106 58
106 68
106 70
106 96
106 99
106 100
106 110
106 119
107 2
107 4
107 5
107 6
107 9
107 14
107 16
107 23
107 25
107 29
107 31
107 32
107 38
107 43
107 44
107 45
107 52
107 53
107 55
107 57
107 58
107 67
107 69
107 73
107 74
107 75
107 76
107 79
107 81
107 82
107 86
107 87
107 88
107 90
107 94
107 97
107 100
107 105
107 107
107 110
107 120
107 122
107 127
108 0
108 1
108 2
108 16
108 23
108 25
108 27
108 35
108 37
108 38
108 40
108 41
108 43
108 46
108 47
108 49
108 60
108 64
108 71
108 74
108 76
108 78
108 80
108 90
108 92
108 98
108 100
108 105
108 116
109 1
109 9
109 10
109 19
109 21
109 24
109 25
109 37
109 39
109 44
109 47
109 50
109 59
109 61
109 67
109 78
109 81
109 95
109 96
109 118
110 2
110 15
110 21
110 24
110 35
110 38
110 39
110 40
110 42
110 47
110 58
110 64
110 65
110 66
110 68
110 74
110 75
110 87
110 91
110 96
110 97
110 109
110 112
110 114
110 121
110 124
110 127
111 21
111 23
111 24
111 25
111 28
111 35
111 36
111 42
111 46
111 47
111 56
111 62
111 64
111 67
111 69
111 70
111 77
111 82
111 84
111 86
111 89
111 90
111 94
111 98
111 99
111 101
111 103
111 104
111 109
111 114
111 116
111 118
111 126
111 127
112 1
112 4
112 21
112 25
112 31
112 33
112 34
112 36
112 45
112 54
112 56
112 62
112 63
112 64
112 67
112 71
112 85
112 87
112 89
112 94
112 95
112 100
112 104
112 107
112 108
112 111
112 124
112 125
112 127
113 0
113 6
113 12
113 16
113 19
113 20
113 21
113 25
113 36
113 37
113 43
113 47
113 54
113 72
113 74
113 78
113 85
113 93
113 97
113 98
113 104
113 107
113 111
113 119
113 120
114 1
114 3
114 5
114 17
114 23
114 30
114 32
114 43
114 50
114 57
114 61
114 63
114 64
114 67
114 72
114 78
114 86
114 88
114 93
114 101
114 103
114 104
114 106
114 109
114 121
114 122
114 125
114 127
115 7
115 9
115 11
115 18
115 26
115 28
115 31
115 33
115 39
115 45
115 53
115 59
115 62
115 67
115 73
115 80
115 81
115 91
115 96
115 100
115 103
115 105
115 106
115 110
115 117
116 10
116 13
116 14
116 21
116 29
116 32
116 42
116 45
116 46
116 47
116 48
116 51
116 54
116 62
116 66
116 70
116 71
116 78
116 81
116 85
116 89
116 97
116 101
116 103
116 104
116 108
116 111
116 118
116 125
117 1
117 6
117 7
117 9
117 12
117 14
117 17
117 25
117 29
117 42
117 47
117 52
117 70
117 79
117 81
117 83
117 84
117 93
117 95
117 99
117 102
117 106
117 111
117 117
117 119
117 121
117 122
117 126
118 0
118 2
118 5
118 16
118 18
118 35
118 38
118 51
118 70
118 83
118 87
118 88
118 93
118 100
118 103
118 109
118 111
118 112
118 114
118 115
118 117
118 120
118 122
118 123
119 0
119 2
119 7
119 20
119 33
119 35
119 37
119 44
119 46
119 56
119 57
119 58
119 59
119 67
119 80
119 86
119 99
119 100
119 101
119 106
119 115
119 123
119 127
120 5
120 13
120 30
120 34
120 37
120 41
120 42
120 51
120 55
120 56
120 59
120 68
120 71
120 77
120 93
120 96
120 100
120 108
120 113
120 114
120 121
120 122
121 7
121 12
121 19
121 21
121 29
121 31
121 37
121 41
121 43
121 45
121 47
121 49
121 53
121 58
121 67
121 68
121 86
121 88
121 93
121 94
121 97
121 100
121 101
121 111
121 117
121 118
121 119
121 124
122 5
122 11
122 32
122 35
122 42
122 45
122 46
122 50
122 54
122 62
122 69
122 70
122 72
122 80
122 88
122 91
122 95
122 111
122 117
122 121
123 8
123 9
123 10
123 13
123 14
123 19
123 22
123 24
123 27
123 42
123 56
123 58
123 60
123 64
123 68
123 71
123 74
123 75
123 76
123 79
123 85
123 88
123 89
123 90
123 91
123 92
123 95
123 104
123 107
123 109
123 114
124 2
124 7
124 14
124 23
124 29
124 40
124 46
124 47
124 49
124 55
124 56
124 57
124 62
124 73
124 76
124 77
124 86
124 89
124 94
124 97
124 106
124 114
124 120
125 7
125 9
125 11
125 12
125 18
125 19
125 22
125 29
125 30
125 31
125 38
125 41
125 42
125 44
125 49
125 50
125 51
125 53
125 55
125 59
125 62
125 65
125 73
125 90
125 92
126 2
126 3
126 14
126 22
126 25
126 39
126 45
126 52
126 63
126 66
126 69
126 71
126 78
126 87
126 89
126 111
127 2
127 9
127 12
127 18
127 19
127 21
127 22
127 29
127 31
127 38
127 46
127 48
127 49
127 52
127 55
127 61
127 73
127 76
127 80
127 93
127 97
127 99
127 106
127 110
127 114
127 125
127 126
