0 7
0 10
0 14
0 15
0 16
0 17
0 20
0 21
0 24
0 25
0 26
0 30
0 33
0 42
0 44
0 47
0 57
0 58
0 60
0 61
0 66
0 67
0 70
0 73
0 74
0 77
0 83
0 91
0 99
0 105
0 110
0 116
0 120
0 125
1 0
1 2
1 3
1 4
1 8
1 9
1 10
1 14
1 20
1 23
1 34
1 36
1 39
1 44
1 48
1 58
1 60
1 62
1 66
1 67
1 72
1 77
1 79
1 80
1 83
1 87
1 88
1 89
1 90
1 95
1 98
1 102
1 104
1 111
1 122
1 126
1 127
2 6
2 8
2 18
2 28
2 30
2 31
2 32
2 36
2 38
2 47
2 52
2 59
2 63
2 64
2 68
2 76
2 77
2 78
2 80
2 81
2 88
2 91
2 97
2 113
2 120
2 124
3 5
3 9
3 20
3 21
3 27
3 41
3 44
3 47
3 53
3 56
3 59
3 61
3 67
3 79
3 83
3 84
3 88
3 92
3 93
3 97
3 99
3 100
3 117
3 123
3 124
4 1
4 18
4 21
4 22
4 35
4 42
4 55
4 69
4 71
4 75
4 86
4 93
4 105
4 107
4 127
5 2
5 3
5 30
5 31
5 38
5 44
5 48
5 57
5 62
5 67
5 69
5 72
5 82
5 85
5 94
5 106
5 110
5 119
5 120
5 126
6 1
6 3
6 12
6 15
6 26
6 30
6 33
6 34
6 41
6 44
6 45
6 46
6 47
6 55
6 62
6 63
6 72
6 73
6 74
6 76
6 78
6 86
6 87
6 88
6 89
6 92
6 97
6 100
6 107
6 110
6 113
6 116
6 119
6 120
6 121
6 122
6 124
7 0
7 8
7 13
7 18
7 24
7 30
7 33
7 37
7 42
7 47
7 56
7 57
7 88
7 93
7 94
7 97
7 101
7 103
7 109
7 113
7 118
7 119
7 120
8 3
8 9
8 12
8 19
8 21
8 28
8 32
8 33
8 39
8 45
8 46
8 56
8 81
8 84
8 87
8 93
8 95
8 97
8 98
8 102
8 106
8 110
8 114
8 121
8 126
9 1
9 7
9 16
9 21
9 22
9 24
9 25
9 26
9 34
9 35
9 42
9 48
9 53
9 57
9 59
9 71
9 72
9 79
9 81
9 85
9 87
9 93
9 104
9 108
9 110
9 115
9 116
9 125
10 1
10 2
10 3
10 9
10 11
10 17
10 21
10 32
10 39
10 45
10 47
10 55
10 60
10 62
10 64
10 69
10 73
10 80
10 86
10 88
10 89
10 93
10 96
10 101
10 103
10 105
10 108
10 109
10 113
10 115
10 118
10 119
10 121
10 122
10 125
10 126
11 4
11 5
11 9
11 14
11 21
11 22
11 27
11 49
11 52
11 59
11 61
11 62
11 69
11 70
11 73
11 78
11 79
11 81
11 83
11 90
11 97
11 99
11 101
11 105
11 107
11 112
11 121
11 125
12 2
12 3
12 5
12 8
12 20
12 26
12 28
12 33
12 46
12 51
12 52
12 71
12 72
12 79
12 80
12 86
12 90
12 92
12 94
12 97
12 100
12 103
12 104
12 110
12 112
12 115
12 116
12 122
13 3
13 4
13 39
13 43
13 48
13 49
13 52
13 55
13 61
13 63
13 79
13 81
13 90
13 95
13 102
13 104
13 106
13 118
13 119
13 123
14 0
14 1
14 3
14 6
14 16
14 20
14 24
14 28
14 29
14 32
14 38
14 45
14 48
14 51
14 54
14 60
14 63
14 64
14 66
14 68
14 71
14 74
14 75
14 79
14 81
14 82
14 84
14 88
14 93
14 102
14 108
14 109
14 111
14 112
14 116
14 118
15 0
15 5
15 8
15 11
15 13
15 16
15 20
15 21
15 23
15 31
15 32
15 35
15 42
15 43
15 46
15 54
15 56
15 61
15 64
15 66
15 71
15 75
15 81
15 82
15 86
15 96
15 98
15 109
15 111
15 118
15 127
16 2
16 6
16 10
16 11
16 16
16 17
16 18
16 19
16 20
16 21
16 22
16 23
16 25
16 27
16 28
16 32
16 36
16 45
16 48
16 56
16 65
16 72
16 74
16 89
16 91
16 92
16 93
16 95
16 97
16 102
16 105
16 106
16 108
16 116
16 119
16 123
16 124
17 6
17 16
17 17
17 18
17 27
17 28
17 45
17 47
17 53
17 63
17 68
17 76
17 88
17 92
17 115
17 116
17 122
17 127
18 9
18 11
18 19
18 21
18 27
18 33
18 40
18 45
18 47
18 48
18 55
18 56
18 59
18 68
18 71
18 75
18 76
18 77
18 78
18 84
18 93
18 95
18 99
18 106
18 126
19 0
19 3
19 6
19 7
19 14
19 27
19 28
19 30
19 41
19 43
19 50
19 53
19 58
19 59
19 64
19 66
19 70
19 71
19 78
19 84
19 87
19 96
19 99
19 102
19 105
19 114
20 5
20 7
20 30
20 36
20 48
20 51
20 52
20 53
20 54
20 55
20 56
20 57
20 59
20 60
20 61
20 67
20 71
20 76
20 82
20 89
20 92
20 101
20 125
21 5
21 6
21 10
21 13
21 15
21 19
21 22
21 23
21 32
21 40
21 45
21 46
21 47
21 65
21 68
21 69
21 87
21 97
21 109
21 112
21 115
21 117
21 118
21 121
21 126
22 1
22 3
22 5
22 15
22 16
22 17
22 20
22 25
22 31
22 34
22 38
22 39
22 43
22 45
22 50
22 59
22 61
22 63
22 67
22 77
22 80
22 81
22 89
22 95
22 105
22 108
22 114
22 119
22 126
23 2
23 9
23 12
23 13
23 16
23 31
23 35
23 40
23 42
23 44
23 65
23 66
23 75
23 77
23 86
23 87
23 98
23 117
23 123
23 127
24 0
24 11
24 19
24 20
24 28
24 46
24 57
24 61
24 68
24 69
24 75
24 77
24 78
24 85
24 86
24 90
24 91
24 96
24 102
24 107
24 114
24 115
24 120
24 121
25 3
25 32
25 34
25 53
25 54
25 57
25 77
25 79
25 81
25 90
25 93
25 98
25 99
25 100
25 102
25 103
25 112
25 116
25 117
25 122
26 10
26 19
26 22
26 25
26 31
26 38
26 44
26 51
26 52
26 57
26 58
26 61
26 66
26 67
26 73
26 75
26 77
26 84
26 86
26 90
26 91
26 98
26 101
26 104
26 106
26 114
26 119
26 122
27 1
27 2
27 5
27 6
27 7
27 8
27 12
27 13
27 15
27 16
27 19
27 22
27 23
27 26
27 36
27 44
27 49
27 55
27 58
27 60
27 61
27 63
27 70
27 71
27 73
27 88
27 90
27 94
27 96
27 100
27 114
27 117
27 118
27 119
27 121
27 126
28 3
28 7
28 15
28 17
28 32
28 33
28 39
28 44
28 54
28 59
28 69
28 83
28 88
28 91
28 94
28 98
28 99
28 100
28 104
28 108
28 110
28 120
29 8
29 11
29 14
29 23
29 27
29 35
29 36
29 38
29 44
29 47
29 52
29 55
29 56
29 72
29 78
29 88
29 89
29 90
29 94
29 95
29 107
29 111
29 113
29 116
30 1
30 2
30 8
30 10
30 18
30 28
30 30
30 34
30 40
30 51
30 52
30 56
30 59
30 60
30 65
30 66
30 67
30 70
30 72
30 77
30 78
30 80
30 85
30 90
30 97
30 109
30 117
30 118
30 120
31 2
31 6
31 8
31 10
31 14
31 22
31 32
31 45
31 48
31 61
31 63
31 71
31 75
31 77
31 78
31 81
31 83
31 88
31 92
31 94
31 96
31 108
31 115
31 116
31 117
31 125
32 0
32 4
32 7
32 12
32 14
32 22
32 30
32 36
32 39
32 49
32 55
32 56
32 72
32 74
32 76
32 87
32 94
32 104
32 106
32 111
33 0
33 2
33 3
33 17
33 20
33 24
33 25
33 37
33 38
33 39
33 40
33 43
33 56
33 57
33 64
33 68
33 86
33 91
33 92
33 96
33 103
33 104
33 106
33 108
33 116
33 117
33 122
34 0
34 1
34 5
34 15
34 30
34 35
34 40
34 42
34 52
34 74
34 79
34 80
34 92
34 105
34 106
34 111
34 112
34 120
34 127
35 10
35 12
35 13
35 20
35 21
35 22
35 27
35 36
35 38
35 39
35 41
35 47
35 50
35 52
35 59
35 67
35 80
35 83
35 85
35 87
35 91
35 104
35 105
35 113
35 114
35 120
35 122
35 126
36 6
36 7
36 8
36 12
36 26
36 29
36 38
36 43
36 44
36 53
36 55
36 60
36 73
36 78
36 79
36 80
36 94
36 95
36 102
36 105
36 106
36 107
36 114
36 123
36 127
37 1
37 2
37 3
37 12
37 14
37 30
37 39
37 42
37 45
37 51
37 52
37 53
37 54
37 55
37 56
37 60
37 63
37 68
37 99
37 110
37 119
37 122
38 2
38 4
38 11
38 13
38 15
38 21
38 28
38 29
38 33
38 36
38 38
38 40
38 41
38 47
38 48
38 55
38 65
38 72
38 75
38 77
38 81
38 84
38 86
38 105
38 112
38 114
38 115
38 120
38 122
38 123
38 125
39 15
39 17
39 42
39 54
39 60
39 62
39 63
39 66
39 67
39 68
39 77
39 82
39 89
39 91
39 92
39 94
39 110
39 111
39 112
39 117
39 120
39 121
39 123
39 124
40 3
40 17
40 18
40 25
40 31
40 35
40 45
40 52
40 61
40 65
40 68
40 74
40 75
40 87
40 95
40 98
40 99
40 102
40 105
40 108
40 109
40 110
40 111
40 114
40 120
40 123
40 126
41 0
41 2
41 5
41 11
41 28
41 29
41 30
41 31
41 32
41 36
41 44
41 45
41 54
41 60
41 68
41 70
41 80
41 85
41 86
41 90
41 91
41 115
41 124
41 125
42 0
42 2
42 8
42 16
42 19
42 24
42 28
42 41
42 55
42 57
42 62
42 68
42 69
42 75
42 84
42 85
42 90
42 102
42 108
42 116
42 119
42 120
42 127
43 3
43 6
43 11
43 16
43 25
43 36
43 43
43 54
43 55
43 59
43 60
43 66
43 82
43 88
43 90
43 92
43 96
43 97
43 101
43 103
43 118
44 0
44 1
44 3
44 4
44 50
44 54
44 55
44 56
44 58
44 61
44 66
44 67
44 81
44 82
44 83
44 86
44 89
44 91
44 97
44 101
44 109
44 111
44 114
44 116
44 117
44 124
45 7
45 14
45 16
45 19
45 20
45 29
45 30
45 33
45 41
45 45
45 53
45 55
45 65
45 74
45 75
45 78
45 89
45 95
45 96
45 103
45 105
45 115
45 122
46 4
46 5
46 8
46 36
46 41
46 44
46 49
46 51
46 52
46 60
46 70
46 83
46 91
46 93
46 95
46 109
46 114
46 119
46 123
47 2
47 4
47 5
47 8
47 9
47 19
47 20
47 24
47 31
47 53
47 56
47 57
47 59
47 63
47 64
47 67
47 82
47 86
47 87
47 93
47 97
47 106
47 107
47 112
47 114
47 118
47 121
47 122
48 8
48 18
48 22
48 24
48 25
48 35
48 37
48 50
48 64
48 65
48 66
48 87
48 88
48 97
48 106
48 120
49 4
49 7
49 18
49 20
49 23
49 29
49 31
49 35
49 38
49 44
49 47
49 48
49 51
49 63
49 69
49 75
49 79
49 96
49 104
49 108
49 110
49 117
49 120
49 126
49 127
50 2
50 5
50 8
50 9
50 11
50 12
50 28
50 30
50 37
50 41
50 47
50 50
50 51
50 57
50 58
50 65
50 74
50 76
50 81
50 83
50 86
50 88
50 91
50 99
50 103
50 121
50 126
51 0
51 14
51 15
51 26
51 29
51 36
51 37
51 41
51 44
51 52
51 56
51 62
51 65
51 66
51 69
51 71
51 72
51 77
51 79
51 94
51 108
51 112
51 116
51 118
51 119
51 122
51 127
52 13
52 16
52 19
52 24
52 30
52 31
52 35
52 37
52 39
52 47
52 57
52 69
52 70
52 72
52 81
52 82
52 85
52 87
52 89
52 91
52 95
52 98
52 102
52 118
52 122
53 0
53 13
53 24
53 29
53 31
53 38
53 45
53 53
53 54
53 59
53 60
53 61
53 62
53 66
53 71
53 72
53 75
53 76
53 79
53 84
53 89
53 91
53 93
53 105
53 113
53 114
53 115
53 116
53 117
54 1
54 11
54 13
54 16
54 27
54 31
54 38
54 41
54 48
54 54
54 69
54 72
54 75
54 78
54 79
54 83
54 88
54 98
54 103
54 110
54 111
54 115
54 120
54 126
55 4
55 5
55 18
55 21
55 30
55 37
55 40
55 43
55 46
55 52
55 54
55 57
55 62
55 67
55 77
55 78
55 81
55 95
55 105
55 111
55 114
55 117
56 2
56 4
56 5
56 14
56 15
56 23
56 24
56 27
56 28
56 32
56 40
56 50
56 58
56 59
56 61
56 73
56 74
56 76
56 77
56 83
56 85
56 94
56 95
56 97
56 102
56 111
56 113
56 117
57 0
57 7
57 14
57 23
57 34
57 35
57 39
57 42
57 43
57 72
57 73
57 77
57 80
57 82
57 90
57 94
57 95
57 96
57 97
57 104
57 108
57 122
57 124
58 3
58 9
58 12
58 14
58 17
58 37
58 38
58 40
58 59
58 67
58 80
58 85
58 86
58 88
58 94
58 100
58 103
58 105
58 108
58 109
58 113
58 115
58 118
58 120
59 1
59 2
59 4
59 15
59 18
59 21
59 31
59 37
59 40
59 42
59 49
59 52
59 59
59 68
59 73
59 88
59 92
59 95
59 100
59 112
59 117
60 6
60 10
60 14
60 15
60 18
60 28
60 34
60 35
60 44
60 48
60 50
60 56
60 58
60 60
60 72
60 78
60 82
60 98
60 107
60 113
60 115
60 116
60 118
60 121
60 124
61 1
61 5
61 6
61 7
61 9
61 10
61 27
61 28
61 30
61 37
61 42
61 45
61 46
61 51
61 55
61 60
61 61
61 77
61 82
61 91
61 105
61 108
61 114
61 117
61 126
61 127
62 1
62 17
62 20
62 30
62 41
62 42
62 43
62 55
62 57
62 61
62 62
62 63
62 75
62 79
62 84
62 95
62 96
62 98
62 99
62 104
62 108
62 117
62 121
63 1
63 6
63 10
63 12
63 15
63 19
63 29
63 34
63 35
63 38
63 50
63 52
63 60
63 62
63 68
63 89
63 99
63 102
63 103
63 114
63 123
64 1
64 19
64 21
64 46
64 51
64 56
64 60
64 64
64 65
64 66
64 68
64 98
64 99
64 100
64 101
64 106
64 114
64 116
64 120
64 123
64 126
65 8
65 9
65 11
65 14
65 18
65 19
65 26
65 31
65 36
65 40
65 41
65 49
65 50
65 54
65 58
65 64
65 65
65 73
65 74
65 78
65 80
65 84
65 90
65 95
65 96
65 97
65 99
65 101
65 104
65 108
65 109
65 118
65 119
65 121
65 124
66 9
66 13
66 18
66 19
66 20
66 23
66 24
66 34
66 35
66 36
66 49
66 50
66 51
66 53
66 73
66 82
66 94
66 95
66 102
66 106
66 110
66 113
66 121
67 1
67 5
67 19
67 28
67 31
67 41
67 49
67 54
67 55
67 56
67 60
67 66
67 72
67 75
67 79
67 80
67 87
67 89
67 93
67 106
67 109
67 116
67 118
67 125
68 1
68 4
68 8
68 14
68 19
68 26
68 33
68 37
68 42
68 45
68 50
68 61
68 66
68 72
68 76
68 77
68 82
68 83
68 86
68 89
68 92
68 96
68 99
68 100
68 101
68 113
68 123
68 124
69 1
69 5
69 7
69 11
69 23
69 26
69 40
69 43
69 46
69 70
69 76
69 80
69 82
69 86
69 99
69 102
69 110
69 113
69 114
69 115
69 116
69 121
69 126
70 3
70 10
70 16
70 19
70 22
70 23
70 25
70 28
70 36
70 40
70 42
70 45
70 47
70 50
70 59
70 64
70 65
70 71
70 73
70 77
70 81
70 82
70 85
70 86
70 95
70 100
70 101
70 102
70 105
70 108
70 109
70 115
71 6
71 7
71 8
71 14
71 17
71 30
71 38
71 43
71 52
71 53
71 55
71 57
71 61
71 62
71 63
71 64
71 69
71 75
71 80
71 90
71 93
71 100
71 107
71 112
71 115
71 120
71 122
71 126
71 127
72 3
72 6
72 11
72 16
72 17
72 24
72 25
72 37
72 54
72 55
72 60
72 71
72 75
72 78
72 84
72 88
72 89
72 97
72 102
72 105
72 116
72 121
72 122
72 125
72 127
73 4
73 6
73 7
73 12
73 15
73 22
73 31
73 32
73 38
73 44
73 50
73 52
73 54
73 57
73 63
73 65
73 70
73 76
73 79
73 81
73 84
73 87
73 90
73 97
73 102
73 113
73 114
74 3
74 5
74 6
74 9
74 10
74 11
74 13
74 18
74 19
74 21
74 31
74 34
74 40
74 45
74 47
74 53
74 63
74 68
74 71
74 74
74 75
74 82
74 83
74 99
74 101
74 103
74 107
74 110
74 122
74 125
74 126
75 1
75 11
75 14
75 18
75 20
75 21
75 22
75 28
75 32
75 33
75 45
75 51
75 53
75 59
75 67
75 68
75 70
75 78
75 88
75 91
75 94
75 100
75 108
75 112
75 116
75 122
75 125
76 3
76 12
76 17
76 25
76 26
76 29
76 30
76 34
76 39
76 41
76 43
76 44
76 47
76 49
76 53
76 54
76 56
76 57
76 58
76 63
76 70
76 72
76 74
76 75
76 80
76 90
76 92
76 94
76 95
76 96
76 98
76 110
76 118
76 120
76 122
76 125
77 1
77 10
77 16
77 22
77 24
77 26
77 28
77 38
77 41
77 44
77 45
77 47
77 50
77 55
77 68
77 70
77 76
77 84
77 88
77 89
77 100
77 101
77 103
77 107
77 119
77 125
78 3
78 7
78 14
78 23
78 32
78 41
78 48
78 54
78 57
78 63
78 73
78 79
78 80
78 86
78 97
78 110
78 111
79 6
79 9
79 10
79 11
79 13
79 19
79 20
79 31
79 34
79 35
79 38
79 40
79 50
79 51
79 54
79 59
79 66
79 67
79 71
79 72
79 73
79 75
79 77
79 79
79 81
79 83
79 84
79 89
79 91
79 92
79 102
79 105
79 108
79 112
79 118
79 119
79 124
80 0
80 15
80 29
80 40
80 42
80 53
80 58
80 59
80 62
80 66
80 67
80 78
80 80
80 81
80 82
80 84
80 93
80 94
80 99
80 100
80 107
80 121
81 0
81 3
81 11
81 14
81 20
81 31
81 47
81 57
81 61
81 75
81 82
81 94
81 102
81 107
81 108
81 116
82 1
82 3
82 4
82 5
82 17
82 19
82 21
82 22
82 28
82 36
82 39
82 42
82 43
82 44
82 48
82 51
82 60
82 64
82 68
82 72
82 82
82 83
82 87
82 89
82 105
82 110
82 112
82 114
82 117
82 119
83 16
83 18
83 25
83 26
83 30
83 33
83 37
83 39
83 44
83 49
83 53
83 56
83 64
83 66
83 67
83 68
83 74
83 75
83 76
83 80
83 83
83 86
83 92
83 101
83 113
83 119
83 121
84 2
84 10
84 11
84 20
84 25
84 37
84 38
84 46
84 51
84 57
84 59
84 60
84 62
84 71
84 72
84 81
84 96
84 98
84 99
84 102
84 106
84 113
84 123
84 124
85 0
85 2
85 4
85 5
85 6
85 13
85 25
85 27
85 28
85 34
85 41
85 47
85 56
85 62
85 65
85 72
85 82
85 92
85 94
85 100
85 104
85 105
85 110
85 125
85 126
86 0
86 1
86 8
86 12
86 16
86 40
86 42
86 43
86 51
86 54
86 63
86 68
86 71
86 76
86 86
86 90
86 93
86 101
86 104
86 112
86 121
86 122
86 123
87 4
87 5
87 25
87 26
87 27
87 29
87 33
87 40
87 43
87 58
87 65
87 80
87 82
87 90
87 91
87 99
87 102
87 107
87 115
87 117
87 119
87 121
87 123
88 1
88 2
88 16
88 19
88 22
88 26
88 30
88 31
88 37
88 38
88 40
88 54
88 60
88 61
88 65
88 78
88 92
88 96
88 98
88 105
88 108
88 110
88 127
89 5
89 11
89 20
89 25
89 32
89 34
89 35
89 37
89 38
89 42
89 50
89 51
89 52
89 58
89 59
89 68
89 70
89 74
89 77
89 78
89 79
89 81
89 91
89 96
89 97
89 105
89 115
89 118
89 122
89 124
90 7
90 8
90 25
90 30
90 32
90 33
90 35
90 44
90 46
90 48
90 52
90 58
90 61
90 62
90 67
90 68
90 69
90 77
90 97
90 99
90 102
90 112
90 115
90 124
90 125
90 127
91 10
91 13
91 21
91 22
91 36
91 37
91 38
91 42
91 47
91 54
91 68
91 69
91 73
91 79
91 80
91 81
91 97
91 99
91 103
91 104
91 111
91 119
91 124
91 127
92 9
92 18
92 24
92 33
92 37
92 48
92 50
92 70
92 71
92 74
92 79
92 81
92 97
92 105
92 111
92 118
92 121
92 122
92 124
93 4
93 11
93 14
93 18
93 44
93 45
93 46
93 57
93 58
93 62
93 64
93 65
93 71
93 72
93 75
93 76
93 79
93 89
93 90
93 91
93 93
93 94
93 102
93 107
93 110
93 113
93 118
93 119
93 124
93 127
94 1
94 3
94 5
94 6
94 21
94 26
94 32
94 37
94 39
94 45
94 46
94 51
94 53
94 54
94 62
94 67
94 68
94 69
94 82
94 83
94 84
94 92
94 97
94 101
94 104
94 107
94 111
94 114
94 115
94 118
94 124
95 1
95 12
95 16
95 17
95 19
95 21
95 24
95 31
95 36
95 40
95 41
95 43
95 48
95 49
95 52
95 56
95 58
95 60
95 66
95 67
95 70
95 71
95 73
95 74
95 76
95 78
95 80
95 85
95 93
95 98
95 113
95 119
95 121
95 123
95 126
96 3
96 14
96 17
96 34
96 36
96 38
96 62
96 63
96 67
96 79
96 82
96 86
96 102
96 104
96 117
97 0
97 25
97 26
97 31
97 43
97 48
97 50
97 59
97 60
97 61
97 67
97 76
97 82
97 84
97 86
97 87
97 93
97 103
97 115
97 121
98 5
98 10
98 19
98 20
98 23
98 30
98 32
98 33
98 40
98 41
98 46
98 53
98 65
98 74
98 80
98 82
98 88
98 91
98 103
98 105
98 113
98 123
99 2
99 19
99 21
99 24
99 34
99 43
99 55
99 58
99 59
99 62
99 63
99 65
99 72
99 74
99 84
99 90
99 91
99 93
99 99
99 100
99 107
99 110
99 112
99 114
99 118
99 122
99 124
100 2
100 3
100 5
100 6
100 9
100 10
100 16
100 18
100 21
100 38
100 39
100 40
100 44
100 45
100 47
100 69
100 72
100 76
100 77
100 82
100 91
100 103
100 105
100 113
100 116
100 126
101 8
101 16
101 18
101 19
101 22
101 24
101 46
101 55
101 56
101 60
101 63
101 66
101 72
101 75
101 79
101 80
101 100
101 103
101 104
101 113
101 118
101 120
101 122
101 123
101 127
102 0
102 7
102 10
102 12
102 15
102 18
102 19
102 22
102 23
102 31
102 42
102 43
102 48
102 50
102 51
102 52
102 60
102 61
102 70
102 74
102 80
102 82
102 90
102 97
102 98
102 99
102 104
102 105
102 108
102 112
102 121
102 127
103 2
103 5
103 6
103 13
103 16
103 17
103 18
103 19
103 24
103 32
103 41
103 50
103 52
103 75
103 76
103 78
103 80
103 81
103 82
103 83
103 85
103 91
103 109
103 115
103 119
103 120
103 121
103 124
103 125
103 126
104 10
104 12
104 14
104 16
104 32
104 34
104 38
104 47
104 56
104 59
104 64
104 65
104 66
104 68
104 84
104 88
104 100
104 102
104 106
104 112
104 119
104 123
105 5
105 10
105 16
105 36
105 44
105 45
105 51
105 66
105 68
105 71
105 72
105 77
105 78
105 79
105 81
105 82
105 83
105 84
105 87
105 89
105 92
105 93
105 100
105 104
105 106
105 109
105 111
105 112
105 115
105 124
105 125
105 126
106 2
106 4
106 8
106 9
106 13
106 26
106 42
106 43
106 47
106 49
106 53
106 59
106 63
106 64
106 72
106 75
106 76
106 81
106 82
106 83
106 90
106 94
106 97
106 101
106 103
106 104
106 106
106 109
106 110
106 112
106 114
106 119
106 122
106 124
106 127
107 3
107 5
107 10
107 12
107 19
107 29
107 30
107 33
107 34
107 41
107 47
107 51
107 52
107 66
107 67
107 69
107 74
107 76
107 80
107 81
107 86
107 91
107 98
107 102
107 113
107 120
108 0
108 11
108 21
108 25
108 26
108 31
108 39
108 48
108 49
108 51
108 57
108 70
108 73
108 77
108 92
108 93
108 94
108 100
108 103
108 108
109 4
109 10
109 11
109 20
109 22
109 23
109 29
109 30
109 32
109 35
109 38
109 39
109 42
109 45
109 46
109 56
109 64
109 65
109 66
109 73
109 81
109 84
109 87
109 91
109 101
109 103
109 108
109 109
109 115
109 118
110 4
110 5
110 15
110 26
110 27
110 28
110 43
110 51
110 74
110 75
110 76
110 81
110 95
110 104
110 106
110 111
110 113
110 121
110 124
111 0
111 16
111 24
111 28
111 31
111 38
111 40
111 41
111 42
111 43
111 44
111 48
111 55
111 56
111 60
111 61
111 66
111 67
111 69
111 96
111 97
111 102
111 106
111 107
111 109
111 110
111 111
111 112
111 122
111 125
112 0
112 14
112 17
112 24
112 39
112 47
112 50
112 51
112 55
112 58
112 69
112 70
112 79
112 80
112 86
112 89
112 90
112 92
112 95
112 107
112 110
112 119
112 120
113 12
113 16
113 17
113 19
113 23
113 26
113 33
113 39
113 50
113 53
113 63
113 67
113 69
113 83
113 84
113 86
113 88
113 90
113 105
113 109
113 113
113 123
113 125
113 127
114 10
114 16
114 22
114 28
114 41
114 42
114 45
114 50
114 54
114 68
114 80
114 81
114 84
114 95
114 98
114 101
114 102
114 111
114 112
114 121
114 124
115 15
115 20
115 28
115 30
115 34
115 39
115 40
115 42
115 43
115 49
115 51
115 53
115 55
115 59
115 68
115 69
115 73
115 91
115 98
115 99
115 116
115 120
116 4
116 8
116 15
116 17
116 20
116 31
116 39
116 42
116 43
116 46
116 63
116 66
116 70
116 72
116 73
116 90
116 94
116 95
116 110
116 126
117 3
117 5
117 7
117 12
117 23
117 27
117 38
117 42
117 44
117 48
117 49
117 58
117 70
117 71
117 76
117 78
117 81
117 84
117 85
117 86
117 92
117 94
117 95
117 97
117 107
118 1
118 4
118 9
118 14
118 16
118 30
118 35
118 38
118 42
118 52
118 68
118 76
118 80
118 92
118 95
118 110
118 112
119 2
119 7
119 10
119 11
119 27
119 33
119 36
119 44
119 55
119 59
119 63
119 68
119 71
119 74
119 83
119 87
119 90
119 95
119 102
119 113
119 115
119 122
119 126
120 0
120 2
120 12
120 14
120 33
120 36
120 40
120 49
120 52
120 54
120 57
120 59
120 67
120 72
120 82
120 109
120 112
120 115
120 118
120 127
121 1
121 4
121 11
121 12
121 13
121 21
121 23
121 30
121 32
121 37
121 38
121 39
121 48
121 52
121 55
121 73
121 77
121 82
121 84
121 86
121 90
121 95
121 96
121 97
121 103
121 110
121 118
121 120
121 122
122 6
122 10
122 11
122 12
122 13
122 15
122 16
122 21
122 22
122 23
122 27
122 29
122 32
122 33
122 34
122 39
122 41
122 42
122 45
122 47
122 48
122 56
122 59
122 62
122 72
122 78
122 80
122 82
122 93
122 95
122 96
122 104
122 106
122 117
123 17
123 19
123 28
123 30
123 35
123 42
123 43
123 50
123 54
123 62
123 71
123 72
123 76
123 87
123 91
123 93
123 94
123 101
123 103
123 107
123 108
123 109
123 114
123 116
123 117
123 119
123 123
124 0
124 10
124 11
124 19
124 21
124 22
124 23
124 27
124 39
124 44
124 46
124 48
124 55
124 65
124 66
124 70
124 75
124 87
124 114
124 116
124 117
124 124
124 126
125 7
125 8
125 9
125 14
125 15
125 21
125 23
125 43
125 44
125 47
125 56
125 62
125 77
125 79
125 84
125 89
125 104
125 105
125 107
125 118
125 121
125 124
126 3
126 4
126 10
126 14
126 22
126 24
126 26
126 27
126 44
126 51
126 57
126 59
126 61
126 62
126 67
126 70
126 71
126 74
126 85
126 93
126 94
126 99
126 102
126 103
126 107
126 120
126 123
127 3
127 8
127 12
127 19
127 20
127 27
127 32
127 33
127 40
127 43
127 45
127 52
127 54
127 55
127 64
127 70
127 73
127 82
127 84
127 86
127 99
127 100
127 102
127 117
127 122
