0 2
0 32
0 35
0 37
0 40
0 41
0 43
0 45
0 51
0 58
0 60
0 63
0 68
0 91
0 97
0 98
0 99
0 109
0 121
0 122
0 123
0 125
1 1
1 10
1 15
1 22
1 29
1 39
1 45
1 54
1 58
1 59
1 60
1 63
1 70
1 73
1 76
1 105
1 108
1 109
1 115
1 121
1 125
2 5
2 22
2 23
2 24
2 27
2 30
2 35
2 41
2 72
2 74
2 81
2 82
2 87
2 92
2 93
2 102
2 117
2 123
3 2
3 3
3 23
3 31
3 40
3 44
3 48
3 51
3 56
3 67
3 69
3 87
3 96
3 97
3 99
3 110
3 117
3 124
3 125
4 0
4 3
4 4
4 5
4 28
4 30
4 36
4 37
4 41
4 49
4 51
4 55
4 67
4 82
4 100
4 108
4 121
5 2
5 6
5 15
5 28
5 29
5 34
5 40
5 43
5 45
5 48
5 56
5 59
5 61
5 76
5 87
5 88
5 91
5 95
5 107
5 115
5 119
5 123
5 127
6 9
6 12
6 28
6 34
6 41
6 57
6 62
6 64
6 80
6 83
6 86
6 87
6 89
6 94
6 99
6 113
6 123
6 124
7 1
7 2
7 9
7 14
7 19
7 22
7 29
7 36
7 40
7 42
7 45
7 55
7 57
7 61
7 68
7 74
7 89
7 90
7 94
7 104
7 112
7 125
7 126
8 7
8 11
8 13
8 14
8 22
8 37
8 40
8 44
8 47
8 48
8 50
8 53
8 79
8 81
8 89
8 91
8 98
8 100
8 110
8 120
9 1
9 3
9 24
9 29
9 35
9 37
9 39
9 41
9 47
9 48
9 74
9 77
9 82
9 103
9 105
9 113
9 116
10 6
10 13
10 16
10 28
10 32
10 46
10 47
10 49
10 51
10 53
10 63
10 69
10 72
10 73
10 76
10 87
10 88
10 91
10 114
11 0
11 3
11 5
11 7
11 11
11 14
11 17
11 31
11 33
11 37
11 38
11 52
11 59
11 77
11 78
11 84
11 91
11 93
11 94
11 96
11 97
11 98
11 102
11 115
11 118
11 119
11 124
12 14
12 19
12 20
12 22
12 32
12 35
12 38
12 48
12 49
12 75
12 76
12 77
12 88
12 100
12 101
12 105
12 106
12 111
12 119
12 124
13 4
13 14
13 16
13 19
13 20
13 30
13 43
13 53
13 56
13 63
13 80
13 83
13 95
13 110
13 126
14 0
14 3
14 7
14 25
14 34
14 42
14 56
14 64
14 81
14 82
14 83
14 91
14 94
14 95
14 98
14 99
14 106
14 109
14 116
14 120
15 8
15 10
15 16
15 36
15 41
15 46
15 54
15 60
15 62
15 63
15 69
15 79
15 80
15 82
15 86
15 88
15 90
15 100
15 103
15 106
16 2
16 4
16 10
16 18
16 22
16 35
16 42
16 54
16 57
16 92
16 101
16 105
16 107
17 2
17 14
17 25
17 28
17 38
17 54
17 60
17 65
17 70
17 72
17 73
17 78
17 82
17 84
17 89
17 93
17 105
17 118
17 121
18 4
18 10
18 17
18 23
18 24
18 25
18 26
18 34
18 36
18 44
18 52
18 60
18 62
18 89
18 90
18 98
18 100
18 102
18 103
18 105
18 112
19 14
19 17
19 28
19 32
19 38
19 42
19 46
19 50
19 57
19 59
19 65
19 82
19 85
19 105
19 111
19 118
19 120
19 126
20 6
20 8
20 13
20 29
20 31
20 41
20 47
20 51
20 84
20 89
20 94
20 97
20 103
20 104
20 115
20 116
20 124
21 4
21 6
21 13
21 14
21 19
21 24
21 28
21 37
21 40
21 44
21 50
21 55
21 56
21 62
21 67
21 70
21 76
21 80
21 86
21 99
21 101
21 102
21 106
21 117
21 119
22 7
22 15
22 25
22 27
22 28
22 43
22 65
22 77
22 78
22 79
22 82
22 85
22 97
22 99
22 103
22 107
22 111
22 123
22 125
23 2
23 13
23 16
23 18
23 26
23 50
23 57
23 58
23 63
23 67
23 81
23 90
23 98
23 106
23 107
23 117
23 119
23 122
23 124
23 126
24 1
24 9
24 10
24 11
24 14
24 27
24 40
24 45
24 58
24 68
24 70
24 71
24 75
24 83
24 86
24 87
24 91
24 96
24 103
24 121
25 15
25 26
25 27
25 34
25 35
25 39
25 43
25 45
25 52
25 59
25 60
25 63
25 70
25 72
25 92
25 100
25 105
25 108
25 113
25 115
25 124
26 12
26 18
26 30
26 33
26 40
26 44
26 46
26 49
26 58
26 62
26 67
26 69
26 73
26 78
26 80
26 87
26 88
26 89
26 94
26 110
26 114
26 115
26 118
27 7
27 10
27 21
27 30
27 35
27 41
27 55
27 56
27 63
27 72
27 75
27 78
27 80
27 86
27 95
27 99
27 102
27 111
27 126
28 3
28 9
28 11
28 19
28 28
28 34
28 41
28 43
28 51
28 58
28 70
28 76
28 81
28 92
28 94
28 95
28 96
28 100
28 110
28 117
29 9
29 26
29 34
29 37
29 68
29 72
29 77
29 81
29 86
29 87
29 89
29 94
29 103
29 108
29 109
29 121
30 7
30 15
30 17
30 20
30 22
30 24
30 25
30 26
30 30
30 40
30 43
30 46
30 47
30 56
30 57
30 61
30 63
30 67
30 73
30 74
30 80
30 92
30 93
30 96
30 118
30 125
31 0
31 5
31 13
31 17
31 23
31 29
31 30
31 33
31 35
31 43
31 56
31 57
31 59
31 75
31 79
31 81
31 82
31 89
31 101
31 117
31 118
31 120
31 122
32 1
32 3
32 15
32 17
32 18
32 19
32 22
32 30
32 36
32 40
32 44
32 61
32 63
32 64
32 77
32 87
32 88
32 89
32 102
32 106
32 123
32 124
32 125
33 2
33 4
33 6
33 44
33 45
33 48
33 51
33 59
33 61
33 64
33 74
33 86
33 91
33 95
33 101
33 112
33 116
33 121
33 126
34 8
34 15
34 21
34 22
34 34
34 35
34 36
34 48
34 57
34 59
34 64
34 65
34 70
34 71
34 91
34 98
34 108
34 110
34 113
34 122
35 3
35 7
35 12
35 30
35 42
35 53
35 57
35 60
35 70
35 71
35 76
35 99
35 105
35 106
35 115
35 125
36 0
36 13
36 18
36 21
36 32
36 37
36 39
36 48
36 49
36 57
36 63
36 69
36 78
36 79
36 87
36 105
36 114
36 123
36 127
37 1
37 2
37 5
37 8
37 14
37 23
37 24
37 25
37 46
37 49
37 52
37 56
37 58
37 68
37 70
37 72
37 76
37 81
37 82
37 89
37 93
37 103
37 109
37 111
37 127
38 1
38 4
38 15
38 20
38 22
38 31
38 32
38 34
38 40
38 42
38 44
38 47
38 53
38 54
38 67
38 72
38 74
38 82
38 92
38 99
38 100
38 105
38 108
38 119
38 123
38 125
39 2
39 9
39 11
39 13
39 18
39 31
39 35
39 38
39 44
39 48
39 49
39 54
39 58
39 68
39 81
39 89
39 100
39 103
39 106
39 125
40 3
40 12
40 19
40 21
40 30
40 35
40 37
40 43
40 44
40 46
40 59
40 61
40 66
40 70
40 105
40 107
40 110
40 121
40 127
41 3
41 26
41 28
41 30
41 35
41 37
41 38
41 40
41 48
41 67
41 68
41 71
41 75
41 84
41 89
41 93
41 101
41 103
41 107
41 117
41 125
42 5
42 7
42 10
42 21
42 32
42 57
42 61
42 62
42 70
42 85
42 87
42 96
42 97
42 98
42 100
42 107
42 120
42 126
43 2
43 7
43 8
43 12
43 20
43 26
43 28
43 34
43 36
43 40
43 41
43 53
43 68
43 75
43 93
43 110
43 112
43 113
43 114
43 121
44 2
44 31
44 33
44 34
44 59
44 62
44 66
44 75
44 82
44 85
44 87
44 88
44 90
44 108
44 120
44 124
45 1
45 2
45 13
45 28
45 31
45 38
45 40
45 45
45 63
45 70
45 77
45 92
45 99
45 101
45 104
45 107
45 108
45 110
45 111
45 117
45 118
45 125
46 9
46 21
46 26
46 27
46 35
46 41
46 45
46 75
46 78
46 83
46 84
46 85
46 87
46 95
46 105
46 107
46 108
46 109
46 118
46 123
47 0
47 3
47 13
47 17
47 18
47 22
47 35
47 43
47 54
47 59
47 65
47 83
47 84
47 85
47 86
47 88
47 91
47 102
47 103
47 115
48 11
48 12
48 19
48 31
48 32
48 38
48 51
48 58
48 64
48 70
48 80
48 81
48 84
48 90
48 97
48 119
49 0
49 2
49 7
49 16
49 18
49 24
49 36
49 41
49 44
49 45
49 47
49 48
49 49
49 52
49 60
49 61
49 70
49 71
49 74
49 95
49 110
49 114
50 1
50 8
50 20
50 27
50 28
50 32
50 39
50 40
50 42
50 55
50 61
50 73
50 83
50 86
50 114
50 116
50 123
50 127
51 16
51 17
51 21
51 26
51 27
51 30
51 44
51 48
51 54
51 57
51 59
51 60
51 77
51 102
51 106
51 114
51 123
52 7
52 8
52 21
52 35
52 42
52 54
52 70
52 71
52 76
52 77
52 79
52 85
52 90
52 104
52 115
52 116
52 124
52 126
52 127
53 0
53 13
53 14
53 19
53 25
53 28
53 30
53 34
53 39
53 55
53 63
53 68
53 71
53 74
53 76
53 84
53 87
53 89
53 90
53 95
53 103
53 124
53 125
53 126
54 0
54 11
54 12
54 13
54 15
54 16
54 25
54 30
54 33
54 57
54 80
54 87
54 103
54 108
54 119
54 121
55 0
55 6
55 7
55 8
55 16
55 23
55 32
55 50
55 53
55 56
55 82
55 83
55 84
55 87
55 93
55 104
55 105
55 106
55 109
55 114
55 116
55 119
55 121
56 1
56 3
56 9
56 13
56 16
56 20
56 29
56 31
56 33
56 44
56 63
56 68
56 77
56 85
56 88
56 96
56 97
56 107
56 111
56 118
56 124
57 1
57 6
57 12
57 15
57 29
57 32
57 34
57 50
57 53
57 67
57 77
57 79
57 94
57 97
57 99
57 127
58 1
58 18
58 20
58 27
58 42
58 50
58 51
58 66
58 69
58 73
58 81
58 82
58 94
58 107
58 114
58 124
58 125
59 1
59 16
59 18
59 22
59 23
59 29
59 49
59 56
59 62
59 67
59 75
59 79
59 80
59 81
59 88
59 89
59 99
59 100
59 106
59 126
60 19
60 20
60 21
60 24
60 37
60 56
60 57
60 76
60 80
60 112
60 117
60 118
60 122
61 11
61 18
61 19
61 22
61 24
61 30
61 35
61 47
61 48
61 49
61 50
61 51
61 57
61 71
61 73
61 74
61 84
61 87
61 90
61 91
61 92
61 104
61 112
61 124
62 1
62 13
62 17
62 20
62 23
62 25
62 47
62 59
62 83
62 92
62 104
62 111
62 113
62 120
62 121
62 123
63 5
63 13
63 25
63 26
63 27
63 29
63 31
63 40
63 41
63 48
63 64
63 65
63 68
63 75
63 76
63 79
63 91
63 97
63 102
63 106
63 107
63 116
63 119
63 122
63 123
63 125
63 126
64 6
64 16
64 20
64 26
64 32
64 34
64 37
64 39
64 41
64 42
64 59
64 79
64 89
64 90
64 102
64 105
64 107
64 118
65 5
65 6
65 20
65 21
65 25
65 26
65 57
65 71
65 79
65 90
65 96
65 105
65 109
65 110
65 111
65 112
65 113
65 125
66 17
66 22
66 26
66 32
66 38
66 43
66 44
66 45
66 48
66 50
66 64
66 69
66 76
66 79
66 84
66 85
66 86
66 87
66 93
66 95
66 96
66 113
66 115
66 127
67 10
67 12
67 13
67 16
67 25
67 26
67 38
67 41
67 46
67 50
67 60
67 73
67 76
67 81
67 89
67 98
67 108
67 109
67 121
67 124
67 126
67 127
68 16
68 20
68 23
68 33
68 36
68 40
68 41
68 44
68 50
68 52
68 79
68 86
68 97
68 101
68 122
69 1
69 3
69 7
69 25
69 27
69 34
69 36
69 38
69 44
69 47
69 52
69 71
69 77
69 96
69 105
69 118
69 123
69 125
70 5
70 23
70 39
70 61
70 63
70 64
70 65
70 66
70 69
70 72
70 75
70 79
70 88
70 118
71 0
71 4
71 13
71 14
71 15
71 20
71 33
71 50
71 51
71 54
71 67
71 68
71 70
71 76
71 78
71 80
71 89
71 96
71 103
71 104
71 107
71 110
71 113
71 121
71 122
71 123
71 127
72 1
72 7
72 14
72 20
72 24
72 25
72 26
72 44
72 52
72 64
72 67
72 69
72 81
72 89
72 102
72 127
73 5
73 9
73 11
73 14
73 25
73 28
73 31
73 64
73 67
73 81
73 89
73 98
73 103
73 121
73 123
73 125
74 3
74 11
74 12
74 29
74 31
74 39
74 48
74 51
74 52
74 61
74 70
74 71
74 80
74 97
74 98
74 102
74 103
74 120
74 122
74 126
74 127
75 8
75 12
75 18
75 19
75 30
75 38
75 46
75 57
75 61
75 62
75 66
75 71
75 72
75 74
75 75
75 88
75 92
75 95
75 99
75 106
75 124
75 126
76 7
76 17
76 26
76 27
76 30
76 59
76 60
76 63
76 71
76 73
76 75
76 82
76 84
76 115
76 123
77 9
77 10
77 17
77 21
77 23
77 31
77 35
77 44
77 45
77 61
77 63
77 64
77 67
77 70
77 75
77 80
77 88
77 107
77 113
78 3
78 7
78 8
78 15
78 19
78 39
78 41
78 49
78 59
78 82
78 86
78 87
78 91
78 92
78 103
78 104
78 107
78 111
78 126
79 1
79 3
79 9
79 10
79 16
79 19
79 23
79 24
79 26
79 27
79 43
79 45
79 55
79 65
79 72
79 75
79 77
79 104
79 107
79 109
79 112
79 114
79 117
79 120
80 19
80 21
80 22
80 49
80 50
80 52
80 56
80 68
80 76
80 83
80 84
80 95
80 100
80 103
80 105
80 116
80 120
80 122
80 124
81 3
81 10
81 16
81 26
81 29
81 60
81 63
81 65
81 67
81 70
81 88
81 91
81 103
81 106
81 115
81 126
82 3
82 14
82 16
82 28
82 30
82 37
82 38
82 40
82 49
82 57
82 68
82 83
82 87
82 92
82 105
82 117
82 118
83 7
83 11
83 13
83 18
83 20
83 24
83 27
83 34
83 36
83 41
83 43
83 44
83 47
83 56
83 59
83 63
83 64
83 66
83 68
83 72
83 81
83 83
83 88
84 2
84 4
84 17
84 19
84 22
84 23
84 36
84 43
84 54
84 56
84 71
84 72
84 74
84 75
84 77
84 83
84 86
84 89
84 95
84 114
84 118
84 126
85 26
85 27
85 34
85 42
85 51
85 63
85 67
85 73
85 81
85 83
85 94
85 98
85 100
85 102
85 106
85 108
85 113
85 121
85 125
86 0
86 20
86 22
86 25
86 32
86 37
86 39
86 46
86 55
86 67
86 68
86 77
86 91
86 97
86 98
86 99
86 107
86 122
87 7
87 14
87 28
87 32
87 33
87 35
87 39
87 40
87 49
87 50
87 51
87 57
87 58
87 59
87 60
87 64
87 68
87 75
87 77
87 82
87 121
88 2
88 15
88 19
88 20
88 25
88 29
88 32
88 43
88 47
88 54
88 73
88 82
88 96
88 102
88 108
89 2
89 15
89 17
89 20
89 25
89 30
89 41
89 45
89 47
89 66
89 70
89 73
89 80
89 103
89 116
89 120
89 127
90 1
90 2
90 3
90 18
90 22
90 27
90 28
90 39
90 41
90 44
90 50
90 53
90 67
90 70
90 78
90 86
90 88
90 90
90 91
90 101
90 108
90 116
90 124
90 126
91 8
91 25
91 54
91 63
91 65
91 81
91 84
91 97
91 98
91 111
91 115
91 117
92 9
92 20
92 30
92 32
92 33
92 50
92 53
92 56
92 80
92 85
92 89
92 91
92 92
92 95
92 98
92 115
93 2
93 12
93 13
93 19
93 24
93 31
93 35
93 37
93 38
93 43
93 57
93 68
93 72
93 76
93 80
93 82
93 86
93 91
93 94
93 107
93 108
93 115
93 120
93 122
93 124
93 126
94 2
94 3
94 5
94 7
94 14
94 18
94 21
94 30
94 37
94 38
94 39
94 41
94 48
94 49
94 51
94 65
94 70
94 72
94 76
94 87
94 90
94 97
94 98
94 112
94 120
94 121
94 126
95 6
95 10
95 12
95 13
95 29
95 30
95 35
95 36
95 44
95 51
95 56
95 63
95 65
95 72
95 80
95 92
95 101
95 111
96 24
96 27
96 37
96 44
96 60
96 61
96 74
96 78
96 85
96 89
96 90
96 103
96 107
96 108
96 116
97 1
97 9
97 18
97 22
97 34
97 37
97 47
97 52
97 71
97 73
97 74
97 80
97 84
97 86
97 100
97 101
97 102
97 117
97 121
98 6
98 12
98 13
98 15
98 25
98 35
98 47
98 57
98 60
98 61
98 72
98 79
98 83
98 90
98 102
98 106
98 107
98 111
98 120
98 126
98 127
99 4
99 9
99 13
99 15
99 16
99 20
99 22
99 28
99 31
99 32
99 37
99 53
99 63
99 72
99 74
99 79
99 85
99 88
99 99
99 102
99 106
99 112
99 114
99 123
100 3
100 6
100 11
100 20
100 29
100 34
100 48
100 51
100 53
100 58
100 63
100 67
100 77
100 78
100 82
100 83
100 86
100 89
100 91
100 94
100 97
100 112
100 114
100 123
101 2
101 29
101 38
101 39
101 47
101 57
101 60
101 69
101 72
101 75
101 79
101 86
101 97
101 113
101 127
102 2
102 18
102 24
102 31
102 46
102 54
102 55
102 63
102 84
102 106
102 113
102 121
103 16
103 28
103 36
103 51
103 69
103 76
103 79
103 120
104 3
104 15
104 16
104 22
104 29
104 36
104 49
104 54
104 57
104 78
104 79
104 82
104 83
104 91
104 93
104 95
104 98
104 100
104 110
104 121
104 122
104 123
105 3
105 24
105 28
105 30
105 31
105 39
105 50
105 61
105 67
105 70
105 78
105 80
105 81
105 83
105 88
105 102
105 111
105 122
106 5
106 9
106 11
106 13
106 33
106 43
106 44
106 53
106 54
106 61
106 73
106 75
106 103
106 108
106 110
106 112
106 115
106 117
106 121
107 1
107 18
107 37
107 47
107 49
107 60
107 74
107 79
107 95
107 103
107 110
107 113
107 114
108 8
108 24
108 43
108 47
108 52
108 62
108 65
108 79
108 88
108 95
108 101
108 111
108 120
109 6
109 14
109 24
109 29
109 36
109 38
109 51
109 56
109 60
109 64
109 69
109 98
109 100
109 108
109 111
109 117
110 0
110 1
110 16
110 20
110 23
110 26
110 39
110 48
110 50
110 52
110 57
110 63
110 64
110 69
110 75
110 84
110 85
110 97
110 102
110 106
110 108
110 118
111 1
111 8
111 12
111 20
111 31
111 35
111 36
111 37
111 43
111 67
111 72
111 92
111 93
111 95
111 101
111 107
111 121
111 123
112 7
112 23
112 35
112 58
112 61
112 77
112 81
112 86
112 88
112 91
112 92
112 103
112 108
112 121
112 124
112 125
113 0
113 9
113 12
113 16
113 22
113 51
113 59
113 73
113 75
113 76
113 84
113 90
113 99
113 101
113 112
113 118
114 1
114 17
114 20
114 27
114 41
114 43
114 45
114 48
114 62
114 68
114 90
114 94
114 110
114 113
114 114
114 127
115 1
115 2
115 6
115 10
115 13
115 17
115 27
115 31
115 38
115 40
115 41
115 45
115 49
115 58
115 66
115 73
115 82
115 88
115 107
115 110
115 112
115 114
115 117
115 124
116 1
116 17
116 26
116 27
116 28
116 35
116 60
116 62
116 72
116 74
116 80
116 81
116 85
116 92
116 93
116 95
116 103
116 104
116 112
116 115
116 119
117 8
117 9
117 10
117 14
117 21
117 25
117 26
117 28
117 49
117 52
117 74
117 75
117 86
117 90
117 109
117 116
118 5
118 6
118 8
118 10
118 13
118 23
118 28
118 32
118 48
118 54
118 55
118 58
118 67
118 88
118 90
118 98
118 107
118 115
118 116
118 122
118 126
118 127
119 7
119 8
119 12
119 15
119 23
119 29
119 43
119 47
119 51
119 52
119 64
119 84
119 91
119 103
119 116
120 2
120 7
120 14
120 18
120 21
120 36
120 40
120 79
120 85
120 90
120 91
120 96
120 116
120 120
120 121
121 1
121 10
121 32
121 36
121 40
121 43
121 45
121 46
121 52
121 53
121 63
121 64
121 65
121 72
121 86
121 92
121 100
121 105
121 108
121 112
122 1
122 2
122 4
122 7
122 24
122 29
122 39
122 40
122 42
122 46
122 50
122 73
122 87
122 90
123 16
123 24
123 25
123 39
123 47
123 52
123 61
123 63
123 76
123 94
123 98
123 108
123 109
123 118
123 119
123 124
124 3
124 10
124 11
124 19
124 28
124 29
124 34
124 35
124 44
124 47
124 48
124 49
124 52
124 55
124 56
124 61
124 71
124 78
124 80
124 81
124 85
124 90
124 91
124 93
124 98
124 99
124 104
124 107
124 110
124 126
125 11
125 36
125 38
125 41
125 42
125 48
125 49
125 60
125 65
125 76
125 78
125 94
125 116
125 125
125 126
126 10
126 18
126 26
126 41
126 42
126 50
126 72
126 76
126 86
126 87
126 89
126 103
126 109
126 114
126 123
127 10
127 34
127 40
127 48
127 51
127 54
127 58
127 60
127 63
127 75
127 81
127 98
127 99
127 103
127 106
127 107
127 108
127 117
