0 9
0 10
0 25
0 29
0 47
0 52
0 64
0 73
0 75
0 79
0 80
0 89
0 96
0 102
0 105
0 106
0 113
0 125
1 23
1 25
1 39
1 46
1 49
1 69
1 70
1 81
1 88
1 96
1 106
1 109
1 115
1 118
1 121
2 1
2 8
2 10
2 19
2 26
2 39
2 42
2 86
2 105
3 0
3 14
3 21
3 25
3 43
3 44
3 59
3 61
3 63
3 64
3 67
3 68
3 77
3 82
3 109
3 114
3 117
4 2
4 7
4 8
4 17
4 48
4 50
4 61
4 67
4 76
4 78
4 82
4 87
4 88
4 99
4 108
4 113
4 123
5 2
5 3
5 10
5 12
5 38
5 53
5 67
5 71
5 78
5 96
5 97
5 125
6 2
6 11
6 15
6 17
6 31
6 43
6 49
6 50
6 70
6 80
6 87
6 112
6 116
6 121
7 5
7 6
7 47
7 50
7 54
7 57
7 86
7 91
7 92
7 93
7 115
7 117
8 13
8 25
8 33
8 54
8 58
8 72
8 86
8 95
8 107
8 116
8 122
9 7
9 11
9 22
9 23
9 45
9 63
10 32
10 34
10 44
10 45
10 47
10 68
10 74
10 76
10 84
10 86
10 88
10 97
10 111
10 117
11 5
11 12
11 25
11 33
11 37
11 55
11 56
11 57
11 60
11 62
11 65
11 82
11 94
11 96
11 101
11 108
11 111
11 113
11 119
12 38
12 51
12 53
12 59
12 64
12 67
12 69
12 70
12 81
12 82
12 105
12 106
12 107
12 124
13 8
13 17
13 25
13 34
13 36
13 71
13 81
13 93
13 100
13 101
13 117
14 8
14 11
14 32
14 67
14 127
15 46
15 48
15 54
15 59
15 61
15 65
15 85
15 88
15 95
15 112
15 114
15 119
15 120
16 17
16 21
16 41
16 58
16 73
16 84
16 88
16 101
16 114
17 1
17 2
17 27
17 36
17 53
17 64
17 77
17 83
17 88
17 94
17 111
17 121
17 122
18 6
18 7
18 12
18 41
18 58
18 62
18 78
18 79
18 81
18 110
19 13
19 17
19 23
19 25
19 26
19 37
19 39
19 43
19 53
19 72
19 74
19 75
19 80
19 91
19 126
20 20
20 22
20 31
20 32
20 40
20 52
20 61
20 66
20 86
20 99
20 105
20 109
20 112
20 116
20 126
21 15
21 24
21 30
21 35
21 44
21 46
21 56
21 63
21 75
21 81
21 88
21 96
21 105
21 108
21 122
22 5
22 8
22 51
22 55
22 75
22 104
22 111
22 124
22 125
23 1
23 15
23 22
23 25
23 30
23 35
23 36
23 39
23 41
23 47
23 52
23 68
23 76
23 77
23 81
23 82
23 85
23 94
23 100
23 118
24 18
24 25
24 28
24 32
24 35
24 36
24 55
24 57
24 66
24 72
24 82
24 86
24 87
24 88
24 89
24 93
24 94
24 112
24 115
24 127
25 5
25 9
25 19
25 32
25 37
25 40
25 42
25 51
25 63
25 81
25 87
25 88
25 93
25 97
25 99
25 106
25 123
26 2
26 27
26 28
26 39
26 44
26 45
26 62
26 107
26 116
26 118
26 121
27 31
27 38
27 39
27 52
27 55
27 57
27 87
27 91
27 97
27 103
28 32
28 33
28 58
28 62
28 73
28 75
28 79
28 121
28 122
29 39
29 40
29 49
29 57
29 75
29 77
29 82
29 89
29 108
30 4
30 6
30 22
30 23
30 42
30 60
30 79
30 89
30 92
30 97
30 106
30 116
30 119
30 124
31 13
31 41
31 95
31 117
32 26
32 35
32 42
32 44
32 54
32 58
32 73
32 84
32 85
32 89
32 108
32 113
33 0
33 49
33 63
33 64
33 67
33 84
33 93
33 96
33 112
34 3
34 59
34 60
34 71
34 72
34 89
34 105
34 109
34 112
34 119
35 43
35 62
35 73
35 76
35 89
35 91
36 38
36 53
36 57
36 65
36 69
36 72
36 76
36 78
36 92
36 114
36 121
37 9
37 21
37 31
37 32
37 44
37 45
37 46
37 52
37 58
37 69
37 87
37 92
37 113
37 117
38 0
38 11
38 40
38 44
38 52
38 54
38 56
38 61
38 79
38 99
38 101
38 103
38 126
39 6
39 7
39 30
39 51
39 55
39 69
39 72
39 78
39 87
39 89
39 92
39 108
39 109
39 115
39 121
40 1
40 5
40 9
40 20
40 26
40 35
40 58
40 66
40 84
40 90
40 109
40 116
40 118
41 2
41 13
41 16
41 25
41 27
41 40
41 49
41 60
41 62
41 63
41 75
41 80
41 84
41 92
41 98
41 103
41 106
41 108
42 4
42 5
42 28
42 29
42 30
42 32
42 43
42 45
42 46
42 49
42 62
42 71
42 82
42 88
42 89
42 116
42 118
42 121
43 3
43 4
43 21
43 64
43 68
43 72
43 73
43 101
43 102
44 7
44 8
44 11
44 14
44 26
44 31
44 34
44 41
44 62
44 66
44 67
44 75
44 76
44 88
44 100
44 101
44 103
44 107
44 110
44 118
45 2
45 7
45 20
45 24
45 33
45 47
45 55
45 64
45 77
45 85
45 95
45 106
45 110
45 124
46 4
46 6
46 21
46 27
46 34
46 38
46 47
46 49
46 78
46 81
46 112
46 126
47 4
47 5
47 17
47 25
47 26
47 34
47 38
47 49
47 62
47 84
47 93
47 96
47 111
47 113
47 116
47 123
48 2
48 13
48 14
48 47
48 66
48 69
48 89
48 90
48 93
48 94
48 106
48 108
48 111
48 112
48 122
48 127
49 1
49 30
49 45
49 46
49 68
49 76
49 81
49 107
49 109
50 4
50 32
50 35
50 80
50 83
50 84
50 89
50 95
50 103
50 104
50 105
50 110
50 122
51 9
51 14
51 16
51 18
51 20
51 35
51 48
51 64
51 72
51 76
51 82
51 96
51 98
51 107
51 109
51 120
51 124
52 3
52 22
52 23
52 50
52 65
52 66
52 86
52 88
52 96
52 103
52 107
52 109
52 118
52 119
52 122
53 2
53 5
53 21
53 24
53 26
53 43
53 60
53 67
53 85
53 94
53 96
53 97
53 110
53 113
53 121
54 3
54 16
54 19
54 32
54 35
54 40
54 62
54 113
54 121
55 5
55 56
55 58
55 61
55 115
56 2
56 3
56 8
56 14
56 39
56 44
56 47
56 48
56 68
56 74
56 75
56 77
56 88
56 97
56 101
56 103
56 105
56 107
57 2
57 10
57 15
57 27
57 40
57 42
57 55
57 58
57 64
57 67
57 68
57 78
57 88
57 93
57 102
57 118
57 120
58 14
58 15
58 22
58 27
58 31
58 33
58 40
58 45
58 59
58 65
58 98
58 118
59 4
59 7
59 15
59 23
59 37
59 49
59 64
59 85
59 89
59 102
59 119
60 3
60 9
60 28
60 37
60 57
60 58
60 68
60 69
60 88
60 90
60 91
61 0
61 9
61 13
61 20
61 26
61 33
61 34
61 40
61 55
61 64
61 74
61 86
61 90
61 95
62 4
62 14
62 15
62 31
62 39
62 59
62 74
62 81
62 101
63 17
63 20
63 49
63 64
63 76
63 93
63 99
63 114
63 120
63 121
63 122
64 7
64 27
64 28
64 33
64 38
64 40
64 59
64 69
64 73
64 81
64 89
64 92
64 93
64 99
64 102
64 116
64 118
65 27
65 31
65 37
65 51
65 53
65 68
65 70
65 81
65 87
65 88
65 116
65 122
66 4
66 33
66 37
66 40
66 44
66 51
66 54
66 73
66 111
66 118
67 4
67 9
67 26
67 36
67 41
67 43
67 73
67 74
67 76
67 98
67 114
68 2
68 10
68 21
68 28
68 44
68 71
68 82
68 102
68 123
68 124
68 127
69 12
69 38
69 52
69 61
69 63
69 82
69 102
69 105
69 120
69 124
70 1
70 41
70 57
70 70
70 84
70 93
70 102
70 108
70 110
70 118
70 119
71 12
71 34
71 35
71 42
71 96
71 106
71 118
71 120
71 121
71 122
72 8
72 72
72 73
72 81
72 87
72 115
72 126
73 3
73 11
73 17
73 24
73 37
73 39
73 44
73 47
73 52
73 61
73 71
73 76
73 111
73 118
73 120
73 121
74 1
74 8
74 26
74 42
74 45
74 53
74 59
74 77
74 92
74 105
74 107
74 127
75 10
75 12
75 25
75 26
75 42
75 48
75 54
75 94
76 21
76 26
76 31
76 40
76 62
76 63
76 64
76 69
76 76
76 80
76 123
77 1
77 9
77 18
77 21
77 27
77 33
77 38
77 39
77 47
77 48
77 55
77 56
77 61
77 69
77 71
77 75
77 83
77 89
77 90
77 96
77 102
77 104
77 117
77 124
78 17
78 18
78 19
78 21
78 22
78 35
78 38
78 81
78 99
78 100
78 106
78 107
79 22
79 49
79 69
79 102
79 107
79 111
79 112
79 121
80 0
80 25
80 37
80 43
80 62
80 76
80 77
80 80
80 89
80 106
80 110
80 113
81 8
81 12
81 15
81 16
81 27
81 32
81 42
81 48
81 50
81 58
81 59
81 80
81 81
81 88
81 114
82 6
82 21
82 32
82 41
82 44
82 45
82 50
82 51
82 52
82 56
82 72
82 88
82 103
82 116
82 127
83 3
83 10
83 12
83 67
83 69
83 71
83 101
83 108
83 114
83 117
84 11
84 37
84 39
84 57
84 62
84 80
84 87
84 89
84 96
84 99
84 121
85 36
85 39
85 44
85 51
85 55
85 62
85 64
85 70
85 75
85 86
85 117
85 120
86 0
86 11
86 19
86 26
86 42
86 54
86 62
86 81
86 85
86 99
86 100
86 107
86 111
87 8
87 25
87 30
87 34
87 44
87 58
87 71
87 99
87 112
87 115
88 8
88 18
88 49
88 78
88 79
88 109
88 124
89 13
89 22
89 35
89 37
89 38
89 45
89 51
89 60
89 74
89 97
89 118
89 122
90 4
90 5
90 23
90 24
90 33
90 51
90 55
90 58
90 67
90 68
90 69
90 75
90 107
90 113
90 120
90 125
91 1
91 12
91 18
91 21
91 37
91 44
91 51
91 65
91 83
91 112
91 119
91 121
91 124
92 20
92 21
92 23
92 25
92 49
92 57
92 75
92 76
92 91
92 96
92 103
92 108
93 42
93 48
93 56
93 60
93 69
93 89
93 92
93 94
93 105
94 14
94 26
94 28
94 37
94 56
94 57
94 83
94 92
94 93
94 103
94 104
94 110
94 119
94 121
94 123
94 124
95 2
95 13
95 23
95 25
95 29
95 31
95 41
95 47
95 64
95 76
95 95
95 96
95 108
95 113
95 119
95 123
95 127
96 0
96 8
96 10
96 14
96 17
96 18
96 30
96 34
96 42
96 44
96 53
96 79
96 82
96 115
96 124
96 126
97 1
97 9
97 33
97 47
97 52
97 54
97 62
97 73
97 80
97 87
97 97
97 98
97 111
98 52
98 71
98 92
98 104
99 9
99 14
99 20
99 24
99 27
99 31
99 45
99 46
99 64
99 70
99 80
99 82
99 97
99 101
99 110
99 113
99 118
99 122
99 125
100 12
100 30
100 34
100 50
100 60
100 64
100 72
100 85
100 87
100 90
100 98
100 104
100 114
100 115
101 2
101 8
101 9
101 22
101 25
101 30
101 40
101 51
101 54
101 56
101 58
101 70
101 101
101 113
102 1
102 20
102 40
102 67
102 70
102 74
102 104
102 106
102 107
102 111
103 4
103 20
103 33
103 39
103 51
103 59
103 72
103 78
103 83
103 95
103 98
103 101
103 114
103 118
103 120
103 123
104 1
104 9
104 17
104 19
104 25
104 27
104 33
104 44
104 74
104 81
104 87
104 89
104 90
104 95
104 106
104 116
104 125
105 3
105 6
105 16
105 17
105 21
105 24
105 61
105 74
105 86
105 92
105 105
105 110
105 115
106 21
106 23
106 26
106 32
106 33
106 40
106 56
106 58
106 61
106 62
106 66
106 68
106 83
106 109
106 112
106 127
107 2
107 6
107 8
107 19
107 20
107 21
107 30
107 79
107 102
107 103
107 110
107 112
108 2
108 6
108 7
108 32
108 65
108 66
108 79
108 91
108 94
108 97
108 105
108 108
108 122
108 123
109 0
109 3
109 8
109 9
109 13
109 17
109 29
109 30
109 51
109 58
109 67
109 76
109 81
109 87
109 95
109 108
109 120
109 124
110 6
110 14
110 22
110 31
110 32
110 45
110 48
110 90
110 100
110 101
110 104
110 113
110 114
110 115
110 119
111 14
111 38
111 39
111 50
111 51
111 64
111 65
111 87
111 93
111 112
111 127
112 2
112 13
112 15
112 32
112 37
112 39
112 51
112 89
112 109
112 121
112 123
113 54
113 73
113 100
113 105
113 108
113 125
114 34
114 40
114 41
114 49
114 50
114 68
114 74
114 82
114 85
114 89
114 105
114 119
114 122
114 123
115 11
115 38
115 42
115 54
115 70
115 87
115 102
115 107
116 12
116 34
116 41
116 51
116 61
116 71
116 77
116 87
116 91
116 124
116 127
117 12
117 20
117 25
117 49
117 50
117 56
117 59
117 64
117 66
117 69
117 72
117 75
117 82
117 92
117 107
117 109
117 110
117 118
117 119
117 127
118 17
118 33
118 36
118 38
118 42
118 84
118 96
118 104
118 118
118 123
119 4
119 9
119 30
119 43
119 44
119 48
119 49
119 50
119 59
119 87
119 89
119 95
119 118
120 5
120 15
120 37
120 43
120 49
120 52
120 57
120 70
120 87
120 91
120 97
120 111
120 121
120 122
120 125
121 5
121 14
121 32
121 70
121 74
121 80
121 99
121 111
121 122
121 124
122 16
122 19
122 45
122 46
122 50
122 53
122 68
122 72
122 81
122 85
122 96
122 103
122 110
122 117
122 118
122 122
123 2
123 22
123 32
123 60
123 72
123 76
123 81
123 100
123 110
123 113
124 4
124 11
124 13
124 16
124 20
124 33
124 34
124 45
124 60
124 61
124 68
124 74
124 79
124 87
124 105
125 0
125 17
125 18
125 29
125 32
125 35
125 37
125 40
125 46
125 56
125 59
125 76
125 84
125 87
125 97
125 99
125 105
125 107
125 110
125 117
126 15
126 30
126 34
126 46
126 47
126 53
126 56
126 74
126 82
126 90
126 94
126 104
126 113
126 115
126 117
126 127
127 23
127 41
127 55
127 57
127 61
127 64
127 68
127 80
127 96
127 99
127 110
127 125
