0 56
1 14
1 48
5 62
8 124
9 58
10 3
12 29
13 90
14 127
15 18
15 22
15 54
17 78
18 37
19 20
20 110
22 26
26 11
28 16
29 78
30 48
31 127
32 105
33 106
37 40
37 96
37 127
38 45
39 124
40 114
44 50
45 36
46 121
47 6
47 120
49 53
50 1
50 20
50 55
52 18
52 85
56 116
57 9
58 24
61 39
62 15
62 65
63 94
63 96
63 99
65 62
66 2
66 19
66 116
68 29
69 88
71 34
71 77
72 117
74 11
77 125
79 100
81 75
83 69
83 98
84 30
84 122
87 71
89 78
91 23
91 98
93 111
96 108
100 77
102 106
105 62
105 111
108 56
108 88
108 104
110 84
110 91
111 83
113 45
114 68
114 79
115 87
116 79
116 105
116 122
117 24
117 93
120 9
122 60
124 44
125 6
126 97
127 4
127 15
