0 0
0 21
0 57
0 88
0 107
1 3
1 11
1 15
1 51
1 52
1 58
1 60
1 66
1 78
1 86
1 94
1 103
2 25
2 56
2 75
2 95
3 4
3 27
3 52
3 61
3 70
4 19
4 22
4 39
4 44
4 124
5 6
5 19
5 21
5 32
5 60
5 116
5 119
6 15
6 31
6 38
6 40
6 73
6 84
6 97
6 110
7 9
7 24
7 64
7 112
7 114
8 6
8 20
8 25
8 40
8 51
8 61
8 62
8 88
8 91
8 97
8 116
9 5
9 30
9 49
9 58
9 80
9 84
9 108
9 118
9 127
10 7
10 15
10 24
10 66
10 79
10 84
10 102
10 113
11 7
11 17
11 38
11 69
11 70
11 106
11 114
12 16
12 27
12 36
12 39
12 60
12 62
12 67
12 69
12 104
13 16
13 26
13 36
13 58
13 69
13 70
13 105
13 126
14 45
14 48
14 102
15 31
15 32
15 62
16 13
16 37
16 64
16 65
16 93
16 112
16 117
17 2
17 29
17 30
17 41
17 74
17 90
17 99
17 100
17 113
17 125
18 22
18 54
18 58
18 74
18 76
18 98
19 37
19 67
19 80
19 94
19 100
19 124
20 92
20 112
21 20
21 67
21 106
21 122
21 123
21 125
22 0
22 5
22 13
22 14
22 28
22 31
22 68
22 73
22 74
22 82
22 88
22 123
22 127
23 26
23 75
23 79
23 104
23 119
24 2
24 14
24 37
24 70
25 27
25 35
25 73
25 84
25 90
25 98
25 101
25 121
25 124
26 63
26 64
26 75
26 117
26 125
27 11
27 21
27 37
27 42
27 61
27 107
27 126
28 3
28 16
28 20
28 28
28 39
28 49
28 50
28 52
28 61
28 70
28 76
28 79
28 81
28 89
28 123
29 25
29 62
29 63
29 75
29 87
30 4
30 45
30 100
30 110
30 117
31 28
31 36
31 65
31 77
31 91
31 102
32 1
32 29
32 54
32 64
32 72
32 73
32 91
32 115
33 16
33 31
33 76
33 91
33 92
33 100
33 127
34 30
34 34
34 57
34 63
34 69
34 74
34 94
34 112
34 116
35 24
35 28
35 52
35 63
35 71
35 76
35 88
35 90
35 95
35 122
36 11
36 22
36 28
36 34
36 56
36 75
36 81
36 85
36 100
37 6
37 20
37 49
37 55
37 56
37 77
37 109
37 116
37 122
38 25
38 26
38 34
38 50
38 79
38 88
38 97
38 111
39 16
39 21
39 26
39 70
39 86
39 110
39 113
39 118
39 121
40 42
40 45
40 80
41 25
41 47
41 55
41 61
41 77
42 37
42 47
42 53
42 59
42 74
42 81
42 92
42 93
42 103
42 112
42 122
43 1
43 5
43 10
43 60
43 69
43 74
43 121
44 0
44 10
44 27
44 33
44 36
44 43
44 46
44 62
44 74
44 76
44 88
44 92
44 101
44 116
45 0
45 33
45 36
45 42
45 43
45 47
45 52
45 65
45 71
45 74
45 78
45 88
45 91
45 100
45 108
45 121
46 4
46 35
46 40
46 49
46 87
46 116
47 7
47 29
47 45
47 49
47 55
47 56
47 60
47 64
47 78
47 80
47 97
47 121
48 30
48 33
48 45
48 82
48 125
49 3
49 26
49 39
49 43
49 47
49 59
49 60
49 92
49 99
49 103
49 121
49 123
50 5
50 27
50 85
50 122
51 15
51 31
51 45
51 51
51 83
51 86
51 106
52 12
52 18
52 25
52 32
52 40
52 77
52 78
52 85
52 96
52 100
52 105
52 108
52 115
52 125
53 10
53 12
53 21
53 34
53 64
53 90
53 93
53 103
53 111
54 5
54 11
54 20
54 22
54 51
54 61
54 68
54 77
54 83
54 120
55 69
55 93
56 2
56 19
56 31
56 32
56 70
56 97
56 100
56 110
56 121
56 123
57 29
57 54
57 92
57 93
57 106
57 120
57 127
58 13
58 18
58 36
58 51
59 12
59 43
59 47
59 52
59 58
59 81
59 116
59 126
60 15
60 24
60 27
60 33
60 39
60 56
60 59
60 69
60 79
60 80
61 3
61 7
61 26
61 28
61 34
61 36
61 53
61 70
61 73
61 105
61 122
62 4
62 29
62 41
62 48
62 82
62 87
62 97
62 100
62 101
62 108
62 115
62 122
63 6
63 11
63 22
63 63
63 68
63 72
63 110
64 28
64 44
64 54
64 59
64 83
64 88
64 118
64 121
65 18
65 75
65 79
65 94
65 100
65 127
66 8
66 29
66 31
66 47
66 68
66 112
66 122
67 53
67 54
67 60
67 69
67 101
67 120
68 19
68 40
68 50
68 68
68 70
68 91
68 94
68 95
68 98
68 124
69 4
69 23
69 24
69 31
69 51
69 68
69 80
69 109
69 112
70 22
70 23
70 27
70 28
70 35
70 48
70 89
70 102
71 13
71 52
71 74
71 87
71 105
71 106
71 117
71 124
71 126
72 6
72 10
72 18
72 25
72 30
72 37
72 53
72 89
72 91
72 106
73 0
73 5
73 19
73 27
73 31
73 46
73 49
73 72
73 82
73 100
73 101
73 110
73 114
74 3
74 9
74 18
74 26
74 29
74 53
74 93
74 106
75 14
75 49
75 89
75 90
75 95
76 8
76 49
76 53
76 65
76 89
76 101
76 124
77 0
77 10
77 37
77 64
77 66
77 124
78 1
78 2
78 40
78 47
78 116
78 124
79 10
79 24
79 28
79 37
79 61
79 63
79 76
79 83
79 113
79 127
80 17
80 44
80 66
80 67
80 89
80 104
81 26
81 32
81 45
81 53
81 82
81 94
81 95
82 13
82 37
82 48
82 69
82 96
82 100
82 108
83 3
83 73
83 75
83 80
83 82
83 85
84 16
84 61
84 83
84 104
84 124
84 127
85 8
85 22
85 24
85 35
85 37
85 44
85 48
85 58
85 73
85 82
85 121
86 39
86 52
86 62
86 67
86 115
86 117
86 120
87 15
87 20
87 40
87 46
87 50
87 62
87 86
87 88
88 17
88 24
88 31
88 112
88 113
88 118
89 0
89 28
89 30
89 85
89 98
89 110
89 120
90 11
90 38
90 59
90 61
90 72
90 84
91 4
91 17
91 59
91 66
91 72
91 85
91 100
91 109
91 115
91 124
91 127
92 3
92 13
92 25
92 43
92 61
92 67
92 71
92 103
92 106
92 126
93 2
93 21
93 61
93 81
93 92
93 106
93 113
94 4
94 22
94 44
94 80
94 83
94 88
94 92
94 115
94 117
94 119
94 122
94 125
95 25
95 74
95 81
95 113
95 123
96 28
96 29
96 38
96 51
96 64
96 121
97 9
97 11
97 16
97 27
97 35
97 39
97 42
97 56
97 74
97 96
97 125
98 10
98 11
98 20
98 35
98 57
98 60
99 0
99 7
99 31
99 42
99 45
99 54
99 60
99 77
99 86
100 39
100 54
100 67
100 72
100 84
100 94
100 112
100 115
101 6
101 21
101 31
101 59
101 65
101 100
101 124
102 105
103 2
103 5
103 31
103 58
103 66
103 73
103 78
103 93
103 101
103 106
103 107
104 26
104 47
104 49
104 85
104 92
104 102
104 110
104 122
105 17
105 20
105 27
105 44
105 68
105 74
105 85
105 86
105 87
105 95
106 7
106 13
106 24
106 28
106 35
106 89
106 92
106 96
106 105
106 109
106 122
107 6
107 14
107 20
107 27
107 35
107 66
107 69
107 79
107 85
107 106
107 107
107 111
108 39
108 44
108 46
108 62
108 67
108 105
108 114
109 2
109 3
109 10
109 21
109 37
109 54
109 75
109 119
110 6
110 11
110 17
110 28
110 69
110 77
110 103
110 108
111 0
111 5
111 29
111 38
111 46
111 53
111 56
111 63
111 92
111 98
111 103
111 112
112 5
112 13
112 49
112 58
112 65
112 77
113 10
113 18
113 37
113 46
113 78
114 15
114 19
114 32
114 34
114 41
114 49
114 50
114 72
114 73
114 74
114 83
114 123
115 34
115 89
115 90
115 106
116 44
116 53
116 56
116 81
116 83
116 114
117 3
117 19
117 26
117 65
117 81
117 95
117 104
117 112
117 114
118 0
118 7
118 25
118 60
118 68
118 88
118 89
118 116
118 126
119 9
119 77
119 80
120 7
120 26
120 36
120 58
120 65
120 66
120 98
121 11
121 48
121 50
121 66
121 67
121 79
121 92
121 110
121 117
122 3
122 14
122 24
122 42
122 43
122 47
122 55
122 64
122 91
122 118
123 7
123 28
123 32
123 33
123 38
123 60
123 61
123 106
123 109
123 123
124 4
124 12
124 55
124 85
124 92
124 121
125 25
125 31
125 45
125 59
125 68
126 3
126 18
126 19
126 24
126 38
126 47
126 54
126 56
126 76
126 81
127 3
127 6
127 9
127 17
127 34
127 38
127 47
127 55
127 117
