0 0
0 4
0 5
0 6
0 8
0 16
0 20
0 21
0 25
0 26
0 29
0 30
0 32
0 33
0 34
0 35
0 37
0 38
0 44
0 47
0 58
0 64
0 66
0 67
0 70
0 76
0 77
0 78
0 79
0 80
0 82
0 83
0 85
0 86
0 87
0 89
0 93
0 94
0 96
0 99
0 103
0 106
0 108
0 109
0 110
0 116
0 119
0 123
0 124
0 125
0 126
0 127
1 4
1 7
1 14
1 15
1 16
1 17
1 20
1 27
1 31
1 37
1 38
1 39
1 41
1 42
1 49
1 51
1 54
1 55
1 57
1 68
1 72
1 77
1 80
1 85
1 86
1 88
1 96
1 98
1 99
1 100
1 104
1 106
1 113
1 114
1 116
1 118
1 126
1 127
2 10
2 11
2 15
2 24
2 25
2 26
2 27
2 30
2 31
2 32
2 37
2 38
2 41
2 42
2 43
2 46
2 47
2 49
2 52
2 55
2 57
2 62
2 69
2 70
2 75
2 76
2 79
2 82
2 86
2 90
2 92
2 96
2 98
2 100
2 101
2 102
2 105
2 106
2 107
2 113
2 119
2 120
2 122
2 124
2 126
2 127
3 0
3 2
3 7
3 8
3 13
3 17
3 24
3 25
3 26
3 31
3 32
3 33
3 35
3 39
3 44
3 55
3 56
3 67
3 68
3 71
3 73
3 74
3 77
3 81
3 82
3 83
3 85
3 88
3 89
3 91
3 93
3 95
3 96
3 98
3 101
3 103
3 104
3 106
3 109
3 110
3 115
3 118
3 119
3 124
3 126
4 1
4 9
4 14
4 16
4 21
4 23
4 24
4 33
4 36
4 43
4 48
4 53
4 56
4 58
4 60
4 62
4 64
4 66
4 71
4 74
4 77
4 78
4 83
4 88
4 92
4 94
4 95
4 101
4 109
4 110
4 114
4 117
4 121
4 124
4 126
4 127
5 4
5 9
5 15
5 19
5 26
5 30
5 35
5 36
5 40
5 42
5 44
5 45
5 46
5 49
5 51
5 52
5 54
5 58
5 59
5 62
5 63
5 65
5 69
5 71
5 72
5 79
5 85
5 88
5 91
5 92
5 93
5 94
5 96
5 98
5 99
5 101
5 107
5 111
5 113
5 115
5 121
5 125
6 4
6 9
6 10
6 15
6 25
6 26
6 27
6 29
6 32
6 38
6 40
6 41
6 43
6 48
6 53
6 57
6 69
6 70
6 73
6 75
6 79
6 81
6 82
6 83
6 84
6 85
6 86
6 94
6 97
6 99
6 102
6 103
6 107
6 118
6 121
6 124
7 1
7 2
7 3
7 4
7 6
7 8
7 10
7 14
7 15
7 17
7 19
7 20
7 21
7 22
7 26
7 27
7 28
7 29
7 30
7 33
7 34
7 45
7 47
7 49
7 50
7 56
7 61
7 63
7 69
7 74
7 75
7 78
7 79
7 81
7 82
7 83
7 88
7 93
7 95
7 98
7 100
7 102
7 103
7 106
7 110
7 116
7 125
8 0
8 2
8 3
8 11
8 12
8 15
8 17
8 19
8 20
8 25
8 26
8 30
8 31
8 32
8 38
8 39
8 41
8 48
8 51
8 52
8 53
8 56
8 60
8 63
8 68
8 72
8 73
8 76
8 85
8 88
8 98
8 105
8 106
8 111
8 113
8 115
8 116
8 117
8 119
8 120
8 126
9 1
9 3
9 6
9 10
9 14
9 15
9 16
9 17
9 19
9 22
9 23
9 24
9 27
9 33
9 34
9 36
9 37
9 39
9 40
9 43
9 45
9 47
9 51
9 52
9 58
9 62
9 63
9 70
9 73
9 74
9 75
9 77
9 80
9 85
9 88
9 90
9 91
9 92
9 94
9 102
9 104
9 105
9 107
9 110
9 113
9 116
9 119
9 121
9 125
10 0
10 2
10 6
10 7
10 10
10 12
10 13
10 18
10 19
10 20
10 21
10 23
10 24
10 26
10 28
10 34
10 35
10 44
10 45
10 46
10 47
10 48
10 49
10 50
10 51
10 56
10 57
10 59
10 61
10 62
10 67
10 68
10 78
10 80
10 83
10 86
10 88
10 93
10 96
10 97
10 99
10 100
10 102
10 111
10 114
10 121
11 0
11 2
11 3
11 4
11 5
11 11
11 17
11 20
11 22
11 24
11 29
11 34
11 36
11 38
11 41
11 46
11 49
11 50
11 57
11 58
11 59
11 69
11 76
11 77
11 78
11 81
11 82
11 85
11 90
11 91
11 92
11 96
11 98
11 99
11 100
11 104
11 105
11 106
11 108
11 109
11 111
11 114
11 116
11 117
11 121
11 123
11 124
11 125
12 0
12 5
12 9
12 12
12 14
12 22
12 25
12 30
12 31
12 35
12 36
12 37
12 41
12 46
12 47
12 49
12 52
12 54
12 61
12 63
12 65
12 66
12 67
12 71
12 74
12 79
12 81
12 83
12 84
12 85
12 91
12 93
12 95
12 99
12 100
12 103
12 108
12 112
12 115
12 116
12 118
12 120
12 121
12 125
12 126
13 2
13 3
13 4
13 10
13 11
13 12
13 18
13 19
13 20
13 21
13 22
13 25
13 28
13 32
13 33
13 34
13 36
13 37
13 38
13 44
13 48
13 52
13 55
13 56
13 57
13 61
13 63
13 65
13 69
13 70
13 71
13 73
13 78
13 81
13 85
13 88
13 90
13 92
13 95
13 97
13 106
13 108
13 109
13 110
13 118
14 1
14 9
14 10
14 11
14 12
14 17
14 24
14 26
14 28
14 30
14 35
14 38
14 41
14 42
14 44
14 53
14 58
14 60
14 66
14 67
14 68
14 76
14 78
14 80
14 82
14 83
14 88
14 89
14 93
14 98
14 99
14 101
14 102
14 103
14 105
14 106
14 112
14 113
14 119
14 127
15 0
15 1
15 5
15 6
15 7
15 9
15 17
15 21
15 22
15 29
15 30
15 33
15 38
15 41
15 43
15 46
15 47
15 53
15 55
15 56
15 57
15 62
15 64
15 65
15 66
15 69
15 70
15 74
15 79
15 80
15 81
15 82
15 84
15 85
15 94
15 99
15 100
15 105
15 108
15 109
15 110
15 112
15 114
15 118
15 119
15 122
15 123
15 126
15 127
16 0
16 1
16 8
16 10
16 11
16 14
16 16
16 22
16 24
16 25
16 28
16 34
16 35
16 38
16 39
16 40
16 41
16 48
16 51
16 53
16 58
16 59
16 60
16 62
16 67
16 71
16 77
16 79
16 82
16 90
16 91
16 96
16 99
16 100
16 109
16 115
16 116
16 118
16 119
16 123
16 125
16 126
16 127
17 3
17 6
17 7
17 8
17 12
17 15
17 16
17 21
17 22
17 23
17 30
17 33
17 34
17 36
17 40
17 41
17 47
17 50
17 51
17 54
17 57
17 61
17 64
17 66
17 67
17 69
17 71
17 72
17 76
17 82
17 83
17 84
17 85
17 87
17 90
17 91
17 95
17 99
17 103
17 106
17 107
17 110
17 111
17 115
17 117
17 118
17 120
17 122
17 124
17 125
18 8
18 9
18 10
18 14
18 15
18 17
18 18
18 20
18 22
18 23
18 25
18 29
18 31
18 39
18 43
18 44
18 46
18 48
18 50
18 51
18 55
18 57
18 58
18 63
18 65
18 72
18 73
18 74
18 75
18 77
18 78
18 79
18 80
18 82
18 89
18 92
18 94
18 97
18 98
18 100
18 101
18 107
18 109
18 110
18 113
18 117
18 118
18 120
18 121
18 125
18 127
19 0
19 2
19 3
19 5
19 8
19 12
19 15
19 24
19 29
19 30
19 32
19 33
19 37
19 39
19 43
19 48
19 50
19 53
19 57
19 58
19 59
19 60
19 61
19 64
19 65
19 69
19 77
19 80
19 83
19 90
19 92
19 93
19 94
19 111
19 112
19 113
19 115
19 124
19 125
20 0
20 1
20 4
20 6
20 9
20 13
20 14
20 19
20 20
20 22
20 25
20 27
20 30
20 32
20 33
20 34
20 35
20 38
20 39
20 42
20 48
20 49
20 53
20 54
20 60
20 63
20 64
20 68
20 69
20 71
20 75
20 83
20 84
20 85
20 87
20 89
20 91
20 95
20 96
20 100
20 102
20 104
20 105
20 106
20 108
20 113
20 117
20 120
20 121
20 122
20 124
20 125
21 0
21 1
21 2
21 3
21 9
21 12
21 16
21 22
21 25
21 27
21 28
21 33
21 34
21 35
21 40
21 41
21 43
21 48
21 49
21 51
21 52
21 56
21 57
21 59
21 60
21 62
21 66
21 74
21 79
21 80
21 86
21 89
21 93
21 95
21 99
21 101
21 107
21 108
21 109
21 111
21 114
21 115
21 122
21 125
21 127
22 0
22 3
22 4
22 6
22 7
22 12
22 15
22 17
22 18
22 19
22 21
22 26
22 27
22 28
22 30
22 34
22 42
22 44
22 45
22 47
22 56
22 57
22 58
22 63
22 71
22 73
22 76
22 79
22 81
22 84
22 85
22 86
22 88
22 100
22 103
22 104
22 108
22 113
22 116
22 117
22 122
22 124
22 125
23 8
23 11
23 12
23 16
23 17
23 20
23 28
23 29
23 30
23 33
23 34
23 37
23 38
23 39
23 48
23 50
23 53
23 59
23 66
23 67
23 70
23 71
23 72
23 76
23 78
23 82
23 83
23 86
23 87
23 88
23 91
23 97
23 99
23 100
23 108
23 109
23 110
23 111
23 112
23 113
23 118
23 121
23 125
23 126
24 0
24 1
24 3
24 6
24 14
24 26
24 32
24 40
24 44
24 45
24 46
24 53
24 56
24 61
24 64
24 65
24 66
24 70
24 73
24 75
24 77
24 79
24 90
24 92
24 94
24 98
24 99
24 103
24 104
24 105
24 106
24 108
24 109
24 110
24 111
24 113
24 114
24 119
25 0
25 2
25 3
25 4
25 7
25 11
25 12
25 17
25 21
25 26
25 28
25 29
25 31
25 32
25 33
25 35
25 39
25 40
25 42
25 43
25 44
25 46
25 48
25 65
25 67
25 73
25 74
25 77
25 79
25 84
25 86
25 88
25 89
25 90
25 92
25 97
25 99
25 101
25 104
25 107
25 115
25 117
25 121
25 123
26 8
26 9
26 10
26 11
26 13
26 14
26 23
26 25
26 26
26 29
26 31
26 38
26 42
26 44
26 47
26 50
26 54
26 58
26 60
26 61
26 65
26 70
26 73
26 74
26 77
26 82
26 84
26 87
26 90
26 91
26 92
26 101
26 102
26 104
26 107
26 109
26 116
26 117
26 122
26 124
26 126
27 0
27 1
27 7
27 8
27 14
27 15
27 16
27 18
27 19
27 22
27 23
27 24
27 25
27 28
27 29
27 30
27 31
27 34
27 35
27 42
27 45
27 48
27 52
27 58
27 60
27 69
27 81
27 82
27 86
27 92
27 93
27 102
27 109
27 116
27 117
27 119
27 120
27 123
27 124
27 127
28 1
28 7
28 9
28 10
28 13
28 20
28 24
28 27
28 28
28 31
28 32
28 33
28 34
28 42
28 52
28 54
28 57
28 62
28 63
28 72
28 74
28 75
28 79
28 88
28 89
28 90
28 93
28 95
28 98
28 100
28 101
28 106
28 107
28 108
28 109
28 110
28 111
28 115
28 117
28 120
28 122
28 127
29 5
29 6
29 7
29 8
29 18
29 20
29 25
29 33
29 34
29 37
29 43
29 44
29 47
29 49
29 50
29 51
29 58
29 60
29 62
29 64
29 66
29 67
29 69
29 72
29 80
29 81
29 86
29 91
29 92
29 94
29 96
29 98
29 102
29 105
29 108
29 111
29 112
29 114
29 115
29 116
29 121
29 123
29 124
30 5
30 8
30 13
30 15
30 17
30 19
30 25
30 26
30 29
30 30
30 36
30 38
30 39
30 45
30 46
30 53
30 55
30 57
30 58
30 60
30 64
30 66
30 68
30 71
30 81
30 88
30 91
30 92
30 97
30 98
30 103
30 104
30 106
30 108
30 110
30 112
30 120
30 121
30 122
30 126
31 2
31 3
31 10
31 12
31 17
31 19
31 26
31 29
31 30
31 33
31 35
31 36
31 37
31 38
31 39
31 42
31 43
31 45
31 46
31 48
31 49
31 57
31 60
31 62
31 66
31 75
31 80
31 90
31 92
31 99
31 105
31 106
31 108
31 109
31 117
31 120
31 121
31 126
32 2
32 3
32 4
32 8
32 9
32 16
32 24
32 27
32 30
32 34
32 36
32 38
32 39
32 40
32 46
32 53
32 59
32 61
32 63
32 64
32 66
32 67
32 69
32 72
32 74
32 76
32 77
32 81
32 84
32 86
32 88
32 91
32 95
32 97
32 98
32 99
32 100
32 101
32 102
32 103
32 108
32 109
32 110
32 120
32 121
32 123
32 124
32 126
33 3
33 5
33 6
33 16
33 17
33 18
33 23
33 25
33 26
33 30
33 32
33 33
33 35
33 41
33 44
33 48
33 50
33 54
33 55
33 59
33 62
33 63
33 64
33 70
33 73
33 80
33 82
33 95
33 98
33 99
33 101
33 103
33 113
33 114
34 4
34 6
34 7
34 8
34 10
34 12
34 18
34 28
34 32
34 39
34 40
34 42
34 43
34 45
34 46
34 52
34 55
34 58
34 63
34 66
34 67
34 68
34 71
34 73
34 81
34 83
34 84
34 88
34 92
34 94
34 95
34 97
34 101
34 103
34 109
34 112
34 113
34 115
34 116
34 127
35 0
35 2
35 5
35 8
35 11
35 20
35 29
35 33
35 34
35 36
35 37
35 40
35 42
35 43
35 44
35 47
35 55
35 56
35 59
35 62
35 63
35 65
35 66
35 71
35 81
35 83
35 84
35 86
35 87
35 91
35 92
35 94
35 95
35 100
35 101
35 102
35 106
35 112
35 119
36 0
36 2
36 4
36 5
36 6
36 9
36 10
36 12
36 18
36 23
36 26
36 32
36 34
36 35
36 36
36 37
36 47
36 48
36 50
36 57
36 61
36 67
36 68
36 70
36 77
36 79
36 84
36 87
36 88
36 90
36 95
36 103
36 105
36 107
36 114
36 115
36 118
36 121
36 124
36 125
37 1
37 3
37 4
37 5
37 7
37 10
37 13
37 14
37 15
37 16
37 21
37 24
37 26
37 28
37 30
37 33
37 36
37 40
37 41
37 43
37 47
37 49
37 59
37 61
37 62
37 65
37 66
37 71
37 78
37 79
37 81
37 82
37 83
37 89
37 91
37 94
37 95
37 96
37 101
37 102
37 104
37 105
37 107
37 110
37 111
37 112
37 115
37 116
37 117
37 120
37 121
37 122
37 124
38 0
38 4
38 8
38 15
38 18
38 20
38 23
38 25
38 26
38 30
38 32
38 37
38 38
38 41
38 43
38 44
38 47
38 50
38 51
38 53
38 54
38 57
38 58
38 61
38 64
38 66
38 67
38 76
38 82
38 86
38 87
38 89
38 90
38 95
38 97
38 99
38 100
38 101
38 106
38 109
38 111
38 117
38 119
39 2
39 3
39 11
39 16
39 17
39 18
39 20
39 23
39 26
39 30
39 32
39 33
39 35
39 36
39 39
39 45
39 46
39 47
39 50
39 57
39 59
39 63
39 70
39 77
39 78
39 79
39 82
39 85
39 88
39 89
39 92
39 93
39 94
39 98
39 99
39 102
39 103
39 104
39 107
39 108
39 112
39 113
39 114
39 118
39 119
39 120
39 122
39 123
39 126
40 2
40 3
40 15
40 16
40 21
40 23
40 24
40 25
40 28
40 33
40 39
40 40
40 42
40 43
40 46
40 47
40 48
40 50
40 51
40 57
40 58
40 59
40 64
40 71
40 73
40 75
40 80
40 82
40 87
40 88
40 96
40 97
40 99
40 102
40 104
40 105
40 106
40 108
40 109
40 110
40 111
40 123
40 126
40 127
41 1
41 9
41 11
41 14
41 15
41 16
41 19
41 25
41 26
41 27
41 28
41 32
41 33
41 35
41 37
41 38
41 43
41 45
41 46
41 48
41 54
41 59
41 62
41 66
41 69
41 71
41 73
41 74
41 79
41 81
41 84
41 87
41 89
41 91
41 97
41 98
41 99
41 102
41 106
41 108
41 110
41 111
41 112
41 117
41 118
41 119
41 122
41 125
41 126
41 127
42 5
42 7
42 10
42 13
42 15
42 16
42 20
42 24
42 32
42 34
42 37
42 38
42 39
42 51
42 52
42 55
42 61
42 68
42 73
42 74
42 76
42 79
42 80
42 85
42 87
42 88
42 91
42 94
42 102
42 103
42 104
42 107
42 108
42 111
42 112
42 113
42 124
42 126
42 127
43 3
43 4
43 6
43 13
43 15
43 17
43 22
43 26
43 32
43 35
43 36
43 38
43 41
43 42
43 46
43 47
43 48
43 50
43 54
43 56
43 57
43 60
43 61
43 63
43 65
43 67
43 71
43 73
43 74
43 76
43 77
43 80
43 81
43 83
43 85
43 87
43 88
43 89
43 96
43 98
43 99
43 100
43 103
43 105
43 107
43 110
43 111
43 114
43 120
43 121
43 124
43 125
43 126
44 1
44 3
44 6
44 8
44 11
44 13
44 14
44 15
44 18
44 19
44 20
44 23
44 31
44 34
44 39
44 41
44 45
44 46
44 48
44 49
44 50
44 54
44 59
44 61
44 64
44 65
44 72
44 73
44 75
44 77
44 83
44 84
44 86
44 87
44 93
44 95
44 108
44 109
44 110
44 111
44 119
44 121
44 123
44 125
45 2
45 5
45 8
45 9
45 10
45 11
45 14
45 18
45 19
45 20
45 23
45 28
45 29
45 31
45 32
45 33
45 34
45 36
45 42
45 46
45 50
45 57
45 64
45 72
45 75
45 77
45 79
45 81
45 82
45 84
45 85
45 86
45 92
45 95
45 96
45 97
45 99
45 100
45 101
45 107
45 108
45 112
45 114
45 115
45 118
45 120
45 127
46 0
46 1
46 8
46 10
46 11
46 16
46 18
46 19
46 21
46 23
46 25
46 27
46 28
46 29
46 30
46 33
46 40
46 42
46 43
46 45
46 47
46 50
46 52
46 53
46 54
46 56
46 59
46 65
46 69
46 71
46 76
46 79
46 81
46 83
46 86
46 91
46 92
46 93
46 101
46 102
46 104
46 108
46 110
46 111
46 114
46 116
46 119
46 127
47 2
47 5
47 9
47 14
47 15
47 16
47 17
47 20
47 21
47 23
47 26
47 28
47 32
47 39
47 45
47 46
47 51
47 54
47 55
47 56
47 57
47 59
47 63
47 64
47 65
47 70
47 72
47 76
47 82
47 92
47 102
47 103
47 106
47 107
47 110
47 114
47 115
47 116
47 118
48 0
48 1
48 3
48 7
48 8
48 10
48 11
48 13
48 14
48 17
48 18
48 20
48 21
48 24
48 26
48 32
48 36
48 37
48 38
48 47
48 56
48 58
48 59
48 63
48 71
48 72
48 73
48 77
48 78
48 79
48 86
48 87
48 88
48 90
48 93
48 99
48 109
48 111
48 116
48 117
48 119
48 120
48 121
48 122
48 125
49 1
49 3
49 4
49 8
49 15
49 17
49 20
49 21
49 22
49 23
49 25
49 31
49 33
49 34
49 37
49 41
49 42
49 48
49 52
49 53
49 57
49 60
49 61
49 70
49 71
49 74
49 75
49 76
49 78
49 79
49 82
49 89
49 91
49 94
49 100
49 101
49 104
49 108
49 109
49 110
49 112
49 113
49 114
49 115
49 117
49 118
49 123
49 126
50 4
50 7
50 9
50 14
50 20
50 21
50 25
50 29
50 31
50 36
50 51
50 53
50 56
50 58
50 61
50 62
50 63
50 66
50 68
50 71
50 74
50 75
50 76
50 77
50 81
50 83
50 85
50 86
50 87
50 94
50 98
50 104
50 106
50 115
50 117
50 118
51 6
51 10
51 12
51 13
51 15
51 18
51 19
51 21
51 24
51 25
51 26
51 27
51 29
51 31
51 34
51 35
51 43
51 45
51 47
51 54
51 56
51 59
51 61
51 63
51 64
51 65
51 67
51 69
51 71
51 72
51 75
51 80
51 84
51 87
51 89
51 91
51 93
51 94
51 99
51 101
51 102
51 103
51 111
51 116
51 119
51 123
51 125
51 126
51 127
52 3
52 4
52 8
52 13
52 18
52 19
52 26
52 28
52 34
52 35
52 37
52 38
52 40
52 42
52 47
52 49
52 50
52 51
52 53
52 57
52 61
52 63
52 65
52 66
52 67
52 69
52 71
52 74
52 77
52 79
52 80
52 81
52 83
52 87
52 93
52 94
52 96
52 101
52 103
52 104
52 108
52 117
52 120
52 123
52 126
52 127
53 3
53 6
53 8
53 9
53 11
53 12
53 14
53 21
53 24
53 31
53 33
53 47
53 51
53 55
53 61
53 62
53 65
53 66
53 73
53 75
53 76
53 84
53 96
53 97
53 98
53 99
53 104
53 108
53 110
53 111
53 114
53 115
53 116
53 117
53 119
53 120
53 126
53 127
54 3
54 4
54 10
54 13
54 16
54 20
54 21
54 22
54 23
54 25
54 27
54 31
54 35
54 39
54 43
54 48
54 51
54 54
54 57
54 58
54 64
54 70
54 71
54 78
54 81
54 82
54 84
54 86
54 87
54 94
54 95
54 97
54 101
54 104
54 105
54 106
54 115
54 116
54 118
54 119
54 127
55 4
55 6
55 10
55 11
55 21
55 22
55 27
55 28
55 29
55 31
55 33
55 35
55 38
55 45
55 46
55 55
55 57
55 64
55 65
55 66
55 69
55 72
55 79
55 83
55 84
55 93
55 96
55 98
55 101
55 103
55 108
55 110
55 111
55 114
55 117
55 119
55 121
55 122
55 123
55 125
55 127
56 3
56 4
56 6
56 7
56 10
56 12
56 14
56 16
56 20
56 21
56 24
56 27
56 28
56 30
56 31
56 32
56 33
56 40
56 49
56 53
56 58
56 59
56 66
56 67
56 68
56 69
56 72
56 78
56 80
56 85
56 87
56 89
56 99
56 100
56 103
56 108
56 109
56 111
56 113
56 114
56 115
56 124
57 1
57 3
57 4
57 6
57 11
57 12
57 14
57 15
57 18
57 21
57 22
57 24
57 33
57 35
57 41
57 43
57 44
57 48
57 50
57 51
57 53
57 54
57 55
57 56
57 62
57 64
57 67
57 72
57 74
57 76
57 80
57 83
57 84
57 91
57 99
57 102
57 103
57 104
57 110
57 112
57 119
57 122
57 125
57 126
57 127
58 0
58 1
58 2
58 3
58 9
58 13
58 15
58 19
58 20
58 21
58 22
58 24
58 30
58 31
58 33
58 35
58 36
58 38
58 39
58 44
58 46
58 50
58 51
58 57
58 60
58 61
58 63
58 66
58 68
58 71
58 73
58 74
58 81
58 82
58 83
58 85
58 90
58 91
58 93
58 95
58 97
58 98
58 100
58 101
58 103
58 104
58 105
58 106
58 118
58 119
58 122
58 123
59 1
59 2
59 4
59 6
59 9
59 10
59 14
59 15
59 16
59 18
59 19
59 21
59 23
59 25
59 28
59 31
59 32
59 34
59 35
59 36
59 37
59 38
59 40
59 42
59 43
59 44
59 45
59 53
59 54
59 61
59 66
59 67
59 68
59 73
59 76
59 77
59 83
59 86
59 89
59 90
59 94
59 99
59 101
59 104
59 105
59 109
59 110
59 114
59 115
59 116
59 119
59 120
59 121
59 122
59 123
59 124
60 0
60 1
60 3
60 6
60 8
60 9
60 16
60 18
60 22
60 26
60 27
60 36
60 38
60 39
60 40
60 41
60 42
60 44
60 49
60 52
60 53
60 58
60 61
60 70
60 72
60 74
60 77
60 78
60 81
60 82
60 84
60 86
60 90
60 91
60 93
60 100
60 101
60 104
60 114
60 115
60 127
61 0
61 1
61 2
61 6
61 7
61 8
61 12
61 14
61 15
61 21
61 25
61 27
61 28
61 31
61 35
61 37
61 46
61 49
61 53
61 55
61 57
61 61
61 66
61 72
61 76
61 77
61 81
61 84
61 88
61 89
61 93
61 95
61 98
61 99
61 102
61 103
61 106
61 107
61 108
61 110
61 115
61 116
61 119
61 121
61 127
62 1
62 2
62 3
62 6
62 7
62 8
62 12
62 18
62 21
62 23
62 28
62 31
62 42
62 44
62 45
62 49
62 51
62 55
62 58
62 68
62 70
62 71
62 74
62 75
62 79
62 81
62 84
62 86
62 88
62 94
62 97
62 99
62 100
62 101
62 103
62 107
62 108
62 109
62 112
62 114
62 117
62 120
62 123
62 125
62 126
62 127
63 0
63 3
63 4
63 5
63 10
63 11
63 15
63 19
63 20
63 22
63 24
63 31
63 32
63 36
63 38
63 41
63 42
63 45
63 50
63 56
63 59
63 61
63 65
63 70
63 72
63 73
63 74
63 76
63 81
63 86
63 87
63 90
63 91
63 96
63 98
63 102
63 103
63 104
63 106
63 107
63 109
63 112
63 113
63 120
63 123
63 125
63 127
64 2
64 4
64 5
64 9
64 11
64 15
64 17
64 21
64 26
64 29
64 30
64 35
64 37
64 43
64 45
64 47
64 48
64 49
64 50
64 57
64 63
64 64
64 65
64 70
64 72
64 76
64 82
64 85
64 86
64 89
64 90
64 94
64 95
64 96
64 97
64 98
64 100
64 105
64 108
64 109
64 111
64 116
64 118
64 126
64 127
65 5
65 6
65 9
65 12
65 13
65 14
65 23
65 24
65 28
65 30
65 35
65 38
65 42
65 46
65 47
65 48
65 51
65 52
65 53
65 57
65 62
65 65
65 75
65 77
65 78
65 81
65 82
65 84
65 85
65 88
65 95
65 108
65 109
65 113
65 114
65 115
65 120
65 126
66 0
66 2
66 8
66 11
66 12
66 14
66 19
66 22
66 26
66 29
66 32
66 33
66 35
66 37
66 46
66 49
66 50
66 51
66 56
66 63
66 64
66 72
66 73
66 76
66 80
66 82
66 87
66 93
66 95
66 96
66 97
66 101
66 103
66 105
66 107
66 111
66 112
66 115
66 119
66 126
66 127
67 6
67 7
67 10
67 11
67 13
67 15
67 18
67 19
67 20
67 21
67 23
67 24
67 30
67 31
67 42
67 43
67 44
67 53
67 56
67 60
67 64
67 65
67 68
67 70
67 71
67 76
67 77
67 79
67 84
67 89
67 96
67 98
67 99
67 101
67 105
67 106
67 107
67 108
67 109
67 111
67 114
67 116
67 117
67 122
67 126
67 127
68 2
68 5
68 8
68 11
68 12
68 13
68 16
68 17
68 18
68 20
68 22
68 23
68 25
68 26
68 28
68 32
68 33
68 34
68 36
68 39
68 42
68 43
68 47
68 52
68 54
68 64
68 71
68 72
68 75
68 76
68 78
68 80
68 81
68 83
68 84
68 86
68 87
68 88
68 89
68 92
68 94
68 95
68 98
68 102
68 104
68 106
68 107
68 108
68 110
68 112
68 113
68 119
68 121
68 123
68 125
68 126
68 127
69 0
69 3
69 4
69 8
69 13
69 17
69 18
69 19
69 20
69 21
69 30
69 31
69 33
69 38
69 43
69 48
69 49
69 53
69 55
69 58
69 60
69 62
69 68
69 69
69 70
69 73
69 74
69 76
69 85
69 87
69 89
69 90
69 91
69 93
69 95
69 98
69 100
69 102
69 109
69 111
69 113
69 118
69 119
69 122
69 123
69 124
69 126
69 127
70 3
70 5
70 7
70 8
70 9
70 11
70 12
70 16
70 17
70 18
70 19
70 24
70 30
70 37
70 38
70 40
70 41
70 44
70 45
70 46
70 54
70 55
70 56
70 57
70 59
70 60
70 61
70 65
70 66
70 67
70 68
70 76
70 79
70 80
70 89
70 90
70 91
70 92
70 93
70 98
70 101
70 102
70 103
70 104
70 106
70 108
70 109
70 112
70 114
70 115
70 122
70 124
70 125
71 4
71 5
71 11
71 13
71 17
71 19
71 21
71 22
71 24
71 28
71 30
71 31
71 32
71 37
71 38
71 39
71 41
71 44
71 47
71 49
71 50
71 53
71 55
71 56
71 57
71 59
71 60
71 64
71 65
71 69
71 75
71 78
71 89
71 93
71 94
71 98
71 100
71 101
71 104
71 110
71 115
71 119
71 120
71 124
71 125
71 127
72 1
72 13
72 14
72 20
72 25
72 27
72 29
72 33
72 41
72 42
72 44
72 45
72 46
72 52
72 54
72 57
72 60
72 64
72 65
72 72
72 73
72 74
72 77
72 78
72 82
72 84
72 85
72 92
72 93
72 95
72 96
72 97
72 99
72 104
72 105
72 106
72 108
72 110
72 112
72 114
72 117
72 121
72 126
73 1
73 5
73 8
73 9
73 10
73 26
73 30
73 35
73 45
73 48
73 51
73 52
73 60
73 62
73 63
73 70
73 76
73 79
73 80
73 81
73 84
73 86
73 91
73 95
73 96
73 97
73 100
73 109
73 113
73 114
73 118
73 120
73 125
74 0
74 1
74 4
74 5
74 7
74 9
74 10
74 16
74 18
74 24
74 29
74 31
74 34
74 37
74 42
74 43
74 50
74 57
74 60
74 61
74 63
74 65
74 67
74 68
74 69
74 73
74 77
74 80
74 81
74 84
74 86
74 89
74 94
74 100
74 101
74 102
74 106
74 108
74 112
74 113
74 115
74 116
74 118
74 119
74 122
74 124
74 125
74 127
75 0
75 1
75 4
75 8
75 10
75 12
75 16
75 17
75 20
75 21
75 23
75 27
75 30
75 31
75 32
75 34
75 35
75 41
75 42
75 47
75 48
75 53
75 61
75 63
75 65
75 67
75 71
75 72
75 76
75 78
75 80
75 81
75 83
75 84
75 86
75 96
75 98
75 99
75 101
75 102
75 105
75 106
75 107
75 108
75 115
75 125
75 127
76 0
76 1
76 6
76 9
76 11
76 18
76 20
76 25
76 27
76 29
76 39
76 42
76 44
76 45
76 46
76 49
76 50
76 53
76 59
76 60
76 64
76 70
76 71
76 72
76 77
76 82
76 83
76 85
76 86
76 88
76 93
76 97
76 100
76 101
76 106
76 108
76 110
76 112
76 114
76 116
76 117
76 118
76 120
76 125
76 126
76 127
77 1
77 3
77 7
77 15
77 16
77 17
77 18
77 19
77 23
77 24
77 28
77 32
77 36
77 43
77 45
77 46
77 48
77 50
77 55
77 57
77 67
77 69
77 74
77 78
77 85
77 86
77 87
77 91
77 93
77 95
77 97
77 99
77 101
77 102
77 106
77 107
77 108
77 110
77 117
77 118
77 119
77 120
77 122
78 0
78 6
78 7
78 8
78 12
78 15
78 16
78 22
78 26
78 28
78 31
78 32
78 40
78 44
78 47
78 48
78 49
78 50
78 52
78 58
78 61
78 62
78 64
78 70
78 76
78 79
78 80
78 83
78 84
78 86
78 87
78 89
78 93
78 98
78 101
78 103
78 104
78 109
78 111
78 114
78 115
78 117
78 121
78 123
78 125
78 127
79 0
79 2
79 4
79 6
79 7
79 8
79 9
79 12
79 17
79 20
79 22
79 25
79 27
79 28
79 30
79 34
79 35
79 36
79 45
79 47
79 52
79 54
79 58
79 59
79 68
79 75
79 76
79 80
79 82
79 87
79 88
79 96
79 99
79 104
79 105
79 107
79 108
79 111
79 116
79 121
79 122
79 126
80 1
80 3
80 5
80 11
80 15
80 18
80 20
80 21
80 24
80 31
80 34
80 37
80 38
80 43
80 44
80 46
80 47
80 48
80 50
80 57
80 58
80 59
80 63
80 64
80 66
80 67
80 72
80 74
80 75
80 80
80 81
80 89
80 94
80 96
80 99
80 101
80 106
80 107
80 109
80 110
80 112
80 113
80 115
80 116
80 118
80 119
80 123
80 126
80 127
81 1
81 2
81 7
81 9
81 13
81 14
81 20
81 28
81 29
81 32
81 34
81 36
81 40
81 45
81 53
81 58
81 60
81 63
81 65
81 68
81 69
81 76
81 77
81 79
81 80
81 81
81 82
81 83
81 87
81 94
81 96
81 97
81 98
81 102
81 107
81 112
81 116
81 117
81 119
81 122
81 123
81 126
81 127
82 0
82 4
82 5
82 18
82 19
82 20
82 21
82 22
82 25
82 26
82 28
82 29
82 34
82 35
82 36
82 38
82 42
82 45
82 47
82 54
82 55
82 57
82 63
82 73
82 77
82 79
82 84
82 92
82 95
82 97
82 98
82 99
82 102
82 107
82 111
82 112
82 124
82 126
82 127
83 0
83 1
83 3
83 4
83 7
83 10
83 11
83 13
83 14
83 15
83 16
83 17
83 18
83 19
83 23
83 24
83 28
83 32
83 34
83 36
83 40
83 44
83 46
83 50
83 54
83 61
83 62
83 66
83 70
83 71
83 74
83 76
83 84
83 87
83 96
83 98
83 100
83 102
83 105
83 107
83 111
83 114
83 115
83 118
83 119
83 126
84 0
84 8
84 14
84 16
84 18
84 19
84 21
84 25
84 30
84 33
84 40
84 42
84 44
84 46
84 50
84 51
84 61
84 63
84 68
84 71
84 73
84 75
84 77
84 78
84 81
84 83
84 91
84 95
84 98
84 99
84 102
84 104
84 105
84 106
84 108
84 112
84 116
84 121
84 123
84 125
85 0
85 4
85 7
85 9
85 12
85 13
85 20
85 23
85 26
85 28
85 31
85 32
85 34
85 37
85 41
85 43
85 44
85 46
85 47
85 48
85 52
85 53
85 60
85 62
85 66
85 74
85 76
85 78
85 80
85 81
85 82
85 83
85 87
85 91
85 92
85 94
85 96
85 97
85 99
85 101
85 103
85 105
85 106
85 107
85 108
85 109
85 111
85 112
85 114
85 116
85 120
85 125
86 0
86 2
86 8
86 9
86 12
86 15
86 19
86 21
86 24
86 26
86 29
86 30
86 37
86 38
86 40
86 42
86 45
86 46
86 48
86 49
86 51
86 53
86 55
86 57
86 64
86 65
86 66
86 68
86 70
86 73
86 75
86 81
86 83
86 87
86 91
86 98
86 100
86 105
86 106
86 108
86 109
86 119
86 120
86 122
87 0
87 3
87 6
87 7
87 8
87 9
87 10
87 12
87 13
87 14
87 16
87 20
87 21
87 26
87 28
87 29
87 31
87 32
87 35
87 41
87 42
87 46
87 48
87 49
87 50
87 62
87 64
87 67
87 68
87 71
87 73
87 79
87 82
87 85
87 86
87 88
87 90
87 93
87 94
87 101
87 106
87 107
87 108
87 109
87 115
87 117
87 118
87 119
87 121
87 126
88 1
88 3
88 4
88 5
88 7
88 8
88 10
88 12
88 14
88 15
88 19
88 20
88 22
88 23
88 26
88 40
88 44
88 45
88 49
88 50
88 53
88 55
88 58
88 59
88 64
88 65
88 66
88 67
88 74
88 75
88 78
88 79
88 84
88 85
88 86
88 90
88 92
88 94
88 96
88 98
88 99
88 102
88 105
88 106
88 107
88 108
88 111
88 112
88 114
88 115
88 120
88 124
88 127
89 1
89 3
89 4
89 5
89 6
89 8
89 9
89 11
89 12
89 13
89 14
89 15
89 16
89 17
89 20
89 25
89 27
89 29
89 42
89 44
89 46
89 50
89 52
89 55
89 56
89 61
89 63
89 69
89 71
89 75
89 76
89 80
89 81
89 84
89 86
89 87
89 90
89 92
89 93
89 95
89 96
89 97
89 100
89 101
89 105
89 107
89 109
89 113
89 125
89 127
90 6
90 8
90 9
90 10
90 11
90 12
90 15
90 16
90 17
90 18
90 23
90 27
90 31
90 34
90 37
90 52
90 60
90 61
90 65
90 70
90 72
90 79
90 80
90 88
90 92
90 93
90 94
90 96
90 97
90 103
90 106
90 111
90 113
90 116
90 119
90 120
90 125
90 126
91 1
91 2
91 5
91 7
91 9
91 10
91 12
91 15
91 18
91 21
91 22
91 27
91 28
91 30
91 31
91 40
91 41
91 43
91 45
91 50
91 51
91 52
91 54
91 58
91 62
91 64
91 65
91 68
91 69
91 71
91 72
91 77
91 83
91 84
91 85
91 86
91 88
91 89
91 90
91 91
91 93
91 95
91 100
91 101
91 102
91 106
91 107
91 111
91 113
91 114
91 118
91 120
92 7
92 9
92 17
92 18
92 22
92 26
92 27
92 29
92 39
92 40
92 45
92 47
92 48
92 49
92 50
92 52
92 53
92 54
92 55
92 60
92 62
92 63
92 65
92 66
92 71
92 72
92 73
92 75
92 80
92 84
92 85
92 86
92 89
92 94
92 95
92 97
92 102
92 103
92 104
92 109
92 110
92 111
92 112
92 113
92 114
92 116
92 117
92 121
92 124
93 1
93 6
93 11
93 12
93 14
93 16
93 17
93 18
93 23
93 25
93 28
93 29
93 30
93 32
93 34
93 36
93 38
93 43
93 44
93 46
93 47
93 50
93 56
93 57
93 59
93 63
93 64
93 70
93 72
93 76
93 78
93 81
93 82
93 83
93 84
93 86
93 90
93 91
93 92
93 97
93 98
93 99
93 100
93 108
93 112
93 117
93 119
93 122
93 123
93 124
94 4
94 6
94 10
94 13
94 14
94 26
94 28
94 31
94 37
94 41
94 42
94 44
94 47
94 50
94 58
94 63
94 67
94 70
94 76
94 79
94 80
94 84
94 91
94 95
94 98
94 99
94 104
94 106
94 108
94 110
94 111
94 115
94 121
94 122
94 124
95 3
95 6
95 10
95 11
95 13
95 15
95 16
95 19
95 21
95 22
95 23
95 25
95 26
95 37
95 42
95 46
95 48
95 50
95 54
95 55
95 60
95 61
95 62
95 65
95 72
95 74
95 81
95 82
95 84
95 86
95 87
95 88
95 96
95 97
95 100
95 101
95 103
95 108
95 110
95 112
95 113
95 114
95 116
95 118
95 122
95 123
95 124
95 125
96 0
96 2
96 5
96 6
96 10
96 15
96 16
96 17
96 18
96 19
96 21
96 24
96 29
96 31
96 32
96 34
96 40
96 51
96 53
96 55
96 56
96 57
96 61
96 64
96 67
96 70
96 71
96 72
96 78
96 79
96 83
96 94
96 95
96 99
96 100
96 102
96 104
96 108
96 109
96 112
96 113
96 115
96 117
96 120
97 2
97 3
97 7
97 14
97 16
97 21
97 22
97 23
97 24
97 25
97 26
97 30
97 39
97 44
97 47
97 48
97 50
97 55
97 57
97 62
97 63
97 65
97 68
97 69
97 70
97 73
97 74
97 84
97 93
97 95
97 96
97 99
97 102
97 110
97 112
97 117
97 119
97 122
97 123
97 125
98 4
98 12
98 14
98 18
98 22
98 23
98 24
98 28
98 34
98 45
98 46
98 47
98 49
98 52
98 55
98 56
98 59
98 66
98 67
98 70
98 71
98 73
98 76
98 78
98 79
98 80
98 84
98 86
98 87
98 89
98 93
98 96
98 101
98 103
98 109
98 111
98 112
98 113
98 116
98 118
98 122
98 127
99 1
99 6
99 11
99 13
99 16
99 19
99 20
99 22
99 23
99 25
99 33
99 34
99 37
99 38
99 39
99 42
99 44
99 47
99 52
99 54
99 56
99 57
99 58
99 59
99 61
99 64
99 66
99 69
99 73
99 83
99 85
99 89
99 94
99 98
99 103
99 106
99 107
99 108
99 120
99 121
99 122
99 124
99 126
99 127
100 2
100 3
100 6
100 7
100 8
100 12
100 13
100 15
100 16
100 17
100 24
100 27
100 32
100 33
100 38
100 41
100 42
100 43
100 51
100 57
100 59
100 61
100 62
100 63
100 64
100 67
100 71
100 74
100 75
100 79
100 83
100 84
100 86
100 87
100 88
100 91
100 95
100 96
100 97
100 102
100 103
100 107
100 108
100 109
100 111
100 112
100 113
100 114
100 115
100 116
100 118
100 119
100 122
100 123
101 4
101 5
101 6
101 7
101 10
101 11
101 12
101 13
101 18
101 19
101 23
101 28
101 32
101 33
101 39
101 41
101 56
101 58
101 60
101 67
101 73
101 77
101 79
101 81
101 84
101 87
101 90
101 92
101 94
101 100
101 101
101 102
101 106
101 109
101 112
101 114
101 118
101 119
101 121
101 124
101 127
102 6
102 8
102 11
102 12
102 19
102 21
102 24
102 26
102 27
102 28
102 33
102 34
102 37
102 40
102 42
102 44
102 47
102 55
102 57
102 59
102 65
102 66
102 68
102 73
102 79
102 81
102 83
102 86
102 87
102 93
102 94
102 96
102 104
102 105
102 108
102 109
102 110
102 112
102 113
102 115
102 116
102 117
102 120
102 121
103 0
103 1
103 4
103 13
103 16
103 20
103 22
103 23
103 24
103 26
103 29
103 30
103 33
103 35
103 43
103 44
103 47
103 51
103 55
103 58
103 59
103 63
103 64
103 65
103 66
103 67
103 68
103 69
103 73
103 78
103 80
103 81
103 85
103 88
103 91
103 94
103 95
103 98
103 104
103 107
103 113
103 122
104 5
104 6
104 7
104 11
104 16
104 17
104 18
104 20
104 22
104 23
104 31
104 32
104 34
104 35
104 43
104 50
104 55
104 56
104 60
104 66
104 68
104 72
104 73
104 74
104 77
104 80
104 83
104 86
104 88
104 93
104 94
104 96
104 100
104 101
104 102
104 104
104 107
104 108
104 110
104 111
104 112
104 113
104 116
104 118
104 121
105 2
105 3
105 7
105 10
105 11
105 18
105 21
105 23
105 33
105 35
105 36
105 40
105 41
105 44
105 45
105 47
105 48
105 49
105 50
105 53
105 55
105 60
105 62
105 63
105 65
105 67
105 68
105 75
105 76
105 81
105 82
105 83
105 84
105 87
105 88
105 90
105 93
105 96
105 97
105 99
105 100
105 102
105 104
105 111
105 113
105 117
105 118
105 122
105 123
105 125
106 1
106 2
106 7
106 8
106 17
106 18
106 19
106 21
106 24
106 30
106 31
106 35
106 37
106 40
106 47
106 48
106 53
106 54
106 57
106 63
106 66
106 71
106 73
106 77
106 78
106 81
106 87
106 93
106 94
106 97
106 104
106 108
106 115
106 118
106 120
106 124
106 126
106 127
107 0
107 2
107 4
107 5
107 9
107 11
107 12
107 14
107 17
107 19
107 20
107 22
107 32
107 37
107 40
107 45
107 46
107 50
107 52
107 56
107 63
107 64
107 68
107 71
107 75
107 76
107 77
107 78
107 81
107 84
107 86
107 90
107 94
107 100
107 102
107 106
107 109
107 110
107 112
107 113
107 114
107 115
107 117
107 122
107 125
108 0
108 1
108 7
108 18
108 19
108 21
108 25
108 26
108 27
108 28
108 36
108 38
108 44
108 47
108 49
108 50
108 51
108 57
108 64
108 67
108 70
108 71
108 72
108 75
108 83
108 88
108 92
108 93
108 95
108 96
108 100
108 101
108 104
108 105
108 106
108 108
108 111
108 112
108 113
108 114
108 115
108 117
108 118
108 119
108 121
108 123
108 125
108 126
108 127
109 1
109 2
109 3
109 5
109 7
109 12
109 13
109 19
109 21
109 22
109 28
109 31
109 32
109 36
109 40
109 41
109 42
109 48
109 50
109 53
109 54
109 55
109 56
109 59
109 60
109 63
109 65
109 66
109 68
109 70
109 77
109 82
109 83
109 85
109 87
109 91
109 95
109 101
109 103
109 105
109 109
109 110
109 114
109 115
109 120
109 122
110 2
110 6
110 9
110 10
110 12
110 14
110 22
110 26
110 27
110 32
110 37
110 38
110 44
110 47
110 52
110 57
110 59
110 62
110 64
110 65
110 67
110 70
110 71
110 72
110 73
110 75
110 77
110 78
110 79
110 81
110 91
110 96
110 97
110 99
110 100
110 106
110 107
110 111
110 112
110 114
110 120
110 122
110 123
110 124
110 126
111 4
111 6
111 7
111 8
111 12
111 14
111 15
111 25
111 26
111 27
111 28
111 32
111 34
111 35
111 36
111 41
111 42
111 45
111 48
111 50
111 54
111 55
111 62
111 64
111 67
111 69
111 70
111 72
111 75
111 78
111 80
111 84
111 86
111 91
111 98
111 100
111 104
111 107
111 110
111 115
111 116
111 118
111 120
111 121
111 123
111 124
111 125
112 0
112 1
112 6
112 7
112 8
112 10
112 11
112 19
112 21
112 24
112 25
112 27
112 28
112 30
112 31
112 34
112 35
112 36
112 37
112 40
112 44
112 45
112 49
112 53
112 54
112 55
112 56
112 57
112 59
112 64
112 71
112 79
112 82
112 83
112 84
112 86
112 87
112 89
112 90
112 91
112 96
112 99
112 105
112 108
112 110
112 111
112 118
112 119
112 120
112 122
112 123
112 127
113 0
113 1
113 5
113 9
113 10
113 17
113 18
113 21
113 32
113 38
113 40
113 41
113 43
113 49
113 52
113 53
113 56
113 59
113 60
113 61
113 63
113 64
113 71
113 72
113 77
113 78
113 81
113 82
113 85
113 88
113 91
113 96
113 97
113 99
113 103
113 107
113 109
113 111
113 116
113 117
113 123
114 0
114 2
114 7
114 9
114 14
114 15
114 20
114 22
114 24
114 25
114 30
114 32
114 33
114 35
114 37
114 39
114 40
114 41
114 42
114 44
114 50
114 52
114 58
114 60
114 61
114 69
114 70
114 75
114 76
114 77
114 78
114 80
114 81
114 88
114 90
114 94
114 97
114 100
114 105
114 107
114 113
114 114
114 116
114 118
114 120
114 121
114 124
114 126
115 3
115 5
115 8
115 11
115 13
115 14
115 15
115 17
115 20
115 21
115 22
115 23
115 24
115 27
115 28
115 30
115 36
115 37
115 38
115 39
115 41
115 44
115 49
115 50
115 55
115 64
115 65
115 68
115 69
115 70
115 71
115 73
115 74
115 76
115 80
115 82
115 84
115 85
115 86
115 91
115 92
115 93
115 95
115 97
115 99
115 100
115 103
115 104
115 105
115 110
115 111
115 115
115 116
115 118
115 119
115 120
115 125
115 126
116 0
116 4
116 6
116 8
116 11
116 14
116 18
116 19
116 23
116 25
116 30
116 34
116 36
116 39
116 47
116 51
116 53
116 54
116 57
116 59
116 62
116 77
116 79
116 81
116 82
116 92
116 94
116 97
116 98
116 100
116 102
116 105
116 112
116 116
116 119
116 120
116 121
116 122
116 123
116 126
117 2
117 16
117 18
117 19
117 20
117 25
117 26
117 28
117 29
117 33
117 36
117 45
117 47
117 51
117 52
117 54
117 59
117 61
117 62
117 63
117 64
117 66
117 67
117 68
117 69
117 72
117 75
117 77
117 78
117 82
117 83
117 88
117 91
117 93
117 95
117 96
117 101
117 103
117 104
117 112
117 113
117 114
117 117
117 119
117 120
117 121
118 3
118 7
118 11
118 12
118 15
118 23
118 24
118 25
118 26
118 29
118 35
118 37
118 38
118 39
118 42
118 43
118 44
118 45
118 52
118 54
118 68
118 70
118 77
118 78
118 83
118 85
118 87
118 91
118 95
118 99
118 100
118 102
118 105
118 108
118 109
118 112
118 115
118 118
118 121
118 122
118 124
118 125
119 1
119 3
119 5
119 6
119 7
119 18
119 19
119 20
119 21
119 27
119 29
119 31
119 33
119 34
119 37
119 40
119 42
119 45
119 47
119 48
119 49
119 50
119 53
119 55
119 58
119 62
119 66
119 67
119 68
119 73
119 75
119 78
119 81
119 82
119 83
119 84
119 85
119 87
119 89
119 92
119 99
119 103
119 108
119 109
119 110
119 119
119 122
119 127
120 3
120 4
120 9
120 10
120 13
120 17
120 19
120 23
120 24
120 29
120 33
120 34
120 35
120 37
120 38
120 39
120 42
120 45
120 46
120 48
120 51
120 53
120 55
120 58
120 60
120 64
120 65
120 68
120 74
120 78
120 80
120 81
120 86
120 88
120 97
120 98
120 99
120 100
120 103
120 104
120 106
120 108
120 109
120 117
120 121
120 123
121 0
121 5
121 6
121 10
121 11
121 12
121 16
121 17
121 18
121 23
121 25
121 27
121 29
121 35
121 36
121 37
121 38
121 39
121 42
121 45
121 48
121 53
121 54
121 59
121 60
121 65
121 66
121 67
121 68
121 75
121 76
121 79
121 84
121 87
121 88
121 91
121 92
121 96
121 98
121 100
121 102
121 110
121 112
121 113
121 116
121 117
121 122
122 1
122 5
122 6
122 7
122 9
122 11
122 16
122 26
122 29
122 34
122 35
122 40
122 52
122 55
122 64
122 65
122 69
122 72
122 76
122 78
122 79
122 82
122 83
122 89
122 90
122 93
122 95
122 97
122 100
122 101
122 109
122 110
122 111
122 113
122 115
122 118
122 119
122 121
122 124
123 1
123 3
123 6
123 10
123 11
123 17
123 20
123 21
123 30
123 31
123 35
123 38
123 39
123 40
123 42
123 47
123 49
123 52
123 55
123 57
123 60
123 62
123 65
123 70
123 71
123 79
123 80
123 89
123 90
123 92
123 94
123 96
123 97
123 100
123 102
123 105
123 110
123 113
123 114
123 115
123 118
123 119
123 120
123 122
123 123
123 125
123 127
124 1
124 2
124 4
124 5
124 11
124 12
124 22
124 23
124 26
124 27
124 29
124 30
124 32
124 33
124 37
124 43
124 45
124 48
124 50
124 52
124 53
124 55
124 57
124 59
124 60
124 61
124 64
124 68
124 70
124 71
124 72
124 74
124 76
124 77
124 80
124 81
124 84
124 87
124 93
124 99
124 104
124 111
124 112
124 114
124 117
124 120
124 122
124 124
125 0
125 1
125 2
125 12
125 14
125 15
125 19
125 20
125 21
125 33
125 34
125 38
125 41
125 43
125 47
125 50
125 66
125 68
125 69
125 72
125 73
125 75
125 76
125 77
125 78
125 79
125 81
125 82
125 83
125 84
125 85
125 90
125 98
125 99
125 105
125 106
125 112
125 113
125 115
125 123
125 124
125 127
126 1
126 3
126 4
126 5
126 8
126 9
126 15
126 17
126 18
126 22
126 23
126 26
126 33
126 34
126 35
126 39
126 41
126 49
126 54
126 55
126 68
126 69
126 70
126 71
126 72
126 74
126 75
126 76
126 78
126 81
126 98
126 99
126 100
126 101
126 106
126 107
126 109
126 110
126 113
126 116
126 121
126 124
126 127
127 2
127 4
127 5
127 6
127 7
127 9
127 14
127 22
127 24
127 26
127 28
127 32
127 37
127 40
127 42
127 44
127 47
127 55
127 57
127 59
127 60
127 61
127 63
127 66
127 70
127 78
127 79
127 81
127 83
127 85
127 86
127 87
127 88
127 90
127 95
127 96
127 98
127 103
127 104
127 105
127 106
127 114
127 122
127 123
127 125
