0 3
0 9
0 14
0 68
0 106
0 108
2 20
2 29
2 86
2 95
2 105
4 45
4 97
5 87
5 89
5 121
6 40
6 43
6 107
7 11
7 21
7 36
7 97
7 111
7 119
8 12
8 14
9 4
9 70
9 92
10 7
10 36
10 97
11 3
11 33
11 46
11 61
11 107
11 113
11 115
12 15
12 54
12 102
13 11
13 74
13 78
13 81
13 83
13 114
14 33
14 49
14 89
14 97
15 17
15 24
15 38
15 58
15 64
16 56
16 89
17 66
17 110
17 114
18 0
18 59
18 65
18 119
18 120
19 45
19 54
19 113
20 19
20 37
20 45
20 62
20 72
20 110
21 2
21 27
21 74
22 64
22 119
23 16
23 45
23 83
23 92
23 95
24 14
24 60
25 36
25 38
25 61
25 69
26 4
26 36
26 39
26 126
27 94
28 51
28 62
28 108
28 109
28 120
29 113
29 117
30 44
30 67
30 72
30 78
31 1
31 48
31 73
31 74
31 80
31 103
31 127
32 0
32 7
32 13
32 127
33 8
33 20
33 73
33 86
34 41
34 43
34 64
34 69
34 79
34 118
34 121
35 122
35 125
36 5
36 89
37 6
37 25
37 27
37 126
38 30
38 41
38 75
38 94
38 100
38 117
38 127
39 5
39 34
39 95
40 7
40 11
40 62
40 95
41 3
41 21
41 82
41 117
42 6
42 53
42 65
42 124
43 98
43 111
43 121
43 125
44 3
45 22
45 45
45 70
45 93
45 108
46 55
47 8
47 28
47 47
47 66
47 68
47 73
48 3
48 20
48 47
48 75
48 86
48 93
48 116
49 4
49 44
49 73
49 110
49 115
49 124
50 57
50 94
50 95
51 108
51 112
52 27
52 41
53 19
53 45
53 53
53 58
53 72
53 123
54 47
54 73
54 87
54 92
55 3
55 21
55 80
55 96
56 23
56 42
56 47
56 56
56 61
56 77
56 109
56 116
56 125
57 0
57 27
57 30
57 75
57 76
57 102
57 115
57 127
58 29
58 63
58 72
58 97
58 103
58 108
58 117
59 68
60 33
60 54
60 56
60 87
60 102
60 104
61 6
61 31
61 56
61 92
62 0
62 25
62 27
62 56
62 69
63 10
63 28
63 45
63 63
64 89
64 119
64 127
65 47
65 91
66 104
66 122
67 7
67 28
67 40
67 44
67 51
67 69
67 124
68 2
68 13
68 29
68 67
68 79
68 91
68 115
68 126
69 57
69 109
70 7
70 49
70 113
70 121
71 30
71 78
71 90
71 101
71 115
72 36
72 66
72 83
72 111
73 3
73 28
73 41
73 91
73 105
73 106
74 12
74 55
74 84
74 127
75 21
75 47
75 79
75 100
75 125
76 38
76 49
76 80
77 21
77 67
77 104
78 70
79 0
79 59
80 16
80 105
80 112
81 6
81 18
81 48
81 73
81 100
81 107
82 15
82 95
83 15
83 20
83 79
83 92
83 98
83 114
83 119
84 44
84 53
84 56
84 106
85 90
85 96
85 115
86 7
86 11
86 46
86 61
86 73
86 92
86 102
87 45
88 2
88 14
88 17
88 117
89 8
89 43
89 55
89 111
89 119
90 16
90 23
90 81
90 83
90 93
90 116
91 60
91 106
92 75
93 33
93 54
93 57
93 64
93 98
93 102
93 113
94 100
94 114
95 32
95 63
96 1
96 18
96 44
96 51
96 54
97 26
98 64
98 87
98 92
99 18
99 41
99 108
100 12
100 39
100 48
100 116
100 127
101 50
101 124
102 0
102 1
102 10
102 24
102 44
102 71
102 94
102 110
103 83
103 85
104 21
104 38
105 86
105 99
105 106
106 7
106 30
106 95
107 45
107 55
107 75
108 12
108 110
109 62
109 113
109 120
110 6
110 13
110 55
110 85
111 5
111 17
111 27
111 33
111 70
111 77
111 92
112 90
112 110
113 79
114 16
114 64
114 114
115 12
115 36
115 46
115 55
115 60
115 81
115 97
115 125
116 6
116 21
116 39
116 98
116 106
116 123
117 27
117 34
117 85
117 100
117 112
118 40
118 67
118 97
118 120
119 34
119 70
119 93
119 105
120 74
120 86
121 8
121 9
121 13
121 57
121 85
121 119
122 111
122 124
123 112
123 113
123 121
124 8
124 31
124 60
124 69
124 119
125 7
125 49
125 61
125 69
126 25
126 35
126 67
126 72
126 95
126 106
127 28
127 46
127 55
127 69
