0 14
0 40
0 51
0 59
0 66
0 69
0 72
0 75
0 76
0 81
0 87
0 99
0 105
1 0
1 5
1 12
1 13
1 25
1 26
1 35
1 40
1 52
1 60
1 71
1 73
1 74
1 82
1 96
1 113
1 115
1 118
1 121
1 123
2 34
2 62
2 74
2 76
2 86
2 90
2 110
2 124
3 0
3 8
3 40
3 51
3 54
3 57
3 62
3 72
3 85
3 108
3 112
3 122
3 124
4 3
4 9
4 25
4 31
4 39
4 46
4 55
4 56
4 68
4 73
4 94
4 95
4 100
4 107
4 114
4 119
5 5
5 6
5 9
5 17
5 20
5 29
5 38
5 40
5 44
5 46
5 56
5 60
5 62
5 79
5 88
5 96
5 98
5 104
5 111
5 117
5 118
6 10
6 18
6 26
6 45
6 74
6 85
6 89
6 94
6 101
7 16
7 32
7 49
7 51
7 64
7 68
7 81
7 97
7 98
7 106
7 111
8 32
8 58
8 67
8 69
8 73
8 79
8 103
8 124
9 2
9 6
9 24
9 32
9 34
9 37
9 81
9 83
9 95
9 110
9 115
10 0
10 26
10 33
10 59
10 66
10 73
10 114
10 116
10 119
10 120
10 127
11 7
11 24
11 30
11 31
11 45
11 46
11 55
11 83
11 87
11 109
11 112
11 126
12 2
12 3
12 8
12 24
12 29
12 47
12 51
12 60
12 64
12 70
12 79
12 92
12 107
13 7
13 28
13 54
13 59
13 98
13 104
13 106
13 119
14 24
14 46
14 63
14 75
14 77
14 82
14 91
14 92
14 99
14 114
15 26
15 27
15 33
15 39
15 47
15 50
15 58
15 60
15 61
15 63
15 66
15 108
15 111
15 113
15 114
15 127
16 0
16 11
16 35
16 44
16 49
16 70
16 74
16 102
16 109
16 116
16 117
17 14
17 17
17 25
17 36
17 40
17 48
17 57
17 62
17 65
17 68
17 69
17 76
17 84
17 87
17 89
17 99
17 105
17 108
17 113
17 117
17 121
17 122
17 124
17 126
17 127
18 6
18 9
18 16
18 26
18 40
18 54
18 71
18 73
18 74
18 106
18 113
18 118
18 125
18 126
19 42
19 46
19 47
19 60
19 105
19 114
19 126
20 14
20 25
20 33
20 51
20 56
20 65
20 102
20 104
20 126
21 1
21 16
21 22
21 23
21 27
21 39
21 50
21 58
21 60
21 62
21 82
21 96
21 99
21 101
21 115
22 3
22 12
22 13
22 23
22 52
22 64
22 75
22 78
22 108
22 127
23 1
23 5
23 8
23 16
23 27
23 34
23 37
23 40
23 69
23 77
23 106
23 111
23 122
24 9
24 41
24 51
24 52
24 53
24 58
24 74
24 106
24 120
25 19
25 23
25 25
25 29
25 52
25 53
25 58
25 61
25 63
25 84
25 99
25 101
25 121
25 122
26 10
26 33
26 43
26 62
26 73
26 75
26 85
26 97
26 106
27 0
27 19
27 21
27 22
27 24
27 31
27 39
27 53
27 54
27 74
27 103
27 107
28 7
28 8
28 11
28 15
28 17
28 44
28 47
28 51
28 60
28 71
28 73
28 91
28 97
28 116
28 120
29 9
29 13
29 20
29 23
29 24
29 32
29 37
29 57
29 59
29 74
29 90
29 91
29 97
29 98
29 127
30 0
30 12
30 17
30 26
30 54
30 66
30 70
30 83
30 92
30 94
30 106
31 13
31 21
31 24
31 28
31 29
31 31
31 43
31 50
31 70
31 75
31 81
31 90
31 102
31 108
31 111
31 117
31 121
31 125
32 1
32 2
32 18
32 30
32 37
32 60
32 80
32 87
32 94
32 98
32 103
32 111
32 122
33 6
33 17
33 26
33 47
33 51
33 87
33 88
33 100
33 116
33 121
33 123
34 9
34 18
34 27
34 36
34 41
34 75
34 78
34 81
34 94
34 100
34 110
34 114
34 116
35 6
35 7
35 8
35 20
35 35
35 40
35 43
35 63
35 79
35 88
35 97
35 98
35 112
35 117
35 127
36 20
36 39
36 72
36 77
36 81
36 91
36 95
36 113
37 8
37 11
37 30
37 37
37 43
37 64
37 67
37 83
37 92
37 127
38 3
38 4
38 17
38 24
38 26
38 48
38 62
38 67
38 82
38 89
38 96
39 11
39 14
39 20
39 35
39 60
39 68
39 101
39 106
39 122
40 4
40 14
40 26
40 30
40 38
40 56
40 66
40 70
40 91
40 99
40 102
41 12
41 27
41 48
41 51
41 58
41 64
41 79
41 80
41 97
41 98
41 105
41 108
42 1
42 17
42 22
42 30
42 31
42 35
42 50
42 56
42 59
42 62
42 64
42 72
42 73
42 88
42 109
42 124
43 22
43 30
43 31
43 37
43 50
43 56
43 57
43 60
43 69
43 79
43 82
43 91
43 94
43 112
43 120
44 13
44 30
44 31
44 34
44 37
44 40
44 54
44 56
44 88
44 110
45 3
45 20
45 61
45 62
45 69
45 70
45 71
45 78
45 107
45 111
45 113
45 114
45 120
45 123
46 6
46 43
46 51
46 63
46 72
46 74
46 86
46 92
46 125
47 1
47 5
47 10
47 17
47 33
47 35
47 36
47 47
47 56
47 71
47 85
47 89
47 106
47 108
47 109
47 111
47 125
48 2
48 6
48 8
48 23
48 37
48 48
48 66
48 67
48 68
48 70
48 77
48 78
48 86
48 87
48 104
48 112
49 6
49 7
49 12
49 17
49 32
49 33
49 47
49 51
49 70
49 73
49 78
49 84
49 91
49 92
49 96
49 99
49 101
49 103
49 113
50 4
50 6
50 13
50 16
50 17
50 42
50 77
50 87
50 90
50 96
50 104
50 107
50 108
50 127
51 42
51 57
51 61
51 70
51 71
51 77
51 89
51 93
51 95
51 116
51 117
51 119
51 122
51 123
51 126
52 7
52 9
52 11
52 39
52 49
52 57
52 61
52 92
52 94
52 103
52 104
52 115
53 13
53 28
53 32
53 42
53 55
53 60
53 64
53 70
53 89
53 108
53 116
53 124
54 6
54 36
54 39
54 47
54 48
54 51
54 60
54 63
54 71
54 93
54 114
54 117
54 123
54 124
55 0
55 7
55 27
55 48
55 51
55 53
55 59
55 77
55 91
55 95
56 20
56 42
56 72
56 99
56 100
56 107
57 4
57 8
57 13
57 26
57 28
57 53
57 56
57 80
57 119
57 123
58 19
58 45
58 51
58 60
58 62
58 77
58 106
58 115
58 117
59 3
59 8
59 9
59 25
59 27
59 30
59 58
59 74
59 86
59 94
59 99
59 102
59 110
59 121
59 124
60 8
60 32
60 49
60 58
60 74
60 76
60 77
60 79
60 107
60 108
60 116
60 123
61 6
61 7
61 16
61 20
61 35
61 42
61 69
61 73
61 96
61 99
61 107
61 115
61 117
61 127
62 0
62 14
62 21
62 32
62 43
62 49
62 65
62 88
62 90
62 93
62 101
62 105
62 110
62 115
62 121
63 4
63 5
63 32
63 33
63 39
63 47
63 60
63 105
63 116
63 127
64 35
64 38
64 46
64 63
64 64
64 69
64 90
64 105
64 106
64 113
64 127
65 6
65 16
65 18
65 22
65 35
65 44
65 47
65 54
65 71
65 83
65 85
65 103
65 120
65 123
66 2
66 12
66 14
66 40
66 47
66 93
66 114
66 116
66 118
66 123
67 4
67 22
67 26
67 28
67 48
67 49
67 54
67 58
67 82
67 84
67 86
67 89
67 100
67 112
67 120
68 5
68 6
68 37
68 73
68 75
68 86
68 95
68 103
68 109
68 119
68 121
68 125
69 2
69 8
69 12
69 22
69 36
69 45
69 48
69 60
69 68
69 77
69 82
69 109
69 111
69 121
69 127
70 0
70 13
70 20
70 30
70 42
70 51
70 55
70 62
70 71
70 74
70 97
70 102
70 105
70 106
70 108
70 109
70 110
70 118
70 120
71 0
71 18
71 19
71 21
71 63
71 64
71 77
71 91
71 95
71 124
71 126
72 7
72 21
72 31
72 45
72 64
72 71
72 76
72 93
73 4
73 11
73 16
73 20
73 41
73 76
73 94
73 100
73 108
73 114
73 115
73 119
73 126
74 2
74 23
74 26
74 36
74 38
74 47
74 50
74 60
74 64
74 76
74 80
74 83
74 89
74 92
74 110
74 120
74 123
74 124
75 11
75 59
75 61
75 89
75 98
75 105
75 123
75 125
76 2
76 3
76 14
76 25
76 36
76 39
76 56
76 66
76 74
76 80
76 99
76 103
76 116
76 121
77 12
77 34
77 53
77 54
77 60
77 63
77 69
77 86
77 87
77 94
77 101
78 12
78 21
78 24
78 53
78 55
78 67
78 80
78 96
78 98
78 100
78 126
79 24
79 30
79 32
79 39
79 43
79 44
79 46
79 48
79 50
79 57
79 65
79 71
79 114
80 1
80 13
80 23
80 47
80 48
80 63
80 66
80 78
80 101
80 104
80 126
81 24
81 29
81 43
81 70
81 76
81 77
81 92
81 97
81 101
81 117
81 122
81 127
82 10
82 13
82 20
82 23
82 38
82 40
82 42
82 43
82 59
82 63
82 67
82 89
82 94
82 105
82 106
82 115
82 125
83 2
83 10
83 14
83 15
83 17
83 21
83 74
83 75
83 85
83 90
83 93
83 100
83 101
84 26
84 55
84 70
84 78
84 83
84 90
84 101
84 107
84 109
84 125
84 127
85 5
85 40
85 46
85 51
85 69
85 88
85 89
85 91
85 106
85 110
85 115
85 123
85 125
86 4
86 6
86 15
86 16
86 38
86 44
86 49
86 53
86 60
86 65
86 78
86 81
86 82
86 83
86 84
86 93
86 97
86 99
86 111
87 11
87 36
87 38
87 42
87 43
87 52
87 64
87 69
87 71
87 88
87 90
87 120
88 2
88 14
88 33
88 37
88 46
88 50
88 54
88 63
88 83
88 90
88 120
88 122
89 29
89 31
89 38
89 50
89 58
89 64
89 66
89 80
89 90
89 92
89 94
89 96
89 97
89 101
89 106
89 120
89 124
90 1
90 11
90 16
90 26
90 40
90 44
90 51
90 62
90 70
90 75
90 90
90 91
90 96
90 115
90 116
91 11
91 13
91 19
91 32
91 44
91 47
91 56
91 61
91 80
91 96
91 118
91 121
92 3
92 11
92 16
92 21
92 31
92 36
92 56
92 61
92 70
92 85
92 88
92 101
92 105
92 108
92 113
92 118
92 120
92 127
93 11
93 16
93 17
93 21
93 25
93 36
93 42
93 44
93 91
93 93
93 112
93 122
94 21
94 26
94 28
94 44
94 52
94 53
94 57
94 80
94 81
94 88
94 89
94 100
94 109
95 5
95 42
95 45
95 49
95 56
95 58
95 65
95 72
95 90
95 92
95 95
95 110
95 127
96 3
96 22
96 24
96 26
96 36
96 53
96 54
96 55
96 81
96 82
96 96
96 103
96 115
96 116
97 15
97 17
97 19
97 55
97 69
97 96
97 103
97 107
97 117
98 21
98 53
98 55
98 67
98 76
98 79
98 80
98 82
98 93
98 117
98 119
98 123
99 8
99 23
99 25
99 28
99 34
99 35
99 54
99 68
99 81
99 87
99 88
99 97
99 103
99 109
99 116
99 127
100 8
100 10
100 14
100 16
100 19
100 30
100 32
100 41
100 42
100 49
100 52
100 59
100 74
100 85
100 95
100 104
101 8
101 9
101 13
101 23
101 33
101 34
101 37
101 41
101 43
101 45
101 46
101 47
101 54
101 59
101 66
101 69
101 78
101 84
101 111
101 119
101 120
101 123
102 0
102 2
102 42
102 47
102 58
102 65
102 70
102 71
102 76
102 79
102 96
102 109
102 114
102 125
103 4
103 8
103 19
103 21
103 27
103 58
103 70
103 71
103 72
103 78
103 80
103 83
103 110
104 0
104 2
104 8
104 15
104 20
104 32
104 39
104 40
104 60
104 63
104 79
104 83
104 86
104 96
104 112
105 32
105 43
105 61
105 66
105 105
105 112
105 113
106 19
106 23
106 27
106 38
106 62
106 73
106 76
106 86
106 95
106 99
106 103
107 0
107 7
107 10
107 29
107 38
107 54
107 55
107 56
107 62
107 72
107 75
107 86
107 106
107 118
108 1
108 8
108 15
108 18
108 19
108 21
108 26
108 31
108 33
108 48
108 49
108 66
108 95
108 101
108 111
108 121
109 3
109 9
109 12
109 14
109 15
109 28
109 30
109 38
109 73
109 74
109 82
109 84
109 93
109 104
109 114
109 118
109 122
110 3
110 11
110 12
110 20
110 31
110 34
110 37
110 41
110 53
110 67
110 79
110 93
110 98
110 103
110 106
110 126
111 1
111 18
111 28
111 31
111 36
111 48
111 50
111 51
111 73
111 83
111 100
111 103
111 115
112 5
112 9
112 22
112 35
112 40
112 56
112 67
112 82
112 84
112 88
112 102
112 107
112 115
112 121
112 122
112 123
113 4
113 8
113 82
113 85
113 96
113 97
113 117
114 12
114 34
114 45
114 46
114 49
114 100
114 118
115 1
115 5
115 16
115 17
115 39
115 46
115 65
115 92
115 112
115 120
116 2
116 28
116 61
116 72
116 79
116 92
116 94
116 107
117 18
117 19
117 25
117 35
117 37
117 47
117 57
117 64
117 67
117 70
117 95
117 96
117 113
118 6
118 24
118 27
118 38
118 47
118 73
118 81
118 87
118 91
118 94
118 107
119 2
119 4
119 20
119 21
119 24
119 29
119 34
119 46
119 50
119 72
119 80
119 84
119 87
119 94
119 98
119 100
119 122
120 8
120 21
120 40
120 41
120 50
120 51
120 62
120 67
120 80
120 83
120 84
120 101
120 103
120 108
120 118
120 120
120 126
121 22
121 35
121 54
121 63
121 65
121 73
121 81
121 84
121 87
121 88
121 101
121 104
121 109
121 123
122 55
122 58
122 77
122 110
122 114
122 115
123 31
123 44
123 46
123 65
123 81
123 93
123 96
123 109
123 113
123 115
124 17
124 32
124 35
124 40
124 56
124 71
124 73
124 95
124 109
125 28
125 39
125 80
125 83
125 86
125 90
125 94
125 103
126 6
126 8
126 10
126 16
126 19
126 49
126 79
126 100
126 105
126 109
126 117
126 121
127 5
127 6
127 10
127 15
127 20
127 23
127 29
127 32
127 44
127 49
127 50
127 56
127 62
127 83
127 86
127 95
127 107
127 109
127 111
127 114
127 116
