0 1
0 2
0 3
0 6
0 13
0 16
0 18
0 19
0 38
0 40
0 41
0 44
0 45
0 46
0 50
0 52
0 62
0 63
0 64
0 69
0 70
0 71
0 77
0 78
0 79
0 80
0 83
0 85
0 91
0 95
0 103
0 109
0 114
0 120
0 122
1 4
1 8
1 12
1 13
1 14
1 23
1 24
1 28
1 30
1 32
1 34
1 41
1 44
1 48
1 50
1 54
1 55
1 56
1 57
1 59
1 60
1 61
1 62
1 65
1 68
1 69
1 73
1 74
1 77
1 79
1 80
1 81
1 83
1 85
1 89
1 90
1 96
1 100
1 101
1 108
1 115
1 118
1 120
1 123
2 0
2 1
2 5
2 8
2 10
2 11
2 13
2 17
2 18
2 19
2 21
2 29
2 30
2 32
2 35
2 37
2 38
2 42
2 45
2 49
2 51
2 55
2 62
2 64
2 65
2 66
2 69
2 71
2 84
2 87
2 94
2 96
2 98
2 105
2 106
2 112
2 113
2 114
2 125
3 1
3 4
3 5
3 10
3 21
3 22
3 27
3 28
3 33
3 34
3 35
3 40
3 41
3 44
3 46
3 50
3 51
3 58
3 62
3 66
3 67
3 68
3 72
3 74
3 75
3 76
3 79
3 80
3 84
3 87
3 90
3 92
3 101
3 104
3 111
3 113
3 117
3 119
3 120
3 122
3 125
4 0
4 2
4 3
4 5
4 7
4 19
4 22
4 28
4 32
4 33
4 39
4 42
4 46
4 49
4 50
4 51
4 52
4 53
4 54
4 57
4 59
4 65
4 66
4 68
4 72
4 76
4 79
4 85
4 87
4 88
4 91
4 93
4 98
4 101
4 103
4 105
4 110
4 111
4 114
4 118
4 122
4 125
5 0
5 1
5 4
5 6
5 8
5 9
5 10
5 13
5 17
5 19
5 20
5 21
5 22
5 25
5 28
5 31
5 33
5 34
5 35
5 38
5 40
5 42
5 45
5 46
5 50
5 51
5 52
5 54
5 58
5 62
5 64
5 68
5 78
5 79
5 83
5 84
5 91
5 99
5 103
5 105
5 113
5 114
5 116
5 117
5 122
5 123
5 125
6 0
6 6
6 7
6 14
6 17
6 18
6 19
6 20
6 21
6 29
6 39
6 47
6 49
6 54
6 59
6 60
6 64
6 69
6 73
6 83
6 85
6 89
6 93
6 102
6 105
6 109
6 110
6 118
6 119
6 120
6 125
7 1
7 6
7 9
7 13
7 18
7 19
7 22
7 23
7 29
7 30
7 34
7 35
7 45
7 46
7 52
7 55
7 57
7 59
7 60
7 68
7 69
7 71
7 72
7 76
7 79
7 82
7 83
7 86
7 88
7 92
7 93
7 99
7 104
7 106
7 115
7 116
7 117
7 119
7 125
7 126
8 0
8 2
8 6
8 12
8 13
8 21
8 27
8 29
8 37
8 38
8 39
8 40
8 44
8 53
8 55
8 56
8 61
8 62
8 65
8 67
8 68
8 69
8 70
8 73
8 77
8 78
8 79
8 82
8 87
8 89
8 92
8 94
8 95
8 98
8 101
8 104
8 107
8 113
8 116
8 123
8 126
9 0
9 1
9 4
9 5
9 10
9 11
9 14
9 22
9 24
9 25
9 26
9 32
9 42
9 50
9 52
9 53
9 62
9 66
9 69
9 71
9 74
9 78
9 82
9 84
9 87
9 88
9 89
9 92
9 97
9 99
9 100
9 101
9 103
9 104
9 107
9 110
9 119
9 124
9 127
10 4
10 10
10 19
10 23
10 28
10 32
10 38
10 39
10 43
10 48
10 53
10 54
10 57
10 58
10 60
10 66
10 67
10 69
10 72
10 74
10 77
10 83
10 84
10 86
10 94
10 95
10 96
10 98
10 101
10 102
10 104
10 105
10 107
10 114
10 116
10 122
10 123
10 126
11 2
11 13
11 15
11 17
11 18
11 22
11 23
11 25
11 27
11 29
11 32
11 35
11 41
11 47
11 53
11 54
11 56
11 58
11 63
11 64
11 69
11 70
11 71
11 75
11 79
11 84
11 85
11 87
11 92
11 113
11 115
11 117
11 122
11 125
11 126
12 0
12 6
12 9
12 10
12 11
12 13
12 15
12 21
12 33
12 37
12 39
12 50
12 51
12 52
12 54
12 60
12 65
12 69
12 74
12 76
12 78
12 81
12 83
12 85
12 86
12 89
12 90
12 95
12 97
12 100
12 104
12 106
12 117
12 122
12 123
12 124
13 2
13 5
13 11
13 13
13 15
13 18
13 26
13 33
13 35
13 38
13 39
13 40
13 45
13 52
13 70
13 77
13 78
13 79
13 83
13 85
13 86
13 88
13 93
13 96
13 97
13 107
13 111
13 112
13 114
13 125
14 0
14 2
14 12
14 13
14 14
14 15
14 20
14 21
14 28
14 29
14 36
14 37
14 38
14 42
14 45
14 46
14 47
14 51
14 52
14 53
14 55
14 56
14 58
14 59
14 64
14 67
14 68
14 69
14 73
14 79
14 86
14 88
14 89
14 91
14 96
14 97
14 107
14 108
14 118
14 121
14 125
14 126
15 1
15 4
15 6
15 7
15 9
15 12
15 14
15 22
15 26
15 28
15 30
15 32
15 36
15 41
15 46
15 51
15 60
15 63
15 65
15 66
15 68
15 76
15 82
15 87
15 96
15 97
15 99
15 105
15 109
15 115
15 121
15 122
15 125
15 126
16 1
16 2
16 5
16 13
16 24
16 25
16 39
16 42
16 44
16 46
16 48
16 49
16 51
16 53
16 54
16 55
16 57
16 60
16 61
16 66
16 67
16 69
16 71
16 77
16 79
16 81
16 88
16 95
16 97
16 98
16 105
16 106
16 107
16 108
16 109
16 113
16 115
16 118
16 123
16 124
16 126
16 127
17 1
17 2
17 6
17 10
17 14
17 15
17 22
17 28
17 35
17 39
17 40
17 41
17 48
17 53
17 54
17 58
17 61
17 62
17 64
17 65
17 72
17 75
17 76
17 79
17 82
17 83
17 88
17 90
17 93
17 96
17 98
17 100
17 101
17 104
17 107
17 110
17 113
17 116
17 120
17 127
18 5
18 6
18 9
18 10
18 12
18 13
18 20
18 21
18 34
18 35
18 37
18 38
18 48
18 52
18 57
18 58
18 62
18 63
18 71
18 72
18 84
18 88
18 89
18 91
18 96
18 99
18 107
18 112
18 114
18 115
18 118
18 119
18 124
19 2
19 4
19 5
19 8
19 12
19 15
19 16
19 27
19 29
19 38
19 42
19 44
19 45
19 47
19 56
19 59
19 60
19 63
19 65
19 69
19 70
19 75
19 79
19 81
19 82
19 91
19 94
19 103
19 105
19 107
19 108
19 111
19 112
19 113
19 124
20 0
20 1
20 3
20 9
20 14
20 15
20 17
20 20
20 24
20 28
20 34
20 36
20 37
20 39
20 44
20 45
20 46
20 53
20 64
20 65
20 75
20 76
20 77
20 79
20 83
20 84
20 85
20 90
20 91
20 93
20 94
20 104
20 106
20 107
20 109
20 113
20 116
20 117
20 119
20 120
20 127
21 0
21 1
21 3
21 5
21 6
21 9
21 16
21 18
21 19
21 21
21 41
21 43
21 44
21 45
21 59
21 61
21 62
21 63
21 70
21 73
21 74
21 75
21 77
21 78
21 80
21 81
21 83
21 84
21 89
21 94
21 98
21 99
21 101
21 103
21 105
21 106
21 107
21 109
21 111
21 112
21 116
21 118
22 1
22 2
22 6
22 7
22 9
22 10
22 14
22 17
22 18
22 19
22 24
22 32
22 38
22 45
22 48
22 50
22 54
22 56
22 57
22 58
22 59
22 62
22 65
22 67
22 73
22 75
22 77
22 78
22 81
22 84
22 85
22 93
22 94
22 96
22 99
22 102
22 104
22 116
22 122
22 126
22 127
23 0
23 2
23 4
23 10
23 11
23 14
23 15
23 16
23 22
23 24
23 25
23 26
23 35
23 43
23 47
23 55
23 60
23 62
23 66
23 68
23 70
23 73
23 74
23 78
23 80
23 83
23 86
23 94
23 96
23 105
23 107
23 111
23 113
23 119
23 120
23 124
23 127
24 3
24 4
24 15
24 16
24 19
24 23
24 25
24 26
24 27
24 32
24 33
24 34
24 43
24 44
24 48
24 49
24 50
24 55
24 62
24 63
24 69
24 70
24 72
24 83
24 86
24 92
24 94
24 99
24 100
24 102
24 104
24 106
24 107
24 111
24 113
24 123
25 0
25 5
25 7
25 13
25 19
25 28
25 29
25 31
25 32
25 33
25 35
25 36
25 38
25 42
25 44
25 46
25 51
25 53
25 55
25 56
25 59
25 60
25 61
25 62
25 67
25 69
25 70
25 75
25 76
25 85
25 88
25 90
25 95
25 102
25 106
25 107
25 111
25 115
25 116
25 117
25 120
26 2
26 5
26 6
26 7
26 8
26 18
26 21
26 24
26 31
26 32
26 36
26 38
26 39
26 41
26 45
26 51
26 54
26 56
26 61
26 66
26 68
26 72
26 76
26 78
26 80
26 83
26 86
26 87
26 90
26 95
26 96
26 101
26 102
26 105
26 106
26 112
26 113
26 115
26 118
26 121
26 125
26 126
27 3
27 5
27 8
27 14
27 16
27 22
27 24
27 25
27 27
27 30
27 35
27 37
27 38
27 40
27 49
27 50
27 51
27 58
27 66
27 67
27 68
27 74
27 75
27 80
27 81
27 85
27 92
27 100
27 101
27 106
27 109
27 110
27 121
27 122
27 127
28 0
28 1
28 3
28 4
28 9
28 10
28 12
28 15
28 18
28 21
28 22
28 23
28 29
28 30
28 31
28 36
28 38
28 39
28 42
28 43
28 50
28 59
28 63
28 65
28 66
28 72
28 74
28 77
28 78
28 82
28 87
28 89
28 91
28 93
28 94
28 95
28 98
28 99
28 102
28 103
28 104
28 105
28 107
28 111
28 112
28 115
28 117
28 121
29 4
29 5
29 13
29 18
29 21
29 22
29 25
29 30
29 37
29 41
29 42
29 44
29 47
29 49
29 53
29 54
29 56
29 59
29 65
29 66
29 68
29 70
29 72
29 73
29 77
29 78
29 82
29 83
29 85
29 87
29 88
29 90
29 93
29 95
29 96
29 98
29 105
29 106
29 109
29 112
29 113
29 117
29 120
29 122
29 124
29 125
30 1
30 2
30 6
30 9
30 15
30 17
30 21
30 22
30 25
30 31
30 33
30 34
30 35
30 39
30 40
30 47
30 48
30 50
30 52
30 54
30 56
30 61
30 62
30 65
30 66
30 67
30 70
30 71
30 72
30 73
30 74
30 80
30 83
30 84
30 85
30 87
30 89
30 93
30 99
30 105
30 108
30 113
30 115
30 116
30 120
30 124
31 2
31 3
31 4
31 8
31 10
31 23
31 24
31 25
31 27
31 31
31 32
31 33
31 36
31 46
31 52
31 53
31 57
31 61
31 64
31 67
31 70
31 71
31 80
31 84
31 88
31 89
31 90
31 92
31 110
31 111
31 113
31 116
31 117
31 118
31 121
32 7
32 9
32 12
32 13
32 14
32 21
32 22
32 32
32 33
32 36
32 37
32 38
32 40
32 44
32 47
32 52
32 61
32 64
32 66
32 76
32 81
32 82
32 93
32 95
32 104
32 107
32 108
32 111
32 114
32 117
32 118
32 120
32 124
33 13
33 15
33 22
33 25
33 26
33 31
33 34
33 35
33 39
33 40
33 46
33 54
33 56
33 62
33 63
33 64
33 65
33 68
33 69
33 73
33 78
33 81
33 85
33 87
33 92
33 95
33 96
33 98
33 99
33 102
33 106
33 107
33 110
33 116
33 118
33 122
33 123
34 0
34 7
34 9
34 13
34 16
34 18
34 29
34 33
34 39
34 41
34 44
34 47
34 49
34 50
34 53
34 56
34 59
34 60
34 67
34 70
34 74
34 92
34 94
34 96
34 97
34 110
34 112
34 115
34 122
34 123
34 126
35 1
35 3
35 13
35 16
35 20
35 21
35 22
35 23
35 32
35 33
35 35
35 38
35 40
35 41
35 44
35 47
35 49
35 53
35 56
35 58
35 61
35 63
35 64
35 65
35 67
35 73
35 77
35 78
35 82
35 89
35 91
35 96
35 97
35 100
35 105
35 109
35 113
35 117
35 118
35 119
35 122
35 124
35 125
36 0
36 3
36 10
36 11
36 13
36 17
36 19
36 22
36 25
36 29
36 36
36 37
36 39
36 42
36 43
36 44
36 46
36 47
36 50
36 53
36 54
36 55
36 58
36 59
36 64
36 68
36 71
36 72
36 76
36 78
36 95
36 100
36 102
36 104
36 118
36 122
36 123
36 127
37 4
37 8
37 9
37 12
37 18
37 20
37 22
37 23
37 30
37 32
37 33
37 37
37 38
37 41
37 44
37 49
37 52
37 53
37 54
37 58
37 61
37 65
37 68
37 71
37 72
37 87
37 88
37 90
37 91
37 93
37 96
37 100
37 101
37 102
37 107
37 109
37 110
37 111
37 112
37 119
37 120
37 125
37 127
38 1
38 2
38 5
38 7
38 11
38 12
38 15
38 19
38 20
38 23
38 25
38 28
38 32
38 39
38 47
38 49
38 52
38 55
38 63
38 65
38 69
38 70
38 80
38 82
38 83
38 86
38 91
38 104
38 109
38 112
38 113
38 118
38 122
38 126
38 127
39 0
39 3
39 4
39 7
39 9
39 10
39 21
39 25
39 32
39 35
39 37
39 38
39 46
39 47
39 51
39 52
39 54
39 56
39 68
39 76
39 77
39 82
39 84
39 90
39 93
39 96
39 97
39 106
39 109
39 116
39 118
39 119
39 122
39 123
40 5
40 6
40 18
40 26
40 32
40 33
40 37
40 40
40 43
40 46
40 50
40 57
40 58
40 62
40 64
40 69
40 75
40 81
40 82
40 86
40 103
40 105
40 107
40 108
40 111
40 112
40 114
40 115
40 118
40 126
41 0
41 3
41 19
41 21
41 31
41 33
41 36
41 39
41 44
41 45
41 54
41 55
41 56
41 57
41 61
41 63
41 66
41 74
41 75
41 76
41 83
41 87
41 98
41 101
41 102
41 103
41 109
41 115
41 123
42 2
42 3
42 12
42 16
42 17
42 18
42 21
42 22
42 23
42 35
42 39
42 40
42 41
42 43
42 47
42 48
42 54
42 61
42 67
42 68
42 71
42 78
42 79
42 83
42 86
42 87
42 88
42 90
42 93
42 94
42 95
42 100
42 101
42 110
42 117
42 120
42 123
43 1
43 9
43 13
43 18
43 21
43 24
43 30
43 31
43 34
43 35
43 36
43 41
43 43
43 44
43 45
43 46
43 50
43 52
43 53
43 61
43 62
43 72
43 73
43 77
43 79
43 81
43 87
43 89
43 93
43 94
43 98
43 99
43 106
43 109
43 127
44 0
44 2
44 5
44 8
44 14
44 21
44 30
44 32
44 34
44 39
44 40
44 41
44 46
44 47
44 50
44 53
44 55
44 59
44 61
44 66
44 67
44 69
44 74
44 78
44 80
44 85
44 86
44 87
44 90
44 94
44 96
44 97
44 107
44 109
44 110
44 111
44 116
44 118
44 120
44 124
44 127
45 6
45 8
45 13
45 34
45 36
45 40
45 44
45 46
45 50
45 51
45 52
45 53
45 55
45 57
45 61
45 63
45 66
45 74
45 77
45 78
45 79
45 82
45 84
45 85
45 91
45 94
45 104
45 108
45 112
45 115
45 121
45 123
45 127
46 4
46 6
46 8
46 16
46 19
46 22
46 28
46 30
46 35
46 37
46 39
46 45
46 52
46 53
46 56
46 57
46 58
46 61
46 65
46 71
46 73
46 80
46 83
46 84
46 87
46 90
46 94
46 95
46 99
46 104
46 110
46 115
46 122
46 124
47 1
47 4
47 8
47 11
47 12
47 14
47 18
47 21
47 24
47 26
47 31
47 34
47 37
47 39
47 45
47 51
47 52
47 59
47 61
47 62
47 65
47 68
47 71
47 74
47 82
47 85
47 88
47 96
47 100
47 108
47 109
47 112
47 118
47 122
47 126
47 127
48 0
48 1
48 8
48 12
48 18
48 21
48 24
48 25
48 26
48 28
48 37
48 38
48 42
48 44
48 45
48 47
48 48
48 49
48 53
48 59
48 60
48 68
48 69
48 72
48 76
48 79
48 82
48 85
48 87
48 90
48 92
48 94
48 96
48 97
48 98
48 101
48 108
48 110
48 113
48 114
48 115
48 119
48 120
49 1
49 3
49 5
49 6
49 12
49 15
49 16
49 19
49 20
49 22
49 24
49 26
49 28
49 30
49 31
49 37
49 40
49 42
49 43
49 46
49 49
49 54
49 55
49 56
49 62
49 65
49 67
49 69
49 70
49 72
49 73
49 77
49 80
49 87
49 90
49 91
49 97
49 104
49 109
49 112
49 115
49 116
49 121
50 6
50 8
50 9
50 13
50 15
50 16
50 22
50 31
50 42
50 44
50 45
50 46
50 48
50 52
50 54
50 56
50 63
50 67
50 69
50 70
50 75
50 84
50 88
50 90
50 92
50 93
50 94
50 99
50 101
50 107
50 109
50 118
50 121
50 125
51 1
51 4
51 7
51 12
51 21
51 22
51 24
51 25
51 26
51 29
51 32
51 33
51 35
51 42
51 45
51 47
51 56
51 71
51 75
51 81
51 83
51 89
51 90
51 99
51 101
51 102
51 105
51 106
51 109
51 110
51 111
51 121
51 122
51 127
52 2
52 4
52 11
52 13
52 15
52 18
52 19
52 22
52 23
52 27
52 33
52 38
52 40
52 42
52 44
52 49
52 51
52 52
52 53
52 57
52 61
52 64
52 70
52 71
52 75
52 81
52 86
52 88
52 95
52 97
52 105
52 106
52 109
52 113
52 114
52 116
52 117
52 118
52 121
52 122
52 127
53 7
53 14
53 19
53 20
53 23
53 26
53 29
53 30
53 31
53 33
53 35
53 38
53 41
53 42
53 44
53 47
53 56
53 58
53 60
53 66
53 70
53 71
53 78
53 79
53 82
53 87
53 92
53 93
53 95
53 96
53 97
53 98
53 101
53 104
53 105
53 111
53 116
53 118
53 122
53 124
54 6
54 9
54 10
54 12
54 15
54 17
54 18
54 27
54 29
54 30
54 35
54 36
54 37
54 41
54 43
54 44
54 47
54 49
54 56
54 57
54 64
54 68
54 72
54 73
54 75
54 76
54 78
54 82
54 85
54 88
54 92
54 98
54 103
54 105
54 107
54 111
54 112
54 115
54 120
54 121
54 124
54 126
55 1
55 2
55 17
55 21
55 25
55 29
55 32
55 41
55 43
55 44
55 47
55 48
55 50
55 51
55 55
55 56
55 57
55 60
55 67
55 69
55 72
55 74
55 77
55 80
55 81
55 89
55 94
55 95
55 104
55 107
55 109
55 111
55 114
55 115
55 116
55 120
55 122
55 123
55 126
56 0
56 7
56 9
56 11
56 12
56 13
56 16
56 18
56 22
56 26
56 32
56 41
56 46
56 47
56 49
56 51
56 59
56 60
56 63
56 64
56 67
56 69
56 70
56 71
56 74
56 83
56 86
56 87
56 88
56 89
56 91
56 92
56 95
56 96
56 101
56 115
56 118
56 119
56 120
56 121
56 123
56 126
57 0
57 6
57 17
57 18
57 19
57 21
57 26
57 29
57 30
57 31
57 35
57 43
57 45
57 46
57 51
57 53
57 56
57 61
57 62
57 66
57 68
57 72
57 73
57 74
57 76
57 79
57 80
57 83
57 87
57 90
57 92
57 95
57 97
57 102
57 105
57 107
57 108
57 113
57 115
57 119
57 121
58 0
58 4
58 6
58 7
58 8
58 10
58 17
58 19
58 21
58 29
58 31
58 32
58 34
58 40
58 44
58 47
58 50
58 52
58 54
58 58
58 62
58 68
58 76
58 77
58 83
58 88
58 92
58 94
58 95
58 98
58 102
58 104
58 109
58 111
58 115
58 119
58 122
58 125
59 0
59 4
59 8
59 9
59 14
59 16
59 17
59 20
59 24
59 26
59 32
59 33
59 37
59 42
59 44
59 47
59 48
59 49
59 50
59 62
59 66
59 67
59 69
59 71
59 77
59 90
59 93
59 96
59 97
59 98
59 99
59 106
59 114
59 115
59 119
59 120
59 121
59 123
60 11
60 14
60 16
60 19
60 21
60 22
60 28
60 29
60 30
60 34
60 38
60 43
60 44
60 45
60 49
60 52
60 55
60 56
60 60
60 64
60 72
60 73
60 74
60 76
60 79
60 82
60 89
60 91
60 92
60 93
60 94
60 96
60 100
60 104
60 106
60 109
60 111
60 116
60 119
60 121
60 125
60 126
61 0
61 1
61 7
61 10
61 14
61 16
61 18
61 22
61 23
61 39
61 42
61 46
61 49
61 50
61 51
61 53
61 59
61 62
61 67
61 76
61 77
61 80
61 82
61 83
61 84
61 85
61 88
61 90
61 91
61 92
61 96
61 99
61 103
61 115
61 117
61 118
61 119
61 122
62 0
62 3
62 4
62 5
62 6
62 8
62 25
62 37
62 38
62 44
62 53
62 63
62 65
62 70
62 72
62 76
62 78
62 83
62 84
62 85
62 87
62 88
62 89
62 94
62 96
62 103
62 104
62 108
62 111
62 112
62 115
62 116
62 118
62 120
62 121
63 14
63 15
63 17
63 20
63 24
63 27
63 39
63 44
63 47
63 49
63 56
63 57
63 58
63 65
63 67
63 70
63 72
63 77
63 78
63 83
63 86
63 88
63 89
63 91
63 95
63 99
63 100
63 101
63 107
63 111
63 117
63 120
63 121
63 123
64 0
64 3
64 5
64 11
64 12
64 15
64 16
64 17
64 18
64 28
64 29
64 34
64 36
64 38
64 40
64 44
64 55
64 59
64 68
64 74
64 80
64 82
64 83
64 85
64 86
64 87
64 92
64 94
64 96
64 98
64 99
64 100
64 102
64 117
64 119
64 124
64 126
65 2
65 3
65 4
65 7
65 13
65 14
65 15
65 17
65 26
65 27
65 33
65 40
65 41
65 50
65 53
65 54
65 55
65 57
65 59
65 60
65 61
65 64
65 65
65 72
65 75
65 77
65 78
65 81
65 83
65 86
65 91
65 93
65 96
65 98
65 100
65 101
65 109
65 112
65 114
65 118
66 2
66 6
66 16
66 17
66 19
66 21
66 24
66 25
66 31
66 33
66 34
66 35
66 37
66 38
66 39
66 45
66 48
66 49
66 53
66 55
66 57
66 60
66 61
66 62
66 65
66 66
66 68
66 72
66 82
66 84
66 85
66 86
66 87
66 88
66 91
66 92
66 93
66 96
66 97
66 98
66 99
66 104
66 109
66 119
66 120
66 122
66 124
66 125
67 2
67 8
67 9
67 11
67 15
67 20
67 21
67 22
67 33
67 36
67 39
67 40
67 44
67 47
67 49
67 51
67 52
67 57
67 59
67 67
67 70
67 71
67 72
67 75
67 78
67 82
67 84
67 85
67 87
67 89
67 90
67 97
67 98
67 103
67 106
67 107
67 109
67 116
67 117
67 118
68 5
68 6
68 9
68 11
68 21
68 26
68 28
68 33
68 35
68 37
68 42
68 48
68 52
68 55
68 65
68 71
68 72
68 74
68 75
68 79
68 82
68 85
68 88
68 92
68 93
68 101
68 107
68 111
68 114
68 118
68 121
68 124
69 1
69 4
69 5
69 6
69 8
69 9
69 10
69 11
69 16
69 22
69 28
69 29
69 34
69 37
69 44
69 47
69 52
69 56
69 58
69 61
69 62
69 67
69 71
69 82
69 87
69 92
69 93
69 97
69 107
69 112
69 113
69 114
69 118
69 121
69 124
69 127
70 1
70 8
70 14
70 18
70 21
70 22
70 27
70 30
70 31
70 32
70 35
70 41
70 44
70 47
70 50
70 51
70 54
70 55
70 57
70 58
70 63
70 68
70 74
70 75
70 82
70 83
70 92
70 94
70 95
70 99
70 104
70 108
70 110
70 111
70 113
70 115
70 116
70 118
70 121
70 122
70 126
71 4
71 6
71 9
71 12
71 13
71 28
71 31
71 34
71 37
71 45
71 48
71 50
71 51
71 61
71 63
71 69
71 71
71 74
71 77
71 78
71 80
71 81
71 82
71 83
71 84
71 88
71 91
71 94
71 98
71 99
71 100
71 102
71 107
71 108
71 110
71 117
72 2
72 6
72 7
72 9
72 10
72 19
72 25
72 28
72 33
72 34
72 35
72 36
72 41
72 43
72 46
72 49
72 51
72 54
72 57
72 59
72 63
72 68
72 69
72 70
72 74
72 75
72 80
72 83
72 85
72 86
72 87
72 89
72 94
72 98
72 101
72 104
72 107
72 111
72 114
72 117
72 119
72 120
72 126
73 0
73 6
73 9
73 12
73 13
73 17
73 18
73 21
73 25
73 26
73 27
73 36
73 42
73 50
73 51
73 53
73 64
73 67
73 74
73 78
73 81
73 83
73 84
73 87
73 88
73 92
73 93
73 94
73 102
73 105
73 109
73 110
73 111
73 117
73 122
73 127
74 1
74 2
74 3
74 4
74 9
74 11
74 13
74 18
74 19
74 20
74 28
74 29
74 31
74 32
74 33
74 47
74 50
74 66
74 69
74 74
74 81
74 86
74 88
74 91
74 95
74 99
74 102
74 104
74 108
74 111
74 113
74 122
74 123
74 126
75 1
75 2
75 3
75 4
75 10
75 11
75 12
75 15
75 18
75 19
75 33
75 34
75 42
75 43
75 44
75 46
75 56
75 58
75 62
75 63
75 65
75 66
75 68
75 82
75 85
75 92
75 97
75 100
75 101
75 105
75 106
75 108
75 111
75 112
75 113
75 124
75 127
76 6
76 8
76 9
76 11
76 13
76 14
76 20
76 21
76 31
76 32
76 37
76 38
76 39
76 41
76 42
76 43
76 49
76 50
76 53
76 59
76 62
76 66
76 68
76 71
76 74
76 77
76 78
76 82
76 85
76 88
76 89
76 90
76 91
76 93
76 99
76 100
76 103
76 109
76 110
76 111
76 115
76 117
76 118
76 119
76 121
76 123
76 126
76 127
77 0
77 1
77 2
77 10
77 14
77 15
77 17
77 18
77 19
77 20
77 21
77 30
77 33
77 34
77 40
77 41
77 45
77 46
77 48
77 64
77 66
77 67
77 69
77 71
77 73
77 75
77 78
77 79
77 82
77 83
77 85
77 87
77 88
77 89
77 91
77 94
77 95
77 97
77 103
77 105
77 106
77 108
77 109
77 112
77 117
77 122
77 123
77 127
78 1
78 3
78 4
78 9
78 12
78 16
78 20
78 21
78 26
78 35
78 36
78 40
78 41
78 44
78 48
78 51
78 53
78 55
78 61
78 64
78 69
78 73
78 78
78 83
78 85
78 87
78 89
78 102
78 105
78 106
78 110
78 119
78 120
78 121
78 123
78 124
78 126
78 127
79 9
79 11
79 12
79 17
79 19
79 20
79 21
79 23
79 24
79 27
79 30
79 38
79 39
79 42
79 43
79 48
79 54
79 57
79 63
79 67
79 74
79 77
79 79
79 82
79 84
79 85
79 89
79 95
79 97
79 99
79 100
79 103
79 106
79 112
79 113
79 115
79 116
79 123
79 124
79 125
80 1
80 5
80 6
80 7
80 10
80 14
80 15
80 16
80 17
80 28
80 31
80 32
80 33
80 36
80 39
80 42
80 43
80 45
80 48
80 53
80 55
80 60
80 61
80 64
80 67
80 71
80 73
80 89
80 90
80 91
80 99
80 101
80 110
80 111
80 117
80 120
80 124
81 3
81 4
81 5
81 7
81 11
81 16
81 26
81 27
81 28
81 29
81 32
81 34
81 35
81 37
81 38
81 39
81 42
81 43
81 45
81 49
81 50
81 52
81 53
81 56
81 58
81 59
81 61
81 67
81 70
81 73
81 74
81 76
81 85
81 87
81 90
81 94
81 100
81 101
81 103
81 105
81 107
81 109
81 114
81 118
81 119
81 121
81 122
82 2
82 4
82 9
82 12
82 15
82 18
82 22
82 23
82 25
82 27
82 28
82 32
82 35
82 40
82 43
82 48
82 49
82 52
82 55
82 58
82 61
82 67
82 74
82 81
82 89
82 91
82 93
82 94
82 97
82 103
82 104
82 105
82 107
82 110
82 116
82 119
82 123
82 124
83 7
83 12
83 16
83 17
83 18
83 20
83 21
83 22
83 24
83 26
83 27
83 33
83 38
83 43
83 44
83 47
83 50
83 53
83 54
83 55
83 56
83 59
83 61
83 63
83 67
83 68
83 72
83 73
83 74
83 75
83 76
83 78
83 79
83 84
83 85
83 87
83 88
83 92
83 96
83 101
83 102
83 108
83 110
83 113
83 123
84 0
84 6
84 7
84 13
84 16
84 31
84 36
84 37
84 43
84 44
84 54
84 55
84 59
84 61
84 63
84 64
84 70
84 72
84 74
84 76
84 80
84 84
84 85
84 89
84 90
84 91
84 92
84 93
84 101
84 102
84 105
84 110
84 114
84 115
84 118
84 122
84 126
85 2
85 6
85 8
85 10
85 11
85 18
85 19
85 25
85 27
85 32
85 33
85 35
85 44
85 50
85 51
85 52
85 55
85 56
85 57
85 59
85 60
85 64
85 67
85 69
85 70
85 75
85 79
85 83
85 85
85 86
85 90
85 92
85 95
85 99
85 105
85 107
85 114
85 119
85 127
86 1
86 2
86 8
86 9
86 12
86 13
86 19
86 21
86 22
86 23
86 27
86 28
86 29
86 30
86 31
86 34
86 37
86 45
86 46
86 55
86 56
86 57
86 59
86 61
86 65
86 66
86 74
86 76
86 77
86 78
86 79
86 80
86 81
86 88
86 103
86 105
86 109
86 112
86 118
86 119
86 120
86 122
86 126
87 1
87 2
87 5
87 7
87 12
87 14
87 21
87 26
87 27
87 28
87 29
87 30
87 31
87 32
87 33
87 35
87 41
87 46
87 47
87 57
87 58
87 68
87 69
87 72
87 76
87 78
87 81
87 84
87 88
87 89
87 91
87 95
87 103
87 104
87 105
87 106
87 109
87 110
87 113
87 123
87 124
88 4
88 5
88 12
88 19
88 21
88 22
88 28
88 30
88 34
88 36
88 37
88 38
88 42
88 46
88 48
88 50
88 54
88 56
88 57
88 58
88 63
88 73
88 80
88 85
88 90
88 91
88 92
88 94
88 96
88 99
88 100
88 101
88 102
88 106
88 109
88 110
88 113
88 117
88 118
88 122
88 123
88 125
88 127
89 0
89 1
89 2
89 4
89 14
89 17
89 18
89 21
89 25
89 26
89 32
89 40
89 42
89 43
89 45
89 46
89 53
89 56
89 57
89 60
89 62
89 64
89 67
89 70
89 73
89 76
89 78
89 89
89 90
89 92
89 101
89 107
89 108
89 110
89 120
89 122
89 123
89 126
89 127
90 0
90 5
90 13
90 14
90 15
90 16
90 19
90 28
90 35
90 39
90 44
90 47
90 52
90 53
90 57
90 63
90 66
90 74
90 75
90 77
90 81
90 84
90 86
90 90
90 96
90 102
90 107
90 109
90 113
90 115
90 119
90 120
90 122
90 123
90 124
90 127
91 5
91 6
91 7
91 8
91 9
91 13
91 19
91 21
91 22
91 23
91 24
91 35
91 40
91 47
91 52
91 59
91 60
91 62
91 65
91 71
91 77
91 78
91 80
91 81
91 83
91 86
91 90
91 93
91 95
91 106
91 110
91 115
91 119
91 121
91 127
92 2
92 8
92 12
92 22
92 24
92 25
92 27
92 31
92 32
92 35
92 38
92 41
92 42
92 44
92 52
92 60
92 69
92 70
92 72
92 76
92 82
92 83
92 88
92 91
92 93
92 97
92 98
92 105
92 108
92 110
92 111
92 116
92 118
92 121
92 123
92 127
93 3
93 14
93 17
93 25
93 28
93 32
93 34
93 39
93 41
93 45
93 46
93 49
93 50
93 51
93 53
93 62
93 63
93 66
93 68
93 69
93 70
93 73
93 78
93 81
93 87
93 89
93 91
93 96
93 100
93 103
93 107
93 109
93 114
93 119
93 120
93 123
93 124
94 4
94 7
94 8
94 13
94 14
94 20
94 31
94 32
94 37
94 54
94 55
94 56
94 57
94 59
94 60
94 63
94 64
94 65
94 66
94 72
94 73
94 77
94 83
94 84
94 87
94 89
94 90
94 97
94 98
94 100
94 108
94 114
94 117
94 118
94 119
94 125
94 126
95 6
95 20
95 28
95 30
95 34
95 36
95 37
95 43
95 45
95 46
95 47
95 54
95 55
95 67
95 76
95 78
95 83
95 88
95 89
95 92
95 93
95 94
95 97
95 106
95 109
95 116
95 118
95 119
95 127
96 2
96 3
96 6
96 9
96 10
96 12
96 13
96 14
96 15
96 17
96 27
96 28
96 31
96 37
96 38
96 41
96 45
96 51
96 55
96 59
96 63
96 66
96 69
96 71
96 82
96 86
96 91
96 94
96 95
96 104
96 110
96 112
96 117
96 123
96 124
96 125
97 7
97 8
97 13
97 16
97 18
97 19
97 25
97 27
97 29
97 33
97 37
97 39
97 40
97 41
97 42
97 44
97 50
97 58
97 62
97 64
97 68
97 69
97 71
97 76
97 77
97 79
97 80
97 88
97 90
97 91
97 95
97 98
97 100
97 102
97 107
97 115
97 118
97 119
97 120
97 125
98 4
98 9
98 11
98 13
98 14
98 15
98 16
98 17
98 31
98 34
98 36
98 38
98 40
98 44
98 46
98 49
98 50
98 51
98 56
98 57
98 58
98 59
98 61
98 62
98 67
98 68
98 75
98 79
98 81
98 82
98 100
98 101
98 102
98 107
98 108
98 110
98 111
98 113
98 114
98 115
98 119
98 122
98 123
98 126
99 1
99 4
99 17
99 21
99 22
99 26
99 39
99 41
99 48
99 52
99 54
99 69
99 83
99 86
99 88
99 93
99 100
99 101
99 102
99 103
99 106
99 112
99 119
99 126
100 0
100 4
100 10
100 13
100 15
100 16
100 28
100 33
100 38
100 43
100 45
100 46
100 48
100 49
100 51
100 52
100 56
100 57
100 64
100 68
100 69
100 74
100 75
100 79
100 81
100 82
100 83
100 85
100 89
100 90
100 91
100 93
100 95
100 96
100 103
100 107
100 109
100 110
100 113
100 115
100 123
101 0
101 1
101 5
101 9
101 18
101 19
101 23
101 24
101 28
101 32
101 39
101 42
101 43
101 48
101 50
101 53
101 57
101 64
101 71
101 75
101 83
101 85
101 89
101 94
101 95
101 96
101 97
101 99
101 101
101 102
101 104
101 106
101 107
101 108
101 112
101 119
101 124
101 126
102 8
102 12
102 13
102 15
102 19
102 22
102 23
102 28
102 30
102 32
102 37
102 38
102 40
102 42
102 43
102 51
102 53
102 56
102 57
102 59
102 67
102 70
102 72
102 73
102 78
102 80
102 82
102 83
102 86
102 89
102 90
102 91
102 94
102 96
102 98
102 99
102 100
102 108
102 112
102 113
102 125
103 0
103 2
103 5
103 8
103 10
103 11
103 16
103 17
103 18
103 33
103 34
103 41
103 43
103 44
103 48
103 49
103 54
103 56
103 64
103 72
103 75
103 76
103 77
103 79
103 80
103 83
103 87
103 88
103 93
103 96
103 101
103 108
103 109
103 111
103 114
103 117
104 11
104 12
104 13
104 20
104 21
104 25
104 31
104 35
104 36
104 37
104 39
104 42
104 45
104 54
104 56
104 58
104 61
104 62
104 63
104 64
104 68
104 70
104 75
104 80
104 81
104 86
104 89
104 92
104 94
104 97
104 103
104 112
104 120
104 122
104 123
104 124
105 2
105 4
105 6
105 9
105 10
105 15
105 16
105 17
105 23
105 41
105 51
105 53
105 62
105 63
105 64
105 70
105 72
105 73
105 76
105 82
105 83
105 88
105 90
105 92
105 95
105 102
105 103
105 106
105 110
105 116
105 117
105 118
105 119
106 4
106 5
106 7
106 10
106 14
106 17
106 20
106 28
106 32
106 33
106 36
106 40
106 44
106 52
106 55
106 56
106 60
106 63
106 64
106 69
106 72
106 77
106 78
106 82
106 86
106 91
106 92
106 95
106 96
106 101
106 102
106 105
106 108
106 109
106 113
106 115
106 123
107 0
107 1
107 6
107 7
107 13
107 16
107 20
107 27
107 29
107 30
107 34
107 36
107 37
107 39
107 41
107 42
107 44
107 45
107 48
107 57
107 62
107 63
107 66
107 68
107 75
107 76
107 79
107 81
107 82
107 85
107 91
107 98
107 100
107 114
107 116
107 118
107 121
107 122
107 125
108 0
108 3
108 7
108 10
108 13
108 18
108 21
108 23
108 26
108 32
108 33
108 37
108 40
108 42
108 60
108 68
108 70
108 73
108 74
108 79
108 82
108 85
108 97
108 100
108 104
108 105
108 106
108 108
108 109
108 113
108 125
108 126
108 127
109 0
109 1
109 2
109 5
109 11
109 15
109 17
109 20
109 24
109 27
109 32
109 36
109 38
109 40
109 41
109 44
109 46
109 55
109 61
109 63
109 67
109 68
109 72
109 76
109 77
109 78
109 81
109 82
109 83
109 85
109 87
109 88
109 90
109 92
109 93
109 95
109 96
109 98
109 106
109 107
109 108
109 111
109 113
109 117
109 119
109 120
109 124
109 125
110 1
110 5
110 9
110 11
110 13
110 17
110 24
110 26
110 28
110 29
110 30
110 32
110 33
110 34
110 37
110 43
110 53
110 56
110 62
110 64
110 69
110 79
110 82
110 83
110 88
110 93
110 98
110 103
110 107
110 113
110 114
110 115
110 119
110 120
110 124
111 7
111 13
111 14
111 15
111 16
111 17
111 25
111 28
111 36
111 39
111 46
111 49
111 50
111 51
111 53
111 57
111 58
111 59
111 60
111 61
111 63
111 66
111 67
111 70
111 72
111 74
111 81
111 83
111 86
111 89
111 90
111 95
111 100
111 101
111 103
111 105
111 106
111 107
111 108
111 112
111 124
111 125
112 0
112 1
112 4
112 12
112 13
112 14
112 15
112 16
112 31
112 32
112 38
112 39
112 50
112 55
112 58
112 59
112 60
112 72
112 74
112 88
112 89
112 91
112 92
112 94
112 98
112 101
112 103
112 104
112 106
112 108
112 110
112 119
112 120
112 121
112 122
112 123
112 125
113 0
113 1
113 5
113 7
113 12
113 18
113 25
113 30
113 34
113 35
113 37
113 38
113 49
113 51
113 54
113 61
113 63
113 65
113 66
113 67
113 68
113 71
113 72
113 75
113 76
113 79
113 80
113 82
113 86
113 88
113 92
113 93
113 96
113 98
113 104
113 123
114 3
114 6
114 7
114 17
114 18
114 21
114 22
114 23
114 24
114 27
114 33
114 34
114 37
114 38
114 39
114 41
114 43
114 47
114 49
114 53
114 56
114 60
114 63
114 66
114 72
114 74
114 78
114 87
114 89
114 92
114 94
114 99
114 100
114 105
114 108
114 113
114 114
114 115
114 125
115 2
115 8
115 9
115 10
115 12
115 14
115 17
115 31
115 32
115 39
115 47
115 48
115 49
115 56
115 58
115 65
115 68
115 69
115 71
115 72
115 74
115 76
115 77
115 78
115 81
115 85
115 87
115 88
115 89
115 99
115 101
115 103
115 104
115 105
115 106
115 115
115 116
115 117
115 118
115 121
115 123
116 0
116 1
116 5
116 15
116 16
116 18
116 22
116 24
116 26
116 32
116 33
116 35
116 40
116 41
116 44
116 45
116 49
116 55
116 57
116 59
116 61
116 69
116 71
116 74
116 75
116 79
116 83
116 89
116 91
116 93
116 96
116 101
116 104
116 105
116 106
116 107
116 109
116 112
116 119
117 0
117 1
117 2
117 7
117 29
117 30
117 35
117 41
117 43
117 51
117 52
117 54
117 57
117 58
117 61
117 63
117 68
117 70
117 71
117 73
117 79
117 84
117 86
117 88
117 90
117 91
117 92
117 94
117 96
117 97
117 98
117 100
117 101
117 105
117 106
117 107
117 110
117 111
117 114
117 121
117 124
117 125
117 126
117 127
118 0
118 1
118 2
118 5
118 6
118 9
118 13
118 14
118 15
118 16
118 24
118 26
118 27
118 28
118 30
118 34
118 35
118 45
118 48
118 51
118 52
118 53
118 59
118 66
118 67
118 84
118 85
118 88
118 94
118 98
118 99
118 100
118 103
118 112
118 113
118 114
118 116
118 118
118 124
118 125
118 126
119 0
119 1
119 8
119 15
119 16
119 19
119 21
119 23
119 29
119 32
119 34
119 35
119 53
119 57
119 59
119 60
119 61
119 62
119 69
119 70
119 74
119 75
119 76
119 80
119 81
119 83
119 87
119 88
119 96
119 102
119 105
119 110
119 114
119 119
119 120
119 121
119 122
119 126
119 127
120 1
120 2
120 13
120 14
120 16
120 22
120 23
120 34
120 36
120 40
120 46
120 47
120 50
120 51
120 52
120 58
120 59
120 60
120 61
120 62
120 65
120 68
120 69
120 72
120 75
120 88
120 89
120 93
120 103
120 104
120 107
120 110
120 113
120 116
120 118
120 119
120 121
120 127
121 8
121 24
121 29
121 36
121 37
121 44
121 54
121 58
121 70
121 71
121 79
121 80
121 81
121 82
121 88
121 93
121 98
121 101
121 102
121 104
121 107
121 111
121 114
121 116
121 127
122 2
122 4
122 5
122 6
122 10
122 11
122 12
122 13
122 15
122 24
122 28
122 33
122 37
122 38
122 40
122 41
122 42
122 48
122 50
122 52
122 55
122 57
122 66
122 69
122 71
122 73
122 78
122 88
122 93
122 96
122 100
122 101
122 106
122 108
122 109
122 119
122 124
122 125
122 126
123 2
123 15
123 18
123 19
123 21
123 25
123 26
123 27
123 28
123 33
123 36
123 37
123 41
123 46
123 51
123 52
123 59
123 61
123 64
123 65
123 66
123 67
123 68
123 69
123 70
123 71
123 73
123 76
123 77
123 84
123 85
123 86
123 89
123 90
123 91
123 92
123 98
123 102
123 107
123 108
123 109
123 110
123 116
123 117
123 123
123 125
123 126
124 1
124 8
124 12
124 14
124 20
124 23
124 25
124 26
124 27
124 32
124 33
124 42
124 45
124 46
124 49
124 50
124 51
124 53
124 54
124 57
124 62
124 63
124 71
124 72
124 76
124 77
124 82
124 85
124 89
124 90
124 94
124 96
124 97
124 98
124 102
124 105
124 114
124 116
124 117
124 123
124 125
125 1
125 5
125 9
125 10
125 11
125 13
125 15
125 17
125 21
125 37
125 38
125 44
125 45
125 46
125 47
125 53
125 54
125 59
125 68
125 69
125 71
125 78
125 80
125 83
125 84
125 92
125 97
125 98
125 100
125 103
125 106
125 108
125 110
125 112
125 114
125 116
125 118
125 122
125 126
126 3
126 9
126 11
126 15
126 18
126 21
126 23
126 24
126 25
126 27
126 33
126 37
126 43
126 59
126 60
126 61
126 64
126 65
126 69
126 70
126 71
126 72
126 73
126 74
126 78
126 80
126 88
126 89
126 90
126 98
126 100
126 103
126 107
126 108
126 111
126 120
126 124
127 0
127 3
127 5
127 7
127 13
127 14
127 17
127 24
127 25
127 30
127 36
127 37
127 51
127 62
127 66
127 71
127 73
127 75
127 78
127 79
127 86
127 95
127 100
127 104
127 108
127 111
127 112
127 114
127 117
127 124
