0 2
0 22
0 31
0 40
0 54
0 63
0 69
0 70
0 71
0 83
0 89
0 96
0 101
0 103
0 104
0 109
0 118
1 26
1 35
1 49
1 59
1 75
1 76
1 86
1 88
1 90
1 97
1 103
1 124
2 0
2 1
2 11
2 12
2 19
2 33
2 41
2 55
3 1
3 3
3 7
3 25
3 32
3 54
3 55
3 80
3 117
4 0
4 10
4 11
4 12
4 19
4 20
4 22
4 25
4 35
4 47
4 63
4 69
4 72
4 84
4 98
4 107
5 6
5 15
5 23
5 40
5 43
5 63
5 66
5 74
5 98
6 4
6 5
6 17
6 33
6 55
6 64
6 82
6 84
6 106
6 120
6 123
7 0
7 1
7 3
7 12
7 14
7 17
7 24
7 32
7 39
7 51
7 78
7 91
7 95
7 97
7 100
7 102
8 54
8 59
8 65
8 75
8 87
8 98
8 105
8 107
8 117
8 119
9 4
9 23
9 39
9 63
9 66
9 80
9 83
9 107
9 110
9 115
9 122
9 125
10 11
10 14
10 16
10 29
10 39
10 44
10 48
10 52
10 83
10 84
10 86
10 89
10 92
10 121
11 5
11 21
11 22
11 28
11 34
11 40
11 47
11 77
11 86
11 90
11 93
12 20
12 34
12 38
12 45
12 46
12 49
12 68
12 69
12 104
12 120
12 126
13 2
13 3
13 7
13 14
13 19
13 20
13 23
13 36
13 43
13 53
13 56
13 73
13 83
13 88
13 94
13 97
13 98
13 125
14 0
14 29
14 37
14 60
14 64
14 66
14 73
14 78
14 96
14 106
15 8
15 23
15 25
15 26
15 73
15 76
15 111
15 113
15 124
15 126
16 13
16 22
16 34
16 39
16 44
16 47
16 53
16 57
16 61
16 63
16 66
16 71
16 82
16 87
16 88
16 103
16 106
16 120
16 125
17 1
17 7
17 10
17 13
17 24
17 34
17 37
17 39
17 41
17 45
17 54
17 59
17 81
17 87
17 107
17 110
18 3
18 24
18 32
18 50
18 54
18 65
18 93
18 94
18 96
18 119
19 9
19 12
19 34
19 41
19 48
19 68
19 77
19 107
19 112
19 115
19 119
19 122
20 9
20 25
20 30
20 49
20 58
20 72
20 73
20 78
20 90
21 13
21 22
21 35
21 38
21 43
21 47
21 51
21 53
21 54
21 55
21 57
21 66
21 84
21 93
21 115
21 116
22 17
22 33
22 39
22 43
22 49
22 50
22 64
22 68
22 78
22 112
23 7
23 21
23 32
23 41
23 42
23 61
23 76
23 79
23 99
23 113
23 115
23 116
23 126
23 127
24 0
24 26
24 28
24 62
24 74
24 77
24 93
24 95
24 99
24 102
24 106
24 110
25 1
25 5
25 16
25 17
25 18
25 37
25 47
25 49
25 60
25 71
25 72
25 79
25 80
25 99
25 109
25 113
26 5
26 10
26 20
26 21
26 41
26 43
26 46
26 55
26 64
26 80
26 83
26 87
26 93
26 121
27 4
27 26
27 48
27 50
27 59
27 62
27 64
27 71
27 73
27 105
27 114
27 121
28 2
28 30
28 32
28 34
28 35
28 36
28 39
28 104
28 126
29 15
29 30
29 33
29 42
29 50
29 84
29 103
29 116
29 117
29 120
30 2
30 18
30 26
30 29
30 34
30 35
30 44
30 48
30 51
30 55
30 68
30 73
30 75
30 91
30 110
31 3
31 4
31 14
31 19
31 21
31 23
31 31
31 58
31 60
31 63
31 101
31 107
31 118
31 123
31 125
32 2
32 6
32 35
32 51
32 53
32 79
32 82
32 97
32 98
32 103
32 108
32 123
32 127
33 7
33 17
33 20
33 35
33 46
33 47
33 50
33 54
33 66
33 68
33 79
33 100
33 103
33 109
34 27
34 31
34 41
34 42
34 46
34 51
34 57
34 58
34 79
34 86
34 89
34 101
34 107
34 110
35 11
35 32
35 34
35 51
35 67
35 68
35 70
35 73
35 79
35 96
35 99
35 108
35 115
35 117
36 1
36 3
36 5
36 14
36 35
36 69
36 70
36 71
36 74
36 78
36 87
36 97
36 115
36 117
36 122
36 125
37 4
37 6
37 9
37 13
37 16
37 71
37 77
37 85
37 99
37 104
37 107
37 108
38 8
38 15
38 18
38 32
38 36
38 53
38 63
38 66
38 86
38 90
38 102
38 104
38 110
38 125
38 126
38 127
39 4
39 5
39 12
39 13
39 18
39 19
39 20
39 33
39 38
39 48
39 65
39 67
39 71
39 73
39 91
39 99
39 110
39 117
40 1
40 4
40 14
40 23
40 25
40 39
40 55
40 56
40 72
40 90
40 91
40 119
41 9
41 24
41 67
41 76
41 79
41 81
41 93
41 113
42 14
42 24
42 30
42 32
42 35
42 41
42 45
42 52
42 67
42 75
42 76
42 79
42 88
42 97
42 99
42 107
43 14
43 16
43 24
43 41
43 48
43 72
43 76
43 77
43 78
43 90
43 97
43 104
43 115
44 5
44 7
44 23
44 24
44 33
44 38
44 49
44 51
44 62
44 68
44 86
44 107
44 116
44 124
45 3
45 5
45 18
45 24
45 46
45 52
45 59
45 67
45 74
45 79
45 86
45 89
45 90
45 97
45 102
45 109
45 115
46 12
46 41
46 42
46 72
46 88
46 92
46 115
46 120
46 127
47 6
47 19
47 31
47 40
47 60
47 63
47 71
47 98
47 103
47 118
48 16
48 19
48 27
48 32
48 35
48 47
48 51
48 64
48 83
48 90
48 91
48 92
48 93
48 98
48 115
48 120
48 122
48 124
48 126
48 127
49 5
49 7
49 13
49 27
49 36
49 62
49 75
49 78
49 81
49 83
49 88
49 104
49 105
49 112
50 9
50 10
50 24
50 39
50 46
50 50
50 58
50 59
50 74
50 85
50 96
50 105
50 107
50 125
51 1
51 6
51 14
51 34
51 40
51 52
51 64
51 66
51 83
51 95
51 112
51 121
52 43
52 52
52 60
52 82
53 7
53 10
53 16
53 18
53 27
53 34
53 51
53 53
53 58
53 65
53 67
53 84
53 89
53 92
53 93
53 99
53 110
53 112
53 113
53 127
54 17
54 42
54 47
54 61
54 62
54 83
54 113
54 125
55 17
55 34
55 38
55 39
55 40
55 56
55 58
55 63
55 71
55 74
55 92
55 112
55 115
56 3
56 4
56 9
56 11
56 21
56 27
56 56
56 57
56 58
56 68
56 73
56 75
56 89
56 117
57 19
57 32
57 34
57 36
57 37
57 52
57 53
57 73
57 74
57 81
57 98
57 116
57 127
58 11
58 21
58 24
58 29
58 37
58 45
58 46
58 60
58 67
58 68
58 87
58 93
58 99
58 100
58 102
58 103
58 110
58 112
58 118
58 119
59 11
59 12
59 33
59 37
59 50
59 52
59 55
59 68
59 84
59 85
59 119
60 27
60 29
60 35
60 40
60 57
60 58
60 77
60 83
60 91
60 93
60 100
60 111
60 127
61 13
61 35
61 43
61 71
61 76
61 85
61 95
61 96
61 109
61 118
62 29
62 31
62 37
62 63
62 90
62 103
62 112
62 118
62 123
63 6
63 31
63 66
63 85
63 94
63 96
63 97
63 98
63 103
63 114
64 1
64 21
64 23
64 39
64 60
64 61
64 94
64 107
64 119
65 1
65 3
65 20
65 21
65 24
65 41
65 42
65 44
65 45
65 76
65 79
65 85
65 88
65 94
65 107
65 111
65 112
65 116
66 3
66 24
66 28
66 42
66 48
66 60
66 85
66 89
66 98
66 102
67 13
67 27
67 32
67 39
67 47
67 61
67 64
67 66
67 67
67 69
67 93
67 106
67 125
67 126
68 41
68 43
68 63
68 64
68 66
68 86
68 101
68 111
68 126
69 5
69 18
69 28
69 31
69 70
69 72
69 74
69 76
69 80
69 83
69 110
69 111
69 123
69 124
69 125
70 15
70 19
70 47
70 51
70 55
70 57
70 89
70 91
70 105
70 111
70 114
71 1
71 12
71 25
71 39
71 51
71 56
71 66
71 88
71 110
71 117
71 118
71 123
72 5
72 6
72 11
72 30
72 37
72 43
72 45
72 50
72 53
72 56
72 61
72 95
72 99
72 117
72 118
72 122
72 123
73 4
73 13
73 16
73 22
73 26
73 35
73 38
73 40
73 48
73 62
73 68
73 70
73 75
73 76
73 86
73 121
73 122
73 127
74 11
74 17
74 18
74 29
74 39
74 40
74 52
74 61
74 65
74 66
74 76
74 90
74 117
74 127
75 19
75 21
75 42
75 46
75 59
75 66
75 75
75 80
75 82
75 122
76 2
76 36
76 42
76 72
76 73
76 84
76 88
76 104
76 119
76 126
77 13
77 19
77 23
77 39
77 41
77 44
77 47
77 62
77 86
77 97
77 101
77 110
77 119
77 125
78 6
78 7
78 11
78 34
78 35
78 43
78 44
78 47
78 78
78 79
78 86
78 94
78 96
78 106
78 107
79 4
79 36
79 37
79 44
79 101
79 121
79 122
80 2
80 28
80 29
80 30
80 46
80 53
80 61
80 64
80 67
80 80
80 91
80 95
80 97
80 100
80 102
80 127
81 1
81 11
81 13
81 18
81 88
81 99
81 102
82 20
82 45
82 60
82 78
82 82
82 83
82 84
82 105
82 123
83 16
83 31
83 41
83 66
83 75
83 111
83 122
84 16
84 17
84 18
84 31
84 32
84 44
84 75
84 86
84 90
84 94
84 95
84 103
84 111
84 114
84 119
85 20
85 22
85 23
85 36
85 57
85 65
85 71
85 73
85 81
85 85
85 91
85 92
85 108
85 111
86 11
86 14
86 39
86 52
86 57
86 94
86 107
87 10
87 16
87 19
87 20
87 29
87 59
87 61
87 65
87 68
87 84
87 88
87 91
87 125
87 127
88 2
88 10
88 43
88 52
88 53
88 64
88 67
88 75
88 79
88 89
88 93
88 99
88 109
88 118
88 124
89 1
89 2
89 23
89 32
89 34
89 42
89 48
89 56
89 58
89 61
89 62
89 68
89 70
89 81
89 84
89 91
89 98
89 101
89 102
89 103
89 107
89 119
89 121
90 3
90 8
90 10
90 25
90 42
90 46
90 56
90 63
90 69
90 79
90 80
90 90
90 106
90 125
91 11
91 25
91 32
91 36
91 45
91 79
91 86
91 98
91 99
91 115
91 119
91 121
91 126
92 3
92 6
92 14
92 17
92 19
92 23
92 27
92 33
92 35
92 45
92 49
92 57
92 86
92 95
93 5
93 31
93 33
93 46
93 51
93 64
93 67
93 78
93 96
93 122
94 6
94 18
94 24
94 25
94 38
94 45
94 47
94 55
94 57
94 69
94 114
94 118
94 121
95 9
95 17
95 47
95 58
95 62
95 69
95 76
95 78
95 84
95 86
95 90
95 92
95 97
95 101
95 111
95 112
95 122
95 126
96 0
96 7
96 10
96 20
96 51
96 59
96 76
96 86
96 118
97 2
97 7
97 10
97 11
97 25
97 34
97 41
97 65
97 73
97 74
97 100
97 104
97 114
98 19
98 33
98 34
98 74
98 80
98 98
98 99
98 103
98 106
98 107
98 109
98 111
98 118
98 126
99 2
99 3
99 11
99 21
99 33
99 45
99 49
99 53
99 58
99 75
99 80
99 94
99 110
99 115
99 127
100 0
100 2
100 8
100 12
100 21
100 22
100 38
100 39
100 64
100 70
100 79
100 104
100 113
100 120
101 7
101 47
101 57
101 59
101 68
101 71
101 73
101 87
101 100
101 106
101 111
102 11
102 20
102 30
102 46
102 54
102 57
102 68
102 75
102 79
102 114
103 15
103 29
103 34
103 45
103 64
103 76
103 81
103 97
103 108
103 119
104 6
104 26
104 34
104 80
104 85
104 99
104 112
105 1
105 28
105 39
105 45
105 93
105 99
105 110
106 5
106 11
106 12
106 25
106 32
106 43
106 59
106 62
106 84
106 85
106 88
106 91
106 97
106 105
106 114
106 118
107 5
107 16
107 25
107 34
107 43
107 59
107 78
107 99
107 108
107 119
108 7
108 19
108 35
108 44
108 60
108 69
108 77
108 94
108 106
109 20
109 43
109 56
109 58
109 63
109 80
109 86
109 92
109 98
109 105
109 107
109 122
109 123
110 7
110 9
110 32
110 33
110 40
110 42
110 51
110 57
110 66
110 71
110 73
110 79
110 89
110 113
110 121
111 0
111 2
111 6
111 16
111 24
111 42
111 44
111 49
111 55
111 56
111 61
111 63
111 80
111 85
111 104
111 114
111 116
111 120
112 6
112 10
112 30
112 31
112 39
112 52
112 53
112 56
112 66
112 73
112 92
112 106
112 125
113 4
113 12
113 22
113 24
113 36
113 42
113 67
113 88
113 89
113 96
113 101
113 104
113 106
113 110
113 123
113 127
114 7
114 13
114 14
114 29
114 38
114 43
114 44
114 64
114 69
115 26
115 27
115 28
115 38
115 40
115 49
115 58
115 63
115 64
115 92
115 99
115 106
115 111
115 112
115 119
115 125
116 7
116 10
116 14
116 20
116 49
116 52
116 59
116 82
116 83
116 97
116 108
116 115
116 118
117 20
117 51
117 78
117 91
117 103
117 104
117 118
118 16
118 18
118 23
118 32
118 37
118 38
118 42
118 43
118 48
118 63
118 71
118 86
118 88
118 102
118 107
118 113
118 122
119 0
119 8
119 10
119 18
119 29
119 48
119 67
119 69
119 78
119 90
119 91
119 94
119 106
119 116
119 117
120 31
120 67
120 94
120 105
120 112
120 115
121 8
121 15
121 16
121 36
121 48
121 65
121 67
121 75
121 80
121 86
121 98
121 108
121 116
122 3
122 12
122 15
122 17
122 19
122 32
122 33
122 36
122 51
122 63
122 73
122 100
122 101
122 109
122 114
122 117
122 120
122 127
123 1
123 7
123 22
123 32
123 45
123 50
123 78
123 80
123 95
123 114
123 116
123 121
123 123
124 0
124 21
124 33
124 37
124 49
124 50
124 77
124 78
124 93
124 97
124 120
125 12
125 13
125 18
125 26
125 33
125 57
125 65
125 88
125 89
125 90
125 93
125 95
125 99
125 108
126 4
126 6
126 8
126 12
126 13
126 16
126 30
126 43
126 48
126 53
126 57
126 59
126 78
126 90
126 93
126 101
127 1
127 7
127 12
127 19
127 24
127 26
127 46
127 50
127 57
127 70
127 82
127 119
127 124
127 127
