0 1
0 2
0 6
0 12
0 15
0 18
0 24
0 26
0 32
0 35
0 38
0 43
0 52
0 53
0 55
0 60
0 62
0 63
0 65
0 70
0 74
0 75
0 76
0 77
0 79
0 83
0 85
0 86
0 87
0 91
0 93
0 98
0 110
0 111
0 115
0 116
0 117
0 118
0 119
0 123
0 125
0 126
1 1
1 2
1 5
1 9
1 16
1 17
1 18
1 24
1 25
1 29
1 36
1 38
1 39
1 42
1 47
1 48
1 49
1 50
1 61
1 64
1 68
1 71
1 72
1 73
1 77
1 88
1 90
1 91
1 93
1 95
1 112
1 117
1 118
1 120
1 123
1 126
2 10
2 11
2 17
2 19
2 23
2 24
2 27
2 31
2 33
2 35
2 36
2 43
2 48
2 49
2 50
2 51
2 56
2 57
2 65
2 67
2 68
2 72
2 74
2 79
2 80
2 81
2 87
2 89
2 96
2 100
2 106
2 107
2 110
2 111
2 114
2 116
2 123
2 124
3 4
3 7
3 11
3 12
3 13
3 27
3 30
3 34
3 45
3 47
3 48
3 49
3 50
3 57
3 58
3 64
3 65
3 69
3 70
3 83
3 87
3 91
3 94
3 95
3 96
3 100
3 101
3 108
3 116
3 117
3 119
3 122
3 127
4 7
4 8
4 15
4 17
4 19
4 20
4 24
4 34
4 35
4 36
4 40
4 41
4 43
4 45
4 50
4 53
4 55
4 58
4 59
4 60
4 61
4 64
4 68
4 74
4 76
4 80
4 86
4 87
4 89
4 101
4 105
4 106
4 107
4 108
4 113
4 121
4 125
4 126
5 0
5 8
5 21
5 22
5 26
5 30
5 37
5 38
5 44
5 47
5 48
5 49
5 52
5 62
5 66
5 68
5 71
5 76
5 81
5 82
5 84
5 86
5 89
5 90
5 91
5 92
5 93
5 96
5 98
5 100
5 108
5 112
5 117
5 118
5 119
5 120
6 5
6 7
6 9
6 11
6 13
6 14
6 15
6 18
6 21
6 22
6 27
6 28
6 31
6 32
6 35
6 39
6 41
6 43
6 45
6 49
6 55
6 57
6 62
6 65
6 66
6 71
6 74
6 76
6 78
6 81
6 83
6 84
6 91
6 97
6 102
6 103
6 105
6 106
6 107
6 108
6 111
6 115
6 122
6 124
6 125
7 3
7 8
7 10
7 13
7 26
7 27
7 28
7 30
7 32
7 34
7 35
7 46
7 50
7 61
7 66
7 67
7 71
7 76
7 90
7 96
7 98
7 100
7 101
7 102
7 103
7 106
7 109
7 110
7 113
7 115
7 117
7 120
7 121
7 123
7 127
8 6
8 7
8 9
8 10
8 12
8 16
8 17
8 22
8 28
8 29
8 30
8 31
8 35
8 37
8 41
8 42
8 45
8 47
8 48
8 55
8 57
8 58
8 59
8 60
8 68
8 70
8 71
8 76
8 77
8 78
8 85
8 87
8 91
8 92
8 94
8 98
8 101
8 105
8 108
8 109
8 112
8 113
8 121
8 125
9 3
9 6
9 8
9 10
9 15
9 22
9 24
9 28
9 31
9 33
9 46
9 47
9 48
9 49
9 51
9 55
9 60
9 67
9 69
9 73
9 85
9 92
9 96
9 97
9 104
9 109
9 110
9 111
9 113
9 116
9 119
9 120
9 121
9 122
9 127
10 2
10 4
10 12
10 14
10 16
10 19
10 20
10 25
10 27
10 29
10 37
10 41
10 42
10 45
10 46
10 48
10 53
10 55
10 57
10 58
10 59
10 69
10 70
10 82
10 90
10 91
10 94
10 98
10 99
10 101
10 103
10 104
10 105
10 107
10 110
10 113
10 114
10 122
10 127
11 1
11 2
11 9
11 11
11 17
11 18
11 20
11 21
11 22
11 23
11 25
11 36
11 43
11 46
11 48
11 53
11 56
11 60
11 64
11 66
11 68
11 71
11 74
11 78
11 80
11 84
11 85
11 87
11 88
11 90
11 93
11 99
11 100
11 101
11 103
11 109
11 111
11 112
11 115
11 121
11 122
11 123
11 124
11 127
12 4
12 5
12 6
12 14
12 20
12 25
12 26
12 28
12 34
12 36
12 38
12 42
12 47
12 50
12 51
12 55
12 56
12 59
12 67
12 69
12 71
12 72
12 73
12 74
12 76
12 78
12 85
12 88
12 89
12 90
12 91
12 99
12 100
12 103
12 104
12 107
12 108
12 119
12 121
12 123
12 124
12 125
12 126
12 127
13 0
13 7
13 8
13 17
13 18
13 21
13 27
13 34
13 35
13 44
13 48
13 49
13 52
13 56
13 57
13 58
13 62
13 66
13 68
13 75
13 79
13 80
13 84
13 87
13 93
13 94
13 96
13 105
13 109
13 110
13 116
13 117
13 122
13 123
13 124
13 125
14 9
14 10
14 12
14 17
14 18
14 20
14 21
14 22
14 25
14 28
14 29
14 30
14 34
14 36
14 38
14 39
14 40
14 49
14 50
14 51
14 54
14 58
14 62
14 72
14 75
14 80
14 87
14 95
14 96
14 103
14 106
14 110
14 116
14 117
15 1
15 6
15 7
15 13
15 17
15 23
15 26
15 28
15 29
15 30
15 40
15 42
15 46
15 57
15 58
15 60
15 61
15 65
15 67
15 68
15 70
15 71
15 72
15 73
15 76
15 80
15 82
15 83
15 84
15 86
15 89
15 94
15 98
15 99
15 101
15 105
15 107
15 114
15 117
15 120
15 121
16 0
16 8
16 9
16 11
16 16
16 19
16 21
16 23
16 24
16 28
16 32
16 37
16 40
16 43
16 47
16 62
16 71
16 73
16 75
16 77
16 86
16 89
16 91
16 99
16 101
16 108
16 110
16 115
16 120
17 4
17 6
17 9
17 13
17 15
17 18
17 20
17 25
17 27
17 31
17 32
17 38
17 42
17 45
17 46
17 47
17 51
17 53
17 55
17 62
17 63
17 66
17 67
17 68
17 73
17 74
17 79
17 80
17 83
17 85
17 86
17 89
17 103
17 107
17 108
17 110
17 113
17 115
17 118
17 121
17 124
18 2
18 3
18 7
18 9
18 10
18 11
18 13
18 22
18 23
18 25
18 32
18 43
18 44
18 56
18 57
18 59
18 60
18 63
18 66
18 79
18 80
18 89
18 111
18 115
19 5
19 6
19 9
19 12
19 17
19 19
19 20
19 21
19 26
19 27
19 29
19 32
19 34
19 35
19 41
19 42
19 44
19 45
19 55
19 61
19 62
19 63
19 69
19 72
19 73
19 74
19 75
19 76
19 78
19 90
19 91
19 92
19 94
19 98
19 100
19 102
19 107
19 119
19 122
19 125
19 127
20 1
20 4
20 5
20 7
20 11
20 21
20 22
20 26
20 28
20 36
20 39
20 40
20 41
20 43
20 44
20 45
20 48
20 49
20 53
20 58
20 61
20 64
20 68
20 71
20 75
20 77
20 82
20 87
20 92
20 94
20 100
20 102
20 103
20 106
20 107
20 117
20 123
21 2
21 5
21 7
21 12
21 21
21 22
21 23
21 25
21 27
21 28
21 31
21 35
21 36
21 37
21 38
21 39
21 46
21 47
21 48
21 49
21 51
21 54
21 55
21 58
21 65
21 67
21 77
21 78
21 84
21 86
21 90
21 92
21 95
21 96
21 97
21 98
21 99
21 112
21 114
21 115
21 120
21 123
21 124
22 5
22 6
22 7
22 9
22 12
22 23
22 27
22 29
22 33
22 36
22 41
22 42
22 45
22 46
22 51
22 56
22 57
22 59
22 66
22 67
22 68
22 73
22 75
22 77
22 79
22 82
22 83
22 89
22 96
22 117
22 121
22 123
23 0
23 1
23 9
23 10
23 11
23 15
23 17
23 19
23 23
23 27
23 30
23 33
23 40
23 47
23 48
23 50
23 51
23 52
23 53
23 64
23 65
23 66
23 69
23 75
23 78
23 81
23 85
23 86
23 88
23 90
23 91
23 92
23 98
23 99
23 100
23 102
23 103
23 104
23 105
23 113
23 114
23 115
23 118
23 120
23 122
24 2
24 4
24 6
24 7
24 11
24 12
24 17
24 33
24 34
24 37
24 40
24 43
24 46
24 49
24 50
24 55
24 56
24 77
24 80
24 81
24 87
24 90
24 91
24 94
24 95
24 97
24 99
24 100
24 101
24 102
24 103
24 105
24 108
24 109
24 110
24 114
24 119
24 120
24 121
25 6
25 7
25 14
25 15
25 21
25 22
25 24
25 25
25 26
25 29
25 33
25 35
25 36
25 40
25 41
25 43
25 44
25 46
25 48
25 49
25 57
25 59
25 63
25 64
25 65
25 74
25 81
25 84
25 87
25 88
25 90
25 95
25 96
25 99
25 101
25 106
25 108
25 109
25 111
25 112
25 117
25 118
25 119
25 121
25 124
26 0
26 1
26 2
26 5
26 11
26 20
26 21
26 22
26 23
26 24
26 27
26 28
26 29
26 35
26 40
26 52
26 53
26 62
26 64
26 67
26 77
26 78
26 79
26 81
26 84
26 89
26 96
26 99
26 109
26 112
26 113
26 114
26 116
26 123
27 4
27 8
27 11
27 14
27 16
27 18
27 21
27 25
27 26
27 30
27 32
27 33
27 38
27 47
27 51
27 54
27 55
27 57
27 59
27 60
27 63
27 67
27 69
27 74
27 75
27 77
27 79
27 80
27 85
27 89
27 92
27 93
27 94
27 98
27 99
27 100
27 103
27 108
27 110
27 111
27 112
27 113
27 117
27 121
27 125
28 4
28 5
28 13
28 18
28 19
28 22
28 23
28 25
28 26
28 32
28 34
28 38
28 52
28 53
28 59
28 64
28 67
28 68
28 69
28 70
28 71
28 74
28 78
28 84
28 95
28 98
28 99
28 100
28 101
28 109
28 111
28 116
28 120
28 126
29 0
29 3
29 10
29 14
29 20
29 28
29 30
29 35
29 36
29 43
29 44
29 45
29 51
29 52
29 54
29 60
29 63
29 83
29 84
29 87
29 93
29 95
29 96
29 98
29 101
29 113
30 1
30 6
30 7
30 8
30 9
30 12
30 18
30 20
30 21
30 22
30 23
30 31
30 33
30 39
30 47
30 49
30 51
30 52
30 56
30 57
30 58
30 60
30 61
30 62
30 63
30 64
30 66
30 67
30 68
30 69
30 70
30 71
30 76
30 79
30 81
30 83
30 85
30 89
30 93
30 95
30 107
30 108
30 112
30 113
30 114
30 117
30 118
30 119
30 126
30 127
31 0
31 10
31 14
31 16
31 17
31 19
31 25
31 28
31 32
31 38
31 41
31 44
31 45
31 51
31 55
31 60
31 64
31 69
31 70
31 75
31 77
31 80
31 82
31 84
31 85
31 92
31 97
31 98
31 101
31 102
31 103
31 110
31 117
31 118
31 122
31 125
32 7
32 8
32 12
32 17
32 20
32 21
32 31
32 32
32 33
32 38
32 41
32 43
32 50
32 60
32 63
32 64
32 71
32 72
32 73
32 76
32 77
32 79
32 82
32 85
32 87
32 89
32 91
32 92
32 100
32 105
32 116
32 119
32 124
32 125
33 2
33 3
33 6
33 11
33 13
33 15
33 16
33 17
33 18
33 23
33 25
33 27
33 28
33 30
33 33
33 34
33 36
33 37
33 41
33 43
33 45
33 46
33 50
33 56
33 59
33 60
33 64
33 67
33 69
33 70
33 71
33 72
33 79
33 83
33 85
33 91
33 97
33 100
33 102
33 104
33 114
33 119
33 124
34 0
34 4
34 6
34 11
34 14
34 18
34 19
34 21
34 22
34 28
34 31
34 35
34 37
34 39
34 45
34 46
34 56
34 62
34 69
34 72
34 73
34 76
34 83
34 87
34 88
34 90
34 94
34 96
34 97
34 106
34 109
34 114
34 119
34 123
35 10
35 14
35 15
35 17
35 20
35 21
35 27
35 28
35 30
35 33
35 34
35 36
35 44
35 50
35 51
35 53
35 55
35 62
35 70
35 74
35 79
35 80
35 81
35 85
35 89
35 94
35 95
35 102
35 111
35 112
35 113
35 123
36 9
36 15
36 16
36 18
36 19
36 20
36 22
36 23
36 24
36 28
36 30
36 37
36 38
36 40
36 42
36 43
36 44
36 47
36 48
36 52
36 55
36 61
36 65
36 68
36 70
36 71
36 74
36 76
36 77
36 84
36 91
36 92
36 93
36 95
36 100
36 102
36 104
36 109
36 118
36 120
36 124
36 126
37 0
37 1
37 2
37 6
37 7
37 9
37 11
37 13
37 14
37 19
37 23
37 24
37 25
37 31
37 33
37 37
37 39
37 46
37 48
37 49
37 50
37 55
37 56
37 58
37 63
37 65
37 66
37 75
37 78
37 81
37 82
37 84
37 88
37 90
37 92
37 94
37 95
37 98
37 101
37 115
37 118
37 120
37 121
37 123
38 4
38 6
38 10
38 12
38 13
38 15
38 20
38 23
38 25
38 26
38 28
38 31
38 35
38 38
38 41
38 43
38 44
38 45
38 46
38 54
38 56
38 58
38 62
38 63
38 69
38 76
38 77
38 81
38 84
38 87
38 91
38 92
38 93
38 99
38 100
38 102
38 103
38 109
38 118
38 121
38 125
39 10
39 11
39 13
39 21
39 23
39 30
39 43
39 47
39 50
39 51
39 54
39 61
39 63
39 66
39 67
39 81
39 82
39 83
39 84
39 85
39 86
39 92
39 98
39 101
39 104
39 106
39 109
39 118
39 122
39 124
39 127
40 0
40 1
40 3
40 13
40 15
40 16
40 24
40 26
40 31
40 34
40 35
40 36
40 39
40 50
40 53
40 56
40 57
40 60
40 70
40 73
40 82
40 90
40 92
40 97
40 102
40 104
40 106
40 108
40 110
40 117
40 122
41 2
41 4
41 7
41 8
41 14
41 21
41 34
41 41
41 47
41 49
41 54
41 56
41 58
41 70
41 77
41 78
41 80
41 85
41 86
41 87
41 88
41 89
41 90
41 93
41 94
41 98
41 99
41 100
41 101
41 102
41 103
41 113
41 121
42 6
42 10
42 11
42 14
42 20
42 21
42 24
42 27
42 29
42 31
42 33
42 38
42 48
42 54
42 55
42 56
42 57
42 60
42 72
42 74
42 76
42 77
42 86
42 91
42 93
42 98
42 99
42 100
42 102
42 110
42 113
42 119
42 120
43 0
43 2
43 5
43 6
43 9
43 11
43 13
43 14
43 18
43 22
43 25
43 30
43 31
43 37
43 44
43 46
43 54
43 59
43 62
43 66
43 71
43 74
43 78
43 79
43 80
43 90
43 95
43 100
43 102
43 110
43 116
43 118
43 119
43 122
43 124
43 126
44 2
44 13
44 18
44 19
44 23
44 26
44 30
44 33
44 34
44 36
44 40
44 43
44 44
44 46
44 47
44 54
44 61
44 62
44 64
44 69
44 70
44 73
44 75
44 76
44 80
44 82
44 83
44 87
44 89
44 91
44 96
44 97
44 102
44 106
44 110
44 113
44 118
44 121
44 123
44 125
44 127
45 0
45 1
45 6
45 11
45 14
45 15
45 22
45 31
45 33
45 35
45 37
45 39
45 40
45 42
45 45
45 50
45 51
45 52
45 53
45 55
45 56
45 60
45 69
45 73
45 77
45 88
45 99
45 109
45 113
45 114
45 116
45 127
46 2
46 5
46 6
46 10
46 17
46 19
46 24
46 25
46 28
46 29
46 41
46 43
46 48
46 54
46 55
46 58
46 62
46 63
46 64
46 65
46 66
46 69
46 70
46 73
46 84
46 86
46 87
46 89
46 91
46 93
46 96
46 101
46 102
46 104
46 105
46 108
46 113
46 115
46 116
46 124
46 125
46 127
47 0
47 2
47 6
47 9
47 11
47 13
47 17
47 20
47 23
47 24
47 29
47 38
47 39
47 43
47 47
47 50
47 51
47 54
47 59
47 62
47 64
47 65
47 66
47 74
47 75
47 76
47 78
47 82
47 85
47 86
47 89
47 92
47 94
47 101
47 103
47 104
47 113
47 121
47 122
48 1
48 9
48 13
48 15
48 19
48 23
48 26
48 27
48 30
48 32
48 33
48 38
48 42
48 43
48 49
48 53
48 54
48 59
48 64
48 66
48 67
48 71
48 73
48 89
48 95
48 104
48 106
48 108
48 109
48 111
48 114
48 119
48 127
49 1
49 3
49 5
49 13
49 19
49 21
49 25
49 27
49 28
49 35
49 40
49 42
49 43
49 44
49 52
49 55
49 56
49 57
49 58
49 60
49 67
49 69
49 70
49 72
49 74
49 81
49 83
49 89
49 91
49 100
49 108
49 112
49 116
49 118
49 122
49 124
49 125
50 4
50 7
50 10
50 11
50 14
50 17
50 18
50 19
50 23
50 25
50 26
50 28
50 32
50 36
50 38
50 40
50 44
50 45
50 46
50 50
50 56
50 59
50 60
50 63
50 64
50 68
50 76
50 94
50 97
50 98
50 103
50 104
50 105
50 108
50 109
50 116
50 118
50 119
50 121
50 122
50 123
50 124
50 126
51 2
51 11
51 22
51 24
51 25
51 34
51 40
51 41
51 47
51 51
51 53
51 56
51 57
51 58
51 61
51 65
51 66
51 67
51 69
51 76
51 82
51 83
51 85
51 88
51 90
51 97
51 99
51 100
51 101
51 102
51 104
51 105
51 106
51 109
51 120
51 123
51 124
52 6
52 14
52 19
52 28
52 29
52 30
52 31
52 37
52 38
52 39
52 47
52 50
52 54
52 55
52 60
52 68
52 73
52 76
52 78
52 79
52 84
52 85
52 86
52 87
52 99
52 101
52 103
52 105
52 108
52 109
52 111
52 112
52 117
52 123
52 125
52 127
53 2
53 4
53 6
53 8
53 9
53 10
53 11
53 13
53 22
53 24
53 25
53 27
53 28
53 33
53 42
53 46
53 47
53 49
53 51
53 55
53 59
53 67
53 70
53 71
53 75
53 85
53 92
53 93
53 96
53 97
53 99
53 101
53 105
53 106
53 108
53 110
53 120
53 123
53 124
53 127
54 0
54 1
54 8
54 9
54 10
54 14
54 18
54 24
54 27
54 28
54 29
54 32
54 34
54 36
54 40
54 51
54 52
54 56
54 65
54 71
54 75
54 80
54 81
54 84
54 88
54 90
54 91
54 94
54 97
54 109
54 112
54 117
54 118
54 119
54 120
54 122
54 123
54 124
54 125
55 0
55 12
55 15
55 16
55 18
55 28
55 33
55 34
55 36
55 43
55 49
55 53
55 54
55 57
55 59
55 60
55 62
55 63
55 69
55 70
55 75
55 82
55 83
55 84
55 87
55 88
55 92
55 93
55 95
55 109
55 111
55 114
55 116
55 117
55 118
55 121
55 124
56 1
56 2
56 3
56 6
56 8
56 14
56 15
56 18
56 21
56 22
56 24
56 28
56 35
56 38
56 44
56 46
56 48
56 52
56 54
56 55
56 57
56 61
56 66
56 69
56 73
56 74
56 78
56 79
56 83
56 84
56 87
56 90
56 92
56 94
56 99
56 102
56 111
56 121
56 122
56 127
57 1
57 4
57 5
57 6
57 7
57 8
57 11
57 13
57 14
57 16
57 17
57 19
57 22
57 25
57 26
57 32
57 36
57 39
57 40
57 42
57 43
57 49
57 52
57 56
57 61
57 65
57 69
57 71
57 72
57 73
57 78
57 84
57 87
57 88
57 89
57 90
57 92
57 94
57 100
57 103
57 105
57 109
57 111
57 113
57 115
57 116
57 120
57 125
58 2
58 4
58 8
58 12
58 13
58 14
58 16
58 19
58 21
58 28
58 35
58 38
58 39
58 41
58 45
58 48
58 50
58 55
58 61
58 62
58 63
58 69
58 72
58 77
58 78
58 81
58 83
58 84
58 89
58 90
58 93
58 94
58 95
58 96
58 98
58 99
58 100
58 104
58 105
58 106
58 116
58 118
58 119
58 120
58 126
59 4
59 9
59 11
59 12
59 16
59 17
59 18
59 24
59 26
59 28
59 30
59 31
59 34
59 36
59 37
59 42
59 48
59 51
59 53
59 57
59 60
59 66
59 70
59 71
59 74
59 77
59 86
59 87
59 88
59 89
59 92
59 93
59 96
59 97
59 100
59 110
59 116
59 118
59 123
59 124
60 0
60 2
60 6
60 13
60 17
60 21
60 24
60 25
60 26
60 31
60 32
60 33
60 34
60 35
60 36
60 37
60 39
60 43
60 44
60 56
60 57
60 59
60 61
60 64
60 65
60 69
60 78
60 90
60 97
60 102
60 104
60 105
60 108
60 111
60 115
60 121
60 123
60 126
61 0
61 1
61 2
61 3
61 8
61 12
61 13
61 14
61 15
61 17
61 21
61 30
61 33
61 36
61 46
61 48
61 50
61 52
61 60
61 62
61 66
61 69
61 72
61 76
61 79
61 82
61 90
61 91
61 92
61 93
61 95
61 98
61 102
61 103
61 104
61 105
61 106
61 112
61 113
61 114
61 117
61 120
61 121
61 123
62 3
62 7
62 14
62 19
62 26
62 27
62 32
62 36
62 45
62 46
62 51
62 55
62 57
62 58
62 72
62 76
62 77
62 78
62 80
62 81
62 85
62 89
62 96
62 102
62 104
62 106
62 109
62 110
62 111
62 112
62 124
62 125
62 126
63 3
63 12
63 13
63 14
63 17
63 18
63 19
63 25
63 28
63 30
63 33
63 36
63 37
63 44
63 47
63 50
63 53
63 54
63 55
63 56
63 59
63 60
63 61
63 65
63 72
63 73
63 75
63 77
63 89
63 91
63 93
63 97
63 98
63 103
63 104
63 106
63 107
63 108
63 109
63 111
63 112
63 116
63 117
63 119
63 120
63 121
63 122
63 124
64 0
64 2
64 7
64 10
64 11
64 15
64 16
64 20
64 21
64 24
64 25
64 34
64 35
64 36
64 38
64 41
64 44
64 46
64 52
64 57
64 66
64 72
64 73
64 76
64 78
64 79
64 80
64 83
64 87
64 88
64 89
64 92
64 93
64 95
64 100
64 111
64 113
64 117
64 121
64 123
65 0
65 2
65 3
65 8
65 16
65 20
65 22
65 23
65 24
65 28
65 29
65 37
65 41
65 43
65 53
65 60
65 61
65 63
65 78
65 82
65 84
65 85
65 91
65 99
65 100
65 104
65 106
65 108
65 115
65 118
65 123
65 126
66 10
66 12
66 15
66 16
66 21
66 22
66 24
66 33
66 37
66 45
66 47
66 52
66 57
66 60
66 61
66 64
66 66
66 69
66 70
66 72
66 75
66 82
66 84
66 93
66 97
66 99
66 106
66 107
66 108
66 110
66 114
66 117
66 119
66 123
66 124
66 125
66 127
67 0
67 4
67 5
67 6
67 7
67 10
67 21
67 32
67 39
67 40
67 44
67 46
67 52
67 53
67 54
67 58
67 62
67 71
67 73
67 76
67 78
67 82
67 83
67 84
67 85
67 94
67 95
67 105
67 110
67 118
67 126
67 127
68 0
68 6
68 11
68 14
68 21
68 23
68 25
68 26
68 29
68 30
68 32
68 34
68 40
68 42
68 45
68 52
68 55
68 56
68 59
68 60
68 61
68 70
68 73
68 75
68 76
68 79
68 80
68 81
68 87
68 90
68 98
68 101
68 106
68 109
68 110
68 111
68 112
68 118
68 120
68 121
68 124
68 125
69 0
69 2
69 4
69 5
69 9
69 10
69 16
69 24
69 26
69 27
69 28
69 29
69 31
69 32
69 42
69 43
69 44
69 46
69 52
69 53
69 58
69 60
69 61
69 63
69 66
69 68
69 73
69 76
69 77
69 80
69 82
69 83
69 88
69 90
69 92
69 94
69 100
69 103
69 109
69 111
69 112
69 115
69 120
69 122
69 127
70 2
70 4
70 8
70 12
70 16
70 33
70 37
70 44
70 48
70 51
70 56
70 58
70 61
70 70
70 71
70 77
70 79
70 84
70 88
70 91
70 92
70 93
70 94
70 100
70 104
70 105
70 114
70 118
70 125
71 4
71 12
71 16
71 19
71 26
71 30
71 38
71 39
71 41
71 43
71 44
71 45
71 47
71 65
71 66
71 68
71 73
71 74
71 75
71 77
71 81
71 84
71 86
71 93
71 100
71 101
71 103
71 108
71 111
71 113
71 118
71 119
71 123
71 124
71 126
72 0
72 2
72 4
72 7
72 8
72 13
72 14
72 17
72 20
72 21
72 22
72 23
72 26
72 28
72 29
72 37
72 41
72 45
72 49
72 50
72 52
72 62
72 68
72 76
72 79
72 80
72 81
72 82
72 83
72 86
72 87
72 91
72 92
72 93
72 95
72 103
72 108
72 109
72 114
72 118
72 120
72 122
72 123
72 125
72 126
73 7
73 9
73 10
73 17
73 25
73 27
73 30
73 31
73 33
73 35
73 37
73 38
73 41
73 42
73 43
73 48
73 49
73 50
73 51
73 66
73 68
73 70
73 71
73 72
73 74
73 78
73 81
73 84
73 89
73 91
73 95
73 99
73 103
73 105
73 106
73 108
73 109
73 110
73 112
73 116
73 118
73 119
73 120
73 125
74 0
74 2
74 5
74 7
74 11
74 18
74 20
74 22
74 23
74 25
74 26
74 29
74 33
74 40
74 48
74 50
74 51
74 52
74 55
74 58
74 60
74 65
74 66
74 79
74 89
74 90
74 95
74 106
74 108
74 116
74 119
74 120
74 122
74 124
74 127
75 5
75 6
75 8
75 11
75 14
75 24
75 33
75 34
75 39
75 41
75 43
75 50
75 52
75 53
75 54
75 55
75 57
75 66
75 75
75 77
75 84
75 88
75 95
75 99
75 100
75 102
75 103
75 109
75 110
75 114
75 115
75 118
75 123
76 6
76 7
76 8
76 11
76 19
76 23
76 24
76 29
76 30
76 31
76 36
76 39
76 45
76 49
76 56
76 58
76 60
76 63
76 64
76 68
76 70
76 73
76 79
76 80
76 83
76 89
76 90
76 91
76 94
76 95
76 104
76 107
76 108
76 116
76 117
76 119
76 127
77 3
77 4
77 10
77 11
77 14
77 21
77 27
77 33
77 50
77 51
77 52
77 55
77 58
77 59
77 61
77 62
77 63
77 68
77 72
77 74
77 78
77 81
77 82
77 90
77 94
77 98
77 101
77 103
77 105
77 106
77 108
77 115
77 116
77 120
77 122
77 125
78 7
78 10
78 14
78 15
78 16
78 18
78 22
78 26
78 27
78 32
78 37
78 42
78 44
78 45
78 47
78 49
78 51
78 55
78 60
78 68
78 75
78 76
78 77
78 78
78 79
78 87
78 88
78 95
78 96
78 97
78 99
78 104
78 107
78 108
78 115
78 118
78 124
79 2
79 6
79 14
79 16
79 19
79 31
79 32
79 38
79 41
79 42
79 46
79 53
79 55
79 57
79 58
79 59
79 61
79 63
79 65
79 67
79 70
79 74
79 82
79 84
79 85
79 86
79 94
79 95
79 107
79 113
79 114
79 118
79 127
80 2
80 5
80 6
80 11
80 13
80 15
80 30
80 32
80 35
80 39
80 40
80 47
80 52
80 62
80 67
80 68
80 69
80 70
80 72
80 73
80 75
80 78
80 80
80 88
80 90
80 94
80 96
80 102
80 104
80 107
80 112
80 113
80 117
80 121
80 123
80 125
80 126
81 0
81 1
81 3
81 5
81 6
81 7
81 11
81 14
81 19
81 28
81 30
81 36
81 38
81 39
81 42
81 43
81 45
81 46
81 47
81 48
81 51
81 61
81 62
81 63
81 65
81 66
81 67
81 76
81 81
81 84
81 88
81 89
81 97
81 98
81 101
81 106
81 112
81 119
81 120
81 126
82 2
82 7
82 10
82 24
82 31
82 32
82 43
82 44
82 45
82 48
82 50
82 51
82 56
82 58
82 63
82 65
82 67
82 71
82 72
82 73
82 74
82 79
82 80
82 84
82 86
82 87
82 103
82 107
82 109
82 110
82 111
82 113
82 114
82 117
82 119
82 120
82 124
83 0
83 2
83 3
83 7
83 8
83 10
83 16
83 17
83 18
83 20
83 23
83 26
83 27
83 28
83 33
83 37
83 40
83 41
83 45
83 46
83 47
83 49
83 51
83 55
83 57
83 60
83 61
83 63
83 69
83 70
83 73
83 81
83 85
83 92
83 93
83 103
83 113
83 115
83 117
83 118
83 119
83 120
83 127
84 3
84 4
84 6
84 7
84 11
84 12
84 17
84 20
84 24
84 27
84 28
84 29
84 33
84 40
84 42
84 43
84 44
84 53
84 55
84 58
84 64
84 66
84 67
84 74
84 76
84 78
84 81
84 92
84 100
84 103
84 106
84 107
84 109
84 111
84 112
84 113
84 116
84 122
84 126
85 0
85 2
85 3
85 5
85 13
85 16
85 19
85 20
85 21
85 25
85 26
85 33
85 35
85 36
85 38
85 41
85 48
85 49
85 50
85 55
85 61
85 64
85 67
85 71
85 74
85 78
85 80
85 81
85 82
85 84
85 86
85 88
85 89
85 90
85 93
85 95
85 102
85 103
85 105
85 108
85 112
85 113
85 119
85 120
85 125
85 127
86 7
86 10
86 12
86 14
86 15
86 23
86 25
86 26
86 31
86 35
86 38
86 39
86 41
86 42
86 43
86 45
86 48
86 49
86 50
86 51
86 54
86 57
86 59
86 62
86 63
86 64
86 66
86 67
86 73
86 74
86 77
86 87
86 88
86 89
86 93
86 96
86 97
86 107
86 109
86 110
86 119
86 122
86 123
87 2
87 3
87 4
87 14
87 15
87 16
87 17
87 19
87 23
87 24
87 26
87 28
87 29
87 30
87 31
87 34
87 39
87 41
87 44
87 46
87 47
87 50
87 51
87 53
87 57
87 63
87 66
87 73
87 76
87 81
87 83
87 86
87 88
87 89
87 90
87 91
87 102
87 103
87 105
87 107
87 111
87 118
87 119
87 121
87 127
88 1
88 4
88 8
88 11
88 17
88 20
88 23
88 24
88 28
88 30
88 31
88 33
88 37
88 38
88 42
88 43
88 46
88 52
88 60
88 61
88 64
88 68
88 80
88 85
88 93
88 97
88 101
88 108
88 115
88 119
88 121
88 122
88 126
89 2
89 4
89 5
89 6
89 8
89 11
89 14
89 15
89 18
89 19
89 21
89 23
89 27
89 28
89 31
89 33
89 34
89 36
89 37
89 38
89 39
89 40
89 42
89 44
89 47
89 48
89 49
89 52
89 54
89 57
89 62
89 68
89 69
89 72
89 77
89 79
89 82
89 88
89 90
89 92
89 94
89 95
89 97
89 105
89 110
89 111
89 114
89 118
89 124
89 125
89 126
90 0
90 2
90 5
90 6
90 9
90 13
90 20
90 23
90 26
90 27
90 37
90 45
90 50
90 54
90 57
90 58
90 61
90 72
90 73
90 87
90 89
90 90
90 91
90 94
90 99
90 106
90 112
90 114
90 116
90 119
91 2
91 4
91 6
91 7
91 8
91 12
91 15
91 17
91 19
91 20
91 21
91 23
91 24
91 25
91 26
91 35
91 37
91 38
91 39
91 41
91 47
91 48
91 51
91 55
91 60
91 62
91 63
91 64
91 65
91 69
91 71
91 89
91 90
91 92
91 95
91 105
91 107
91 111
91 112
91 117
91 121
91 123
91 125
91 126
92 1
92 4
92 5
92 6
92 9
92 12
92 16
92 19
92 20
92 21
92 24
92 28
92 30
92 33
92 34
92 37
92 40
92 44
92 46
92 47
92 48
92 51
92 53
92 55
92 63
92 75
92 77
92 80
92 82
92 84
92 87
92 88
92 91
92 93
92 96
92 98
92 102
92 106
92 108
92 109
92 110
92 114
92 115
92 118
92 122
93 0
93 8
93 11
93 15
93 16
93 18
93 22
93 25
93 36
93 40
93 58
93 62
93 65
93 69
93 76
93 81
93 85
93 91
93 92
93 97
93 109
93 110
93 112
93 115
93 119
93 123
93 124
94 3
94 4
94 5
94 6
94 10
94 17
94 24
94 25
94 31
94 32
94 37
94 39
94 41
94 44
94 47
94 48
94 49
94 59
94 62
94 63
94 64
94 70
94 74
94 83
94 84
94 86
94 90
94 95
94 98
94 99
94 107
94 112
94 114
94 118
94 123
94 127
95 1
95 2
95 13
95 17
95 18
95 19
95 20
95 22
95 25
95 28
95 31
95 36
95 38
95 39
95 40
95 43
95 46
95 47
95 54
95 55
95 62
95 66
95 69
95 71
95 72
95 80
95 82
95 83
95 86
95 89
95 92
95 97
95 99
95 107
95 108
95 113
95 118
95 120
95 121
95 123
95 126
96 3
96 11
96 13
96 18
96 20
96 22
96 23
96 28
96 34
96 39
96 41
96 42
96 50
96 52
96 56
96 57
96 61
96 69
96 70
96 72
96 77
96 79
96 84
96 89
96 92
96 95
96 96
96 99
96 102
96 104
96 106
96 109
96 115
96 119
96 120
96 122
96 123
97 1
97 2
97 5
97 7
97 15
97 16
97 19
97 22
97 30
97 33
97 36
97 43
97 48
97 50
97 53
97 56
97 62
97 64
97 67
97 68
97 69
97 70
97 77
97 81
97 87
97 93
97 96
97 101
97 107
97 111
97 114
97 115
97 119
97 120
97 122
97 126
97 127
98 3
98 6
98 8
98 16
98 17
98 20
98 29
98 30
98 38
98 40
98 43
98 52
98 55
98 58
98 61
98 65
98 67
98 73
98 74
98 76
98 79
98 80
98 82
98 90
98 91
98 96
98 106
98 110
98 111
98 115
98 118
98 125
98 126
99 0
99 16
99 20
99 21
99 23
99 24
99 25
99 29
99 30
99 36
99 37
99 40
99 42
99 46
99 47
99 61
99 62
99 65
99 67
99 69
99 74
99 77
99 78
99 79
99 81
99 82
99 90
99 95
99 96
99 100
99 112
99 113
99 121
99 124
100 0
100 1
100 2
100 4
100 8
100 12
100 14
100 15
100 19
100 24
100 25
100 38
100 41
100 51
100 53
100 54
100 56
100 60
100 61
100 63
100 65
100 68
100 77
100 78
100 80
100 81
100 83
100 89
100 91
100 98
100 102
100 105
100 106
100 110
100 116
100 118
100 119
100 125
100 127
101 5
101 14
101 18
101 19
101 28
101 29
101 39
101 48
101 49
101 51
101 53
101 56
101 57
101 62
101 67
101 70
101 71
101 74
101 76
101 80
101 84
101 85
101 87
101 89
101 90
101 95
101 96
101 98
101 99
101 100
101 103
101 105
101 107
101 108
101 112
101 116
101 121
101 122
101 125
102 1
102 4
102 5
102 9
102 16
102 18
102 27
102 30
102 37
102 38
102 39
102 40
102 44
102 46
102 55
102 59
102 61
102 63
102 64
102 67
102 69
102 70
102 71
102 75
102 80
102 81
102 82
102 83
102 84
102 90
102 100
102 102
102 103
102 104
102 107
102 108
102 109
102 111
102 115
102 118
102 119
102 122
102 124
103 2
103 6
103 10
103 13
103 18
103 19
103 22
103 25
103 27
103 30
103 35
103 39
103 41
103 43
103 44
103 47
103 54
103 56
103 59
103 62
103 67
103 76
103 78
103 79
103 80
103 82
103 84
103 105
103 111
103 112
103 116
103 118
103 119
103 121
103 123
103 125
103 126
103 127
104 5
104 7
104 9
104 12
104 14
104 15
104 21
104 28
104 30
104 31
104 32
104 33
104 36
104 37
104 39
104 40
104 47
104 48
104 50
104 57
104 70
104 73
104 77
104 79
104 82
104 83
104 88
104 94
104 95
104 108
104 109
104 112
104 115
104 122
105 11
105 21
105 24
105 26
105 30
105 32
105 33
105 34
105 35
105 40
105 46
105 47
105 50
105 52
105 55
105 56
105 60
105 61
105 62
105 65
105 66
105 67
105 71
105 73
105 76
105 77
105 86
105 91
105 96
105 102
105 104
105 106
105 107
105 109
105 111
105 115
105 116
105 122
105 123
105 125
106 10
106 11
106 12
106 16
106 18
106 19
106 21
106 24
106 25
106 28
106 32
106 33
106 37
106 40
106 43
106 49
106 51
106 58
106 62
106 64
106 70
106 74
106 75
106 77
106 82
106 83
106 86
106 87
106 88
106 91
106 92
106 97
106 98
106 102
106 104
106 106
106 112
106 119
106 120
106 122
106 126
107 1
107 7
107 8
107 9
107 10
107 15
107 17
107 20
107 21
107 23
107 27
107 32
107 35
107 48
107 49
107 51
107 52
107 60
107 61
107 62
107 67
107 70
107 75
107 77
107 83
107 84
107 86
107 87
107 92
107 95
107 97
107 105
107 106
107 108
107 109
107 115
107 116
107 119
107 122
107 123
107 125
108 5
108 20
108 25
108 31
108 35
108 44
108 47
108 48
108 50
108 62
108 67
108 71
108 72
108 81
108 83
108 85
108 86
108 87
108 89
108 90
108 93
108 102
108 103
108 107
108 108
108 115
108 117
108 119
109 0
109 1
109 11
109 13
109 14
109 19
109 27
109 28
109 34
109 37
109 40
109 47
109 49
109 60
109 61
109 64
109 66
109 67
109 70
109 75
109 79
109 81
109 83
109 85
109 86
109 87
109 93
109 97
109 98
109 100
109 104
109 114
109 115
109 120
109 121
109 123
109 127
110 1
110 2
110 5
110 12
110 13
110 14
110 20
110 24
110 27
110 33
110 38
110 40
110 41
110 42
110 46
110 48
110 49
110 54
110 59
110 60
110 63
110 65
110 69
110 72
110 75
110 76
110 80
110 81
110 83
110 87
110 88
110 90
110 94
110 97
110 98
110 109
110 110
110 115
110 116
110 117
110 127
111 5
111 7
111 15
111 18
111 20
111 22
111 26
111 31
111 37
111 40
111 42
111 43
111 44
111 46
111 50
111 55
111 58
111 60
111 63
111 66
111 69
111 71
111 83
111 85
111 91
111 93
111 95
111 101
111 107
111 108
111 113
111 115
111 116
111 117
111 121
111 122
111 123
112 0
112 1
112 5
112 7
112 11
112 13
112 15
112 22
112 26
112 33
112 38
112 44
112 52
112 55
112 59
112 63
112 64
112 69
112 72
112 76
112 77
112 78
112 79
112 80
112 92
112 93
112 94
112 95
112 100
112 102
112 104
112 111
112 112
112 114
112 115
112 117
112 120
112 124
113 2
113 3
113 8
113 11
113 12
113 14
113 15
113 16
113 17
113 19
113 25
113 34
113 37
113 42
113 44
113 45
113 55
113 58
113 59
113 60
113 68
113 74
113 86
113 89
113 90
113 92
113 96
113 97
113 103
113 104
113 110
113 112
113 113
113 114
113 116
113 118
114 9
114 11
114 19
114 27
114 38
114 45
114 46
114 49
114 55
114 59
114 67
114 71
114 79
114 84
114 85
114 86
114 91
114 92
114 95
114 97
114 98
114 102
114 107
114 109
114 110
114 114
114 118
114 119
114 123
115 8
115 13
115 14
115 19
115 29
115 30
115 32
115 38
115 40
115 48
115 50
115 62
115 75
115 83
115 86
115 90
115 92
115 97
115 102
115 103
115 104
115 109
115 110
115 111
115 115
115 123
115 124
115 125
116 0
116 3
116 9
116 12
116 15
116 17
116 21
116 34
116 39
116 40
116 42
116 43
116 44
116 45
116 46
116 47
116 54
116 56
116 57
116 59
116 60
116 68
116 75
116 77
116 79
116 82
116 84
116 89
116 90
116 96
116 97
116 104
116 114
116 115
116 119
116 122
116 124
117 4
117 5
117 6
117 7
117 12
117 15
117 16
117 18
117 21
117 25
117 27
117 31
117 34
117 35
117 37
117 38
117 39
117 42
117 50
117 55
117 56
117 59
117 64
117 65
117 67
117 70
117 71
117 72
117 74
117 76
117 78
117 83
117 87
117 90
117 92
117 93
117 99
117 101
117 105
117 113
117 117
117 118
117 121
117 122
117 126
118 2
118 6
118 8
118 14
118 15
118 16
118 17
118 18
118 19
118 22
118 23
118 25
118 26
118 29
118 33
118 38
118 40
118 41
118 43
118 47
118 49
118 52
118 54
118 59
118 64
118 70
118 74
118 75
118 77
118 78
118 83
118 84
118 87
118 93
118 103
118 109
118 111
118 112
118 113
118 118
118 120
118 124
118 126
118 127
119 1
119 2
119 3
119 9
119 13
119 16
119 19
119 20
119 24
119 27
119 28
119 32
119 36
119 38
119 41
119 46
119 47
119 48
119 52
119 60
119 62
119 68
119 69
119 71
119 75
119 77
119 78
119 79
119 80
119 82
119 83
119 86
119 88
119 95
119 98
119 99
119 103
119 106
119 107
119 114
119 115
119 116
119 121
119 123
119 126
120 0
120 3
120 8
120 10
120 15
120 17
120 18
120 19
120 20
120 21
120 26
120 27
120 34
120 38
120 44
120 49
120 51
120 54
120 60
120 61
120 67
120 71
120 74
120 75
120 76
120 77
120 78
120 92
120 98
120 100
120 110
120 116
120 124
121 2
121 6
121 7
121 8
121 14
121 23
121 24
121 27
121 30
121 32
121 39
121 40
121 49
121 50
121 53
121 55
121 56
121 60
121 70
121 73
121 74
121 75
121 78
121 80
121 89
121 96
121 98
121 100
121 102
121 104
121 105
121 106
121 107
121 108
121 109
121 112
121 113
121 115
121 119
121 121
121 122
121 123
121 126
122 0
122 1
122 4
122 5
122 6
122 7
122 9
122 18
122 20
122 23
122 25
122 26
122 27
122 30
122 32
122 33
122 37
122 39
122 41
122 48
122 53
122 58
122 59
122 60
122 66
122 69
122 71
122 72
122 77
122 79
122 81
122 83
122 85
122 88
122 95
122 96
122 97
122 101
122 102
122 111
122 112
122 118
122 119
122 120
122 121
122 122
122 123
122 124
122 126
123 9
123 12
123 14
123 22
123 24
123 29
123 35
123 37
123 38
123 39
123 41
123 42
123 43
123 44
123 45
123 47
123 50
123 53
123 54
123 59
123 61
123 63
123 64
123 71
123 73
123 74
123 77
123 79
123 82
123 88
123 90
123 91
123 93
123 96
123 100
123 102
123 107
123 109
123 111
123 112
123 114
123 115
123 117
123 120
123 123
123 125
124 1
124 3
124 4
124 5
124 19
124 20
124 23
124 24
124 25
124 28
124 30
124 31
124 33
124 34
124 39
124 40
124 44
124 46
124 52
124 53
124 54
124 55
124 56
124 57
124 59
124 61
124 73
124 76
124 77
124 81
124 85
124 89
124 91
124 96
124 99
124 100
124 103
124 113
124 117
124 120
124 125
125 1
125 2
125 4
125 5
125 7
125 10
125 12
125 13
125 14
125 15
125 25
125 34
125 36
125 38
125 39
125 40
125 41
125 42
125 43
125 45
125 48
125 49
125 52
125 55
125 57
125 58
125 66
125 67
125 69
125 79
125 80
125 81
125 82
125 83
125 86
125 88
125 94
125 95
125 97
125 101
125 104
125 110
125 112
125 113
125 115
125 123
125 124
125 127
126 0
126 17
126 19
126 25
126 38
126 40
126 47
126 48
126 51
126 52
126 53
126 56
126 60
126 63
126 65
126 67
126 68
126 70
126 74
126 75
126 76
126 77
126 81
126 89
126 95
126 101
126 104
126 105
126 106
126 111
126 117
126 124
126 126
127 0
127 6
127 9
127 16
127 17
127 18
127 22
127 23
127 27
127 32
127 33
127 34
127 39
127 40
127 43
127 44
127 45
127 46
127 50
127 51
127 53
127 54
127 56
127 57
127 59
127 60
127 68
127 70
127 71
127 73
127 77
127 84
127 86
127 88
127 92
127 93
127 96
127 100
127 103
127 104
127 107
127 113
127 114
127 118
127 123
