0 0
0 2
0 3
0 6
0 7
0 9
0 16
0 18
0 20
0 21
0 26
0 28
0 31
0 35
0 37
0 39
0 48
0 49
0 56
0 57
0 58
0 59
0 61
0 62
0 63
0 69
0 70
0 72
0 76
0 77
0 78
0 81
0 84
0 85
0 91
0 99
0 101
0 102
0 103
0 105
0 108
0 109
0 115
0 118
0 124
0 127
1 4
1 6
1 8
1 9
1 12
1 15
1 16
1 18
1 23
1 27
1 31
1 33
1 36
1 37
1 38
1 39
1 40
1 41
1 44
1 48
1 51
1 54
1 55
1 57
1 62
1 64
1 67
1 73
1 74
1 75
1 76
1 78
1 79
1 80
1 81
1 88
1 91
1 95
1 99
1 102
1 103
1 105
1 106
1 108
1 109
1 110
1 112
1 114
1 115
1 116
1 117
1 118
1 119
1 121
1 123
1 126
1 127
2 6
2 10
2 12
2 14
2 16
2 20
2 24
2 27
2 29
2 36
2 41
2 42
2 46
2 47
2 51
2 52
2 56
2 58
2 60
2 61
2 67
2 70
2 71
2 73
2 74
2 85
2 86
2 88
2 89
2 90
2 91
2 92
2 96
2 97
2 101
2 103
2 107
2 108
2 109
2 113
2 116
2 117
2 118
2 123
2 124
2 125
2 126
2 127
3 1
3 3
3 6
3 8
3 9
3 10
3 11
3 18
3 22
3 23
3 24
3 26
3 27
3 37
3 39
3 42
3 44
3 47
3 51
3 52
3 53
3 58
3 62
3 63
3 68
3 69
3 70
3 72
3 73
3 77
3 78
3 79
3 82
3 83
3 93
3 95
3 97
3 98
3 100
3 104
3 106
3 111
3 121
3 123
3 127
4 0
4 6
4 9
4 14
4 18
4 20
4 22
4 24
4 28
4 29
4 31
4 32
4 35
4 36
4 38
4 39
4 40
4 42
4 43
4 44
4 45
4 51
4 55
4 56
4 59
4 62
4 65
4 66
4 67
4 73
4 75
4 76
4 77
4 82
4 84
4 86
4 87
4 88
4 89
4 91
4 92
4 94
4 97
4 99
4 101
4 106
4 107
4 111
4 116
4 117
4 118
4 124
4 126
5 0
5 4
5 7
5 14
5 16
5 18
5 19
5 20
5 21
5 24
5 29
5 32
5 33
5 34
5 36
5 39
5 40
5 44
5 45
5 46
5 48
5 54
5 58
5 60
5 62
5 63
5 66
5 72
5 74
5 75
5 78
5 81
5 84
5 85
5 86
5 87
5 90
5 95
5 101
5 104
5 105
5 107
5 108
5 109
5 111
5 113
5 119
5 120
6 0
6 4
6 6
6 7
6 10
6 11
6 13
6 18
6 20
6 21
6 22
6 28
6 31
6 32
6 37
6 39
6 41
6 43
6 47
6 49
6 50
6 53
6 56
6 57
6 58
6 72
6 73
6 76
6 79
6 80
6 82
6 83
6 84
6 85
6 86
6 88
6 89
6 92
6 93
6 96
6 99
6 100
6 102
6 106
6 108
6 111
6 113
6 117
6 119
6 124
6 126
7 7
7 12
7 13
7 16
7 17
7 19
7 22
7 27
7 28
7 29
7 33
7 34
7 42
7 46
7 47
7 50
7 54
7 68
7 76
7 80
7 84
7 87
7 89
7 95
7 96
7 100
7 103
7 110
7 112
7 117
7 118
7 122
7 124
7 125
7 126
8 6
8 9
8 12
8 15
8 16
8 23
8 25
8 26
8 27
8 29
8 32
8 34
8 40
8 44
8 48
8 49
8 50
8 52
8 56
8 59
8 61
8 65
8 66
8 67
8 68
8 72
8 73
8 77
8 78
8 81
8 82
8 86
8 88
8 92
8 95
8 96
8 99
8 103
8 104
8 109
8 111
8 114
8 115
8 117
8 119
8 122
8 123
8 125
8 126
8 127
9 2
9 8
9 9
9 10
9 17
9 19
9 22
9 24
9 30
9 35
9 37
9 41
9 45
9 46
9 47
9 50
9 51
9 52
9 54
9 56
9 58
9 59
9 60
9 62
9 64
9 66
9 72
9 73
9 75
9 77
9 78
9 82
9 85
9 86
9 88
9 93
9 96
9 97
9 101
9 104
9 109
9 117
9 121
9 123
9 124
9 125
9 126
10 0
10 1
10 3
10 4
10 8
10 9
10 15
10 16
10 17
10 18
10 25
10 26
10 27
10 28
10 29
10 31
10 32
10 34
10 35
10 36
10 37
10 39
10 44
10 45
10 46
10 47
10 51
10 52
10 53
10 54
10 55
10 57
10 59
10 61
10 62
10 63
10 65
10 73
10 74
10 76
10 77
10 81
10 82
10 90
10 92
10 94
10 96
10 102
10 103
10 108
10 111
10 115
10 118
10 119
10 125
10 127
11 4
11 11
11 12
11 18
11 24
11 26
11 36
11 38
11 39
11 42
11 44
11 46
11 48
11 49
11 51
11 53
11 60
11 63
11 64
11 65
11 66
11 67
11 68
11 70
11 72
11 74
11 76
11 80
11 81
11 83
11 88
11 90
11 91
11 92
11 94
11 95
11 96
11 97
11 98
11 101
11 103
11 106
11 107
11 108
11 110
11 111
11 113
11 115
11 116
11 121
11 127
12 1
12 2
12 5
12 12
12 13
12 16
12 17
12 18
12 19
12 20
12 21
12 22
12 23
12 28
12 30
12 31
12 32
12 34
12 37
12 41
12 46
12 50
12 52
12 55
12 62
12 64
12 70
12 73
12 75
12 76
12 77
12 79
12 80
12 82
12 84
12 86
12 87
12 89
12 91
12 92
12 96
12 98
12 101
12 104
12 108
12 110
12 111
12 112
12 113
12 116
12 118
12 120
12 121
12 125
12 127
13 0
13 1
13 2
13 3
13 5
13 10
13 13
13 17
13 19
13 20
13 22
13 23
13 24
13 27
13 30
13 31
13 33
13 38
13 41
13 44
13 47
13 53
13 55
13 57
13 62
13 64
13 68
13 71
13 74
13 76
13 77
13 81
13 82
13 84
13 85
13 87
13 88
13 91
13 93
13 95
13 103
13 104
13 105
13 107
13 111
13 112
13 118
13 119
13 121
13 122
13 124
13 125
13 126
14 0
14 1
14 3
14 7
14 8
14 9
14 14
14 16
14 17
14 18
14 19
14 20
14 25
14 29
14 38
14 42
14 43
14 47
14 48
14 53
14 55
14 56
14 57
14 60
14 61
14 68
14 71
14 75
14 82
14 83
14 84
14 87
14 89
14 92
14 96
14 98
14 99
14 104
14 108
14 112
14 115
14 119
14 121
14 123
14 126
15 3
15 5
15 7
15 8
15 10
15 11
15 15
15 16
15 17
15 21
15 24
15 26
15 27
15 28
15 29
15 34
15 35
15 38
15 39
15 40
15 41
15 43
15 44
15 45
15 47
15 51
15 54
15 59
15 67
15 70
15 74
15 82
15 83
15 87
15 89
15 90
15 94
15 96
15 101
15 103
15 105
15 106
15 107
15 108
15 109
15 110
15 111
15 112
15 113
15 115
15 116
15 117
15 121
15 122
15 124
15 125
16 1
16 2
16 5
16 9
16 10
16 13
16 14
16 16
16 20
16 21
16 22
16 24
16 25
16 29
16 32
16 33
16 34
16 39
16 40
16 41
16 42
16 44
16 47
16 48
16 49
16 51
16 57
16 62
16 63
16 64
16 66
16 67
16 72
16 73
16 74
16 75
16 76
16 77
16 79
16 80
16 83
16 85
16 94
16 99
16 100
16 101
16 103
16 104
16 105
16 108
16 109
16 110
16 111
16 114
16 116
16 118
16 122
16 123
17 0
17 1
17 6
17 9
17 10
17 12
17 13
17 14
17 15
17 21
17 23
17 25
17 28
17 30
17 32
17 34
17 35
17 36
17 38
17 40
17 42
17 43
17 46
17 47
17 51
17 53
17 54
17 58
17 61
17 62
17 65
17 66
17 69
17 72
17 73
17 75
17 78
17 84
17 85
17 86
17 88
17 89
17 90
17 93
17 95
17 98
17 100
17 102
17 104
17 106
17 112
17 114
17 118
17 120
17 121
17 122
17 127
18 2
18 4
18 5
18 9
18 12
18 16
18 20
18 22
18 29
18 30
18 32
18 34
18 35
18 41
18 43
18 45
18 46
18 52
18 54
18 58
18 61
18 62
18 63
18 67
18 70
18 72
18 74
18 76
18 77
18 81
18 83
18 89
18 94
18 95
18 99
18 100
18 102
18 103
18 106
18 108
18 110
18 111
18 115
18 116
18 119
19 1
19 2
19 4
19 5
19 10
19 16
19 17
19 22
19 23
19 24
19 25
19 26
19 28
19 31
19 32
19 34
19 38
19 40
19 43
19 44
19 45
19 46
19 47
19 49
19 54
19 56
19 57
19 59
19 63
19 66
19 69
19 71
19 73
19 75
19 77
19 78
19 79
19 81
19 83
19 85
19 87
19 88
19 97
19 99
19 100
19 103
19 105
19 107
19 108
19 109
19 115
19 116
19 117
19 118
19 121
19 127
20 6
20 9
20 11
20 12
20 14
20 17
20 18
20 22
20 29
20 31
20 34
20 35
20 36
20 38
20 41
20 42
20 45
20 48
20 49
20 52
20 54
20 57
20 60
20 65
20 69
20 70
20 73
20 79
20 80
20 81
20 82
20 83
20 85
20 86
20 88
20 89
20 94
20 97
20 98
20 99
20 108
20 110
20 113
20 114
20 115
20 116
20 118
20 120
20 121
20 125
20 127
21 0
21 4
21 8
21 9
21 10
21 12
21 20
21 21
21 22
21 23
21 25
21 26
21 28
21 32
21 33
21 36
21 43
21 44
21 47
21 48
21 61
21 64
21 67
21 69
21 77
21 78
21 83
21 88
21 90
21 93
21 94
21 96
21 97
21 103
21 110
21 112
21 113
21 119
21 122
22 1
22 4
22 8
22 12
22 13
22 14
22 15
22 16
22 17
22 18
22 20
22 24
22 26
22 27
22 29
22 31
22 32
22 34
22 35
22 40
22 43
22 51
22 53
22 55
22 56
22 57
22 61
22 63
22 64
22 65
22 66
22 68
22 79
22 80
22 83
22 84
22 85
22 89
22 92
22 93
22 96
22 97
22 99
22 100
22 101
22 104
22 106
22 107
22 111
22 115
22 116
22 117
22 118
22 121
22 122
22 123
23 1
23 7
23 10
23 12
23 13
23 14
23 15
23 16
23 17
23 19
23 22
23 23
23 25
23 29
23 32
23 34
23 35
23 36
23 40
23 41
23 43
23 47
23 48
23 49
23 50
23 52
23 55
23 56
23 58
23 59
23 60
23 67
23 68
23 71
23 73
23 76
23 78
23 87
23 89
23 91
23 92
23 94
23 95
23 97
23 99
23 101
23 103
23 104
23 106
23 107
23 108
23 109
23 110
23 111
23 116
23 119
23 126
24 0
24 3
24 4
24 5
24 8
24 14
24 16
24 17
24 18
24 20
24 26
24 30
24 31
24 32
24 33
24 35
24 37
24 39
24 42
24 43
24 45
24 46
24 48
24 50
24 53
24 54
24 55
24 56
24 61
24 67
24 68
24 70
24 75
24 81
24 83
24 84
24 89
24 90
24 91
24 94
24 97
24 103
24 104
24 107
24 110
24 112
24 114
24 116
24 117
24 118
24 119
24 120
24 124
25 0
25 1
25 2
25 6
25 8
25 9
25 13
25 15
25 21
25 28
25 32
25 39
25 40
25 41
25 45
25 47
25 51
25 52
25 57
25 59
25 64
25 65
25 68
25 69
25 73
25 75
25 76
25 78
25 79
25 82
25 84
25 85
25 87
25 89
25 91
25 92
25 93
25 96
25 100
25 102
25 106
25 109
25 111
25 114
25 116
25 122
25 123
25 127
26 1
26 7
26 8
26 9
26 13
26 18
26 19
26 21
26 22
26 23
26 24
26 25
26 29
26 33
26 39
26 40
26 41
26 43
26 45
26 51
26 52
26 53
26 56
26 59
26 60
26 69
26 71
26 75
26 80
26 85
26 94
26 96
26 97
26 98
26 100
26 101
26 104
26 106
26 107
26 109
26 113
26 119
26 122
26 124
26 125
26 127
27 1
27 2
27 3
27 4
27 7
27 9
27 11
27 13
27 14
27 15
27 17
27 18
27 19
27 20
27 21
27 24
27 28
27 29
27 30
27 31
27 42
27 47
27 49
27 53
27 54
27 58
27 63
27 67
27 70
27 71
27 72
27 73
27 77
27 78
27 79
27 80
27 81
27 87
27 90
27 92
27 94
27 96
27 97
27 103
27 107
27 109
27 110
27 113
27 116
27 119
27 121
27 122
27 125
28 0
28 2
28 5
28 7
28 9
28 14
28 17
28 18
28 21
28 24
28 25
28 27
28 28
28 30
28 32
28 34
28 36
28 39
28 45
28 48
28 52
28 55
28 58
28 66
28 67
28 68
28 69
28 70
28 71
28 72
28 74
28 76
28 77
28 81
28 82
28 85
28 91
28 92
28 93
28 94
28 96
28 99
28 100
28 102
28 106
28 107
28 109
28 112
28 114
28 121
28 122
28 124
28 125
28 126
28 127
29 8
29 10
29 11
29 16
29 17
29 22
29 24
29 26
29 28
29 30
29 33
29 36
29 37
29 38
29 39
29 44
29 45
29 49
29 50
29 55
29 57
29 61
29 67
29 76
29 77
29 79
29 80
29 83
29 84
29 85
29 87
29 88
29 89
29 91
29 93
29 94
29 96
29 99
29 101
29 102
29 103
29 104
29 108
29 111
29 114
29 115
29 116
29 122
29 123
29 124
30 1
30 4
30 7
30 10
30 12
30 19
30 21
30 24
30 25
30 26
30 27
30 31
30 34
30 36
30 37
30 41
30 43
30 45
30 46
30 50
30 51
30 59
30 68
30 70
30 71
30 73
30 76
30 78
30 86
30 90
30 94
30 100
30 102
30 109
30 111
30 114
30 115
30 117
30 120
30 126
30 127
31 0
31 1
31 2
31 3
31 8
31 9
31 10
31 15
31 17
31 31
31 35
31 36
31 37
31 38
31 39
31 44
31 45
31 46
31 50
31 52
31 56
31 57
31 59
31 61
31 62
31 64
31 66
31 68
31 76
31 77
31 82
31 83
31 84
31 86
31 87
31 91
31 100
31 102
31 104
31 105
31 106
31 107
31 108
31 109
31 113
31 119
31 120
31 123
31 127
32 5
32 6
32 7
32 14
32 16
32 21
32 25
32 27
32 28
32 30
32 31
32 32
32 33
32 34
32 37
32 39
32 41
32 44
32 47
32 51
32 53
32 54
32 55
32 56
32 57
32 58
32 60
32 61
32 64
32 67
32 69
32 73
32 74
32 75
32 77
32 78
32 79
32 83
32 84
32 85
32 88
32 93
32 97
32 100
32 101
32 102
32 103
32 104
32 106
32 108
32 113
32 114
32 115
32 118
32 122
32 125
32 127
33 1
33 5
33 6
33 10
33 11
33 13
33 15
33 16
33 18
33 21
33 22
33 26
33 29
33 30
33 31
33 37
33 39
33 40
33 41
33 45
33 46
33 48
33 49
33 50
33 51
33 54
33 56
33 59
33 60
33 62
33 63
33 67
33 68
33 69
33 70
33 71
33 72
33 73
33 75
33 76
33 77
33 79
33 82
33 85
33 86
33 88
33 90
33 93
33 94
33 104
33 106
33 108
33 110
33 118
33 121
33 123
33 125
34 2
34 7
34 8
34 11
34 14
34 16
34 18
34 21
34 24
34 25
34 27
34 32
34 39
34 41
34 42
34 44
34 46
34 56
34 59
34 60
34 61
34 63
34 64
34 65
34 70
34 71
34 76
34 80
34 88
34 89
34 90
34 92
34 94
34 97
34 98
34 101
34 103
34 108
34 110
34 113
34 114
34 116
34 117
34 118
34 119
34 120
34 121
34 123
34 126
34 127
35 0
35 6
35 7
35 12
35 14
35 16
35 19
35 23
35 24
35 26
35 32
35 33
35 34
35 35
35 37
35 45
35 46
35 47
35 50
35 57
35 63
35 66
35 68
35 69
35 70
35 72
35 78
35 79
35 80
35 81
35 83
35 85
35 86
35 88
35 91
35 94
35 97
35 101
35 104
35 105
35 106
35 107
35 108
35 112
35 113
35 114
35 116
35 120
35 125
35 127
36 3
36 5
36 10
36 16
36 17
36 19
36 21
36 22
36 23
36 24
36 25
36 32
36 33
36 35
36 38
36 40
36 42
36 44
36 55
36 56
36 59
36 61
36 64
36 67
36 69
36 70
36 73
36 74
36 76
36 79
36 83
36 88
36 90
36 94
36 98
36 101
36 102
36 106
36 107
36 110
36 118
36 119
36 124
37 2
37 4
37 10
37 11
37 12
37 13
37 14
37 16
37 21
37 23
37 26
37 27
37 28
37 29
37 30
37 31
37 34
37 36
37 40
37 41
37 44
37 45
37 46
37 47
37 50
37 51
37 52
37 53
37 57
37 62
37 65
37 71
37 73
37 74
37 76
37 78
37 80
37 83
37 84
37 85
37 91
37 94
37 101
37 102
37 104
37 108
37 110
37 111
37 114
37 115
37 116
37 118
37 119
37 121
37 123
37 126
38 4
38 5
38 7
38 8
38 9
38 11
38 12
38 13
38 14
38 16
38 21
38 22
38 24
38 26
38 27
38 30
38 33
38 36
38 37
38 38
38 39
38 44
38 48
38 53
38 54
38 58
38 60
38 61
38 62
38 67
38 69
38 70
38 72
38 78
38 80
38 87
38 92
38 94
38 95
38 96
38 97
38 98
38 101
38 102
38 105
38 109
38 110
38 111
38 113
38 121
38 124
39 1
39 3
39 6
39 7
39 8
39 9
39 13
39 15
39 21
39 22
39 24
39 26
39 33
39 34
39 37
39 42
39 43
39 49
39 50
39 51
39 53
39 55
39 57
39 59
39 60
39 62
39 72
39 75
39 82
39 84
39 85
39 87
39 94
39 100
39 103
39 105
39 106
39 107
39 108
39 116
39 118
39 119
39 123
39 125
39 126
39 127
40 5
40 6
40 8
40 9
40 10
40 15
40 19
40 20
40 24
40 25
40 26
40 27
40 33
40 34
40 37
40 45
40 46
40 48
40 54
40 57
40 63
40 69
40 71
40 72
40 79
40 87
40 90
40 95
40 99
40 102
40 106
40 108
40 112
40 114
40 116
40 120
40 122
40 124
40 126
41 0
41 2
41 3
41 5
41 9
41 10
41 12
41 14
41 15
41 17
41 18
41 24
41 27
41 29
41 30
41 32
41 34
41 36
41 40
41 42
41 45
41 47
41 49
41 50
41 51
41 52
41 53
41 54
41 56
41 58
41 66
41 69
41 75
41 78
41 83
41 84
41 85
41 86
41 88
41 90
41 91
41 92
41 94
41 99
41 102
41 103
41 106
41 108
41 109
41 110
41 117
41 119
41 121
42 0
42 4
42 9
42 14
42 17
42 20
42 23
42 25
42 26
42 31
42 32
42 37
42 39
42 41
42 46
42 47
42 51
42 52
42 53
42 57
42 63
42 70
42 73
42 74
42 75
42 77
42 78
42 79
42 80
42 82
42 83
42 87
42 91
42 93
42 94
42 96
42 97
42 99
42 100
42 106
42 111
42 113
42 116
42 117
42 118
42 120
42 123
42 125
42 127
43 0
43 10
43 13
43 14
43 17
43 18
43 19
43 20
43 21
43 24
43 28
43 32
43 37
43 42
43 45
43 47
43 50
43 52
43 53
43 59
43 60
43 61
43 63
43 65
43 66
43 67
43 69
43 71
43 74
43 77
43 83
43 84
43 86
43 90
43 92
43 93
43 94
43 95
43 98
43 101
43 102
43 105
43 106
43 109
43 110
43 112
43 115
43 123
43 125
44 3
44 4
44 6
44 9
44 12
44 14
44 16
44 28
44 29
44 30
44 31
44 38
44 39
44 40
44 42
44 46
44 52
44 55
44 56
44 59
44 61
44 65
44 67
44 68
44 70
44 71
44 72
44 73
44 74
44 77
44 78
44 82
44 86
44 88
44 92
44 95
44 96
44 98
44 100
44 101
44 104
44 106
44 107
44 109
44 110
44 115
44 118
44 120
44 121
44 122
45 1
45 4
45 5
45 6
45 8
45 10
45 14
45 16
45 18
45 20
45 22
45 24
45 25
45 26
45 30
45 31
45 34
45 35
45 37
45 46
45 48
45 49
45 50
45 54
45 58
45 59
45 60
45 62
45 64
45 66
45 67
45 68
45 73
45 75
45 77
45 78
45 79
45 80
45 82
45 83
45 86
45 94
45 105
45 107
45 108
45 111
45 114
45 115
45 116
45 117
45 118
45 122
45 123
45 125
45 127
46 2
46 5
46 8
46 9
46 10
46 12
46 19
46 20
46 21
46 22
46 23
46 26
46 30
46 38
46 42
46 43
46 48
46 49
46 51
46 54
46 61
46 67
46 69
46 70
46 72
46 75
46 78
46 79
46 80
46 82
46 84
46 85
46 86
46 87
46 97
46 99
46 102
46 103
46 105
46 106
46 109
46 112
46 113
46 116
46 120
46 124
46 126
47 2
47 4
47 5
47 11
47 12
47 16
47 17
47 18
47 20
47 22
47 27
47 30
47 32
47 33
47 36
47 43
47 44
47 45
47 46
47 50
47 60
47 65
47 66
47 67
47 72
47 78
47 81
47 85
47 88
47 89
47 90
47 91
47 93
47 94
47 95
47 98
47 103
47 107
47 108
47 109
47 111
47 112
47 113
47 118
47 119
47 121
47 126
48 2
48 5
48 6
48 9
48 12
48 13
48 15
48 16
48 18
48 22
48 23
48 27
48 28
48 35
48 37
48 41
48 42
48 43
48 44
48 45
48 47
48 48
48 65
48 67
48 70
48 72
48 74
48 75
48 76
48 79
48 83
48 84
48 85
48 86
48 90
48 91
48 92
48 93
48 98
48 99
48 102
48 103
48 104
48 109
48 110
48 113
48 114
48 115
48 118
48 120
48 122
48 125
48 126
48 127
49 0
49 4
49 5
49 9
49 15
49 21
49 22
49 23
49 27
49 28
49 29
49 38
49 39
49 41
49 42
49 43
49 48
49 55
49 59
49 60
49 63
49 65
49 67
49 68
49 69
49 71
49 72
49 73
49 76
49 80
49 81
49 83
49 85
49 89
49 90
49 91
49 93
49 95
49 99
49 101
49 103
49 107
49 108
49 111
49 112
49 114
49 116
49 119
49 121
49 123
49 125
49 127
50 1
50 4
50 8
50 9
50 11
50 13
50 14
50 15
50 16
50 18
50 21
50 22
50 23
50 24
50 27
50 30
50 31
50 34
50 35
50 42
50 44
50 45
50 48
50 50
50 54
50 56
50 57
50 59
50 61
50 65
50 66
50 75
50 89
50 91
50 96
50 98
50 100
50 101
50 104
50 106
50 107
50 108
50 109
50 110
50 111
50 112
50 118
50 119
50 123
51 0
51 2
51 4
51 5
51 12
51 15
51 18
51 19
51 20
51 21
51 26
51 31
51 32
51 33
51 37
51 38
51 39
51 40
51 44
51 45
51 52
51 55
51 57
51 61
51 64
51 67
51 70
51 83
51 84
51 86
51 87
51 88
51 91
51 92
51 94
51 101
51 108
51 111
51 112
51 114
51 116
51 118
51 119
51 120
51 122
51 123
51 127
52 1
52 2
52 5
52 10
52 11
52 14
52 16
52 17
52 19
52 20
52 21
52 26
52 29
52 30
52 31
52 35
52 36
52 40
52 42
52 43
52 45
52 48
52 51
52 52
52 54
52 59
52 61
52 66
52 68
52 70
52 73
52 76
52 80
52 81
52 82
52 84
52 87
52 89
52 92
52 100
52 104
52 107
52 108
52 110
52 115
52 118
52 122
52 123
52 127
53 2
53 8
53 9
53 10
53 12
53 14
53 17
53 20
53 23
53 24
53 25
53 26
53 30
53 33
53 35
53 37
53 39
53 41
53 43
53 48
53 49
53 55
53 57
53 58
53 65
53 68
53 74
53 75
53 78
53 79
53 81
53 82
53 90
53 91
53 93
53 94
53 97
53 100
53 101
53 105
53 107
53 110
53 113
53 115
53 118
53 119
53 120
53 124
54 0
54 2
54 3
54 5
54 6
54 8
54 15
54 16
54 18
54 22
54 23
54 24
54 26
54 28
54 30
54 31
54 33
54 35
54 36
54 38
54 43
54 45
54 46
54 47
54 50
54 52
54 54
54 57
54 59
54 63
54 64
54 65
54 68
54 69
54 73
54 74
54 75
54 76
54 79
54 82
54 84
54 86
54 87
54 88
54 89
54 96
54 99
54 100
54 101
54 104
54 106
54 107
54 109
54 110
54 112
54 121
54 123
54 125
54 126
55 4
55 6
55 10
55 11
55 14
55 15
55 16
55 17
55 26
55 28
55 29
55 31
55 33
55 36
55 47
55 48
55 49
55 54
55 56
55 59
55 61
55 62
55 63
55 64
55 65
55 67
55 68
55 69
55 70
55 72
55 73
55 74
55 77
55 80
55 85
55 86
55 87
55 90
55 91
55 93
55 99
55 100
55 101
55 102
55 103
55 105
55 107
55 109
55 112
55 113
55 114
55 115
55 119
55 120
55 122
55 123
55 124
55 125
55 126
56 1
56 2
56 6
56 7
56 9
56 10
56 11
56 13
56 17
56 18
56 19
56 21
56 28
56 33
56 34
56 36
56 37
56 39
56 40
56 41
56 43
56 44
56 48
56 49
56 50
56 53
56 57
56 58
56 60
56 62
56 64
56 66
56 70
56 71
56 74
56 77
56 78
56 81
56 83
56 90
56 92
56 94
56 95
56 97
56 101
56 106
56 112
56 114
56 120
56 121
56 123
56 127
57 2
57 5
57 7
57 9
57 11
57 16
57 22
57 33
57 36
57 39
57 42
57 43
57 44
57 47
57 48
57 51
57 55
57 57
57 64
57 66
57 70
57 74
57 77
57 79
57 81
57 82
57 83
57 84
57 86
57 94
57 96
57 99
57 102
57 108
57 109
57 112
57 115
57 117
57 119
57 122
57 123
57 125
57 126
58 2
58 3
58 4
58 5
58 7
58 8
58 9
58 15
58 16
58 17
58 19
58 21
58 24
58 26
58 27
58 30
58 34
58 36
58 37
58 38
58 39
58 42
58 44
58 48
58 49
58 53
58 55
58 59
58 61
58 62
58 65
58 70
58 71
58 73
58 74
58 77
58 81
58 82
58 88
58 90
58 91
58 92
58 95
58 97
58 98
58 99
58 101
58 102
58 104
58 105
58 111
58 114
58 115
58 118
58 119
58 120
58 121
58 123
58 125
59 0
59 1
59 2
59 3
59 4
59 5
59 6
59 10
59 11
59 12
59 15
59 17
59 21
59 24
59 28
59 31
59 34
59 35
59 37
59 39
59 40
59 42
59 43
59 46
59 48
59 53
59 55
59 57
59 61
59 63
59 64
59 68
59 74
59 75
59 76
59 81
59 84
59 85
59 87
59 88
59 89
59 90
59 91
59 93
59 94
59 95
59 96
59 97
59 99
59 100
59 109
59 110
59 111
59 112
59 119
59 120
59 126
59 127
60 2
60 3
60 5
60 6
60 10
60 11
60 19
60 20
60 26
60 29
60 30
60 31
60 33
60 36
60 38
60 42
60 43
60 45
60 46
60 50
60 51
60 52
60 54
60 55
60 57
60 58
60 61
60 62
60 63
60 64
60 65
60 67
60 68
60 70
60 71
60 78
60 79
60 86
60 87
60 88
60 92
60 93
60 94
60 100
60 101
60 102
60 104
60 105
60 111
60 112
60 113
60 115
60 121
60 124
60 126
61 0
61 2
61 3
61 4
61 9
61 10
61 18
61 19
61 20
61 22
61 24
61 25
61 30
61 31
61 36
61 37
61 39
61 43
61 45
61 47
61 49
61 51
61 55
61 56
61 59
61 64
61 71
61 75
61 76
61 82
61 83
61 84
61 86
61 88
61 97
61 98
61 99
61 104
61 106
61 109
61 112
61 114
61 120
61 121
61 123
61 125
61 126
61 127
62 4
62 5
62 7
62 9
62 11
62 15
62 16
62 17
62 18
62 19
62 20
62 25
62 27
62 31
62 32
62 33
62 34
62 36
62 37
62 39
62 40
62 41
62 43
62 44
62 46
62 47
62 49
62 52
62 53
62 55
62 57
62 60
62 61
62 62
62 64
62 66
62 67
62 69
62 70
62 73
62 76
62 77
62 78
62 80
62 81
62 82
62 83
62 84
62 85
62 86
62 87
62 88
62 89
62 90
62 92
62 93
62 97
62 99
62 100
62 101
62 103
62 104
62 106
62 107
62 108
62 110
62 113
62 114
62 120
62 121
62 125
63 0
63 8
63 12
63 16
63 20
63 21
63 28
63 29
63 36
63 38
63 39
63 40
63 41
63 42
63 43
63 44
63 50
63 57
63 65
63 69
63 73
63 77
63 78
63 79
63 80
63 83
63 84
63 85
63 87
63 89
63 93
63 94
63 101
63 103
63 105
63 109
63 113
63 115
63 116
63 119
63 120
63 122
63 123
63 124
63 126
64 0
64 5
64 6
64 7
64 8
64 9
64 10
64 11
64 13
64 14
64 15
64 18
64 23
64 27
64 28
64 29
64 30
64 32
64 37
64 38
64 46
64 50
64 53
64 54
64 55
64 56
64 59
64 61
64 63
64 64
64 67
64 69
64 70
64 73
64 76
64 79
64 83
64 87
64 88
64 89
64 91
64 95
64 96
64 97
64 100
64 102
64 104
64 105
64 107
64 112
64 113
64 115
64 117
64 118
64 120
64 121
64 125
65 2
65 3
65 4
65 5
65 7
65 8
65 14
65 19
65 21
65 24
65 26
65 27
65 30
65 35
65 38
65 39
65 42
65 47
65 50
65 51
65 54
65 55
65 57
65 66
65 69
65 73
65 74
65 75
65 78
65 81
65 83
65 84
65 86
65 88
65 92
65 97
65 100
65 101
65 103
65 104
65 109
65 115
65 116
65 117
65 122
65 126
65 127
66 0
66 1
66 9
66 12
66 13
66 15
66 16
66 19
66 20
66 23
66 31
66 34
66 37
66 38
66 41
66 44
66 49
66 52
66 54
66 55
66 61
66 62
66 63
66 64
66 67
66 71
66 78
66 84
66 90
66 92
66 97
66 100
66 108
66 111
66 115
66 118
66 119
66 124
67 0
67 3
67 6
67 7
67 8
67 10
67 14
67 20
67 22
67 23
67 24
67 27
67 28
67 30
67 31
67 33
67 34
67 37
67 40
67 43
67 46
67 47
67 49
67 53
67 57
67 58
67 60
67 65
67 67
67 68
67 71
67 74
67 75
67 77
67 78
67 82
67 84
67 85
67 86
67 87
67 89
67 95
67 96
67 103
67 104
67 105
67 106
67 108
67 111
67 113
67 114
67 116
67 117
67 119
67 120
67 122
67 127
68 3
68 4
68 6
68 12
68 15
68 16
68 18
68 19
68 20
68 28
68 31
68 32
68 37
68 38
68 39
68 45
68 46
68 47
68 48
68 49
68 53
68 55
68 57
68 62
68 63
68 66
68 68
68 69
68 70
68 75
68 76
68 77
68 78
68 79
68 80
68 82
68 85
68 89
68 90
68 92
68 93
68 95
68 99
68 104
68 106
68 107
68 109
68 114
68 116
68 118
68 119
68 121
68 122
68 125
69 0
69 1
69 2
69 3
69 10
69 12
69 16
69 17
69 22
69 25
69 26
69 28
69 30
69 31
69 34
69 40
69 45
69 46
69 47
69 57
69 58
69 59
69 61
69 62
69 63
69 65
69 73
69 74
69 75
69 76
69 77
69 82
69 86
69 87
69 88
69 90
69 91
69 93
69 94
69 98
69 99
69 102
69 105
69 107
69 111
69 113
69 115
69 116
69 117
69 118
69 121
69 122
69 123
69 125
69 126
69 127
70 2
70 3
70 10
70 12
70 18
70 19
70 22
70 31
70 33
70 34
70 35
70 38
70 40
70 41
70 43
70 44
70 45
70 49
70 51
70 55
70 58
70 60
70 63
70 66
70 68
70 73
70 78
70 79
70 83
70 85
70 86
70 90
70 92
70 93
70 98
70 99
70 104
70 107
70 109
70 110
70 112
70 113
70 115
70 116
70 117
70 118
70 120
70 121
70 124
70 126
70 127
71 1
71 2
71 5
71 11
71 15
71 16
71 17
71 24
71 26
71 29
71 30
71 31
71 37
71 38
71 52
71 53
71 63
71 65
71 67
71 68
71 70
71 73
71 74
71 78
71 81
71 84
71 85
71 87
71 88
71 89
71 90
71 98
71 100
71 101
71 104
71 105
71 114
71 115
71 118
71 119
71 120
71 122
71 125
71 126
72 4
72 7
72 10
72 12
72 14
72 18
72 19
72 23
72 26
72 29
72 34
72 37
72 41
72 44
72 46
72 47
72 48
72 51
72 52
72 54
72 57
72 58
72 63
72 64
72 65
72 68
72 69
72 73
72 75
72 78
72 79
72 81
72 83
72 84
72 86
72 87
72 88
72 93
72 94
72 99
72 101
72 102
72 105
72 106
72 111
72 113
72 117
72 119
72 124
73 3
73 4
73 8
73 10
73 11
73 12
73 14
73 15
73 16
73 20
73 23
73 27
73 29
73 30
73 32
73 33
73 35
73 36
73 37
73 38
73 42
73 45
73 49
73 52
73 57
73 59
73 62
73 63
73 67
73 68
73 71
73 73
73 74
73 75
73 77
73 78
73 79
73 83
73 84
73 85
73 93
73 95
73 96
73 99
73 105
73 107
73 108
73 110
73 113
73 114
73 116
73 120
73 123
73 126
73 127
74 0
74 3
74 4
74 5
74 7
74 8
74 12
74 14
74 17
74 18
74 25
74 26
74 27
74 28
74 33
74 38
74 39
74 41
74 43
74 45
74 47
74 48
74 49
74 51
74 53
74 54
74 55
74 56
74 61
74 63
74 64
74 67
74 69
74 70
74 72
74 74
74 75
74 79
74 82
74 88
74 89
74 95
74 96
74 97
74 101
74 105
74 111
74 112
74 115
74 118
74 119
74 125
74 126
75 0
75 2
75 9
75 14
75 16
75 18
75 21
75 24
75 28
75 30
75 31
75 32
75 33
75 39
75 42
75 45
75 46
75 48
75 49
75 50
75 53
75 54
75 60
75 61
75 62
75 68
75 69
75 71
75 75
75 77
75 78
75 79
75 80
75 82
75 83
75 84
75 85
75 86
75 87
75 91
75 94
75 95
75 100
75 101
75 103
75 104
75 107
75 110
75 111
75 112
75 117
75 120
75 124
75 127
76 1
76 2
76 5
76 8
76 10
76 11
76 14
76 15
76 17
76 18
76 20
76 22
76 25
76 26
76 28
76 30
76 32
76 35
76 37
76 39
76 40
76 41
76 44
76 45
76 50
76 51
76 52
76 54
76 55
76 62
76 63
76 65
76 66
76 67
76 68
76 72
76 73
76 77
76 80
76 81
76 82
76 83
76 84
76 85
76 90
76 92
76 93
76 106
76 108
76 109
76 110
76 113
76 116
76 118
76 121
76 126
77 8
77 14
77 16
77 17
77 20
77 21
77 24
77 25
77 27
77 31
77 32
77 37
77 39
77 42
77 45
77 46
77 50
77 53
77 58
77 60
77 62
77 63
77 68
77 69
77 71
77 73
77 76
77 77
77 78
77 79
77 81
77 82
77 85
77 94
77 95
77 97
77 101
77 104
77 106
77 107
77 108
77 109
77 112
77 115
77 120
77 121
77 122
77 123
77 124
77 125
78 1
78 2
78 3
78 7
78 10
78 12
78 15
78 23
78 27
78 31
78 34
78 36
78 38
78 39
78 41
78 43
78 49
78 53
78 56
78 62
78 64
78 65
78 66
78 68
78 69
78 76
78 83
78 86
78 87
78 90
78 100
78 101
78 104
78 105
78 106
78 109
78 110
78 112
78 115
78 117
78 118
78 120
78 123
79 0
79 1
79 4
79 5
79 6
79 7
79 8
79 11
79 14
79 15
79 16
79 17
79 19
79 20
79 22
79 23
79 27
79 30
79 31
79 32
79 39
79 41
79 43
79 45
79 50
79 51
79 53
79 54
79 55
79 57
79 62
79 63
79 65
79 66
79 68
79 71
79 72
79 75
79 76
79 77
79 78
79 79
79 80
79 84
79 91
79 96
79 97
79 102
79 103
79 108
79 116
79 118
79 120
79 123
79 126
80 1
80 3
80 4
80 6
80 7
80 9
80 11
80 17
80 18
80 24
80 27
80 28
80 31
80 32
80 33
80 38
80 39
80 42
80 44
80 46
80 49
80 50
80 51
80 54
80 55
80 60
80 61
80 62
80 64
80 65
80 67
80 71
80 72
80 76
80 81
80 82
80 87
80 90
80 97
80 98
80 101
80 108
80 109
80 110
80 111
80 112
80 116
80 117
80 119
80 120
80 122
80 125
80 127
81 2
81 10
81 12
81 13
81 14
81 16
81 18
81 19
81 20
81 25
81 31
81 38
81 44
81 45
81 46
81 50
81 51
81 52
81 55
81 58
81 59
81 60
81 66
81 67
81 70
81 75
81 76
81 77
81 79
81 86
81 87
81 88
81 90
81 91
81 92
81 101
81 103
81 110
81 118
81 121
81 127
82 3
82 5
82 6
82 11
82 12
82 14
82 16
82 20
82 23
82 28
82 29
82 30
82 31
82 34
82 38
82 40
82 41
82 46
82 49
82 52
82 53
82 54
82 60
82 62
82 63
82 64
82 65
82 72
82 77
82 78
82 81
82 83
82 84
82 91
82 94
82 95
82 100
82 101
82 102
82 103
82 116
82 118
82 125
82 127
83 1
83 2
83 3
83 4
83 10
83 12
83 13
83 14
83 18
83 19
83 25
83 28
83 29
83 30
83 31
83 34
83 35
83 38
83 39
83 40
83 44
83 47
83 48
83 50
83 53
83 55
83 60
83 67
83 68
83 69
83 70
83 71
83 73
83 74
83 76
83 81
83 83
83 85
83 86
83 90
83 92
83 95
83 96
83 100
83 101
83 103
83 108
83 109
83 110
83 116
83 118
83 121
83 122
84 1
84 2
84 11
84 12
84 14
84 15
84 21
84 26
84 31
84 32
84 35
84 37
84 41
84 44
84 46
84 47
84 48
84 49
84 50
84 53
84 54
84 56
84 69
84 70
84 71
84 76
84 77
84 79
84 81
84 86
84 87
84 89
84 90
84 93
84 94
84 97
84 98
84 105
84 106
84 108
84 111
84 113
84 117
84 125
85 0
85 2
85 6
85 7
85 8
85 9
85 10
85 17
85 19
85 21
85 28
85 29
85 31
85 34
85 37
85 41
85 47
85 53
85 54
85 57
85 60
85 64
85 65
85 70
85 72
85 74
85 76
85 77
85 79
85 80
85 81
85 85
85 88
85 90
85 98
85 100
85 102
85 111
85 113
85 115
85 121
86 1
86 2
86 3
86 4
86 5
86 8
86 15
86 16
86 17
86 21
86 23
86 24
86 28
86 29
86 30
86 32
86 36
86 39
86 45
86 48
86 50
86 56
86 62
86 63
86 66
86 69
86 74
86 75
86 76
86 78
86 79
86 83
86 89
86 90
86 91
86 92
86 96
86 97
86 104
86 108
86 114
86 115
86 116
86 119
86 122
86 127
87 0
87 1
87 2
87 4
87 7
87 8
87 11
87 12
87 14
87 15
87 16
87 20
87 21
87 22
87 23
87 24
87 25
87 31
87 35
87 36
87 40
87 44
87 46
87 48
87 49
87 51
87 52
87 60
87 61
87 63
87 68
87 70
87 73
87 74
87 75
87 78
87 83
87 85
87 89
87 94
87 95
87 97
87 101
87 102
87 103
87 105
87 106
87 109
87 110
87 115
87 116
87 117
87 118
87 119
87 123
87 124
87 125
88 1
88 2
88 3
88 4
88 5
88 6
88 8
88 9
88 10
88 13
88 14
88 15
88 18
88 24
88 27
88 29
88 32
88 33
88 35
88 39
88 42
88 45
88 48
88 49
88 52
88 53
88 58
88 60
88 61
88 65
88 66
88 67
88 68
88 69
88 70
88 73
88 76
88 79
88 83
88 84
88 85
88 86
88 88
88 91
88 94
88 97
88 98
88 101
88 102
88 103
88 104
88 106
88 109
88 110
88 111
88 112
88 113
88 119
88 120
88 121
88 124
88 126
89 0
89 1
89 3
89 7
89 8
89 12
89 15
89 18
89 22
89 25
89 26
89 30
89 33
89 37
89 38
89 39
89 41
89 44
89 45
89 49
89 50
89 51
89 53
89 55
89 56
89 57
89 58
89 63
89 64
89 65
89 66
89 67
89 69
89 73
89 74
89 75
89 76
89 77
89 81
89 84
89 85
89 88
89 89
89 91
89 93
89 95
89 96
89 99
89 101
89 102
89 106
89 107
89 108
89 111
89 113
89 118
89 121
89 122
90 0
90 8
90 12
90 15
90 17
90 19
90 24
90 28
90 34
90 35
90 36
90 44
90 47
90 49
90 50
90 52
90 54
90 55
90 56
90 57
90 59
90 62
90 63
90 65
90 66
90 68
90 70
90 73
90 74
90 78
90 82
90 86
90 89
90 91
90 92
90 93
90 95
90 99
90 102
90 105
90 109
90 111
90 112
90 113
90 117
90 118
90 120
90 121
91 2
91 3
91 6
91 10
91 12
91 15
91 16
91 20
91 21
91 23
91 31
91 35
91 38
91 39
91 48
91 49
91 51
91 52
91 53
91 56
91 58
91 59
91 62
91 63
91 64
91 65
91 66
91 67
91 69
91 71
91 74
91 77
91 79
91 82
91 85
91 88
91 89
91 90
91 92
91 95
91 96
91 105
91 106
91 111
91 115
91 116
91 119
91 121
91 122
91 125
91 127
92 1
92 4
92 5
92 8
92 10
92 11
92 12
92 18
92 21
92 22
92 23
92 25
92 34
92 37
92 42
92 48
92 51
92 52
92 53
92 54
92 55
92 56
92 59
92 61
92 62
92 64
92 66
92 67
92 70
92 71
92 75
92 76
92 77
92 79
92 81
92 82
92 83
92 86
92 87
92 91
92 93
92 94
92 95
92 97
92 99
92 100
92 101
92 109
92 112
92 118
92 121
92 122
92 126
93 0
93 2
93 8
93 9
93 12
93 13
93 14
93 17
93 19
93 23
93 24
93 30
93 34
93 36
93 38
93 39
93 46
93 48
93 49
93 50
93 51
93 52
93 57
93 58
93 60
93 61
93 62
93 67
93 69
93 70
93 72
93 73
93 75
93 76
93 78
93 79
93 80
93 82
93 84
93 88
93 89
93 90
93 93
93 97
93 98
93 100
93 101
93 105
93 107
93 109
93 112
93 113
93 115
93 119
93 123
93 125
94 4
94 8
94 11
94 13
94 14
94 16
94 17
94 20
94 22
94 23
94 26
94 28
94 29
94 32
94 35
94 36
94 39
94 40
94 41
94 42
94 43
94 47
94 58
94 61
94 64
94 69
94 73
94 77
94 78
94 79
94 86
94 88
94 89
94 90
94 91
94 93
94 94
94 97
94 98
94 99
94 101
94 102
94 103
94 104
94 105
94 106
94 108
94 109
94 112
94 115
94 121
95 0
95 3
95 7
95 9
95 13
95 15
95 19
95 28
95 30
95 33
95 34
95 35
95 37
95 38
95 44
95 47
95 49
95 52
95 60
95 61
95 63
95 66
95 67
95 68
95 72
95 76
95 77
95 78
95 89
95 90
95 92
95 94
95 96
95 98
95 105
95 111
95 113
95 114
95 116
95 117
95 118
95 122
96 0
96 1
96 4
96 10
96 12
96 14
96 16
96 18
96 21
96 24
96 26
96 28
96 33
96 34
96 36
96 37
96 38
96 40
96 41
96 44
96 46
96 47
96 48
96 50
96 52
96 54
96 57
96 58
96 60
96 63
96 66
96 68
96 69
96 70
96 71
96 72
96 74
96 80
96 84
96 87
96 89
96 91
96 92
96 96
96 97
96 98
96 99
96 101
96 102
96 104
96 106
96 107
96 108
96 109
96 110
96 113
96 115
96 120
96 121
96 124
96 127
97 5
97 8
97 9
97 11
97 12
97 16
97 18
97 19
97 24
97 34
97 35
97 37
97 43
97 46
97 47
97 49
97 51
97 57
97 58
97 59
97 60
97 61
97 67
97 70
97 71
97 78
97 88
97 89
97 90
97 94
97 97
97 99
97 101
97 103
97 106
97 109
97 114
97 116
97 117
97 119
97 122
97 123
97 124
97 125
98 1
98 6
98 8
98 10
98 12
98 15
98 16
98 17
98 18
98 20
98 22
98 24
98 25
98 26
98 31
98 35
98 37
98 39
98 40
98 43
98 47
98 51
98 52
98 53
98 54
98 55
98 59
98 64
98 65
98 67
98 69
98 71
98 72
98 74
98 78
98 79
98 83
98 84
98 86
98 87
98 88
98 89
98 90
98 94
98 95
98 96
98 98
98 99
98 101
98 102
98 106
98 112
98 113
98 118
98 123
98 125
98 126
98 127
99 0
99 3
99 5
99 7
99 8
99 11
99 18
99 19
99 21
99 24
99 25
99 36
99 41
99 44
99 45
99 47
99 49
99 56
99 57
99 60
99 61
99 65
99 66
99 71
99 72
99 73
99 75
99 80
99 82
99 84
99 85
99 87
99 90
99 91
99 97
99 99
99 100
99 104
99 108
99 109
99 110
99 112
99 114
99 116
99 117
99 118
99 122
99 126
99 127
100 0
100 2
100 3
100 4
100 5
100 7
100 10
100 11
100 13
100 14
100 17
100 19
100 22
100 24
100 27
100 29
100 30
100 31
100 35
100 37
100 41
100 45
100 47
100 48
100 50
100 55
100 56
100 57
100 61
100 62
100 67
100 68
100 69
100 70
100 77
100 79
100 80
100 82
100 85
100 87
100 88
100 91
100 92
100 93
100 94
100 97
100 103
100 105
100 110
100 114
100 116
100 117
100 118
100 120
100 122
100 123
100 125
100 126
101 0
101 2
101 4
101 6
101 7
101 13
101 14
101 15
101 16
101 17
101 18
101 19
101 20
101 25
101 29
101 30
101 31
101 32
101 35
101 36
101 42
101 43
101 44
101 45
101 46
101 48
101 49
101 50
101 53
101 58
101 59
101 62
101 64
101 67
101 74
101 77
101 79
101 80
101 81
101 82
101 83
101 88
101 92
101 96
101 99
101 102
101 103
101 104
101 106
101 107
101 109
101 111
101 113
101 117
101 122
101 123
101 124
101 126
102 0
102 2
102 3
102 6
102 11
102 12
102 13
102 15
102 16
102 18
102 20
102 22
102 25
102 27
102 28
102 30
102 36
102 40
102 41
102 43
102 45
102 47
102 50
102 52
102 53
102 57
102 59
102 62
102 64
102 66
102 68
102 71
102 72
102 76
102 77
102 78
102 80
102 87
102 88
102 89
102 91
102 98
102 100
102 104
102 106
102 108
102 110
102 111
102 114
102 115
102 117
102 118
102 122
102 125
102 126
102 127
103 1
103 3
103 4
103 5
103 6
103 7
103 8
103 11
103 14
103 15
103 17
103 22
103 24
103 27
103 29
103 36
103 38
103 41
103 44
103 45
103 49
103 50
103 55
103 56
103 62
103 63
103 65
103 66
103 69
103 71
103 72
103 74
103 75
103 77
103 78
103 83
103 84
103 85
103 86
103 87
103 88
103 93
103 94
103 95
103 98
103 103
103 106
103 108
103 113
103 119
103 121
103 123
103 125
103 126
104 2
104 6
104 7
104 11
104 12
104 16
104 17
104 18
104 21
104 32
104 35
104 37
104 39
104 41
104 43
104 45
104 48
104 53
104 59
104 61
104 62
104 63
104 64
104 65
104 66
104 67
104 68
104 71
104 73
104 77
104 79
104 80
104 82
104 92
104 94
104 97
104 98
104 99
104 101
104 106
104 112
104 114
104 115
104 118
104 120
104 121
104 126
105 1
105 6
105 9
105 10
105 11
105 15
105 17
105 18
105 20
105 21
105 22
105 26
105 27
105 31
105 35
105 37
105 38
105 39
105 41
105 42
105 44
105 46
105 48
105 51
105 57
105 58
105 59
105 61
105 62
105 63
105 69
105 71
105 73
105 79
105 81
105 82
105 86
105 88
105 90
105 93
105 94
105 96
105 98
105 99
105 100
105 101
105 105
105 107
105 108
105 110
105 115
105 119
105 120
105 121
105 124
106 0
106 1
106 10
106 11
106 14
106 15
106 16
106 18
106 22
106 23
106 24
106 26
106 27
106 29
106 34
106 35
106 36
106 37
106 38
106 42
106 43
106 44
106 45
106 47
106 49
106 53
106 54
106 56
106 57
106 59
106 62
106 67
106 68
106 71
106 72
106 73
106 76
106 82
106 87
106 89
106 92
106 93
106 94
106 97
106 101
106 103
106 104
106 107
106 116
106 120
106 121
106 126
107 0
107 1
107 4
107 6
107 7
107 11
107 12
107 16
107 22
107 23
107 24
107 27
107 28
107 29
107 31
107 34
107 37
107 38
107 42
107 46
107 57
107 61
107 64
107 65
107 68
107 71
107 72
107 77
107 79
107 85
107 87
107 88
107 90
107 92
107 94
107 95
107 97
107 98
107 102
107 103
107 106
107 112
107 114
107 116
107 123
107 125
107 126
108 0
108 2
108 4
108 6
108 11
108 14
108 19
108 23
108 26
108 31
108 33
108 34
108 35
108 38
108 41
108 44
108 49
108 51
108 52
108 59
108 60
108 61
108 64
108 65
108 66
108 67
108 69
108 71
108 73
108 74
108 77
108 79
108 84
108 86
108 89
108 90
108 94
108 95
108 97
108 98
108 99
108 101
108 103
108 106
108 108
108 110
108 113
108 118
108 126
108 127
109 1
109 3
109 5
109 8
109 9
109 11
109 12
109 21
109 24
109 29
109 33
109 34
109 36
109 38
109 43
109 46
109 47
109 50
109 51
109 58
109 59
109 60
109 61
109 64
109 65
109 66
109 70
109 71
109 77
109 83
109 84
109 85
109 86
109 88
109 94
109 96
109 97
109 98
109 101
109 103
109 107
109 109
109 111
109 113
109 115
109 118
109 120
109 121
109 122
109 124
109 125
109 127
110 5
110 10
110 11
110 12
110 13
110 14
110 15
110 17
110 18
110 20
110 23
110 26
110 30
110 31
110 34
110 36
110 38
110 43
110 45
110 53
110 58
110 60
110 62
110 67
110 68
110 70
110 71
110 72
110 75
110 76
110 77
110 86
110 87
110 93
110 95
110 96
110 97
110 99
110 104
110 105
110 106
110 107
110 108
110 111
110 114
110 115
110 117
110 121
111 1
111 3
111 4
111 5
111 6
111 10
111 15
111 16
111 17
111 18
111 20
111 21
111 25
111 26
111 29
111 32
111 34
111 35
111 37
111 45
111 47
111 49
111 50
111 51
111 52
111 53
111 55
111 56
111 58
111 62
111 69
111 71
111 72
111 81
111 82
111 85
111 88
111 91
111 92
111 96
111 99
111 100
111 101
111 102
111 103
111 104
111 114
111 117
111 118
111 119
111 123
111 125
111 127
112 0
112 2
112 11
112 12
112 14
112 15
112 16
112 17
112 18
112 19
112 20
112 22
112 24
112 25
112 34
112 39
112 40
112 41
112 46
112 48
112 49
112 50
112 52
112 54
112 57
112 58
112 60
112 63
112 68
112 70
112 73
112 76
112 78
112 80
112 82
112 84
112 85
112 89
112 91
112 92
112 94
112 97
112 99
112 102
112 105
112 107
112 108
112 109
112 112
112 113
112 114
112 118
112 120
112 121
112 122
112 123
113 0
113 4
113 5
113 6
113 10
113 12
113 17
113 22
113 24
113 25
113 28
113 30
113 32
113 39
113 43
113 51
113 53
113 56
113 60
113 62
113 63
113 66
113 72
113 73
113 75
113 78
113 82
113 84
113 87
113 90
113 91
113 95
113 100
113 102
113 103
113 104
113 106
113 107
113 110
113 112
113 113
113 119
114 0
114 2
114 4
114 11
114 16
114 17
114 18
114 21
114 23
114 27
114 31
114 32
114 36
114 47
114 48
114 50
114 55
114 58
114 60
114 61
114 62
114 64
114 67
114 69
114 72
114 73
114 74
114 76
114 78
114 80
114 81
114 82
114 85
114 86
114 87
114 89
114 90
114 91
114 94
114 95
114 96
114 100
114 105
114 107
114 110
114 112
114 113
114 114
114 116
114 119
114 120
114 121
114 122
115 1
115 5
115 6
115 8
115 10
115 11
115 12
115 14
115 16
115 17
115 18
115 21
115 22
115 23
115 24
115 25
115 27
115 31
115 32
115 33
115 35
115 36
115 37
115 38
115 40
115 43
115 46
115 48
115 49
115 50
115 52
115 54
115 57
115 58
115 59
115 61
115 62
115 63
115 64
115 71
115 73
115 78
115 88
115 91
115 93
115 95
115 99
115 100
115 101
115 105
115 107
115 113
115 115
115 120
115 122
115 124
115 127
116 1
116 3
116 4
116 7
116 9
116 10
116 11
116 12
116 16
116 18
116 19
116 20
116 23
116 25
116 31
116 35
116 37
116 40
116 42
116 43
116 44
116 48
116 49
116 59
116 67
116 68
116 69
116 71
116 74
116 75
116 76
116 78
116 79
116 82
116 83
116 85
116 86
116 88
116 91
116 93
116 97
116 99
116 104
116 105
116 107
116 110
116 112
116 113
116 116
116 117
116 118
116 126
117 5
117 7
117 8
117 11
117 13
117 14
117 25
117 27
117 28
117 31
117 34
117 39
117 41
117 43
117 44
117 45
117 46
117 47
117 48
117 54
117 55
117 57
117 58
117 59
117 60
117 62
117 64
117 65
117 66
117 69
117 72
117 76
117 77
117 79
117 82
117 84
117 85
117 86
117 87
117 90
117 91
117 93
117 95
117 97
117 99
117 100
117 102
117 103
117 105
117 106
117 107
117 108
117 109
117 110
117 115
117 116
117 121
117 122
117 125
117 126
117 127
118 0
118 4
118 5
118 7
118 15
118 18
118 19
118 20
118 21
118 32
118 33
118 39
118 40
118 43
118 45
118 48
118 49
118 51
118 54
118 60
118 62
118 67
118 70
118 72
118 75
118 76
118 85
118 86
118 90
118 93
118 94
118 95
118 98
118 100
118 102
118 103
118 104
118 105
118 106
118 107
118 108
118 109
118 111
118 112
118 114
118 116
118 117
118 118
118 119
118 120
118 121
118 122
118 124
118 125
119 0
119 1
119 2
119 4
119 7
119 9
119 15
119 16
119 18
119 22
119 26
119 39
119 41
119 43
119 46
119 48
119 54
119 55
119 59
119 61
119 64
119 66
119 67
119 70
119 72
119 76
119 80
119 90
119 94
119 96
119 97
119 98
119 99
119 102
119 103
119 105
119 106
119 107
119 115
119 116
119 126
120 1
120 4
120 5
120 8
120 14
120 16
120 23
120 28
120 32
120 33
120 34
120 35
120 36
120 37
120 39
120 40
120 41
120 44
120 49
120 51
120 52
120 54
120 55
120 56
120 57
120 58
120 61
120 62
120 63
120 65
120 66
120 67
120 69
120 72
120 75
120 80
120 81
120 83
120 84
120 93
120 97
120 98
120 99
120 103
120 107
120 109
120 111
120 115
120 117
120 120
120 122
120 124
120 126
120 127
121 2
121 3
121 4
121 5
121 6
121 8
121 9
121 11
121 13
121 16
121 17
121 21
121 23
121 25
121 26
121 28
121 29
121 34
121 36
121 37
121 39
121 42
121 43
121 47
121 49
121 52
121 53
121 54
121 56
121 59
121 60
121 61
121 63
121 64
121 67
121 70
121 71
121 76
121 77
121 79
121 81
121 83
121 86
121 88
121 94
121 105
121 108
121 112
121 114
121 115
121 116
121 120
121 121
121 122
121 126
121 127
122 0
122 4
122 7
122 8
122 13
122 14
122 16
122 19
122 20
122 21
122 26
122 29
122 30
122 32
122 33
122 40
122 41
122 47
122 49
122 51
122 53
122 54
122 55
122 57
122 59
122 62
122 63
122 65
122 66
122 67
122 71
122 76
122 80
122 81
122 85
122 88
122 92
122 93
122 94
122 99
122 102
122 105
122 106
122 108
122 109
122 112
122 117
122 118
122 122
122 124
122 126
122 127
123 1
123 4
123 6
123 7
123 12
123 14
123 17
123 19
123 21
123 23
123 27
123 31
123 32
123 35
123 38
123 39
123 42
123 43
123 46
123 49
123 51
123 52
123 53
123 58
123 61
123 63
123 64
123 65
123 68
123 69
123 71
123 77
123 80
123 81
123 82
123 83
123 87
123 89
123 90
123 91
123 96
123 104
123 112
123 114
123 115
123 117
123 126
123 127
124 2
124 4
124 6
124 7
124 11
124 16
124 19
124 20
124 23
124 24
124 25
124 30
124 32
124 33
124 34
124 37
124 43
124 45
124 48
124 49
124 57
124 58
124 59
124 60
124 62
124 67
124 68
124 70
124 71
124 73
124 74
124 78
124 81
124 83
124 84
124 87
124 89
124 90
124 91
124 92
124 94
124 95
124 96
124 101
124 103
124 104
124 106
124 112
124 115
124 120
124 121
124 126
124 127
125 2
125 4
125 5
125 6
125 10
125 11
125 13
125 17
125 18
125 19
125 22
125 25
125 28
125 31
125 34
125 42
125 47
125 48
125 51
125 53
125 54
125 55
125 59
125 62
125 63
125 65
125 67
125 70
125 71
125 74
125 77
125 81
125 86
125 89
125 90
125 94
125 100
125 101
125 103
125 104
125 106
125 110
125 113
125 117
125 118
125 125
125 126
126 4
126 6
126 7
126 8
126 14
126 15
126 19
126 23
126 24
126 33
126 34
126 35
126 38
126 39
126 40
126 42
126 44
126 49
126 50
126 52
126 56
126 59
126 62
126 64
126 66
126 70
126 74
126 75
126 77
126 78
126 81
126 82
126 85
126 86
126 87
126 88
126 89
126 93
126 94
126 96
126 97
126 98
126 102
126 103
126 109
126 110
126 115
126 116
126 120
126 123
126 124
126 125
126 126
127 0
127 1
127 2
127 3
127 5
127 6
127 7
127 8
127 10
127 13
127 16
127 19
127 20
127 21
127 22
127 26
127 27
127 34
127 37
127 39
127 40
127 41
127 43
127 45
127 49
127 51
127 52
127 54
127 55
127 57
127 63
127 64
127 67
127 69
127 73
127 75
127 77
127 78
127 87
127 88
127 96
127 98
127 101
127 103
127 104
127 105
127 107
127 108
127 109
127 110
127 116
127 118
127 120
127 121
127 123
127 125
