0 0
0 2
0 7
0 9
0 10
0 17
0 21
0 25
0 29
0 33
0 36
0 40
0 46
0 50
0 56
0 60
0 62
0 65
0 76
0 81
0 85
0 89
0 93
0 99
0 105
0 107
0 111
0 112
0 113
0 126
1 0
1 3
1 5
1 12
1 18
1 19
1 22
1 23
1 24
1 31
1 32
1 34
1 35
1 36
1 37
1 41
1 43
1 45
1 46
1 55
1 56
1 58
1 59
1 64
1 65
1 67
1 69
1 70
1 72
1 80
1 83
1 88
1 90
1 101
1 103
1 104
1 107
1 110
1 111
1 112
1 113
1 114
1 121
1 122
1 123
1 124
1 125
1 127
2 1
2 5
2 10
2 16
2 23
2 27
2 29
2 30
2 31
2 32
2 33
2 40
2 41
2 48
2 52
2 54
2 55
2 59
2 60
2 63
2 67
2 68
2 72
2 79
2 82
2 83
2 85
2 88
2 89
2 91
2 92
2 100
2 102
2 106
2 107
2 108
2 111
2 114
2 115
2 119
2 127
3 0
3 1
3 2
3 3
3 7
3 8
3 9
3 10
3 17
3 18
3 19
3 20
3 25
3 33
3 37
3 43
3 46
3 47
3 63
3 64
3 65
3 78
3 97
3 107
3 113
3 114
3 115
3 117
3 124
3 125
3 127
4 0
4 1
4 10
4 12
4 20
4 26
4 27
4 35
4 40
4 51
4 55
4 57
4 60
4 61
4 68
4 69
4 73
4 79
4 82
4 94
4 97
4 99
4 101
4 102
4 112
4 117
4 123
4 126
4 127
5 2
5 3
5 7
5 8
5 10
5 14
5 16
5 19
5 20
5 21
5 23
5 29
5 32
5 33
5 38
5 41
5 44
5 47
5 48
5 50
5 59
5 60
5 63
5 65
5 66
5 67
5 71
5 77
5 79
5 81
5 88
5 90
5 95
5 97
5 99
5 100
5 101
5 103
5 104
5 107
5 116
5 120
5 121
5 122
5 123
5 126
5 127
6 4
6 7
6 8
6 24
6 29
6 31
6 35
6 38
6 40
6 49
6 50
6 52
6 54
6 61
6 77
6 81
6 82
6 86
6 96
6 103
6 107
6 113
6 119
6 121
6 122
6 123
7 0
7 1
7 4
7 9
7 12
7 14
7 22
7 23
7 27
7 31
7 38
7 39
7 44
7 49
7 51
7 53
7 55
7 61
7 62
7 64
7 69
7 71
7 78
7 83
7 86
7 87
7 88
7 90
7 91
7 100
7 103
7 106
7 107
7 110
7 112
7 115
7 118
8 3
8 6
8 7
8 9
8 10
8 12
8 23
8 31
8 35
8 42
8 43
8 44
8 65
8 67
8 68
8 85
8 86
8 87
8 88
8 91
8 92
8 93
8 99
8 100
8 101
8 108
8 111
8 114
8 116
8 118
8 120
8 121
8 124
8 127
9 3
9 4
9 9
9 13
9 17
9 18
9 23
9 26
9 29
9 36
9 43
9 44
9 50
9 54
9 55
9 59
9 60
9 61
9 62
9 78
9 80
9 81
9 88
9 89
9 90
9 91
9 92
9 99
9 102
9 109
9 111
9 112
9 114
9 119
9 124
9 127
10 4
10 14
10 17
10 21
10 22
10 27
10 28
10 31
10 39
10 42
10 43
10 45
10 46
10 47
10 52
10 61
10 62
10 66
10 71
10 73
10 79
10 85
10 90
10 98
10 101
10 102
10 104
10 108
10 109
10 114
10 117
10 119
10 121
10 124
11 1
11 2
11 7
11 13
11 16
11 18
11 20
11 22
11 23
11 27
11 28
11 30
11 32
11 37
11 38
11 42
11 45
11 53
11 57
11 58
11 63
11 71
11 76
11 77
11 81
11 83
11 85
11 86
11 88
11 90
11 92
11 101
11 110
11 111
11 114
11 116
11 122
12 1
12 4
12 5
12 8
12 16
12 17
12 19
12 27
12 32
12 43
12 44
12 47
12 58
12 60
12 65
12 72
12 75
12 78
12 79
12 82
12 84
12 85
12 87
12 90
12 92
12 93
12 100
12 105
12 108
12 110
12 111
12 116
12 121
12 127
13 4
13 6
13 8
13 12
13 16
13 22
13 23
13 26
13 28
13 30
13 31
13 36
13 38
13 39
13 40
13 51
13 54
13 55
13 61
13 63
13 66
13 67
13 69
13 71
13 74
13 78
13 83
13 84
13 85
13 89
13 91
13 92
13 93
13 97
13 98
13 100
13 106
13 110
13 115
13 116
13 119
13 120
13 121
13 122
13 123
13 124
13 125
14 0
14 1
14 2
14 4
14 6
14 8
14 10
14 13
14 14
14 16
14 19
14 26
14 29
14 30
14 35
14 45
14 50
14 52
14 56
14 58
14 59
14 62
14 63
14 64
14 67
14 77
14 78
14 79
14 80
14 82
14 86
14 89
14 91
14 93
14 99
14 108
14 109
14 110
14 114
14 125
14 126
15 2
15 11
15 21
15 24
15 28
15 29
15 32
15 35
15 41
15 43
15 46
15 47
15 49
15 54
15 59
15 65
15 66
15 73
15 75
15 78
15 79
15 82
15 87
15 88
15 92
15 94
15 95
15 102
15 103
15 107
15 108
15 109
15 116
15 120
15 121
15 125
15 126
16 2
16 4
16 13
16 15
16 23
16 29
16 32
16 39
16 44
16 52
16 61
16 64
16 65
16 70
16 74
16 83
16 84
16 89
16 91
16 94
16 95
16 96
16 97
16 102
16 109
16 110
16 113
16 115
16 117
16 124
16 125
16 127
17 4
17 9
17 13
17 14
17 15
17 16
17 18
17 19
17 22
17 32
17 33
17 38
17 39
17 41
17 44
17 52
17 53
17 57
17 61
17 62
17 63
17 67
17 70
17 75
17 81
17 84
17 94
17 99
17 104
17 108
17 111
17 120
17 122
17 125
17 126
18 0
18 8
18 9
18 16
18 17
18 22
18 25
18 28
18 33
18 34
18 37
18 40
18 44
18 45
18 56
18 57
18 58
18 60
18 61
18 63
18 66
18 68
18 70
18 72
18 73
18 82
18 84
18 85
18 88
18 89
18 92
18 93
18 96
18 100
18 107
18 108
18 110
18 111
18 118
18 120
18 122
18 124
18 125
19 0
19 5
19 6
19 7
19 9
19 16
19 17
19 18
19 21
19 23
19 24
19 25
19 27
19 34
19 35
19 36
19 42
19 48
19 49
19 59
19 64
19 66
19 67
19 71
19 72
19 73
19 81
19 82
19 85
19 86
19 88
19 93
19 94
19 96
19 115
19 116
19 120
19 122
20 0
20 6
20 10
20 12
20 13
20 14
20 17
20 21
20 23
20 24
20 27
20 28
20 29
20 32
20 33
20 38
20 41
20 42
20 45
20 47
20 52
20 54
20 57
20 58
20 75
20 79
20 80
20 81
20 88
20 89
20 93
20 96
20 103
20 106
20 111
20 126
21 2
21 6
21 24
21 25
21 28
21 33
21 37
21 40
21 41
21 43
21 53
21 55
21 70
21 73
21 79
21 81
21 86
21 88
21 94
21 95
21 96
21 106
21 114
21 119
21 121
22 3
22 6
22 9
22 18
22 19
22 24
22 25
22 33
22 35
22 36
22 40
22 45
22 47
22 48
22 49
22 50
22 52
22 56
22 57
22 58
22 59
22 60
22 64
22 65
22 66
22 73
22 77
22 86
22 88
22 89
22 92
22 102
22 108
22 109
22 110
22 112
22 113
22 114
22 119
22 120
22 121
22 126
23 1
23 4
23 5
23 7
23 8
23 12
23 14
23 23
23 25
23 26
23 28
23 30
23 33
23 35
23 39
23 42
23 43
23 44
23 50
23 63
23 65
23 68
23 71
23 80
23 82
23 92
23 93
23 94
23 95
23 96
23 99
23 101
23 102
23 107
23 108
23 110
23 115
23 117
23 122
23 125
24 3
24 8
24 9
24 12
24 14
24 15
24 18
24 19
24 25
24 31
24 40
24 41
24 43
24 44
24 46
24 47
24 50
24 51
24 56
24 61
24 65
24 67
24 68
24 77
24 78
24 80
24 83
24 84
24 93
24 103
24 106
24 113
24 123
25 5
25 6
25 8
25 13
25 19
25 27
25 32
25 33
25 34
25 39
25 50
25 59
25 63
25 64
25 66
25 67
25 70
25 72
25 75
25 76
25 77
25 85
25 86
25 87
25 88
25 89
25 92
25 93
25 94
25 97
25 98
25 99
25 100
25 104
25 106
25 110
25 114
25 115
25 118
25 120
25 121
25 122
25 124
25 125
25 126
26 6
26 9
26 10
26 14
26 15
26 16
26 18
26 20
26 23
26 25
26 26
26 32
26 35
26 41
26 49
26 50
26 53
26 56
26 57
26 59
26 60
26 62
26 67
26 69
26 70
26 71
26 72
26 76
26 79
26 85
26 88
26 90
26 91
26 92
26 94
26 96
26 99
26 100
26 101
26 109
26 111
26 113
26 114
26 120
26 122
26 127
27 2
27 10
27 13
27 22
27 26
27 30
27 34
27 35
27 43
27 47
27 56
27 62
27 65
27 67
27 68
27 69
27 72
27 73
27 74
27 76
27 77
27 85
27 89
27 90
27 93
27 95
27 98
27 107
27 108
27 109
27 112
27 115
27 120
27 122
27 127
28 0
28 6
28 7
28 13
28 15
28 16
28 20
28 21
28 23
28 27
28 30
28 34
28 36
28 40
28 47
28 51
28 52
28 57
28 61
28 64
28 67
28 71
28 75
28 80
28 82
28 92
28 96
28 97
28 101
28 102
28 104
28 106
28 108
28 110
28 113
28 117
28 123
29 2
29 3
29 6
29 10
29 12
29 13
29 20
29 26
29 28
29 34
29 36
29 39
29 43
29 47
29 49
29 53
29 54
29 62
29 71
29 75
29 76
29 77
29 86
29 88
29 90
29 91
29 94
29 95
29 104
29 117
29 119
29 120
29 124
29 126
29 127
30 0
30 14
30 15
30 17
30 21
30 24
30 25
30 26
30 28
30 35
30 36
30 38
30 39
30 44
30 45
30 46
30 48
30 58
30 60
30 62
30 63
30 68
30 69
30 70
30 75
30 76
30 79
30 80
30 88
30 89
30 90
30 91
30 94
30 97
30 99
30 103
30 104
30 106
30 107
30 108
30 110
30 112
30 119
30 120
30 122
30 125
31 1
31 3
31 5
31 6
31 9
31 15
31 16
31 18
31 19
31 22
31 25
31 29
31 35
31 36
31 40
31 43
31 46
31 48
31 53
31 56
31 58
31 61
31 68
31 69
31 73
31 74
31 76
31 80
31 87
31 88
31 90
31 91
31 92
31 93
31 95
31 97
31 100
31 102
31 112
31 113
31 118
31 120
32 6
32 10
32 14
32 16
32 27
32 28
32 31
32 32
32 34
32 35
32 36
32 37
32 42
32 43
32 44
32 49
32 51
32 53
32 63
32 65
32 66
32 68
32 70
32 71
32 73
32 75
32 76
32 77
32 78
32 80
32 81
32 82
32 84
32 91
32 101
32 106
32 107
32 109
32 113
32 114
32 117
32 119
32 120
33 2
33 3
33 6
33 7
33 8
33 11
33 17
33 21
33 38
33 44
33 46
33 63
33 71
33 74
33 81
33 87
33 89
33 92
33 101
33 102
33 103
33 104
33 116
33 119
33 122
34 5
34 6
34 7
34 10
34 11
34 12
34 15
34 17
34 18
34 19
34 24
34 25
34 36
34 38
34 42
34 43
34 48
34 49
34 50
34 51
34 64
34 69
34 70
34 80
34 81
34 85
34 87
34 92
34 97
34 98
34 101
34 108
34 110
34 114
34 116
34 123
35 3
35 4
35 8
35 10
35 11
35 31
35 33
35 35
35 39
35 41
35 46
35 48
35 49
35 56
35 57
35 58
35 64
35 66
35 74
35 75
35 77
35 79
35 84
35 94
35 105
35 108
35 112
35 113
35 117
35 123
35 124
35 125
35 127
36 2
36 10
36 16
36 18
36 20
36 23
36 24
36 26
36 28
36 38
36 41
36 54
36 56
36 59
36 60
36 61
36 64
36 67
36 68
36 69
36 79
36 80
36 81
36 83
36 87
36 89
36 90
36 92
36 93
36 95
36 101
36 103
36 104
36 109
36 110
36 112
36 116
36 125
37 4
37 8
37 10
37 14
37 19
37 20
37 22
37 31
37 33
37 34
37 38
37 43
37 48
37 50
37 54
37 64
37 70
37 73
37 75
37 77
37 84
37 92
37 96
37 97
37 98
37 100
37 103
37 108
37 109
37 110
37 112
37 113
37 115
37 117
37 120
37 121
37 122
37 127
38 1
38 10
38 29
38 30
38 32
38 36
38 39
38 54
38 59
38 61
38 64
38 66
38 70
38 71
38 79
38 81
38 84
38 91
38 93
38 98
38 99
38 108
38 115
38 116
38 117
38 123
38 125
38 126
38 127
39 0
39 1
39 3
39 5
39 14
39 18
39 19
39 21
39 22
39 29
39 37
39 39
39 43
39 46
39 60
39 62
39 66
39 70
39 74
39 76
39 81
39 83
39 85
39 89
39 90
39 95
39 96
39 103
39 105
39 106
39 107
39 115
39 118
39 123
39 124
40 2
40 4
40 8
40 10
40 18
40 19
40 23
40 25
40 27
40 28
40 30
40 32
40 39
40 42
40 44
40 46
40 48
40 56
40 58
40 60
40 61
40 68
40 70
40 71
40 81
40 85
40 88
40 93
40 94
40 102
40 104
40 112
40 120
40 124
41 0
41 1
41 2
41 3
41 4
41 6
41 8
41 9
41 11
41 12
41 21
41 23
41 24
41 30
41 33
41 41
41 45
41 46
41 47
41 48
41 51
41 53
41 54
41 56
41 60
41 70
41 71
41 74
41 81
41 83
41 87
41 91
41 92
41 93
41 96
41 97
41 107
41 110
41 112
41 114
41 118
41 122
41 127
42 3
42 5
42 6
42 13
42 17
42 19
42 21
42 26
42 27
42 30
42 32
42 33
42 36
42 43
42 46
42 53
42 55
42 58
42 59
42 66
42 67
42 73
42 75
42 86
42 89
42 90
42 91
42 95
42 96
42 97
42 99
42 103
42 106
42 108
42 109
42 111
42 115
42 116
42 117
42 118
42 119
42 122
42 124
42 126
42 127
43 6
43 12
43 19
43 21
43 23
43 25
43 26
43 31
43 32
43 35
43 36
43 45
43 47
43 53
43 54
43 63
43 67
43 68
43 69
43 70
43 71
43 77
43 82
43 84
43 85
43 88
43 92
43 95
43 101
43 102
43 104
43 106
43 108
43 112
43 125
44 3
44 12
44 13
44 17
44 18
44 19
44 21
44 24
44 25
44 27
44 29
44 31
44 33
44 34
44 35
44 37
44 38
44 42
44 50
44 56
44 57
44 59
44 61
44 62
44 69
44 70
44 72
44 81
44 84
44 85
44 88
44 89
44 95
44 98
44 103
44 105
44 106
44 109
44 112
44 113
44 114
44 115
44 116
44 117
44 123
44 125
45 7
45 8
45 10
45 11
45 17
45 19
45 22
45 27
45 33
45 36
45 38
45 40
45 44
45 46
45 49
45 59
45 64
45 70
45 75
45 77
45 85
45 86
45 89
45 90
45 91
45 98
45 101
45 104
45 105
45 106
45 107
45 109
45 110
45 112
45 117
45 124
45 127
46 3
46 5
46 9
46 11
46 12
46 15
46 17
46 27
46 32
46 33
46 35
46 38
46 39
46 40
46 43
46 44
46 49
46 50
46 54
46 55
46 56
46 58
46 59
46 61
46 65
46 68
46 69
46 71
46 75
46 79
46 81
46 85
46 89
46 90
46 92
46 94
46 98
46 102
46 106
46 111
46 112
46 117
46 119
46 124
46 125
46 126
46 127
47 2
47 12
47 18
47 22
47 26
47 30
47 33
47 35
47 36
47 38
47 39
47 48
47 52
47 55
47 57
47 58
47 63
47 69
47 81
47 83
47 85
47 88
47 89
47 93
47 94
47 95
47 97
47 98
47 100
47 103
47 105
47 106
47 110
47 113
47 116
47 120
47 121
47 122
47 127
48 2
48 4
48 6
48 7
48 14
48 15
48 19
48 20
48 21
48 23
48 25
48 37
48 39
48 45
48 46
48 57
48 60
48 65
48 77
48 78
48 82
48 86
48 88
48 91
48 95
48 106
48 112
48 114
48 118
48 119
48 123
48 126
49 2
49 3
49 9
49 10
49 14
49 20
49 21
49 22
49 28
49 31
49 40
49 46
49 47
49 53
49 56
49 58
49 61
49 63
49 69
49 76
49 78
49 85
49 87
49 90
49 91
49 94
49 97
49 107
49 119
49 121
50 1
50 2
50 10
50 12
50 16
50 17
50 21
50 30
50 32
50 36
50 38
50 43
50 44
50 51
50 52
50 53
50 55
50 56
50 58
50 61
50 62
50 73
50 74
50 77
50 80
50 82
50 83
50 86
50 90
50 91
50 92
50 98
50 103
50 106
50 112
50 114
50 118
50 123
50 125
50 126
51 2
51 6
51 7
51 8
51 11
51 12
51 13
51 15
51 16
51 17
51 19
51 20
51 23
51 25
51 26
51 32
51 33
51 35
51 37
51 40
51 42
51 43
51 44
51 51
51 53
51 57
51 65
51 72
51 82
51 86
51 87
51 92
51 94
51 100
51 101
51 102
51 103
51 104
51 106
51 108
51 109
51 113
51 114
51 121
51 122
51 126
51 127
52 0
52 1
52 9
52 18
52 29
52 31
52 33
52 36
52 40
52 50
52 51
52 64
52 66
52 69
52 72
52 75
52 76
52 80
52 83
52 91
52 92
52 94
52 95
52 96
52 97
52 98
52 102
52 109
52 111
52 112
52 117
52 118
52 120
52 122
53 4
53 7
53 12
53 15
53 23
53 29
53 30
53 31
53 43
53 45
53 48
53 49
53 50
53 52
53 53
53 58
53 60
53 62
53 64
53 67
53 73
53 79
53 82
53 86
53 98
53 99
53 107
53 111
53 112
53 113
53 115
53 118
53 126
54 0
54 4
54 10
54 12
54 22
54 26
54 31
54 33
54 46
54 52
54 55
54 59
54 60
54 64
54 65
54 67
54 77
54 79
54 80
54 85
54 89
54 90
54 93
54 97
54 99
54 101
54 102
54 106
54 109
54 113
54 114
54 117
54 118
54 119
54 122
55 10
55 12
55 13
55 15
55 16
55 21
55 25
55 26
55 27
55 28
55 30
55 34
55 40
55 41
55 42
55 50
55 56
55 58
55 59
55 61
55 65
55 66
55 67
55 73
55 75
55 82
55 88
55 89
55 90
55 98
55 103
55 108
55 111
55 112
55 113
55 116
55 126
56 3
56 9
56 10
56 13
56 14
56 26
56 28
56 29
56 30
56 31
56 32
56 35
56 38
56 39
56 45
56 48
56 49
56 63
56 70
56 72
56 74
56 76
56 78
56 79
56 90
56 91
56 93
56 99
56 104
56 107
56 108
56 110
56 115
56 116
56 117
57 0
57 3
57 15
57 22
57 30
57 35
57 36
57 38
57 44
57 46
57 47
57 56
57 58
57 63
57 64
57 67
57 70
57 71
57 72
57 75
57 81
57 84
57 85
57 88
57 98
57 99
57 101
57 102
57 111
57 113
57 116
57 120
57 121
57 122
58 0
58 1
58 3
58 7
58 10
58 11
58 14
58 16
58 17
58 20
58 23
58 28
58 32
58 33
58 36
58 38
58 39
58 46
58 48
58 52
58 54
58 56
58 57
58 65
58 66
58 69
58 71
58 74
58 81
58 82
58 85
58 88
58 99
58 100
58 102
58 104
58 107
58 108
58 110
58 113
58 115
58 119
58 123
58 127
59 0
59 1
59 4
59 7
59 14
59 15
59 26
59 27
59 32
59 37
59 41
59 43
59 48
59 49
59 52
59 55
59 58
59 61
59 63
59 64
59 68
59 72
59 80
59 83
59 88
59 93
59 94
59 99
59 100
59 102
59 103
59 104
59 106
59 112
59 117
59 118
59 120
59 122
59 126
59 127
60 3
60 6
60 7
60 8
60 12
60 20
60 34
60 36
60 37
60 38
60 42
60 45
60 47
60 51
60 55
60 64
60 69
60 70
60 76
60 78
60 80
60 82
60 84
60 89
60 92
60 93
60 95
60 100
60 106
60 107
60 112
60 115
60 119
60 124
60 126
61 0
61 6
61 9
61 10
61 13
61 15
61 16
61 17
61 19
61 23
61 28
61 33
61 38
61 40
61 41
61 45
61 47
61 50
61 55
61 65
61 68
61 75
61 81
61 89
61 90
61 99
61 115
61 120
61 122
61 123
61 125
61 127
62 3
62 4
62 7
62 8
62 11
62 15
62 17
62 28
62 34
62 37
62 39
62 48
62 49
62 50
62 51
62 53
62 54
62 55
62 58
62 61
62 64
62 65
62 66
62 72
62 76
62 80
62 81
62 85
62 91
62 92
62 96
62 100
62 102
62 104
62 105
62 108
62 109
62 111
62 119
62 124
63 1
63 3
63 5
63 10
63 12
63 16
63 17
63 21
63 23
63 27
63 28
63 31
63 37
63 38
63 41
63 42
63 46
63 55
63 58
63 64
63 66
63 70
63 77
63 79
63 82
63 83
63 90
63 94
63 98
63 101
63 103
63 104
63 107
63 110
63 115
63 118
64 2
64 8
64 10
64 12
64 15
64 18
64 19
64 27
64 31
64 35
64 38
64 39
64 42
64 52
64 55
64 56
64 60
64 61
64 62
64 63
64 69
64 70
64 72
64 73
64 77
64 86
64 89
64 90
64 91
64 95
64 96
64 99
64 103
64 107
64 112
64 113
64 115
65 0
65 1
65 3
65 7
65 10
65 12
65 17
65 19
65 25
65 26
65 32
65 35
65 38
65 40
65 42
65 46
65 49
65 52
65 58
65 61
65 63
65 66
65 68
65 71
65 81
65 83
65 86
65 88
65 91
65 100
65 103
65 104
65 105
65 107
65 108
65 110
65 124
65 125
66 3
66 4
66 5
66 7
66 13
66 24
66 25
66 33
66 37
66 38
66 41
66 42
66 54
66 58
66 59
66 61
66 62
66 66
66 69
66 71
66 74
66 75
66 78
66 79
66 82
66 83
66 87
66 89
66 91
66 98
66 100
66 106
66 112
66 114
66 118
66 119
66 121
66 123
66 125
67 0
67 2
67 3
67 7
67 13
67 18
67 20
67 21
67 22
67 23
67 27
67 32
67 40
67 44
67 46
67 48
67 53
67 59
67 63
67 67
67 71
67 72
67 74
67 76
67 83
67 88
67 89
67 90
67 92
67 95
67 97
67 98
67 100
67 101
67 103
67 107
67 111
67 113
67 117
67 118
67 119
67 121
67 124
67 126
68 5
68 6
68 8
68 16
68 19
68 26
68 27
68 28
68 29
68 30
68 33
68 35
68 39
68 40
68 41
68 45
68 49
68 51
68 53
68 55
68 59
68 61
68 66
68 73
68 81
68 88
68 101
68 104
68 108
68 109
68 113
68 114
68 117
68 119
68 120
68 121
68 122
68 123
68 124
68 126
68 127
69 0
69 5
69 8
69 14
69 17
69 19
69 21
69 24
69 31
69 33
69 34
69 35
69 38
69 39
69 42
69 45
69 46
69 47
69 53
69 59
69 61
69 63
69 64
69 65
69 69
69 71
69 76
69 78
69 80
69 86
69 95
69 98
69 99
69 100
69 104
69 105
69 109
69 110
69 111
69 120
69 124
70 8
70 12
70 13
70 14
70 16
70 17
70 20
70 22
70 30
70 33
70 34
70 43
70 49
70 50
70 52
70 53
70 58
70 61
70 62
70 65
70 68
70 69
70 70
70 81
70 88
70 89
70 91
70 96
70 102
70 108
70 109
70 115
70 119
70 120
70 123
70 125
70 127
71 0
71 2
71 3
71 9
71 11
71 21
71 22
71 23
71 27
71 36
71 44
71 47
71 48
71 49
71 56
71 64
71 67
71 68
71 69
71 70
71 80
71 82
71 83
71 85
71 92
71 96
71 98
71 99
71 101
71 106
71 107
71 117
71 120
71 121
71 124
71 125
72 0
72 7
72 12
72 17
72 21
72 22
72 25
72 29
72 31
72 32
72 34
72 35
72 36
72 37
72 45
72 46
72 48
72 52
72 55
72 61
72 62
72 65
72 67
72 69
72 70
72 74
72 82
72 93
72 95
72 96
72 102
72 103
72 107
72 112
72 123
72 125
73 0
73 1
73 4
73 17
73 23
73 24
73 25
73 29
73 40
73 54
73 56
73 58
73 63
73 65
73 74
73 78
73 80
73 85
73 88
73 92
73 94
73 96
73 97
73 99
73 108
73 111
73 125
73 127
74 0
74 2
74 6
74 8
74 11
74 12
74 14
74 15
74 23
74 33
74 34
74 35
74 37
74 40
74 41
74 46
74 60
74 64
74 67
74 71
74 82
74 84
74 85
74 93
74 96
74 97
74 101
74 103
74 104
74 108
74 112
74 117
74 122
74 125
75 3
75 9
75 10
75 22
75 23
75 34
75 37
75 40
75 44
75 47
75 48
75 50
75 52
75 53
75 58
75 59
75 60
75 61
75 69
75 70
75 75
75 80
75 81
75 85
75 90
75 95
75 100
75 102
75 103
75 105
75 106
75 108
75 113
75 114
75 115
75 117
75 127
76 2
76 3
76 10
76 11
76 14
76 15
76 24
76 27
76 29
76 35
76 37
76 43
76 44
76 45
76 46
76 50
76 53
76 72
76 76
76 78
76 79
76 84
76 85
76 89
76 94
76 97
76 98
76 99
76 102
76 104
76 107
76 111
76 118
76 121
77 4
77 5
77 10
77 11
77 12
77 14
77 15
77 18
77 19
77 21
77 24
77 25
77 26
77 28
77 33
77 34
77 40
77 42
77 45
77 47
77 52
77 55
77 56
77 60
77 70
77 71
77 73
77 83
77 86
77 88
77 96
77 97
77 110
77 112
77 114
77 118
77 119
77 121
77 124
77 126
77 127
78 0
78 1
78 2
78 3
78 4
78 5
78 6
78 9
78 14
78 16
78 19
78 26
78 27
78 36
78 38
78 39
78 46
78 50
78 52
78 56
78 57
78 60
78 61
78 62
78 64
78 65
78 66
78 72
78 77
78 80
78 83
78 88
78 92
78 97
78 100
78 102
78 103
78 104
78 105
78 106
78 109
78 111
78 112
78 113
78 120
78 122
78 126
79 0
79 1
79 7
79 8
79 9
79 11
79 12
79 13
79 16
79 17
79 18
79 21
79 30
79 32
79 40
79 44
79 47
79 48
79 50
79 52
79 58
79 59
79 61
79 70
79 71
79 77
79 78
79 83
79 88
79 93
79 100
79 101
79 105
79 111
79 117
79 121
79 122
79 123
79 124
79 126
79 127
80 1
80 2
80 6
80 9
80 11
80 12
80 14
80 17
80 20
80 22
80 36
80 37
80 43
80 44
80 51
80 55
80 63
80 72
80 80
80 82
80 91
80 100
80 103
80 106
80 107
80 109
80 112
80 115
80 117
80 119
80 124
80 125
80 127
81 5
81 8
81 9
81 10
81 11
81 22
81 23
81 25
81 36
81 38
81 44
81 46
81 51
81 52
81 53
81 55
81 57
81 58
81 59
81 60
81 61
81 63
81 70
81 77
81 81
81 84
81 85
81 92
81 97
81 99
81 100
81 104
81 107
81 115
81 123
82 3
82 5
82 6
82 9
82 11
82 14
82 16
82 27
82 29
82 31
82 33
82 36
82 39
82 40
82 41
82 44
82 45
82 49
82 52
82 54
82 55
82 63
82 68
82 73
82 79
82 80
82 81
82 82
82 85
82 86
82 91
82 95
82 97
82 98
82 109
82 110
82 112
82 115
82 120
82 121
82 122
82 126
83 0
83 2
83 3
83 6
83 9
83 10
83 15
83 17
83 18
83 22
83 30
83 33
83 41
83 44
83 45
83 51
83 56
83 59
83 60
83 63
83 66
83 72
83 80
83 83
83 87
83 90
83 91
83 92
83 93
83 94
83 96
83 99
83 102
83 103
83 105
83 106
83 107
83 108
83 109
83 114
83 116
83 117
83 124
84 1
84 4
84 10
84 11
84 14
84 17
84 20
84 21
84 31
84 33
84 35
84 36
84 37
84 40
84 41
84 45
84 47
84 53
84 58
84 59
84 60
84 61
84 66
84 75
84 76
84 83
84 87
84 93
84 96
84 99
84 102
84 103
84 104
84 105
84 110
84 112
84 113
84 114
84 120
84 123
85 0
85 6
85 9
85 11
85 12
85 13
85 16
85 20
85 22
85 23
85 29
85 32
85 34
85 36
85 37
85 38
85 40
85 45
85 48
85 51
85 52
85 55
85 57
85 60
85 61
85 66
85 67
85 69
85 71
85 76
85 77
85 78
85 82
85 83
85 85
85 87
85 92
85 95
85 98
85 103
85 104
85 111
85 112
85 113
85 117
85 124
85 126
86 0
86 4
86 5
86 7
86 11
86 12
86 13
86 14
86 27
86 29
86 33
86 37
86 38
86 43
86 49
86 58
86 62
86 64
86 68
86 70
86 78
86 82
86 87
86 90
86 93
86 99
86 104
86 106
86 107
86 114
86 116
86 119
86 120
86 123
87 1
87 3
87 7
87 9
87 10
87 12
87 13
87 14
87 17
87 18
87 20
87 21
87 22
87 30
87 33
87 35
87 37
87 40
87 43
87 45
87 47
87 54
87 61
87 63
87 64
87 70
87 73
87 82
87 84
87 90
87 93
87 99
87 100
87 102
87 103
87 106
87 110
87 111
87 114
87 115
87 116
87 121
87 122
88 4
88 6
88 14
88 15
88 19
88 21
88 23
88 26
88 28
88 29
88 31
88 32
88 38
88 43
88 44
88 47
88 48
88 52
88 57
88 58
88 61
88 67
88 70
88 72
88 75
88 77
88 78
88 83
88 86
88 92
88 94
88 96
88 97
88 99
88 102
88 108
88 110
88 111
88 112
88 115
88 124
88 125
89 2
89 3
89 10
89 14
89 15
89 17
89 20
89 22
89 25
89 26
89 28
89 33
89 37
89 38
89 39
89 40
89 41
89 45
89 46
89 56
89 62
89 66
89 69
89 71
89 73
89 74
89 77
89 78
89 79
89 82
89 84
89 86
89 87
89 93
89 96
89 102
89 104
89 106
89 107
89 109
89 110
89 114
89 115
89 117
89 118
89 121
90 5
90 6
90 16
90 17
90 18
90 20
90 21
90 22
90 26
90 29
90 33
90 39
90 40
90 41
90 43
90 48
90 50
90 52
90 57
90 58
90 59
90 60
90 62
90 65
90 67
90 74
90 77
90 81
90 82
90 87
90 90
90 95
90 98
90 101
90 103
90 105
90 106
90 108
90 109
90 110
90 111
90 112
90 113
90 116
90 118
90 119
90 121
90 123
90 124
90 127
91 0
91 3
91 6
91 8
91 9
91 10
91 12
91 17
91 19
91 20
91 24
91 26
91 35
91 38
91 39
91 40
91 48
91 49
91 50
91 51
91 52
91 54
91 56
91 59
91 62
91 63
91 66
91 68
91 70
91 74
91 77
91 80
91 81
91 83
91 86
91 88
91 91
91 92
91 93
91 100
91 104
91 107
91 108
91 123
92 4
92 5
92 14
92 15
92 17
92 22
92 32
92 35
92 36
92 37
92 39
92 43
92 49
92 55
92 58
92 60
92 61
92 63
92 71
92 72
92 79
92 80
92 84
92 85
92 86
92 87
92 90
92 92
92 93
92 97
92 98
92 107
92 123
93 0
93 6
93 11
93 16
93 18
93 19
93 21
93 22
93 27
93 28
93 29
93 31
93 32
93 34
93 41
93 50
93 53
93 57
93 61
93 62
93 68
93 76
93 79
93 86
93 88
93 99
93 100
93 106
93 107
93 108
93 109
93 120
93 122
93 123
93 127
94 3
94 15
94 17
94 19
94 23
94 29
94 30
94 32
94 45
94 48
94 53
94 56
94 61
94 74
94 80
94 82
94 86
94 90
94 91
94 92
94 97
94 100
94 104
94 105
94 107
94 109
94 110
94 112
94 118
94 122
95 0
95 1
95 4
95 7
95 12
95 13
95 16
95 20
95 23
95 25
95 29
95 32
95 33
95 35
95 36
95 40
95 41
95 44
95 48
95 54
95 57
95 58
95 63
95 64
95 73
95 82
95 83
95 90
95 91
95 93
95 96
95 97
95 98
95 100
95 103
95 112
95 114
95 117
95 120
95 121
95 123
95 125
95 126
96 4
96 5
96 13
96 22
96 23
96 24
96 29
96 31
96 35
96 38
96 49
96 57
96 58
96 60
96 69
96 71
96 73
96 78
96 79
96 81
96 82
96 91
96 97
96 98
96 99
96 100
96 101
96 103
96 109
96 115
96 117
96 119
97 0
97 2
97 10
97 12
97 14
97 15
97 16
97 23
97 28
97 30
97 35
97 43
97 51
97 53
97 55
97 57
97 58
97 59
97 66
97 67
97 69
97 70
97 74
97 75
97 81
97 85
97 86
97 89
97 92
97 95
97 96
97 97
97 99
97 106
97 107
97 108
97 112
97 116
97 117
97 120
97 123
97 124
97 125
98 3
98 8
98 9
98 12
98 15
98 16
98 17
98 22
98 23
98 24
98 28
98 29
98 30
98 33
98 34
98 36
98 46
98 47
98 52
98 55
98 60
98 63
98 64
98 66
98 68
98 69
98 70
98 71
98 72
98 73
98 80
98 82
98 84
98 85
98 87
98 92
98 100
98 105
98 106
98 107
98 109
98 115
98 121
98 127
99 0
99 7
99 12
99 16
99 21
99 25
99 26
99 36
99 40
99 47
99 49
99 54
99 55
99 66
99 67
99 72
99 73
99 74
99 77
99 80
99 84
99 85
99 92
99 95
99 96
99 97
99 99
99 100
99 102
99 109
99 112
99 115
99 116
99 118
99 122
99 123
99 126
99 127
100 0
100 7
100 10
100 11
100 12
100 14
100 15
100 16
100 17
100 19
100 21
100 23
100 24
100 31
100 32
100 33
100 36
100 37
100 41
100 45
100 52
100 59
100 62
100 69
100 71
100 73
100 74
100 76
100 78
100 80
100 81
100 83
100 84
100 88
100 90
100 92
100 93
100 94
100 103
100 107
100 108
100 110
100 112
100 114
100 119
100 120
100 121
100 122
100 123
100 125
100 127
101 1
101 3
101 8
101 9
101 11
101 13
101 25
101 26
101 28
101 30
101 34
101 35
101 36
101 38
101 41
101 42
101 45
101 47
101 49
101 51
101 54
101 58
101 66
101 69
101 70
101 72
101 81
101 84
101 90
101 96
101 99
101 100
101 103
101 105
101 108
101 111
101 114
101 118
101 120
101 124
101 126
102 2
102 3
102 4
102 7
102 8
102 29
102 31
102 41
102 42
102 54
102 55
102 57
102 62
102 66
102 68
102 70
102 71
102 72
102 75
102 77
102 78
102 83
102 87
102 97
102 98
102 102
102 103
102 105
102 112
102 114
102 115
102 127
103 1
103 2
103 4
103 7
103 8
103 12
103 14
103 15
103 20
103 25
103 26
103 28
103 35
103 39
103 43
103 45
103 48
103 50
103 53
103 55
103 57
103 60
103 62
103 66
103 69
103 70
103 72
103 74
103 76
103 79
103 81
103 84
103 86
103 87
103 99
103 102
103 103
103 108
103 109
103 110
103 113
103 118
103 124
103 125
104 4
104 9
104 11
104 13
104 15
104 16
104 20
104 21
104 22
104 25
104 29
104 32
104 34
104 40
104 41
104 44
104 46
104 47
104 49
104 52
104 54
104 55
104 56
104 60
104 62
104 63
104 64
104 67
104 70
104 77
104 83
104 86
104 88
104 92
104 93
104 95
104 106
104 109
104 110
104 117
104 122
105 0
105 10
105 11
105 14
105 15
105 18
105 23
105 26
105 29
105 39
105 42
105 43
105 45
105 46
105 49
105 58
105 68
105 75
105 76
105 77
105 78
105 79
105 81
105 83
105 84
105 93
105 94
105 98
105 99
105 104
105 109
105 117
105 120
105 123
105 126
106 2
106 3
106 4
106 6
106 10
106 16
106 17
106 20
106 23
106 24
106 28
106 31
106 34
106 35
106 38
106 39
106 40
106 43
106 46
106 49
106 59
106 65
106 71
106 74
106 76
106 83
106 86
106 91
106 92
106 93
106 97
106 99
106 103
106 106
106 108
106 110
106 116
106 118
106 120
106 121
107 2
107 8
107 10
107 11
107 17
107 21
107 31
107 33
107 35
107 37
107 38
107 39
107 40
107 43
107 44
107 46
107 49
107 55
107 56
107 57
107 59
107 66
107 68
107 69
107 70
107 72
107 73
107 74
107 78
107 79
107 80
107 84
107 85
107 86
107 95
107 97
107 109
107 110
107 114
107 116
107 120
107 121
108 0
108 3
108 4
108 5
108 6
108 8
108 11
108 12
108 15
108 22
108 45
108 51
108 55
108 68
108 73
108 76
108 79
108 80
108 83
108 84
108 87
108 91
108 92
108 93
108 96
108 98
108 104
108 107
108 108
108 109
108 110
108 112
108 116
108 120
108 121
108 126
109 0
109 2
109 3
109 6
109 7
109 10
109 12
109 13
109 14
109 15
109 18
109 29
109 32
109 33
109 34
109 35
109 41
109 43
109 47
109 49
109 50
109 52
109 58
109 63
109 72
109 75
109 82
109 87
109 94
109 99
109 103
109 106
109 110
109 111
109 114
109 118
109 120
109 124
110 0
110 2
110 9
110 15
110 18
110 19
110 25
110 27
110 30
110 31
110 32
110 33
110 35
110 39
110 42
110 46
110 47
110 51
110 52
110 55
110 56
110 63
110 64
110 65
110 66
110 67
110 68
110 69
110 70
110 72
110 73
110 75
110 87
110 90
110 91
110 93
110 95
110 96
110 99
110 103
110 104
110 105
110 107
110 111
110 113
110 116
110 124
111 1
111 2
111 7
111 17
111 20
111 24
111 26
111 27
111 28
111 30
111 32
111 33
111 36
111 37
111 51
111 52
111 53
111 59
111 60
111 70
111 73
111 77
111 83
111 84
111 85
111 91
111 95
111 96
111 97
111 102
111 106
111 107
111 108
111 111
111 116
111 117
111 119
111 124
111 125
111 127
112 1
112 2
112 4
112 8
112 9
112 10
112 14
112 18
112 21
112 22
112 23
112 31
112 32
112 39
112 40
112 43
112 44
112 45
112 46
112 47
112 49
112 50
112 51
112 55
112 57
112 58
112 60
112 65
112 66
112 70
112 72
112 73
112 74
112 83
112 84
112 87
112 88
112 98
112 99
112 101
112 103
112 106
112 110
112 116
112 119
112 120
112 121
112 123
112 125
112 126
113 1
113 4
113 13
113 16
113 18
113 21
113 25
113 34
113 35
113 36
113 37
113 39
113 40
113 42
113 48
113 50
113 51
113 57
113 62
113 63
113 64
113 65
113 68
113 69
113 70
113 72
113 73
113 77
113 84
113 86
113 94
113 98
113 99
113 103
113 104
113 105
113 106
113 109
113 113
113 116
113 117
113 120
113 125
114 0
114 7
114 12
114 26
114 30
114 32
114 34
114 35
114 37
114 49
114 53
114 54
114 56
114 58
114 60
114 61
114 63
114 65
114 66
114 72
114 74
114 83
114 85
114 89
114 91
114 106
114 107
114 109
114 110
114 111
114 113
114 115
114 124
115 1
115 2
115 3
115 11
115 13
115 15
115 19
115 20
115 24
115 25
115 28
115 30
115 33
115 34
115 35
115 36
115 38
115 42
115 43
115 44
115 46
115 47
115 48
115 49
115 50
115 52
115 55
115 57
115 59
115 68
115 71
115 74
115 79
115 80
115 84
115 86
115 89
115 90
115 91
115 98
115 103
115 107
115 109
115 112
115 114
115 117
115 121
115 127
116 5
116 6
116 7
116 10
116 17
116 19
116 24
116 25
116 27
116 30
116 33
116 44
116 46
116 47
116 50
116 53
116 55
116 57
116 58
116 62
116 68
116 74
116 76
116 81
116 82
116 89
116 97
116 98
116 101
116 102
116 105
116 106
116 117
116 119
116 120
116 124
117 0
117 2
117 9
117 14
117 16
117 22
117 23
117 31
117 33
117 38
117 40
117 43
117 46
117 49
117 53
117 59
117 62
117 69
117 73
117 76
117 84
117 85
117 87
117 90
117 92
117 94
117 107
117 108
117 109
117 112
117 115
117 116
117 118
117 121
117 127
118 1
118 4
118 11
118 18
118 21
118 23
118 24
118 25
118 27
118 28
118 30
118 31
118 33
118 35
118 41
118 44
118 52
118 55
118 56
118 61
118 64
118 70
118 76
118 77
118 80
118 85
118 87
118 90
118 91
118 95
118 96
118 101
118 102
118 106
118 109
118 113
118 123
119 7
119 9
119 10
119 15
119 16
119 17
119 30
119 36
119 39
119 41
119 45
119 48
119 49
119 51
119 54
119 56
119 63
119 64
119 66
119 68
119 71
119 75
119 79
119 87
119 89
119 90
119 92
119 94
119 95
119 98
119 104
119 112
119 114
119 117
120 0
120 3
120 4
120 7
120 11
120 12
120 13
120 14
120 24
120 26
120 27
120 38
120 39
120 41
120 43
120 44
120 48
120 49
120 50
120 52
120 55
120 57
120 69
120 71
120 73
120 77
120 78
120 81
120 84
120 86
120 88
120 94
120 95
120 96
120 97
120 99
120 100
120 101
120 108
120 115
120 121
120 122
120 126
121 1
121 3
121 5
121 8
121 9
121 15
121 18
121 22
121 28
121 29
121 31
121 33
121 38
121 46
121 56
121 61
121 63
121 66
121 70
121 71
121 77
121 78
121 79
121 81
121 83
121 84
121 87
121 91
121 92
121 97
121 100
121 102
121 108
121 114
121 115
121 120
121 121
122 7
122 18
122 24
122 27
122 29
122 30
122 36
122 37
122 38
122 46
122 54
122 55
122 57
122 59
122 62
122 65
122 67
122 68
122 70
122 73
122 82
122 85
122 86
122 89
122 93
122 95
122 100
122 101
122 102
122 104
122 111
122 112
122 122
123 2
123 3
123 6
123 7
123 13
123 14
123 19
123 30
123 37
123 38
123 40
123 42
123 43
123 44
123 51
123 52
123 54
123 57
123 60
123 61
123 64
123 66
123 67
123 68
123 74
123 75
123 84
123 88
123 92
123 94
123 96
123 97
123 106
123 108
123 111
123 114
123 117
123 123
123 124
123 127
124 0
124 3
124 5
124 8
124 11
124 12
124 15
124 19
124 21
124 27
124 31
124 33
124 39
124 41
124 46
124 47
124 48
124 52
124 59
124 60
124 65
124 66
124 67
124 69
124 70
124 72
124 75
124 76
124 78
124 79
124 80
124 82
124 84
124 87
124 90
124 99
124 101
124 107
124 111
124 112
124 113
124 115
124 117
124 118
124 119
124 120
124 122
124 124
124 125
124 126
124 127
125 9
125 11
125 18
125 20
125 23
125 24
125 28
125 33
125 39
125 47
125 54
125 55
125 56
125 57
125 65
125 70
125 82
125 85
125 86
125 87
125 96
125 98
125 109
125 110
125 112
125 118
125 119
125 120
125 121
125 123
125 124
125 126
126 2
126 6
126 10
126 12
126 14
126 19
126 21
126 35
126 41
126 43
126 47
126 48
126 51
126 52
126 53
126 60
126 61
126 64
126 66
126 67
126 70
126 71
126 75
126 83
126 89
126 91
126 93
126 94
126 97
126 101
126 102
126 109
126 112
126 113
126 116
126 120
126 121
126 123
126 125
127 1
127 8
127 9
127 11
127 15
127 21
127 22
127 24
127 30
127 36
127 40
127 41
127 45
127 47
127 49
127 50
127 51
127 52
127 56
127 58
127 59
127 61
127 64
127 65
127 71
127 73
127 75
127 76
127 80
127 81
127 83
127 84
127 87
127 88
127 89
127 92
127 95
127 103
127 105
127 106
127 113
127 119
127 127
