0 97
1 45
1 66
1 92
2 111
2 114
2 126
3 14
3 21
3 70
3 118
3 119
4 10
4 43
4 62
5 68
5 88
5 89
5 100
5 120
6 31
6 51
6 77
7 92
7 125
8 26
8 111
8 116
8 123
9 2
9 55
9 59
9 62
9 78
9 87
9 109
9 112
10 60
10 77
10 95
11 1
11 48
11 54
11 62
12 1
12 5
12 6
12 30
12 54
12 74
13 2
13 52
13 111
15 5
15 63
15 70
15 99
15 108
15 121
16 43
16 48
16 50
16 112
17 37
17 56
17 77
17 80
18 2
18 4
18 22
18 45
18 69
18 111
19 13
19 23
19 29
19 119
20 55
20 59
20 97
20 112
21 1
21 2
21 6
21 32
21 95
22 8
22 66
22 72
22 80
22 89
22 92
22 102
22 103
23 36
23 88
23 116
24 23
24 121
24 125
25 5
25 11
25 29
25 76
25 91
25 110
26 43
26 44
26 60
26 73
26 106
27 16
27 59
27 98
27 99
28 8
28 19
28 40
28 84
28 93
29 42
29 109
29 118
29 124
30 3
30 9
30 26
30 44
30 126
31 28
31 46
31 51
31 64
31 79
31 93
32 17
32 42
32 74
32 126
33 2
33 25
33 52
34 4
34 82
34 87
35 19
35 89
35 95
35 118
35 120
36 33
36 53
36 68
37 0
37 29
37 35
37 39
37 46
37 50
38 1
38 8
38 26
38 67
38 88
38 113
39 16
39 24
39 61
39 74
39 83
39 124
40 3
40 70
40 114
41 60
41 71
41 81
42 27
42 94
42 98
43 53
43 66
43 104
44 5
44 26
45 19
45 72
45 93
45 105
45 107
46 0
46 40
46 47
47 34
47 48
48 35
48 36
48 102
49 59
49 60
49 109
51 12
51 92
51 105
51 124
52 7
52 14
52 31
52 39
52 44
52 62
52 102
53 79
53 107
54 92
54 98
54 116
55 31
56 3
56 44
56 59
56 89
56 101
56 117
57 3
57 17
57 35
57 64
57 68
57 89
57 102
58 27
58 106
59 8
59 49
59 50
59 70
59 71
59 94
59 117
60 7
60 12
60 16
60 49
61 18
61 28
61 48
61 101
62 1
62 57
62 102
62 112
62 118
63 14
63 28
63 77
63 86
63 90
63 98
63 106
64 70
64 114
65 8
65 21
65 23
65 25
65 37
65 88
65 99
66 40
66 82
66 84
67 24
67 65
67 101
67 119
68 78
68 98
68 117
69 85
69 92
69 119
70 52
70 59
70 126
71 25
71 90
72 39
72 89
72 91
72 118
72 122
72 126
73 68
73 102
74 0
74 96
75 65
75 69
75 82
75 119
75 122
76 14
76 41
76 66
76 68
76 73
76 109
77 37
77 38
77 70
77 84
78 7
78 19
79 30
79 32
79 70
79 82
80 3
80 23
80 59
80 61
80 91
80 99
81 114
81 122
82 7
82 16
82 24
82 34
83 22
83 72
83 94
84 32
84 33
84 40
84 61
85 5
85 14
85 15
85 32
85 43
85 71
85 90
85 111
86 0
86 25
86 61
86 69
86 70
86 120
87 15
87 58
87 75
87 87
87 124
88 2
88 12
88 48
88 49
88 91
88 110
88 118
89 43
89 45
89 77
89 84
89 86
89 119
90 44
91 49
91 68
92 37
92 115
93 22
93 43
93 67
94 19
94 39
94 42
95 127
96 4
96 23
96 38
96 70
96 118
96 125
99 18
99 54
99 69
99 105
99 123
100 24
100 34
101 55
101 88
101 109
101 123
102 39
102 98
102 100
102 122
103 28
103 35
103 55
103 72
103 83
103 118
104 20
104 66
104 67
104 69
104 100
104 109
104 120
105 65
105 67
105 95
106 22
106 76
106 80
107 9
108 26
108 69
109 7
109 18
109 22
109 68
109 78
110 74
110 75
110 76
110 94
110 121
111 10
111 37
111 74
111 89
111 98
111 113
112 74
112 123
113 5
113 9
113 55
113 84
113 110
113 116
113 125
114 17
114 21
114 27
114 52
114 73
114 80
114 97
114 102
115 32
115 37
115 50
115 71
115 76
115 81
115 100
115 103
115 117
115 123
116 10
116 13
116 108
117 50
118 0
118 30
118 39
118 118
119 43
119 92
120 63
120 67
120 79
120 124
121 35
121 57
121 61
121 113
122 49
122 76
122 98
123 27
123 59
123 67
123 115
124 2
124 101
125 53
125 100
126 53
126 75
126 120
127 94
