0 1
0 2
0 3
0 4
0 7
0 9
0 10
0 11
0 15
0 17
0 20
0 31
0 34
0 41
0 42
0 45
0 46
0 47
0 49
0 52
0 64
0 66
0 78
0 82
0 84
0 89
0 91
0 93
0 114
0 118
0 119
0 124
0 126
1 0
1 2
1 3
1 7
1 9
1 10
1 11
1 13
1 16
1 17
1 18
1 19
1 24
1 25
1 34
1 39
1 44
1 45
1 50
1 60
1 61
1 64
1 65
1 70
1 75
1 82
1 88
1 90
1 95
1 96
1 100
1 101
1 102
1 105
1 106
1 107
1 113
1 115
2 0
2 1
2 2
2 4
2 5
2 6
2 12
2 13
2 20
2 30
2 31
2 33
2 35
2 40
2 43
2 44
2 48
2 49
2 53
2 54
2 55
2 57
2 62
2 64
2 66
2 68
2 71
2 72
2 73
2 83
2 84
2 85
2 86
2 87
2 89
2 94
2 95
2 101
2 102
2 105
2 106
2 108
2 109
2 111
2 117
2 118
2 120
2 121
2 124
2 125
3 2
3 3
3 7
3 11
3 15
3 19
3 25
3 26
3 27
3 29
3 30
3 33
3 36
3 38
3 47
3 51
3 55
3 63
3 66
3 69
3 72
3 76
3 77
3 79
3 83
3 86
3 87
3 89
3 95
3 97
3 99
3 101
3 102
3 104
3 106
3 107
3 108
3 110
3 111
3 118
3 125
4 4
4 8
4 9
4 11
4 12
4 16
4 17
4 19
4 23
4 24
4 27
4 29
4 37
4 39
4 40
4 44
4 52
4 53
4 56
4 60
4 67
4 68
4 69
4 70
4 78
4 86
4 87
4 88
4 91
4 93
4 103
4 104
4 105
4 107
4 110
4 111
4 115
4 116
4 117
4 121
4 123
4 124
4 125
4 126
4 127
5 3
5 4
5 7
5 11
5 12
5 16
5 18
5 23
5 29
5 32
5 33
5 35
5 36
5 37
5 38
5 41
5 42
5 45
5 49
5 54
5 55
5 61
5 68
5 76
5 77
5 78
5 79
5 83
5 84
5 95
5 102
5 103
5 105
5 106
5 107
5 108
5 114
5 119
5 120
5 125
6 4
6 7
6 16
6 18
6 19
6 27
6 29
6 30
6 32
6 33
6 36
6 41
6 45
6 46
6 53
6 55
6 58
6 62
6 64
6 68
6 72
6 76
6 82
6 83
6 87
6 89
6 93
6 95
6 102
6 103
6 106
6 107
6 108
6 110
6 117
6 121
6 124
7 2
7 3
7 9
7 16
7 28
7 35
7 41
7 42
7 49
7 54
7 57
7 58
7 59
7 68
7 69
7 71
7 80
7 82
7 84
7 89
7 90
7 95
7 102
7 108
7 109
7 114
7 119
7 120
8 0
8 4
8 9
8 10
8 13
8 15
8 16
8 18
8 28
8 31
8 33
8 36
8 39
8 42
8 45
8 48
8 49
8 51
8 53
8 56
8 57
8 58
8 63
8 65
8 74
8 77
8 83
8 84
8 90
8 98
8 101
8 110
8 111
8 117
8 119
8 120
8 121
9 7
9 8
9 9
9 13
9 14
9 15
9 17
9 19
9 24
9 28
9 29
9 33
9 34
9 36
9 37
9 41
9 42
9 46
9 49
9 50
9 56
9 57
9 59
9 61
9 65
9 69
9 70
9 71
9 72
9 75
9 77
9 80
9 82
9 88
9 91
9 95
9 96
9 98
9 100
9 103
9 104
9 113
9 118
9 121
10 5
10 6
10 7
10 12
10 13
10 15
10 16
10 17
10 18
10 19
10 22
10 23
10 34
10 36
10 43
10 44
10 46
10 47
10 52
10 56
10 58
10 59
10 62
10 63
10 66
10 70
10 74
10 76
10 77
10 81
10 87
10 95
10 100
10 101
10 104
10 106
10 108
10 123
10 124
11 2
11 4
11 6
11 12
11 17
11 23
11 25
11 27
11 29
11 36
11 45
11 47
11 49
11 51
11 54
11 55
11 57
11 59
11 63
11 64
11 65
11 66
11 70
11 73
11 75
11 79
11 82
11 85
11 88
11 91
11 92
11 95
11 97
11 100
11 101
11 104
11 107
11 115
11 118
11 120
11 126
11 127
12 10
12 12
12 13
12 17
12 24
12 29
12 30
12 31
12 33
12 36
12 41
12 46
12 49
12 50
12 51
12 53
12 55
12 62
12 68
12 70
12 71
12 73
12 77
12 81
12 82
12 84
12 85
12 87
12 88
12 93
12 95
12 96
12 102
12 105
12 109
12 113
12 115
12 116
12 117
12 118
12 122
12 123
12 125
13 1
13 7
13 10
13 12
13 13
13 17
13 22
13 23
13 25
13 28
13 33
13 38
13 40
13 42
13 45
13 46
13 48
13 49
13 56
13 61
13 62
13 68
13 70
13 71
13 73
13 75
13 76
13 82
13 83
13 85
13 87
13 88
13 90
13 94
13 95
13 99
13 100
13 101
13 104
13 108
13 109
13 110
13 113
13 115
13 121
14 1
14 12
14 16
14 17
14 26
14 31
14 35
14 40
14 46
14 47
14 54
14 55
14 57
14 60
14 65
14 66
14 68
14 74
14 76
14 80
14 82
14 84
14 92
14 94
14 95
14 96
14 100
14 101
14 104
14 105
14 110
14 112
14 118
14 121
14 122
14 124
14 126
15 2
15 4
15 6
15 11
15 12
15 32
15 38
15 39
15 41
15 45
15 47
15 51
15 62
15 63
15 67
15 75
15 76
15 80
15 82
15 83
15 85
15 88
15 91
15 95
15 100
15 103
15 106
15 110
15 111
15 112
15 114
15 123
15 124
15 125
15 126
16 7
16 8
16 9
16 21
16 26
16 29
16 30
16 32
16 36
16 39
16 46
16 52
16 58
16 63
16 67
16 73
16 81
16 82
16 83
16 85
16 91
16 92
16 95
16 99
16 101
16 110
16 111
16 117
16 121
16 125
17 7
17 11
17 13
17 14
17 17
17 26
17 29
17 34
17 36
17 37
17 39
17 43
17 45
17 47
17 54
17 55
17 59
17 62
17 70
17 80
17 88
17 89
17 98
17 102
17 108
17 114
17 116
17 117
17 118
17 120
18 0
18 1
18 2
18 3
18 5
18 7
18 8
18 14
18 15
18 23
18 25
18 32
18 34
18 35
18 36
18 37
18 40
18 43
18 44
18 45
18 49
18 54
18 59
18 60
18 61
18 63
18 65
18 67
18 68
18 70
18 78
18 87
18 90
18 105
18 108
18 111
18 113
18 116
18 122
18 125
19 1
19 3
19 9
19 11
19 22
19 25
19 30
19 31
19 32
19 34
19 35
19 38
19 40
19 41
19 44
19 47
19 50
19 52
19 54
19 58
19 68
19 70
19 71
19 83
19 89
19 90
19 92
19 96
19 97
19 100
19 102
19 104
19 107
19 112
19 115
19 124
20 0
20 2
20 4
20 5
20 9
20 10
20 13
20 23
20 25
20 26
20 28
20 30
20 32
20 34
20 35
20 44
20 47
20 48
20 51
20 52
20 53
20 55
20 57
20 61
20 63
20 64
20 66
20 68
20 71
20 72
20 78
20 82
20 83
20 84
20 90
20 91
20 92
20 93
20 98
20 99
20 100
20 101
20 104
20 105
20 111
20 113
20 115
20 118
20 122
21 1
21 6
21 7
21 8
21 10
21 11
21 13
21 18
21 21
21 31
21 36
21 38
21 42
21 43
21 48
21 53
21 54
21 62
21 63
21 64
21 65
21 66
21 69
21 70
21 71
21 75
21 76
21 78
21 83
21 85
21 88
21 93
21 98
21 107
21 110
21 113
21 116
21 123
21 126
21 127
22 0
22 2
22 8
22 10
22 14
22 15
22 28
22 30
22 37
22 38
22 40
22 50
22 52
22 56
22 57
22 59
22 71
22 74
22 76
22 77
22 78
22 84
22 85
22 89
22 90
22 99
22 100
22 102
22 103
22 104
22 111
22 112
22 114
22 117
22 118
22 121
22 124
22 125
22 126
22 127
23 0
23 2
23 5
23 7
23 11
23 13
23 16
23 20
23 22
23 25
23 28
23 31
23 35
23 36
23 37
23 38
23 39
23 40
23 43
23 44
23 46
23 56
23 59
23 73
23 76
23 80
23 95
23 96
23 99
23 106
23 108
23 111
23 112
23 114
23 116
23 118
23 119
23 124
24 0
24 4
24 9
24 10
24 11
24 15
24 19
24 21
24 26
24 31
24 40
24 43
24 45
24 62
24 63
24 65
24 67
24 69
24 72
24 74
24 76
24 78
24 79
24 83
24 84
24 89
24 90
24 93
24 99
24 100
24 104
24 105
24 107
24 116
24 125
24 127
25 0
25 5
25 6
25 12
25 22
25 24
25 28
25 29
25 33
25 34
25 37
25 39
25 43
25 45
25 51
25 52
25 53
25 55
25 56
25 58
25 59
25 61
25 63
25 64
25 72
25 73
25 74
25 76
25 81
25 83
25 84
25 90
25 93
25 94
25 95
25 96
25 101
25 105
25 108
25 109
25 110
25 112
25 113
25 114
25 118
26 0
26 2
26 4
26 5
26 10
26 23
26 26
26 27
26 28
26 35
26 43
26 47
26 53
26 57
26 61
26 65
26 72
26 76
26 77
26 80
26 81
26 83
26 89
26 91
26 93
26 97
26 102
26 105
26 107
26 108
26 109
26 110
26 112
26 113
26 115
26 116
26 118
26 119
26 123
27 0
27 1
27 4
27 5
27 6
27 11
27 17
27 19
27 24
27 25
27 27
27 29
27 30
27 37
27 44
27 45
27 47
27 48
27 51
27 52
27 54
27 55
27 57
27 59
27 62
27 64
27 65
27 68
27 70
27 71
27 72
27 76
27 78
27 84
27 86
27 101
27 103
27 104
27 118
27 120
27 123
27 127
28 2
28 7
28 8
28 10
28 12
28 17
28 21
28 23
28 25
28 26
28 27
28 28
28 29
28 31
28 35
28 38
28 42
28 46
28 50
28 51
28 52
28 54
28 59
28 60
28 61
28 65
28 66
28 74
28 75
28 78
28 80
28 81
28 82
28 86
28 93
28 97
28 101
28 106
28 112
28 113
28 116
28 118
29 1
29 2
29 7
29 11
29 12
29 19
29 21
29 23
29 24
29 25
29 31
29 32
29 34
29 36
29 39
29 44
29 51
29 58
29 59
29 66
29 70
29 79
29 86
29 87
29 91
29 95
29 97
29 99
29 100
29 103
29 105
29 106
29 107
29 112
29 122
29 123
29 124
29 125
30 2
30 6
30 9
30 10
30 13
30 15
30 18
30 20
30 25
30 26
30 28
30 30
30 35
30 36
30 43
30 50
30 54
30 60
30 63
30 64
30 65
30 66
30 68
30 70
30 73
30 80
30 100
30 102
30 106
30 107
30 109
30 111
30 112
30 120
30 122
30 126
31 2
31 4
31 5
31 16
31 20
31 21
31 24
31 29
31 30
31 44
31 45
31 49
31 54
31 60
31 62
31 63
31 68
31 73
31 77
31 86
31 88
31 89
31 91
31 93
31 94
31 96
31 100
31 101
31 102
31 105
31 109
31 112
31 117
31 121
31 126
32 2
32 4
32 5
32 7
32 11
32 15
32 21
32 27
32 31
32 47
32 50
32 51
32 52
32 60
32 73
32 75
32 77
32 79
32 86
32 89
32 90
32 97
32 100
32 102
32 105
32 107
32 111
32 114
32 116
32 117
32 118
32 122
32 123
33 1
33 5
33 6
33 8
33 12
33 14
33 20
33 24
33 29
33 33
33 34
33 35
33 36
33 39
33 55
33 56
33 58
33 60
33 61
33 62
33 67
33 68
33 69
33 72
33 85
33 87
33 90
33 97
33 102
33 107
33 115
33 117
33 118
33 121
33 122
33 124
34 0
34 5
34 7
34 10
34 15
34 16
34 17
34 19
34 21
34 24
34 25
34 31
34 32
34 34
34 35
34 38
34 39
34 41
34 43
34 44
34 45
34 49
34 51
34 52
34 53
34 55
34 59
34 66
34 69
34 71
34 76
34 77
34 83
34 84
34 85
34 90
34 94
34 95
34 96
34 101
34 102
34 107
34 111
34 112
34 114
34 117
34 126
35 1
35 4
35 7
35 11
35 16
35 18
35 21
35 24
35 26
35 30
35 33
35 42
35 44
35 50
35 57
35 58
35 60
35 61
35 64
35 71
35 75
35 76
35 78
35 84
35 85
35 87
35 89
35 92
35 93
35 99
35 100
35 103
35 109
35 110
35 116
35 117
35 120
35 123
35 125
36 0
36 7
36 8
36 10
36 12
36 18
36 22
36 25
36 28
36 30
36 31
36 36
36 37
36 38
36 40
36 43
36 44
36 46
36 48
36 50
36 51
36 53
36 57
36 62
36 63
36 64
36 68
36 69
36 75
36 77
36 80
36 87
36 90
36 91
36 92
36 100
36 103
36 107
36 109
36 117
36 118
36 121
37 5
37 6
37 7
37 8
37 9
37 10
37 11
37 15
37 19
37 21
37 29
37 31
37 33
37 34
37 38
37 40
37 43
37 44
37 45
37 48
37 52
37 56
37 58
37 61
37 62
37 67
37 68
37 74
37 77
37 81
37 83
37 86
37 91
37 99
37 103
37 106
37 110
37 115
37 117
37 121
37 123
38 10
38 19
38 22
38 23
38 27
38 28
38 29
38 30
38 32
38 36
38 47
38 48
38 56
38 57
38 62
38 65
38 66
38 67
38 71
38 86
38 90
38 92
38 93
38 98
38 108
38 111
38 112
38 114
38 115
38 121
38 125
38 126
39 1
39 3
39 12
39 14
39 18
39 27
39 28
39 37
39 42
39 44
39 46
39 49
39 51
39 56
39 58
39 59
39 60
39 63
39 64
39 66
39 69
39 71
39 73
39 83
39 85
39 93
39 97
39 98
39 102
39 104
39 107
39 112
39 117
39 119
40 0
40 1
40 9
40 20
40 24
40 29
40 35
40 36
40 40
40 43
40 45
40 53
40 63
40 68
40 71
40 73
40 74
40 79
40 80
40 83
40 84
40 85
40 92
40 98
40 99
40 100
40 107
40 108
40 109
40 110
40 113
40 114
40 116
40 118
40 125
41 0
41 3
41 4
41 5
41 6
41 7
41 9
41 11
41 13
41 14
41 20
41 22
41 25
41 27
41 31
41 36
41 38
41 42
41 43
41 45
41 47
41 50
41 53
41 55
41 58
41 59
41 60
41 61
41 63
41 66
41 71
41 73
41 74
41 76
41 78
41 83
41 91
41 99
41 105
41 106
41 107
41 110
41 113
41 114
41 116
41 124
41 127
42 0
42 2
42 9
42 11
42 14
42 16
42 20
42 21
42 22
42 25
42 29
42 43
42 55
42 56
42 57
42 60
42 62
42 64
42 65
42 71
42 72
42 79
42 80
42 85
42 86
42 88
42 91
42 92
42 95
42 99
42 102
42 104
42 110
42 113
42 122
42 124
42 126
43 2
43 5
43 6
43 10
43 12
43 14
43 15
43 16
43 18
43 19
43 24
43 30
43 34
43 43
43 46
43 48
43 49
43 51
43 52
43 53
43 60
43 66
43 69
43 71
43 72
43 77
43 79
43 87
43 92
43 101
43 109
43 112
43 119
43 120
43 123
43 124
43 126
43 127
44 2
44 5
44 7
44 10
44 12
44 13
44 14
44 15
44 16
44 17
44 18
44 20
44 28
44 31
44 36
44 38
44 47
44 54
44 58
44 59
44 61
44 63
44 64
44 68
44 73
44 80
44 82
44 88
44 89
44 91
44 92
44 94
44 95
44 100
44 102
44 115
44 116
44 117
44 120
44 126
44 127
45 10
45 11
45 17
45 19
45 22
45 28
45 29
45 30
45 36
45 39
45 48
45 52
45 57
45 61
45 62
45 65
45 66
45 70
45 71
45 73
45 74
45 77
45 82
45 86
45 89
45 92
45 93
45 94
45 95
45 96
45 100
45 102
45 114
45 115
45 117
45 125
45 127
46 1
46 3
46 6
46 8
46 17
46 20
46 22
46 25
46 30
46 31
46 32
46 33
46 36
46 42
46 45
46 47
46 48
46 57
46 59
46 63
46 64
46 66
46 67
46 70
46 71
46 72
46 73
46 74
46 79
46 85
46 99
46 101
46 105
46 108
46 110
46 112
46 116
46 118
46 122
46 127
47 2
47 16
47 21
47 22
47 26
47 27
47 32
47 34
47 37
47 42
47 46
47 50
47 56
47 57
47 60
47 61
47 63
47 64
47 65
47 70
47 71
47 73
47 83
47 97
47 106
47 109
47 112
47 115
47 118
47 120
47 125
47 127
48 0
48 3
48 11
48 13
48 20
48 22
48 24
48 28
48 31
48 38
48 45
48 47
48 48
48 50
48 55
48 61
48 62
48 66
48 68
48 71
48 72
48 76
48 80
48 85
48 88
48 90
48 91
48 92
48 105
48 106
48 109
48 114
48 118
48 119
48 120
48 123
48 126
48 127
49 1
49 5
49 8
49 11
49 12
49 15
49 16
49 20
49 22
49 23
49 29
49 33
49 37
49 44
49 46
49 50
49 51
49 53
49 56
49 58
49 60
49 67
49 70
49 76
49 77
49 80
49 83
49 91
49 92
49 93
49 97
49 107
49 115
49 120
49 122
49 124
49 126
50 0
50 1
50 2
50 3
50 8
50 12
50 15
50 16
50 17
50 33
50 36
50 41
50 42
50 45
50 46
50 50
50 52
50 53
50 56
50 59
50 63
50 65
50 66
50 69
50 71
50 74
50 75
50 79
50 83
50 92
50 93
50 99
50 102
50 108
50 111
50 112
50 118
51 1
51 4
51 16
51 22
51 28
51 29
51 33
51 35
51 36
51 40
51 46
51 50
51 59
51 60
51 61
51 65
51 66
51 68
51 71
51 72
51 76
51 77
51 80
51 83
51 84
51 87
51 88
51 90
51 94
51 96
51 105
51 112
51 113
51 116
51 119
51 127
52 2
52 6
52 9
52 13
52 15
52 16
52 17
52 19
52 20
52 21
52 31
52 35
52 36
52 41
52 46
52 50
52 52
52 74
52 75
52 80
52 82
52 85
52 86
52 93
52 96
52 97
52 104
52 107
52 112
52 116
53 0
53 10
53 11
53 12
53 17
53 22
53 23
53 26
53 28
53 29
53 33
53 38
53 45
53 49
53 51
53 52
53 53
53 55
53 61
53 62
53 64
53 67
53 69
53 73
53 78
53 79
53 82
53 84
53 92
53 95
53 96
53 99
53 108
53 110
53 113
53 116
53 117
53 121
53 122
53 126
54 0
54 4
54 9
54 10
54 11
54 15
54 18
54 26
54 28
54 33
54 36
54 37
54 40
54 42
54 44
54 45
54 52
54 54
54 57
54 61
54 62
54 64
54 68
54 69
54 71
54 73
54 74
54 79
54 81
54 83
54 89
54 90
54 91
54 98
54 103
54 110
54 114
54 115
54 118
54 119
54 121
54 122
54 125
54 126
55 1
55 3
55 4
55 5
55 6
55 9
55 13
55 16
55 17
55 18
55 27
55 30
55 31
55 33
55 34
55 38
55 40
55 43
55 45
55 46
55 48
55 49
55 52
55 53
55 55
55 57
55 59
55 67
55 68
55 73
55 74
55 75
55 76
55 78
55 81
55 82
55 83
55 87
55 88
55 89
55 92
55 93
55 94
55 99
55 103
55 105
55 106
55 110
55 117
55 118
55 119
55 122
55 123
55 124
55 125
55 126
55 127
56 1
56 2
56 6
56 12
56 16
56 23
56 25
56 28
56 37
56 38
56 45
56 52
56 58
56 64
56 65
56 70
56 74
56 75
56 80
56 81
56 83
56 84
56 86
56 89
56 92
56 93
56 95
56 96
56 97
56 109
56 115
56 116
56 117
56 123
56 124
56 125
56 126
57 10
57 11
57 13
57 20
57 21
57 23
57 24
57 25
57 35
57 37
57 38
57 39
57 43
57 45
57 49
57 51
57 52
57 55
57 59
57 61
57 63
57 66
57 71
57 72
57 77
57 80
57 86
57 88
57 90
57 93
57 96
57 98
57 99
57 104
57 106
57 107
57 110
57 112
57 120
57 122
57 127
58 0
58 7
58 13
58 15
58 24
58 25
58 34
58 45
58 46
58 49
58 50
58 51
58 53
58 60
58 64
58 65
58 66
58 71
58 77
58 78
58 80
58 81
58 83
58 84
58 91
58 94
58 103
58 110
58 114
58 121
58 123
58 124
59 4
59 5
59 9
59 11
59 12
59 13
59 22
59 27
59 30
59 46
59 47
59 57
59 68
59 73
59 75
59 77
59 78
59 82
59 84
59 91
59 92
59 99
59 100
59 102
59 103
59 112
59 117
59 120
59 121
59 127
60 7
60 8
60 9
60 11
60 17
60 18
60 19
60 20
60 22
60 26
60 30
60 36
60 37
60 38
60 40
60 42
60 46
60 52
60 53
60 57
60 64
60 65
60 66
60 67
60 69
60 70
60 77
60 80
60 85
60 86
60 89
60 90
60 92
60 99
60 100
60 101
60 102
60 106
60 110
60 111
60 114
60 121
60 123
60 124
60 126
61 1
61 6
61 7
61 11
61 15
61 18
61 20
61 22
61 23
61 24
61 26
61 33
61 38
61 39
61 43
61 53
61 55
61 58
61 59
61 64
61 73
61 76
61 77
61 81
61 82
61 95
61 97
61 100
61 101
61 102
61 103
61 106
61 107
61 110
61 113
61 114
61 115
61 117
61 119
61 120
61 124
61 126
61 127
62 5
62 6
62 8
62 9
62 10
62 11
62 17
62 18
62 22
62 23
62 26
62 28
62 33
62 34
62 35
62 36
62 46
62 50
62 56
62 57
62 58
62 59
62 63
62 65
62 66
62 67
62 68
62 73
62 74
62 81
62 85
62 86
62 92
62 93
62 96
62 113
62 120
62 126
62 127
63 2
63 3
63 13
63 16
63 17
63 18
63 20
63 23
63 30
63 31
63 34
63 39
63 40
63 44
63 51
63 52
63 55
63 57
63 58
63 62
63 68
63 77
63 79
63 80
63 84
63 93
63 96
63 97
63 99
63 106
63 111
63 113
63 124
64 0
64 1
64 3
64 5
64 19
64 21
64 26
64 27
64 35
64 36
64 39
64 40
64 42
64 44
64 48
64 49
64 50
64 55
64 56
64 57
64 59
64 62
64 66
64 79
64 80
64 81
64 84
64 85
64 89
64 91
64 95
64 96
64 98
64 99
64 101
64 102
64 104
64 106
64 110
64 113
64 114
64 115
64 119
64 121
64 124
64 125
64 127
65 1
65 11
65 14
65 16
65 21
65 23
65 25
65 29
65 32
65 33
65 36
65 42
65 43
65 47
65 50
65 52
65 59
65 62
65 64
65 67
65 82
65 88
65 93
65 99
65 103
65 104
65 106
65 116
65 120
65 126
66 5
66 8
66 12
66 13
66 14
66 17
66 23
66 24
66 33
66 35
66 38
66 39
66 40
66 46
66 50
66 51
66 52
66 53
66 55
66 59
66 66
66 70
66 71
66 73
66 75
66 77
66 81
66 83
66 84
66 85
66 86
66 90
66 92
66 96
66 98
66 102
66 107
66 111
66 113
66 115
66 116
66 117
66 119
66 120
66 122
66 124
66 126
67 2
67 10
67 14
67 16
67 19
67 21
67 24
67 30
67 45
67 50
67 51
67 59
67 60
67 61
67 63
67 64
67 66
67 68
67 69
67 72
67 74
67 76
67 80
67 81
67 85
67 87
67 91
67 94
67 97
67 99
67 108
67 111
67 112
67 114
67 116
67 119
67 120
67 121
67 123
67 127
68 6
68 8
68 10
68 11
68 22
68 25
68 34
68 38
68 41
68 44
68 49
68 51
68 61
68 64
68 65
68 69
68 70
68 71
68 78
68 84
68 86
68 88
68 89
68 92
68 94
68 95
68 99
68 101
68 107
68 109
68 113
68 114
68 116
68 117
68 118
68 119
68 124
68 125
69 10
69 17
69 20
69 22
69 26
69 27
69 29
69 30
69 31
69 36
69 46
69 49
69 50
69 54
69 55
69 57
69 62
69 65
69 66
69 67
69 70
69 72
69 76
69 79
69 80
69 84
69 92
69 95
69 96
69 100
69 102
69 105
69 106
69 109
69 112
69 113
69 114
69 117
69 124
69 126
70 2
70 5
70 7
70 12
70 17
70 20
70 21
70 24
70 26
70 39
70 40
70 41
70 45
70 52
70 62
70 64
70 67
70 69
70 72
70 73
70 75
70 76
70 85
70 86
70 90
70 96
70 101
70 107
70 108
70 110
70 115
70 117
70 121
70 122
70 124
71 9
71 16
71 18
71 19
71 23
71 24
71 25
71 33
71 37
71 47
71 48
71 50
71 55
71 64
71 66
71 69
71 70
71 74
71 79
71 81
71 87
71 89
71 91
71 93
71 94
71 97
71 99
71 100
71 104
71 105
71 108
71 113
71 115
71 119
71 122
71 123
71 124
71 125
71 126
72 0
72 8
72 9
72 10
72 16
72 19
72 20
72 22
72 30
72 31
72 33
72 40
72 42
72 52
72 55
72 56
72 60
72 64
72 65
72 72
72 73
72 74
72 79
72 84
72 90
72 93
72 98
72 99
72 102
72 106
72 114
72 117
72 119
72 120
72 125
72 126
73 7
73 10
73 16
73 18
73 27
73 33
73 44
73 46
73 47
73 49
73 64
73 69
73 71
73 72
73 75
73 76
73 81
73 86
73 88
73 89
73 90
73 92
73 94
73 95
73 96
73 99
73 108
73 109
73 111
73 115
73 119
73 121
73 125
74 0
74 1
74 3
74 4
74 8
74 10
74 14
74 19
74 21
74 22
74 23
74 24
74 26
74 28
74 29
74 33
74 34
74 35
74 40
74 46
74 47
74 48
74 49
74 53
74 54
74 60
74 61
74 72
74 80
74 83
74 86
74 87
74 99
74 106
74 108
74 109
74 112
74 115
74 118
74 121
74 123
74 126
75 3
75 8
75 10
75 15
75 19
75 20
75 23
75 27
75 30
75 35
75 38
75 39
75 47
75 48
75 54
75 58
75 61
75 68
75 70
75 75
75 77
75 80
75 81
75 82
75 85
75 87
75 88
75 91
75 95
75 102
75 105
75 108
75 109
75 112
75 113
75 114
75 115
75 119
76 2
76 13
76 32
76 36
76 41
76 45
76 48
76 50
76 57
76 58
76 61
76 63
76 65
76 66
76 69
76 70
76 71
76 72
76 75
76 76
76 79
76 80
76 84
76 87
76 98
76 107
76 110
76 112
76 118
76 127
77 3
77 4
77 5
77 7
77 10
77 16
77 19
77 21
77 24
77 34
77 39
77 44
77 47
77 50
77 62
77 63
77 64
77 65
77 66
77 75
77 76
77 85
77 86
77 88
77 91
77 93
77 101
77 108
77 110
77 113
77 117
77 118
77 119
77 123
77 125
77 126
78 1
78 2
78 3
78 4
78 5
78 8
78 16
78 19
78 24
78 26
78 27
78 29
78 30
78 31
78 33
78 37
78 38
78 43
78 45
78 55
78 56
78 66
78 69
78 78
78 79
78 83
78 86
78 91
78 96
78 97
78 103
78 104
78 106
78 114
78 118
79 0
79 1
79 8
79 9
79 14
79 18
79 20
79 22
79 31
79 33
79 35
79 41
79 42
79 43
79 45
79 46
79 50
79 55
79 56
79 58
79 63
79 66
79 74
79 79
79 87
79 92
79 93
79 94
79 96
79 97
79 100
79 101
79 104
79 121
80 3
80 5
80 7
80 10
80 13
80 14
80 15
80 20
80 22
80 23
80 30
80 40
80 42
80 45
80 47
80 50
80 52
80 54
80 55
80 63
80 64
80 65
80 75
80 78
80 79
80 85
80 86
80 87
80 89
80 95
80 99
80 101
80 102
80 107
80 109
80 110
80 111
80 116
81 0
81 1
81 4
81 11
81 14
81 16
81 20
81 22
81 23
81 26
81 29
81 31
81 32
81 36
81 37
81 38
81 41
81 43
81 45
81 48
81 55
81 58
81 66
81 75
81 76
81 77
81 79
81 81
81 83
81 84
81 87
81 91
81 93
81 96
81 97
81 98
81 103
81 104
81 106
81 111
81 115
81 116
81 118
82 2
82 12
82 15
82 17
82 18
82 19
82 21
82 31
82 36
82 37
82 40
82 46
82 48
82 51
82 55
82 56
82 57
82 58
82 63
82 67
82 70
82 71
82 75
82 76
82 78
82 79
82 80
82 82
82 86
82 87
82 91
82 100
82 105
82 107
82 109
82 112
82 120
82 122
82 123
82 124
83 1
83 2
83 3
83 7
83 8
83 9
83 12
83 14
83 16
83 17
83 20
83 22
83 24
83 25
83 26
83 28
83 31
83 34
83 36
83 37
83 38
83 40
83 41
83 42
83 44
83 53
83 54
83 57
83 61
83 62
83 72
83 78
83 83
83 86
83 91
83 93
83 94
83 99
83 106
83 110
83 119
83 121
83 124
83 126
84 9
84 12
84 16
84 18
84 23
84 27
84 28
84 29
84 34
84 37
84 38
84 42
84 43
84 44
84 48
84 53
84 57
84 59
84 66
84 68
84 71
84 74
84 79
84 81
84 82
84 91
84 95
84 100
84 106
84 107
84 109
84 112
84 115
84 117
84 120
84 122
84 125
85 0
85 2
85 4
85 5
85 11
85 21
85 22
85 23
85 25
85 31
85 37
85 42
85 43
85 44
85 46
85 49
85 50
85 51
85 54
85 56
85 60
85 61
85 64
85 66
85 67
85 68
85 69
85 72
85 79
85 84
85 86
85 88
85 89
85 95
85 103
85 118
85 120
85 123
85 124
85 126
86 1
86 5
86 9
86 10
86 12
86 17
86 21
86 22
86 27
86 30
86 33
86 35
86 37
86 38
86 49
86 51
86 55
86 56
86 58
86 62
86 64
86 78
86 83
86 86
86 91
86 94
86 101
86 103
86 108
86 109
86 110
86 114
86 116
86 119
86 123
87 8
87 17
87 24
87 28
87 33
87 38
87 41
87 46
87 48
87 51
87 54
87 61
87 63
87 67
87 70
87 73
87 77
87 78
87 83
87 87
87 88
87 89
87 90
87 95
87 97
87 98
87 103
87 105
87 107
87 109
87 113
87 115
87 116
87 118
87 119
87 126
87 127
88 2
88 7
88 9
88 10
88 11
88 19
88 21
88 22
88 23
88 25
88 30
88 31
88 50
88 52
88 54
88 61
88 62
88 69
88 70
88 71
88 74
88 76
88 79
88 81
88 84
88 85
88 86
88 88
88 90
88 96
88 97
88 104
88 109
88 112
88 114
88 121
88 122
88 126
89 0
89 5
89 6
89 14
89 15
89 16
89 17
89 21
89 25
89 26
89 29
89 31
89 34
89 43
89 44
89 47
89 48
89 55
89 57
89 59
89 67
89 68
89 73
89 74
89 77
89 88
89 90
89 93
89 94
89 97
89 102
89 105
89 107
89 108
89 115
89 118
89 119
89 120
89 121
89 125
89 126
90 2
90 5
90 6
90 9
90 10
90 16
90 19
90 20
90 23
90 25
90 36
90 38
90 41
90 49
90 53
90 54
90 60
90 61
90 62
90 72
90 79
90 88
90 91
90 92
90 93
90 97
90 100
90 101
90 102
90 103
90 105
90 106
90 108
90 109
90 111
90 115
90 120
90 121
91 1
91 2
91 4
91 7
91 10
91 18
91 19
91 21
91 22
91 25
91 26
91 29
91 38
91 39
91 41
91 48
91 50
91 53
91 55
91 56
91 65
91 72
91 73
91 77
91 78
91 85
91 92
91 94
91 95
91 96
91 98
91 100
91 111
91 112
91 115
91 117
91 122
91 124
91 125
91 126
91 127
92 2
92 3
92 5
92 8
92 9
92 11
92 19
92 21
92 24
92 25
92 26
92 28
92 39
92 45
92 46
92 48
92 50
92 51
92 54
92 58
92 65
92 69
92 74
92 80
92 82
92 85
92 87
92 88
92 94
92 96
92 100
92 103
92 114
92 117
92 121
92 126
93 4
93 5
93 11
93 12
93 13
93 14
93 25
93 27
93 31
93 40
93 47
93 48
93 50
93 51
93 53
93 54
93 60
93 61
93 66
93 72
93 75
93 77
93 78
93 80
93 84
93 87
93 88
93 95
93 96
93 107
93 108
93 117
93 127
94 0
94 2
94 7
94 16
94 18
94 20
94 22
94 23
94 25
94 29
94 34
94 35
94 37
94 48
94 49
94 54
94 61
94 68
94 69
94 71
94 72
94 74
94 76
94 84
94 85
94 94
94 97
94 100
94 103
94 107
94 110
94 117
94 119
94 121
94 124
95 3
95 4
95 5
95 6
95 9
95 11
95 13
95 14
95 18
95 22
95 27
95 28
95 32
95 41
95 50
95 51
95 55
95 56
95 59
95 61
95 65
95 74
95 77
95 78
95 81
95 83
95 90
95 92
95 93
95 95
95 96
95 100
95 104
95 106
95 107
95 110
95 117
95 118
96 1
96 2
96 4
96 8
96 11
96 12
96 14
96 15
96 19
96 21
96 22
96 27
96 30
96 31
96 33
96 34
96 40
96 41
96 44
96 46
96 47
96 50
96 51
96 53
96 55
96 56
96 57
96 58
96 73
96 76
96 79
96 97
96 103
96 105
96 108
96 109
96 113
96 120
96 126
96 127
97 4
97 6
97 7
97 8
97 12
97 14
97 17
97 18
97 35
97 37
97 41
97 42
97 43
97 45
97 48
97 68
97 70
97 72
97 78
97 80
97 81
97 83
97 84
97 85
97 94
97 97
97 103
97 104
97 105
97 109
97 111
97 117
97 121
97 123
98 2
98 7
98 10
98 18
98 20
98 21
98 24
98 25
98 28
98 39
98 45
98 48
98 50
98 54
98 57
98 60
98 64
98 65
98 68
98 70
98 72
98 73
98 78
98 81
98 82
98 84
98 87
98 88
98 89
98 95
98 100
98 101
98 107
98 113
98 125
99 2
99 3
99 9
99 13
99 14
99 18
99 25
99 29
99 31
99 33
99 38
99 40
99 44
99 48
99 50
99 51
99 53
99 59
99 63
99 70
99 77
99 88
99 101
99 102
99 104
99 108
99 109
99 120
100 4
100 7
100 8
100 12
100 15
100 16
100 24
100 25
100 30
100 31
100 40
100 42
100 45
100 46
100 47
100 50
100 52
100 58
100 59
100 63
100 70
100 72
100 73
100 74
100 75
100 77
100 81
100 83
100 86
100 87
100 91
100 93
100 96
100 100
100 102
100 104
100 106
100 107
100 108
100 116
100 117
100 118
100 120
100 123
100 126
101 1
101 2
101 10
101 11
101 14
101 15
101 19
101 22
101 25
101 33
101 35
101 36
101 39
101 42
101 43
101 46
101 52
101 58
101 62
101 64
101 67
101 70
101 74
101 76
101 81
101 86
101 89
101 90
101 97
101 104
101 105
101 110
101 111
101 113
101 115
101 127
102 0
102 3
102 7
102 8
102 12
102 13
102 19
102 20
102 25
102 30
102 33
102 40
102 49
102 50
102 54
102 57
102 58
102 60
102 63
102 65
102 70
102 71
102 74
102 77
102 78
102 82
102 88
102 89
102 94
102 98
102 99
102 104
102 109
102 111
102 112
102 113
102 116
102 118
102 119
102 124
102 125
102 126
102 127
103 0
103 3
103 7
103 11
103 13
103 15
103 17
103 19
103 21
103 26
103 29
103 38
103 41
103 42
103 43
103 45
103 49
103 53
103 56
103 57
103 59
103 66
103 68
103 76
103 78
103 81
103 82
103 90
103 100
103 106
103 123
103 124
103 125
104 0
104 2
104 13
104 22
104 24
104 26
104 29
104 33
104 43
104 47
104 48
104 51
104 60
104 61
104 64
104 70
104 71
104 72
104 75
104 76
104 77
104 79
104 81
104 83
104 92
104 95
104 107
104 113
104 114
104 120
104 124
104 127
105 1
105 2
105 7
105 11
105 18
105 22
105 25
105 26
105 28
105 33
105 35
105 39
105 46
105 47
105 48
105 51
105 53
105 54
105 60
105 63
105 65
105 68
105 69
105 70
105 72
105 73
105 79
105 81
105 88
105 89
105 92
105 93
105 100
105 105
105 110
105 111
105 118
105 123
105 125
106 1
106 4
106 5
106 9
106 16
106 17
106 22
106 25
106 28
106 30
106 34
106 43
106 46
106 47
106 48
106 49
106 50
106 52
106 60
106 65
106 67
106 68
106 70
106 72
106 74
106 75
106 77
106 80
106 91
106 95
106 97
106 98
106 100
106 103
106 104
106 107
106 108
106 110
106 117
106 119
107 3
107 5
107 7
107 8
107 10
107 13
107 14
107 17
107 32
107 34
107 36
107 43
107 45
107 46
107 48
107 49
107 50
107 51
107 58
107 62
107 67
107 68
107 71
107 73
107 75
107 76
107 80
107 85
107 86
107 94
107 95
107 102
107 107
107 110
107 111
107 114
107 117
107 125
107 126
108 1
108 2
108 4
108 7
108 15
108 24
108 26
108 30
108 34
108 43
108 45
108 55
108 56
108 65
108 66
108 70
108 76
108 77
108 79
108 89
108 91
108 93
108 96
108 98
108 104
108 109
108 114
108 115
108 118
108 119
108 120
108 122
108 123
109 0
109 1
109 7
109 10
109 13
109 16
109 17
109 18
109 20
109 21
109 29
109 30
109 34
109 41
109 42
109 43
109 47
109 53
109 55
109 64
109 65
109 73
109 74
109 75
109 78
109 79
109 85
109 97
109 105
109 106
109 107
109 108
109 110
109 115
109 117
109 118
110 6
110 7
110 8
110 18
110 21
110 22
110 24
110 30
110 32
110 34
110 36
110 38
110 45
110 47
110 48
110 49
110 50
110 56
110 59
110 62
110 63
110 65
110 68
110 69
110 77
110 79
110 85
110 86
110 89
110 90
110 92
110 97
110 98
110 100
110 104
110 107
110 108
110 110
110 113
110 114
110 115
110 120
110 122
111 0
111 1
111 3
111 5
111 9
111 15
111 16
111 18
111 21
111 23
111 27
111 33
111 42
111 43
111 45
111 46
111 52
111 56
111 57
111 59
111 63
111 69
111 70
111 77
111 80
111 83
111 87
111 88
111 89
111 91
111 92
111 93
111 98
111 100
111 111
111 115
111 116
111 117
111 119
111 121
111 124
111 126
112 0
112 8
112 10
112 11
112 13
112 14
112 17
112 25
112 37
112 42
112 43
112 45
112 48
112 54
112 55
112 57
112 66
112 74
112 80
112 81
112 85
112 87
112 89
112 95
112 98
112 100
112 102
112 104
112 105
112 107
112 108
112 109
112 119
112 120
112 122
113 2
113 6
113 7
113 10
113 13
113 15
113 16
113 17
113 20
113 21
113 23
113 25
113 26
113 27
113 29
113 33
113 34
113 36
113 47
113 49
113 50
113 53
113 54
113 62
113 67
113 74
113 75
113 76
113 87
113 89
113 94
113 97
113 99
113 105
113 111
113 117
113 124
113 127
114 5
114 10
114 11
114 22
114 24
114 26
114 27
114 34
114 35
114 41
114 46
114 51
114 53
114 61
114 65
114 67
114 68
114 69
114 73
114 74
114 81
114 82
114 83
114 85
114 86
114 88
114 91
114 93
114 95
114 102
114 107
114 108
114 123
114 124
115 2
115 9
115 10
115 18
115 21
115 24
115 25
115 37
115 42
115 49
115 51
115 53
115 54
115 55
115 60
115 62
115 64
115 65
115 69
115 73
115 75
115 77
115 78
115 79
115 80
115 84
115 85
115 89
115 93
115 96
115 103
115 104
115 106
115 108
115 111
115 118
115 120
115 123
115 127
116 3
116 5
116 8
116 14
116 25
116 36
116 38
116 42
116 44
116 46
116 47
116 50
116 51
116 54
116 59
116 60
116 63
116 67
116 70
116 75
116 76
116 77
116 79
116 80
116 93
116 97
116 98
116 99
116 100
116 102
116 106
116 107
116 108
116 111
116 113
116 114
116 116
116 119
116 120
116 121
116 126
117 6
117 13
117 17
117 23
117 29
117 32
117 33
117 37
117 42
117 50
117 52
117 57
117 58
117 59
117 65
117 66
117 71
117 79
117 87
117 89
117 100
117 104
117 106
117 107
117 110
117 111
117 112
117 113
117 115
117 117
117 119
118 1
118 4
118 5
118 7
118 11
118 16
118 17
118 20
118 21
118 23
118 25
118 32
118 37
118 39
118 40
118 41
118 42
118 55
118 56
118 58
118 59
118 60
118 62
118 66
118 67
118 74
118 75
118 76
118 77
118 78
118 89
118 90
118 97
118 101
118 107
118 119
118 124
118 126
118 127
119 0
119 1
119 4
119 7
119 13
119 16
119 18
119 22
119 25
119 27
119 36
119 40
119 42
119 43
119 47
119 48
119 51
119 54
119 56
119 57
119 61
119 62
119 63
119 67
119 75
119 79
119 81
119 82
119 87
119 91
119 92
119 94
119 101
119 106
119 115
119 120
119 124
119 127
120 0
120 2
120 4
120 12
120 15
120 16
120 18
120 19
120 21
120 23
120 24
120 25
120 26
120 29
120 33
120 35
120 38
120 39
120 48
120 52
120 54
120 55
120 56
120 58
120 59
120 61
120 62
120 66
120 67
120 70
120 71
120 79
120 85
120 87
120 90
120 92
120 93
120 98
120 100
120 107
120 109
120 110
120 112
120 116
120 119
120 120
120 121
120 122
120 123
120 124
120 126
121 0
121 4
121 5
121 7
121 11
121 21
121 23
121 27
121 29
121 37
121 40
121 42
121 45
121 47
121 48
121 49
121 53
121 62
121 64
121 65
121 66
121 67
121 69
121 74
121 79
121 81
121 83
121 94
121 99
121 100
121 104
121 105
121 106
121 107
121 108
121 109
121 110
121 111
121 113
121 114
121 118
121 120
121 125
121 127
122 2
122 3
122 4
122 7
122 10
122 11
122 13
122 14
122 20
122 23
122 26
122 31
122 33
122 34
122 35
122 44
122 47
122 48
122 49
122 51
122 52
122 53
122 54
122 57
122 59
122 69
122 71
122 72
122 84
122 95
122 103
122 104
122 107
122 112
122 113
122 123
122 125
122 126
122 127
123 4
123 13
123 15
123 23
123 26
123 31
123 32
123 41
123 44
123 45
123 48
123 49
123 50
123 53
123 65
123 69
123 71
123 72
123 73
123 84
123 87
123 88
123 91
123 94
123 103
123 111
123 114
123 115
123 116
123 117
123 121
123 122
123 126
124 0
124 9
124 18
124 23
124 28
124 33
124 41
124 42
124 43
124 44
124 49
124 51
124 53
124 56
124 61
124 63
124 66
124 75
124 76
124 80
124 84
124 86
124 87
124 89
124 90
124 92
124 93
124 94
124 95
124 96
124 98
124 101
124 108
124 111
124 113
124 119
124 122
124 124
124 126
124 127
125 5
125 7
125 8
125 12
125 15
125 16
125 19
125 27
125 28
125 29
125 31
125 32
125 35
125 39
125 40
125 44
125 48
125 54
125 56
125 57
125 61
125 67
125 69
125 75
125 76
125 81
125 84
125 86
125 88
125 93
125 94
125 100
125 102
125 104
125 105
125 108
125 109
125 114
125 116
125 117
125 119
125 125
125 127
126 2
126 3
126 6
126 7
126 10
126 11
126 12
126 14
126 16
126 17
126 20
126 27
126 29
126 34
126 36
126 41
126 45
126 46
126 47
126 54
126 60
126 62
126 66
126 70
126 72
126 75
126 88
126 92
126 93
126 96
126 97
126 102
126 105
126 112
126 117
126 118
126 119
126 120
126 121
126 123
126 124
126 125
126 127
127 5
127 8
127 9
127 11
127 15
127 17
127 23
127 24
127 25
127 28
127 31
127 41
127 43
127 44
127 47
127 52
127 55
127 56
127 57
127 59
127 65
127 69
127 80
127 85
127 87
127 90
127 93
127 99
127 109
127 115
127 117
127 118
127 120
127 125
127 127
