0 11
0 60
0 99
1 59
1 117
1 125
2 94
2 121
4 63
5 41
5 106
6 53
6 113
8 21
8 123
10 8
10 118
11 27
12 58
14 46
16 44
18 66
19 12
21 23
23 56
23 57
26 94
27 91
32 48
33 61
34 4
35 9
37 112
38 46
38 68
38 94
39 17
40 89
40 104
41 3
41 49
41 104
42 32
42 101
44 16
45 31
46 13
46 27
49 11
53 70
53 93
55 127
56 89
57 105
58 5
58 13
58 63
58 116
60 69
60 97
61 105
64 110
65 99
68 126
69 0
73 64
76 80
76 120
78 6
79 55
80 5
80 77
81 67
83 124
86 80
86 94
88 37
90 35
94 86
94 115
95 26
96 112
97 102
99 54
100 50
102 80
102 110
103 77
105 36
105 90
108 89
110 25
114 32
116 79
117 88
118 69
119 68
122 97
124 30
124 109
