0 4
0 5
0 8
0 11
0 12
0 14
0 17
0 24
0 26
0 30
0 32
0 36
0 38
0 39
0 40
0 42
0 44
0 46
0 49
0 51
0 52
0 55
0 57
0 58
0 59
0 64
0 67
0 70
0 71
0 72
0 76
0 78
0 83
0 86
0 89
0 91
0 93
0 94
0 95
0 97
0 100
0 101
0 105
0 106
0 107
0 109
0 110
0 111
0 114
0 117
0 118
0 120
0 121
1 0
1 1
1 11
1 22
1 23
1 27
1 31
1 32
1 36
1 38
1 42
1 45
1 49
1 51
1 52
1 55
1 56
1 63
1 64
1 75
1 76
1 82
1 87
1 92
1 96
1 98
1 99
1 103
1 104
1 105
1 106
1 107
1 110
1 112
1 115
1 117
1 118
1 121
1 122
1 123
1 127
2 3
2 4
2 5
2 8
2 10
2 11
2 14
2 17
2 20
2 35
2 37
2 38
2 43
2 47
2 51
2 53
2 54
2 55
2 60
2 61
2 64
2 68
2 69
2 70
2 77
2 80
2 81
2 83
2 85
2 86
2 87
2 88
2 89
2 91
2 93
2 95
2 98
2 103
2 107
2 109
2 110
2 111
2 112
2 115
2 116
2 122
2 125
2 126
3 1
3 7
3 9
3 10
3 11
3 15
3 16
3 17
3 20
3 25
3 26
3 29
3 30
3 31
3 32
3 33
3 35
3 39
3 42
3 43
3 45
3 46
3 49
3 51
3 53
3 60
3 70
3 71
3 72
3 74
3 75
3 76
3 78
3 88
3 89
3 94
3 100
3 102
3 106
3 107
3 109
3 113
3 115
3 118
3 119
3 120
3 121
3 123
3 124
3 125
3 126
4 6
4 9
4 13
4 16
4 22
4 23
4 24
4 28
4 29
4 30
4 34
4 35
4 37
4 38
4 39
4 43
4 45
4 46
4 51
4 56
4 58
4 65
4 66
4 67
4 68
4 69
4 72
4 76
4 78
4 81
4 82
4 83
4 84
4 85
4 90
4 94
4 95
4 98
4 99
4 100
4 101
4 103
4 109
4 112
4 113
4 117
4 119
4 120
4 121
4 124
4 125
5 1
5 5
5 8
5 11
5 12
5 14
5 17
5 18
5 19
5 20
5 21
5 26
5 27
5 31
5 32
5 34
5 35
5 36
5 38
5 40
5 41
5 43
5 45
5 47
5 48
5 54
5 55
5 58
5 63
5 64
5 68
5 69
5 72
5 74
5 76
5 77
5 79
5 84
5 85
5 86
5 89
5 92
5 95
5 98
5 102
5 105
5 106
5 107
5 108
5 111
5 115
5 117
5 118
5 119
5 121
6 0
6 1
6 4
6 10
6 13
6 15
6 16
6 18
6 23
6 24
6 26
6 31
6 35
6 45
6 46
6 48
6 51
6 52
6 54
6 58
6 64
6 65
6 71
6 73
6 79
6 80
6 82
6 86
6 87
6 90
6 94
6 95
6 96
6 99
6 100
6 101
6 102
6 103
6 107
6 108
6 109
6 114
6 125
7 1
7 4
7 7
7 9
7 12
7 14
7 16
7 19
7 23
7 24
7 25
7 28
7 32
7 37
7 42
7 43
7 44
7 49
7 52
7 56
7 61
7 62
7 66
7 68
7 70
7 77
7 78
7 83
7 87
7 88
7 90
7 92
7 94
7 96
7 99
7 100
7 101
7 103
7 108
7 110
7 111
7 114
7 115
7 116
7 119
7 124
7 125
7 126
8 3
8 5
8 6
8 7
8 10
8 12
8 16
8 20
8 28
8 29
8 35
8 38
8 46
8 47
8 48
8 49
8 50
8 53
8 54
8 56
8 57
8 60
8 64
8 65
8 66
8 68
8 70
8 73
8 75
8 76
8 77
8 78
8 84
8 85
8 87
8 88
8 91
8 97
8 98
8 99
8 100
8 101
8 102
8 103
8 104
8 105
8 106
8 108
8 111
8 112
8 115
8 122
8 123
8 125
8 126
8 127
9 1
9 4
9 6
9 7
9 8
9 9
9 10
9 11
9 12
9 13
9 14
9 18
9 20
9 24
9 25
9 28
9 33
9 36
9 39
9 40
9 42
9 43
9 45
9 48
9 49
9 53
9 60
9 61
9 65
9 70
9 71
9 73
9 74
9 75
9 78
9 87
9 95
9 98
9 99
9 107
9 113
9 123
9 124
9 127
10 3
10 7
10 9
10 10
10 11
10 13
10 14
10 15
10 16
10 17
10 22
10 23
10 24
10 26
10 31
10 33
10 34
10 36
10 39
10 46
10 50
10 51
10 56
10 59
10 60
10 61
10 65
10 66
10 72
10 74
10 76
10 78
10 80
10 81
10 82
10 83
10 88
10 91
10 92
10 97
10 98
10 99
10 102
10 103
10 104
10 106
10 107
10 110
10 112
10 119
10 120
10 123
10 125
10 126
11 1
11 3
11 4
11 15
11 16
11 18
11 24
11 27
11 28
11 30
11 40
11 42
11 45
11 48
11 49
11 51
11 54
11 57
11 58
11 59
11 62
11 63
11 67
11 75
11 79
11 83
11 86
11 89
11 90
11 91
11 93
11 94
11 98
11 100
11 102
11 104
11 109
11 110
11 115
11 116
11 118
11 119
11 120
11 121
11 122
11 125
12 1
12 2
12 4
12 9
12 10
12 11
12 15
12 16
12 19
12 21
12 22
12 26
12 27
12 28
12 33
12 34
12 37
12 38
12 47
12 49
12 51
12 60
12 61
12 70
12 71
12 74
12 77
12 80
12 82
12 84
12 85
12 88
12 89
12 91
12 93
12 95
12 99
12 101
12 104
12 109
12 110
12 111
12 112
12 113
12 116
12 119
12 123
12 125
12 126
13 0
13 1
13 2
13 8
13 16
13 21
13 22
13 23
13 24
13 25
13 27
13 28
13 29
13 31
13 32
13 34
13 35
13 37
13 42
13 44
13 45
13 46
13 47
13 50
13 58
13 64
13 65
13 66
13 67
13 68
13 69
13 73
13 75
13 77
13 80
13 87
13 91
13 92
13 94
13 95
13 96
13 98
13 101
13 102
13 103
13 113
13 115
13 117
13 119
13 120
13 122
13 126
14 2
14 4
14 5
14 7
14 11
14 13
14 16
14 20
14 24
14 27
14 31
14 36
14 39
14 44
14 45
14 46
14 47
14 49
14 54
14 62
14 63
14 71
14 72
14 74
14 80
14 83
14 84
14 87
14 88
14 93
14 94
14 97
14 104
14 105
14 111
14 112
14 114
14 116
14 119
14 121
14 122
14 126
14 127
15 7
15 8
15 9
15 12
15 15
15 19
15 23
15 27
15 28
15 29
15 31
15 32
15 38
15 40
15 42
15 44
15 46
15 47
15 48
15 49
15 50
15 51
15 52
15 55
15 60
15 62
15 66
15 67
15 70
15 72
15 73
15 79
15 80
15 84
15 89
15 90
15 93
15 94
15 95
15 98
15 102
15 103
15 105
15 107
15 112
15 113
15 117
15 118
15 124
15 125
15 126
16 2
16 9
16 10
16 12
16 13
16 15
16 18
16 20
16 24
16 31
16 32
16 36
16 37
16 39
16 45
16 48
16 49
16 51
16 52
16 54
16 57
16 58
16 60
16 62
16 64
16 67
16 68
16 71
16 74
16 76
16 77
16 79
16 82
16 83
16 84
16 85
16 86
16 87
16 90
16 92
16 95
16 101
16 105
16 108
16 111
16 112
16 113
16 115
16 118
16 119
16 121
16 125
16 127
17 2
17 5
17 8
17 10
17 14
17 16
17 17
17 18
17 21
17 25
17 29
17 30
17 32
17 33
17 35
17 37
17 40
17 41
17 42
17 44
17 46
17 48
17 49
17 53
17 56
17 57
17 58
17 61
17 65
17 68
17 73
17 78
17 81
17 83
17 84
17 91
17 92
17 95
17 96
17 98
17 100
17 105
17 111
17 112
17 113
17 115
17 116
17 117
17 120
17 124
17 126
18 2
18 3
18 4
18 6
18 10
18 12
18 13
18 17
18 18
18 19
18 20
18 26
18 29
18 31
18 36
18 37
18 40
18 41
18 54
18 55
18 56
18 59
18 61
18 65
18 66
18 68
18 69
18 71
18 75
18 76
18 79
18 81
18 82
18 85
18 87
18 88
18 91
18 93
18 98
18 99
18 100
18 102
18 109
18 112
18 114
18 121
18 122
18 123
18 125
18 126
18 127
19 0
19 2
19 6
19 9
19 10
19 11
19 14
19 16
19 18
19 19
19 20
19 21
19 23
19 24
19 30
19 34
19 35
19 41
19 44
19 46
19 47
19 48
19 50
19 54
19 55
19 57
19 58
19 59
19 61
19 65
19 69
19 73
19 75
19 78
19 93
19 94
19 98
19 99
19 104
19 105
19 109
19 111
19 116
19 117
19 122
19 123
19 124
19 125
19 126
20 0
20 2
20 9
20 10
20 14
20 15
20 16
20 17
20 19
20 20
20 21
20 24
20 26
20 27
20 32
20 33
20 38
20 39
20 40
20 41
20 43
20 44
20 50
20 52
20 53
20 62
20 63
20 66
20 67
20 68
20 70
20 71
20 72
20 75
20 81
20 83
20 84
20 86
20 87
20 91
20 96
20 98
20 100
20 102
20 104
20 106
20 108
20 109
20 110
20 112
20 113
20 116
20 118
20 120
20 121
20 124
20 125
21 0
21 3
21 4
21 13
21 14
21 15
21 16
21 19
21 21
21 23
21 25
21 26
21 33
21 34
21 35
21 36
21 38
21 39
21 48
21 53
21 57
21 60
21 62
21 63
21 70
21 72
21 73
21 74
21 75
21 79
21 84
21 91
21 92
21 94
21 99
21 111
21 119
21 120
21 125
21 127
22 0
22 1
22 3
22 5
22 6
22 12
22 15
22 18
22 22
22 25
22 26
22 27
22 28
22 29
22 31
22 34
22 36
22 37
22 38
22 39
22 42
22 49
22 55
22 57
22 60
22 64
22 65
22 66
22 69
22 71
22 72
22 77
22 83
22 84
22 86
22 88
22 89
22 90
22 91
22 92
22 94
22 95
22 96
22 97
22 99
22 100
22 102
22 105
22 110
22 111
22 112
22 118
22 119
22 122
22 123
22 125
23 0
23 4
23 7
23 12
23 16
23 19
23 22
23 25
23 29
23 37
23 43
23 46
23 50
23 51
23 53
23 55
23 57
23 58
23 60
23 61
23 63
23 64
23 66
23 67
23 68
23 73
23 76
23 77
23 80
23 86
23 88
23 91
23 92
23 94
23 96
23 101
23 102
23 106
23 107
23 111
23 112
23 113
23 117
23 118
23 120
23 122
23 123
23 126
24 1
24 2
24 4
24 5
24 10
24 11
24 12
24 14
24 15
24 18
24 20
24 22
24 25
24 28
24 29
24 32
24 33
24 36
24 38
24 41
24 44
24 45
24 47
24 48
24 49
24 50
24 51
24 53
24 54
24 55
24 56
24 57
24 61
24 62
24 65
24 66
24 67
24 70
24 73
24 76
24 77
24 80
24 83
24 87
24 91
24 98
24 102
24 104
24 107
24 108
24 109
24 110
24 111
24 112
24 113
24 114
24 115
24 117
24 118
24 121
24 122
24 123
25 4
25 6
25 9
25 13
25 14
25 21
25 24
25 26
25 27
25 29
25 30
25 31
25 35
25 36
25 40
25 41
25 43
25 44
25 46
25 47
25 49
25 51
25 53
25 54
25 55
25 56
25 57
25 63
25 67
25 70
25 72
25 75
25 77
25 78
25 82
25 84
25 86
25 88
25 91
25 92
25 95
25 96
25 98
25 100
25 101
25 103
25 104
25 105
25 109
25 112
25 115
25 117
25 121
25 124
25 126
26 1
26 3
26 4
26 5
26 9
26 11
26 13
26 15
26 17
26 18
26 20
26 22
26 23
26 28
26 30
26 31
26 32
26 35
26 36
26 37
26 45
26 47
26 50
26 51
26 59
26 60
26 65
26 68
26 71
26 72
26 76
26 77
26 88
26 89
26 91
26 94
26 95
26 102
26 106
26 108
26 114
26 115
26 116
26 121
26 124
27 5
27 7
27 9
27 13
27 14
27 16
27 17
27 18
27 21
27 22
27 23
27 29
27 30
27 39
27 44
27 45
27 48
27 50
27 53
27 59
27 61
27 65
27 68
27 69
27 72
27 73
27 74
27 82
27 83
27 90
27 93
27 94
27 95
27 98
27 99
27 103
27 105
27 109
27 115
27 117
27 119
27 122
27 125
27 126
27 127
28 0
28 1
28 2
28 5
28 7
28 13
28 14
28 15
28 20
28 21
28 23
28 24
28 25
28 27
28 29
28 35
28 39
28 43
28 47
28 50
28 52
28 53
28 60
28 63
28 64
28 65
28 66
28 67
28 68
28 72
28 77
28 78
28 79
28 80
28 84
28 85
28 87
28 91
28 92
28 94
28 99
28 101
28 104
28 107
28 111
28 112
28 116
28 118
28 124
28 125
29 2
29 5
29 11
29 13
29 15
29 18
29 19
29 20
29 21
29 24
29 25
29 26
29 27
29 28
29 30
29 31
29 32
29 34
29 36
29 37
29 39
29 44
29 46
29 48
29 49
29 56
29 57
29 60
29 62
29 64
29 67
29 68
29 74
29 76
29 78
29 84
29 88
29 89
29 90
29 91
29 92
29 95
29 98
29 101
29 102
29 103
29 105
29 110
29 114
29 117
29 118
29 123
29 125
29 126
30 3
30 5
30 7
30 9
30 12
30 13
30 17
30 18
30 24
30 28
30 29
30 32
30 36
30 40
30 43
30 44
30 46
30 47
30 48
30 50
30 52
30 53
30 57
30 58
30 59
30 60
30 61
30 62
30 63
30 64
30 66
30 68
30 69
30 71
30 72
30 74
30 75
30 81
30 83
30 85
30 87
30 88
30 90
30 92
30 97
30 98
30 99
30 101
30 102
30 110
30 111
30 112
30 115
30 116
30 117
30 118
30 119
30 120
30 125
31 2
31 4
31 7
31 14
31 16
31 17
31 18
31 19
31 20
31 21
31 23
31 24
31 27
31 33
31 34
31 37
31 38
31 39
31 42
31 51
31 53
31 54
31 55
31 59
31 60
31 63
31 65
31 69
31 71
31 78
31 79
31 81
31 84
31 85
31 87
31 89
31 92
31 95
31 96
31 100
31 104
31 107
31 108
31 116
31 117
31 118
31 119
31 122
31 123
31 124
31 125
31 126
31 127
32 4
32 6
32 12
32 16
32 18
32 19
32 20
32 23
32 25
32 27
32 29
32 30
32 31
32 33
32 36
32 38
32 39
32 41
32 44
32 45
32 50
32 52
32 54
32 56
32 60
32 61
32 62
32 63
32 69
32 72
32 74
32 76
32 78
32 80
32 82
32 84
32 85
32 87
32 89
32 91
32 92
32 94
32 95
32 98
32 102
32 104
32 105
32 106
32 107
32 108
32 110
32 114
32 115
32 117
32 120
32 122
32 124
32 125
32 127
33 6
33 9
33 14
33 16
33 18
33 24
33 25
33 27
33 28
33 30
33 35
33 38
33 46
33 48
33 50
33 53
33 54
33 56
33 62
33 63
33 66
33 67
33 68
33 74
33 80
33 83
33 86
33 88
33 91
33 93
33 96
33 98
33 101
33 102
33 105
33 107
33 110
33 112
33 117
33 120
33 122
33 125
33 126
34 2
34 3
34 6
34 7
34 8
34 12
34 13
34 15
34 16
34 17
34 18
34 19
34 23
34 26
34 27
34 28
34 33
34 35
34 36
34 40
34 43
34 44
34 51
34 58
34 63
34 67
34 70
34 71
34 72
34 74
34 77
34 79
34 87
34 89
34 91
34 93
34 96
34 99
34 100
34 102
34 104
34 111
34 117
34 118
34 122
35 0
35 11
35 13
35 15
35 18
35 20
35 22
35 27
35 29
35 31
35 37
35 39
35 40
35 41
35 42
35 43
35 44
35 45
35 46
35 47
35 48
35 53
35 54
35 55
35 68
35 69
35 70
35 73
35 74
35 75
35 76
35 77
35 79
35 80
35 83
35 84
35 85
35 89
35 93
35 94
35 96
35 99
35 100
35 102
35 111
35 114
35 115
35 116
35 117
35 118
35 120
35 121
35 123
35 125
36 2
36 4
36 7
36 8
36 11
36 13
36 14
36 17
36 18
36 19
36 25
36 27
36 29
36 37
36 38
36 42
36 44
36 45
36 47
36 48
36 49
36 50
36 51
36 52
36 54
36 55
36 57
36 58
36 59
36 60
36 62
36 69
36 72
36 74
36 77
36 81
36 83
36 85
36 89
36 92
36 96
36 99
36 102
36 103
36 104
36 107
36 109
36 113
36 115
36 116
36 117
36 119
36 121
36 122
36 125
36 126
37 2
37 3
37 4
37 8
37 9
37 13
37 18
37 20
37 26
37 28
37 32
37 33
37 36
37 37
37 41
37 51
37 56
37 60
37 61
37 65
37 67
37 68
37 70
37 71
37 72
37 74
37 77
37 81
37 83
37 84
37 89
37 90
37 92
37 94
37 97
37 102
37 103
37 104
37 105
37 106
37 107
37 108
37 111
37 116
37 117
37 118
37 119
37 122
37 124
37 127
38 0
38 2
38 3
38 4
38 6
38 8
38 9
38 17
38 19
38 21
38 25
38 28
38 31
38 32
38 34
38 36
38 38
38 42
38 45
38 46
38 47
38 50
38 52
38 54
38 56
38 62
38 63
38 64
38 65
38 66
38 68
38 73
38 75
38 76
38 77
38 79
38 80
38 82
38 84
38 85
38 88
38 90
38 91
38 94
38 96
38 97
38 99
38 102
38 105
38 106
38 109
38 111
38 112
38 113
38 117
38 122
38 126
39 1
39 2
39 5
39 8
39 10
39 12
39 14
39 17
39 18
39 20
39 21
39 29
39 30
39 31
39 34
39 35
39 36
39 38
39 39
39 40
39 42
39 44
39 46
39 49
39 53
39 54
39 56
39 57
39 61
39 63
39 65
39 70
39 73
39 74
39 76
39 79
39 80
39 81
39 82
39 86
39 88
39 89
39 91
39 92
39 93
39 97
39 100
39 102
39 103
39 107
39 109
39 110
39 114
39 118
39 122
39 124
39 126
39 127
40 3
40 9
40 10
40 15
40 16
40 19
40 25
40 26
40 27
40 33
40 35
40 40
40 42
40 44
40 45
40 46
40 47
40 49
40 50
40 51
40 52
40 57
40 58
40 59
40 61
40 62
40 66
40 67
40 68
40 70
40 72
40 73
40 74
40 76
40 79
40 81
40 84
40 85
40 87
40 89
40 90
40 91
40 96
40 97
40 98
40 100
40 101
40 102
40 103
40 104
40 105
40 109
40 110
40 111
40 113
40 114
40 115
40 117
40 118
40 121
40 122
40 123
40 125
41 2
41 6
41 9
41 14
41 16
41 19
41 24
41 29
41 30
41 32
41 33
41 41
41 42
41 44
41 49
41 53
41 54
41 58
41 59
41 61
41 62
41 63
41 65
41 66
41 67
41 68
41 71
41 75
41 77
41 78
41 79
41 80
41 81
41 82
41 84
41 86
41 87
41 88
41 89
41 92
41 93
41 94
41 95
41 100
41 103
41 104
41 108
41 109
41 110
41 117
41 118
41 119
41 126
42 0
42 4
42 9
42 18
42 19
42 20
42 21
42 22
42 30
42 33
42 34
42 36
42 40
42 44
42 46
42 47
42 49
42 52
42 54
42 56
42 61
42 65
42 67
42 69
42 71
42 72
42 75
42 77
42 86
42 89
42 91
42 93
42 94
42 103
42 106
42 107
42 109
42 110
42 112
42 115
42 116
42 117
42 122
42 125
42 126
43 1
43 3
43 5
43 7
43 9
43 14
43 15
43 18
43 19
43 20
43 21
43 30
43 33
43 39
43 40
43 43
43 46
43 49
43 51
43 58
43 64
43 65
43 67
43 72
43 74
43 76
43 77
43 81
43 83
43 93
43 96
43 101
43 104
43 111
43 116
43 118
43 119
43 121
43 126
44 1
44 9
44 11
44 12
44 13
44 14
44 15
44 16
44 18
44 22
44 26
44 27
44 28
44 29
44 30
44 34
44 39
44 41
44 44
44 45
44 46
44 49
44 50
44 53
44 55
44 57
44 58
44 59
44 60
44 61
44 62
44 66
44 69
44 70
44 71
44 72
44 74
44 77
44 78
44 79
44 81
44 82
44 83
44 84
44 86
44 94
44 95
44 97
44 98
44 99
44 100
44 101
44 104
44 108
44 111
44 112
44 114
44 125
44 126
44 127
45 2
45 5
45 14
45 15
45 18
45 19
45 20
45 22
45 24
45 25
45 26
45 29
45 31
45 36
45 37
45 40
45 46
45 48
45 51
45 54
45 56
45 57
45 63
45 64
45 65
45 67
45 68
45 69
45 72
45 74
45 75
45 76
45 82
45 91
45 92
45 96
45 98
45 99
45 100
45 101
45 102
45 103
45 106
45 111
45 115
45 116
45 120
45 122
45 123
45 126
46 0
46 3
46 9
46 12
46 15
46 16
46 20
46 29
46 35
46 38
46 39
46 43
46 46
46 49
46 52
46 61
46 67
46 68
46 69
46 71
46 73
46 76
46 82
46 83
46 87
46 90
46 93
46 94
46 95
46 105
46 108
46 110
46 112
46 114
46 115
46 116
46 121
46 124
47 7
47 9
47 12
47 14
47 15
47 16
47 20
47 25
47 27
47 29
47 32
47 33
47 34
47 36
47 39
47 44
47 46
47 47
47 49
47 50
47 53
47 55
47 62
47 65
47 67
47 68
47 69
47 71
47 72
47 75
47 76
47 77
47 78
47 80
47 83
47 84
47 87
47 90
47 92
47 93
47 94
47 95
47 98
47 109
47 111
47 116
47 120
47 121
47 122
47 123
47 125
47 127
48 1
48 2
48 3
48 4
48 5
48 8
48 12
48 15
48 16
48 17
48 18
48 19
48 20
48 21
48 22
48 23
48 24
48 25
48 27
48 29
48 31
48 32
48 33
48 34
48 38
48 39
48 41
48 42
48 43
48 49
48 50
48 52
48 57
48 59
48 65
48 66
48 67
48 68
48 69
48 70
48 73
48 75
48 76
48 80
48 85
48 86
48 87
48 91
48 98
48 100
48 101
48 103
48 104
48 106
48 108
48 112
48 113
48 114
48 115
48 116
48 126
49 0
49 4
49 6
49 7
49 16
49 17
49 19
49 21
49 24
49 28
49 31
49 33
49 35
49 41
49 44
49 48
49 50
49 51
49 55
49 58
49 59
49 61
49 64
49 65
49 70
49 71
49 72
49 74
49 75
49 81
49 82
49 85
49 87
49 89
49 90
49 93
49 99
49 100
49 105
49 107
49 110
49 112
49 115
49 117
49 118
49 121
49 122
49 123
49 124
49 127
50 0
50 1
50 4
50 5
50 6
50 11
50 14
50 17
50 19
50 22
50 23
50 25
50 28
50 34
50 38
50 43
50 46
50 55
50 57
50 58
50 60
50 68
50 72
50 78
50 79
50 92
50 94
50 95
50 97
50 99
50 103
50 105
50 109
50 112
50 113
50 116
50 117
50 119
50 121
50 122
50 125
51 0
51 1
51 6
51 12
51 16
51 18
51 20
51 24
51 27
51 28
51 30
51 32
51 33
51 35
51 37
51 44
51 45
51 48
51 49
51 51
51 52
51 54
51 55
51 57
51 59
51 65
51 68
51 69
51 71
51 72
51 74
51 77
51 80
51 82
51 83
51 85
51 86
51 90
51 93
51 100
51 103
51 104
51 105
51 106
51 110
51 111
51 116
51 120
51 121
51 125
51 127
52 3
52 7
52 10
52 11
52 12
52 14
52 17
52 18
52 19
52 20
52 23
52 24
52 30
52 32
52 35
52 38
52 41
52 42
52 43
52 45
52 46
52 55
52 58
52 59
52 61
52 63
52 64
52 75
52 77
52 81
52 85
52 91
52 92
52 94
52 95
52 98
52 99
52 100
52 101
52 105
52 110
52 112
52 117
53 4
53 7
53 10
53 11
53 12
53 14
53 17
53 21
53 22
53 25
53 30
53 39
53 40
53 41
53 42
53 43
53 44
53 45
53 46
53 50
53 55
53 56
53 60
53 61
53 65
53 66
53 67
53 68
53 69
53 75
53 77
53 79
53 81
53 84
53 86
53 88
53 89
53 90
53 91
53 92
53 94
53 95
53 96
53 99
53 101
53 108
53 112
53 113
53 115
53 117
53 119
53 122
53 127
54 0
54 1
54 3
54 4
54 5
54 7
54 8
54 10
54 11
54 15
54 19
54 20
54 23
54 24
54 25
54 26
54 27
54 28
54 30
54 32
54 33
54 39
54 41
54 42
54 49
54 51
54 52
54 54
54 57
54 58
54 61
54 65
54 66
54 69
54 72
54 73
54 74
54 78
54 80
54 81
54 82
54 87
54 88
54 89
54 90
54 91
54 92
54 93
54 96
54 97
54 99
54 101
54 102
54 103
54 105
54 106
54 107
54 111
54 112
54 114
54 115
54 122
54 124
55 0
55 1
55 2
55 6
55 9
55 10
55 15
55 17
55 20
55 21
55 22
55 23
55 24
55 26
55 27
55 29
55 32
55 33
55 34
55 38
55 40
55 48
55 49
55 52
55 54
55 55
55 58
55 60
55 61
55 62
55 63
55 69
55 70
55 71
55 72
55 73
55 74
55 85
55 89
55 91
55 92
55 96
55 99
55 100
55 101
55 102
55 105
55 107
55 108
55 110
55 113
55 117
55 118
55 119
55 127
56 5
56 9
56 11
56 12
56 19
56 21
56 23
56 24
56 27
56 28
56 30
56 32
56 35
56 40
56 41
56 44
56 48
56 50
56 51
56 54
56 55
56 58
56 60
56 64
56 65
56 67
56 74
56 75
56 78
56 81
56 83
56 85
56 86
56 90
56 94
56 95
56 96
56 99
56 100
56 102
56 108
56 110
56 111
56 114
56 115
56 120
56 122
56 124
57 3
57 6
57 7
57 9
57 10
57 11
57 12
57 15
57 16
57 17
57 18
57 21
57 22
57 29
57 30
57 31
57 35
57 39
57 42
57 43
57 45
57 52
57 53
57 57
57 59
57 61
57 67
57 74
57 75
57 77
57 79
57 82
57 83
57 85
57 86
57 89
57 91
57 93
57 99
57 101
57 103
57 105
57 106
57 107
57 110
57 112
57 113
57 117
57 118
57 120
57 122
57 124
57 125
57 127
58 0
58 4
58 7
58 8
58 14
58 17
58 19
58 21
58 26
58 27
58 30
58 32
58 34
58 37
58 38
58 44
58 45
58 46
58 47
58 48
58 49
58 50
58 51
58 53
58 55
58 56
58 58
58 59
58 61
58 63
58 64
58 66
58 70
58 71
58 72
58 76
58 80
58 87
58 92
58 93
58 99
58 103
58 106
58 107
58 108
58 110
58 111
58 113
58 119
58 120
58 123
58 127
59 2
59 7
59 12
59 16
59 17
59 18
59 19
59 23
59 24
59 25
59 27
59 28
59 34
59 35
59 36
59 37
59 38
59 41
59 42
59 48
59 49
59 50
59 52
59 54
59 56
59 57
59 59
59 63
59 65
59 66
59 70
59 71
59 75
59 76
59 77
59 78
59 79
59 80
59 84
59 85
59 86
59 89
59 90
59 92
59 95
59 97
59 100
59 101
59 102
59 107
59 108
59 109
59 113
59 114
59 117
59 120
59 123
59 125
59 127
60 1
60 5
60 6
60 9
60 11
60 12
60 13
60 15
60 16
60 17
60 18
60 19
60 27
60 31
60 32
60 33
60 34
60 37
60 39
60 45
60 51
60 55
60 59
60 60
60 62
60 66
60 67
60 68
60 74
60 76
60 80
60 81
60 83
60 86
60 88
60 90
60 91
60 92
60 93
60 94
60 95
60 96
60 98
60 100
60 110
60 116
60 118
60 119
60 122
61 2
61 3
61 5
61 6
61 7
61 8
61 12
61 14
61 15
61 20
61 24
61 26
61 28
61 31
61 32
61 42
61 44
61 50
61 52
61 54
61 61
61 62
61 64
61 65
61 66
61 67
61 68
61 69
61 71
61 72
61 74
61 75
61 82
61 83
61 88
61 90
61 91
61 93
61 96
61 97
61 98
61 100
61 102
61 105
61 107
61 108
61 113
61 117
61 118
61 121
61 123
62 0
62 2
62 4
62 7
62 9
62 15
62 16
62 18
62 19
62 20
62 22
62 24
62 25
62 26
62 29
62 30
62 31
62 35
62 38
62 41
62 42
62 43
62 46
62 48
62 49
62 51
62 55
62 62
62 65
62 66
62 67
62 71
62 72
62 77
62 78
62 80
62 82
62 90
62 91
62 94
62 97
62 99
62 103
62 104
62 105
62 106
62 111
62 114
62 116
62 117
62 119
62 120
62 121
62 125
62 127
63 1
63 2
63 4
63 6
63 13
63 16
63 19
63 23
63 26
63 29
63 30
63 34
63 35
63 38
63 39
63 43
63 45
63 48
63 49
63 50
63 52
63 55
63 57
63 59
63 60
63 61
63 62
63 67
63 70
63 73
63 76
63 80
63 89
63 99
63 104
63 112
63 116
63 117
63 119
63 120
63 121
63 124
63 126
64 1
64 5
64 7
64 8
64 10
64 11
64 12
64 14
64 16
64 21
64 22
64 23
64 24
64 25
64 26
64 29
64 32
64 34
64 35
64 37
64 39
64 44
64 45
64 46
64 47
64 49
64 51
64 55
64 56
64 59
64 68
64 71
64 74
64 76
64 78
64 80
64 86
64 87
64 91
64 92
64 93
64 94
64 96
64 98
64 99
64 106
64 109
64 112
64 113
64 114
64 117
64 120
64 123
65 0
65 2
65 6
65 8
65 10
65 14
65 15
65 18
65 19
65 20
65 21
65 25
65 27
65 28
65 29
65 31
65 33
65 34
65 37
65 38
65 39
65 40
65 42
65 43
65 44
65 45
65 47
65 60
65 63
65 64
65 68
65 72
65 73
65 77
65 79
65 80
65 83
65 84
65 86
65 89
65 90
65 93
65 94
65 97
65 99
65 101
65 104
65 105
65 106
65 111
65 113
65 114
65 115
65 117
65 120
65 122
65 125
65 126
66 0
66 1
66 3
66 4
66 9
66 12
66 16
66 19
66 23
66 24
66 27
66 30
66 37
66 39
66 40
66 48
66 50
66 57
66 58
66 64
66 67
66 75
66 77
66 79
66 81
66 85
66 87
66 97
66 101
66 102
66 106
66 110
66 113
66 119
66 121
66 125
66 127
67 0
67 2
67 4
67 7
67 11
67 12
67 15
67 16
67 17
67 19
67 23
67 28
67 30
67 32
67 36
67 37
67 40
67 41
67 47
67 48
67 51
67 54
67 61
67 64
67 69
67 73
67 80
67 82
67 84
67 86
67 87
67 92
67 93
67 95
67 96
67 97
67 100
67 103
67 104
67 105
67 111
67 113
67 114
67 115
67 116
67 119
67 120
67 121
67 123
67 124
67 125
67 126
68 5
68 6
68 10
68 12
68 16
68 20
68 21
68 22
68 26
68 28
68 33
68 37
68 38
68 39
68 40
68 41
68 43
68 44
68 56
68 58
68 59
68 63
68 68
68 70
68 76
68 79
68 81
68 83
68 86
68 88
68 90
68 91
68 94
68 101
68 104
68 108
68 110
68 113
68 114
68 117
68 118
68 119
68 123
68 124
68 125
68 127
69 0
69 1
69 3
69 4
69 9
69 11
69 17
69 21
69 26
69 27
69 28
69 29
69 31
69 35
69 36
69 38
69 39
69 40
69 43
69 44
69 48
69 52
69 53
69 55
69 57
69 62
69 69
69 70
69 77
69 83
69 84
69 87
69 89
69 95
69 96
69 102
69 105
69 106
69 108
69 112
69 116
69 119
69 120
69 121
69 126
70 2
70 8
70 9
70 11
70 13
70 15
70 19
70 20
70 25
70 27
70 30
70 35
70 37
70 41
70 42
70 43
70 46
70 48
70 56
70 58
70 59
70 61
70 62
70 66
70 72
70 77
70 82
70 84
70 88
70 89
70 91
70 92
70 96
70 99
70 101
70 106
70 107
70 108
70 111
70 115
70 117
70 120
70 125
70 127
71 0
71 3
71 8
71 9
71 10
71 13
71 14
71 15
71 16
71 18
71 20
71 26
71 27
71 28
71 35
71 39
71 40
71 42
71 44
71 45
71 47
71 48
71 50
71 51
71 58
71 59
71 61
71 62
71 63
71 64
71 68
71 70
71 79
71 80
71 88
71 89
71 91
71 92
71 93
71 100
71 104
71 111
71 112
71 116
71 122
71 123
71 124
71 127
72 1
72 2
72 3
72 9
72 15
72 17
72 18
72 22
72 23
72 27
72 28
72 35
72 36
72 37
72 38
72 43
72 44
72 45
72 47
72 49
72 52
72 55
72 56
72 59
72 60
72 62
72 66
72 69
72 71
72 74
72 78
72 79
72 87
72 91
72 93
72 95
72 96
72 99
72 101
72 102
72 103
72 105
72 107
72 108
72 110
72 113
72 117
72 119
72 120
72 124
72 127
73 3
73 4
73 5
73 6
73 7
73 11
73 12
73 13
73 14
73 16
73 18
73 20
73 26
73 27
73 28
73 30
73 32
73 34
73 41
73 42
73 43
73 47
73 49
73 50
73 54
73 60
73 62
73 66
73 68
73 72
73 74
73 77
73 78
73 81
73 83
73 84
73 88
73 90
73 92
73 93
73 94
73 101
73 103
73 107
73 108
73 109
73 112
73 113
73 114
73 116
73 119
73 121
73 124
73 125
73 126
74 4
74 5
74 6
74 9
74 10
74 11
74 13
74 19
74 20
74 21
74 22
74 23
74 26
74 28
74 30
74 35
74 37
74 38
74 39
74 41
74 44
74 45
74 46
74 47
74 49
74 50
74 54
74 55
74 56
74 60
74 61
74 62
74 65
74 70
74 71
74 72
74 73
74 76
74 81
74 84
74 89
74 93
74 94
74 95
74 96
74 97
74 98
74 103
74 105
74 106
74 108
74 110
74 112
74 114
74 115
74 117
74 122
74 124
74 125
74 126
75 1
75 6
75 10
75 11
75 12
75 14
75 15
75 16
75 18
75 20
75 21
75 26
75 27
75 28
75 29
75 30
75 32
75 33
75 34
75 37
75 38
75 39
75 40
75 43
75 44
75 47
75 48
75 50
75 52
75 53
75 57
75 58
75 63
75 66
75 67
75 69
75 70
75 73
75 74
75 75
75 76
75 79
75 80
75 84
75 87
75 90
75 95
75 98
75 100
75 102
75 108
75 109
75 110
75 111
75 112
75 113
75 115
75 116
75 117
75 123
75 124
75 125
76 10
76 11
76 12
76 16
76 17
76 19
76 21
76 23
76 24
76 25
76 27
76 28
76 29
76 32
76 33
76 34
76 36
76 38
76 44
76 49
76 60
76 61
76 62
76 63
76 65
76 67
76 69
76 72
76 73
76 79
76 82
76 83
76 84
76 89
76 93
76 96
76 98
76 100
76 101
76 102
76 103
76 104
76 105
76 111
76 112
76 114
76 116
76 117
76 118
76 120
76 122
76 127
77 1
77 4
77 5
77 10
77 11
77 12
77 13
77 16
77 17
77 19
77 23
77 25
77 26
77 27
77 28
77 33
77 34
77 35
77 36
77 43
77 44
77 45
77 47
77 49
77 50
77 51
77 55
77 56
77 62
77 64
77 65
77 67
77 69
77 72
77 77
77 78
77 79
77 81
77 83
77 84
77 89
77 91
77 92
77 94
77 95
77 99
77 101
77 103
77 105
77 107
77 109
77 110
77 111
77 113
77 115
77 118
77 121
77 123
77 124
77 125
77 126
78 3
78 5
78 10
78 11
78 13
78 18
78 20
78 21
78 23
78 24
78 25
78 26
78 29
78 31
78 32
78 35
78 37
78 38
78 39
78 40
78 43
78 47
78 48
78 49
78 50
78 51
78 53
78 58
78 59
78 62
78 65
78 67
78 68
78 72
78 74
78 75
78 76
78 77
78 79
78 80
78 82
78 83
78 86
78 88
78 92
78 93
78 94
78 98
78 99
78 109
78 111
78 113
78 114
78 115
78 118
78 120
78 121
78 123
78 127
79 1
79 3
79 4
79 9
79 10
79 14
79 15
79 19
79 21
79 23
79 24
79 27
79 29
79 32
79 33
79 34
79 35
79 38
79 40
79 43
79 46
79 49
79 52
79 58
79 59
79 61
79 65
79 71
79 72
79 73
79 74
79 76
79 81
79 83
79 86
79 89
79 90
79 93
79 95
79 97
79 103
79 108
79 109
79 115
79 117
79 119
79 125
79 127
80 2
80 3
80 4
80 11
80 13
80 15
80 16
80 22
80 25
80 28
80 33
80 35
80 37
80 41
80 47
80 56
80 57
80 58
80 61
80 62
80 66
80 71
80 80
80 88
80 90
80 93
80 94
80 104
80 106
80 107
80 108
80 110
80 111
80 112
80 113
80 118
80 119
80 121
80 123
80 126
81 2
81 3
81 4
81 6
81 7
81 8
81 9
81 10
81 12
81 22
81 23
81 26
81 28
81 29
81 34
81 37
81 38
81 39
81 41
81 42
81 44
81 50
81 52
81 55
81 56
81 61
81 62
81 71
81 75
81 76
81 77
81 80
81 83
81 85
81 86
81 87
81 89
81 93
81 96
81 100
81 101
81 105
81 108
81 113
81 117
81 120
81 121
81 122
81 123
81 124
81 127
82 2
82 3
82 6
82 8
82 15
82 18
82 21
82 22
82 25
82 27
82 28
82 30
82 32
82 38
82 41
82 42
82 48
82 53
82 54
82 56
82 59
82 65
82 67
82 70
82 74
82 77
82 78
82 81
82 83
82 87
82 88
82 93
82 97
82 99
82 101
82 103
82 108
82 109
82 111
82 112
82 115
82 119
82 121
82 124
83 1
83 2
83 3
83 10
83 13
83 14
83 15
83 21
83 23
83 24
83 26
83 33
83 34
83 35
83 38
83 45
83 47
83 49
83 55
83 58
83 64
83 67
83 74
83 75
83 79
83 80
83 84
83 85
83 87
83 90
83 91
83 96
83 97
83 98
83 100
83 102
83 106
83 108
83 110
83 111
83 117
83 118
83 124
83 125
84 1
84 4
84 8
84 9
84 10
84 11
84 12
84 14
84 18
84 21
84 22
84 28
84 31
84 32
84 33
84 37
84 38
84 41
84 44
84 48
84 49
84 51
84 61
84 64
84 68
84 69
84 74
84 79
84 80
84 81
84 83
84 84
84 88
84 89
84 90
84 92
84 95
84 97
84 98
84 99
84 101
84 104
84 107
84 108
84 110
84 111
84 114
84 115
84 117
84 118
84 122
84 123
84 124
84 126
84 127
85 4
85 6
85 9
85 13
85 15
85 24
85 25
85 26
85 29
85 49
85 50
85 51
85 52
85 53
85 56
85 59
85 63
85 65
85 66
85 68
85 70
85 72
85 74
85 76
85 77
85 78
85 82
85 84
85 86
85 90
85 91
85 92
85 94
85 95
85 96
85 97
85 100
85 101
85 102
85 111
85 112
85 119
85 121
85 122
85 125
85 126
86 4
86 5
86 8
86 11
86 21
86 26
86 27
86 31
86 36
86 37
86 38
86 40
86 42
86 43
86 45
86 47
86 55
86 56
86 57
86 58
86 60
86 61
86 68
86 69
86 70
86 73
86 74
86 76
86 77
86 83
86 86
86 87
86 90
86 95
86 100
86 103
86 104
86 106
86 107
86 110
86 112
86 114
86 115
86 116
86 119
86 120
86 124
86 125
87 12
87 13
87 14
87 17
87 20
87 22
87 24
87 26
87 27
87 30
87 33
87 37
87 38
87 39
87 42
87 45
87 47
87 57
87 61
87 64
87 65
87 70
87 72
87 74
87 77
87 81
87 83
87 87
87 91
87 94
87 97
87 98
87 104
87 106
87 111
87 112
87 113
87 114
87 116
87 117
87 120
87 121
87 126
87 127
88 0
88 2
88 4
88 6
88 7
88 8
88 11
88 12
88 16
88 19
88 20
88 21
88 22
88 23
88 24
88 31
88 35
88 36
88 37
88 40
88 41
88 42
88 43
88 44
88 45
88 49
88 53
88 55
88 60
88 62
88 63
88 67
88 69
88 71
88 72
88 73
88 78
88 80
88 81
88 82
88 84
88 85
88 86
88 87
88 89
88 90
88 91
88 93
88 94
88 96
88 101
88 104
88 108
88 115
88 118
88 120
88 121
88 122
88 126
88 127
89 0
89 3
89 7
89 12
89 17
89 19
89 22
89 24
89 29
89 30
89 32
89 33
89 34
89 35
89 41
89 45
89 46
89 48
89 49
89 52
89 53
89 54
89 59
89 64
89 65
89 66
89 67
89 76
89 78
89 80
89 81
89 84
89 85
89 88
89 96
89 102
89 104
89 105
89 108
89 109
89 110
89 113
89 114
89 115
89 116
89 121
89 124
89 126
90 2
90 3
90 4
90 6
90 7
90 12
90 13
90 14
90 15
90 16
90 17
90 18
90 21
90 22
90 25
90 28
90 29
90 30
90 31
90 32
90 35
90 44
90 46
90 48
90 50
90 51
90 52
90 58
90 59
90 61
90 64
90 70
90 71
90 72
90 74
90 81
90 86
90 87
90 88
90 92
90 93
90 96
90 97
90 98
90 107
90 113
90 116
90 118
90 119
90 121
90 124
90 125
90 126
91 0
91 6
91 10
91 12
91 18
91 21
91 29
91 40
91 45
91 46
91 48
91 50
91 55
91 59
91 60
91 64
91 66
91 71
91 72
91 73
91 75
91 77
91 79
91 81
91 83
91 85
91 89
91 92
91 93
91 96
91 99
91 100
91 101
91 102
91 105
91 109
91 110
91 112
91 113
91 114
91 118
91 119
91 126
92 2
92 7
92 11
92 13
92 17
92 23
92 24
92 28
92 30
92 31
92 34
92 35
92 38
92 40
92 41
92 46
92 52
92 53
92 60
92 61
92 62
92 64
92 69
92 70
92 71
92 72
92 74
92 79
92 83
92 85
92 86
92 88
92 94
92 96
92 97
92 98
92 102
92 103
92 105
92 106
92 111
92 112
92 116
92 119
92 120
92 121
92 122
92 124
92 127
93 0
93 2
93 3
93 13
93 16
93 17
93 18
93 19
93 20
93 27
93 30
93 34
93 35
93 38
93 42
93 50
93 53
93 55
93 56
93 60
93 64
93 66
93 67
93 68
93 70
93 75
93 76
93 77
93 78
93 83
93 84
93 87
93 91
93 95
93 98
93 102
93 105
93 106
93 107
93 109
93 110
93 114
93 115
93 116
93 121
94 3
94 4
94 5
94 7
94 11
94 14
94 15
94 17
94 19
94 21
94 23
94 28
94 29
94 33
94 34
94 35
94 36
94 37
94 42
94 44
94 47
94 48
94 50
94 51
94 52
94 53
94 55
94 60
94 62
94 64
94 65
94 68
94 72
94 73
94 80
94 83
94 84
94 87
94 89
94 99
94 103
94 114
94 115
94 116
94 120
94 125
94 126
95 0
95 12
95 14
95 16
95 17
95 22
95 25
95 28
95 31
95 37
95 39
95 40
95 42
95 43
95 48
95 50
95 54
95 56
95 57
95 58
95 63
95 64
95 65
95 67
95 68
95 69
95 74
95 77
95 78
95 83
95 84
95 85
95 86
95 91
95 92
95 93
95 95
95 96
95 98
95 99
95 100
95 108
95 112
95 113
95 117
95 121
95 122
95 124
95 125
95 126
95 127
96 1
96 2
96 4
96 5
96 9
96 11
96 12
96 13
96 14
96 15
96 16
96 18
96 19
96 20
96 22
96 26
96 28
96 31
96 36
96 38
96 47
96 48
96 53
96 56
96 57
96 59
96 60
96 63
96 66
96 69
96 74
96 75
96 77
96 80
96 84
96 85
96 87
96 89
96 91
96 94
96 98
96 99
96 103
96 105
96 108
96 110
96 113
96 116
96 117
96 118
96 123
96 124
96 125
96 127
97 1
97 2
97 3
97 5
97 6
97 10
97 11
97 12
97 13
97 14
97 19
97 20
97 23
97 27
97 30
97 31
97 32
97 36
97 38
97 40
97 42
97 43
97 47
97 48
97 50
97 51
97 59
97 63
97 64
97 65
97 67
97 71
97 72
97 73
97 74
97 75
97 78
97 79
97 81
97 82
97 87
97 88
97 89
97 91
97 93
97 94
97 98
97 99
97 104
97 108
97 111
97 113
97 114
97 119
97 125
98 0
98 2
98 5
98 6
98 8
98 9
98 12
98 13
98 17
98 19
98 22
98 24
98 25
98 26
98 30
98 31
98 34
98 42
98 43
98 44
98 45
98 46
98 47
98 54
98 56
98 57
98 58
98 59
98 60
98 62
98 67
98 68
98 69
98 72
98 73
98 76
98 78
98 83
98 85
98 86
98 88
98 91
98 99
98 100
98 101
98 102
98 103
98 104
98 110
98 111
98 115
98 118
98 120
98 123
98 124
98 127
99 0
99 2
99 3
99 7
99 12
99 13
99 17
99 20
99 29
99 30
99 31
99 32
99 34
99 36
99 37
99 39
99 40
99 41
99 43
99 44
99 45
99 46
99 48
99 54
99 58
99 63
99 64
99 67
99 75
99 77
99 79
99 89
99 92
99 93
99 94
99 96
99 99
99 101
99 103
99 105
99 110
99 112
99 115
99 116
99 117
99 119
99 120
99 121
99 124
99 125
99 126
100 1
100 6
100 8
100 9
100 16
100 19
100 21
100 23
100 24
100 25
100 28
100 29
100 30
100 33
100 34
100 36
100 39
100 40
100 42
100 44
100 49
100 50
100 51
100 52
100 53
100 54
100 57
100 61
100 63
100 66
100 68
100 69
100 78
100 79
100 80
100 82
100 87
100 88
100 90
100 91
100 92
100 95
100 96
100 99
100 100
100 101
100 102
100 104
100 105
100 108
100 114
100 122
100 125
101 3
101 4
101 11
101 17
101 18
101 19
101 21
101 23
101 25
101 29
101 34
101 36
101 43
101 44
101 45
101 50
101 51
101 53
101 58
101 59
101 61
101 62
101 65
101 67
101 71
101 80
101 81
101 83
101 88
101 96
101 102
101 104
101 107
101 110
101 112
101 113
101 115
101 116
101 117
101 120
101 121
101 125
101 126
102 3
102 7
102 10
102 12
102 13
102 20
102 25
102 37
102 39
102 41
102 49
102 50
102 51
102 52
102 53
102 58
102 59
102 61
102 63
102 64
102 66
102 68
102 69
102 72
102 73
102 74
102 86
102 87
102 89
102 91
102 95
102 96
102 97
102 98
102 100
102 110
102 113
102 114
102 116
102 120
102 123
102 125
102 127
103 0
103 1
103 6
103 8
103 9
103 10
103 11
103 13
103 14
103 15
103 16
103 18
103 19
103 20
103 21
103 22
103 25
103 26
103 29
103 30
103 32
103 33
103 34
103 35
103 38
103 39
103 42
103 44
103 46
103 49
103 51
103 53
103 54
103 55
103 56
103 57
103 58
103 61
103 64
103 65
103 66
103 69
103 70
103 71
103 74
103 75
103 76
103 78
103 79
103 83
103 89
103 90
103 91
103 92
103 96
103 104
103 106
103 108
103 109
103 116
103 117
103 120
103 121
103 125
103 126
103 127
104 0
104 1
104 2
104 3
104 6
104 10
104 14
104 18
104 21
104 23
104 24
104 28
104 29
104 30
104 34
104 35
104 38
104 40
104 41
104 43
104 44
104 45
104 47
104 49
104 51
104 52
104 53
104 56
104 57
104 63
104 64
104 68
104 70
104 72
104 74
104 75
104 79
104 80
104 82
104 85
104 87
104 88
104 93
104 94
104 97
104 102
104 104
104 105
104 108
104 111
104 115
104 116
104 123
104 125
105 0
105 2
105 3
105 5
105 6
105 7
105 8
105 9
105 10
105 14
105 15
105 18
105 20
105 22
105 25
105 28
105 29
105 30
105 31
105 33
105 38
105 39
105 51
105 52
105 54
105 55
105 57
105 58
105 59
105 61
105 66
105 67
105 69
105 70
105 72
105 75
105 76
105 78
105 81
105 84
105 88
105 89
105 90
105 91
105 92
105 97
105 100
105 103
105 106
105 107
105 110
105 113
105 116
105 119
105 121
105 122
105 124
105 125
105 126
106 0
106 1
106 3
106 5
106 9
106 11
106 13
106 14
106 17
106 18
106 20
106 26
106 27
106 29
106 32
106 34
106 41
106 42
106 43
106 44
106 48
106 50
106 51
106 53
106 54
106 57
106 61
106 72
106 75
106 76
106 79
106 80
106 82
106 83
106 84
106 85
106 86
106 87
106 91
106 94
106 96
106 98
106 99
106 103
106 104
106 110
106 111
106 115
106 117
106 119
106 122
106 124
107 0
107 4
107 5
107 6
107 9
107 12
107 17
107 20
107 21
107 26
107 27
107 31
107 34
107 35
107 36
107 37
107 43
107 44
107 45
107 46
107 53
107 54
107 56
107 57
107 58
107 59
107 61
107 62
107 66
107 67
107 68
107 72
107 76
107 77
107 78
107 80
107 84
107 86
107 87
107 91
107 94
107 98
107 101
107 102
107 104
107 108
107 112
107 116
107 117
107 118
107 119
107 124
107 127
108 0
108 3
108 4
108 8
108 12
108 13
108 15
108 16
108 17
108 18
108 20
108 21
108 23
108 24
108 25
108 27
108 28
108 31
108 32
108 33
108 34
108 40
108 43
108 47
108 48
108 49
108 50
108 52
108 54
108 57
108 59
108 60
108 61
108 64
108 70
108 72
108 74
108 77
108 83
108 85
108 88
108 93
108 94
108 103
108 107
108 114
108 115
108 116
108 119
108 122
108 126
108 127
109 3
109 6
109 9
109 13
109 14
109 15
109 17
109 18
109 24
109 25
109 26
109 27
109 29
109 31
109 37
109 39
109 42
109 46
109 48
109 49
109 50
109 52
109 55
109 56
109 58
109 59
109 65
109 66
109 67
109 71
109 72
109 74
109 78
109 79
109 80
109 82
109 83
109 84
109 88
109 89
109 92
109 93
109 95
109 99
109 104
109 111
109 113
109 119
109 122
109 123
109 126
109 127
110 0
110 1
110 3
110 4
110 6
110 11
110 15
110 16
110 17
110 18
110 21
110 23
110 25
110 26
110 32
110 33
110 37
110 41
110 44
110 45
110 47
110 48
110 51
110 53
110 54
110 55
110 56
110 57
110 59
110 60
110 63
110 67
110 72
110 77
110 81
110 84
110 86
110 90
110 95
110 97
110 103
110 104
110 105
110 109
110 111
110 113
110 115
110 118
110 123
110 125
110 126
110 127
111 0
111 1
111 3
111 4
111 5
111 9
111 11
111 12
111 15
111 16
111 18
111 23
111 24
111 25
111 28
111 29
111 31
111 33
111 39
111 40
111 41
111 43
111 45
111 46
111 47
111 48
111 49
111 50
111 51
111 52
111 53
111 54
111 57
111 63
111 64
111 67
111 68
111 69
111 73
111 79
111 81
111 82
111 84
111 85
111 87
111 88
111 90
111 92
111 93
111 95
111 99
111 100
111 102
111 105
111 106
111 111
111 112
111 114
111 115
111 118
111 120
111 125
111 127
112 3
112 8
112 9
112 16
112 17
112 18
112 20
112 21
112 22
112 23
112 26
112 27
112 28
112 29
112 30
112 31
112 36
112 40
112 45
112 50
112 52
112 54
112 57
112 58
112 59
112 61
112 62
112 63
112 64
112 66
112 71
112 75
112 79
112 85
112 86
112 87
112 88
112 91
112 93
112 97
112 99
112 104
112 106
112 107
112 111
112 112
112 113
112 114
112 116
112 119
112 121
112 122
112 126
112 127
113 1
113 3
113 11
113 12
113 13
113 15
113 16
113 17
113 18
113 21
113 24
113 25
113 26
113 28
113 32
113 33
113 35
113 37
113 38
113 40
113 42
113 49
113 54
113 56
113 57
113 58
113 60
113 62
113 64
113 65
113 67
113 68
113 69
113 73
113 74
113 79
113 80
113 86
113 89
113 92
113 93
113 95
113 96
113 97
113 99
113 101
113 102
113 106
113 113
113 117
113 121
113 124
113 127
114 0
114 2
114 5
114 6
114 7
114 8
114 9
114 11
114 12
114 14
114 16
114 17
114 20
114 22
114 24
114 26
114 31
114 32
114 33
114 39
114 43
114 44
114 48
114 53
114 55
114 60
114 61
114 62
114 64
114 66
114 71
114 72
114 73
114 74
114 75
114 78
114 79
114 83
114 85
114 86
114 88
114 89
114 91
114 92
114 93
114 94
114 97
114 103
114 106
114 107
114 110
114 113
114 114
114 117
114 123
114 124
114 125
114 126
115 2
115 4
115 6
115 7
115 12
115 16
115 17
115 19
115 21
115 22
115 23
115 29
115 30
115 32
115 34
115 36
115 38
115 41
115 43
115 46
115 47
115 51
115 55
115 56
115 59
115 60
115 63
115 65
115 67
115 70
115 73
115 75
115 76
115 77
115 78
115 87
115 88
115 93
115 94
115 95
115 98
115 100
115 103
115 104
115 106
115 108
115 111
115 112
115 113
115 118
115 122
115 123
115 124
115 127
116 1
116 2
116 3
116 9
116 10
116 11
116 13
116 14
116 15
116 17
116 18
116 24
116 31
116 32
116 33
116 34
116 35
116 36
116 37
116 40
116 41
116 43
116 44
116 47
116 50
116 54
116 55
116 56
116 65
116 66
116 70
116 71
116 72
116 78
116 79
116 81
116 82
116 83
116 87
116 96
116 98
116 99
116 102
116 106
116 107
116 108
116 111
116 113
116 116
116 119
116 122
116 123
116 125
116 126
117 1
117 3
117 6
117 8
117 13
117 19
117 20
117 21
117 23
117 24
117 25
117 26
117 32
117 33
117 38
117 39
117 42
117 44
117 47
117 50
117 51
117 56
117 58
117 59
117 63
117 64
117 68
117 70
117 71
117 76
117 86
117 87
117 91
117 95
117 99
117 100
117 104
117 105
117 106
117 108
117 111
117 112
117 113
117 114
117 117
117 119
117 120
117 121
117 122
117 125
118 2
118 5
118 7
118 9
118 10
118 12
118 13
118 17
118 23
118 24
118 25
118 26
118 28
118 29
118 30
118 36
118 41
118 42
118 53
118 56
118 57
118 59
118 60
118 63
118 64
118 69
118 73
118 75
118 76
118 78
118 83
118 85
118 90
118 92
118 98
118 99
118 104
118 108
118 110
118 112
118 113
118 115
118 116
118 117
118 120
118 121
118 124
118 125
118 127
119 2
119 3
119 4
119 6
119 7
119 12
119 13
119 14
119 15
119 16
119 17
119 18
119 20
119 21
119 28
119 29
119 35
119 36
119 37
119 41
119 42
119 43
119 49
119 53
119 55
119 56
119 61
119 63
119 65
119 66
119 68
119 69
119 70
119 71
119 80
119 81
119 82
119 83
119 84
119 85
119 90
119 91
119 92
119 97
119 98
119 102
119 103
119 107
119 112
119 117
119 121
119 126
119 127
120 2
120 7
120 8
120 10
120 14
120 16
120 17
120 18
120 19
120 20
120 22
120 23
120 24
120 25
120 27
120 33
120 38
120 39
120 41
120 43
120 49
120 51
120 55
120 58
120 59
120 60
120 63
120 66
120 67
120 71
120 73
120 74
120 81
120 84
120 89
120 90
120 92
120 95
120 97
120 98
120 100
120 105
120 106
120 109
120 110
120 114
120 120
120 121
120 122
121 0
121 1
121 3
121 6
121 11
121 12
121 13
121 20
121 22
121 24
121 26
121 27
121 32
121 34
121 35
121 36
121 38
121 39
121 40
121 41
121 42
121 47
121 48
121 50
121 52
121 53
121 54
121 56
121 58
121 59
121 64
121 65
121 69
121 71
121 72
121 77
121 85
121 86
121 87
121 90
121 96
121 97
121 103
121 104
121 105
121 106
121 107
121 109
121 122
121 123
121 127
122 6
122 7
122 9
122 12
122 14
122 19
122 23
122 25
122 27
122 28
122 32
122 34
122 36
122 37
122 39
122 41
122 42
122 44
122 48
122 51
122 53
122 54
122 55
122 60
122 63
122 64
122 67
122 68
122 74
122 77
122 79
122 81
122 82
122 91
122 96
122 98
122 99
122 100
122 101
122 102
122 103
122 104
122 105
122 109
122 110
122 111
122 112
122 114
122 119
122 125
122 126
122 127
123 2
123 5
123 9
123 10
123 12
123 15
123 16
123 19
123 20
123 23
123 24
123 26
123 27
123 29
123 30
123 32
123 35
123 36
123 37
123 40
123 42
123 43
123 52
123 55
123 56
123 57
123 59
123 62
123 63
123 68
123 69
123 70
123 72
123 76
123 77
123 78
123 79
123 82
123 86
123 88
123 90
123 93
123 101
123 104
123 106
123 108
123 109
123 115
123 117
123 118
123 123
123 126
123 127
124 0
124 3
124 4
124 8
124 9
124 13
124 14
124 15
124 17
124 19
124 20
124 21
124 27
124 29
124 31
124 33
124 36
124 48
124 50
124 52
124 56
124 57
124 58
124 59
124 62
124 66
124 67
124 71
124 73
124 74
124 75
124 78
124 79
124 82
124 86
124 87
124 89
124 90
124 94
124 95
124 98
124 99
124 100
124 103
124 106
124 109
124 110
124 111
124 113
124 114
124 116
124 120
124 124
124 125
124 126
124 127
125 0
125 11
125 13
125 14
125 16
125 19
125 22
125 23
125 26
125 28
125 30
125 37
125 41
125 44
125 46
125 51
125 52
125 54
125 56
125 58
125 59
125 61
125 66
125 70
125 76
125 77
125 78
125 83
125 86
125 87
125 89
125 90
125 93
125 98
125 100
125 103
125 108
125 109
125 110
125 111
125 116
125 117
125 120
125 125
126 0
126 5
126 9
126 12
126 13
126 17
126 18
126 19
126 20
126 21
126 27
126 30
126 36
126 37
126 41
126 42
126 43
126 44
126 47
126 49
126 52
126 59
126 60
126 61
126 65
126 67
126 69
126 71
126 72
126 75
126 76
126 79
126 80
126 82
126 83
126 84
126 86
126 87
126 88
126 92
126 94
126 100
126 101
126 105
126 108
126 109
126 113
126 115
126 119
126 121
126 123
126 125
126 127
127 0
127 2
127 3
127 4
127 5
127 9
127 12
127 13
127 24
127 26
127 29
127 31
127 34
127 35
127 36
127 38
127 42
127 43
127 45
127 46
127 52
127 53
127 56
127 60
127 61
127 63
127 65
127 66
127 68
127 77
127 80
127 84
127 85
127 87
127 88
127 89
127 90
127 91
127 98
127 99
127 103
127 108
127 110
127 111
127 113
127 114
127 115
127 116
127 117
127 122
127 124
