0 4
0 70
0 72
0 90
1 6
1 8
1 10
1 12
1 34
1 54
1 55
2 5
2 16
2 17
2 22
2 52
2 74
2 104
2 124
3 3
3 59
3 62
3 69
3 81
3 88
3 109
4 6
4 22
4 28
4 41
4 47
4 48
4 54
4 60
4 123
5 4
5 34
5 38
5 67
5 80
5 91
5 97
5 107
5 118
6 14
6 23
6 31
6 66
6 84
6 111
7 2
7 24
7 30
7 32
7 37
7 40
7 67
7 77
7 91
7 93
7 107
7 108
7 113
7 116
8 16
8 37
8 40
8 41
8 58
8 61
8 64
8 112
8 118
8 122
9 32
9 35
9 78
10 13
10 54
10 64
10 94
10 107
10 122
10 123
10 124
11 39
11 54
11 89
11 94
11 100
11 103
11 104
11 112
11 117
12 2
12 3
12 13
12 15
12 40
12 72
12 101
12 127
13 42
13 55
13 66
13 73
14 14
14 26
14 31
14 37
14 39
14 45
14 48
14 53
14 55
14 64
14 78
14 79
14 88
14 107
15 11
15 48
15 62
15 73
16 0
16 7
16 19
16 24
16 26
16 30
16 38
16 39
16 65
16 108
17 27
17 28
17 32
17 46
17 63
17 72
17 85
17 88
17 89
17 91
17 95
17 108
17 112
17 116
18 30
18 41
18 51
18 73
18 88
18 119
19 17
19 39
19 44
19 49
19 72
19 87
19 90
19 110
19 113
19 127
20 7
20 20
20 22
20 24
20 32
20 40
20 59
20 126
21 20
21 23
21 39
21 48
21 73
21 76
21 88
21 106
22 31
22 94
22 122
23 1
23 9
23 14
23 34
23 35
23 62
23 85
23 97
23 117
24 16
24 26
24 31
24 75
24 105
24 106
24 111
25 37
25 100
25 106
26 70
26 79
26 112
27 4
27 9
27 24
27 61
27 96
27 101
27 120
28 6
28 14
28 28
28 62
28 69
28 87
28 93
28 96
29 13
29 26
29 36
29 47
29 84
29 123
29 124
30 4
30 8
30 41
30 65
30 89
30 95
30 102
31 1
31 19
31 35
31 44
31 75
31 76
31 108
32 26
32 67
32 73
32 87
32 117
33 6
33 28
34 19
34 21
34 42
34 53
34 70
34 83
34 105
34 112
34 113
34 127
35 5
35 13
35 21
35 29
35 52
35 77
35 82
35 125
36 6
36 14
36 41
36 70
36 113
37 0
37 3
37 40
37 44
37 56
37 64
37 86
37 116
37 127
38 19
38 22
38 24
38 43
38 52
38 68
38 76
38 85
38 91
38 107
38 108
38 120
39 38
39 43
39 48
39 79
39 82
39 90
39 94
39 106
39 113
39 121
39 122
39 123
40 20
40 24
40 29
40 35
40 45
40 68
40 79
40 85
40 124
41 23
41 36
41 54
41 99
42 19
42 35
42 40
42 72
42 76
42 84
42 89
42 104
43 7
43 10
43 14
43 50
43 53
43 65
43 75
43 83
43 95
43 96
43 123
44 17
44 33
44 58
44 64
44 84
44 85
44 95
44 113
45 41
45 48
45 58
45 70
45 115
45 119
46 0
46 4
46 6
46 19
46 44
46 46
46 49
46 52
46 90
46 102
46 115
46 120
46 124
47 12
47 28
47 46
47 103
48 10
48 28
48 55
48 61
48 85
48 97
48 99
48 109
48 119
49 5
49 16
49 22
49 58
49 100
50 29
50 30
50 36
50 52
50 54
50 67
50 71
50 74
50 78
50 79
50 120
51 12
51 16
51 18
51 30
51 70
51 100
51 123
52 14
52 43
52 55
52 64
52 67
52 70
52 71
53 8
53 16
53 17
53 40
53 61
53 76
53 94
53 102
53 107
54 18
54 21
54 32
54 64
54 72
54 97
54 109
54 120
54 122
55 36
55 54
55 84
55 86
55 92
55 127
56 27
56 70
56 81
56 82
56 93
56 117
57 14
57 27
57 32
57 45
57 57
57 66
57 80
57 100
57 102
57 106
57 116
58 11
58 18
58 40
58 46
58 64
58 75
58 110
59 60
59 74
59 107
60 71
60 88
61 17
61 21
61 24
61 51
61 82
61 117
61 123
62 9
62 15
62 25
62 28
62 53
62 61
62 62
62 116
63 13
63 29
63 34
63 48
63 52
63 69
63 78
63 82
63 89
63 94
63 95
63 100
63 125
64 1
64 22
64 29
64 32
64 34
64 36
64 40
64 61
64 75
64 87
64 119
65 4
65 35
65 42
65 58
65 60
65 81
65 90
65 101
65 123
66 15
66 19
66 28
66 34
66 38
66 45
66 55
66 58
66 73
66 83
66 85
66 88
66 92
66 123
67 26
67 41
67 68
67 73
67 80
67 86
67 91
67 103
67 110
67 121
68 15
68 25
68 33
68 39
68 42
68 84
68 93
68 95
68 119
68 121
69 0
69 11
69 56
69 79
69 101
69 103
69 109
70 32
70 39
70 47
70 70
70 92
70 120
71 48
71 58
71 89
71 96
71 98
71 101
71 113
72 3
72 20
72 26
72 27
72 49
72 53
72 64
72 68
72 88
72 99
72 106
73 12
73 20
73 80
73 84
74 21
74 43
74 61
74 66
74 107
74 120
75 10
75 11
75 20
75 37
75 38
75 76
75 91
75 109
75 116
75 118
75 124
76 2
76 12
76 38
76 68
76 76
76 91
76 96
76 99
76 104
77 0
77 8
77 26
77 34
77 68
77 92
77 110
77 113
77 114
77 127
78 23
78 36
78 37
78 39
78 126
78 127
79 2
79 26
79 56
79 68
79 80
79 84
79 102
79 106
79 111
79 121
80 13
80 24
80 25
80 38
80 53
80 77
80 115
81 29
81 34
81 43
81 52
81 68
81 71
81 93
81 105
81 122
82 7
82 95
82 103
82 104
83 20
83 29
83 70
83 76
83 88
83 97
83 104
83 117
84 3
84 21
84 31
84 32
84 51
84 60
84 69
84 81
84 103
84 115
84 127
85 0
85 4
85 78
85 97
86 4
86 6
86 26
86 45
86 100
86 108
86 121
87 8
87 21
87 24
87 46
87 74
87 79
87 80
87 104
87 117
87 124
88 29
88 35
88 36
88 37
88 47
88 57
88 66
88 88
88 96
88 118
89 31
89 33
89 34
89 42
89 68
89 71
89 72
89 80
89 88
89 105
90 24
90 43
90 46
90 51
90 63
90 92
90 96
91 9
91 23
91 63
91 87
91 96
91 98
91 103
92 0
92 13
92 38
92 82
92 86
92 103
93 15
93 21
93 28
93 38
93 47
93 70
93 90
93 94
93 100
93 109
94 7
94 38
94 81
94 90
95 39
95 65
95 88
95 97
95 111
95 122
96 1
96 2
96 44
96 82
96 100
96 104
97 27
97 48
97 82
97 97
97 101
97 112
97 116
97 123
98 15
98 19
98 29
98 57
98 69
98 85
98 87
98 102
99 2
99 13
99 14
99 37
99 43
99 55
99 85
99 111
100 29
100 46
100 60
100 61
100 65
100 97
101 26
101 61
101 74
101 77
101 80
101 86
101 88
102 10
102 11
102 12
102 51
102 56
102 74
102 83
102 97
102 125
103 7
103 19
103 35
103 38
103 55
103 64
103 71
103 89
103 103
103 105
104 8
104 27
104 34
104 46
104 54
104 55
104 84
104 117
104 121
105 20
105 46
105 48
105 95
105 103
105 108
105 111
106 38
106 54
106 61
106 75
106 82
106 89
107 19
107 23
107 30
107 42
107 44
107 48
107 82
107 111
107 112
107 121
108 13
108 24
108 32
108 45
108 48
108 54
108 67
108 80
108 84
108 99
109 57
109 122
110 1
110 14
110 25
110 47
110 68
110 74
110 105
110 107
110 109
111 7
111 51
111 58
111 77
111 108
112 23
112 26
112 34
112 63
112 84
112 110
112 122
113 22
113 24
113 52
113 68
113 77
113 83
113 106
114 63
114 91
114 98
114 122
115 13
115 25
115 69
115 78
115 81
115 85
115 91
115 101
116 14
116 27
116 64
116 71
116 73
116 78
116 100
116 114
116 119
117 25
117 26
117 28
117 38
117 44
117 55
117 64
117 80
117 101
117 104
117 126
118 7
118 9
118 21
118 41
118 49
118 57
118 91
118 120
119 0
119 15
119 16
119 17
119 44
119 49
119 55
119 82
119 90
119 99
120 5
120 17
120 31
120 36
120 37
120 64
120 70
120 81
120 112
121 9
121 12
121 36
121 42
121 54
121 57
121 68
121 71
121 89
121 97
121 98
121 125
122 34
122 71
122 82
122 105
122 106
122 116
122 118
122 122
123 2
123 47
123 61
123 68
123 71
123 93
124 7
124 12
124 31
124 42
124 47
124 79
124 102
125 27
125 48
125 65
125 76
125 80
125 118
125 122
125 125
126 8
126 19
126 34
126 41
126 93
126 94
126 98
126 104
126 110
126 121
127 7
127 8
127 15
127 38
127 65
127 91
127 108
127 109
