0 4
0 8
0 9
0 10
0 16
0 22
0 25
0 27
0 34
0 35
0 46
0 65
0 71
0 72
0 78
0 91
0 114
0 116
0 118
0 120
1 0
1 7
1 15
1 26
1 36
1 37
1 43
1 45
1 50
1 55
1 56
1 62
1 72
1 73
1 82
1 84
1 95
1 100
1 105
1 117
1 119
1 121
1 127
2 0
2 1
2 3
2 6
2 8
2 11
2 15
2 21
2 33
2 44
2 48
2 51
2 52
2 57
2 64
2 65
2 75
2 76
2 78
2 80
2 81
2 82
2 88
2 98
2 99
2 108
2 116
2 117
2 127
3 5
3 6
3 7
3 8
3 9
3 10
3 14
3 23
3 28
3 35
3 45
3 53
3 57
3 58
3 62
3 66
3 73
3 77
3 99
3 104
3 108
3 109
3 118
3 119
3 125
3 126
4 0
4 1
4 12
4 18
4 28
4 45
4 49
4 57
4 64
4 66
4 68
4 72
4 82
4 83
4 86
4 98
4 102
4 106
4 111
4 119
4 121
4 125
4 127
5 6
5 7
5 14
5 18
5 19
5 23
5 24
5 26
5 38
5 42
5 43
5 44
5 47
5 54
5 56
5 67
5 69
5 71
5 72
5 75
5 80
5 83
5 89
5 90
5 91
5 97
5 100
5 108
5 112
5 117
5 123
6 2
6 4
6 5
6 7
6 12
6 13
6 14
6 16
6 21
6 23
6 24
6 30
6 34
6 35
6 36
6 40
6 48
6 65
6 68
6 70
6 75
6 76
6 85
6 89
6 90
6 95
6 104
6 107
6 120
6 125
7 8
7 13
7 15
7 25
7 28
7 34
7 38
7 39
7 40
7 47
7 48
7 50
7 63
7 71
7 73
7 76
7 80
7 86
7 92
7 93
7 117
7 119
7 120
7 126
7 127
8 2
8 10
8 12
8 13
8 16
8 17
8 37
8 39
8 41
8 48
8 51
8 63
8 72
8 82
8 84
8 97
8 99
8 100
8 104
8 107
8 108
8 110
8 111
8 119
8 122
8 123
8 127
9 3
9 6
9 27
9 29
9 44
9 45
9 49
9 74
9 77
9 82
9 84
9 87
9 89
9 99
9 100
9 102
9 103
9 110
9 111
9 121
10 0
10 3
10 6
10 9
10 11
10 15
10 17
10 22
10 23
10 30
10 31
10 34
10 39
10 40
10 43
10 57
10 62
10 71
10 75
10 77
10 82
10 83
10 90
10 95
10 113
10 116
10 118
10 122
11 1
11 4
11 8
11 11
11 17
11 19
11 29
11 31
11 32
11 39
11 41
11 44
11 45
11 72
11 76
11 80
11 85
11 90
11 97
11 100
11 108
11 119
11 123
11 124
12 1
12 6
12 14
12 16
12 22
12 24
12 46
12 48
12 52
12 55
12 59
12 61
12 65
12 66
12 67
12 74
12 78
12 79
12 81
12 97
12 100
12 113
12 123
12 126
13 1
13 7
13 9
13 15
13 18
13 19
13 21
13 27
13 28
13 29
13 31
13 35
13 36
13 42
13 45
13 49
13 51
13 57
13 64
13 65
13 66
13 69
13 77
13 88
13 99
13 101
13 109
13 113
13 116
13 119
13 121
13 122
13 123
14 1
14 8
14 13
14 36
14 49
14 57
14 63
14 64
14 68
14 75
14 78
14 79
14 80
14 93
14 96
14 98
14 101
14 106
14 108
14 118
14 121
15 1
15 7
15 12
15 17
15 19
15 20
15 25
15 26
15 30
15 43
15 45
15 47
15 50
15 52
15 57
15 58
15 61
15 67
15 68
15 69
15 87
15 95
15 104
15 109
15 121
15 127
16 0
16 7
16 16
16 18
16 24
16 29
16 32
16 33
16 36
16 38
16 39
16 42
16 54
16 65
16 82
16 88
16 92
16 96
16 99
16 102
16 104
16 111
16 112
16 113
16 119
16 122
16 124
17 4
17 13
17 15
17 19
17 25
17 39
17 40
17 43
17 49
17 54
17 55
17 57
17 68
17 72
17 79
17 80
17 87
17 91
17 96
17 101
17 105
17 108
17 122
18 3
18 6
18 21
18 31
18 33
18 35
18 43
18 44
18 45
18 46
18 49
18 60
18 62
18 63
18 74
18 76
18 79
18 80
18 82
18 84
18 86
18 96
18 110
18 117
18 121
18 122
19 5
19 8
19 14
19 17
19 21
19 23
19 25
19 27
19 35
19 36
19 40
19 45
19 46
19 47
19 49
19 51
19 68
19 69
19 72
19 82
19 94
19 97
19 102
19 104
19 113
19 116
19 118
19 123
19 125
20 3
20 14
20 20
20 27
20 35
20 36
20 43
20 44
20 50
20 52
20 69
20 81
20 82
20 84
20 86
20 89
20 98
20 99
20 109
20 112
20 115
20 121
21 2
21 33
21 35
21 47
21 49
21 61
21 62
21 67
21 74
21 86
21 90
21 98
21 100
21 108
21 112
21 120
21 122
21 125
21 127
22 1
22 4
22 14
22 21
22 26
22 30
22 36
22 37
22 43
22 53
22 55
22 56
22 63
22 65
22 76
22 78
22 87
22 96
22 97
22 98
22 105
22 111
22 117
22 118
22 120
23 0
23 16
23 18
23 21
23 26
23 39
23 51
23 52
23 58
23 59
23 62
23 66
23 67
23 69
23 72
23 74
23 80
23 84
23 87
23 88
23 94
23 98
23 103
23 104
23 107
23 114
23 117
23 118
23 125
24 3
24 11
24 20
24 31
24 32
24 34
24 35
24 37
24 46
24 48
24 49
24 56
24 60
24 64
24 67
24 68
24 69
24 73
24 76
24 78
24 81
24 82
24 84
24 96
24 106
24 107
24 108
24 110
24 116
24 118
24 122
24 126
25 2
25 5
25 7
25 10
25 12
25 19
25 25
25 31
25 33
25 34
25 36
25 42
25 45
25 51
25 52
25 70
25 72
25 74
25 81
25 93
25 98
25 100
25 102
25 108
25 110
25 121
25 122
25 127
26 9
26 10
26 13
26 20
26 24
26 33
26 38
26 39
26 41
26 42
26 44
26 46
26 51
26 55
26 57
26 70
26 72
26 77
26 78
26 79
26 83
26 89
26 99
26 105
26 107
26 109
26 115
26 122
27 2
27 5
27 12
27 14
27 17
27 21
27 35
27 41
27 51
27 55
27 65
27 67
27 73
27 75
27 76
27 78
27 80
27 83
27 89
27 92
27 103
27 104
27 107
28 4
28 13
28 18
28 29
28 36
28 40
28 41
28 42
28 50
28 52
28 59
28 60
28 69
28 78
28 79
28 81
28 87
28 89
28 94
28 100
28 105
28 109
28 112
28 114
28 118
28 119
29 3
29 5
29 6
29 10
29 12
29 17
29 18
29 23
29 36
29 40
29 41
29 46
29 49
29 50
29 55
29 57
29 64
29 65
29 67
29 70
29 72
29 74
29 77
29 85
29 91
29 106
29 108
29 110
29 115
29 117
29 123
29 127
30 2
30 7
30 12
30 18
30 21
30 22
30 44
30 50
30 51
30 61
30 62
30 63
30 71
30 73
30 75
30 83
30 84
30 88
30 90
30 94
30 102
30 108
30 112
30 116
30 118
31 2
31 5
31 10
31 15
31 17
31 22
31 23
31 25
31 28
31 32
31 40
31 41
31 46
31 52
31 54
31 55
31 57
31 64
31 69
31 72
31 74
31 76
31 77
31 80
31 84
31 86
31 98
31 101
31 102
31 103
31 119
31 125
31 126
32 0
32 2
32 13
32 14
32 16
32 17
32 18
32 21
32 26
32 30
32 35
32 39
32 47
32 54
32 63
32 66
32 70
32 74
32 75
32 76
32 78
32 90
32 113
32 119
32 123
32 124
33 1
33 2
33 4
33 7
33 11
33 28
33 29
33 40
33 43
33 48
33 49
33 51
33 56
33 60
33 64
33 65
33 67
33 74
33 77
33 84
33 90
33 94
33 101
33 103
33 104
33 106
33 107
33 119
33 124
33 125
34 0
34 14
34 19
34 22
34 32
34 35
34 40
34 47
34 48
34 55
34 60
34 72
34 73
34 75
34 82
34 85
34 90
34 100
34 109
34 113
34 119
34 126
35 4
35 17
35 18
35 43
35 44
35 51
35 52
35 60
35 71
35 75
35 78
35 79
35 80
35 83
35 84
35 86
35 106
35 108
35 113
35 116
35 118
35 119
36 0
36 6
36 14
36 16
36 17
36 18
36 19
36 20
36 21
36 27
36 35
36 58
36 59
36 63
36 72
36 73
36 75
36 76
36 77
36 87
36 91
36 100
36 101
36 112
36 113
36 119
36 125
37 11
37 12
37 20
37 24
37 31
37 32
37 34
37 35
37 44
37 46
37 47
37 53
37 61
37 63
37 67
37 68
37 72
37 74
37 84
37 85
37 90
37 91
37 95
37 98
37 99
37 102
37 105
37 106
37 107
37 108
37 110
37 112
37 115
37 118
37 127
38 2
38 5
38 8
38 17
38 22
38 23
38 26
38 31
38 35
38 36
38 39
38 40
38 50
38 54
38 67
38 69
38 70
38 71
38 73
38 74
38 75
38 79
38 80
38 83
38 88
38 90
38 95
38 105
38 106
38 111
38 113
38 122
38 123
38 124
38 126
39 2
39 3
39 6
39 8
39 11
39 14
39 20
39 21
39 22
39 23
39 24
39 32
39 34
39 36
39 43
39 45
39 49
39 55
39 59
39 62
39 64
39 65
39 66
39 78
39 85
39 96
39 101
39 103
39 104
39 116
39 120
39 125
40 10
40 16
40 27
40 28
40 29
40 41
40 43
40 50
40 59
40 60
40 63
40 65
40 69
40 70
40 76
40 84
40 92
40 94
40 100
40 112
40 117
40 120
40 124
40 126
41 1
41 3
41 7
41 14
41 21
41 23
41 24
41 30
41 34
41 39
41 40
41 41
41 42
41 45
41 47
41 63
41 68
41 70
41 71
41 74
41 79
41 88
41 89
41 95
41 97
41 101
41 102
41 103
41 107
41 110
41 112
41 116
41 127
42 4
42 8
42 10
42 15
42 19
42 30
42 39
42 40
42 45
42 51
42 52
42 53
42 54
42 55
42 61
42 69
42 85
42 91
42 92
42 95
42 100
42 101
42 108
42 110
42 116
43 4
43 8
43 10
43 11
43 16
43 22
43 25
43 26
43 39
43 40
43 41
43 50
43 51
43 55
43 61
43 62
43 72
43 76
43 77
43 86
43 91
43 92
43 102
43 114
43 122
44 8
44 9
44 11
44 12
44 13
44 15
44 18
44 23
44 27
44 28
44 31
44 35
44 51
44 55
44 56
44 61
44 73
44 77
44 78
44 79
44 84
44 89
44 90
44 91
44 97
44 103
44 117
44 122
44 125
45 0
45 14
45 18
45 30
45 35
45 37
45 50
45 54
45 68
45 70
45 72
45 86
45 89
45 100
45 110
45 118
45 125
46 7
46 21
46 24
46 28
46 29
46 32
46 51
46 54
46 58
46 62
46 66
46 70
46 79
46 84
46 86
46 87
46 88
46 92
46 95
46 99
46 100
46 110
46 113
46 114
46 115
46 126
47 2
47 4
47 10
47 12
47 17
47 19
47 23
47 26
47 33
47 42
47 43
47 45
47 52
47 59
47 61
47 68
47 73
47 75
47 79
47 85
47 87
47 111
47 119
47 127
48 9
48 10
48 12
48 15
48 19
48 20
48 30
48 35
48 37
48 38
48 42
48 43
48 47
48 49
48 58
48 75
48 79
48 88
48 90
48 93
48 94
48 95
48 97
48 99
48 101
48 102
48 108
48 110
48 114
48 120
48 122
48 126
49 20
49 24
49 43
49 59
49 66
49 70
49 72
49 75
49 85
49 96
49 100
49 113
49 117
49 124
50 1
50 24
50 26
50 31
50 33
50 43
50 49
50 55
50 57
50 64
50 66
50 69
50 82
50 83
50 90
50 98
50 103
50 107
50 113
50 120
50 126
51 5
51 7
51 11
51 12
51 22
51 26
51 45
51 46
51 54
51 55
51 64
51 71
51 73
51 77
51 78
51 84
51 93
51 100
51 104
51 106
51 123
51 124
51 127
52 0
52 3
52 8
52 11
52 15
52 17
52 19
52 25
52 37
52 42
52 44
52 60
52 61
52 63
52 64
52 68
52 82
52 85
52 92
52 103
52 104
52 105
52 119
52 126
53 1
53 10
53 15
53 18
53 23
53 26
53 31
53 43
53 45
53 54
53 55
53 56
53 61
53 62
53 64
53 73
53 79
53 82
53 84
53 87
53 92
53 99
53 105
53 107
53 112
53 114
53 115
53 118
53 119
53 125
53 127
54 0
54 2
54 5
54 18
54 23
54 25
54 30
54 32
54 33
54 47
54 49
54 58
54 61
54 68
54 72
54 73
54 78
54 81
54 85
54 87
54 91
54 93
54 94
54 96
54 97
54 98
54 105
54 108
54 109
54 112
54 118
54 120
54 124
54 126
55 1
55 10
55 15
55 23
55 26
55 27
55 38
55 47
55 54
55 61
55 64
55 74
55 79
55 83
55 85
55 87
55 89
55 95
55 106
55 111
55 115
55 124
56 3
56 11
56 14
56 15
56 21
56 35
56 36
56 38
56 47
56 49
56 52
56 57
56 58
56 73
56 81
56 88
56 90
56 95
56 104
56 108
56 113
56 115
56 117
56 118
57 11
57 19
57 23
57 30
57 35
57 37
57 45
57 52
57 54
57 55
57 56
57 60
57 65
57 66
57 73
57 75
57 80
57 82
57 91
57 100
57 101
57 117
57 126
58 0
58 4
58 11
58 14
58 18
58 23
58 24
58 25
58 27
58 31
58 40
58 42
58 51
58 61
58 70
58 75
58 98
58 101
58 111
58 113
58 116
58 117
58 122
59 7
59 17
59 20
59 24
59 31
59 33
59 40
59 47
59 65
59 75
59 76
59 80
59 81
59 84
59 89
59 92
59 99
59 101
59 107
59 112
59 124
60 0
60 6
60 13
60 32
60 40
60 41
60 44
60 56
60 63
60 67
60 75
60 78
60 82
60 83
60 85
60 87
60 91
60 92
60 95
60 97
60 107
60 111
60 113
60 118
60 119
60 120
60 122
60 126
61 2
61 6
61 8
61 12
61 13
61 16
61 40
61 41
61 42
61 49
61 58
61 61
61 62
61 63
61 66
61 68
61 70
61 73
61 74
61 83
61 86
61 93
61 97
61 109
61 114
61 117
61 124
61 126
62 8
62 10
62 19
62 21
62 24
62 26
62 27
62 39
62 40
62 44
62 47
62 49
62 56
62 57
62 61
62 62
62 67
62 74
62 83
62 85
62 86
62 99
62 105
62 108
62 115
62 119
62 122
62 123
62 124
62 126
63 5
63 9
63 12
63 13
63 15
63 16
63 19
63 24
63 28
63 33
63 34
63 36
63 37
63 38
63 42
63 44
63 47
63 56
63 57
63 58
63 59
63 60
63 81
63 83
63 88
63 94
63 97
63 98
63 119
63 127
64 2
64 7
64 14
64 17
64 19
64 22
64 23
64 24
64 25
64 29
64 40
64 41
64 53
64 54
64 58
64 74
64 76
64 80
64 90
64 104
64 108
64 110
64 115
64 116
65 6
65 9
65 18
65 20
65 21
65 31
65 35
65 49
65 51
65 52
65 61
65 68
65 73
65 75
65 85
65 91
65 95
65 100
65 103
65 107
65 120
65 122
66 1
66 2
66 5
66 16
66 27
66 32
66 34
66 39
66 42
66 44
66 53
66 65
66 76
66 79
66 93
66 94
66 103
66 109
66 113
66 115
66 117
66 118
66 125
67 2
67 4
67 8
67 9
67 10
67 13
67 14
67 18
67 20
67 37
67 43
67 49
67 50
67 52
67 61
67 62
67 65
67 68
67 74
67 87
67 88
67 91
67 99
67 102
67 103
67 104
67 107
67 108
67 110
67 119
67 120
67 125
67 126
68 0
68 3
68 9
68 18
68 19
68 24
68 26
68 28
68 31
68 36
68 61
68 68
68 72
68 74
68 75
68 86
68 89
68 96
68 104
68 106
68 107
68 116
68 117
68 120
68 127
69 0
69 5
69 6
69 9
69 17
69 19
69 20
69 24
69 28
69 31
69 32
69 34
69 42
69 45
69 49
69 53
69 60
69 62
69 63
69 80
69 94
69 100
69 101
69 103
69 107
69 115
69 127
70 5
70 22
70 23
70 24
70 25
70 36
70 41
70 44
70 62
70 68
70 72
70 75
70 76
70 77
70 81
70 89
70 97
70 99
70 107
70 108
70 113
70 116
70 117
70 120
70 125
71 4
71 6
71 7
71 15
71 17
71 20
71 23
71 31
71 32
71 34
71 39
71 41
71 44
71 47
71 56
71 66
71 71
71 77
71 79
71 88
71 90
71 92
71 106
71 113
71 117
71 119
71 126
72 2
72 3
72 16
72 19
72 20
72 21
72 29
72 31
72 35
72 40
72 41
72 48
72 50
72 54
72 58
72 72
72 80
72 82
72 91
72 94
72 97
72 101
72 102
72 103
72 104
72 105
72 111
72 119
72 122
73 9
73 16
73 18
73 22
73 23
73 25
73 34
73 35
73 46
73 50
73 65
73 72
73 80
73 89
73 102
73 113
73 118
73 121
74 2
74 5
74 7
74 17
74 21
74 30
74 34
74 42
74 43
74 47
74 49
74 52
74 54
74 55
74 58
74 63
74 65
74 70
74 78
74 80
74 81
74 84
74 98
74 99
74 101
74 102
74 106
74 118
74 121
74 123
75 1
75 8
75 13
75 15
75 22
75 32
75 34
75 35
75 42
75 45
75 47
75 48
75 49
75 52
75 53
75 54
75 65
75 67
75 72
75 73
75 76
75 88
75 90
75 93
75 95
75 111
75 120
75 125
75 127
76 2
76 5
76 6
76 25
76 36
76 37
76 39
76 41
76 50
76 58
76 61
76 72
76 78
76 81
76 88
76 90
76 94
76 98
76 113
76 126
77 7
77 12
77 23
77 28
77 29
77 36
77 37
77 38
77 39
77 45
77 47
77 52
77 60
77 64
77 71
77 93
77 94
77 96
77 98
77 104
77 105
77 106
77 108
77 115
77 116
77 117
77 118
77 121
77 122
78 2
78 4
78 6
78 14
78 16
78 19
78 21
78 24
78 30
78 32
78 47
78 50
78 54
78 60
78 64
78 72
78 81
78 87
78 89
78 97
78 101
78 102
78 103
78 113
78 115
78 120
78 124
79 0
79 1
79 3
79 8
79 16
79 20
79 42
79 43
79 48
79 58
79 63
79 68
79 72
79 76
79 82
79 86
79 94
79 104
79 105
79 110
79 113
79 119
79 122
80 6
80 7
80 16
80 18
80 21
80 37
80 44
80 45
80 52
80 54
80 56
80 57
80 59
80 62
80 80
80 82
80 85
80 93
80 94
80 102
80 104
80 107
80 108
80 111
80 113
80 120
80 122
81 10
81 18
81 27
81 28
81 36
81 37
81 38
81 47
81 51
81 52
81 55
81 57
81 65
81 66
81 67
81 70
81 71
81 72
81 73
81 76
81 84
81 90
81 96
81 97
81 98
81 99
81 100
81 103
81 106
81 115
81 120
81 122
81 127
82 2
82 7
82 18
82 21
82 22
82 23
82 30
82 31
82 38
82 56
82 63
82 64
82 68
82 69
82 70
82 74
82 76
82 83
82 85
82 86
82 91
82 93
82 94
82 98
82 104
82 106
82 113
82 115
82 117
82 120
82 125
82 126
83 9
83 10
83 17
83 29
83 36
83 41
83 43
83 54
83 63
83 64
83 65
83 70
83 79
83 80
83 88
83 92
83 93
83 102
83 112
83 121
83 124
83 125
84 9
84 11
84 17
84 19
84 21
84 22
84 33
84 39
84 46
84 56
84 57
84 59
84 60
84 64
84 73
84 95
84 96
84 98
84 101
84 103
84 104
84 111
84 112
84 113
84 115
84 119
84 127
85 0
85 4
85 9
85 10
85 13
85 26
85 32
85 33
85 44
85 48
85 54
85 55
85 62
85 64
85 69
85 73
85 82
85 83
85 98
85 111
85 114
85 117
85 125
85 126
86 1
86 2
86 5
86 16
86 19
86 22
86 30
86 36
86 46
86 50
86 59
86 60
86 61
86 63
86 66
86 69
86 71
86 72
86 76
86 82
86 92
86 93
86 96
86 103
86 105
86 121
87 2
87 20
87 29
87 31
87 33
87 36
87 42
87 46
87 47
87 53
87 57
87 59
87 71
87 77
87 79
87 85
87 86
87 91
87 94
87 97
87 116
87 123
87 127
88 4
88 9
88 14
88 16
88 19
88 20
88 39
88 48
88 50
88 60
88 63
88 67
88 74
88 75
88 76
88 85
88 105
88 107
88 110
88 111
88 124
89 6
89 7
89 9
89 17
89 18
89 21
89 25
89 37
89 45
89 46
89 49
89 51
89 68
89 83
89 96
89 99
89 102
89 103
89 112
89 118
89 123
90 4
90 6
90 9
90 13
90 15
90 18
90 20
90 21
90 30
90 35
90 36
90 38
90 39
90 50
90 65
90 69
90 74
90 75
90 76
90 78
90 83
90 89
90 92
90 95
90 105
90 111
90 112
90 113
90 120
90 122
90 124
90 126
91 4
91 8
91 9
91 12
91 29
91 32
91 36
91 40
91 42
91 48
91 51
91 58
91 61
91 62
91 64
91 65
91 72
91 77
91 81
91 86
91 93
91 101
91 103
91 118
91 122
92 11
92 17
92 20
92 24
92 27
92 28
92 36
92 48
92 51
92 63
92 81
92 82
92 85
92 87
92 90
92 91
92 96
92 97
92 98
92 109
92 118
92 119
93 1
93 2
93 8
93 17
93 21
93 34
93 35
93 36
93 37
93 42
93 44
93 48
93 58
93 61
93 64
93 69
93 70
93 71
93 73
93 74
93 76
93 87
93 88
93 90
93 104
93 107
93 108
93 110
93 112
93 117
93 120
93 122
94 1
94 5
94 8
94 11
94 13
94 22
94 26
94 27
94 32
94 35
94 38
94 40
94 44
94 46
94 59
94 66
94 69
94 89
94 92
94 100
94 114
94 118
94 120
94 123
94 127
95 1
95 15
95 23
95 25
95 26
95 49
95 63
95 64
95 69
95 72
95 99
95 100
95 104
95 106
95 108
95 110
95 115
95 117
95 121
95 126
96 0
96 3
96 6
96 8
96 21
96 24
96 25
96 29
96 30
96 32
96 36
96 44
96 49
96 56
96 66
96 70
96 71
96 72
96 85
96 97
96 108
96 121
97 1
97 4
97 5
97 13
97 14
97 18
97 24
97 44
97 55
97 68
97 76
97 88
97 89
97 90
97 91
97 93
97 99
97 104
97 106
97 113
97 117
97 121
98 10
98 12
98 20
98 37
98 38
98 39
98 42
98 47
98 48
98 49
98 51
98 56
98 57
98 58
98 59
98 65
98 76
98 80
98 87
98 88
98 90
98 100
98 107
98 113
99 0
99 16
99 23
99 34
99 37
99 46
99 50
99 51
99 54
99 55
99 56
99 66
99 68
99 69
99 75
99 82
99 87
99 95
99 99
99 100
99 104
99 106
99 115
99 116
99 118
99 121
100 0
100 5
100 6
100 10
100 24
100 27
100 35
100 39
100 44
100 51
100 53
100 61
100 70
100 78
100 84
100 88
100 100
100 101
100 107
100 109
100 113
100 114
100 117
100 124
100 127
101 6
101 8
101 15
101 20
101 24
101 28
101 39
101 40
101 44
101 56
101 58
101 59
101 65
101 83
101 85
101 88
101 93
101 96
101 101
101 122
101 125
102 2
102 12
102 13
102 18
102 23
102 35
102 44
102 48
102 51
102 56
102 57
102 61
102 64
102 65
102 67
102 86
102 92
102 95
102 103
102 108
102 113
102 117
102 123
102 126
103 3
103 5
103 7
103 8
103 10
103 11
103 19
103 24
103 25
103 31
103 37
103 41
103 46
103 47
103 48
103 52
103 56
103 60
103 62
103 66
103 69
103 75
103 79
103 81
103 84
103 88
103 99
103 105
103 107
103 111
103 117
103 123
104 2
104 19
104 27
104 31
104 35
104 43
104 44
104 50
104 51
104 54
104 59
104 62
104 65
104 73
104 83
104 84
104 100
104 104
104 111
104 118
105 1
105 8
105 9
105 10
105 16
105 23
105 27
105 30
105 31
105 35
105 38
105 41
105 45
105 52
105 58
105 64
105 72
105 75
105 80
105 81
105 86
105 96
105 101
105 109
105 111
105 118
105 124
105 126
105 127
106 2
106 4
106 7
106 8
106 10
106 14
106 15
106 19
106 25
106 27
106 35
106 47
106 48
106 49
106 50
106 51
106 57
106 59
106 73
106 77
106 93
106 94
106 112
106 113
106 119
106 123
106 125
107 2
107 5
107 9
107 11
107 13
107 15
107 17
107 18
107 19
107 28
107 34
107 37
107 38
107 48
107 70
107 74
107 75
107 76
107 79
107 84
107 88
107 89
107 93
107 99
107 112
107 116
108 4
108 16
108 35
108 37
108 47
108 63
108 70
108 73
108 74
108 75
108 80
108 84
108 90
108 91
108 103
108 121
108 125
108 126
109 0
109 2
109 8
109 14
109 15
109 26
109 31
109 33
109 35
109 38
109 42
109 47
109 59
109 64
109 67
109 70
109 71
109 73
109 74
109 86
109 87
109 88
109 93
109 95
109 102
109 104
109 115
109 119
109 125
109 126
110 3
110 4
110 5
110 7
110 8
110 12
110 14
110 17
110 23
110 31
110 39
110 43
110 49
110 50
110 53
110 56
110 59
110 61
110 68
110 71
110 79
110 80
110 85
110 86
110 91
110 94
110 97
110 99
110 101
110 103
110 106
110 110
110 113
110 115
110 117
110 119
111 5
111 25
111 28
111 39
111 41
111 43
111 46
111 66
111 77
111 78
111 86
111 99
111 106
111 110
111 117
111 118
111 123
112 9
112 15
112 19
112 22
112 26
112 28
112 43
112 47
112 56
112 68
112 71
112 80
112 81
112 91
112 92
112 95
112 96
112 100
112 110
113 4
113 7
113 37
113 38
113 39
113 48
113 55
113 58
113 64
113 69
113 72
113 76
113 78
113 80
113 94
113 100
113 118
113 120
114 3
114 4
114 5
114 8
114 15
114 21
114 22
114 28
114 30
114 36
114 43
114 46
114 51
114 52
114 53
114 54
114 62
114 69
114 79
114 80
114 81
114 84
114 90
114 93
114 107
114 110
114 113
115 5
115 7
115 9
115 19
115 24
115 25
115 27
115 32
115 36
115 37
115 48
115 56
115 57
115 61
115 67
115 72
115 75
115 88
115 90
115 112
115 114
115 120
115 123
115 125
115 126
116 0
116 6
116 10
116 11
116 19
116 22
116 28
116 57
116 59
116 68
116 76
116 78
116 80
116 94
116 99
116 101
116 108
116 110
116 111
116 112
116 117
116 118
117 4
117 7
117 10
117 15
117 19
117 21
117 24
117 29
117 31
117 33
117 35
117 42
117 43
117 47
117 58
117 60
117 63
117 68
117 70
117 74
117 80
117 81
117 87
117 91
117 94
117 106
117 111
118 0
118 4
118 15
118 17
118 39
118 49
118 51
118 59
118 60
118 65
118 70
118 71
118 75
118 78
118 83
118 84
118 89
118 100
118 111
118 112
118 120
118 125
119 0
119 1
119 2
119 4
119 5
119 10
119 14
119 26
119 33
119 34
119 38
119 48
119 52
119 53
119 63
119 70
119 87
119 90
119 97
119 110
119 125
120 5
120 13
120 17
120 18
120 35
120 52
120 53
120 58
120 62
120 79
120 80
120 82
120 86
120 93
120 94
120 98
120 101
120 103
120 109
120 110
120 113
120 115
120 121
120 123
120 126
121 1
121 14
121 16
121 22
121 26
121 42
121 52
121 56
121 60
121 65
121 69
121 70
121 72
121 91
121 96
121 97
121 100
121 108
121 117
121 118
121 127
122 15
122 20
122 22
122 30
122 34
122 38
122 44
122 54
122 56
122 58
122 64
122 68
122 80
122 87
122 103
122 117
122 118
122 119
123 0
123 3
123 5
123 6
123 7
123 24
123 33
123 37
123 38
123 41
123 46
123 50
123 51
123 55
123 56
123 64
123 69
123 70
123 71
123 92
123 95
123 96
123 99
123 101
123 102
123 104
123 114
123 117
123 118
123 119
123 124
124 3
124 7
124 9
124 11
124 15
124 17
124 19
124 26
124 27
124 39
124 46
124 66
124 80
124 84
124 87
124 93
124 94
124 98
124 103
124 105
124 108
124 109
124 110
124 114
124 115
124 117
124 120
125 1
125 2
125 5
125 12
125 16
125 21
125 46
125 47
125 48
125 50
125 52
125 55
125 66
125 67
125 70
125 76
125 78
125 80
125 85
125 94
125 95
125 98
125 102
125 109
125 112
125 118
125 120
126 4
126 8
126 16
126 18
126 21
126 25
126 28
126 32
126 33
126 37
126 40
126 57
126 61
126 64
126 67
126 73
126 74
126 76
126 77
126 84
126 99
126 103
126 104
126 114
126 124
126 127
127 4
127 7
127 13
127 24
127 28
127 31
127 33
127 35
127 43
127 44
127 54
127 71
127 77
127 78
127 79
127 87
127 94
127 96
127 108
127 122
127 123
