0 2
0 4
0 11
0 17
0 18
0 22
0 31
0 37
0 40
0 51
0 127
1 2
1 10
1 27
1 38
1 39
1 56
1 73
1 76
1 99
1 109
2 0
2 7
2 10
2 16
2 19
2 25
2 28
2 30
2 36
2 41
2 67
2 73
2 86
2 91
2 94
2 103
2 110
2 118
2 122
3 6
3 21
3 48
3 50
3 60
3 68
3 70
3 80
3 85
3 96
3 102
3 103
3 105
3 111
3 127
4 4
4 5
4 11
4 12
4 16
4 25
4 32
4 36
4 42
4 43
4 45
4 77
4 83
4 87
4 102
4 127
5 6
5 11
5 20
5 22
5 23
5 34
5 36
5 44
5 46
5 47
5 55
5 66
5 87
5 90
5 91
5 102
5 110
5 113
5 118
5 120
6 2
6 3
6 4
6 17
6 19
6 22
6 24
6 42
6 43
6 94
6 98
6 99
6 102
6 111
6 116
6 118
6 124
6 125
7 2
7 4
7 18
7 26
7 27
7 28
7 43
7 54
7 61
7 62
7 65
7 75
7 85
7 86
7 96
8 18
8 38
8 40
8 42
8 53
8 76
8 84
8 88
8 99
8 102
8 107
8 125
9 14
9 15
9 41
9 65
9 80
9 82
10 18
10 33
10 51
10 60
10 70
10 96
10 116
10 123
10 125
11 12
11 27
11 38
11 45
11 53
11 55
11 67
11 73
11 79
11 89
11 118
11 120
12 3
12 6
12 9
12 29
12 47
12 50
12 61
12 62
12 63
12 66
12 75
12 81
12 93
12 98
12 108
12 120
12 121
12 122
13 4
13 14
13 15
13 26
13 40
13 47
13 49
13 53
13 61
13 66
13 92
13 102
13 112
13 114
14 4
14 5
14 12
14 13
14 23
14 34
14 35
14 70
14 84
14 88
14 91
14 105
14 109
14 115
14 116
14 118
15 3
15 19
15 47
15 55
15 56
15 60
15 67
15 70
15 95
15 108
15 124
16 3
16 6
16 13
16 14
16 59
16 68
16 84
16 96
16 110
16 124
17 18
17 21
17 28
17 29
17 30
17 54
17 66
17 68
17 71
17 89
17 97
17 101
17 112
17 119
17 124
18 6
18 53
18 56
18 64
18 66
18 75
18 78
18 82
18 89
18 93
18 97
18 99
18 101
18 104
18 110
18 113
18 117
19 0
19 6
19 10
19 12
19 17
19 34
19 53
19 57
19 58
19 59
19 63
19 72
19 84
19 85
19 91
19 108
19 114
19 117
19 122
20 4
20 16
20 22
20 58
20 61
20 69
20 75
20 83
20 84
20 107
20 113
20 114
20 123
21 22
21 25
21 35
21 42
21 47
21 55
21 56
21 58
21 112
21 120
21 121
21 122
21 125
21 126
21 127
22 14
22 35
22 45
22 50
22 53
22 60
22 82
22 95
22 99
22 106
22 120
23 2
23 49
23 51
23 62
23 64
23 88
23 90
23 114
23 123
24 2
24 7
24 11
24 20
24 44
24 49
24 58
24 73
24 125
25 2
25 39
25 56
25 58
25 65
25 67
25 100
25 119
25 122
25 127
26 2
26 15
26 26
26 31
26 48
26 62
26 80
26 98
26 101
26 121
27 1
27 9
27 11
27 16
27 53
27 78
27 82
27 98
27 101
27 117
28 53
28 54
28 66
28 93
28 99
29 27
29 38
29 41
29 62
29 75
29 78
29 98
29 112
29 120
30 3
30 5
30 24
30 26
30 53
30 54
30 66
30 74
30 77
30 84
30 94
30 97
30 101
30 106
30 111
30 120
31 23
31 35
31 42
31 48
31 51
31 52
31 57
31 76
31 93
31 98
31 111
32 2
32 6
32 13
32 14
32 19
32 23
32 26
32 44
32 45
32 63
32 83
32 115
32 125
33 10
33 35
33 50
33 55
33 62
33 64
33 71
33 87
33 93
33 115
33 120
33 125
34 0
34 8
34 9
34 14
34 19
34 27
34 30
34 50
34 74
34 78
34 81
34 104
34 116
34 119
34 124
34 126
35 12
35 13
35 16
35 27
35 29
35 39
35 43
35 54
35 55
35 59
35 63
35 66
35 70
35 84
35 88
35 93
35 98
35 102
35 105
35 112
35 124
36 14
36 26
36 28
36 41
36 52
36 58
36 61
36 70
36 78
36 81
36 92
36 107
36 110
36 115
36 118
37 39
37 51
37 52
37 53
37 67
37 69
37 72
37 73
37 81
37 88
37 106
37 108
37 126
37 127
38 4
38 11
38 18
38 19
38 24
38 26
38 28
38 30
38 45
38 58
38 62
38 64
38 77
38 101
38 102
39 15
39 16
39 18
39 20
39 25
39 29
39 36
39 90
39 100
39 115
40 0
40 5
40 9
40 11
40 16
40 18
40 28
40 46
40 52
40 60
40 75
40 84
40 104
40 110
40 126
41 1
41 2
41 17
41 40
41 41
41 60
41 66
41 68
41 88
41 94
42 0
42 4
42 5
42 10
42 29
42 30
42 44
42 50
42 62
42 63
42 109
42 111
42 112
42 124
43 14
43 15
43 24
43 27
43 32
43 39
43 42
43 60
43 65
43 86
43 110
43 111
43 116
43 119
43 120
44 7
44 22
44 26
44 27
44 28
44 32
44 35
44 48
44 52
44 76
44 86
44 87
44 91
44 92
44 100
44 101
44 112
44 120
44 125
45 0
45 27
45 50
45 53
45 71
45 75
45 76
45 104
45 109
45 116
45 124
46 6
46 15
46 25
46 26
46 37
46 55
46 60
46 74
46 77
46 105
46 107
46 125
47 6
47 17
47 28
47 30
47 41
47 73
47 76
47 79
47 87
47 92
47 99
47 104
47 106
47 110
47 116
48 1
48 4
48 8
48 10
48 51
48 58
48 64
48 81
48 116
48 127
49 8
49 9
49 38
49 49
49 52
49 59
49 62
49 67
49 70
49 77
49 88
49 90
49 94
49 113
49 118
50 9
50 42
50 57
50 69
50 95
50 107
50 119
50 124
51 4
51 10
51 23
51 26
51 41
51 46
51 54
51 61
51 70
51 71
51 77
51 80
51 105
52 12
52 20
52 32
52 44
52 60
52 90
52 92
52 101
52 116
52 122
53 2
53 13
53 25
53 27
53 29
53 37
53 38
53 40
53 55
53 84
53 87
53 112
53 119
54 0
54 3
54 9
54 20
54 25
54 39
54 57
54 59
54 70
54 71
54 76
54 79
54 107
54 110
54 121
55 16
55 26
55 37
55 57
55 63
55 77
55 91
55 96
55 105
55 112
56 9
56 38
56 44
56 55
56 56
56 65
56 87
56 103
56 109
56 110
57 32
57 34
57 35
57 50
57 57
57 65
57 71
57 73
57 93
57 98
57 99
57 106
57 115
57 116
57 118
57 125
58 35
58 55
58 77
58 98
58 101
58 105
58 107
58 122
59 36
59 65
59 84
59 94
59 100
59 101
59 106
59 107
59 123
60 16
60 17
60 30
60 36
60 44
60 60
60 72
60 76
60 104
60 118
61 4
61 12
61 53
61 54
61 55
61 57
61 66
61 69
61 81
61 105
62 3
62 12
62 16
62 26
62 44
62 48
62 67
62 71
62 85
62 86
62 95
62 96
62 101
62 106
62 107
62 114
62 117
62 125
63 25
63 36
63 63
63 74
63 90
63 101
63 107
63 118
64 3
64 9
64 13
64 14
64 21
64 23
64 24
64 29
64 35
64 38
64 43
64 66
64 67
64 69
64 71
64 80
64 93
64 102
64 103
64 104
64 112
64 116
65 14
65 23
65 31
65 55
65 67
65 77
65 78
65 87
65 113
65 114
65 121
65 127
66 9
66 28
66 34
66 36
66 44
66 61
66 64
66 65
66 76
66 78
66 93
66 110
66 113
66 115
66 117
67 9
67 26
67 31
67 36
67 40
67 45
67 46
67 48
67 96
67 98
67 99
67 106
67 107
67 110
67 111
67 124
68 6
68 7
68 40
68 46
68 65
68 66
68 77
68 78
68 98
68 115
68 124
68 125
69 32
69 35
69 40
69 50
69 54
69 58
69 59
69 61
69 62
69 67
69 70
69 73
69 79
70 0
70 24
70 29
70 32
70 59
70 63
70 98
70 112
70 120
71 11
71 20
71 24
71 27
71 39
71 45
71 48
71 53
71 61
71 68
71 83
71 91
71 127
72 0
72 7
72 16
72 17
72 22
72 55
72 56
72 61
72 68
72 76
72 89
72 92
72 99
72 123
72 127
73 2
73 43
73 51
73 61
73 76
73 88
73 89
73 92
73 93
73 110
74 0
74 4
74 5
74 8
74 12
74 19
74 28
74 40
74 53
74 77
74 108
74 110
74 125
75 5
75 18
75 28
75 58
75 66
75 73
75 87
75 96
75 119
76 3
76 31
76 39
76 46
76 57
76 68
76 78
76 80
76 81
76 125
77 73
77 79
77 83
77 96
77 106
77 124
78 0
78 16
78 18
78 26
78 42
78 47
78 56
78 65
78 73
78 74
78 81
78 88
78 103
78 110
78 114
78 116
78 121
78 122
79 0
79 6
79 13
79 22
79 35
79 37
79 42
79 44
79 59
79 71
79 90
80 18
80 19
80 27
80 41
80 46
80 52
80 55
80 58
80 61
80 79
80 80
80 86
80 88
80 94
80 96
80 97
80 122
80 127
81 1
81 16
81 48
81 93
81 98
81 100
81 103
81 105
81 106
81 125
82 1
82 11
82 13
82 16
82 20
82 26
82 53
82 57
82 66
82 92
82 99
82 100
82 105
82 107
83 0
83 7
83 9
83 11
83 13
83 32
83 33
83 38
83 45
83 72
83 73
83 85
83 92
83 94
83 115
84 4
84 21
84 24
84 33
84 38
84 46
84 47
84 62
84 64
84 67
84 84
84 87
84 104
84 106
84 121
85 5
85 14
85 20
85 26
85 29
85 51
85 53
85 67
85 72
85 76
85 77
85 78
85 79
85 92
85 98
85 113
85 122
86 15
86 22
86 50
86 64
86 71
86 96
86 117
87 4
87 39
87 43
87 57
87 71
87 105
88 11
88 12
88 23
88 27
88 50
88 52
88 81
88 85
88 99
88 123
89 1
89 11
89 25
89 57
89 62
89 63
89 67
89 71
89 81
89 100
89 122
89 125
90 10
90 11
90 56
90 77
90 86
90 91
90 92
90 99
90 106
91 10
91 16
91 24
91 27
91 28
91 40
91 46
91 49
91 59
91 61
91 94
91 95
91 98
91 99
91 117
92 6
92 25
92 39
92 76
92 79
92 85
92 97
92 105
92 106
92 117
92 118
92 119
93 27
93 36
93 42
93 51
93 59
93 64
93 71
93 77
93 79
93 82
93 87
93 94
93 97
93 103
93 123
94 22
94 36
94 38
94 62
94 67
94 86
94 98
94 103
94 106
94 114
94 115
94 118
94 122
94 127
95 1
95 10
95 15
95 22
95 51
95 76
95 90
95 111
95 114
96 4
96 29
96 37
96 42
96 51
96 58
96 78
96 87
96 94
96 95
96 97
96 105
97 5
97 11
97 18
97 27
97 31
97 45
97 49
97 60
97 77
97 113
97 117
98 2
98 11
98 28
98 31
98 63
98 100
98 103
98 106
98 116
99 2
99 9
99 11
99 18
99 19
99 37
99 59
99 81
99 84
100 9
100 20
100 24
100 60
100 61
100 93
100 101
100 124
101 8
101 22
101 59
101 65
101 97
101 98
101 101
101 113
101 118
102 1
102 2
102 3
102 5
102 10
102 12
102 36
102 48
102 57
102 60
102 79
102 86
102 111
102 121
103 10
103 18
103 20
103 21
103 26
103 36
103 37
103 40
103 59
103 62
103 63
103 79
103 98
103 103
103 111
103 119
104 7
104 17
104 29
104 33
104 51
104 55
104 92
104 93
104 105
104 106
104 109
104 125
105 1
105 2
105 18
105 31
105 37
105 40
105 44
105 46
105 58
105 81
105 86
105 89
105 113
106 13
106 15
106 25
106 27
106 28
106 31
106 32
106 34
106 44
106 53
106 62
106 63
106 69
106 78
106 93
106 94
106 106
106 112
106 125
107 4
107 58
107 63
107 69
107 73
107 74
107 81
107 83
107 86
107 105
107 114
107 115
108 8
108 10
108 18
108 25
108 34
108 37
108 44
108 58
108 59
108 60
108 61
108 63
108 68
108 88
108 92
108 94
108 105
109 31
109 33
109 41
109 47
109 59
109 66
109 90
109 92
109 96
109 100
109 111
109 112
109 117
109 119
109 123
110 4
110 9
110 28
110 31
110 35
110 57
110 64
110 79
110 83
110 102
110 109
110 120
111 0
111 11
111 18
111 19
111 30
111 32
111 37
111 45
111 53
111 60
111 63
111 94
111 96
111 99
111 105
112 7
112 19
112 25
112 35
112 38
112 41
112 46
112 57
112 58
112 62
112 67
112 77
112 90
112 96
112 103
112 114
112 117
112 125
113 30
113 32
113 43
113 60
113 64
113 69
113 75
113 79
113 96
113 98
113 104
113 105
113 113
114 3
114 11
114 31
114 33
114 38
114 41
114 52
114 53
114 67
114 73
114 80
114 86
114 93
114 95
114 106
114 114
114 116
114 124
115 18
115 44
115 48
115 52
115 64
115 73
115 74
115 75
115 81
115 84
115 92
115 96
115 100
115 107
115 110
115 121
115 122
116 1
116 12
116 28
116 29
116 31
116 53
116 62
116 84
116 90
116 108
116 113
116 116
116 125
116 126
117 17
117 26
117 38
117 40
117 48
117 52
117 59
117 69
117 89
118 4
118 20
118 22
118 26
118 30
118 33
118 38
118 40
118 55
118 58
118 64
118 69
118 76
118 80
118 92
118 106
118 120
119 3
119 17
119 31
119 49
119 57
119 64
119 69
119 73
119 111
119 120
119 124
119 125
120 5
120 26
120 53
120 62
120 78
120 98
120 115
120 116
120 119
120 125
121 1
121 15
121 53
121 62
121 64
121 66
121 78
121 92
121 95
121 120
122 4
122 13
122 21
122 22
122 26
122 42
122 73
122 78
122 116
122 127
123 10
123 21
123 24
123 36
123 37
123 47
123 69
123 73
123 80
123 92
123 118
124 6
124 8
124 18
124 23
124 28
124 52
124 77
124 86
124 96
124 101
124 111
124 123
125 2
125 4
125 23
125 42
125 49
125 57
125 62
125 63
125 74
125 77
125 105
125 113
125 118
125 124
126 3
126 7
126 13
126 20
126 31
126 35
126 42
126 52
126 57
126 58
126 59
126 72
126 87
126 91
126 96
126 108
126 113
126 117
127 10
127 25
127 44
127 53
127 69
127 70
127 82
127 95
127 113
