0 3
0 12
0 14
0 20
0 21
0 22
0 23
0 25
0 28
0 33
0 34
0 35
0 39
0 41
0 51
0 54
0 55
0 58
0 68
0 72
0 76
0 83
0 86
0 89
0 95
0 96
0 100
0 102
0 104
0 111
0 113
0 115
0 118
0 121
0 123
0 125
0 126
1 7
1 12
1 15
1 16
1 17
1 18
1 19
1 23
1 36
1 39
1 43
1 46
1 47
1 49
1 53
1 55
1 61
1 63
1 66
1 69
1 70
1 74
1 75
1 76
1 81
1 82
1 84
1 85
1 87
1 88
1 92
1 93
1 94
1 95
1 97
1 99
1 100
1 103
1 112
1 115
1 126
1 127
2 1
2 2
2 3
2 4
2 6
2 10
2 13
2 24
2 28
2 29
2 31
2 37
2 38
2 43
2 54
2 55
2 56
2 58
2 66
2 69
2 70
2 73
2 76
2 82
2 87
2 92
2 94
2 97
2 98
2 101
2 102
2 109
2 114
2 116
2 117
2 124
3 0
3 6
3 9
3 10
3 15
3 19
3 25
3 32
3 34
3 38
3 42
3 43
3 48
3 50
3 51
3 55
3 58
3 61
3 62
3 64
3 65
3 66
3 67
3 70
3 73
3 78
3 79
3 82
3 84
3 87
3 93
3 100
3 101
3 102
3 104
3 105
3 110
3 113
3 114
3 116
3 117
3 118
3 120
3 126
4 9
4 10
4 12
4 18
4 22
4 26
4 31
4 33
4 34
4 44
4 47
4 50
4 52
4 53
4 54
4 56
4 58
4 68
4 72
4 73
4 74
4 75
4 79
4 80
4 83
4 84
4 87
4 91
4 95
4 104
4 105
4 117
4 119
4 121
4 122
5 0
5 3
5 10
5 13
5 14
5 15
5 25
5 31
5 34
5 38
5 40
5 45
5 51
5 52
5 60
5 65
5 73
5 76
5 77
5 82
5 92
5 99
5 101
5 102
5 105
5 106
5 107
5 113
5 116
5 117
5 118
5 124
5 126
5 127
6 0
6 3
6 13
6 17
6 18
6 20
6 30
6 32
6 40
6 42
6 47
6 51
6 52
6 53
6 55
6 59
6 60
6 63
6 64
6 65
6 66
6 68
6 70
6 74
6 81
6 83
6 86
6 94
6 99
6 101
6 102
6 103
6 107
6 115
6 116
6 118
6 119
7 4
7 9
7 14
7 16
7 17
7 20
7 24
7 26
7 27
7 29
7 30
7 32
7 35
7 38
7 45
7 53
7 54
7 56
7 61
7 63
7 66
7 67
7 68
7 71
7 81
7 93
7 94
7 97
7 103
7 104
7 105
7 108
7 111
7 114
7 117
7 123
7 124
7 126
8 2
8 8
8 9
8 11
8 14
8 17
8 18
8 19
8 22
8 23
8 28
8 32
8 35
8 36
8 43
8 44
8 49
8 55
8 56
8 59
8 64
8 65
8 67
8 68
8 70
8 77
8 89
8 93
8 104
8 105
8 107
8 111
8 112
8 113
8 114
8 116
8 117
8 118
8 121
8 124
8 125
9 0
9 9
9 11
9 13
9 15
9 16
9 21
9 25
9 26
9 33
9 35
9 37
9 44
9 46
9 49
9 53
9 54
9 65
9 72
9 74
9 81
9 82
9 87
9 92
9 93
9 99
9 103
9 111
9 113
9 118
9 125
9 127
10 0
10 5
10 9
10 10
10 11
10 17
10 21
10 22
10 26
10 30
10 31
10 44
10 47
10 49
10 51
10 53
10 55
10 57
10 62
10 67
10 68
10 80
10 83
10 84
10 86
10 90
10 92
10 98
10 101
10 102
10 107
10 109
10 111
10 119
10 122
10 124
10 126
11 0
11 2
11 11
11 14
11 15
11 17
11 22
11 24
11 25
11 30
11 33
11 34
11 35
11 37
11 41
11 51
11 53
11 54
11 55
11 61
11 62
11 65
11 72
11 86
11 88
11 95
11 101
11 102
11 104
11 109
11 110
11 112
11 117
11 119
11 120
11 121
11 122
11 124
11 127
12 1
12 2
12 5
12 6
12 7
12 8
12 12
12 17
12 18
12 25
12 28
12 30
12 34
12 36
12 39
12 40
12 45
12 46
12 47
12 51
12 55
12 56
12 57
12 61
12 67
12 72
12 74
12 75
12 76
12 81
12 85
12 86
12 88
12 90
12 93
12 94
12 95
12 102
12 103
12 106
12 108
12 109
12 114
12 116
12 117
12 119
12 124
12 126
13 4
13 6
13 7
13 12
13 17
13 18
13 24
13 30
13 32
13 33
13 35
13 36
13 37
13 38
13 39
13 43
13 48
13 55
13 57
13 61
13 62
13 66
13 69
13 77
13 79
13 80
13 91
13 94
13 97
13 99
13 106
13 114
13 115
13 116
13 120
13 126
13 127
14 0
14 1
14 3
14 4
14 7
14 8
14 9
14 18
14 26
14 27
14 30
14 46
14 49
14 50
14 53
14 58
14 60
14 61
14 68
14 69
14 74
14 82
14 84
14 86
14 87
14 89
14 91
14 92
14 93
14 94
14 96
14 100
14 103
14 105
14 108
14 111
14 112
14 113
14 114
14 117
14 122
15 0
15 2
15 4
15 5
15 7
15 8
15 9
15 14
15 20
15 22
15 23
15 25
15 29
15 30
15 40
15 47
15 48
15 49
15 50
15 52
15 53
15 57
15 59
15 65
15 71
15 74
15 79
15 86
15 91
15 94
15 95
15 109
15 113
16 4
16 5
16 7
16 8
16 10
16 11
16 12
16 13
16 17
16 18
16 20
16 22
16 23
16 25
16 27
16 28
16 29
16 31
16 34
16 36
16 38
16 40
16 44
16 47
16 48
16 51
16 54
16 56
16 58
16 61
16 68
16 69
16 72
16 78
16 84
16 85
16 86
16 88
16 91
16 93
16 95
16 100
16 103
16 107
16 110
16 112
16 119
16 120
16 121
16 123
16 127
17 3
17 4
17 5
17 7
17 8
17 11
17 14
17 18
17 22
17 23
17 26
17 30
17 33
17 35
17 39
17 42
17 43
17 45
17 49
17 52
17 56
17 63
17 67
17 70
17 74
17 75
17 76
17 82
17 85
17 86
17 91
17 96
17 101
17 106
17 114
17 116
17 123
17 125
17 126
18 2
18 18
18 23
18 34
18 38
18 46
18 53
18 59
18 60
18 61
18 63
18 67
18 68
18 72
18 75
18 82
18 83
18 84
18 85
18 86
18 95
18 96
18 97
18 98
18 100
18 101
18 106
18 111
18 118
18 122
18 127
19 2
19 4
19 5
19 9
19 13
19 18
19 20
19 23
19 38
19 43
19 46
19 48
19 61
19 70
19 76
19 78
19 81
19 83
19 85
19 86
19 87
19 88
19 89
19 97
19 100
19 101
19 103
19 104
19 105
19 110
19 112
19 115
19 117
19 118
19 119
19 123
19 126
19 127
20 1
20 5
20 8
20 15
20 17
20 18
20 21
20 23
20 29
20 31
20 32
20 36
20 38
20 41
20 42
20 46
20 48
20 50
20 54
20 55
20 56
20 58
20 59
20 61
20 63
20 64
20 67
20 69
20 72
20 79
20 81
20 83
20 90
20 93
20 94
20 97
20 103
20 105
20 118
20 119
20 120
21 1
21 2
21 3
21 4
21 9
21 12
21 13
21 14
21 18
21 19
21 21
21 31
21 33
21 36
21 40
21 43
21 45
21 53
21 56
21 57
21 62
21 65
21 72
21 74
21 85
21 92
21 94
21 101
21 105
21 107
21 108
21 115
21 117
21 119
21 125
22 6
22 7
22 18
22 20
22 22
22 23
22 27
22 49
22 63
22 65
22 70
22 71
22 73
22 75
22 81
22 82
22 83
22 85
22 89
22 94
22 95
22 96
22 101
22 105
22 109
22 111
22 112
22 121
22 125
22 127
23 1
23 4
23 5
23 8
23 11
23 18
23 19
23 22
23 25
23 26
23 28
23 32
23 36
23 37
23 44
23 48
23 51
23 52
23 56
23 66
23 71
23 75
23 81
23 82
23 83
23 88
23 91
23 94
23 99
23 100
23 103
23 105
23 106
23 111
23 112
23 113
23 118
23 119
23 121
23 122
23 126
23 127
24 2
24 8
24 12
24 14
24 16
24 19
24 24
24 28
24 34
24 38
24 41
24 43
24 47
24 51
24 53
24 54
24 59
24 60
24 61
24 67
24 73
24 75
24 77
24 79
24 80
24 88
24 89
24 90
24 95
24 101
24 106
24 107
24 116
24 118
24 119
24 121
24 127
25 4
25 5
25 9
25 10
25 13
25 15
25 17
25 19
25 20
25 21
25 26
25 30
25 36
25 41
25 42
25 48
25 49
25 51
25 54
25 55
25 56
25 57
25 64
25 66
25 67
25 69
25 71
25 74
25 77
25 78
25 82
25 83
25 88
25 89
25 91
25 92
25 95
25 96
25 97
25 98
25 99
25 101
25 103
25 107
25 108
25 110
25 114
25 120
25 124
25 127
26 2
26 6
26 13
26 20
26 21
26 22
26 23
26 24
26 25
26 32
26 37
26 38
26 39
26 41
26 45
26 47
26 49
26 51
26 55
26 65
26 66
26 67
26 69
26 70
26 73
26 80
26 81
26 83
26 93
26 104
26 110
26 111
26 112
26 123
26 124
27 3
27 5
27 6
27 8
27 16
27 18
27 19
27 27
27 29
27 36
27 38
27 39
27 42
27 44
27 45
27 48
27 50
27 52
27 55
27 56
27 61
27 63
27 71
27 77
27 78
27 81
27 86
27 89
27 92
27 94
27 96
27 97
27 100
27 107
27 108
27 110
27 114
27 118
27 122
27 124
27 126
28 2
28 5
28 10
28 12
28 14
28 19
28 20
28 24
28 25
28 39
28 40
28 41
28 43
28 45
28 46
28 53
28 55
28 59
28 62
28 63
28 64
28 66
28 72
28 73
28 77
28 78
28 80
28 84
28 89
28 90
28 93
28 99
28 100
28 102
28 105
28 106
28 113
28 114
28 116
28 118
28 122
28 126
29 2
29 3
29 4
29 8
29 9
29 10
29 16
29 17
29 30
29 31
29 39
29 40
29 43
29 44
29 49
29 52
29 54
29 58
29 59
29 60
29 68
29 70
29 83
29 85
29 86
29 88
29 90
29 96
29 98
29 100
29 108
29 112
29 117
29 119
29 120
29 122
29 125
29 126
30 0
30 6
30 12
30 17
30 18
30 21
30 37
30 41
30 49
30 50
30 56
30 57
30 58
30 61
30 63
30 67
30 74
30 75
30 81
30 84
30 88
30 93
30 95
30 100
30 109
30 112
30 113
30 116
30 119
31 2
31 4
31 8
31 9
31 14
31 16
31 18
31 20
31 23
31 29
31 30
31 31
31 32
31 39
31 40
31 42
31 45
31 47
31 48
31 52
31 58
31 60
31 61
31 62
31 63
31 64
31 69
31 77
31 78
31 81
31 82
31 87
31 92
31 93
31 94
31 102
31 106
31 110
31 111
31 113
31 114
31 116
31 117
31 118
31 119
31 121
31 123
31 127
32 0
32 3
32 4
32 10
32 15
32 18
32 19
32 21
32 29
32 32
32 34
32 38
32 40
32 48
32 49
32 55
32 60
32 62
32 64
32 66
32 68
32 70
32 75
32 76
32 79
32 81
32 82
32 84
32 88
32 89
32 94
32 101
32 109
32 115
32 116
32 117
32 122
32 123
32 127
33 0
33 6
33 10
33 11
33 13
33 17
33 18
33 20
33 23
33 31
33 35
33 39
33 44
33 50
33 52
33 61
33 69
33 70
33 71
33 73
33 80
33 83
33 84
33 86
33 90
33 94
33 95
33 98
33 101
33 106
33 114
33 117
33 118
33 120
33 124
33 125
34 1
34 2
34 11
34 12
34 16
34 17
34 18
34 19
34 21
34 22
34 23
34 26
34 29
34 30
34 36
34 42
34 51
34 53
34 54
34 55
34 58
34 63
34 66
34 68
34 71
34 73
34 76
34 77
34 79
34 85
34 87
34 89
34 93
34 94
34 100
34 103
34 106
34 108
34 109
34 112
34 117
34 119
34 120
34 121
35 4
35 5
35 7
35 11
35 20
35 22
35 23
35 26
35 27
35 28
35 32
35 38
35 41
35 47
35 58
35 61
35 62
35 65
35 66
35 70
35 71
35 74
35 76
35 77
35 85
35 86
35 90
35 93
35 102
35 105
35 109
35 117
35 122
36 1
36 2
36 4
36 7
36 8
36 9
36 11
36 18
36 19
36 21
36 23
36 25
36 31
36 34
36 41
36 42
36 43
36 45
36 49
36 51
36 56
36 58
36 59
36 61
36 63
36 65
36 66
36 75
36 82
36 91
36 92
36 96
36 98
36 107
36 118
36 123
36 127
37 0
37 1
37 3
37 10
37 13
37 17
37 20
37 25
37 32
37 37
37 46
37 47
37 60
37 63
37 64
37 69
37 75
37 77
37 81
37 83
37 84
37 86
37 88
37 90
37 91
37 92
37 93
37 102
37 104
37 106
37 107
37 109
37 114
37 116
37 117
37 120
37 126
38 1
38 5
38 6
38 12
38 15
38 24
38 27
38 28
38 31
38 41
38 47
38 48
38 50
38 54
38 59
38 60
38 61
38 62
38 63
38 64
38 67
38 83
38 87
38 90
38 94
38 99
38 103
38 104
38 106
38 111
38 112
38 113
38 114
38 117
38 119
38 120
38 124
39 0
39 1
39 6
39 7
39 9
39 14
39 16
39 17
39 23
39 26
39 27
39 30
39 33
39 34
39 36
39 37
39 39
39 41
39 44
39 46
39 51
39 55
39 56
39 57
39 58
39 59
39 63
39 64
39 65
39 66
39 69
39 74
39 75
39 78
39 83
39 84
39 97
39 98
39 99
39 109
39 117
39 120
39 121
39 127
40 2
40 9
40 10
40 11
40 14
40 18
40 20
40 22
40 25
40 32
40 34
40 45
40 49
40 50
40 52
40 55
40 58
40 60
40 61
40 66
40 74
40 76
40 78
40 85
40 86
40 88
40 89
40 90
40 95
40 97
40 99
40 100
40 103
40 104
40 105
40 107
40 110
40 113
40 125
41 8
41 9
41 23
41 33
41 35
41 36
41 46
41 54
41 55
41 56
41 66
41 70
41 72
41 73
41 78
41 81
41 83
41 87
41 90
41 97
41 99
41 104
41 106
41 107
41 110
41 111
41 112
41 113
41 117
41 121
41 123
41 124
41 127
42 1
42 5
42 7
42 8
42 10
42 14
42 15
42 16
42 17
42 20
42 21
42 28
42 31
42 33
42 34
42 38
42 43
42 45
42 47
42 48
42 49
42 50
42 53
42 54
42 56
42 57
42 63
42 65
42 66
42 69
42 71
42 73
42 84
42 89
42 105
42 113
42 115
42 118
42 119
42 121
42 123
42 125
42 126
43 0
43 4
43 9
43 11
43 18
43 22
43 28
43 29
43 31
43 32
43 33
43 40
43 44
43 47
43 50
43 51
43 54
43 62
43 74
43 75
43 77
43 80
43 82
43 90
43 105
43 106
43 107
43 108
43 115
43 116
43 117
43 118
43 120
43 123
43 125
44 4
44 7
44 9
44 12
44 14
44 18
44 19
44 26
44 27
44 28
44 39
44 42
44 44
44 48
44 49
44 56
44 58
44 60
44 61
44 62
44 64
44 65
44 70
44 74
44 75
44 86
44 90
44 91
44 94
44 96
44 99
44 102
44 104
44 105
44 106
44 108
44 118
44 124
44 126
45 4
45 5
45 9
45 11
45 21
45 24
45 40
45 45
45 48
45 49
45 51
45 54
45 66
45 67
45 68
45 72
45 73
45 74
45 78
45 86
45 88
45 91
45 94
45 98
45 99
45 103
45 107
45 113
45 114
45 119
45 121
45 123
46 2
46 5
46 7
46 14
46 21
46 23
46 24
46 26
46 30
46 34
46 37
46 39
46 42
46 46
46 49
46 50
46 52
46 53
46 54
46 73
46 75
46 80
46 86
46 91
46 95
46 97
46 107
46 110
46 113
46 118
46 119
46 122
46 124
46 125
46 126
46 127
47 2
47 5
47 8
47 11
47 12
47 15
47 17
47 22
47 38
47 39
47 48
47 49
47 50
47 51
47 53
47 54
47 55
47 58
47 60
47 62
47 64
47 65
47 66
47 73
47 75
47 80
47 84
47 86
47 90
47 92
47 94
47 103
47 106
47 112
47 116
47 118
47 120
47 123
47 124
48 0
48 5
48 8
48 16
48 20
48 23
48 30
48 34
48 36
48 39
48 42
48 48
48 49
48 51
48 71
48 72
48 73
48 74
48 77
48 78
48 83
48 89
48 91
48 92
48 96
48 98
48 100
48 101
48 106
48 123
49 5
49 10
49 11
49 14
49 20
49 22
49 26
49 29
49 33
49 38
49 39
49 41
49 45
49 47
49 53
49 55
49 57
49 58
49 59
49 62
49 65
49 66
49 68
49 71
49 73
49 75
49 80
49 87
49 90
49 92
49 95
49 98
49 102
49 103
49 105
49 108
49 109
49 114
49 115
49 116
49 117
49 122
50 4
50 13
50 14
50 18
50 20
50 24
50 28
50 30
50 32
50 37
50 38
50 41
50 50
50 54
50 62
50 69
50 73
50 76
50 77
50 80
50 81
50 82
50 95
50 96
50 102
50 108
50 109
50 111
50 116
50 118
50 121
51 2
51 3
51 5
51 7
51 8
51 9
51 17
51 20
51 22
51 42
51 47
51 57
51 61
51 63
51 64
51 66
51 68
51 71
51 74
51 76
51 77
51 82
51 99
51 100
51 101
51 108
51 109
51 111
51 116
51 119
51 121
51 127
52 1
52 2
52 3
52 13
52 18
52 26
52 30
52 31
52 34
52 36
52 40
52 42
52 44
52 48
52 54
52 55
52 58
52 60
52 63
52 65
52 68
52 69
52 74
52 76
52 78
52 83
52 97
52 102
52 103
52 104
52 106
52 107
52 109
52 111
52 114
52 115
52 119
52 124
53 7
53 8
53 10
53 18
53 25
53 26
53 29
53 30
53 31
53 32
53 36
53 37
53 38
53 48
53 49
53 50
53 52
53 55
53 58
53 60
53 63
53 68
53 71
53 73
53 80
53 85
53 87
53 88
53 89
53 90
53 91
53 92
53 94
53 97
53 99
53 111
53 117
53 127
54 1
54 5
54 8
54 10
54 18
54 19
54 20
54 23
54 24
54 27
54 28
54 30
54 35
54 36
54 39
54 41
54 43
54 44
54 46
54 48
54 49
54 53
54 56
54 58
54 62
54 65
54 69
54 70
54 71
54 72
54 73
54 75
54 86
54 90
54 92
54 93
54 98
54 99
54 107
54 111
54 115
54 121
54 122
54 123
55 5
55 7
55 8
55 17
55 18
55 19
55 25
55 26
55 27
55 28
55 31
55 34
55 35
55 36
55 40
55 43
55 47
55 48
55 49
55 50
55 52
55 56
55 59
55 63
55 64
55 70
55 72
55 75
55 84
55 89
55 91
55 95
55 97
55 98
55 100
55 102
55 112
55 113
55 115
55 116
55 119
55 123
55 124
56 4
56 7
56 8
56 9
56 11
56 12
56 14
56 22
56 23
56 30
56 33
56 34
56 39
56 41
56 42
56 43
56 46
56 49
56 52
56 55
56 57
56 59
56 61
56 62
56 66
56 67
56 68
56 73
56 74
56 78
56 83
56 84
56 93
56 94
56 95
56 104
56 106
56 111
56 115
56 116
56 120
56 121
56 122
56 124
56 127
57 1
57 7
57 12
57 14
57 15
57 18
57 19
57 26
57 29
57 30
57 36
57 40
57 44
57 47
57 52
57 55
57 57
57 61
57 69
57 71
57 75
57 82
57 86
57 91
57 95
57 98
57 100
57 104
57 108
57 111
57 114
57 119
58 1
58 7
58 10
58 11
58 12
58 15
58 16
58 17
58 19
58 20
58 23
58 24
58 25
58 26
58 28
58 29
58 31
58 33
58 34
58 36
58 38
58 48
58 51
58 52
58 56
58 59
58 60
58 63
58 65
58 66
58 71
58 73
58 75
58 79
58 82
58 85
58 91
58 95
58 100
58 102
58 108
58 110
58 119
58 121
58 123
59 3
59 6
59 7
59 8
59 14
59 18
59 21
59 24
59 27
59 29
59 30
59 31
59 32
59 33
59 37
59 40
59 44
59 47
59 48
59 49
59 50
59 51
59 54
59 56
59 59
59 68
59 72
59 79
59 85
59 86
59 88
59 90
59 91
59 92
59 96
59 100
59 102
59 107
59 111
59 112
59 113
59 115
59 122
59 127
60 2
60 4
60 5
60 8
60 9
60 12
60 17
60 20
60 21
60 25
60 26
60 29
60 30
60 33
60 37
60 38
60 39
60 41
60 42
60 46
60 50
60 51
60 54
60 57
60 60
60 64
60 72
60 76
60 77
60 78
60 80
60 86
60 88
60 89
60 90
60 91
60 100
60 101
60 105
60 109
60 113
60 115
60 120
60 125
60 126
61 5
61 6
61 9
61 20
61 21
61 25
61 28
61 31
61 36
61 38
61 39
61 40
61 41
61 45
61 47
61 48
61 51
61 56
61 61
61 64
61 68
61 78
61 80
61 84
61 87
61 88
61 90
61 92
61 93
61 99
61 105
61 106
61 112
61 113
61 114
61 116
61 117
61 118
61 120
61 127
62 7
62 11
62 13
62 14
62 17
62 19
62 22
62 24
62 26
62 32
62 33
62 38
62 43
62 44
62 46
62 50
62 51
62 59
62 72
62 77
62 79
62 80
62 84
62 86
62 89
62 90
62 93
62 95
62 96
62 97
62 104
62 110
62 117
62 119
62 122
62 123
63 2
63 4
63 5
63 8
63 11
63 16
63 19
63 23
63 28
63 32
63 36
63 37
63 40
63 46
63 50
63 60
63 64
63 68
63 70
63 71
63 72
63 78
63 79
63 80
63 82
63 85
63 87
63 88
63 92
63 95
63 98
63 108
63 111
63 112
63 113
63 115
63 119
63 123
63 126
63 127
64 3
64 9
64 10
64 11
64 12
64 14
64 17
64 20
64 24
64 25
64 26
64 27
64 28
64 30
64 31
64 33
64 39
64 44
64 49
64 50
64 51
64 52
64 54
64 56
64 58
64 64
64 67
64 69
64 73
64 77
64 78
64 87
64 91
64 92
64 94
64 95
64 102
64 107
64 108
64 111
64 112
64 115
64 117
64 119
64 120
64 125
65 4
65 5
65 6
65 7
65 9
65 14
65 18
65 23
65 26
65 27
65 32
65 35
65 36
65 37
65 40
65 42
65 44
65 45
65 48
65 51
65 52
65 55
65 60
65 63
65 64
65 68
65 74
65 81
65 82
65 85
65 86
65 90
65 95
65 97
65 101
65 103
65 108
65 113
65 114
65 120
65 122
65 127
66 3
66 8
66 9
66 14
66 17
66 21
66 28
66 33
66 36
66 41
66 44
66 46
66 50
66 60
66 67
66 70
66 75
66 77
66 78
66 80
66 82
66 85
66 88
66 94
66 96
66 97
66 100
66 101
66 103
66 107
66 108
66 109
66 110
66 116
66 118
66 119
66 120
66 121
66 122
66 126
67 5
67 7
67 11
67 18
67 19
67 24
67 25
67 26
67 29
67 31
67 40
67 45
67 47
67 52
67 54
67 58
67 60
67 62
67 65
67 67
67 73
67 76
67 84
67 89
67 90
67 95
67 96
67 102
67 103
67 112
67 115
67 117
67 120
68 1
68 15
68 19
68 23
68 25
68 29
68 33
68 36
68 40
68 41
68 51
68 56
68 57
68 64
68 68
68 72
68 73
68 78
68 79
68 81
68 82
68 87
68 89
68 93
68 94
68 98
68 99
68 104
68 105
68 111
68 112
68 113
68 114
68 120
69 0
69 1
69 2
69 10
69 11
69 13
69 14
69 15
69 20
69 23
69 24
69 28
69 34
69 39
69 41
69 50
69 54
69 55
69 59
69 63
69 70
69 72
69 75
69 79
69 80
69 81
69 84
69 87
69 88
69 95
69 96
69 98
69 100
69 104
69 105
69 106
69 116
69 120
69 122
69 124
70 0
70 10
70 12
70 14
70 26
70 31
70 32
70 36
70 41
70 43
70 44
70 47
70 51
70 55
70 57
70 58
70 64
70 68
70 70
70 71
70 72
70 74
70 79
70 81
70 84
70 86
70 91
70 94
70 95
70 101
70 104
70 111
70 114
70 117
70 118
70 120
70 122
70 124
71 6
71 8
71 10
71 14
71 16
71 17
71 20
71 25
71 31
71 39
71 40
71 44
71 45
71 46
71 48
71 49
71 50
71 55
71 56
71 57
71 59
71 62
71 64
71 66
71 69
71 70
71 75
71 77
71 78
71 80
71 81
71 82
71 83
71 87
71 89
71 93
71 94
71 104
71 105
71 106
71 109
71 110
71 115
71 116
71 117
71 118
71 120
71 121
72 7
72 9
72 10
72 11
72 19
72 28
72 33
72 34
72 35
72 39
72 40
72 43
72 56
72 59
72 64
72 66
72 69
72 70
72 78
72 82
72 87
72 90
72 91
72 95
72 101
72 102
72 103
72 105
72 112
72 115
72 116
72 117
72 118
72 119
72 124
73 1
73 5
73 10
73 11
73 13
73 14
73 15
73 16
73 20
73 21
73 26
73 27
73 28
73 32
73 34
73 36
73 38
73 40
73 42
73 44
73 50
73 51
73 52
73 54
73 56
73 59
73 60
73 61
73 65
73 73
73 74
73 81
73 84
73 85
73 92
73 93
73 94
73 97
73 99
73 100
73 106
73 107
73 119
73 121
73 123
74 2
74 3
74 5
74 6
74 8
74 9
74 12
74 37
74 39
74 40
74 47
74 48
74 55
74 67
74 82
74 83
74 90
74 91
74 92
74 94
74 115
74 116
74 121
74 122
74 126
75 0
75 2
75 8
75 11
75 13
75 16
75 18
75 21
75 25
75 29
75 30
75 32
75 44
75 45
75 47
75 52
75 54
75 55
75 57
75 59
75 61
75 67
75 72
75 75
75 81
75 83
75 88
75 92
75 93
75 94
75 97
75 100
75 101
75 102
75 104
75 108
75 111
75 115
75 118
75 120
75 126
76 0
76 2
76 10
76 13
76 15
76 17
76 22
76 27
76 28
76 30
76 35
76 36
76 43
76 45
76 47
76 50
76 58
76 65
76 66
76 67
76 74
76 76
76 77
76 78
76 79
76 80
76 83
76 84
76 87
76 93
76 100
76 109
76 111
76 114
76 116
76 119
76 120
76 123
76 124
77 0
77 3
77 8
77 16
77 19
77 20
77 21
77 24
77 26
77 31
77 37
77 38
77 42
77 46
77 49
77 50
77 51
77 52
77 53
77 54
77 55
77 57
77 62
77 65
77 70
77 82
77 84
77 87
77 89
77 93
77 99
77 100
77 109
77 111
77 114
77 115
77 119
77 120
77 127
78 2
78 5
78 6
78 15
78 24
78 26
78 27
78 40
78 46
78 51
78 52
78 60
78 62
78 63
78 64
78 71
78 72
78 74
78 83
78 87
78 91
78 92
78 100
78 102
78 104
78 106
78 109
78 116
78 117
78 121
79 5
79 6
79 8
79 11
79 12
79 13
79 17
79 18
79 25
79 30
79 32
79 33
79 35
79 36
79 40
79 41
79 49
79 51
79 52
79 53
79 54
79 56
79 57
79 64
79 72
79 73
79 74
79 76
79 82
79 93
79 97
79 101
79 102
79 105
79 111
79 112
79 113
79 115
79 122
79 125
79 127
80 3
80 5
80 9
80 11
80 14
80 15
80 17
80 18
80 20
80 21
80 27
80 28
80 29
80 35
80 36
80 38
80 42
80 43
80 46
80 47
80 48
80 49
80 53
80 54
80 55
80 60
80 67
80 69
80 71
80 74
80 79
80 81
80 86
80 87
80 89
80 92
80 106
80 110
80 114
80 115
80 117
80 118
80 122
80 123
80 127
81 5
81 8
81 9
81 10
81 17
81 22
81 24
81 25
81 27
81 30
81 32
81 34
81 36
81 37
81 38
81 43
81 49
81 52
81 53
81 57
81 62
81 63
81 66
81 67
81 70
81 72
81 80
81 82
81 87
81 89
81 95
81 99
81 103
81 108
81 110
81 118
81 120
81 122
81 125
81 127
82 2
82 11
82 15
82 17
82 20
82 22
82 24
82 27
82 29
82 31
82 33
82 34
82 38
82 42
82 47
82 48
82 54
82 56
82 61
82 64
82 67
82 71
82 72
82 77
82 78
82 81
82 85
82 89
82 93
82 95
82 97
82 108
82 109
82 113
82 115
82 123
83 0
83 5
83 10
83 15
83 17
83 18
83 21
83 24
83 32
83 34
83 40
83 44
83 45
83 54
83 55
83 56
83 62
83 69
83 72
83 76
83 79
83 80
83 94
83 98
83 103
83 110
83 115
83 117
83 119
83 121
83 122
83 126
84 13
84 16
84 20
84 24
84 25
84 26
84 31
84 36
84 38
84 39
84 41
84 46
84 47
84 48
84 51
84 52
84 53
84 57
84 58
84 61
84 62
84 63
84 69
84 71
84 72
84 74
84 76
84 77
84 81
84 83
84 84
84 87
84 94
84 95
84 100
84 102
84 103
84 107
84 108
84 113
84 115
84 117
84 119
85 0
85 9
85 14
85 23
85 24
85 35
85 38
85 45
85 46
85 48
85 49
85 56
85 60
85 63
85 64
85 68
85 74
85 77
85 79
85 83
85 84
85 85
85 86
85 87
85 89
85 90
85 96
85 97
85 113
85 119
86 0
86 4
86 6
86 8
86 9
86 11
86 13
86 14
86 20
86 22
86 25
86 29
86 30
86 33
86 39
86 41
86 47
86 48
86 51
86 53
86 57
86 62
86 64
86 66
86 70
86 72
86 75
86 80
86 82
86 85
86 86
86 88
86 89
86 91
86 95
86 97
86 99
86 100
86 105
86 111
86 113
86 115
86 116
86 118
86 122
86 125
87 1
87 2
87 6
87 8
87 10
87 11
87 13
87 15
87 17
87 18
87 19
87 20
87 22
87 23
87 26
87 29
87 31
87 34
87 37
87 41
87 45
87 47
87 49
87 50
87 55
87 56
87 57
87 60
87 61
87 63
87 68
87 72
87 80
87 83
87 85
87 90
87 91
87 95
87 98
87 99
87 100
87 101
87 104
87 108
87 109
87 113
87 118
87 119
87 121
87 124
87 127
88 2
88 3
88 4
88 8
88 19
88 23
88 25
88 26
88 28
88 30
88 31
88 32
88 34
88 37
88 38
88 40
88 46
88 48
88 53
88 59
88 63
88 65
88 67
88 70
88 78
88 80
88 81
88 83
88 85
88 87
88 89
88 90
88 94
88 95
88 98
88 100
88 105
88 109
88 112
88 116
88 118
88 125
88 127
89 1
89 2
89 3
89 6
89 7
89 8
89 13
89 14
89 15
89 17
89 19
89 20
89 23
89 39
89 43
89 44
89 46
89 47
89 54
89 56
89 60
89 62
89 64
89 68
89 70
89 72
89 75
89 77
89 78
89 79
89 81
89 83
89 84
89 89
89 94
89 104
89 105
89 109
89 111
89 115
89 116
89 118
89 126
90 0
90 2
90 4
90 5
90 7
90 15
90 16
90 17
90 19
90 24
90 31
90 38
90 39
90 40
90 42
90 43
90 55
90 60
90 64
90 67
90 78
90 80
90 88
90 89
90 101
90 110
90 111
90 112
90 114
90 120
90 121
90 126
91 16
91 17
91 22
91 28
91 30
91 33
91 38
91 40
91 45
91 46
91 47
91 48
91 50
91 60
91 64
91 66
91 67
91 68
91 73
91 74
91 75
91 79
91 81
91 86
91 87
91 94
91 96
91 108
91 110
91 111
91 113
91 114
91 126
92 0
92 6
92 8
92 14
92 21
92 28
92 38
92 40
92 43
92 49
92 51
92 52
92 56
92 60
92 63
92 64
92 71
92 73
92 75
92 76
92 78
92 80
92 83
92 84
92 85
92 87
92 93
92 94
92 96
92 97
92 98
92 108
92 116
92 120
92 124
93 3
93 4
93 5
93 6
93 8
93 10
93 14
93 15
93 19
93 21
93 27
93 33
93 34
93 36
93 37
93 40
93 41
93 42
93 47
93 52
93 67
93 68
93 71
93 73
93 74
93 81
93 82
93 97
93 99
93 106
93 108
93 109
93 110
93 124
93 126
94 1
94 8
94 9
94 10
94 14
94 16
94 18
94 19
94 22
94 23
94 27
94 28
94 29
94 30
94 32
94 33
94 35
94 38
94 40
94 42
94 46
94 47
94 49
94 51
94 58
94 61
94 63
94 65
94 67
94 68
94 70
94 72
94 75
94 76
94 78
94 81
94 82
94 85
94 88
94 91
94 92
94 94
94 97
94 100
94 102
94 108
94 109
94 110
94 112
94 117
95 5
95 7
95 12
95 14
95 15
95 16
95 17
95 19
95 28
95 32
95 35
95 43
95 45
95 48
95 51
95 54
95 55
95 57
95 65
95 66
95 69
95 70
95 89
95 90
95 91
95 93
95 94
95 96
95 98
95 99
95 103
95 108
95 109
95 115
95 120
95 124
95 125
96 8
96 11
96 14
96 17
96 18
96 19
96 22
96 26
96 32
96 39
96 41
96 44
96 49
96 51
96 55
96 61
96 64
96 69
96 70
96 73
96 74
96 76
96 77
96 79
96 83
96 84
96 85
96 87
96 94
96 97
96 98
96 102
96 105
96 106
96 107
96 112
96 113
96 117
96 120
96 121
96 123
97 13
97 24
97 31
97 34
97 38
97 42
97 47
97 50
97 51
97 56
97 57
97 62
97 65
97 68
97 69
97 73
97 77
97 81
97 86
97 87
97 89
97 98
97 109
97 113
97 117
97 118
97 122
97 124
97 126
97 127
98 0
98 2
98 13
98 14
98 19
98 20
98 22
98 23
98 24
98 25
98 31
98 35
98 36
98 51
98 52
98 56
98 59
98 64
98 68
98 69
98 73
98 75
98 84
98 85
98 92
98 94
98 100
98 101
98 107
98 110
98 113
98 116
98 117
98 123
98 126
99 2
99 5
99 7
99 17
99 18
99 20
99 25
99 26
99 27
99 29
99 32
99 41
99 42
99 43
99 46
99 51
99 52
99 59
99 61
99 67
99 68
99 69
99 70
99 76
99 77
99 81
99 98
99 99
99 101
99 103
99 105
99 106
99 120
99 123
99 124
100 3
100 10
100 13
100 14
100 19
100 21
100 24
100 25
100 27
100 29
100 30
100 31
100 32
100 34
100 35
100 45
100 47
100 49
100 51
100 52
100 55
100 57
100 58
100 61
100 62
100 63
100 65
100 67
100 68
100 69
100 73
100 74
100 75
100 78
100 79
100 80
100 84
100 87
100 92
100 93
100 94
100 98
100 100
100 107
100 109
100 113
100 115
100 117
100 119
100 120
100 122
101 3
101 7
101 11
101 14
101 16
101 19
101 20
101 22
101 26
101 33
101 36
101 38
101 42
101 44
101 45
101 46
101 47
101 57
101 58
101 69
101 70
101 71
101 75
101 77
101 81
101 82
101 85
101 86
101 87
101 89
101 96
101 98
101 100
101 101
101 102
101 104
101 108
101 109
101 111
101 112
101 113
101 115
101 119
101 126
101 127
102 0
102 18
102 24
102 28
102 36
102 38
102 46
102 50
102 51
102 57
102 59
102 60
102 63
102 65
102 70
102 73
102 75
102 76
102 80
102 85
102 86
102 88
102 96
102 102
102 105
102 106
102 110
102 113
102 116
102 119
102 122
102 123
102 125
102 126
103 0
103 2
103 7
103 14
103 19
103 20
103 25
103 40
103 44
103 45
103 47
103 49
103 53
103 56
103 57
103 59
103 61
103 62
103 64
103 66
103 69
103 73
103 76
103 77
103 87
103 89
103 94
103 98
103 100
103 105
103 111
103 112
103 114
103 116
103 117
103 118
104 9
104 11
104 16
104 21
104 22
104 23
104 24
104 25
104 26
104 32
104 50
104 52
104 55
104 61
104 64
104 70
104 71
104 75
104 77
104 87
104 91
104 94
104 96
104 100
104 101
104 104
104 105
104 110
104 114
104 115
104 121
104 123
104 124
104 125
104 126
104 127
105 1
105 2
105 3
105 7
105 12
105 17
105 22
105 27
105 29
105 37
105 40
105 41
105 54
105 55
105 70
105 77
105 79
105 82
105 84
105 85
105 88
105 91
105 95
105 98
105 102
105 103
105 109
105 112
105 115
105 116
105 117
105 118
105 119
105 120
105 126
106 3
106 4
106 5
106 10
106 12
106 14
106 20
106 22
106 23
106 29
106 30
106 38
106 42
106 46
106 47
106 48
106 55
106 57
106 60
106 63
106 77
106 78
106 81
106 83
106 84
106 87
106 98
106 99
106 102
106 109
106 110
106 111
106 112
106 117
106 118
106 120
106 123
106 124
106 125
106 126
107 1
107 7
107 18
107 20
107 22
107 25
107 26
107 27
107 31
107 35
107 36
107 37
107 38
107 39
107 42
107 52
107 53
107 56
107 63
107 65
107 66
107 68
107 69
107 73
107 75
107 76
107 78
107 81
107 84
107 88
107 91
107 92
107 93
107 97
107 104
107 106
107 108
107 110
107 113
107 114
107 116
107 117
107 123
107 125
107 126
107 127
108 0
108 1
108 4
108 18
108 25
108 28
108 30
108 33
108 36
108 39
108 42
108 53
108 55
108 58
108 61
108 64
108 67
108 69
108 70
108 78
108 82
108 85
108 86
108 89
108 94
108 96
108 103
108 106
108 109
108 111
109 4
109 9
109 14
109 17
109 18
109 22
109 25
109 26
109 29
109 31
109 32
109 34
109 38
109 41
109 42
109 43
109 46
109 47
109 51
109 52
109 53
109 59
109 61
109 62
109 72
109 74
109 78
109 80
109 87
109 89
109 94
109 98
109 99
109 100
109 103
109 106
109 109
109 111
109 112
109 114
109 115
109 124
110 2
110 5
110 6
110 8
110 13
110 16
110 18
110 25
110 32
110 33
110 42
110 47
110 48
110 49
110 50
110 57
110 62
110 64
110 65
110 71
110 77
110 78
110 81
110 82
110 91
110 102
110 104
110 105
110 109
110 115
110 116
110 117
110 119
110 121
110 123
110 124
110 126
110 127
111 4
111 6
111 7
111 8
111 11
111 14
111 16
111 30
111 31
111 33
111 38
111 46
111 47
111 51
111 53
111 65
111 77
111 78
111 79
111 80
111 82
111 83
111 85
111 86
111 101
111 102
111 103
111 104
111 105
111 111
111 114
111 116
111 117
111 120
111 122
111 123
111 124
111 125
111 126
111 127
112 13
112 15
112 20
112 21
112 23
112 25
112 26
112 34
112 41
112 42
112 44
112 49
112 51
112 52
112 56
112 62
112 68
112 69
112 71
112 76
112 85
112 87
112 88
112 90
112 91
112 93
112 94
112 95
112 98
112 107
112 112
112 113
112 115
112 117
112 121
112 123
112 124
112 126
112 127
113 1
113 7
113 8
113 11
113 12
113 23
113 31
113 38
113 39
113 46
113 47
113 50
113 56
113 57
113 67
113 74
113 77
113 80
113 81
113 86
113 90
113 91
113 92
113 94
113 96
113 102
113 107
113 119
113 122
113 124
114 1
114 2
114 3
114 7
114 8
114 16
114 21
114 23
114 24
114 25
114 33
114 35
114 40
114 43
114 48
114 49
114 52
114 54
114 55
114 56
114 58
114 60
114 62
114 63
114 70
114 72
114 74
114 77
114 79
114 82
114 84
114 88
114 90
114 91
114 96
114 101
114 102
114 105
114 107
114 112
114 115
114 125
115 3
115 6
115 7
115 10
115 18
115 21
115 24
115 30
115 31
115 33
115 40
115 41
115 42
115 49
115 52
115 54
115 59
115 62
115 74
115 75
115 82
115 89
115 91
115 93
115 95
115 96
115 100
115 104
115 108
115 110
115 111
115 115
115 119
115 122
115 123
115 127
116 0
116 3
116 5
116 6
116 7
116 8
116 18
116 20
116 22
116 23
116 24
116 26
116 27
116 30
116 33
116 35
116 37
116 42
116 44
116 48
116 49
116 51
116 52
116 56
116 68
116 70
116 72
116 85
116 94
116 97
116 99
116 106
116 110
116 112
116 113
116 114
116 115
116 117
116 118
116 121
116 122
116 123
116 126
117 2
117 7
117 9
117 11
117 16
117 20
117 25
117 28
117 29
117 30
117 36
117 39
117 40
117 50
117 53
117 54
117 55
117 56
117 64
117 70
117 72
117 76
117 79
117 86
117 89
117 95
117 97
117 98
117 99
117 102
117 109
117 110
117 111
117 112
117 118
117 121
117 127
118 5
118 7
118 8
118 10
118 11
118 17
118 20
118 22
118 31
118 36
118 49
118 57
118 63
118 64
118 65
118 70
118 71
118 74
118 79
118 82
118 86
118 88
118 89
118 91
118 99
118 102
118 103
118 105
118 108
118 109
118 114
118 117
118 121
118 125
118 126
118 127
119 0
119 1
119 5
119 6
119 9
119 10
119 12
119 17
119 20
119 21
119 25
119 30
119 33
119 35
119 36
119 39
119 48
119 49
119 57
119 59
119 62
119 66
119 76
119 78
119 79
119 86
119 87
119 105
119 107
119 111
119 112
119 113
119 114
119 123
119 125
120 3
120 4
120 5
120 7
120 11
120 12
120 14
120 26
120 33
120 35
120 37
120 38
120 41
120 50
120 58
120 71
120 75
120 79
120 80
120 81
120 85
120 89
120 90
120 91
120 93
120 95
120 98
120 110
120 112
120 113
120 115
120 119
120 121
120 126
121 2
121 4
121 10
121 15
121 16
121 20
121 28
121 36
121 38
121 43
121 46
121 50
121 51
121 52
121 53
121 54
121 55
121 57
121 58
121 60
121 63
121 64
121 65
121 71
121 76
121 83
121 84
121 89
121 90
121 96
121 100
121 101
121 104
121 108
121 114
121 117
121 124
121 127
122 0
122 3
122 5
122 6
122 8
122 10
122 13
122 15
122 18
122 20
122 28
122 30
122 31
122 32
122 38
122 41
122 43
122 44
122 46
122 48
122 50
122 54
122 56
122 59
122 64
122 67
122 76
122 78
122 82
122 84
122 88
122 99
122 102
122 107
122 108
122 111
122 114
122 121
122 122
123 4
123 7
123 10
123 16
123 17
123 23
123 24
123 26
123 27
123 31
123 33
123 35
123 38
123 41
123 42
123 45
123 46
123 47
123 55
123 57
123 64
123 66
123 71
123 75
123 76
123 80
123 86
123 87
123 88
123 90
123 96
123 101
123 102
123 106
123 111
123 113
123 118
123 123
123 125
124 4
124 11
124 22
124 24
124 27
124 28
124 37
124 41
124 44
124 47
124 48
124 49
124 52
124 55
124 63
124 64
124 67
124 70
124 79
124 83
124 91
124 93
124 96
124 98
124 99
124 101
124 104
124 107
124 108
124 114
124 115
124 121
124 126
125 6
125 7
125 11
125 15
125 16
125 18
125 23
125 24
125 31
125 33
125 34
125 39
125 40
125 49
125 55
125 58
125 61
125 62
125 65
125 74
125 75
125 76
125 79
125 82
125 87
125 91
125 92
125 95
125 101
125 105
125 106
125 113
125 117
125 119
125 126
126 13
126 18
126 20
126 21
126 22
126 25
126 28
126 32
126 33
126 38
126 39
126 41
126 45
126 49
126 51
126 55
126 59
126 61
126 65
126 69
126 74
126 83
126 85
126 86
126 87
126 92
126 93
126 102
126 113
126 118
126 123
126 124
127 2
127 4
127 6
127 9
127 10
127 11
127 12
127 20
127 24
127 29
127 33
127 35
127 36
127 41
127 42
127 50
127 51
127 59
127 61
127 62
127 66
127 67
127 70
127 75
127 80
127 82
127 88
127 92
127 94
127 95
127 101
127 103
127 104
127 106
127 108
127 110
127 112
127 116
127 121
127 125
