0 0
0 8
0 9
0 20
0 24
0 32
0 33
0 40
0 46
0 47
0 52
0 53
0 59
0 61
0 64
0 65
0 66
0 71
0 75
0 76
0 78
0 84
0 85
0 88
0 89
0 92
0 99
0 100
0 102
0 111
0 115
0 116
0 117
0 119
0 124
0 125
1 5
1 12
1 21
1 24
1 26
1 27
1 30
1 31
1 36
1 40
1 41
1 43
1 46
1 54
1 57
1 60
1 61
1 63
1 65
1 67
1 68
1 69
1 71
1 83
1 84
1 85
1 88
1 91
1 100
1 102
1 105
1 106
1 111
1 118
1 121
1 123
1 127
2 4
2 6
2 11
2 14
2 15
2 16
2 19
2 20
2 26
2 28
2 29
2 30
2 40
2 43
2 46
2 48
2 54
2 58
2 65
2 67
2 72
2 73
2 80
2 83
2 85
2 92
2 94
2 97
2 100
2 102
2 103
2 106
2 109
2 111
2 112
2 114
2 116
2 119
2 120
2 122
2 126
3 1
3 6
3 8
3 9
3 11
3 20
3 24
3 26
3 28
3 32
3 37
3 38
3 40
3 43
3 46
3 48
3 49
3 50
3 51
3 53
3 55
3 57
3 63
3 66
3 67
3 75
3 76
3 77
3 80
3 82
3 85
3 86
3 87
3 89
3 94
3 97
3 98
3 102
3 106
3 107
3 109
3 112
3 116
3 118
3 120
3 123
3 125
3 127
4 0
4 4
4 9
4 10
4 12
4 14
4 15
4 20
4 21
4 25
4 30
4 31
4 33
4 34
4 36
4 40
4 41
4 43
4 47
4 50
4 52
4 59
4 61
4 63
4 64
4 65
4 76
4 80
4 83
4 86
4 88
4 92
4 93
4 96
4 99
4 101
4 102
4 113
4 119
4 121
4 122
4 127
5 2
5 4
5 5
5 6
5 10
5 15
5 19
5 22
5 23
5 24
5 25
5 35
5 40
5 44
5 46
5 47
5 57
5 63
5 71
5 72
5 76
5 77
5 79
5 81
5 82
5 83
5 86
5 89
5 90
5 92
5 100
5 101
5 104
5 106
5 108
5 111
5 112
5 113
5 121
5 126
6 0
6 11
6 13
6 16
6 19
6 25
6 28
6 30
6 37
6 40
6 44
6 45
6 48
6 49
6 52
6 54
6 59
6 65
6 74
6 82
6 83
6 88
6 90
6 91
6 95
6 97
6 98
6 101
6 108
6 113
6 120
6 122
6 123
6 124
7 1
7 3
7 7
7 11
7 15
7 20
7 27
7 29
7 33
7 47
7 50
7 51
7 60
7 69
7 71
7 74
7 75
7 76
7 77
7 78
7 81
7 82
7 83
7 85
7 86
7 89
7 97
7 99
7 106
7 107
7 108
7 110
7 113
7 114
7 116
7 117
7 120
7 121
7 122
7 125
7 127
8 0
8 6
8 8
8 10
8 13
8 16
8 18
8 20
8 35
8 36
8 43
8 45
8 46
8 50
8 53
8 54
8 59
8 62
8 67
8 68
8 70
8 79
8 83
8 87
8 89
8 91
8 92
8 95
8 101
8 102
8 107
8 116
8 117
8 122
9 0
9 1
9 5
9 6
9 7
9 10
9 15
9 17
9 22
9 23
9 27
9 36
9 37
9 42
9 46
9 48
9 49
9 50
9 54
9 57
9 61
9 62
9 66
9 67
9 68
9 71
9 80
9 85
9 89
9 95
9 96
9 99
9 104
9 108
9 109
9 116
9 120
9 121
9 122
9 125
10 2
10 3
10 5
10 10
10 13
10 14
10 16
10 18
10 20
10 21
10 22
10 23
10 29
10 30
10 43
10 44
10 46
10 47
10 52
10 53
10 54
10 55
10 56
10 59
10 60
10 62
10 63
10 65
10 67
10 68
10 69
10 70
10 75
10 88
10 93
10 96
10 102
10 109
10 113
10 117
10 120
10 121
10 122
10 123
11 3
11 5
11 7
11 8
11 9
11 11
11 12
11 15
11 19
11 20
11 33
11 38
11 41
11 43
11 44
11 47
11 49
11 58
11 59
11 70
11 72
11 77
11 86
11 91
11 94
11 96
11 100
11 102
11 105
11 107
11 110
11 112
11 114
11 120
11 125
12 1
12 2
12 10
12 11
12 13
12 16
12 18
12 22
12 28
12 30
12 35
12 36
12 45
12 52
12 53
12 55
12 58
12 60
12 67
12 69
12 81
12 83
12 84
12 85
12 87
12 88
12 90
12 94
12 100
12 102
12 109
12 111
12 118
12 119
12 125
13 2
13 10
13 13
13 14
13 21
13 24
13 29
13 30
13 34
13 36
13 39
13 42
13 43
13 50
13 53
13 56
13 63
13 69
13 70
13 74
13 75
13 76
13 81
13 86
13 88
13 91
13 93
13 96
13 98
13 102
13 104
13 109
13 113
13 114
13 119
13 121
14 0
14 3
14 4
14 7
14 14
14 18
14 21
14 23
14 27
14 35
14 36
14 47
14 51
14 52
14 56
14 59
14 61
14 63
14 65
14 66
14 71
14 74
14 79
14 80
14 82
14 86
14 87
14 88
14 89
14 90
14 91
14 93
14 94
14 96
14 98
14 101
14 102
14 103
14 106
14 114
14 116
14 122
14 124
14 125
14 126
15 6
15 8
15 13
15 19
15 21
15 23
15 27
15 28
15 29
15 35
15 36
15 37
15 41
15 47
15 48
15 50
15 51
15 52
15 54
15 55
15 56
15 60
15 64
15 65
15 66
15 70
15 74
15 75
15 78
15 79
15 81
15 84
15 85
15 88
15 89
15 93
15 96
15 97
15 99
15 103
15 114
15 115
15 121
15 122
15 125
15 126
15 127
16 1
16 2
16 4
16 5
16 6
16 9
16 10
16 11
16 14
16 25
16 27
16 29
16 31
16 34
16 35
16 38
16 40
16 50
16 52
16 53
16 56
16 61
16 65
16 71
16 77
16 79
16 81
16 85
16 91
16 94
16 98
16 105
16 106
16 108
16 109
16 118
16 119
16 120
16 121
16 122
16 124
16 126
17 2
17 4
17 5
17 10
17 11
17 14
17 16
17 19
17 24
17 31
17 32
17 36
17 37
17 39
17 41
17 50
17 53
17 54
17 55
17 58
17 64
17 65
17 70
17 71
17 74
17 76
17 77
17 81
17 83
17 85
17 87
17 89
17 90
17 93
17 97
17 98
17 99
17 102
17 103
17 106
17 109
17 114
17 116
17 118
17 119
17 120
17 126
17 127
18 0
18 5
18 8
18 9
18 12
18 13
18 28
18 29
18 34
18 47
18 49
18 51
18 52
18 53
18 57
18 58
18 60
18 61
18 63
18 64
18 66
18 70
18 71
18 73
18 79
18 81
18 82
18 83
18 84
18 86
18 89
18 90
18 91
18 97
18 98
18 101
18 105
18 110
18 115
18 124
19 6
19 7
19 19
19 21
19 25
19 28
19 31
19 34
19 37
19 39
19 44
19 45
19 46
19 47
19 53
19 56
19 60
19 63
19 66
19 69
19 73
19 76
19 79
19 80
19 86
19 90
19 97
19 100
19 101
19 106
19 113
19 114
19 115
19 117
19 119
19 121
19 123
19 125
20 0
20 5
20 7
20 12
20 19
20 24
20 41
20 45
20 51
20 52
20 60
20 62
20 67
20 68
20 70
20 71
20 72
20 76
20 79
20 83
20 88
20 89
20 94
20 95
20 97
20 103
20 106
20 107
20 116
20 118
20 119
20 120
20 125
21 2
21 7
21 8
21 13
21 19
21 20
21 21
21 26
21 29
21 33
21 35
21 37
21 39
21 40
21 41
21 48
21 49
21 50
21 54
21 60
21 69
21 73
21 75
21 78
21 82
21 84
21 88
21 89
21 96
21 101
21 102
21 104
21 107
21 109
21 110
21 112
21 115
21 121
21 122
21 123
21 125
21 127
22 6
22 7
22 8
22 11
22 16
22 29
22 32
22 35
22 40
22 48
22 49
22 50
22 56
22 60
22 61
22 64
22 65
22 70
22 73
22 74
22 79
22 80
22 81
22 88
22 90
22 92
22 94
22 99
22 101
22 102
22 105
22 106
22 108
22 109
22 112
22 114
22 120
22 122
22 126
22 127
23 7
23 9
23 10
23 13
23 15
23 17
23 31
23 33
23 34
23 38
23 48
23 50
23 51
23 52
23 60
23 63
23 65
23 75
23 79
23 85
23 87
23 91
23 96
23 97
23 105
23 106
23 109
23 110
23 113
23 118
23 122
23 125
24 1
24 2
24 3
24 4
24 7
24 10
24 14
24 15
24 17
24 18
24 24
24 25
24 28
24 32
24 34
24 35
24 41
24 44
24 52
24 53
24 55
24 57
24 69
24 71
24 73
24 77
24 78
24 80
24 91
24 92
24 94
24 98
24 101
24 105
24 107
24 112
24 113
24 122
24 124
25 0
25 3
25 11
25 13
25 14
25 16
25 18
25 19
25 23
25 30
25 33
25 35
25 36
25 37
25 44
25 52
25 70
25 74
25 75
25 76
25 83
25 86
25 89
25 91
25 96
25 97
25 100
25 101
25 102
25 104
25 110
25 113
25 121
25 122
25 124
26 1
26 2
26 4
26 12
26 13
26 15
26 19
26 26
26 27
26 31
26 34
26 35
26 40
26 41
26 45
26 46
26 53
26 56
26 59
26 60
26 64
26 66
26 67
26 69
26 72
26 78
26 80
26 85
26 98
26 102
26 103
26 106
26 108
26 109
26 112
26 124
26 127
27 14
27 19
27 24
27 27
27 29
27 31
27 37
27 48
27 50
27 52
27 53
27 63
27 64
27 67
27 68
27 69
27 72
27 76
27 81
27 85
27 86
27 90
27 91
27 92
27 95
27 96
27 103
27 109
27 112
27 114
27 115
27 116
27 120
27 121
27 124
28 2
28 4
28 7
28 8
28 10
28 14
28 15
28 16
28 19
28 21
28 25
28 30
28 32
28 39
28 44
28 47
28 49
28 58
28 60
28 62
28 63
28 66
28 78
28 81
28 82
28 83
28 90
28 93
28 96
28 97
28 106
28 111
28 120
29 2
29 3
29 6
29 7
29 8
29 12
29 15
29 16
29 18
29 19
29 22
29 26
29 29
29 30
29 35
29 36
29 38
29 44
29 48
29 54
29 55
29 56
29 57
29 60
29 68
29 74
29 78
29 79
29 83
29 84
29 87
29 90
29 91
29 103
29 116
29 121
29 122
29 124
29 126
30 3
30 7
30 10
30 11
30 13
30 15
30 16
30 17
30 18
30 21
30 25
30 27
30 30
30 39
30 41
30 47
30 50
30 57
30 59
30 61
30 63
30 66
30 67
30 77
30 79
30 81
30 82
30 84
30 90
30 92
30 98
30 105
30 106
30 110
30 111
30 112
30 114
30 115
30 117
30 120
30 125
31 0
31 1
31 3
31 6
31 10
31 13
31 16
31 17
31 20
31 23
31 24
31 29
31 32
31 45
31 53
31 54
31 60
31 64
31 65
31 66
31 75
31 81
31 93
31 96
31 97
31 101
31 104
31 105
31 111
31 116
31 121
32 2
32 5
32 9
32 10
32 12
32 14
32 19
32 21
32 22
32 25
32 32
32 34
32 38
32 39
32 47
32 50
32 51
32 52
32 54
32 59
32 69
32 71
32 75
32 76
32 77
32 79
32 83
32 85
32 90
32 94
32 96
32 97
32 99
32 105
32 107
32 108
32 109
32 119
32 123
32 127
33 0
33 2
33 4
33 9
33 13
33 22
33 24
33 27
33 28
33 32
33 37
33 43
33 48
33 50
33 52
33 53
33 58
33 62
33 65
33 69
33 74
33 77
33 81
33 83
33 84
33 87
33 98
33 102
33 106
33 107
33 109
33 110
33 112
33 114
33 116
33 117
33 118
33 124
33 126
34 1
34 2
34 3
34 4
34 5
34 9
34 10
34 18
34 19
34 25
34 26
34 28
34 32
34 33
34 35
34 37
34 38
34 47
34 50
34 54
34 57
34 63
34 64
34 68
34 76
34 77
34 78
34 79
34 88
34 93
34 106
34 116
34 119
34 126
35 1
35 4
35 10
35 12
35 16
35 18
35 20
35 22
35 27
35 30
35 32
35 36
35 39
35 46
35 48
35 60
35 61
35 62
35 63
35 64
35 69
35 76
35 78
35 80
35 87
35 89
35 91
35 96
35 100
35 102
35 103
35 105
35 107
35 110
35 112
35 114
35 115
35 119
35 120
35 121
36 3
36 4
36 8
36 11
36 17
36 25
36 26
36 28
36 29
36 30
36 34
36 35
36 36
36 44
36 45
36 48
36 50
36 51
36 54
36 55
36 57
36 60
36 61
36 62
36 66
36 68
36 72
36 76
36 80
36 81
36 92
36 93
36 102
36 106
36 108
36 109
36 110
36 111
36 114
36 115
36 126
37 2
37 6
37 8
37 9
37 13
37 19
37 28
37 32
37 43
37 44
37 49
37 53
37 56
37 59
37 63
37 70
37 73
37 74
37 76
37 79
37 85
37 86
37 88
37 92
37 93
37 94
37 96
37 98
37 105
37 107
37 108
37 109
37 110
37 120
37 122
37 123
37 124
37 125
38 0
38 2
38 8
38 10
38 15
38 17
38 18
38 21
38 23
38 24
38 30
38 34
38 39
38 41
38 46
38 48
38 50
38 52
38 56
38 62
38 67
38 68
38 71
38 73
38 77
38 78
38 81
38 87
38 88
38 90
38 92
38 95
38 98
38 99
38 100
38 102
38 104
38 107
38 112
38 114
38 119
38 124
38 125
39 1
39 8
39 13
39 15
39 17
39 24
39 25
39 29
39 31
39 33
39 35
39 36
39 37
39 48
39 51
39 53
39 61
39 63
39 65
39 66
39 69
39 71
39 74
39 82
39 85
39 90
39 91
39 92
39 93
39 94
39 95
39 96
39 99
39 102
39 103
39 104
39 105
39 108
39 109
39 110
39 114
39 116
39 117
39 119
39 120
40 5
40 6
40 9
40 10
40 11
40 12
40 19
40 23
40 25
40 27
40 28
40 32
40 33
40 34
40 37
40 39
40 40
40 42
40 47
40 52
40 54
40 56
40 57
40 59
40 64
40 69
40 71
40 74
40 81
40 82
40 83
40 86
40 88
40 91
40 93
40 105
40 106
40 113
40 115
40 119
40 126
41 2
41 8
41 10
41 16
41 19
41 23
41 28
41 32
41 34
41 35
41 38
41 39
41 46
41 50
41 52
41 57
41 60
41 63
41 67
41 68
41 70
41 73
41 76
41 77
41 81
41 83
41 84
41 90
41 94
41 99
41 101
41 102
41 107
41 113
41 116
41 119
41 120
41 121
41 123
42 1
42 7
42 8
42 13
42 16
42 19
42 21
42 22
42 23
42 24
42 28
42 31
42 33
42 34
42 37
42 44
42 47
42 51
42 53
42 54
42 55
42 57
42 58
42 61
42 62
42 67
42 73
42 77
42 81
42 82
42 85
42 90
42 91
42 93
42 95
42 96
42 98
42 99
42 104
42 110
42 111
42 114
42 118
42 120
43 0
43 4
43 11
43 12
43 24
43 25
43 28
43 30
43 35
43 36
43 42
43 43
43 45
43 50
43 52
43 53
43 54
43 56
43 60
43 61
43 63
43 64
43 67
43 72
43 74
43 81
43 94
43 98
43 99
43 105
43 107
43 112
43 115
43 117
43 120
43 121
43 127
44 6
44 7
44 11
44 13
44 21
44 30
44 32
44 33
44 35
44 39
44 41
44 44
44 53
44 60
44 62
44 63
44 67
44 69
44 70
44 74
44 75
44 78
44 79
44 82
44 95
44 96
44 97
44 104
44 108
44 110
44 111
44 114
44 115
44 121
44 123
45 9
45 14
45 22
45 23
45 31
45 33
45 42
45 45
45 49
45 52
45 56
45 57
45 58
45 59
45 70
45 78
45 79
45 85
45 87
45 88
45 92
45 93
45 94
45 95
45 98
45 102
45 104
45 105
45 106
45 111
45 115
45 116
45 120
45 122
45 123
46 11
46 29
46 30
46 31
46 33
46 37
46 41
46 43
46 44
46 47
46 56
46 61
46 63
46 64
46 69
46 71
46 73
46 74
46 82
46 86
46 88
46 90
46 94
46 97
46 98
46 100
46 101
46 103
46 107
46 108
46 110
46 113
46 114
46 115
46 119
46 123
46 125
47 3
47 5
47 6
47 7
47 12
47 13
47 14
47 17
47 19
47 23
47 26
47 27
47 32
47 35
47 37
47 40
47 43
47 46
47 47
47 48
47 50
47 51
47 55
47 56
47 59
47 61
47 64
47 69
47 72
47 75
47 78
47 83
47 86
47 91
47 92
47 96
47 98
47 100
47 105
47 107
47 117
47 120
47 123
47 127
48 0
48 1
48 11
48 12
48 19
48 23
48 29
48 30
48 32
48 35
48 38
48 39
48 45
48 47
48 49
48 51
48 53
48 58
48 60
48 61
48 63
48 70
48 71
48 73
48 74
48 80
48 82
48 85
48 91
48 94
48 96
48 97
48 99
48 100
48 101
48 103
48 107
48 113
48 118
48 120
48 125
48 127
49 1
49 3
49 5
49 6
49 8
49 9
49 10
49 16
49 21
49 23
49 24
49 31
49 32
49 34
49 40
49 41
49 43
49 44
49 47
49 49
49 51
49 53
49 58
49 59
49 60
49 63
49 71
49 72
49 74
49 75
49 79
49 86
49 90
49 91
49 98
49 99
49 100
49 103
49 104
49 109
49 111
49 112
49 116
49 119
49 123
50 4
50 8
50 9
50 10
50 14
50 16
50 21
50 24
50 31
50 33
50 35
50 42
50 45
50 46
50 50
50 58
50 59
50 60
50 61
50 76
50 78
50 82
50 85
50 92
50 94
50 95
50 96
50 103
50 105
50 108
50 111
50 113
50 119
50 121
50 123
51 3
51 10
51 11
51 14
51 15
51 16
51 20
51 30
51 32
51 34
51 35
51 38
51 40
51 46
51 47
51 48
51 50
51 51
51 53
51 56
51 58
51 59
51 65
51 67
51 71
51 72
51 76
51 80
51 81
51 82
51 84
51 85
51 88
51 93
51 96
51 98
51 102
51 103
51 110
51 114
51 123
52 5
52 9
52 16
52 19
52 23
52 30
52 31
52 37
52 42
52 44
52 51
52 53
52 62
52 66
52 67
52 68
52 81
52 83
52 90
52 97
52 98
52 101
52 102
52 103
52 104
52 109
52 110
52 113
52 114
52 116
52 117
52 118
52 119
52 121
52 122
52 124
53 2
53 4
53 11
53 20
53 25
53 26
53 28
53 30
53 40
53 49
53 51
53 52
53 56
53 59
53 70
53 74
53 75
53 81
53 84
53 86
53 87
53 88
53 89
53 93
53 95
53 103
53 110
53 115
53 118
53 124
53 127
54 5
54 8
54 9
54 11
54 13
54 16
54 23
54 27
54 31
54 32
54 44
54 45
54 46
54 49
54 52
54 56
54 57
54 58
54 60
54 61
54 75
54 78
54 83
54 86
54 88
54 90
54 96
54 97
54 99
54 100
54 103
54 106
54 107
54 108
54 116
54 119
54 121
54 123
54 125
54 126
55 0
55 5
55 6
55 7
55 8
55 10
55 11
55 21
55 22
55 29
55 30
55 31
55 33
55 34
55 35
55 40
55 44
55 45
55 48
55 51
55 55
55 56
55 61
55 62
55 64
55 67
55 71
55 76
55 80
55 81
55 82
55 85
55 86
55 90
55 94
55 96
55 102
55 103
55 111
55 117
55 124
55 126
56 2
56 5
56 11
56 12
56 14
56 16
56 17
56 21
56 22
56 24
56 25
56 29
56 33
56 34
56 36
56 37
56 40
56 41
56 45
56 54
56 55
56 66
56 71
56 72
56 75
56 80
56 82
56 83
56 84
56 85
56 87
56 95
56 99
56 109
56 110
56 112
56 115
56 118
56 125
57 1
57 5
57 6
57 8
57 12
57 15
57 17
57 24
57 25
57 26
57 31
57 34
57 35
57 36
57 37
57 38
57 39
57 48
57 49
57 50
57 53
57 58
57 59
57 65
57 66
57 69
57 72
57 73
57 80
57 82
57 90
57 91
57 92
57 93
57 99
57 102
57 107
57 108
57 109
57 110
57 111
57 112
57 117
57 119
57 122
58 2
58 3
58 4
58 6
58 7
58 9
58 17
58 19
58 25
58 28
58 29
58 34
58 38
58 41
58 42
58 43
58 50
58 59
58 61
58 65
58 68
58 77
58 81
58 87
58 91
58 92
58 95
58 98
58 100
58 105
58 115
58 123
59 2
59 7
59 10
59 20
59 22
59 23
59 26
59 27
59 28
59 31
59 37
59 38
59 39
59 54
59 56
59 61
59 67
59 69
59 71
59 72
59 73
59 74
59 75
59 82
59 90
59 94
59 96
59 97
59 98
59 100
59 101
59 106
59 111
59 112
59 120
59 127
60 0
60 1
60 3
60 4
60 6
60 7
60 23
60 25
60 27
60 28
60 29
60 32
60 44
60 49
60 51
60 52
60 56
60 58
60 60
60 63
60 68
60 71
60 74
60 76
60 78
60 79
60 80
60 82
60 84
60 87
60 88
60 92
60 104
60 112
60 113
60 121
60 125
61 0
61 3
61 6
61 8
61 13
61 15
61 18
61 21
61 23
61 28
61 29
61 32
61 35
61 36
61 40
61 42
61 49
61 54
61 58
61 63
61 72
61 76
61 77
61 78
61 81
61 82
61 84
61 88
61 92
61 93
61 94
61 95
61 99
61 100
61 103
61 107
61 108
61 113
61 115
61 116
61 117
61 119
61 122
61 124
61 127
62 11
62 12
62 14
62 16
62 18
62 20
62 23
62 24
62 30
62 32
62 35
62 37
62 38
62 41
62 44
62 51
62 52
62 53
62 55
62 56
62 59
62 60
62 63
62 64
62 65
62 67
62 73
62 74
62 75
62 82
62 83
62 86
62 87
62 88
62 91
62 95
62 97
62 100
62 102
62 106
62 109
62 117
62 118
62 120
62 122
62 123
63 0
63 1
63 3
63 6
63 11
63 13
63 28
63 37
63 43
63 46
63 50
63 52
63 55
63 58
63 59
63 60
63 61
63 75
63 83
63 85
63 86
63 97
63 98
63 99
63 102
63 108
63 113
63 114
63 120
63 121
63 123
63 124
63 126
63 127
64 7
64 8
64 13
64 17
64 23
64 26
64 30
64 31
64 44
64 45
64 47
64 49
64 54
64 59
64 61
64 64
64 67
64 70
64 71
64 72
64 73
64 80
64 83
64 89
64 93
64 94
64 96
64 98
64 100
64 103
64 109
64 113
64 119
64 122
65 6
65 11
65 17
65 24
65 27
65 29
65 30
65 31
65 35
65 36
65 37
65 39
65 50
65 51
65 53
65 54
65 56
65 57
65 58
65 61
65 64
65 65
65 67
65 68
65 75
65 76
65 78
65 85
65 88
65 91
65 92
65 95
65 99
65 102
65 107
65 109
65 111
65 114
65 117
65 122
65 125
66 0
66 2
66 10
66 18
66 21
66 26
66 27
66 32
66 37
66 38
66 39
66 51
66 53
66 54
66 58
66 68
66 82
66 84
66 85
66 87
66 94
66 98
66 105
66 108
66 111
66 113
66 115
66 119
66 124
66 127
67 5
67 6
67 7
67 15
67 17
67 20
67 23
67 25
67 27
67 28
67 30
67 41
67 44
67 48
67 50
67 51
67 58
67 62
67 64
67 68
67 71
67 78
67 80
67 81
67 83
67 84
67 86
67 90
67 93
67 95
67 100
67 109
67 110
67 111
67 112
67 118
67 120
67 124
68 2
68 4
68 17
68 19
68 20
68 22
68 23
68 28
68 37
68 39
68 40
68 42
68 43
68 46
68 47
68 50
68 51
68 55
68 57
68 60
68 64
68 66
68 70
68 75
68 78
68 79
68 80
68 81
68 89
68 91
68 97
68 101
68 102
68 106
68 107
68 110
68 116
68 117
68 121
68 122
69 8
69 18
69 21
69 23
69 29
69 34
69 37
69 38
69 45
69 52
69 61
69 68
69 72
69 77
69 79
69 81
69 82
69 84
69 89
69 97
69 102
69 105
69 107
69 108
69 110
69 116
69 117
69 123
69 126
70 1
70 2
70 8
70 12
70 16
70 22
70 40
70 41
70 42
70 51
70 55
70 58
70 60
70 66
70 71
70 73
70 76
70 77
70 82
70 84
70 93
70 97
70 98
70 100
70 101
70 108
70 109
70 111
70 113
70 115
70 118
70 123
70 125
71 0
71 5
71 6
71 7
71 11
71 13
71 15
71 17
71 19
71 21
71 22
71 23
71 27
71 29
71 30
71 38
71 40
71 45
71 46
71 47
71 49
71 51
71 53
71 54
71 55
71 56
71 59
71 66
71 69
71 70
71 72
71 73
71 78
71 81
71 82
71 83
71 87
71 88
71 100
71 101
71 105
71 106
71 109
71 111
71 114
71 115
71 122
71 123
71 126
71 127
72 0
72 6
72 14
72 15
72 18
72 21
72 23
72 25
72 26
72 34
72 46
72 48
72 51
72 57
72 59
72 60
72 64
72 65
72 67
72 70
72 76
72 77
72 83
72 88
72 89
72 92
72 93
72 97
72 98
72 99
72 103
72 104
72 106
72 108
72 113
72 115
72 118
72 120
72 121
72 123
72 126
73 1
73 5
73 7
73 8
73 9
73 10
73 13
73 22
73 27
73 36
73 38
73 40
73 45
73 48
73 55
73 62
73 66
73 68
73 70
73 75
73 77
73 78
73 79
73 81
73 91
73 102
73 107
73 108
73 111
73 113
73 114
73 117
73 118
73 119
73 124
73 125
74 0
74 2
74 3
74 6
74 8
74 9
74 10
74 14
74 19
74 21
74 24
74 52
74 53
74 54
74 55
74 56
74 57
74 62
74 66
74 68
74 72
74 74
74 75
74 83
74 85
74 87
74 89
74 92
74 93
74 94
74 95
74 99
74 102
74 114
74 116
74 119
74 126
75 5
75 6
75 7
75 14
75 15
75 16
75 17
75 19
75 25
75 26
75 37
75 38
75 41
75 43
75 44
75 49
75 53
75 57
75 61
75 63
75 67
75 77
75 87
75 89
75 92
75 93
75 94
75 95
75 96
75 104
75 105
75 107
75 108
75 109
75 110
75 116
75 117
75 118
75 120
75 122
75 125
76 0
76 1
76 4
76 6
76 8
76 20
76 21
76 22
76 24
76 25
76 27
76 30
76 33
76 40
76 45
76 46
76 50
76 54
76 57
76 59
76 65
76 70
76 78
76 82
76 83
76 84
76 86
76 88
76 99
76 101
76 103
76 121
76 127
77 4
77 6
77 18
77 28
77 30
77 32
77 33
77 36
77 40
77 45
77 58
77 61
77 62
77 63
77 69
77 73
77 77
77 82
77 84
77 87
77 88
77 89
77 94
77 98
77 108
77 109
77 114
77 115
77 116
77 117
77 122
77 124
77 125
78 6
78 9
78 11
78 13
78 24
78 26
78 30
78 36
78 42
78 44
78 45
78 48
78 49
78 52
78 57
78 59
78 60
78 65
78 68
78 71
78 73
78 75
78 77
78 89
78 90
78 91
78 92
78 95
78 96
78 98
78 99
78 101
78 103
78 106
78 111
78 117
78 120
78 121
78 127
79 0
79 6
79 9
79 11
79 15
79 18
79 20
79 22
79 27
79 28
79 30
79 34
79 41
79 46
79 47
79 49
79 54
79 55
79 56
79 63
79 72
79 73
79 74
79 76
79 78
79 86
79 87
79 88
79 89
79 90
79 92
79 103
79 104
79 108
79 113
79 115
79 117
79 121
79 124
79 127
80 4
80 5
80 9
80 10
80 14
80 16
80 24
80 30
80 38
80 41
80 42
80 43
80 46
80 48
80 49
80 52
80 53
80 54
80 56
80 58
80 62
80 63
80 64
80 79
80 84
80 86
80 90
80 91
80 97
80 99
80 109
80 111
80 113
80 115
80 117
80 118
80 125
81 0
81 1
81 2
81 5
81 8
81 11
81 15
81 16
81 18
81 20
81 24
81 29
81 32
81 33
81 34
81 36
81 37
81 38
81 40
81 41
81 42
81 44
81 45
81 52
81 56
81 60
81 61
81 62
81 64
81 78
81 84
81 87
81 89
81 95
81 97
81 106
81 108
81 111
81 115
81 124
81 125
81 126
81 127
82 1
82 5
82 7
82 8
82 9
82 16
82 27
82 34
82 48
82 57
82 58
82 60
82 62
82 63
82 64
82 69
82 71
82 74
82 79
82 81
82 86
82 88
82 89
82 90
82 96
82 101
82 102
82 105
82 116
82 118
82 123
82 126
83 0
83 1
83 4
83 7
83 9
83 11
83 12
83 15
83 17
83 19
83 20
83 22
83 24
83 28
83 29
83 32
83 40
83 55
83 58
83 59
83 62
83 67
83 68
83 69
83 78
83 81
83 83
83 84
83 85
83 90
83 91
83 92
83 96
83 107
83 108
83 110
83 120
83 123
83 124
83 127
84 2
84 5
84 9
84 11
84 12
84 13
84 15
84 22
84 26
84 31
84 32
84 38
84 41
84 45
84 51
84 57
84 58
84 59
84 67
84 69
84 70
84 71
84 73
84 75
84 76
84 77
84 80
84 81
84 83
84 90
84 95
84 101
84 109
84 111
84 113
84 114
84 115
84 116
84 122
85 3
85 4
85 5
85 6
85 13
85 16
85 18
85 19
85 20
85 27
85 31
85 33
85 35
85 36
85 42
85 44
85 47
85 51
85 56
85 62
85 63
85 64
85 65
85 67
85 70
85 72
85 75
85 77
85 78
85 79
85 84
85 88
85 90
85 95
85 101
85 106
85 108
85 117
85 121
85 122
85 125
85 126
86 6
86 8
86 13
86 14
86 15
86 16
86 17
86 21
86 22
86 24
86 27
86 31
86 37
86 40
86 47
86 51
86 55
86 57
86 59
86 62
86 67
86 72
86 73
86 76
86 82
86 93
86 94
86 98
86 101
86 102
86 105
86 109
86 111
86 113
86 123
87 1
87 2
87 4
87 10
87 13
87 14
87 15
87 16
87 17
87 21
87 22
87 26
87 28
87 32
87 36
87 38
87 39
87 40
87 53
87 57
87 62
87 64
87 70
87 73
87 84
87 88
87 90
87 95
87 96
87 103
87 107
87 108
87 116
87 120
87 123
87 126
88 2
88 4
88 9
88 13
88 15
88 26
88 30
88 36
88 38
88 40
88 43
88 44
88 46
88 47
88 54
88 55
88 56
88 58
88 62
88 63
88 64
88 67
88 69
88 73
88 74
88 77
88 78
88 81
88 83
88 91
88 98
88 102
88 108
88 110
88 119
88 120
88 123
89 0
89 5
89 8
89 11
89 14
89 25
89 26
89 31
89 32
89 38
89 40
89 43
89 45
89 46
89 47
89 53
89 59
89 64
89 67
89 71
89 72
89 75
89 76
89 81
89 82
89 84
89 88
89 93
89 101
89 104
89 107
89 109
89 112
89 113
89 115
89 116
89 121
89 123
89 126
89 127
90 2
90 4
90 6
90 11
90 12
90 15
90 16
90 17
90 18
90 23
90 24
90 27
90 28
90 37
90 38
90 39
90 44
90 45
90 47
90 48
90 50
90 51
90 53
90 56
90 63
90 67
90 71
90 72
90 82
90 84
90 88
90 90
90 92
90 99
90 105
90 106
90 112
90 113
90 116
90 117
90 118
90 119
90 124
91 3
91 4
91 7
91 12
91 14
91 17
91 18
91 19
91 22
91 23
91 24
91 32
91 35
91 38
91 43
91 47
91 50
91 52
91 55
91 58
91 60
91 65
91 67
91 68
91 70
91 73
91 75
91 79
91 85
91 87
91 97
91 99
91 100
91 101
91 102
91 116
91 119
91 121
91 126
92 12
92 14
92 15
92 18
92 19
92 20
92 22
92 23
92 24
92 25
92 37
92 38
92 47
92 48
92 49
92 58
92 61
92 64
92 77
92 83
92 84
92 85
92 86
92 91
92 93
92 97
92 98
92 99
92 101
92 102
92 104
92 114
92 116
92 117
92 120
92 123
93 0
93 3
93 6
93 9
93 26
93 27
93 31
93 37
93 46
93 48
93 58
93 63
93 72
93 73
93 74
93 78
93 81
93 86
93 92
93 93
93 94
93 97
93 100
93 110
93 113
93 116
93 122
93 124
93 126
94 1
94 4
94 8
94 9
94 16
94 19
94 20
94 23
94 28
94 30
94 31
94 39
94 41
94 49
94 53
94 55
94 56
94 62
94 63
94 64
94 65
94 66
94 68
94 69
94 76
94 77
94 79
94 80
94 82
94 89
94 90
94 92
94 94
94 98
94 99
94 101
94 105
94 109
94 111
94 117
94 120
94 121
94 122
94 125
95 1
95 2
95 6
95 7
95 10
95 13
95 22
95 30
95 33
95 34
95 35
95 37
95 44
95 45
95 46
95 55
95 66
95 76
95 80
95 82
95 85
95 88
95 89
95 93
95 94
95 95
95 97
95 100
95 102
95 104
95 106
95 107
95 108
95 112
95 113
95 117
95 118
95 120
95 123
95 125
96 0
96 1
96 2
96 7
96 8
96 9
96 10
96 16
96 26
96 32
96 34
96 35
96 37
96 38
96 54
96 65
96 70
96 74
96 78
96 83
96 90
96 91
96 93
96 94
96 95
96 97
96 99
96 100
96 106
96 111
96 117
96 123
97 0
97 1
97 8
97 10
97 11
97 12
97 15
97 23
97 26
97 28
97 29
97 30
97 33
97 35
97 36
97 39
97 46
97 48
97 49
97 50
97 53
97 59
97 60
97 62
97 63
97 71
97 74
97 75
97 76
97 81
97 88
97 89
97 91
97 96
97 98
97 99
97 102
97 106
97 111
97 113
97 115
97 117
97 120
97 125
98 2
98 4
98 5
98 6
98 7
98 9
98 21
98 24
98 28
98 33
98 38
98 39
98 41
98 46
98 47
98 49
98 52
98 53
98 54
98 55
98 58
98 62
98 71
98 72
98 80
98 83
98 90
98 95
98 100
98 103
98 112
98 113
98 117
98 119
98 121
98 124
99 2
99 4
99 5
99 10
99 12
99 21
99 24
99 26
99 27
99 30
99 39
99 41
99 42
99 46
99 56
99 66
99 69
99 70
99 71
99 74
99 83
99 84
99 85
99 88
99 90
99 91
99 92
99 93
99 94
99 97
99 102
99 108
99 112
99 115
99 127
100 0
100 3
100 10
100 11
100 17
100 18
100 29
100 31
100 33
100 34
100 37
100 38
100 41
100 43
100 53
100 57
100 58
100 59
100 65
100 67
100 71
100 77
100 79
100 81
100 82
100 86
100 91
100 93
100 95
100 99
100 100
100 109
100 111
100 112
100 113
100 114
100 116
100 117
100 119
101 1
101 10
101 27
101 29
101 32
101 34
101 43
101 50
101 52
101 53
101 55
101 59
101 61
101 64
101 66
101 68
101 69
101 73
101 76
101 82
101 86
101 91
101 92
101 98
101 100
101 102
101 103
101 106
101 108
101 111
101 112
101 113
101 115
101 116
101 119
102 0
102 2
102 3
102 7
102 13
102 20
102 25
102 31
102 46
102 51
102 61
102 62
102 64
102 67
102 71
102 74
102 76
102 80
102 83
102 94
102 98
102 103
102 105
102 108
102 111
102 112
102 116
102 117
102 118
102 121
102 124
103 2
103 8
103 9
103 10
103 14
103 16
103 20
103 24
103 30
103 31
103 33
103 38
103 39
103 44
103 48
103 49
103 51
103 57
103 69
103 79
103 81
103 82
103 90
103 91
103 96
103 100
103 101
103 105
103 107
103 110
103 113
103 115
103 116
103 121
103 122
103 123
104 0
104 6
104 12
104 15
104 23
104 25
104 30
104 31
104 32
104 35
104 36
104 38
104 40
104 42
104 43
104 46
104 51
104 54
104 57
104 62
104 66
104 67
104 68
104 80
104 85
104 87
104 90
104 92
104 96
104 98
104 100
104 101
104 102
104 104
104 105
104 108
104 110
104 114
104 116
104 117
104 120
104 121
104 122
104 123
104 126
105 5
105 6
105 11
105 18
105 20
105 23
105 26
105 36
105 40
105 41
105 43
105 44
105 47
105 52
105 55
105 61
105 67
105 68
105 72
105 73
105 74
105 79
105 85
105 86
105 87
105 88
105 94
105 96
105 98
105 99
105 107
105 109
105 110
105 113
105 117
105 118
105 123
106 1
106 2
106 7
106 10
106 13
106 14
106 15
106 20
106 23
106 24
106 27
106 32
106 35
106 39
106 43
106 45
106 47
106 49
106 51
106 54
106 65
106 67
106 68
106 74
106 75
106 76
106 77
106 79
106 81
106 84
106 86
106 88
106 90
106 97
106 107
106 109
106 112
106 113
106 121
106 125
106 126
106 127
107 3
107 12
107 14
107 24
107 26
107 35
107 38
107 39
107 42
107 43
107 50
107 52
107 55
107 56
107 58
107 59
107 61
107 63
107 67
107 71
107 72
107 73
107 74
107 76
107 77
107 79
107 81
107 82
107 85
107 95
107 97
107 100
107 102
107 107
107 110
107 116
107 123
107 127
108 1
108 7
108 8
108 13
108 14
108 20
108 22
108 24
108 25
108 27
108 34
108 35
108 37
108 38
108 42
108 43
108 44
108 45
108 48
108 56
108 57
108 62
108 71
108 80
108 82
108 92
108 93
108 109
108 110
108 114
108 118
108 121
108 122
108 125
109 2
109 3
109 4
109 6
109 7
109 8
109 12
109 13
109 17
109 20
109 23
109 24
109 34
109 42
109 48
109 49
109 55
109 65
109 67
109 68
109 69
109 71
109 78
109 81
109 84
109 87
109 89
109 92
109 93
109 98
109 100
109 109
109 114
109 116
109 123
110 0
110 7
110 9
110 13
110 16
110 24
110 30
110 31
110 32
110 38
110 39
110 42
110 45
110 48
110 61
110 65
110 68
110 74
110 79
110 90
110 91
110 96
110 98
110 99
110 100
110 106
110 111
110 120
110 122
110 123
110 125
111 0
111 4
111 9
111 14
111 21
111 28
111 38
111 43
111 47
111 48
111 49
111 50
111 54
111 55
111 66
111 67
111 69
111 79
111 83
111 86
111 90
111 92
111 97
111 98
111 99
111 102
111 103
111 104
111 105
111 106
111 109
111 116
111 117
111 118
111 121
111 122
111 126
112 0
112 4
112 6
112 7
112 10
112 11
112 12
112 14
112 20
112 21
112 22
112 30
112 37
112 40
112 46
112 47
112 48
112 52
112 54
112 55
112 57
112 58
112 61
112 64
112 66
112 74
112 76
112 78
112 81
112 88
112 90
112 91
112 94
112 96
112 103
112 106
112 108
112 111
112 118
112 122
112 124
113 10
113 13
113 14
113 15
113 17
113 21
113 23
113 24
113 28
113 31
113 34
113 37
113 42
113 51
113 56
113 58
113 59
113 60
113 75
113 77
113 79
113 81
113 82
113 88
113 90
113 94
113 99
113 101
113 103
113 107
113 108
113 111
113 117
113 118
113 122
113 124
114 1
114 3
114 11
114 13
114 20
114 28
114 32
114 36
114 39
114 43
114 49
114 51
114 53
114 54
114 57
114 59
114 60
114 63
114 66
114 69
114 76
114 78
114 81
114 84
114 88
114 89
114 91
114 92
114 94
114 97
114 103
114 110
114 112
114 113
114 114
114 115
114 121
114 122
114 126
115 7
115 8
115 9
115 11
115 12
115 16
115 19
115 21
115 25
115 26
115 29
115 33
115 38
115 39
115 44
115 45
115 46
115 55
115 67
115 71
115 81
115 83
115 84
115 86
115 90
115 93
115 94
115 99
115 104
115 106
115 112
115 113
115 114
115 115
115 117
115 120
115 122
115 124
115 126
115 127
116 6
116 8
116 9
116 14
116 15
116 16
116 17
116 19
116 20
116 21
116 23
116 26
116 27
116 28
116 29
116 30
116 34
116 35
116 38
116 39
116 41
116 44
116 49
116 50
116 51
116 53
116 55
116 63
116 65
116 67
116 69
116 81
116 82
116 86
116 91
116 92
116 96
116 97
116 98
116 99
116 102
116 104
116 108
116 110
116 111
116 112
116 113
116 115
116 119
116 122
116 127
117 5
117 6
117 13
117 16
117 19
117 20
117 24
117 26
117 32
117 33
117 35
117 42
117 47
117 53
117 55
117 57
117 59
117 69
117 70
117 73
117 74
117 78
117 79
117 81
117 83
117 84
117 87
117 88
117 92
117 93
117 100
117 102
117 105
117 110
117 112
117 115
117 117
117 121
117 122
118 2
118 6
118 9
118 11
118 16
118 17
118 18
118 20
118 21
118 23
118 24
118 33
118 37
118 39
118 44
118 45
118 47
118 48
118 57
118 66
118 68
118 81
118 93
118 95
118 97
118 99
118 103
118 104
118 105
118 106
118 108
118 110
118 113
118 123
118 126
119 1
119 2
119 5
119 11
119 12
119 13
119 15
119 18
119 21
119 22
119 24
119 28
119 31
119 36
119 38
119 40
119 42
119 46
119 48
119 50
119 53
119 55
119 59
119 61
119 63
119 66
119 68
119 69
119 77
119 80
119 84
119 85
119 98
119 99
119 100
119 102
119 107
119 111
119 114
119 120
119 121
119 122
119 124
119 127
120 5
120 7
120 10
120 17
120 19
120 24
120 31
120 33
120 35
120 40
120 41
120 43
120 45
120 47
120 48
120 50
120 53
120 54
120 55
120 65
120 67
120 69
120 70
120 73
120 77
120 78
120 81
120 88
120 90
120 93
120 94
120 95
120 100
120 103
120 106
120 116
120 117
120 118
120 124
120 126
121 5
121 6
121 7
121 10
121 16
121 17
121 20
121 21
121 28
121 29
121 32
121 38
121 40
121 41
121 57
121 63
121 64
121 74
121 75
121 77
121 90
121 91
121 93
121 94
121 97
121 101
121 102
121 104
121 109
121 124
122 7
122 8
122 9
122 10
122 12
122 16
122 17
122 33
122 34
122 35
122 41
122 42
122 46
122 47
122 48
122 55
122 63
122 66
122 73
122 76
122 79
122 81
122 85
122 94
122 97
122 99
122 100
122 103
122 104
122 111
122 119
122 122
122 123
122 124
122 126
123 0
123 1
123 7
123 11
123 16
123 25
123 35
123 38
123 39
123 42
123 43
123 47
123 50
123 55
123 57
123 64
123 66
123 70
123 76
123 79
123 81
123 83
123 84
123 89
123 92
123 94
123 95
123 96
123 100
123 105
123 106
123 111
123 112
123 116
123 119
123 120
123 125
124 0
124 3
124 6
124 12
124 14
124 20
124 23
124 26
124 29
124 42
124 44
124 48
124 49
124 51
124 52
124 58
124 64
124 65
124 71
124 74
124 78
124 79
124 84
124 85
124 89
124 93
124 95
124 107
124 111
124 113
124 116
124 118
124 120
124 121
124 123
124 127
125 1
125 7
125 10
125 15
125 16
125 19
125 21
125 25
125 27
125 29
125 30
125 31
125 34
125 37
125 38
125 39
125 43
125 44
125 51
125 52
125 56
125 57
125 58
125 59
125 63
125 64
125 67
125 71
125 72
125 75
125 79
125 84
125 87
125 89
125 97
125 100
125 101
125 110
125 118
125 122
125 123
125 124
125 125
125 126
126 5
126 6
126 8
126 10
126 12
126 13
126 14
126 15
126 17
126 21
126 26
126 30
126 32
126 38
126 45
126 46
126 54
126 60
126 61
126 63
126 64
126 70
126 75
126 76
126 87
126 96
126 98
126 99
126 101
126 102
126 104
126 115
126 118
126 120
126 121
126 123
126 124
126 125
127 0
127 6
127 7
127 9
127 12
127 17
127 18
127 31
127 33
127 41
127 46
127 49
127 54
127 57
127 58
127 65
127 75
127 77
127 78
127 79
127 83
127 85
127 87
127 90
127 92
127 96
127 99
127 103
127 104
127 105
127 112
127 113
127 115
127 121
127 122
127 123
127 124
127 126
