0 55
1 16
1 104
3 24
4 32
7 27
9 13
10 55
12 9
13 71
13 99
14 92
16 7
19 115
20 57
21 67
22 97
22 121
23 33
23 46
25 92
26 38
27 5
29 2
30 93
30 118
32 25
34 79
34 120
36 35
36 90
37 32
38 32
44 57
44 68
46 19
47 13
50 23
50 97
51 10
52 49
56 55
58 89
59 20
60 118
62 12
63 39
64 86
66 91
66 93
67 15
67 121
70 67
71 16
71 24
72 84
74 50
74 58
74 68
77 17
77 28
78 93
81 122
82 39
83 35
83 63
85 16
87 70
88 126
89 112
91 19
92 52
93 53
93 70
96 58
98 112
101 26
101 55
101 71
103 93
105 51
105 88
106 7
106 21
110 98
111 38
112 19
113 99
117 18
117 70
118 54
118 104
121 1
121 120
123 25
125 118
126 10
126 51
126 78
127 56
