0 10
0 12
0 17
0 23
0 26
0 31
0 37
0 39
0 62
0 68
0 75
0 80
0 84
0 85
0 100
0 101
0 103
0 105
0 108
0 115
0 118
0 127
1 1
1 7
1 8
1 20
1 24
1 26
1 28
1 29
1 32
1 34
1 41
1 42
1 47
1 50
1 51
1 54
1 55
1 61
1 62
1 68
1 78
1 92
1 95
1 97
1 100
1 101
1 107
1 113
1 119
1 125
2 1
2 7
2 8
2 13
2 14
2 23
2 25
2 31
2 33
2 35
2 36
2 39
2 40
2 48
2 53
2 55
2 59
2 70
2 71
2 74
2 76
2 86
2 90
2 95
2 99
2 119
2 121
2 122
2 124
3 8
3 16
3 17
3 21
3 29
3 32
3 43
3 44
3 45
3 50
3 52
3 54
3 66
3 72
3 76
3 77
3 85
3 86
3 97
3 98
3 102
3 107
3 112
3 116
3 119
3 121
4 2
4 8
4 9
4 10
4 15
4 34
4 36
4 50
4 56
4 58
4 69
4 71
4 77
4 78
4 82
4 84
4 86
4 91
4 99
4 114
4 116
4 117
4 118
4 127
5 0
5 13
5 19
5 29
5 30
5 42
5 61
5 94
5 96
5 119
6 1
6 6
6 7
6 13
6 37
6 48
6 51
6 56
6 59
6 74
6 86
6 103
6 107
6 110
6 111
6 114
6 115
6 119
7 6
7 11
7 12
7 13
7 21
7 22
7 29
7 30
7 33
7 39
7 49
7 55
7 56
7 62
7 63
7 65
7 73
7 84
7 85
7 88
7 100
7 110
7 122
7 123
7 125
7 126
8 3
8 4
8 7
8 9
8 14
8 27
8 28
8 29
8 31
8 32
8 33
8 43
8 52
8 57
8 71
8 77
8 82
8 88
8 91
8 95
8 96
8 127
9 1
9 4
9 9
9 12
9 14
9 16
9 18
9 20
9 26
9 29
9 35
9 41
9 46
9 47
9 49
9 51
9 60
9 66
9 68
9 69
9 99
9 104
9 109
9 116
9 120
9 121
9 124
9 126
10 2
10 9
10 12
10 14
10 15
10 20
10 24
10 29
10 41
10 45
10 47
10 49
10 67
10 71
10 74
10 79
10 83
10 94
10 95
10 105
10 107
10 114
10 115
10 117
10 119
10 120
10 123
10 124
10 125
10 126
11 1
11 7
11 9
11 18
11 20
11 33
11 35
11 37
11 39
11 50
11 54
11 55
11 66
11 69
11 79
11 82
11 83
11 90
11 93
11 95
11 96
11 99
11 105
11 106
11 107
11 120
12 0
12 1
12 3
12 9
12 11
12 18
12 21
12 37
12 38
12 42
12 43
12 44
12 49
12 50
12 55
12 58
12 67
12 70
12 71
12 73
12 94
12 97
12 99
12 103
12 114
12 117
12 123
12 127
13 0
13 1
13 12
13 26
13 29
13 37
13 38
13 47
13 51
13 63
13 68
13 70
13 76
13 83
13 84
13 88
13 104
13 115
13 116
13 118
13 125
14 8
14 18
14 25
14 27
14 29
14 38
14 40
14 48
14 51
14 58
14 64
14 73
14 82
14 92
14 96
14 97
14 98
14 101
14 105
14 109
14 110
14 114
14 119
14 121
14 124
14 125
14 127
15 5
15 6
15 9
15 12
15 13
15 27
15 32
15 43
15 45
15 47
15 55
15 56
15 58
15 62
15 63
15 66
15 73
15 87
15 88
15 99
15 105
15 109
15 110
15 119
15 121
15 123
15 124
16 8
16 16
16 17
16 32
16 36
16 39
16 42
16 44
16 45
16 46
16 47
16 49
16 57
16 58
16 59
16 60
16 74
16 78
16 83
16 88
16 92
16 107
16 120
16 123
16 124
16 126
17 1
17 2
17 8
17 10
17 11
17 13
17 17
17 21
17 22
17 24
17 26
17 34
17 37
17 39
17 40
17 46
17 52
17 54
17 56
17 59
17 63
17 71
17 76
17 78
17 79
17 82
17 90
17 91
17 92
17 102
17 103
17 105
17 125
18 7
18 9
18 19
18 20
18 25
18 39
18 42
18 45
18 50
18 55
18 56
18 58
18 67
18 69
18 77
18 78
18 80
18 84
18 85
18 98
18 102
18 105
18 108
18 110
18 113
18 116
18 117
18 118
18 119
18 123
19 10
19 15
19 19
19 25
19 26
19 29
19 36
19 38
19 40
19 51
19 56
19 64
19 70
19 73
19 74
19 75
19 78
19 79
19 84
19 88
19 91
19 92
19 95
19 96
19 103
19 109
19 116
19 117
19 119
19 120
20 1
20 6
20 9
20 10
20 12
20 13
20 17
20 34
20 42
20 46
20 48
20 53
20 55
20 60
20 62
20 73
20 74
20 78
20 82
20 84
20 85
20 86
20 88
20 91
20 92
20 94
20 95
20 107
20 120
20 124
20 126
21 6
21 13
21 16
21 22
21 23
21 33
21 34
21 37
21 42
21 52
21 58
21 72
21 78
21 84
21 90
21 100
21 105
21 115
21 120
21 121
21 122
21 125
22 3
22 23
22 24
22 29
22 31
22 32
22 40
22 44
22 48
22 58
22 64
22 65
22 67
22 69
22 71
22 84
22 88
22 89
22 90
22 94
22 97
22 104
22 105
22 109
22 110
22 113
22 118
22 120
22 123
23 0
23 13
23 35
23 36
23 39
23 42
23 46
23 60
23 66
23 67
23 71
23 73
23 76
23 77
23 83
23 84
23 88
23 92
23 99
23 109
23 115
23 119
23 122
24 0
24 6
24 11
24 19
24 21
24 23
24 32
24 38
24 48
24 55
24 57
24 58
24 69
24 72
24 79
24 86
24 87
24 95
24 97
24 104
24 115
24 116
24 122
24 125
25 15
25 19
25 23
25 24
25 32
25 35
25 36
25 37
25 47
25 56
25 59
25 63
25 66
25 70
25 71
25 74
25 85
25 94
25 101
25 102
25 103
25 108
25 115
25 116
25 117
25 126
25 127
26 0
26 2
26 6
26 11
26 14
26 15
26 30
26 38
26 39
26 47
26 50
26 52
26 57
26 63
26 83
26 84
26 89
26 92
26 108
26 109
26 126
27 3
27 4
27 6
27 8
27 9
27 10
27 11
27 13
27 15
27 30
27 34
27 43
27 45
27 53
27 71
27 72
27 77
27 79
27 87
27 89
27 90
27 105
27 108
27 112
27 115
27 118
27 120
28 4
28 5
28 9
28 11
28 14
28 16
28 18
28 21
28 28
28 33
28 34
28 37
28 41
28 44
28 52
28 64
28 65
28 69
28 71
28 77
28 80
28 96
28 104
28 106
28 112
28 114
28 115
28 116
29 0
29 7
29 17
29 21
29 22
29 24
29 30
29 37
29 49
29 51
29 52
29 58
29 60
29 61
29 67
29 68
29 70
29 74
29 78
29 82
29 90
29 92
29 94
29 104
29 105
29 106
29 113
29 114
29 117
30 2
30 3
30 7
30 13
30 20
30 28
30 29
30 30
30 31
30 39
30 45
30 47
30 50
30 51
30 55
30 58
30 63
30 74
30 75
30 81
30 82
30 84
30 91
30 103
30 104
30 105
30 110
30 114
30 117
30 119
31 0
31 8
31 9
31 14
31 28
31 31
31 33
31 44
31 48
31 54
31 57
31 70
31 71
31 73
31 75
31 89
31 96
31 100
31 110
31 123
32 1
32 2
32 5
32 6
32 9
32 19
32 20
32 21
32 27
32 34
32 41
32 42
32 51
32 58
32 63
32 65
32 70
32 78
32 79
32 81
32 84
32 97
32 101
32 102
32 109
32 110
32 117
33 1
33 3
33 5
33 9
33 14
33 34
33 37
33 44
33 49
33 54
33 58
33 64
33 66
33 68
33 71
33 73
33 75
33 77
33 78
33 93
33 94
33 95
33 98
33 100
33 111
33 116
33 118
33 121
34 21
34 24
34 31
34 32
34 34
34 35
34 39
34 53
34 69
34 71
34 73
34 75
34 76
34 95
34 96
34 111
34 125
35 0
35 1
35 2
35 4
35 10
35 11
35 27
35 30
35 34
35 44
35 53
35 54
35 69
35 71
35 75
35 86
35 90
35 97
35 112
35 113
35 115
35 117
35 125
36 4
36 5
36 16
36 24
36 26
36 33
36 36
36 39
36 45
36 48
36 58
36 60
36 73
36 78
36 81
36 83
36 89
36 91
36 97
36 103
36 107
36 108
36 112
36 114
36 117
36 120
37 8
37 12
37 15
37 16
37 21
37 28
37 30
37 35
37 46
37 48
37 52
37 56
37 74
37 82
37 93
37 98
37 99
37 125
38 4
38 10
38 14
38 21
38 24
38 32
38 49
38 56
38 57
38 58
38 66
38 77
38 84
38 85
38 88
38 89
38 99
38 103
38 108
38 111
38 116
39 2
39 4
39 8
39 9
39 12
39 18
39 19
39 22
39 26
39 27
39 28
39 29
39 34
39 36
39 46
39 51
39 59
39 60
39 62
39 64
39 65
39 68
39 70
39 83
39 92
39 95
39 98
39 100
39 105
39 107
39 108
39 120
39 123
39 124
40 0
40 4
40 5
40 6
40 11
40 12
40 13
40 18
40 20
40 21
40 27
40 35
40 43
40 47
40 49
40 53
40 54
40 55
40 60
40 61
40 68
40 70
40 71
40 76
40 80
40 92
40 98
40 99
40 108
40 113
40 117
40 119
41 3
41 5
41 6
41 7
41 12
41 17
41 19
41 21
41 22
41 42
41 51
41 52
41 53
41 55
41 61
41 69
41 74
41 76
41 77
41 78
41 80
41 83
41 92
41 94
41 117
41 120
41 124
41 125
41 127
42 2
42 14
42 30
42 33
42 34
42 42
42 43
42 45
42 57
42 61
42 64
42 65
42 67
42 76
42 79
42 81
42 96
42 99
42 107
42 108
42 113
42 114
42 115
42 118
42 125
43 3
43 9
43 12
43 14
43 16
43 29
43 48
43 54
43 84
43 91
43 98
43 106
43 107
43 119
43 120
43 122
43 126
44 1
44 2
44 11
44 14
44 39
44 41
44 43
44 47
44 54
44 55
44 56
44 60
44 62
44 65
44 68
44 70
44 72
44 73
44 75
44 76
44 81
44 87
44 88
44 90
44 91
44 102
44 113
44 114
44 126
45 1
45 22
45 27
45 40
45 44
45 48
45 54
45 56
45 65
45 67
45 71
45 82
45 91
45 93
45 94
45 96
45 106
45 108
45 118
45 122
45 124
46 5
46 6
46 13
46 17
46 18
46 37
46 41
46 42
46 46
46 52
46 61
46 71
46 75
46 83
46 84
46 88
46 90
46 92
46 93
46 98
46 104
46 105
46 114
46 122
47 3
47 12
47 20
47 21
47 29
47 30
47 48
47 52
47 54
47 55
47 57
47 58
47 62
47 65
47 70
47 73
47 81
47 85
47 90
47 94
47 97
47 103
47 108
47 109
47 115
47 118
47 122
47 123
47 126
48 2
48 5
48 6
48 17
48 21
48 23
48 27
48 29
48 36
48 38
48 39
48 45
48 49
48 54
48 57
48 61
48 69
48 74
48 85
48 91
48 92
48 105
48 106
48 109
48 124
49 8
49 9
49 12
49 15
49 17
49 24
49 30
49 38
49 39
49 42
49 43
49 45
49 46
49 47
49 49
49 51
49 52
49 55
49 57
49 67
49 71
49 74
49 76
49 82
49 92
49 93
49 102
49 103
49 106
49 120
49 121
50 2
50 9
50 11
50 16
50 32
50 33
50 38
50 44
50 57
50 64
50 66
50 72
50 74
50 77
50 80
50 81
50 87
50 96
50 99
50 108
50 112
50 121
51 0
51 1
51 5
51 8
51 13
51 14
51 19
51 21
51 25
51 28
51 29
51 34
51 39
51 44
51 51
51 54
51 55
51 56
51 60
51 69
51 78
51 87
51 88
51 91
51 99
51 102
51 105
51 108
51 110
51 116
51 127
52 3
52 4
52 9
52 12
52 13
52 14
52 25
52 27
52 36
52 39
52 40
52 46
52 47
52 52
52 56
52 57
52 64
52 66
52 68
52 93
52 94
52 96
52 104
52 111
52 112
52 118
52 127
53 5
53 13
53 14
53 19
53 21
53 23
53 25
53 29
53 31
53 37
53 42
53 45
53 46
53 52
53 55
53 59
53 61
53 75
53 77
53 81
53 87
53 99
53 113
53 121
54 4
54 5
54 13
54 15
54 27
54 29
54 31
54 32
54 33
54 34
54 38
54 49
54 53
54 56
54 64
54 65
54 67
54 77
54 83
54 87
54 90
55 6
55 28
55 34
55 48
55 56
55 59
55 60
55 61
55 96
55 105
55 110
55 112
55 113
56 1
56 7
56 9
56 10
56 15
56 23
56 26
56 32
56 42
56 45
56 47
56 49
56 51
56 53
56 57
56 61
56 69
56 70
56 71
56 74
56 78
56 81
56 108
56 120
56 126
57 5
57 7
57 11
57 12
57 19
57 22
57 27
57 33
57 34
57 41
57 59
57 62
57 76
57 79
57 82
57 88
57 94
57 98
57 99
57 101
57 105
57 106
57 107
57 110
57 113
57 118
57 120
58 15
58 20
58 21
58 41
58 70
58 73
58 77
58 80
58 83
58 87
58 88
58 91
58 92
58 93
58 94
58 97
58 100
58 101
58 107
58 125
58 126
59 27
59 33
59 38
59 43
59 52
59 54
59 55
59 59
59 69
59 71
59 76
59 78
59 83
59 84
59 85
59 87
59 92
59 112
59 122
60 2
60 4
60 12
60 14
60 19
60 21
60 24
60 25
60 28
60 35
60 42
60 47
60 54
60 56
60 60
60 61
60 62
60 65
60 66
60 70
60 71
60 78
60 80
60 81
60 89
60 99
60 113
60 120
60 123
61 1
61 3
61 6
61 8
61 10
61 13
61 25
61 40
61 45
61 46
61 47
61 49
61 56
61 66
61 71
61 74
61 76
61 81
61 82
61 96
61 101
61 113
61 114
61 116
61 121
61 126
62 5
62 6
62 7
62 9
62 10
62 20
62 22
62 28
62 30
62 32
62 34
62 36
62 42
62 46
62 71
62 73
62 89
62 90
62 99
62 100
62 108
62 114
62 115
62 116
62 119
62 125
62 127
63 6
63 12
63 22
63 23
63 24
63 32
63 34
63 37
63 39
63 40
63 41
63 45
63 51
63 53
63 60
63 62
63 68
63 72
63 81
63 83
63 86
63 93
63 100
63 104
63 108
63 114
63 120
63 121
63 126
64 13
64 14
64 19
64 20
64 21
64 28
64 29
64 33
64 34
64 45
64 46
64 53
64 57
64 58
64 67
64 69
64 74
64 75
64 79
64 83
64 85
64 87
64 89
64 92
64 96
64 97
64 103
64 104
64 109
64 110
64 114
64 118
64 119
64 120
64 123
64 125
65 2
65 21
65 22
65 32
65 36
65 37
65 40
65 41
65 54
65 58
65 62
65 65
65 72
65 77
65 91
65 97
65 102
65 105
65 115
65 116
65 118
65 120
65 124
65 125
66 3
66 10
66 11
66 13
66 16
66 24
66 33
66 41
66 42
66 46
66 48
66 49
66 56
66 67
66 69
66 77
66 83
66 95
66 101
66 110
66 113
66 116
66 119
66 121
66 127
67 0
67 6
67 7
67 8
67 14
67 20
67 28
67 32
67 35
67 38
67 40
67 41
67 43
67 45
67 46
67 56
67 57
67 61
67 74
67 76
67 81
67 88
67 101
67 104
67 108
67 112
67 119
67 124
68 0
68 16
68 18
68 21
68 26
68 31
68 39
68 44
68 45
68 61
68 68
68 73
68 74
68 75
68 77
68 78
68 83
68 84
68 87
68 90
68 91
68 94
68 97
68 98
68 103
68 105
68 110
68 112
68 114
68 121
69 2
69 3
69 15
69 17
69 19
69 21
69 22
69 24
69 51
69 53
69 54
69 56
69 59
69 63
69 64
69 70
69 72
69 73
69 75
69 77
69 103
69 107
69 109
70 5
70 7
70 11
70 16
70 19
70 22
70 25
70 33
70 34
70 44
70 48
70 49
70 56
70 59
70 60
70 65
70 69
70 72
70 76
70 79
70 85
70 100
70 101
70 108
70 111
70 118
70 119
70 120
70 126
71 1
71 2
71 3
71 9
71 11
71 16
71 23
71 26
71 27
71 28
71 29
71 33
71 49
71 54
71 56
71 65
71 67
71 75
71 82
71 84
71 88
71 93
71 95
71 104
71 105
71 106
71 112
71 115
71 116
71 117
71 124
72 0
72 6
72 8
72 19
72 22
72 32
72 38
72 45
72 65
72 70
72 72
72 73
72 77
72 78
72 86
72 88
72 91
72 92
72 99
72 109
72 115
72 127
73 3
73 13
73 15
73 17
73 21
73 22
73 25
73 26
73 28
73 32
73 35
73 44
73 47
73 51
73 55
73 64
73 69
73 72
73 81
73 82
73 84
73 91
73 96
73 97
73 103
73 111
73 112
73 122
73 124
73 125
74 8
74 16
74 18
74 19
74 21
74 22
74 23
74 28
74 31
74 33
74 37
74 38
74 51
74 55
74 58
74 68
74 76
74 84
74 86
74 95
74 96
74 105
74 106
74 108
74 117
74 120
75 6
75 14
75 34
75 39
75 49
75 52
75 56
75 59
75 62
75 68
75 70
75 75
75 80
75 86
75 87
75 88
75 89
75 91
75 92
75 97
75 100
75 103
75 105
75 107
75 109
75 111
75 116
75 120
75 121
75 124
76 18
76 30
76 35
76 39
76 43
76 47
76 50
76 54
76 57
76 68
76 69
76 72
76 75
76 84
76 85
76 92
76 96
76 102
76 105
76 107
76 109
76 113
76 114
76 118
76 125
77 2
77 8
77 9
77 22
77 35
77 37
77 39
77 41
77 45
77 46
77 69
77 74
77 88
77 91
77 94
77 96
77 102
77 105
77 108
77 109
77 116
77 118
77 121
77 123
77 126
77 127
78 1
78 9
78 17
78 27
78 30
78 38
78 50
78 60
78 63
78 70
78 76
78 79
78 80
78 82
78 85
78 86
78 88
78 106
78 108
78 110
78 112
79 10
79 18
79 21
79 26
79 37
79 41
79 42
79 43
79 44
79 45
79 49
79 56
79 58
79 59
79 64
79 66
79 69
79 71
79 75
79 78
79 85
79 86
79 99
79 102
79 103
79 106
79 123
79 127
80 4
80 5
80 10
80 13
80 17
80 18
80 20
80 21
80 25
80 32
80 37
80 40
80 50
80 52
80 71
80 72
80 75
80 82
80 88
80 89
80 95
80 97
80 106
80 111
80 118
80 123
80 125
80 126
81 13
81 18
81 22
81 24
81 35
81 36
81 40
81 50
81 53
81 56
81 60
81 70
81 72
81 74
81 87
81 90
81 95
81 97
81 101
81 107
81 112
81 113
81 114
81 117
81 119
81 123
82 1
82 11
82 12
82 18
82 20
82 21
82 29
82 30
82 37
82 41
82 42
82 43
82 47
82 48
82 49
82 51
82 55
82 63
82 69
82 71
82 73
82 80
82 81
82 90
82 102
82 112
82 118
82 119
83 1
83 2
83 4
83 6
83 17
83 29
83 32
83 40
83 54
83 57
83 61
83 66
83 74
83 75
83 85
83 92
83 97
83 104
84 1
84 5
84 7
84 11
84 13
84 22
84 24
84 25
84 39
84 44
84 47
84 49
84 51
84 68
84 69
84 71
84 87
84 88
84 90
84 94
84 106
84 109
84 111
84 119
85 2
85 4
85 6
85 8
85 16
85 23
85 26
85 29
85 34
85 35
85 43
85 45
85 48
85 51
85 64
85 65
85 72
85 82
85 88
85 93
85 94
85 95
85 96
85 101
85 106
85 108
85 112
85 116
85 123
86 3
86 18
86 24
86 30
86 33
86 51
86 56
86 59
86 60
86 61
86 67
86 71
86 76
86 78
86 79
86 81
86 82
86 84
86 89
86 91
86 92
86 101
86 104
86 117
86 119
86 127
87 14
87 15
87 17
87 18
87 19
87 20
87 22
87 25
87 27
87 35
87 40
87 44
87 47
87 58
87 59
87 62
87 66
87 67
87 69
87 73
87 82
87 86
87 91
87 93
87 94
87 103
87 108
87 113
87 114
87 121
87 126
88 0
88 2
88 3
88 4
88 5
88 6
88 9
88 10
88 19
88 20
88 27
88 28
88 33
88 44
88 49
88 70
88 73
88 77
88 81
88 88
88 89
88 105
88 107
88 118
88 123
89 2
89 9
89 20
89 21
89 24
89 26
89 29
89 34
89 41
89 43
89 44
89 47
89 49
89 58
89 71
89 74
89 76
89 77
89 82
89 83
89 87
89 89
89 95
89 97
89 98
89 102
89 105
89 115
89 116
89 118
89 123
90 1
90 14
90 18
90 19
90 20
90 21
90 42
90 43
90 61
90 75
90 78
90 86
90 88
90 89
90 96
90 97
90 100
90 103
90 118
90 119
91 2
91 3
91 4
91 6
91 11
91 17
91 21
91 27
91 34
91 39
91 41
91 49
91 51
91 53
91 56
91 68
91 71
91 77
91 78
91 89
91 90
91 100
91 104
91 107
91 115
91 116
91 118
92 5
92 6
92 9
92 19
92 23
92 24
92 59
92 76
92 83
92 85
92 88
92 102
92 103
92 109
92 112
92 119
92 122
93 7
93 8
93 12
93 21
93 23
93 27
93 28
93 32
93 37
93 39
93 43
93 50
93 51
93 64
93 70
93 75
93 99
93 104
93 114
93 119
93 125
94 3
94 4
94 5
94 7
94 11
94 16
94 18
94 21
94 33
94 34
94 42
94 46
94 48
94 50
94 55
94 59
94 60
94 65
94 67
94 73
94 82
94 86
94 87
94 89
94 90
94 93
94 96
94 97
94 99
94 104
94 107
94 109
94 113
94 125
94 127
95 1
95 2
95 3
95 9
95 23
95 30
95 36
95 39
95 41
95 43
95 46
95 59
95 60
95 63
95 64
95 65
95 69
95 70
95 75
95 86
95 87
95 88
95 89
95 92
95 102
95 107
95 110
95 112
95 113
95 118
95 120
95 123
95 127
96 1
96 8
96 9
96 12
96 13
96 15
96 28
96 43
96 48
96 59
96 62
96 66
96 69
96 74
96 77
96 78
96 92
96 96
96 100
96 110
96 111
96 117
96 119
96 120
96 123
97 5
97 9
97 16
97 19
97 39
97 41
97 46
97 48
97 49
97 50
97 56
97 60
97 62
97 66
97 70
97 73
97 78
97 79
97 80
97 90
97 95
97 98
97 102
97 103
97 105
97 108
97 116
98 2
98 18
98 22
98 27
98 42
98 47
98 53
98 73
98 74
98 81
98 85
98 86
98 93
98 97
98 123
98 127
99 4
99 6
99 8
99 9
99 11
99 32
99 37
99 38
99 42
99 56
99 57
99 61
99 66
99 67
99 68
99 69
99 73
99 75
99 76
99 81
99 90
99 92
99 103
99 106
99 113
99 119
99 125
100 0
100 8
100 19
100 25
100 28
100 29
100 30
100 36
100 51
100 58
100 63
100 73
100 77
100 80
100 87
100 92
100 96
100 97
100 101
100 107
100 109
100 110
100 111
100 112
100 113
100 119
100 123
101 2
101 3
101 6
101 14
101 21
101 25
101 28
101 31
101 33
101 38
101 45
101 46
101 56
101 58
101 70
101 71
101 82
101 88
101 89
101 94
101 98
101 99
101 103
101 105
101 111
102 1
102 2
102 6
102 36
102 38
102 44
102 47
102 49
102 52
102 57
102 58
102 63
102 65
102 68
102 70
102 71
102 73
102 85
102 88
102 90
102 91
102 92
102 106
102 109
102 115
102 116
102 118
102 119
102 123
102 124
103 0
103 1
103 21
103 32
103 35
103 42
103 48
103 49
103 50
103 56
103 64
103 71
103 72
103 86
103 89
103 104
103 110
103 111
103 112
103 121
103 125
104 0
104 1
104 2
104 3
104 4
104 13
104 16
104 17
104 20
104 24
104 29
104 34
104 36
104 39
104 41
104 43
104 45
104 46
104 51
104 61
104 70
104 78
104 92
104 96
104 100
104 102
104 104
104 112
104 115
104 117
104 118
105 7
105 11
105 13
105 15
105 17
105 24
105 26
105 27
105 28
105 32
105 34
105 41
105 49
105 53
105 54
105 55
105 62
105 64
105 81
105 84
105 95
105 123
105 124
106 1
106 6
106 8
106 16
106 21
106 23
106 26
106 30
106 40
106 41
106 45
106 50
106 55
106 56
106 69
106 71
106 72
106 79
106 93
106 96
106 102
106 104
106 107
106 109
106 110
106 122
107 0
107 1
107 3
107 11
107 12
107 14
107 17
107 18
107 22
107 24
107 28
107 33
107 40
107 41
107 42
107 45
107 47
107 57
107 59
107 60
107 101
107 102
107 110
107 116
107 117
108 5
108 15
108 17
108 20
108 24
108 32
108 35
108 38
108 55
108 57
108 58
108 60
108 71
108 82
108 83
108 93
108 99
108 125
109 9
109 11
109 13
109 22
109 29
109 31
109 35
109 38
109 43
109 45
109 46
109 49
109 57
109 59
109 62
109 64
109 65
109 69
109 73
109 83
109 92
109 93
109 102
109 105
109 114
109 120
109 123
109 125
110 3
110 10
110 15
110 19
110 24
110 38
110 44
110 58
110 67
110 69
110 70
110 86
110 99
110 102
110 104
110 106
110 107
110 110
110 119
110 121
110 124
110 127
111 6
111 12
111 18
111 20
111 43
111 55
111 63
111 72
111 78
111 83
111 97
111 100
111 101
111 105
111 111
111 112
111 115
111 117
111 119
111 123
112 11
112 12
112 14
112 22
112 26
112 27
112 41
112 48
112 59
112 66
112 73
112 85
112 90
112 97
112 101
112 102
112 112
112 113
112 116
112 122
113 0
113 4
113 7
113 10
113 19
113 29
113 31
113 33
113 38
113 40
113 43
113 45
113 46
113 53
113 60
113 61
113 63
113 64
113 68
113 70
113 73
113 87
113 88
113 94
113 99
113 106
113 109
113 118
113 124
113 126
114 4
114 5
114 7
114 9
114 12
114 21
114 46
114 51
114 56
114 57
114 59
114 67
114 68
114 69
114 77
114 96
114 100
114 110
114 117
114 118
114 120
114 123
114 127
115 4
115 10
115 13
115 14
115 16
115 21
115 22
115 31
115 36
115 49
115 50
115 57
115 59
115 62
115 64
115 71
115 76
115 88
115 97
115 98
115 104
115 108
115 111
115 113
115 116
116 6
116 7
116 13
116 14
116 15
116 20
116 23
116 31
116 40
116 55
116 68
116 71
116 73
116 74
116 78
116 88
116 95
116 96
116 97
116 105
116 111
116 116
116 118
116 119
116 125
117 1
117 18
117 19
117 23
117 26
117 29
117 32
117 35
117 38
117 39
117 48
117 53
117 55
117 57
117 60
117 62
117 64
117 65
117 66
117 67
117 68
117 70
117 74
117 81
117 83
117 92
117 99
117 106
117 108
117 120
117 121
118 0
118 1
118 7
118 11
118 14
118 15
118 24
118 37
118 42
118 46
118 51
118 52
118 57
118 59
118 65
118 67
118 69
118 70
118 75
118 86
118 87
118 89
118 93
118 101
118 104
118 115
118 116
119 11
119 12
119 16
119 21
119 26
119 35
119 37
119 38
119 40
119 41
119 44
119 47
119 54
119 56
119 71
119 85
119 87
119 91
119 92
119 94
119 97
119 101
119 102
119 104
119 115
119 124
119 125
120 0
120 6
120 13
120 17
120 20
120 25
120 34
120 38
120 44
120 47
120 51
120 54
120 65
120 68
120 71
120 72
120 74
120 78
120 79
120 102
120 107
120 109
120 114
120 121
121 2
121 5
121 8
121 13
121 17
121 18
121 31
121 39
121 40
121 41
121 42
121 48
121 54
121 56
121 57
121 67
121 69
121 71
121 75
121 76
121 83
121 85
121 88
121 92
121 95
121 109
121 111
121 112
121 116
121 119
121 123
121 124
122 7
122 10
122 25
122 29
122 35
122 36
122 38
122 43
122 51
122 54
122 62
122 68
122 70
122 73
122 74
122 75
122 77
122 85
122 92
122 93
122 109
122 112
122 114
122 115
122 116
122 118
122 120
122 126
123 13
123 16
123 19
123 23
123 28
123 30
123 40
123 44
123 56
123 62
123 69
123 70
123 76
123 78
123 80
123 92
123 103
123 104
123 107
123 108
123 111
123 121
123 127
124 0
124 2
124 8
124 12
124 26
124 27
124 39
124 40
124 51
124 61
124 62
124 65
124 68
124 81
124 85
124 93
124 97
124 99
124 105
124 106
124 112
124 116
124 117
124 118
124 123
125 12
125 25
125 40
125 42
125 48
125 59
125 83
125 84
125 88
125 91
125 94
125 101
125 104
125 112
125 118
125 126
126 5
126 7
126 20
126 22
126 26
126 27
126 31
126 38
126 46
126 49
126 50
126 51
126 52
126 54
126 57
126 61
126 65
126 76
126 77
126 81
126 94
126 95
126 103
126 120
126 121
126 127
127 0
127 3
127 5
127 7
127 8
127 11
127 15
127 16
127 18
127 19
127 20
127 30
127 33
127 34
127 36
127 39
127 40
127 51
127 55
127 56
127 58
127 64
127 78
127 82
127 89
127 92
127 95
127 99
127 119
