0 99
0 101
0 107
1 38
1 39
1 45
1 76
1 90
1 107
2 22
2 33
2 43
2 48
2 59
2 62
2 120
3 13
3 24
3 32
3 36
3 54
3 64
3 73
3 83
3 109
4 28
4 32
4 41
4 44
4 78
4 90
4 114
5 3
5 9
5 20
5 23
5 31
5 41
5 84
5 102
5 107
6 19
6 29
6 46
6 81
6 84
6 89
6 108
6 121
6 123
6 124
7 4
7 12
7 15
7 24
7 35
7 42
7 62
7 85
7 92
7 94
7 116
7 124
8 20
8 44
8 63
8 67
8 76
8 84
8 109
9 35
9 43
9 52
10 12
10 19
10 26
10 33
10 54
10 86
10 94
10 113
11 5
11 39
11 46
11 58
11 59
11 69
11 71
11 75
11 76
11 106
11 121
12 4
12 17
12 19
12 30
12 46
12 50
12 59
12 62
12 79
12 84
12 100
12 118
13 42
13 44
13 61
13 69
13 75
13 94
13 99
13 125
14 5
14 14
14 16
14 39
14 42
14 53
14 60
14 65
15 40
15 66
15 75
15 95
15 112
15 113
16 6
16 11
16 24
16 38
16 53
16 70
16 115
16 119
17 2
17 5
17 24
17 26
17 42
17 64
17 77
17 101
18 70
18 87
18 93
18 114
19 9
19 11
19 23
19 25
19 40
19 55
19 63
19 79
19 95
19 107
19 116
20 20
20 23
20 29
20 35
20 98
20 106
20 107
20 110
20 112
20 121
20 124
21 8
21 10
21 13
21 77
21 81
21 89
21 121
22 2
22 24
22 25
22 38
22 51
22 55
22 58
22 97
22 114
22 118
23 18
23 32
23 46
23 53
23 66
23 68
23 104
23 117
24 10
24 27
24 38
24 60
24 79
24 119
25 36
25 43
25 49
25 80
25 103
25 113
25 117
26 1
26 5
26 22
26 28
26 84
26 88
26 97
26 103
26 105
26 122
27 7
27 22
27 46
27 89
27 93
27 121
27 124
28 0
28 5
28 40
28 45
28 48
28 50
28 80
28 84
28 87
28 93
28 94
28 107
28 125
29 0
29 11
29 30
29 51
29 114
29 119
29 126
30 11
30 24
30 60
30 72
30 85
31 45
31 47
31 52
31 55
31 67
31 70
31 79
31 82
31 85
31 107
31 124
32 13
32 14
32 28
32 71
32 77
32 99
32 106
33 2
33 6
33 56
33 65
33 103
34 7
34 14
34 16
34 36
34 41
34 42
34 70
34 79
34 87
34 89
34 91
34 101
34 103
34 124
35 10
35 20
35 49
35 51
35 87
35 92
35 93
35 104
35 107
35 117
36 10
36 88
36 95
36 103
37 10
37 17
37 27
37 80
38 0
38 9
38 19
38 29
38 35
38 44
38 60
38 71
38 83
38 96
38 105
38 113
38 124
39 17
39 19
39 69
39 74
39 92
39 115
40 2
40 22
40 52
40 81
41 11
41 40
41 61
41 71
41 96
41 98
42 12
42 19
42 70
42 80
42 98
42 110
42 117
42 118
42 124
43 11
43 35
43 65
43 74
43 97
43 102
43 120
44 15
44 42
44 46
44 78
44 84
45 29
45 49
45 54
45 56
45 73
45 93
45 100
45 125
46 4
46 82
46 88
46 97
46 105
47 1
47 2
47 36
47 80
47 82
47 84
47 88
47 93
47 94
47 103
47 114
48 16
48 33
48 46
48 91
48 104
48 111
48 125
49 5
49 17
49 27
49 28
49 38
49 57
49 64
49 79
49 80
49 86
49 90
49 102
50 21
50 73
50 105
50 112
51 2
51 26
51 34
51 40
51 66
51 85
51 121
52 7
52 18
52 23
52 80
52 81
52 87
53 4
53 37
53 50
53 58
53 120
54 37
54 39
54 58
54 64
54 72
54 74
54 110
54 118
55 14
55 23
55 83
55 101
55 114
55 125
56 10
56 19
56 27
56 29
56 36
56 77
56 82
56 100
56 104
56 106
57 37
57 39
57 55
57 69
57 76
57 79
57 104
57 106
57 107
57 110
58 4
58 49
58 76
58 108
58 118
58 121
59 57
59 63
59 81
59 90
60 45
60 84
60 108
60 124
61 43
61 59
61 60
61 64
61 100
61 107
62 1
62 4
62 22
62 60
62 63
62 85
62 94
62 102
63 14
63 46
63 79
63 103
63 112
63 114
63 115
64 16
64 33
64 39
64 46
64 47
64 55
64 63
64 73
64 82
64 94
64 114
64 119
65 21
65 30
65 60
65 65
65 90
65 106
66 7
66 9
66 26
66 30
66 46
66 47
66 59
66 125
67 4
67 6
67 19
67 20
67 35
67 43
67 90
67 103
67 107
67 119
67 122
68 10
68 28
68 39
68 114
69 26
69 52
69 55
69 66
69 72
69 114
70 6
70 14
70 17
70 22
70 57
70 60
70 64
70 71
70 72
70 94
70 106
70 109
70 110
71 10
71 13
71 14
71 21
71 23
71 52
71 85
71 98
71 105
72 2
72 29
72 44
72 47
72 57
72 68
72 100
73 12
73 15
73 29
73 41
73 46
73 49
73 51
73 110
73 116
74 5
74 16
74 31
74 86
74 100
75 21
75 27
75 68
75 74
75 111
75 112
76 26
76 42
76 55
76 62
76 83
76 94
76 115
76 117
76 121
77 2
77 25
77 30
77 67
77 98
77 100
77 101
77 105
77 111
77 123
78 17
78 18
78 30
78 46
78 50
78 64
78 66
78 82
78 85
78 93
78 107
78 108
78 121
79 9
79 21
79 32
79 46
79 61
79 92
79 94
80 3
80 57
80 61
80 63
80 70
80 98
80 117
81 10
81 26
81 33
81 40
81 48
81 63
81 64
81 75
81 103
81 108
81 109
81 114
81 117
82 61
82 73
82 113
82 125
83 16
83 17
83 75
83 110
84 0
84 4
84 15
84 21
84 43
84 46
84 69
84 71
84 80
84 88
84 103
84 115
85 0
85 14
85 51
85 73
85 85
85 86
85 88
86 12
86 19
86 21
86 41
86 52
86 65
86 70
86 104
87 24
87 37
87 66
88 12
88 63
88 78
88 86
88 97
88 103
89 63
89 71
89 81
89 116
89 125
89 127
90 10
90 11
90 28
90 37
90 75
90 78
90 84
90 88
90 90
90 97
90 112
90 119
91 7
91 19
91 37
91 48
91 68
91 73
91 126
92 22
92 41
92 47
92 54
92 61
92 62
92 69
92 88
92 104
92 113
92 121
93 9
93 48
93 57
93 61
93 109
93 116
94 7
94 9
94 10
94 16
94 31
94 55
94 75
94 80
94 86
94 87
94 93
94 97
94 106
95 4
95 11
95 71
95 78
95 94
95 121
95 122
95 125
96 13
96 16
96 43
96 76
96 78
96 92
96 96
96 112
96 121
97 7
97 19
97 29
97 31
97 36
97 68
98 51
98 52
98 62
98 74
98 104
98 107
98 118
98 127
99 4
99 36
99 37
99 38
99 48
99 61
99 80
99 112
99 113
99 116
99 125
100 41
100 52
100 87
100 99
100 109
101 12
101 16
101 27
101 35
101 36
101 44
101 97
102 9
102 17
102 32
102 48
102 72
102 89
102 91
102 107
102 110
103 19
103 20
103 24
103 26
103 50
103 86
104 1
104 16
104 18
104 25
104 37
104 51
104 126
105 18
105 94
105 103
106 21
106 42
106 78
106 81
106 108
106 115
107 1
107 14
107 23
107 44
107 63
107 77
107 105
107 127
108 6
108 18
108 51
108 55
108 69
108 107
108 116
108 121
109 32
109 60
109 80
109 117
110 0
110 34
110 51
110 53
110 55
110 66
110 74
110 84
110 85
110 99
110 101
110 122
111 14
111 77
111 89
111 91
111 104
111 126
112 0
112 1
112 5
112 10
112 20
112 45
112 50
112 82
112 86
112 107
113 11
113 25
113 34
113 40
113 58
113 64
113 65
113 110
113 116
113 126
114 9
114 52
114 67
114 73
114 76
114 104
115 1
115 16
115 25
115 36
115 52
115 64
115 79
115 86
115 92
115 113
115 117
115 121
116 15
116 40
116 45
116 72
116 86
116 119
116 120
117 8
117 17
117 24
117 28
117 49
117 60
117 62
117 74
117 80
117 114
118 2
118 13
118 70
118 82
118 95
118 98
118 109
118 127
119 0
119 22
119 29
119 70
119 76
119 96
119 99
119 103
120 25
120 50
120 65
120 85
121 15
121 31
121 42
121 43
121 46
121 111
121 116
121 126
121 127
122 32
122 61
122 76
122 114
122 115
122 120
123 22
123 32
123 48
123 60
123 91
123 102
123 117
124 6
124 8
124 27
124 30
124 47
124 53
124 65
124 66
124 83
124 89
124 90
124 91
124 116
124 119
125 6
125 52
125 58
125 92
125 95
125 105
126 44
126 60
126 62
126 78
126 82
126 85
126 94
126 119
126 121
127 13
127 17
127 23
127 37
127 39
127 69
127 74
127 83
127 108
127 115
