0 0
0 1
0 2
0 5
0 6
0 7
0 9
0 10
0 11
0 15
0 16
0 17
0 18
0 21
0 22
0 24
0 28
0 30
0 32
0 37
0 38
0 42
0 43
0 44
0 47
0 48
0 49
0 52
0 53
0 55
0 56
0 57
0 58
0 61
0 62
0 65
0 66
0 67
0 68
0 69
0 70
0 71
0 79
0 80
0 82
0 83
0 85
0 86
0 87
0 89
0 90
0 92
0 93
0 94
0 95
0 97
0 98
0 99
0 100
0 101
0 102
0 103
0 113
0 116
0 119
0 120
0 121
0 123
0 124
0 125
0 126
1 1
1 3
1 5
1 7
1 8
1 10
1 11
1 12
1 13
1 14
1 15
1 17
1 18
1 20
1 23
1 24
1 28
1 29
1 30
1 32
1 33
1 35
1 36
1 39
1 40
1 41
1 42
1 48
1 49
1 50
1 56
1 62
1 63
1 65
1 68
1 70
1 72
1 78
1 82
1 86
1 87
1 92
1 96
1 97
1 98
1 99
1 100
1 104
1 108
1 109
1 110
1 112
1 114
1 117
1 124
1 125
1 126
2 0
2 2
2 3
2 4
2 7
2 8
2 9
2 12
2 13
2 15
2 17
2 20
2 24
2 25
2 26
2 27
2 28
2 29
2 36
2 37
2 39
2 41
2 42
2 43
2 44
2 47
2 48
2 49
2 50
2 51
2 52
2 54
2 55
2 56
2 59
2 61
2 62
2 64
2 66
2 68
2 69
2 73
2 75
2 76
2 79
2 80
2 82
2 86
2 92
2 95
2 96
2 97
2 98
2 100
2 101
2 104
2 105
2 106
2 107
2 109
2 110
2 111
2 112
2 113
2 114
2 115
2 116
2 117
2 119
2 123
2 124
3 1
3 2
3 3
3 4
3 9
3 11
3 12
3 15
3 16
3 18
3 20
3 21
3 22
3 23
3 27
3 34
3 35
3 38
3 42
3 43
3 44
3 45
3 47
3 49
3 52
3 54
3 57
3 58
3 63
3 65
3 68
3 72
3 74
3 76
3 77
3 78
3 82
3 83
3 84
3 98
3 100
3 107
3 108
3 109
3 112
3 114
3 115
3 118
3 121
3 125
3 126
4 0
4 2
4 4
4 6
4 9
4 12
4 14
4 15
4 16
4 20
4 23
4 28
4 29
4 30
4 31
4 33
4 36
4 37
4 40
4 41
4 42
4 43
4 44
4 46
4 48
4 52
4 54
4 56
4 58
4 59
4 60
4 63
4 66
4 67
4 68
4 72
4 73
4 79
4 82
4 84
4 85
4 86
4 89
4 91
4 94
4 96
4 97
4 98
4 101
4 102
4 103
4 105
4 106
4 110
4 114
4 116
4 117
4 119
4 121
4 122
4 127
5 9
5 10
5 11
5 13
5 14
5 15
5 19
5 22
5 25
5 29
5 30
5 31
5 38
5 39
5 41
5 42
5 43
5 45
5 46
5 47
5 50
5 52
5 53
5 54
5 55
5 56
5 57
5 58
5 60
5 63
5 64
5 67
5 77
5 78
5 79
5 81
5 83
5 85
5 86
5 87
5 89
5 90
5 91
5 92
5 93
5 94
5 95
5 96
5 100
5 101
5 103
5 106
5 107
5 111
5 112
5 113
5 116
5 118
5 124
5 125
5 126
5 127
6 3
6 4
6 6
6 8
6 9
6 11
6 12
6 13
6 15
6 17
6 19
6 20
6 22
6 23
6 25
6 26
6 27
6 28
6 30
6 31
6 32
6 34
6 35
6 37
6 42
6 44
6 48
6 50
6 51
6 53
6 55
6 56
6 58
6 59
6 61
6 65
6 67
6 69
6 72
6 74
6 78
6 79
6 83
6 85
6 86
6 87
6 88
6 89
6 95
6 97
6 98
6 99
6 102
6 105
6 106
6 108
6 111
6 113
6 116
6 119
6 121
6 124
6 127
7 2
7 4
7 6
7 7
7 11
7 12
7 14
7 16
7 19
7 20
7 22
7 23
7 29
7 31
7 34
7 35
7 36
7 38
7 46
7 47
7 48
7 49
7 53
7 54
7 56
7 57
7 58
7 61
7 62
7 66
7 69
7 70
7 72
7 73
7 74
7 75
7 76
7 77
7 78
7 80
7 83
7 86
7 87
7 88
7 90
7 92
7 93
7 94
7 95
7 97
7 99
7 100
7 102
7 103
7 104
7 105
7 106
7 107
7 109
7 112
7 114
7 116
7 118
7 122
7 124
7 125
7 127
8 2
8 3
8 4
8 5
8 6
8 7
8 8
8 9
8 13
8 15
8 16
8 17
8 19
8 22
8 23
8 26
8 27
8 28
8 29
8 32
8 34
8 35
8 36
8 38
8 40
8 41
8 44
8 45
8 46
8 49
8 50
8 51
8 53
8 54
8 55
8 56
8 59
8 60
8 61
8 64
8 65
8 66
8 70
8 71
8 73
8 74
8 79
8 82
8 83
8 84
8 85
8 86
8 88
8 89
8 90
8 91
8 92
8 94
8 95
8 96
8 97
8 98
8 100
8 101
8 102
8 105
8 106
8 107
8 109
8 110
8 111
8 112
8 113
8 114
8 117
8 118
8 119
8 120
8 121
8 122
9 0
9 1
9 2
9 3
9 5
9 6
9 8
9 11
9 12
9 13
9 16
9 17
9 19
9 22
9 23
9 24
9 25
9 26
9 27
9 30
9 36
9 37
9 38
9 39
9 40
9 41
9 44
9 46
9 47
9 49
9 53
9 55
9 58
9 60
9 62
9 63
9 64
9 67
9 69
9 71
9 73
9 80
9 84
9 88
9 90
9 91
9 92
9 94
9 95
9 99
9 104
9 108
9 109
9 111
9 112
9 114
9 122
9 125
9 126
10 0
10 6
10 8
10 9
10 11
10 13
10 15
10 17
10 21
10 24
10 25
10 27
10 29
10 32
10 35
10 39
10 40
10 41
10 47
10 49
10 51
10 54
10 56
10 57
10 58
10 59
10 60
10 64
10 67
10 73
10 75
10 76
10 78
10 80
10 82
10 83
10 84
10 85
10 86
10 87
10 88
10 89
10 91
10 92
10 95
10 96
10 99
10 103
10 104
10 105
10 106
10 110
10 111
10 116
10 118
10 119
10 120
10 121
10 122
10 124
10 125
10 127
11 0
11 2
11 5
11 7
11 8
11 9
11 11
11 12
11 13
11 14
11 18
11 19
11 21
11 22
11 24
11 25
11 28
11 29
11 30
11 33
11 36
11 37
11 38
11 41
11 42
11 43
11 47
11 48
11 49
11 55
11 56
11 58
11 60
11 61
11 63
11 65
11 68
11 71
11 80
11 81
11 82
11 83
11 88
11 89
11 95
11 98
11 99
11 100
11 101
11 102
11 103
11 104
11 107
11 109
11 111
11 115
11 117
11 119
11 121
11 122
11 124
11 127
12 0
12 1
12 2
12 4
12 7
12 10
12 11
12 13
12 18
12 20
12 22
12 27
12 28
12 29
12 32
12 36
12 38
12 39
12 41
12 43
12 44
12 47
12 50
12 52
12 53
12 55
12 56
12 57
12 59
12 60
12 61
12 62
12 63
12 64
12 65
12 66
12 67
12 68
12 70
12 72
12 73
12 75
12 76
12 77
12 79
12 82
12 83
12 93
12 94
12 95
12 96
12 98
12 100
12 101
12 103
12 104
12 109
12 112
12 115
12 116
12 120
12 121
12 122
12 124
12 126
13 1
13 3
13 5
13 6
13 7
13 8
13 10
13 11
13 12
13 13
13 14
13 15
13 17
13 20
13 22
13 23
13 26
13 28
13 29
13 30
13 32
13 38
13 40
13 42
13 48
13 49
13 54
13 55
13 56
13 58
13 60
13 61
13 63
13 64
13 66
13 73
13 74
13 75
13 76
13 77
13 81
13 82
13 84
13 85
13 86
13 88
13 90
13 91
13 93
13 94
13 95
13 97
13 100
13 101
13 102
13 103
13 105
13 106
13 107
13 108
13 109
13 111
13 112
13 114
13 115
13 118
13 122
13 125
13 126
13 127
14 4
14 6
14 7
14 8
14 11
14 13
14 14
14 15
14 17
14 20
14 21
14 22
14 23
14 25
14 26
14 27
14 28
14 29
14 31
14 32
14 34
14 35
14 36
14 38
14 40
14 41
14 44
14 46
14 49
14 50
14 53
14 57
14 58
14 61
14 62
14 63
14 64
14 69
14 72
14 73
14 79
14 80
14 83
14 84
14 85
14 89
14 90
14 92
14 93
14 94
14 103
14 104
14 105
14 107
14 108
14 109
14 111
14 113
14 114
14 115
14 116
14 117
14 119
14 121
14 122
14 125
14 126
15 1
15 4
15 11
15 13
15 16
15 17
15 19
15 22
15 25
15 27
15 29
15 31
15 32
15 34
15 35
15 42
15 44
15 53
15 55
15 56
15 57
15 59
15 60
15 62
15 63
15 68
15 69
15 70
15 72
15 73
15 77
15 78
15 82
15 85
15 86
15 91
15 94
15 96
15 97
15 98
15 105
15 107
15 108
15 113
15 115
15 116
15 120
15 122
15 123
15 124
15 125
15 126
16 3
16 5
16 6
16 9
16 11
16 15
16 17
16 18
16 19
16 20
16 22
16 24
16 26
16 28
16 29
16 34
16 35
16 38
16 40
16 41
16 42
16 43
16 44
16 47
16 48
16 49
16 51
16 52
16 54
16 55
16 58
16 61
16 62
16 63
16 64
16 65
16 67
16 69
16 70
16 71
16 72
16 74
16 75
16 76
16 80
16 82
16 83
16 84
16 86
16 87
16 89
16 91
16 93
16 95
16 100
16 102
16 103
16 104
16 107
16 108
16 110
16 111
16 113
16 117
16 121
16 122
16 123
16 124
16 125
16 126
16 127
17 2
17 4
17 5
17 8
17 9
17 10
17 11
17 15
17 18
17 19
17 20
17 21
17 23
17 25
17 27
17 31
17 32
17 34
17 35
17 43
17 46
17 47
17 50
17 54
17 55
17 56
17 58
17 59
17 60
17 62
17 64
17 65
17 67
17 68
17 70
17 71
17 73
17 74
17 75
17 78
17 79
17 82
17 86
17 87
17 88
17 92
17 95
17 96
17 97
17 98
17 99
17 100
17 101
17 102
17 103
17 104
17 106
17 107
17 110
17 111
17 113
17 114
17 118
17 119
17 121
17 123
17 124
17 126
18 5
18 7
18 8
18 10
18 13
18 17
18 18
18 20
18 22
18 23
18 24
18 26
18 27
18 29
18 31
18 32
18 34
18 36
18 40
18 41
18 44
18 47
18 49
18 50
18 51
18 55
18 56
18 58
18 60
18 62
18 63
18 64
18 65
18 66
18 67
18 68
18 69
18 71
18 73
18 74
18 76
18 77
18 78
18 79
18 80
18 81
18 82
18 84
18 85
18 86
18 87
18 90
18 91
18 94
18 96
18 104
18 106
18 108
18 109
18 112
18 116
18 120
18 123
18 125
18 126
18 127
19 0
19 1
19 3
19 8
19 9
19 14
19 16
19 18
19 19
19 21
19 22
19 25
19 27
19 28
19 29
19 30
19 37
19 39
19 41
19 47
19 51
19 54
19 55
19 57
19 58
19 59
19 61
19 62
19 63
19 64
19 65
19 67
19 68
19 69
19 72
19 74
19 78
19 79
19 80
19 81
19 82
19 88
19 92
19 93
19 94
19 95
19 96
19 97
19 98
19 99
19 101
19 102
19 110
19 112
19 115
19 116
19 118
19 119
19 122
19 123
19 124
19 125
20 1
20 2
20 3
20 6
20 8
20 16
20 17
20 19
20 20
20 22
20 23
20 31
20 32
20 34
20 38
20 39
20 43
20 44
20 48
20 49
20 50
20 53
20 54
20 57
20 61
20 62
20 64
20 65
20 69
20 70
20 74
20 75
20 76
20 77
20 80
20 81
20 83
20 85
20 86
20 87
20 89
20 91
20 92
20 93
20 98
20 101
20 102
20 103
20 105
20 106
20 108
20 110
20 111
20 112
20 113
20 114
20 117
20 118
20 123
20 126
21 1
21 3
21 4
21 5
21 7
21 8
21 10
21 12
21 15
21 16
21 18
21 19
21 20
21 21
21 22
21 23
21 26
21 29
21 30
21 33
21 34
21 36
21 37
21 40
21 42
21 45
21 47
21 50
21 52
21 54
21 57
21 58
21 59
21 61
21 62
21 65
21 66
21 68
21 69
21 72
21 73
21 80
21 82
21 83
21 84
21 86
21 89
21 90
21 91
21 93
21 96
21 97
21 98
21 102
21 103
21 106
21 107
21 109
21 110
21 111
21 113
21 114
21 116
21 119
21 124
21 126
22 0
22 1
22 3
22 4
22 5
22 10
22 11
22 12
22 13
22 14
22 15
22 17
22 19
22 23
22 24
22 25
22 26
22 28
22 30
22 31
22 32
22 33
22 34
22 35
22 36
22 40
22 41
22 42
22 44
22 45
22 46
22 47
22 48
22 50
22 56
22 58
22 59
22 64
22 66
22 70
22 73
22 77
22 79
22 83
22 87
22 88
22 89
22 90
22 91
22 92
22 95
22 96
22 98
22 100
22 101
22 102
22 107
22 109
22 110
22 113
22 114
22 115
22 117
22 118
22 120
22 121
22 123
22 124
22 126
23 0
23 2
23 3
23 6
23 7
23 8
23 9
23 12
23 13
23 16
23 17
23 18
23 20
23 21
23 22
23 23
23 24
23 25
23 26
23 27
23 28
23 31
23 34
23 35
23 36
23 40
23 41
23 42
23 45
23 46
23 49
23 50
23 53
23 55
23 57
23 58
23 59
23 60
23 61
23 67
23 70
23 76
23 79
23 82
23 84
23 88
23 91
23 97
23 98
23 99
23 102
23 105
23 109
23 110
23 112
23 114
23 118
23 119
23 121
23 122
23 124
23 127
24 0
24 3
24 4
24 6
24 9
24 10
24 15
24 16
24 18
24 20
24 21
24 23
24 29
24 30
24 31
24 32
24 34
24 35
24 38
24 39
24 40
24 41
24 44
24 46
24 48
24 50
24 54
24 56
24 57
24 60
24 61
24 62
24 63
24 64
24 66
24 67
24 68
24 71
24 72
24 75
24 76
24 77
24 79
24 81
24 84
24 85
24 87
24 88
24 89
24 91
24 92
24 95
24 97
24 98
24 99
24 100
24 102
24 104
24 108
24 109
24 111
24 113
24 116
24 118
24 119
24 125
24 127
25 2
25 3
25 8
25 10
25 11
25 12
25 13
25 16
25 17
25 18
25 19
25 22
25 23
25 24
25 29
25 32
25 33
25 35
25 37
25 38
25 39
25 41
25 42
25 44
25 46
25 48
25 52
25 55
25 57
25 58
25 62
25 64
25 66
25 67
25 69
25 73
25 74
25 76
25 77
25 81
25 82
25 83
25 85
25 88
25 90
25 91
25 93
25 96
25 97
25 104
25 105
25 106
25 108
25 111
25 113
25 114
25 115
25 118
25 119
25 124
25 125
25 127
26 0
26 4
26 7
26 8
26 11
26 15
26 19
26 20
26 21
26 23
26 24
26 25
26 26
26 27
26 28
26 31
26 33
26 34
26 35
26 37
26 43
26 44
26 45
26 48
26 49
26 51
26 52
26 55
26 57
26 60
26 61
26 62
26 63
26 64
26 65
26 70
26 73
26 74
26 77
26 79
26 80
26 82
26 83
26 85
26 86
26 87
26 88
26 90
26 91
26 92
26 93
26 96
26 97
26 99
26 100
26 101
26 102
26 104
26 105
26 107
26 109
26 110
26 113
26 115
26 118
26 120
26 122
26 123
26 124
26 126
26 127
27 3
27 4
27 5
27 8
27 9
27 13
27 15
27 17
27 18
27 19
27 21
27 26
27 27
27 28
27 30
27 31
27 34
27 35
27 36
27 37
27 40
27 42
27 43
27 52
27 53
27 58
27 61
27 62
27 63
27 64
27 70
27 79
27 81
27 85
27 86
27 90
27 94
27 97
27 98
27 100
27 101
27 108
27 110
27 112
27 114
27 115
27 116
27 117
27 118
27 119
27 122
27 123
27 124
27 125
27 127
28 0
28 3
28 5
28 6
28 7
28 9
28 12
28 13
28 16
28 19
28 20
28 21
28 27
28 28
28 29
28 30
28 31
28 32
28 34
28 35
28 37
28 38
28 39
28 40
28 42
28 45
28 46
28 48
28 49
28 51
28 52
28 58
28 61
28 62
28 63
28 66
28 72
28 73
28 75
28 82
28 88
28 89
28 92
28 94
28 95
28 98
28 99
28 103
28 106
28 107
28 108
28 110
28 113
28 116
28 117
28 119
28 120
28 121
28 122
28 124
28 125
28 127
29 0
29 2
29 5
29 6
29 10
29 11
29 16
29 18
29 20
29 23
29 29
29 31
29 34
29 39
29 42
29 45
29 46
29 47
29 48
29 49
29 51
29 52
29 53
29 54
29 55
29 58
29 62
29 63
29 64
29 65
29 67
29 70
29 73
29 76
29 77
29 80
29 81
29 82
29 84
29 86
29 89
29 90
29 91
29 92
29 93
29 96
29 97
29 98
29 99
29 105
29 108
29 113
29 114
29 115
29 116
29 118
29 119
29 120
29 123
29 124
29 127
30 0
30 1
30 6
30 10
30 13
30 14
30 16
30 17
30 19
30 20
30 22
30 24
30 25
30 27
30 28
30 29
30 33
30 34
30 35
30 36
30 37
30 43
30 46
30 47
30 49
30 51
30 52
30 53
30 54
30 55
30 57
30 62
30 63
30 65
30 67
30 68
30 69
30 71
30 73
30 77
30 78
30 81
30 82
30 90
30 91
30 94
30 95
30 96
30 97
30 98
30 102
30 103
30 104
30 106
30 108
30 110
30 113
30 115
30 116
30 117
30 118
30 119
30 121
30 122
30 123
30 124
30 126
30 127
31 0
31 4
31 5
31 6
31 8
31 12
31 20
31 22
31 24
31 28
31 29
31 30
31 31
31 32
31 33
31 34
31 35
31 38
31 39
31 42
31 50
31 52
31 54
31 56
31 57
31 58
31 59
31 61
31 64
31 65
31 66
31 67
31 68
31 69
31 70
31 71
31 72
31 73
31 75
31 77
31 78
31 80
31 81
31 86
31 87
31 94
31 95
31 97
31 100
31 102
31 103
31 105
31 107
31 108
31 109
31 111
31 113
31 114
31 116
31 120
31 122
31 123
31 127
32 0
32 1
32 3
32 5
32 7
32 10
32 12
32 13
32 19
32 20
32 21
32 22
32 23
32 25
32 28
32 31
32 33
32 34
32 35
32 38
32 39
32 41
32 45
32 46
32 47
32 49
32 51
32 53
32 57
32 60
32 61
32 62
32 64
32 69
32 70
32 74
32 77
32 79
32 80
32 82
32 86
32 87
32 90
32 92
32 97
32 98
32 101
32 103
32 104
32 105
32 111
32 113
32 118
32 119
32 120
32 121
32 122
32 123
32 124
32 126
32 127
33 1
33 2
33 3
33 5
33 6
33 7
33 12
33 16
33 19
33 21
33 22
33 23
33 24
33 26
33 27
33 29
33 30
33 31
33 32
33 38
33 42
33 43
33 44
33 45
33 47
33 48
33 49
33 50
33 51
33 56
33 57
33 61
33 62
33 64
33 66
33 69
33 70
33 72
33 73
33 78
33 79
33 80
33 82
33 83
33 84
33 85
33 87
33 90
33 91
33 93
33 97
33 98
33 101
33 105
33 108
33 109
33 112
33 113
33 114
33 116
33 118
33 124
33 125
33 126
34 4
34 7
34 8
34 9
34 11
34 12
34 17
34 18
34 25
34 28
34 30
34 32
34 34
34 35
34 38
34 43
34 44
34 45
34 46
34 49
34 50
34 52
34 53
34 54
34 55
34 57
34 59
34 60
34 61
34 62
34 64
34 65
34 71
34 73
34 74
34 78
34 79
34 83
34 85
34 86
34 89
34 90
34 92
34 93
34 96
34 97
34 98
34 99
34 101
34 103
34 104
34 106
34 108
34 111
34 113
34 115
34 116
34 118
34 121
34 122
34 123
34 125
34 127
35 1
35 2
35 4
35 6
35 8
35 10
35 11
35 12
35 13
35 15
35 18
35 21
35 22
35 24
35 25
35 26
35 27
35 29
35 30
35 31
35 32
35 37
35 45
35 47
35 48
35 50
35 52
35 54
35 58
35 62
35 63
35 64
35 67
35 68
35 70
35 71
35 73
35 83
35 84
35 85
35 86
35 87
35 88
35 89
35 92
35 93
35 95
35 99
35 100
35 107
35 108
35 110
35 112
35 113
35 115
35 116
35 117
35 118
35 121
35 122
35 126
36 2
36 3
36 4
36 5
36 6
36 7
36 10
36 13
36 14
36 15
36 17
36 18
36 20
36 21
36 22
36 26
36 28
36 29
36 30
36 31
36 37
36 38
36 39
36 40
36 42
36 43
36 46
36 50
36 53
36 55
36 56
36 59
36 60
36 61
36 62
36 63
36 64
36 67
36 68
36 69
36 70
36 73
36 74
36 78
36 79
36 80
36 81
36 84
36 85
36 89
36 90
36 91
36 92
36 93
36 95
36 97
36 100
36 101
36 102
36 103
36 104
36 108
36 113
36 115
36 116
36 117
36 118
36 121
36 123
36 124
36 127
37 0
37 1
37 3
37 5
37 8
37 11
37 13
37 14
37 18
37 19
37 21
37 23
37 24
37 25
37 26
37 27
37 28
37 29
37 32
37 34
37 39
37 41
37 44
37 45
37 46
37 52
37 54
37 55
37 56
37 57
37 60
37 62
37 63
37 66
37 68
37 70
37 71
37 72
37 73
37 74
37 77
37 82
37 83
37 88
37 91
37 93
37 94
37 98
37 100
37 103
37 104
37 105
37 107
37 111
37 112
37 114
37 115
37 116
37 118
37 120
37 121
37 122
37 123
37 125
37 127
38 0
38 1
38 3
38 4
38 8
38 11
38 13
38 14
38 15
38 18
38 21
38 22
38 23
38 24
38 25
38 31
38 32
38 33
38 35
38 37
38 39
38 43
38 45
38 49
38 51
38 52
38 53
38 55
38 56
38 58
38 60
38 64
38 65
38 66
38 69
38 71
38 73
38 75
38 80
38 84
38 89
38 91
38 99
38 100
38 102
38 105
38 107
38 108
38 109
38 111
38 112
38 114
38 115
38 116
38 117
38 120
38 121
38 123
38 124
38 126
39 3
39 11
39 12
39 14
39 15
39 17
39 18
39 19
39 21
39 23
39 24
39 25
39 26
39 27
39 28
39 29
39 34
39 35
39 36
39 37
39 39
39 40
39 41
39 44
39 47
39 48
39 51
39 56
39 57
39 59
39 65
39 66
39 68
39 69
39 72
39 74
39 75
39 78
39 79
39 80
39 82
39 84
39 87
39 88
39 91
39 92
39 93
39 99
39 100
39 102
39 103
39 104
39 106
39 107
39 108
39 110
39 111
39 112
39 115
39 116
39 117
39 118
39 120
39 121
39 124
39 125
40 0
40 2
40 7
40 8
40 9
40 11
40 12
40 14
40 18
40 22
40 31
40 33
40 38
40 42
40 43
40 46
40 49
40 51
40 53
40 54
40 58
40 59
40 60
40 63
40 64
40 66
40 67
40 70
40 71
40 73
40 74
40 78
40 81
40 82
40 83
40 84
40 85
40 86
40 87
40 88
40 89
40 90
40 91
40 93
40 95
40 96
40 98
40 101
40 102
40 104
40 105
40 106
40 108
40 109
40 115
40 118
40 119
40 121
40 122
40 123
40 125
40 127
41 0
41 2
41 5
41 10
41 11
41 12
41 14
41 15
41 16
41 18
41 21
41 23
41 25
41 26
41 27
41 28
41 29
41 33
41 37
41 38
41 40
41 44
41 49
41 50
41 51
41 52
41 53
41 54
41 56
41 59
41 60
41 61
41 62
41 63
41 64
41 65
41 66
41 67
41 68
41 69
41 70
41 71
41 72
41 74
41 77
41 78
41 80
41 82
41 83
41 84
41 89
41 90
41 91
41 92
41 95
41 97
41 98
41 100
41 101
41 102
41 106
41 107
41 109
41 111
41 113
41 114
41 115
41 116
41 117
41 119
41 121
41 125
41 127
42 1
42 2
42 3
42 4
42 10
42 13
42 15
42 17
42 21
42 25
42 27
42 28
42 30
42 31
42 32
42 33
42 35
42 39
42 40
42 42
42 45
42 46
42 47
42 49
42 50
42 52
42 53
42 54
42 55
42 57
42 59
42 60
42 62
42 64
42 66
42 69
42 80
42 82
42 83
42 84
42 85
42 86
42 88
42 94
42 97
42 98
42 101
42 102
42 103
42 104
42 105
42 107
42 110
42 114
42 115
42 117
42 119
42 121
42 122
42 124
42 125
43 0
43 3
43 5
43 9
43 19
43 21
43 23
43 24
43 27
43 29
43 34
43 39
43 40
43 41
43 42
43 44
43 45
43 48
43 49
43 50
43 53
43 54
43 56
43 59
43 61
43 63
43 67
43 68
43 71
43 72
43 73
43 77
43 80
43 83
43 85
43 86
43 90
43 91
43 92
43 96
43 97
43 98
43 99
43 102
43 103
43 104
43 105
43 106
43 107
43 109
43 110
43 112
43 116
43 117
43 120
43 126
44 0
44 1
44 2
44 6
44 8
44 11
44 14
44 19
44 22
44 24
44 26
44 27
44 29
44 31
44 32
44 33
44 36
44 37
44 44
44 52
44 55
44 57
44 61
44 62
44 66
44 71
44 72
44 77
44 81
44 83
44 84
44 85
44 88
44 89
44 90
44 91
44 92
44 93
44 95
44 96
44 99
44 101
44 102
44 104
44 106
44 108
44 109
44 111
44 114
44 119
44 121
44 122
44 123
44 124
44 127
45 3
45 4
45 5
45 7
45 10
45 11
45 12
45 17
45 18
45 19
45 27
45 29
45 30
45 31
45 33
45 38
45 44
45 48
45 52
45 54
45 55
45 56
45 57
45 60
45 61
45 62
45 63
45 68
45 69
45 70
45 71
45 73
45 74
45 77
45 82
45 84
45 88
45 96
45 98
45 99
45 100
45 101
45 104
45 106
45 107
45 108
45 109
45 110
45 113
45 115
45 116
45 117
45 118
45 119
45 123
45 125
45 126
46 0
46 1
46 2
46 3
46 6
46 8
46 9
46 12
46 14
46 17
46 22
46 23
46 25
46 27
46 29
46 30
46 32
46 33
46 36
46 42
46 43
46 44
46 46
46 47
46 48
46 49
46 53
46 54
46 62
46 64
46 65
46 67
46 71
46 72
46 74
46 75
46 78
46 79
46 83
46 85
46 86
46 87
46 88
46 89
46 90
46 91
46 92
46 93
46 95
46 96
46 99
46 100
46 101
46 103
46 104
46 106
46 110
46 111
46 112
46 115
46 117
46 118
46 119
46 121
46 122
46 123
46 125
46 126
47 0
47 1
47 2
47 5
47 6
47 8
47 9
47 13
47 22
47 23
47 24
47 25
47 26
47 27
47 28
47 31
47 34
47 39
47 45
47 50
47 51
47 54
47 55
47 59
47 62
47 66
47 67
47 69
47 73
47 75
47 82
47 83
47 84
47 86
47 88
47 90
47 91
47 93
47 94
47 95
47 96
47 98
47 99
47 100
47 106
47 109
47 112
47 113
47 114
47 115
47 117
47 119
47 120
47 121
47 124
47 127
48 1
48 3
48 4
48 6
48 7
48 9
48 13
48 14
48 16
48 17
48 22
48 25
48 30
48 32
48 33
48 35
48 36
48 37
48 39
48 40
48 41
48 42
48 43
48 44
48 46
48 47
48 48
48 49
48 50
48 52
48 55
48 56
48 57
48 58
48 65
48 66
48 67
48 69
48 70
48 72
48 76
48 77
48 79
48 80
48 82
48 84
48 86
48 91
48 92
48 96
48 98
48 100
48 101
48 103
48 107
48 109
48 110
48 112
48 113
48 118
48 119
48 120
48 126
48 127
49 0
49 4
49 6
49 9
49 11
49 15
49 18
49 23
49 25
49 26
49 27
49 29
49 30
49 31
49 37
49 38
49 40
49 41
49 42
49 44
49 46
49 47
49 49
49 50
49 51
49 52
49 53
49 55
49 56
49 64
49 67
49 68
49 70
49 71
49 72
49 73
49 74
49 75
49 76
49 77
49 78
49 79
49 81
49 82
49 84
49 87
49 90
49 91
49 92
49 93
49 94
49 96
49 101
49 102
49 103
49 104
49 106
49 107
49 108
49 110
49 111
49 112
49 114
49 115
49 117
49 118
49 119
49 120
49 121
49 123
49 125
49 127
50 0
50 2
50 5
50 6
50 7
50 8
50 10
50 11
50 12
50 13
50 14
50 16
50 18
50 24
50 27
50 29
50 34
50 35
50 36
50 37
50 40
50 51
50 54
50 55
50 56
50 58
50 60
50 61
50 62
50 63
50 66
50 67
50 68
50 69
50 71
50 75
50 78
50 81
50 85
50 86
50 87
50 88
50 90
50 93
50 95
50 97
50 98
50 100
50 101
50 104
50 108
50 112
50 113
50 114
50 116
50 117
50 118
50 119
50 120
50 124
50 125
50 126
50 127
51 3
51 8
51 12
51 13
51 14
51 16
51 17
51 18
51 19
51 22
51 23
51 24
51 25
51 26
51 31
51 33
51 34
51 36
51 37
51 39
51 41
51 42
51 44
51 49
51 50
51 52
51 53
51 54
51 56
51 60
51 61
51 64
51 65
51 67
51 68
51 72
51 73
51 74
51 76
51 77
51 78
51 79
51 82
51 83
51 84
51 87
51 88
51 91
51 92
51 93
51 94
51 95
51 97
51 102
51 103
51 104
51 105
51 108
51 109
51 110
51 111
51 112
51 113
51 114
51 117
51 118
51 119
51 122
51 123
51 124
51 125
51 126
52 1
52 3
52 5
52 6
52 8
52 9
52 14
52 16
52 17
52 19
52 21
52 22
52 23
52 24
52 25
52 27
52 29
52 31
52 35
52 36
52 37
52 38
52 40
52 42
52 43
52 44
52 46
52 49
52 51
52 52
52 55
52 56
52 57
52 58
52 60
52 61
52 65
52 66
52 68
52 70
52 71
52 72
52 73
52 76
52 77
52 78
52 81
52 82
52 85
52 89
52 91
52 92
52 93
52 94
52 95
52 97
52 101
52 104
52 105
52 106
52 107
52 108
52 109
52 110
52 116
52 118
52 119
52 120
52 121
52 123
52 125
52 127
53 0
53 2
53 3
53 5
53 8
53 13
53 14
53 15
53 21
53 23
53 24
53 26
53 27
53 31
53 33
53 34
53 35
53 37
53 40
53 41
53 43
53 46
53 48
53 51
53 54
53 58
53 60
53 61
53 65
53 70
53 71
53 72
53 76
53 77
53 78
53 79
53 80
53 81
53 82
53 86
53 88
53 89
53 90
53 94
53 96
53 98
53 103
53 106
53 107
53 109
53 110
53 113
53 114
53 121
53 122
53 123
53 124
53 125
53 127
54 0
54 3
54 4
54 5
54 6
54 7
54 9
54 14
54 15
54 16
54 17
54 18
54 21
54 23
54 24
54 26
54 27
54 28
54 29
54 30
54 31
54 32
54 34
54 35
54 36
54 39
54 40
54 43
54 44
54 45
54 47
54 54
54 56
54 58
54 59
54 60
54 65
54 66
54 68
54 71
54 74
54 76
54 84
54 90
54 93
54 95
54 97
54 98
54 99
54 100
54 103
54 105
54 106
54 111
54 113
54 114
54 115
54 116
54 121
54 123
54 127
55 1
55 2
55 5
55 6
55 13
55 16
55 17
55 21
55 24
55 25
55 27
55 28
55 31
55 33
55 34
55 38
55 40
55 41
55 42
55 44
55 45
55 47
55 49
55 50
55 51
55 53
55 54
55 56
55 57
55 59
55 60
55 61
55 62
55 65
55 66
55 67
55 74
55 79
55 80
55 81
55 83
55 86
55 89
55 90
55 92
55 94
55 97
55 99
55 100
55 103
55 104
55 105
55 106
55 107
55 109
55 111
55 112
55 115
55 119
55 121
55 122
55 123
55 124
56 0
56 1
56 3
56 6
56 7
56 9
56 10
56 11
56 14
56 15
56 16
56 20
56 23
56 25
56 29
56 32
56 34
56 35
56 36
56 38
56 39
56 41
56 42
56 43
56 46
56 47
56 49
56 54
56 55
56 56
56 58
56 62
56 64
56 65
56 66
56 67
56 70
56 73
56 76
56 77
56 78
56 82
56 83
56 85
56 86
56 89
56 90
56 92
56 93
56 94
56 96
56 97
56 98
56 102
56 103
56 104
56 105
56 107
56 110
56 111
56 113
56 115
56 116
56 119
56 121
56 122
56 125
57 2
57 4
57 5
57 6
57 9
57 10
57 11
57 12
57 13
57 15
57 16
57 17
57 18
57 19
57 21
57 25
57 26
57 28
57 32
57 34
57 35
57 37
57 38
57 39
57 41
57 42
57 43
57 44
57 47
57 51
57 52
57 55
57 56
57 59
57 63
57 64
57 65
57 66
57 68
57 69
57 70
57 71
57 74
57 78
57 86
57 87
57 88
57 89
57 92
57 95
57 96
57 97
57 98
57 99
57 100
57 101
57 102
57 103
57 104
57 109
57 110
57 111
57 113
57 116
57 117
57 118
57 119
57 120
57 121
57 124
57 125
57 126
57 127
58 0
58 1
58 2
58 4
58 5
58 7
58 10
58 11
58 12
58 13
58 14
58 15
58 17
58 19
58 20
58 22
58 23
58 26
58 28
58 29
58 30
58 33
58 34
58 35
58 36
58 37
58 39
58 40
58 42
58 43
58 44
58 47
58 49
58 51
58 56
58 63
58 64
58 65
58 67
58 68
58 73
58 74
58 79
58 81
58 82
58 83
58 87
58 90
58 91
58 93
58 94
58 95
58 96
58 97
58 98
58 99
58 103
58 104
58 107
58 108
58 110
58 111
58 112
58 113
58 114
58 115
58 116
58 119
58 121
58 122
58 125
58 127
59 0
59 2
59 5
59 6
59 7
59 8
59 9
59 10
59 11
59 14
59 17
59 18
59 19
59 20
59 22
59 23
59 24
59 26
59 27
59 28
59 35
59 42
59 44
59 45
59 46
59 48
59 49
59 50
59 52
59 54
59 58
59 60
59 61
59 62
59 63
59 65
59 66
59 67
59 71
59 72
59 74
59 75
59 76
59 78
59 79
59 80
59 81
59 83
59 85
59 86
59 89
59 90
59 92
59 93
59 94
59 95
59 98
59 99
59 102
59 103
59 104
59 106
59 108
59 110
59 111
59 112
59 115
59 116
59 120
59 125
59 127
60 0
60 1
60 2
60 3
60 5
60 13
60 15
60 17
60 18
60 19
60 21
60 22
60 23
60 29
60 31
60 39
60 40
60 41
60 42
60 43
60 44
60 47
60 49
60 51
60 57
60 60
60 62
60 64
60 65
60 66
60 67
60 70
60 71
60 72
60 77
60 82
60 83
60 87
60 88
60 91
60 92
60 94
60 95
60 98
60 99
60 100
60 101
60 102
60 104
60 109
60 115
60 116
60 117
60 118
60 119
60 122
60 123
60 125
60 126
60 127
61 2
61 3
61 5
61 6
61 9
61 10
61 11
61 12
61 17
61 18
61 19
61 20
61 22
61 23
61 24
61 25
61 26
61 29
61 32
61 34
61 37
61 39
61 40
61 44
61 49
61 51
61 52
61 53
61 54
61 62
61 66
61 67
61 68
61 69
61 72
61 73
61 74
61 75
61 77
61 78
61 79
61 81
61 82
61 84
61 88
61 89
61 90
61 92
61 95
61 96
61 97
61 99
61 107
61 108
61 109
61 111
61 114
61 117
61 120
62 1
62 3
62 4
62 5
62 6
62 9
62 10
62 11
62 13
62 14
62 15
62 16
62 18
62 20
62 21
62 22
62 25
62 27
62 29
62 32
62 33
62 34
62 39
62 40
62 41
62 45
62 46
62 50
62 51
62 53
62 55
62 57
62 59
62 60
62 65
62 68
62 69
62 72
62 73
62 74
62 75
62 77
62 80
62 83
62 84
62 85
62 87
62 88
62 91
62 92
62 94
62 98
62 100
62 103
62 107
62 108
62 111
62 112
62 113
62 117
62 121
62 122
62 123
63 0
63 1
63 2
63 3
63 6
63 12
63 13
63 14
63 15
63 17
63 18
63 20
63 21
63 25
63 26
63 30
63 31
63 32
63 34
63 35
63 39
63 41
63 42
63 44
63 45
63 50
63 51
63 52
63 53
63 56
63 58
63 59
63 62
63 64
63 66
63 68
63 72
63 73
63 75
63 77
63 78
63 81
63 83
63 84
63 87
63 89
63 90
63 91
63 92
63 93
63 94
63 96
63 97
63 98
63 99
63 100
63 107
63 108
63 109
63 111
63 113
63 114
63 117
63 118
63 120
63 121
63 123
64 1
64 2
64 5
64 8
64 19
64 20
64 22
64 24
64 25
64 26
64 28
64 31
64 33
64 38
64 41
64 43
64 44
64 47
64 51
64 52
64 53
64 54
64 55
64 56
64 61
64 62
64 64
64 66
64 68
64 70
64 71
64 74
64 76
64 79
64 80
64 81
64 82
64 83
64 85
64 87
64 91
64 94
64 96
64 97
64 99
64 102
64 103
64 104
64 107
64 111
64 112
64 114
64 117
64 120
64 123
64 124
64 125
64 127
65 0
65 1
65 2
65 4
65 8
65 10
65 11
65 12
65 13
65 14
65 15
65 16
65 20
65 22
65 26
65 27
65 32
65 34
65 36
65 37
65 43
65 44
65 45
65 48
65 49
65 50
65 57
65 59
65 61
65 62
65 64
65 68
65 71
65 73
65 74
65 75
65 77
65 79
65 82
65 83
65 85
65 86
65 89
65 95
65 96
65 98
65 99
65 100
65 103
65 104
65 105
65 107
65 108
65 112
65 113
65 117
65 119
65 120
65 122
65 123
65 125
65 127
66 0
66 4
66 5
66 8
66 9
66 14
66 15
66 16
66 17
66 18
66 19
66 20
66 22
66 30
66 32
66 34
66 35
66 36
66 38
66 39
66 40
66 41
66 42
66 43
66 46
66 48
66 50
66 52
66 54
66 55
66 57
66 59
66 60
66 64
66 65
66 68
66 70
66 73
66 79
66 80
66 85
66 89
66 91
66 92
66 96
66 97
66 98
66 100
66 103
66 104
66 107
66 109
66 110
66 111
66 113
66 115
66 119
66 121
66 124
66 125
67 1
67 2
67 5
67 7
67 9
67 10
67 11
67 13
67 14
67 15
67 17
67 19
67 21
67 23
67 27
67 28
67 29
67 31
67 34
67 35
67 36
67 37
67 38
67 41
67 42
67 43
67 44
67 48
67 51
67 52
67 54
67 56
67 57
67 59
67 60
67 62
67 63
67 66
67 67
67 68
67 69
67 70
67 71
67 72
67 73
67 77
67 79
67 82
67 83
67 84
67 85
67 86
67 88
67 89
67 91
67 92
67 93
67 94
67 100
67 101
67 102
67 103
67 104
67 105
67 110
67 111
67 113
67 115
67 117
67 123
67 124
67 125
67 126
68 1
68 2
68 3
68 4
68 5
68 8
68 9
68 10
68 11
68 12
68 14
68 17
68 19
68 20
68 23
68 25
68 27
68 28
68 29
68 31
68 32
68 34
68 35
68 36
68 38
68 39
68 40
68 41
68 44
68 45
68 47
68 49
68 50
68 51
68 54
68 56
68 59
68 61
68 64
68 66
68 68
68 70
68 72
68 73
68 78
68 83
68 85
68 86
68 87
68 88
68 89
68 93
68 96
68 101
68 102
68 103
68 105
68 106
68 108
68 111
68 113
68 114
68 117
68 122
68 124
69 1
69 3
69 4
69 7
69 8
69 9
69 10
69 13
69 14
69 16
69 17
69 21
69 24
69 25
69 27
69 29
69 30
69 32
69 33
69 35
69 37
69 44
69 49
69 52
69 55
69 56
69 64
69 65
69 67
69 68
69 72
69 75
69 78
69 79
69 80
69 81
69 86
69 87
69 91
69 96
69 97
69 98
69 99
69 100
69 103
69 104
69 107
69 110
69 111
69 112
69 113
69 114
69 115
69 117
69 121
69 122
69 123
69 124
69 126
70 0
70 1
70 4
70 6
70 8
70 9
70 11
70 12
70 15
70 19
70 20
70 23
70 24
70 26
70 27
70 28
70 33
70 35
70 36
70 37
70 38
70 41
70 43
70 44
70 45
70 47
70 50
70 52
70 54
70 58
70 59
70 60
70 62
70 63
70 66
70 69
70 73
70 74
70 75
70 76
70 77
70 78
70 79
70 82
70 84
70 86
70 90
70 92
70 93
70 94
70 95
70 97
70 100
70 106
70 107
70 113
70 114
70 117
70 121
70 123
70 124
70 126
70 127
71 1
71 2
71 3
71 6
71 7
71 8
71 9
71 10
71 13
71 14
71 15
71 16
71 18
71 21
71 24
71 26
71 27
71 28
71 29
71 32
71 35
71 36
71 37
71 38
71 40
71 41
71 42
71 48
71 49
71 54
71 56
71 59
71 60
71 61
71 63
71 65
71 68
71 71
71 73
71 75
71 76
71 78
71 83
71 84
71 87
71 96
71 98
71 101
71 102
71 103
71 106
71 108
71 109
71 110
71 115
71 116
71 119
71 121
71 124
71 125
71 126
71 127
72 2
72 5
72 6
72 7
72 8
72 11
72 17
72 18
72 24
72 27
72 29
72 31
72 34
72 35
72 38
72 40
72 41
72 42
72 48
72 50
72 52
72 53
72 54
72 55
72 59
72 61
72 62
72 63
72 66
72 67
72 70
72 73
72 75
72 76
72 78
72 79
72 81
72 83
72 84
72 85
72 86
72 87
72 91
72 94
72 95
72 96
72 97
72 99
72 108
72 110
72 111
72 112
72 113
72 120
72 121
72 122
72 123
72 124
72 125
72 126
73 1
73 3
73 5
73 7
73 9
73 10
73 12
73 15
73 16
73 17
73 18
73 19
73 22
73 29
73 31
73 33
73 35
73 37
73 38
73 39
73 42
73 43
73 46
73 48
73 49
73 51
73 52
73 53
73 59
73 61
73 62
73 63
73 64
73 65
73 68
73 71
73 73
73 74
73 77
73 80
73 83
73 84
73 85
73 86
73 87
73 89
73 90
73 91
73 94
73 95
73 97
73 100
73 106
73 107
73 109
73 112
73 113
73 115
73 117
73 118
73 119
73 120
73 122
73 123
73 124
73 126
73 127
74 2
74 4
74 5
74 7
74 9
74 10
74 11
74 13
74 14
74 15
74 17
74 20
74 23
74 24
74 26
74 27
74 29
74 30
74 31
74 32
74 33
74 35
74 36
74 41
74 43
74 44
74 46
74 47
74 48
74 49
74 53
74 57
74 58
74 59
74 61
74 62
74 63
74 65
74 66
74 67
74 68
74 70
74 71
74 74
74 75
74 77
74 79
74 82
74 84
74 89
74 95
74 100
74 101
74 103
74 104
74 106
74 108
74 110
74 112
74 113
74 116
74 117
74 122
74 123
74 124
74 127
75 2
75 4
75 7
75 8
75 9
75 13
75 16
75 17
75 19
75 20
75 21
75 22
75 24
75 25
75 26
75 27
75 29
75 30
75 32
75 33
75 34
75 38
75 41
75 45
75 47
75 49
75 51
75 52
75 54
75 55
75 57
75 59
75 61
75 71
75 72
75 73
75 75
75 78
75 80
75 85
75 88
75 90
75 92
75 96
75 97
75 102
75 103
75 104
75 107
75 112
75 114
75 117
75 118
75 121
75 122
75 126
75 127
76 1
76 5
76 6
76 7
76 10
76 11
76 12
76 17
76 18
76 20
76 23
76 26
76 29
76 32
76 33
76 36
76 37
76 38
76 40
76 41
76 42
76 48
76 50
76 52
76 53
76 55
76 57
76 58
76 60
76 65
76 67
76 68
76 73
76 74
76 75
76 77
76 78
76 79
76 81
76 84
76 85
76 86
76 88
76 90
76 94
76 96
76 97
76 106
76 107
76 110
76 111
76 116
76 117
76 118
76 119
76 120
76 122
76 123
76 125
76 127
77 1
77 2
77 4
77 5
77 7
77 9
77 10
77 12
77 15
77 16
77 18
77 20
77 21
77 22
77 23
77 24
77 27
77 28
77 31
77 34
77 35
77 40
77 42
77 44
77 45
77 46
77 47
77 49
77 53
77 55
77 61
77 68
77 69
77 70
77 73
77 74
77 75
77 76
77 77
77 78
77 81
77 82
77 83
77 84
77 85
77 86
77 88
77 91
77 92
77 93
77 94
77 97
77 99
77 100
77 101
77 102
77 105
77 106
77 110
77 111
77 113
77 117
77 118
77 122
77 123
77 125
77 127
78 1
78 4
78 7
78 8
78 11
78 12
78 14
78 15
78 16
78 23
78 24
78 26
78 28
78 29
78 31
78 32
78 33
78 34
78 35
78 40
78 41
78 44
78 46
78 48
78 49
78 51
78 52
78 55
78 60
78 61
78 71
78 72
78 73
78 74
78 76
78 77
78 78
78 79
78 82
78 83
78 84
78 87
78 90
78 91
78 92
78 95
78 99
78 100
78 101
78 102
78 103
78 104
78 105
78 107
78 109
78 111
78 112
78 113
78 116
78 119
78 120
78 121
78 122
78 125
78 126
78 127
79 3
79 4
79 5
79 7
79 8
79 11
79 12
79 13
79 15
79 18
79 22
79 23
79 24
79 25
79 26
79 27
79 28
79 30
79 31
79 33
79 34
79 36
79 37
79 38
79 39
79 40
79 41
79 42
79 47
79 52
79 56
79 59
79 62
79 64
79 65
79 66
79 67
79 68
79 71
79 72
79 75
79 76
79 78
79 79
79 80
79 84
79 86
79 88
79 90
79 91
79 93
79 96
79 102
79 103
79 104
79 109
79 111
79 112
79 113
79 114
79 116
79 119
79 120
79 121
79 122
79 123
79 124
79 127
80 0
80 2
80 4
80 6
80 8
80 13
80 14
80 15
80 17
80 18
80 19
80 20
80 22
80 23
80 24
80 25
80 27
80 28
80 29
80 33
80 36
80 38
80 44
80 45
80 46
80 47
80 48
80 49
80 51
80 53
80 55
80 57
80 62
80 64
80 70
80 71
80 73
80 75
80 77
80 78
80 79
80 82
80 83
80 85
80 89
80 90
80 91
80 92
80 96
80 98
80 99
80 103
80 104
80 106
80 108
80 110
80 111
80 114
80 115
80 116
80 117
80 118
80 120
80 122
80 125
80 127
81 0
81 1
81 3
81 4
81 5
81 6
81 9
81 12
81 14
81 15
81 20
81 22
81 23
81 24
81 25
81 27
81 28
81 31
81 34
81 35
81 36
81 38
81 39
81 40
81 41
81 43
81 45
81 50
81 51
81 54
81 56
81 59
81 60
81 61
81 62
81 64
81 65
81 67
81 70
81 75
81 76
81 77
81 79
81 80
81 81
81 84
81 85
81 86
81 87
81 89
81 91
81 94
81 97
81 98
81 99
81 100
81 101
81 103
81 107
81 108
81 109
81 114
81 115
81 117
81 120
81 122
81 123
81 126
82 0
82 3
82 4
82 5
82 6
82 8
82 11
82 12
82 13
82 17
82 18
82 21
82 22
82 23
82 25
82 30
82 31
82 32
82 34
82 37
82 38
82 39
82 41
82 42
82 43
82 44
82 45
82 46
82 56
82 57
82 58
82 60
82 63
82 64
82 68
82 69
82 70
82 72
82 74
82 76
82 77
82 78
82 80
82 83
82 85
82 89
82 93
82 97
82 98
82 101
82 102
82 105
82 106
82 107
82 109
82 112
82 113
82 116
82 119
82 120
82 121
82 122
82 123
82 126
82 127
83 0
83 1
83 4
83 6
83 10
83 12
83 13
83 14
83 16
83 18
83 23
83 26
83 28
83 31
83 33
83 35
83 39
83 40
83 41
83 43
83 44
83 48
83 57
83 60
83 61
83 62
83 65
83 70
83 73
83 74
83 75
83 76
83 79
83 80
83 82
83 83
83 84
83 85
83 87
83 90
83 93
83 95
83 97
83 98
83 99
83 103
83 105
83 107
83 109
83 110
83 112
83 114
83 117
83 118
83 119
83 122
83 123
83 126
84 0
84 1
84 4
84 6
84 7
84 10
84 11
84 14
84 18
84 21
84 23
84 25
84 28
84 29
84 31
84 33
84 37
84 40
84 44
84 46
84 49
84 52
84 55
84 57
84 58
84 61
84 62
84 63
84 64
84 65
84 66
84 67
84 68
84 69
84 72
84 73
84 77
84 78
84 79
84 81
84 84
84 85
84 87
84 88
84 89
84 90
84 92
84 93
84 96
84 99
84 100
84 101
84 103
84 104
84 105
84 106
84 109
84 110
84 112
84 113
84 114
84 115
84 116
84 117
84 120
84 122
84 123
84 124
84 127
85 0
85 1
85 3
85 5
85 6
85 7
85 8
85 9
85 13
85 14
85 15
85 16
85 17
85 18
85 19
85 21
85 23
85 26
85 27
85 29
85 30
85 31
85 32
85 34
85 36
85 41
85 42
85 43
85 44
85 45
85 46
85 52
85 53
85 54
85 55
85 57
85 58
85 59
85 60
85 61
85 63
85 66
85 67
85 68
85 69
85 72
85 73
85 75
85 76
85 77
85 79
85 80
85 82
85 84
85 85
85 89
85 90
85 91
85 93
85 95
85 96
85 104
85 105
85 106
85 107
85 108
85 110
85 111
85 112
85 114
85 116
85 117
85 119
85 120
85 122
85 123
85 124
85 125
85 126
85 127
86 0
86 1
86 5
86 6
86 8
86 10
86 13
86 16
86 17
86 18
86 19
86 24
86 27
86 29
86 30
86 34
86 35
86 37
86 41
86 42
86 43
86 44
86 45
86 46
86 47
86 48
86 54
86 55
86 56
86 57
86 58
86 61
86 63
86 68
86 69
86 71
86 72
86 73
86 75
86 79
86 81
86 82
86 87
86 88
86 92
86 93
86 94
86 96
86 98
86 99
86 100
86 101
86 102
86 103
86 104
86 105
86 106
86 107
86 108
86 109
86 110
86 122
86 126
86 127
87 2
87 6
87 7
87 8
87 10
87 11
87 12
87 13
87 14
87 17
87 18
87 21
87 23
87 26
87 27
87 29
87 31
87 32
87 33
87 38
87 39
87 42
87 43
87 45
87 47
87 48
87 49
87 51
87 52
87 55
87 58
87 59
87 60
87 62
87 65
87 67
87 69
87 71
87 72
87 75
87 77
87 80
87 81
87 82
87 83
87 84
87 87
87 88
87 89
87 93
87 96
87 97
87 98
87 100
87 101
87 103
87 104
87 106
87 108
87 109
87 110
87 111
87 114
87 116
87 117
87 120
87 124
87 125
88 2
88 4
88 8
88 11
88 12
88 14
88 16
88 17
88 18
88 19
88 20
88 21
88 22
88 26
88 27
88 28
88 29
88 30
88 32
88 33
88 34
88 35
88 36
88 37
88 40
88 41
88 43
88 47
88 48
88 51
88 53
88 54
88 56
88 57
88 58
88 61
88 63
88 64
88 65
88 67
88 69
88 70
88 71
88 72
88 74
88 78
88 79
88 81
88 83
88 84
88 85
88 88
88 89
88 90
88 91
88 92
88 95
88 96
88 99
88 100
88 101
88 102
88 103
88 105
88 106
88 108
88 109
88 110
88 112
88 113
88 114
88 115
88 118
88 120
88 124
88 125
88 126
88 127
89 5
89 6
89 7
89 8
89 9
89 10
89 11
89 12
89 13
89 15
89 17
89 18
89 22
89 28
89 29
89 32
89 33
89 36
89 37
89 38
89 39
89 40
89 41
89 43
89 45
89 46
89 49
89 51
89 54
89 55
89 56
89 59
89 60
89 61
89 62
89 63
89 64
89 67
89 68
89 71
89 77
89 78
89 79
89 81
89 82
89 85
89 89
89 94
89 95
89 96
89 103
89 105
89 109
89 110
89 111
89 112
89 114
89 115
89 117
89 118
89 120
89 121
89 125
89 126
89 127
90 6
90 8
90 10
90 11
90 12
90 13
90 15
90 17
90 19
90 20
90 21
90 28
90 31
90 32
90 33
90 34
90 35
90 43
90 44
90 45
90 46
90 47
90 48
90 51
90 52
90 56
90 59
90 64
90 68
90 69
90 71
90 78
90 80
90 82
90 84
90 86
90 88
90 89
90 90
90 91
90 92
90 93
90 97
90 98
90 100
90 101
90 102
90 104
90 106
90 107
90 110
90 112
90 113
90 117
90 122
90 124
91 2
91 6
91 7
91 8
91 9
91 11
91 13
91 14
91 16
91 17
91 18
91 19
91 23
91 25
91 30
91 31
91 32
91 33
91 37
91 39
91 41
91 43
91 44
91 45
91 46
91 47
91 48
91 49
91 51
91 54
91 55
91 56
91 57
91 58
91 59
91 60
91 61
91 65
91 66
91 69
91 70
91 71
91 72
91 73
91 74
91 76
91 78
91 79
91 82
91 83
91 84
91 85
91 86
91 87
91 88
91 89
91 90
91 92
91 93
91 95
91 97
91 100
91 101
91 105
91 106
91 108
91 111
91 113
91 114
91 119
91 121
91 123
91 124
92 1
92 2
92 3
92 4
92 5
92 7
92 8
92 9
92 12
92 13
92 16
92 18
92 21
92 22
92 25
92 27
92 28
92 29
92 30
92 32
92 33
92 34
92 36
92 38
92 39
92 44
92 45
92 49
92 50
92 51
92 52
92 53
92 54
92 56
92 58
92 62
92 63
92 65
92 67
92 68
92 70
92 71
92 72
92 73
92 74
92 78
92 79
92 80
92 81
92 83
92 84
92 85
92 86
92 88
92 89
92 90
92 91
92 93
92 94
92 95
92 98
92 102
92 103
92 105
92 106
92 108
92 111
92 114
92 116
92 117
92 120
92 126
92 127
93 0
93 1
93 4
93 5
93 6
93 7
93 8
93 10
93 11
93 17
93 19
93 20
93 24
93 26
93 28
93 29
93 30
93 31
93 35
93 37
93 40
93 41
93 43
93 44
93 46
93 50
93 51
93 52
93 54
93 55
93 56
93 57
93 59
93 64
93 65
93 66
93 67
93 68
93 74
93 75
93 77
93 78
93 79
93 84
93 85
93 86
93 88
93 89
93 90
93 91
93 93
93 94
93 95
93 97
93 98
93 99
93 102
93 103
93 109
93 110
93 113
93 115
93 116
93 119
93 121
93 122
93 124
93 126
93 127
94 0
94 3
94 4
94 5
94 7
94 8
94 11
94 12
94 13
94 14
94 15
94 16
94 29
94 32
94 33
94 35
94 37
94 38
94 41
94 42
94 46
94 50
94 52
94 53
94 55
94 56
94 57
94 60
94 62
94 65
94 66
94 67
94 70
94 77
94 78
94 81
94 86
94 87
94 89
94 91
94 96
94 97
94 99
94 100
94 101
94 104
94 106
94 107
94 109
94 110
94 112
94 113
94 115
94 117
94 118
94 119
94 121
94 122
94 123
94 126
95 1
95 7
95 8
95 11
95 16
95 17
95 20
95 22
95 25
95 29
95 30
95 36
95 38
95 43
95 44
95 54
95 56
95 59
95 60
95 62
95 63
95 64
95 65
95 66
95 67
95 68
95 70
95 75
95 76
95 77
95 78
95 79
95 85
95 89
95 91
95 95
95 97
95 98
95 99
95 100
95 101
95 102
95 103
95 106
95 109
95 111
95 112
95 113
95 114
95 115
95 117
95 119
95 120
95 123
95 124
95 125
95 127
96 0
96 2
96 5
96 6
96 8
96 13
96 18
96 20
96 21
96 23
96 24
96 26
96 28
96 29
96 30
96 31
96 33
96 36
96 38
96 39
96 42
96 43
96 44
96 45
96 47
96 50
96 51
96 52
96 53
96 54
96 56
96 59
96 60
96 62
96 63
96 64
96 65
96 66
96 70
96 72
96 73
96 77
96 78
96 83
96 84
96 85
96 86
96 87
96 88
96 94
96 96
96 97
96 109
96 110
96 113
96 114
96 115
96 116
96 117
96 119
96 121
96 124
96 126
97 0
97 1
97 3
97 4
97 5
97 7
97 8
97 11
97 13
97 17
97 21
97 23
97 25
97 29
97 30
97 31
97 32
97 35
97 38
97 39
97 41
97 42
97 43
97 44
97 46
97 47
97 48
97 50
97 51
97 52
97 54
97 56
97 57
97 59
97 62
97 63
97 67
97 68
97 74
97 75
97 77
97 81
97 88
97 89
97 91
97 93
97 94
97 96
97 98
97 101
97 102
97 103
97 107
97 109
97 110
97 111
97 112
97 114
97 115
97 116
97 117
97 118
97 121
97 122
97 126
97 127
98 3
98 11
98 12
98 17
98 21
98 23
98 24
98 25
98 27
98 28
98 31
98 34
98 36
98 37
98 38
98 40
98 41
98 43
98 44
98 46
98 47
98 48
98 50
98 51
98 53
98 54
98 57
98 58
98 59
98 60
98 62
98 63
98 64
98 66
98 68
98 69
98 70
98 71
98 73
98 74
98 75
98 78
98 79
98 80
98 81
98 88
98 90
98 91
98 94
98 97
98 98
98 100
98 101
98 105
98 106
98 108
98 109
98 111
98 112
98 116
98 119
98 120
98 121
98 122
98 123
98 124
98 126
98 127
99 0
99 3
99 5
99 9
99 10
99 11
99 14
99 16
99 18
99 24
99 25
99 31
99 32
99 33
99 34
99 37
99 38
99 41
99 51
99 52
99 53
99 55
99 56
99 57
99 61
99 62
99 63
99 65
99 67
99 69
99 70
99 71
99 73
99 75
99 78
99 81
99 82
99 83
99 84
99 89
99 90
99 91
99 92
99 93
99 94
99 96
99 98
99 103
99 104
99 105
99 106
99 107
99 108
99 109
99 111
99 112
99 117
99 119
99 120
99 122
99 123
99 127
100 0
100 1
100 2
100 3
100 5
100 7
100 12
100 13
100 16
100 18
100 21
100 22
100 26
100 29
100 32
100 34
100 35
100 36
100 41
100 44
100 45
100 46
100 47
100 48
100 52
100 54
100 56
100 57
100 58
100 59
100 60
100 66
100 71
100 72
100 75
100 76
100 80
100 82
100 85
100 86
100 87
100 88
100 93
100 94
100 95
100 96
100 98
100 99
100 101
100 102
100 103
100 104
100 105
100 106
100 109
100 112
100 113
100 114
100 117
100 118
100 119
100 122
100 125
100 127
101 0
101 1
101 2
101 3
101 6
101 7
101 9
101 11
101 12
101 14
101 17
101 18
101 19
101 20
101 21
101 24
101 26
101 27
101 28
101 34
101 35
101 36
101 39
101 41
101 42
101 43
101 44
101 45
101 48
101 50
101 52
101 53
101 55
101 60
101 61
101 63
101 64
101 65
101 66
101 69
101 70
101 71
101 75
101 78
101 80
101 81
101 82
101 83
101 84
101 85
101 87
101 94
101 95
101 96
101 98
101 100
101 104
101 105
101 107
101 108
101 109
101 114
101 116
101 117
101 121
101 126
101 127
102 1
102 6
102 7
102 13
102 15
102 16
102 17
102 18
102 20
102 21
102 22
102 24
102 25
102 29
102 30
102 31
102 34
102 35
102 38
102 39
102 40
102 41
102 42
102 43
102 45
102 46
102 48
102 49
102 51
102 52
102 60
102 62
102 63
102 64
102 67
102 69
102 71
102 73
102 74
102 75
102 80
102 82
102 89
102 90
102 91
102 92
102 93
102 95
102 96
102 97
102 98
102 102
102 105
102 106
102 113
102 116
102 118
102 120
102 123
102 125
102 126
102 127
103 0
103 1
103 2
103 6
103 7
103 8
103 9
103 10
103 13
103 15
103 16
103 18
103 21
103 22
103 23
103 27
103 36
103 40
103 42
103 44
103 45
103 47
103 48
103 52
103 53
103 55
103 56
103 57
103 58
103 60
103 62
103 63
103 65
103 66
103 71
103 72
103 74
103 76
103 77
103 78
103 79
103 81
103 82
103 84
103 85
103 88
103 94
103 96
103 99
103 101
103 109
103 111
103 112
103 116
103 117
103 118
103 119
103 123
103 126
103 127
104 2
104 3
104 5
104 6
104 9
104 15
104 16
104 17
104 19
104 20
104 21
104 22
104 24
104 25
104 26
104 27
104 28
104 29
104 30
104 33
104 34
104 35
104 36
104 37
104 39
104 42
104 45
104 48
104 50
104 52
104 53
104 62
104 64
104 65
104 66
104 69
104 70
104 73
104 74
104 76
104 77
104 78
104 81
104 82
104 83
104 86
104 89
104 91
104 92
104 93
104 94
104 95
104 96
104 99
104 100
104 103
104 104
104 105
104 107
104 108
104 111
104 112
104 113
104 115
104 116
104 117
104 118
104 119
104 120
104 122
104 123
104 126
104 127
105 1
105 2
105 5
105 6
105 14
105 15
105 18
105 21
105 22
105 24
105 27
105 29
105 30
105 32
105 35
105 36
105 37
105 40
105 41
105 44
105 46
105 47
105 48
105 49
105 50
105 52
105 54
105 55
105 56
105 58
105 59
105 60
105 63
105 68
105 69
105 70
105 71
105 72
105 73
105 74
105 75
105 77
105 79
105 80
105 84
105 86
105 87
105 89
105 92
105 93
105 94
105 95
105 98
105 99
105 100
105 103
105 104
105 107
105 109
105 110
105 113
105 114
105 119
105 123
105 124
105 125
105 126
105 127
106 2
106 3
106 6
106 7
106 9
106 10
106 12
106 13
106 14
106 15
106 18
106 19
106 20
106 22
106 23
106 24
106 32
106 34
106 38
106 39
106 43
106 44
106 45
106 47
106 48
106 49
106 52
106 54
106 56
106 57
106 65
106 66
106 69
106 71
106 72
106 73
106 74
106 76
106 79
106 80
106 83
106 84
106 86
106 91
106 94
106 98
106 100
106 102
106 103
106 106
106 107
106 108
106 109
106 110
106 112
106 113
106 114
106 115
106 118
106 119
106 121
106 122
106 123
106 125
106 126
107 0
107 7
107 8
107 11
107 14
107 15
107 16
107 26
107 29
107 30
107 31
107 32
107 36
107 38
107 40
107 41
107 43
107 49
107 50
107 54
107 56
107 58
107 63
107 64
107 65
107 68
107 71
107 74
107 75
107 79
107 83
107 84
107 87
107 91
107 93
107 94
107 96
107 100
107 102
107 103
107 106
107 109
107 115
107 117
107 118
107 119
107 121
107 122
107 125
107 127
108 1
108 6
108 10
108 11
108 16
108 18
108 20
108 22
108 23
108 24
108 25
108 26
108 33
108 39
108 40
108 43
108 46
108 49
108 51
108 54
108 57
108 59
108 62
108 63
108 68
108 69
108 70
108 71
108 72
108 83
108 84
108 85
108 86
108 87
108 90
108 91
108 92
108 94
108 97
108 99
108 101
108 103
108 105
108 106
108 107
108 108
108 110
108 113
108 118
108 119
108 120
108 121
108 123
108 124
109 0
109 3
109 5
109 13
109 14
109 16
109 17
109 19
109 20
109 21
109 22
109 23
109 27
109 28
109 29
109 30
109 31
109 32
109 34
109 35
109 37
109 40
109 41
109 42
109 43
109 45
109 46
109 47
109 48
109 49
109 50
109 52
109 53
109 54
109 56
109 59
109 61
109 64
109 65
109 66
109 67
109 68
109 71
109 72
109 73
109 74
109 78
109 83
109 86
109 88
109 89
109 92
109 96
109 97
109 98
109 99
109 101
109 104
109 105
109 106
109 107
109 110
109 112
109 113
109 114
109 119
109 120
109 121
109 122
109 125
109 126
109 127
110 0
110 1
110 2
110 3
110 5
110 7
110 8
110 9
110 17
110 20
110 21
110 30
110 31
110 32
110 36
110 37
110 38
110 39
110 40
110 42
110 44
110 46
110 47
110 49
110 50
110 51
110 53
110 55
110 59
110 60
110 62
110 63
110 64
110 65
110 67
110 74
110 75
110 79
110 81
110 82
110 83
110 84
110 85
110 86
110 90
110 91
110 93
110 95
110 97
110 99
110 102
110 104
110 108
110 110
110 114
110 116
110 117
110 118
110 119
110 120
110 121
110 123
110 126
110 127
111 0
111 2
111 3
111 7
111 9
111 10
111 12
111 13
111 14
111 18
111 21
111 24
111 25
111 27
111 28
111 30
111 32
111 34
111 35
111 37
111 38
111 42
111 46
111 49
111 51
111 52
111 54
111 59
111 63
111 64
111 66
111 67
111 68
111 69
111 70
111 73
111 74
111 76
111 77
111 78
111 80
111 81
111 83
111 84
111 85
111 95
111 96
111 97
111 99
111 100
111 101
111 104
111 105
111 107
111 108
111 111
111 113
111 115
111 116
111 117
111 118
111 121
111 122
111 123
111 125
111 126
112 0
112 1
112 2
112 6
112 7
112 8
112 9
112 10
112 12
112 13
112 14
112 16
112 18
112 21
112 22
112 24
112 26
112 29
112 30
112 31
112 32
112 33
112 35
112 36
112 37
112 41
112 42
112 44
112 46
112 48
112 49
112 51
112 52
112 54
112 57
112 58
112 66
112 67
112 70
112 71
112 75
112 77
112 78
112 79
112 80
112 83
112 86
112 89
112 90
112 91
112 92
112 93
112 94
112 97
112 98
112 100
112 101
112 102
112 103
112 105
112 106
112 110
112 111
112 115
112 119
112 120
112 126
113 0
113 4
113 6
113 7
113 9
113 10
113 11
113 12
113 14
113 15
113 16
113 17
113 18
113 19
113 23
113 24
113 25
113 26
113 27
113 35
113 38
113 39
113 40
113 42
113 43
113 47
113 50
113 54
113 56
113 58
113 60
113 61
113 64
113 66
113 68
113 70
113 71
113 74
113 76
113 79
113 80
113 81
113 82
113 84
113 85
113 86
113 88
113 89
113 90
113 91
113 95
113 96
113 97
113 101
113 103
113 104
113 108
113 110
113 113
113 114
113 115
113 117
113 118
113 121
113 123
113 125
113 126
114 1
114 6
114 8
114 13
114 16
114 17
114 18
114 21
114 22
114 24
114 25
114 28
114 29
114 31
114 34
114 35
114 37
114 38
114 43
114 46
114 47
114 52
114 53
114 55
114 57
114 59
114 61
114 62
114 63
114 65
114 72
114 73
114 79
114 80
114 82
114 83
114 84
114 85
114 87
114 89
114 92
114 93
114 94
114 95
114 98
114 99
114 100
114 101
114 102
114 105
114 106
114 108
114 112
114 114
114 116
114 117
114 118
114 119
114 120
114 121
114 123
114 126
115 0
115 2
115 3
115 7
115 8
115 10
115 11
115 13
115 15
115 17
115 18
115 19
115 21
115 22
115 24
115 27
115 29
115 30
115 32
115 33
115 34
115 36
115 38
115 42
115 44
115 51
115 55
115 56
115 57
115 58
115 61
115 62
115 75
115 76
115 77
115 78
115 79
115 80
115 82
115 90
115 92
115 96
115 97
115 101
115 103
115 106
115 111
115 114
115 115
115 116
115 119
115 121
115 122
115 124
115 127
116 0
116 1
116 2
116 3
116 4
116 11
116 14
116 18
116 21
116 22
116 25
116 31
116 34
116 35
116 37
116 38
116 40
116 42
116 43
116 44
116 46
116 47
116 48
116 50
116 53
116 54
116 55
116 57
116 62
116 63
116 65
116 67
116 69
116 70
116 73
116 77
116 81
116 82
116 83
116 84
116 87
116 89
116 92
116 94
116 96
116 100
116 104
116 107
116 108
116 111
116 115
116 117
116 118
116 119
116 120
116 121
116 122
116 124
116 126
116 127
117 1
117 2
117 3
117 12
117 13
117 15
117 18
117 19
117 20
117 22
117 23
117 25
117 33
117 35
117 36
117 37
117 42
117 43
117 45
117 46
117 47
117 50
117 51
117 52
117 53
117 56
117 58
117 59
117 63
117 66
117 68
117 70
117 71
117 73
117 78
117 79
117 81
117 82
117 84
117 85
117 87
117 89
117 93
117 95
117 96
117 99
117 100
117 104
117 109
117 111
117 113
117 114
117 115
117 116
117 119
117 120
117 122
117 123
117 125
118 2
118 4
118 5
118 7
118 8
118 9
118 11
118 12
118 13
118 14
118 15
118 16
118 17
118 18
118 19
118 20
118 22
118 23
118 24
118 25
118 26
118 27
118 29
118 30
118 32
118 35
118 37
118 40
118 44
118 48
118 50
118 52
118 58
118 59
118 61
118 68
118 69
118 71
118 72
118 73
118 74
118 76
118 78
118 79
118 82
118 83
118 85
118 87
118 88
118 89
118 91
118 97
118 100
118 102
118 107
118 109
118 112
118 113
118 119
118 122
118 126
119 0
119 1
119 2
119 3
119 4
119 5
119 6
119 8
119 11
119 12
119 13
119 14
119 15
119 19
119 25
119 26
119 31
119 32
119 34
119 35
119 38
119 39
119 40
119 41
119 43
119 46
119 48
119 49
119 50
119 55
119 57
119 60
119 61
119 62
119 67
119 68
119 69
119 71
119 72
119 74
119 76
119 78
119 82
119 83
119 84
119 90
119 91
119 93
119 94
119 95
119 96
119 99
119 101
119 102
119 105
119 107
119 108
119 110
119 111
119 113
119 115
119 116
119 117
119 118
119 120
119 124
120 1
120 2
120 4
120 5
120 6
120 7
120 8
120 10
120 12
120 16
120 19
120 23
120 26
120 34
120 37
120 39
120 40
120 41
120 47
120 49
120 51
120 53
120 55
120 59
120 60
120 61
120 62
120 63
120 65
120 66
120 69
120 70
120 71
120 84
120 85
120 86
120 87
120 89
120 92
120 93
120 94
120 99
120 101
120 103
120 105
120 107
120 110
120 111
120 114
120 118
120 119
120 121
120 124
120 125
121 1
121 3
121 7
121 9
121 10
121 13
121 15
121 16
121 17
121 18
121 19
121 20
121 22
121 25
121 37
121 40
121 41
121 42
121 43
121 44
121 46
121 47
121 49
121 50
121 52
121 53
121 55
121 56
121 59
121 62
121 65
121 66
121 68
121 69
121 71
121 72
121 74
121 75
121 78
121 79
121 81
121 83
121 88
121 91
121 92
121 93
121 94
121 95
121 98
121 100
121 114
121 120
121 124
121 126
122 3
122 4
122 5
122 10
122 11
122 13
122 15
122 17
122 20
122 25
122 27
122 33
122 34
122 35
122 36
122 38
122 41
122 46
122 48
122 49
122 53
122 54
122 57
122 59
122 60
122 64
122 66
122 67
122 68
122 69
122 70
122 72
122 74
122 75
122 77
122 78
122 79
122 80
122 81
122 82
122 85
122 86
122 87
122 88
122 92
122 93
122 94
122 95
122 96
122 99
122 102
122 103
122 106
122 108
122 111
122 116
122 120
122 121
122 125
122 127
123 0
123 1
123 2
123 4
123 5
123 6
123 7
123 9
123 10
123 13
123 16
123 19
123 20
123 22
123 24
123 25
123 26
123 28
123 30
123 34
123 37
123 38
123 40
123 41
123 42
123 43
123 46
123 50
123 52
123 54
123 57
123 63
123 66
123 67
123 68
123 71
123 74
123 76
123 80
123 81
123 83
123 84
123 87
123 88
123 89
123 90
123 101
123 102
123 105
123 108
123 109
123 111
123 114
123 115
123 117
123 119
123 121
123 123
123 124
123 127
124 0
124 1
124 2
124 4
124 10
124 14
124 15
124 17
124 18
124 19
124 20
124 24
124 26
124 28
124 30
124 36
124 43
124 45
124 49
124 50
124 51
124 52
124 54
124 57
124 60
124 62
124 63
124 66
124 71
124 72
124 73
124 74
124 75
124 77
124 78
124 79
124 80
124 81
124 82
124 84
124 85
124 87
124 88
124 89
124 90
124 91
124 92
124 93
124 94
124 96
124 99
124 104
124 107
124 115
124 116
124 119
124 120
124 121
124 122
124 124
124 125
124 126
125 0
125 3
125 4
125 5
125 8
125 9
125 14
125 16
125 17
125 19
125 20
125 21
125 26
125 28
125 31
125 32
125 33
125 34
125 35
125 36
125 37
125 38
125 40
125 41
125 45
125 46
125 50
125 51
125 54
125 55
125 59
125 60
125 61
125 64
125 66
125 68
125 69
125 72
125 77
125 80
125 82
125 84
125 89
125 92
125 94
125 97
125 98
125 100
125 105
125 106
125 107
125 111
125 113
125 115
125 116
125 117
125 118
125 121
125 123
125 127
126 2
126 4
126 5
126 7
126 10
126 14
126 16
126 17
126 18
126 19
126 21
126 23
126 24
126 27
126 28
126 29
126 30
126 32
126 33
126 34
126 35
126 36
126 40
126 42
126 44
126 46
126 48
126 49
126 51
126 52
126 53
126 55
126 59
126 61
126 63
126 65
126 67
126 68
126 70
126 72
126 73
126 74
126 75
126 76
126 77
126 78
126 79
126 80
126 81
126 83
126 84
126 85
126 87
126 89
126 91
126 93
126 94
126 96
126 100
126 101
126 102
126 105
126 107
126 108
126 109
126 112
126 113
126 115
126 117
126 118
126 119
126 120
126 121
126 122
126 124
126 125
126 126
126 127
127 0
127 5
127 8
127 11
127 15
127 17
127 18
127 19
127 21
127 23
127 25
127 29
127 32
127 35
127 37
127 39
127 42
127 43
127 47
127 49
127 51
127 53
127 54
127 56
127 60
127 62
127 66
127 72
127 73
127 75
127 76
127 77
127 82
127 87
127 92
127 95
127 96
127 102
127 103
127 104
127 105
127 106
127 107
127 108
127 110
127 116
127 121
127 122
127 124
127 125
127 126
