0 1
0 2
0 3
0 7
0 11
0 16
0 18
0 19
0 20
0 31
0 36
0 39
0 40
0 42
0 48
0 55
0 60
0 61
0 63
0 66
0 73
0 76
0 77
0 81
0 82
0 90
0 92
0 93
0 105
0 107
0 109
0 111
0 115
0 116
0 118
0 119
0 122
0 125
1 0
1 2
1 4
1 5
1 8
1 13
1 16
1 17
1 22
1 24
1 25
1 28
1 29
1 33
1 36
1 44
1 47
1 51
1 53
1 56
1 58
1 60
1 61
1 66
1 69
1 70
1 74
1 76
1 80
1 84
1 86
1 88
1 89
1 92
1 100
1 101
1 103
1 108
1 111
1 114
1 116
1 117
1 121
1 125
1 127
2 0
2 1
2 2
2 3
2 4
2 8
2 17
2 20
2 23
2 24
2 29
2 30
2 31
2 34
2 40
2 41
2 42
2 51
2 54
2 58
2 66
2 68
2 76
2 77
2 80
2 81
2 82
2 91
2 93
2 104
2 108
2 109
2 111
2 112
2 113
2 117
2 118
2 119
2 122
2 125
2 126
3 1
3 16
3 20
3 22
3 23
3 25
3 26
3 29
3 33
3 34
3 42
3 47
3 55
3 57
3 61
3 62
3 65
3 66
3 67
3 70
3 71
3 78
3 83
3 87
3 89
3 90
3 93
3 104
3 107
3 108
3 113
3 120
3 122
3 124
3 125
3 126
4 1
4 2
4 5
4 6
4 7
4 8
4 12
4 18
4 22
4 26
4 29
4 32
4 38
4 48
4 51
4 54
4 55
4 57
4 61
4 62
4 64
4 68
4 71
4 72
4 75
4 79
4 82
4 84
4 86
4 87
4 88
4 91
4 93
4 97
4 99
4 104
4 109
4 114
4 115
4 116
4 117
4 119
4 123
4 124
4 127
5 12
5 15
5 18
5 23
5 24
5 26
5 27
5 30
5 31
5 33
5 35
5 38
5 47
5 48
5 50
5 51
5 55
5 58
5 65
5 66
5 68
5 72
5 73
5 80
5 84
5 85
5 87
5 90
5 101
5 102
5 104
5 106
5 113
5 114
5 115
5 118
5 120
5 123
5 124
5 125
6 0
6 3
6 6
6 7
6 8
6 9
6 10
6 12
6 16
6 18
6 20
6 22
6 29
6 35
6 36
6 41
6 42
6 44
6 45
6 47
6 49
6 50
6 57
6 61
6 66
6 68
6 71
6 78
6 80
6 91
6 97
6 105
6 114
6 117
6 122
6 123
6 127
7 4
7 5
7 6
7 7
7 9
7 14
7 15
7 18
7 25
7 31
7 32
7 38
7 43
7 44
7 46
7 47
7 51
7 54
7 58
7 60
7 64
7 66
7 68
7 75
7 78
7 80
7 82
7 86
7 89
7 91
7 98
7 100
7 101
7 102
7 104
7 105
7 106
7 114
7 120
7 121
7 122
7 125
7 126
8 3
8 5
8 6
8 7
8 10
8 15
8 16
8 18
8 19
8 21
8 24
8 27
8 30
8 35
8 42
8 49
8 51
8 53
8 57
8 58
8 59
8 60
8 61
8 63
8 65
8 67
8 68
8 70
8 74
8 75
8 76
8 79
8 85
8 91
8 103
8 105
8 110
8 117
8 121
8 123
8 127
9 3
9 6
9 18
9 26
9 35
9 40
9 42
9 43
9 44
9 50
9 52
9 55
9 57
9 59
9 60
9 62
9 72
9 77
9 83
9 87
9 92
9 101
9 102
9 103
9 106
9 107
9 109
9 112
9 114
9 116
9 122
9 126
10 8
10 9
10 11
10 16
10 21
10 23
10 24
10 25
10 38
10 42
10 48
10 52
10 54
10 61
10 63
10 65
10 67
10 68
10 76
10 80
10 81
10 85
10 89
10 90
10 91
10 92
10 98
10 102
10 106
10 108
10 109
10 113
10 120
10 121
10 123
10 124
10 125
10 126
11 3
11 8
11 14
11 16
11 22
11 28
11 29
11 30
11 33
11 36
11 37
11 39
11 44
11 46
11 48
11 50
11 55
11 58
11 60
11 63
11 69
11 72
11 74
11 76
11 82
11 83
11 91
11 104
11 107
11 108
11 110
11 112
11 113
11 114
11 117
11 118
11 119
11 120
12 5
12 6
12 9
12 11
12 15
12 16
12 17
12 19
12 20
12 24
12 25
12 33
12 35
12 40
12 41
12 45
12 55
12 56
12 58
12 63
12 66
12 70
12 71
12 73
12 76
12 78
12 80
12 86
12 88
12 91
12 98
12 100
12 103
12 105
12 106
12 107
12 117
12 121
12 124
13 5
13 11
13 12
13 15
13 17
13 20
13 24
13 25
13 27
13 30
13 32
13 34
13 39
13 40
13 42
13 43
13 48
13 53
13 58
13 60
13 69
13 70
13 71
13 74
13 87
13 90
13 92
13 93
13 95
13 97
13 121
13 125
13 127
14 0
14 6
14 7
14 8
14 10
14 11
14 13
14 16
14 17
14 19
14 24
14 32
14 33
14 36
14 37
14 39
14 42
14 43
14 45
14 47
14 53
14 61
14 65
14 66
14 67
14 69
14 72
14 74
14 75
14 78
14 79
14 83
14 86
14 87
14 88
14 94
14 98
14 99
14 102
14 106
14 109
14 111
14 112
14 116
14 119
14 120
14 126
15 4
15 5
15 9
15 10
15 11
15 12
15 20
15 23
15 27
15 28
15 29
15 30
15 33
15 36
15 39
15 44
15 52
15 54
15 55
15 56
15 62
15 63
15 64
15 76
15 79
15 83
15 85
15 89
15 92
15 95
15 96
15 98
15 107
15 108
15 109
15 118
15 119
15 120
16 0
16 1
16 3
16 6
16 10
16 14
16 15
16 22
16 23
16 25
16 29
16 31
16 32
16 33
16 34
16 35
16 38
16 51
16 52
16 63
16 65
16 67
16 76
16 80
16 89
16 92
16 95
16 96
16 101
16 105
16 107
16 112
16 113
16 119
16 120
16 121
16 123
16 127
17 1
17 2
17 8
17 10
17 14
17 15
17 22
17 28
17 30
17 33
17 34
17 38
17 45
17 46
17 48
17 49
17 50
17 55
17 59
17 60
17 61
17 63
17 65
17 66
17 68
17 71
17 73
17 78
17 83
17 88
17 89
17 101
17 103
17 108
17 110
17 114
17 118
17 122
17 126
18 0
18 3
18 5
18 10
18 14
18 19
18 21
18 22
18 25
18 26
18 33
18 35
18 36
18 38
18 39
18 40
18 41
18 44
18 50
18 52
18 55
18 58
18 66
18 69
18 73
18 74
18 76
18 77
18 80
18 83
18 87
18 89
18 92
18 97
18 104
18 105
18 107
18 111
18 114
18 120
18 123
18 125
18 127
19 4
19 12
19 13
19 14
19 15
19 19
19 21
19 28
19 31
19 33
19 36
19 38
19 39
19 40
19 42
19 43
19 45
19 55
19 58
19 59
19 60
19 61
19 65
19 66
19 67
19 70
19 76
19 81
19 84
19 85
19 87
19 90
19 96
19 97
19 98
19 102
19 103
19 105
19 108
19 109
19 111
19 114
19 116
19 118
19 122
19 124
19 126
20 3
20 8
20 11
20 12
20 13
20 15
20 18
20 29
20 30
20 31
20 33
20 39
20 41
20 44
20 47
20 48
20 51
20 56
20 62
20 64
20 66
20 68
20 71
20 73
20 75
20 79
20 80
20 81
20 89
20 90
20 93
20 97
20 99
20 100
20 101
20 103
20 108
20 109
20 112
20 113
20 114
20 121
20 124
20 125
21 4
21 5
21 9
21 15
21 19
21 20
21 23
21 31
21 33
21 35
21 41
21 45
21 48
21 50
21 53
21 54
21 58
21 60
21 63
21 75
21 76
21 79
21 80
21 83
21 84
21 88
21 90
21 91
21 95
21 96
21 99
21 103
21 107
21 113
21 121
22 1
22 4
22 8
22 10
22 11
22 14
22 15
22 18
22 19
22 28
22 31
22 38
22 39
22 44
22 48
22 50
22 59
22 67
22 71
22 76
22 79
22 80
22 84
22 85
22 86
22 89
22 93
22 101
22 104
22 108
22 111
22 113
22 115
22 118
22 121
22 123
23 2
23 3
23 12
23 14
23 18
23 24
23 25
23 26
23 27
23 36
23 39
23 41
23 43
23 46
23 47
23 50
23 52
23 53
23 58
23 68
23 73
23 79
23 80
23 83
23 84
23 85
23 90
23 93
23 95
23 98
23 100
23 115
23 118
23 123
24 5
24 7
24 8
24 12
24 13
24 16
24 23
24 30
24 35
24 36
24 39
24 40
24 56
24 57
24 60
24 62
24 69
24 82
24 86
24 90
24 93
24 99
24 101
24 107
24 111
24 113
24 117
24 126
25 5
25 8
25 9
25 12
25 15
25 16
25 23
25 24
25 29
25 33
25 38
25 40
25 43
25 47
25 57
25 58
25 67
25 69
25 75
25 79
25 83
25 86
25 87
25 88
25 91
25 93
25 101
25 105
25 109
25 111
25 114
25 123
25 125
26 6
26 13
26 15
26 25
26 26
26 27
26 32
26 33
26 45
26 58
26 59
26 60
26 62
26 73
26 79
26 86
26 87
26 93
26 95
26 99
26 101
26 103
26 105
26 108
26 110
26 114
26 123
26 126
27 0
27 5
27 6
27 9
27 14
27 20
27 31
27 37
27 38
27 42
27 44
27 45
27 49
27 50
27 51
27 54
27 55
27 58
27 63
27 67
27 75
27 76
27 77
27 80
27 84
27 86
27 92
27 93
27 97
27 107
27 112
27 119
27 125
27 127
28 5
28 11
28 12
28 13
28 15
28 19
28 20
28 22
28 24
28 28
28 29
28 35
28 42
28 43
28 45
28 47
28 50
28 54
28 58
28 60
28 61
28 64
28 67
28 68
28 72
28 74
28 84
28 88
28 89
28 104
28 105
28 108
28 112
28 117
28 118
28 119
28 122
29 4
29 5
29 8
29 14
29 15
29 22
29 26
29 27
29 33
29 37
29 41
29 45
29 46
29 52
29 55
29 58
29 66
29 67
29 76
29 79
29 84
29 89
29 90
29 93
29 96
29 98
29 100
29 110
29 112
29 113
29 119
29 120
30 3
30 5
30 7
30 11
30 12
30 13
30 15
30 21
30 22
30 23
30 24
30 32
30 34
30 45
30 48
30 49
30 51
30 59
30 69
30 70
30 71
30 74
30 75
30 76
30 78
30 79
30 80
30 82
30 87
30 89
30 105
30 106
30 115
30 120
30 122
30 124
31 1
31 7
31 12
31 15
31 19
31 22
31 23
31 25
31 27
31 28
31 29
31 35
31 42
31 43
31 49
31 58
31 63
31 64
31 65
31 68
31 69
31 71
31 73
31 74
31 76
31 77
31 82
31 83
31 86
31 87
31 92
31 98
31 112
31 114
31 118
31 119
31 121
31 125
31 126
31 127
32 2
32 5
32 13
32 15
32 17
32 19
32 23
32 25
32 29
32 34
32 36
32 40
32 42
32 44
32 45
32 49
32 50
32 53
32 55
32 64
32 67
32 68
32 69
32 70
32 71
32 77
32 79
32 85
32 87
32 89
32 90
32 91
32 97
32 98
32 102
32 103
32 105
32 106
32 107
32 108
32 109
32 111
32 114
32 116
32 122
32 125
32 127
33 5
33 7
33 8
33 19
33 28
33 34
33 40
33 44
33 46
33 50
33 57
33 61
33 62
33 66
33 69
33 71
33 74
33 77
33 82
33 86
33 91
33 92
33 98
33 112
33 113
33 114
33 116
33 123
33 127
34 5
34 6
34 12
34 15
34 16
34 19
34 21
34 23
34 34
34 36
34 42
34 43
34 48
34 52
34 59
34 61
34 62
34 68
34 76
34 81
34 84
34 86
34 87
34 90
34 93
34 95
34 97
34 98
34 99
34 100
34 102
34 110
34 112
34 119
34 121
34 124
35 0
35 2
35 3
35 4
35 6
35 8
35 11
35 14
35 21
35 23
35 24
35 31
35 34
35 36
35 39
35 42
35 45
35 46
35 47
35 52
35 56
35 58
35 59
35 60
35 71
35 72
35 83
35 88
35 92
35 94
35 98
35 99
35 100
35 102
35 103
35 104
35 108
35 109
35 116
35 117
35 118
35 120
36 0
36 4
36 5
36 7
36 12
36 14
36 21
36 28
36 30
36 37
36 38
36 47
36 61
36 67
36 75
36 80
36 84
36 85
36 95
36 111
36 112
36 113
36 120
37 1
37 4
37 7
37 8
37 9
37 11
37 14
37 21
37 25
37 30
37 32
37 34
37 35
37 36
37 43
37 46
37 49
37 51
37 52
37 58
37 59
37 67
37 70
37 72
37 78
37 80
37 85
37 89
37 92
37 93
37 95
37 100
37 101
37 103
37 109
37 112
37 114
37 116
37 117
37 119
37 120
37 121
37 122
38 7
38 13
38 16
38 17
38 21
38 24
38 30
38 32
38 34
38 41
38 45
38 49
38 50
38 51
38 53
38 55
38 59
38 63
38 64
38 66
38 67
38 73
38 76
38 80
38 81
38 82
38 84
38 86
38 91
38 92
38 100
38 102
38 109
38 110
38 111
38 113
38 114
38 116
38 122
38 126
38 127
39 0
39 2
39 5
39 6
39 11
39 15
39 16
39 19
39 21
39 22
39 23
39 26
39 27
39 33
39 35
39 36
39 37
39 43
39 46
39 51
39 54
39 55
39 59
39 62
39 66
39 67
39 69
39 70
39 71
39 74
39 76
39 78
39 79
39 80
39 81
39 82
39 85
39 86
39 87
39 94
39 99
39 100
39 106
39 119
39 123
39 124
39 125
39 127
40 0
40 4
40 5
40 7
40 10
40 12
40 13
40 16
40 18
40 22
40 24
40 25
40 27
40 36
40 40
40 45
40 46
40 47
40 54
40 55
40 60
40 62
40 65
40 66
40 68
40 70
40 76
40 77
40 79
40 80
40 84
40 86
40 95
40 98
40 100
40 104
40 107
40 109
40 111
40 120
40 123
40 126
41 1
41 3
41 5
41 6
41 10
41 11
41 12
41 14
41 15
41 20
41 22
41 23
41 33
41 34
41 39
41 44
41 48
41 50
41 58
41 61
41 62
41 72
41 78
41 80
41 86
41 88
41 89
41 92
41 96
41 99
41 103
41 105
41 108
41 110
41 121
41 123
41 124
41 127
42 2
42 8
42 16
42 17
42 20
42 21
42 24
42 26
42 27
42 33
42 35
42 36
42 38
42 41
42 48
42 52
42 54
42 56
42 57
42 58
42 62
42 66
42 67
42 69
42 74
42 78
42 80
42 83
42 84
42 93
42 96
42 98
42 99
42 100
42 101
42 104
42 108
42 109
42 111
42 116
42 117
42 122
43 13
43 14
43 18
43 20
43 23
43 24
43 27
43 28
43 30
43 32
43 34
43 44
43 50
43 54
43 59
43 61
43 64
43 68
43 80
43 81
43 84
43 89
43 99
43 101
43 110
43 112
43 116
43 123
44 1
44 2
44 4
44 5
44 10
44 12
44 14
44 16
44 17
44 21
44 22
44 24
44 31
44 33
44 35
44 36
44 38
44 42
44 44
44 50
44 53
44 54
44 62
44 63
44 66
44 78
44 80
44 81
44 82
44 84
44 85
44 88
44 92
44 94
44 95
44 96
44 98
44 99
44 101
44 105
44 106
44 109
44 114
44 115
44 119
44 124
44 127
45 5
45 6
45 15
45 19
45 22
45 26
45 35
45 40
45 44
45 49
45 53
45 57
45 59
45 62
45 64
45 66
45 67
45 68
45 73
45 75
45 76
45 79
45 80
45 82
45 83
45 89
45 90
45 92
45 93
45 97
45 98
45 107
45 109
45 110
45 112
45 113
45 115
45 122
45 124
45 127
46 0
46 1
46 9
46 15
46 19
46 23
46 24
46 32
46 33
46 43
46 44
46 49
46 53
46 54
46 59
46 62
46 65
46 71
46 73
46 75
46 80
46 83
46 86
46 87
46 88
46 89
46 101
46 106
46 107
46 110
46 113
46 114
46 116
46 118
46 121
46 124
47 1
47 2
47 3
47 4
47 8
47 9
47 12
47 13
47 21
47 22
47 23
47 24
47 25
47 30
47 32
47 33
47 34
47 39
47 41
47 48
47 49
47 52
47 53
47 55
47 57
47 63
47 68
47 69
47 71
47 76
47 77
47 78
47 84
47 85
47 88
47 93
47 95
47 98
47 100
47 101
47 118
47 119
47 122
47 123
48 4
48 5
48 7
48 9
48 15
48 16
48 17
48 19
48 20
48 32
48 34
48 35
48 37
48 46
48 56
48 58
48 59
48 63
48 67
48 68
48 72
48 75
48 81
48 86
48 88
48 95
48 98
48 100
48 101
48 107
48 109
48 111
48 112
48 114
48 117
48 121
48 122
48 125
49 3
49 10
49 12
49 18
49 19
49 21
49 27
49 34
49 38
49 39
49 41
49 50
49 52
49 53
49 60
49 70
49 71
49 73
49 77
49 78
49 84
49 87
49 91
49 95
49 100
49 103
49 106
49 107
49 108
49 116
49 118
49 123
49 127
50 0
50 1
50 16
50 18
50 24
50 25
50 26
50 30
50 32
50 33
50 34
50 35
50 39
50 43
50 47
50 49
50 50
50 52
50 57
50 58
50 71
50 77
50 79
50 83
50 90
50 92
50 93
50 95
50 101
50 107
50 111
50 113
50 114
50 116
50 117
50 118
50 120
50 122
50 125
50 126
50 127
51 0
51 1
51 2
51 7
51 8
51 10
51 15
51 16
51 17
51 18
51 20
51 25
51 27
51 30
51 39
51 40
51 43
51 45
51 53
51 58
51 59
51 61
51 62
51 66
51 73
51 75
51 77
51 81
51 86
51 93
51 94
51 96
51 102
51 109
51 115
51 117
51 118
51 119
51 120
51 123
51 124
52 5
52 6
52 7
52 8
52 11
52 17
52 19
52 20
52 27
52 28
52 29
52 34
52 35
52 40
52 43
52 45
52 46
52 50
52 51
52 52
52 59
52 64
52 65
52 66
52 68
52 70
52 74
52 82
52 85
52 88
52 89
52 93
52 96
52 98
52 101
52 105
52 106
52 107
52 110
52 111
52 112
52 114
52 115
52 118
52 120
52 125
52 126
53 1
53 4
53 5
53 6
53 7
53 8
53 9
53 10
53 13
53 14
53 18
53 22
53 24
53 25
53 26
53 28
53 32
53 33
53 35
53 37
53 40
53 41
53 45
53 46
53 48
53 53
53 56
53 63
53 75
53 82
53 85
53 86
53 89
53 90
53 91
53 92
53 93
53 95
53 107
53 109
53 115
53 116
53 119
53 122
53 124
53 125
54 10
54 12
54 13
54 14
54 18
54 20
54 23
54 35
54 39
54 42
54 43
54 44
54 45
54 51
54 56
54 64
54 67
54 70
54 76
54 77
54 86
54 88
54 92
54 93
54 95
54 99
54 102
54 104
54 107
54 108
54 112
54 114
54 117
54 119
54 122
54 127
55 0
55 5
55 6
55 14
55 18
55 19
55 24
55 33
55 40
55 42
55 44
55 50
55 51
55 54
55 56
55 59
55 60
55 61
55 63
55 65
55 66
55 68
55 70
55 85
55 86
55 88
55 91
55 92
55 95
55 101
55 106
55 110
55 112
55 113
55 119
55 120
55 126
56 5
56 11
56 12
56 14
56 19
56 24
56 27
56 28
56 32
56 36
56 44
56 53
56 67
56 69
56 70
56 72
56 73
56 75
56 77
56 80
56 83
56 84
56 85
56 86
56 87
56 88
56 94
56 112
56 115
56 118
56 119
56 124
56 125
56 127
57 1
57 3
57 7
57 8
57 10
57 11
57 16
57 25
57 30
57 33
57 34
57 37
57 40
57 41
57 44
57 46
57 50
57 55
57 56
57 58
57 61
57 70
57 72
57 76
57 79
57 82
57 84
57 85
57 86
57 90
57 91
57 92
57 93
57 94
57 95
57 99
57 101
57 104
57 108
57 113
57 115
57 116
57 120
57 121
57 123
57 125
57 126
57 127
58 4
58 13
58 15
58 20
58 23
58 25
58 27
58 33
58 37
58 39
58 47
58 51
58 52
58 54
58 55
58 56
58 60
58 61
58 64
58 65
58 66
58 67
58 71
58 74
58 77
58 80
58 83
58 85
58 86
58 89
58 95
58 96
58 102
58 107
58 108
58 114
58 117
58 122
58 127
59 6
59 11
59 16
59 17
59 18
59 23
59 24
59 27
59 28
59 33
59 39
59 42
59 44
59 45
59 46
59 47
59 48
59 49
59 55
59 58
59 62
59 65
59 68
59 70
59 74
59 76
59 80
59 83
59 87
59 90
59 97
59 98
59 99
59 100
59 101
59 103
59 105
59 111
59 114
59 115
59 118
59 122
59 126
60 3
60 4
60 6
60 8
60 11
60 12
60 13
60 20
60 23
60 33
60 35
60 36
60 40
60 42
60 50
60 52
60 53
60 56
60 60
60 63
60 66
60 69
60 74
60 75
60 78
60 80
60 85
60 86
60 93
60 95
60 104
60 106
60 109
60 110
60 117
60 122
60 126
60 127
61 3
61 8
61 11
61 12
61 14
61 16
61 18
61 24
61 26
61 27
61 31
61 55
61 56
61 57
61 59
61 62
61 64
61 65
61 67
61 69
61 72
61 76
61 81
61 89
61 91
61 93
61 94
61 96
61 97
61 99
61 100
61 102
61 103
61 114
61 118
61 120
61 121
61 125
62 1
62 3
62 9
62 13
62 19
62 20
62 24
62 26
62 28
62 31
62 32
62 33
62 35
62 38
62 45
62 48
62 50
62 51
62 55
62 60
62 63
62 64
62 66
62 69
62 71
62 78
62 79
62 82
62 84
62 85
62 87
62 90
62 93
62 96
62 99
62 100
62 101
62 102
62 103
62 105
62 107
62 108
62 111
62 113
62 114
62 115
62 118
62 122
63 4
63 7
63 9
63 10
63 17
63 18
63 21
63 22
63 25
63 26
63 30
63 34
63 46
63 48
63 52
63 55
63 59
63 60
63 61
63 65
63 75
63 76
63 77
63 78
63 80
63 83
63 84
63 85
63 87
63 88
63 89
63 91
63 93
63 94
63 96
63 98
63 104
63 105
63 111
63 116
63 117
63 118
63 120
63 125
64 0
64 2
64 3
64 5
64 6
64 9
64 10
64 12
64 14
64 15
64 18
64 23
64 26
64 27
64 28
64 30
64 31
64 33
64 39
64 41
64 45
64 52
64 66
64 67
64 69
64 71
64 76
64 81
64 82
64 86
64 90
64 91
64 94
64 95
64 97
64 98
64 101
64 102
64 108
64 109
64 113
64 116
64 117
64 118
64 122
64 123
64 125
65 0
65 11
65 24
65 25
65 33
65 39
65 47
65 50
65 56
65 58
65 60
65 62
65 65
65 68
65 71
65 73
65 75
65 77
65 79
65 80
65 81
65 88
65 92
65 99
65 104
65 109
65 111
65 119
65 123
65 125
66 2
66 8
66 12
66 18
66 19
66 24
66 32
66 35
66 37
66 45
66 47
66 48
66 49
66 51
66 54
66 56
66 57
66 62
66 65
66 68
66 69
66 71
66 72
66 76
66 79
66 82
66 86
66 87
66 92
66 93
66 94
66 99
66 102
66 106
66 107
66 108
66 110
66 112
66 115
66 116
66 117
66 118
66 120
66 121
66 124
66 125
67 3
67 12
67 16
67 27
67 37
67 43
67 47
67 53
67 54
67 56
67 72
67 78
67 81
67 84
67 93
67 96
67 100
67 102
67 103
67 106
67 111
67 112
67 113
67 115
67 117
67 118
67 126
68 8
68 18
68 19
68 21
68 29
68 30
68 34
68 39
68 45
68 46
68 51
68 52
68 53
68 54
68 57
68 58
68 59
68 62
68 66
68 71
68 73
68 74
68 86
68 90
68 92
68 93
68 101
68 104
68 106
68 108
68 110
68 111
68 117
68 120
68 127
69 0
69 3
69 6
69 8
69 12
69 14
69 16
69 17
69 18
69 19
69 21
69 22
69 24
69 28
69 31
69 32
69 33
69 35
69 36
69 38
69 40
69 42
69 43
69 44
69 49
69 51
69 55
69 57
69 60
69 61
69 65
69 66
69 68
69 69
69 70
69 71
69 83
69 87
69 88
69 96
69 97
69 98
69 102
69 105
69 112
69 113
69 119
69 125
70 7
70 9
70 10
70 13
70 14
70 26
70 29
70 31
70 32
70 34
70 35
70 37
70 39
70 40
70 41
70 45
70 49
70 57
70 59
70 60
70 61
70 67
70 76
70 81
70 83
70 84
70 94
70 102
70 103
70 104
70 105
70 106
70 107
70 109
70 114
70 115
70 116
70 120
70 127
71 4
71 14
71 23
71 24
71 29
71 33
71 37
71 39
71 40
71 45
71 46
71 47
71 51
71 52
71 56
71 59
71 61
71 63
71 67
71 69
71 73
71 75
71 76
71 79
71 81
71 82
71 83
71 86
71 88
71 93
71 98
71 107
71 108
71 110
71 118
71 119
71 120
71 121
71 122
71 123
71 124
72 8
72 11
72 13
72 23
72 29
72 30
72 32
72 38
72 39
72 42
72 46
72 47
72 53
72 57
72 58
72 61
72 63
72 64
72 65
72 66
72 67
72 69
72 70
72 79
72 86
72 94
72 97
72 98
72 110
72 116
72 117
72 122
73 0
73 7
73 13
73 16
73 27
73 29
73 30
73 31
73 32
73 34
73 36
73 38
73 49
73 51
73 56
73 58
73 65
73 67
73 72
73 73
73 74
73 77
73 79
73 81
73 82
73 86
73 89
73 95
73 97
73 98
73 103
73 108
73 114
73 122
73 127
74 0
74 2
74 3
74 4
74 14
74 16
74 24
74 26
74 29
74 32
74 37
74 40
74 44
74 47
74 48
74 59
74 61
74 62
74 63
74 66
74 71
74 73
74 74
74 75
74 77
74 79
74 81
74 83
74 90
74 92
74 94
74 105
74 110
74 111
74 112
74 117
74 119
74 121
74 124
74 125
74 126
75 1
75 4
75 9
75 15
75 26
75 27
75 28
75 30
75 33
75 42
75 44
75 45
75 49
75 59
75 60
75 62
75 63
75 68
75 69
75 72
75 78
75 82
75 88
75 90
75 91
75 96
75 98
75 110
75 111
75 115
75 116
75 117
75 119
75 123
75 124
75 125
76 0
76 3
76 5
76 6
76 7
76 9
76 11
76 12
76 13
76 20
76 21
76 34
76 35
76 39
76 44
76 47
76 48
76 51
76 59
76 60
76 65
76 67
76 70
76 75
76 76
76 84
76 86
76 89
76 91
76 92
76 94
76 95
76 105
76 107
76 112
76 115
76 116
76 117
76 118
76 120
77 0
77 2
77 3
77 8
77 10
77 11
77 12
77 13
77 16
77 20
77 21
77 23
77 27
77 31
77 32
77 34
77 39
77 43
77 44
77 46
77 53
77 56
77 59
77 60
77 64
77 65
77 66
77 69
77 72
77 76
77 79
77 86
77 89
77 90
77 91
77 92
77 94
77 96
77 99
77 102
77 104
77 105
77 110
77 113
77 116
77 118
77 121
77 122
77 124
77 125
78 0
78 3
78 4
78 6
78 12
78 14
78 18
78 21
78 22
78 30
78 31
78 32
78 35
78 42
78 44
78 47
78 51
78 54
78 58
78 60
78 63
78 72
78 77
78 82
78 84
78 85
78 86
78 91
78 93
78 95
78 102
78 105
78 107
78 110
78 112
78 118
78 119
78 125
78 127
79 0
79 2
79 3
79 5
79 6
79 8
79 10
79 14
79 15
79 28
79 30
79 35
79 37
79 38
79 42
79 43
79 46
79 47
79 49
79 50
79 51
79 54
79 59
79 60
79 68
79 73
79 75
79 76
79 77
79 79
79 84
79 86
79 87
79 96
79 97
79 98
79 99
79 100
79 102
79 103
79 104
79 105
79 107
79 113
79 116
79 119
79 123
79 124
80 1
80 2
80 4
80 5
80 6
80 8
80 14
80 15
80 16
80 17
80 18
80 20
80 22
80 27
80 32
80 36
80 49
80 53
80 54
80 57
80 59
80 61
80 66
80 67
80 70
80 78
80 80
80 82
80 84
80 86
80 89
80 92
80 94
80 102
80 103
80 105
80 107
80 109
80 110
80 114
80 124
80 126
80 127
81 4
81 5
81 6
81 10
81 11
81 21
81 23
81 24
81 26
81 30
81 31
81 34
81 36
81 37
81 40
81 43
81 44
81 51
81 54
81 62
81 67
81 69
81 71
81 74
81 75
81 77
81 80
81 82
81 83
81 93
81 94
81 96
81 97
81 99
81 100
81 102
81 104
81 107
81 109
81 111
81 112
81 114
81 116
82 1
82 2
82 3
82 11
82 12
82 20
82 26
82 30
82 34
82 38
82 42
82 43
82 44
82 46
82 51
82 53
82 54
82 58
82 60
82 64
82 65
82 71
82 81
82 82
82 88
82 96
82 106
82 107
82 108
82 110
82 111
82 115
82 120
82 121
82 123
82 124
82 126
83 4
83 8
83 9
83 19
83 20
83 23
83 25
83 26
83 27
83 29
83 30
83 32
83 33
83 35
83 36
83 38
83 42
83 46
83 48
83 49
83 50
83 53
83 56
83 60
83 61
83 64
83 65
83 66
83 79
83 85
83 89
83 90
83 93
83 95
83 96
83 97
83 100
83 103
83 105
83 106
83 111
83 112
83 116
83 121
83 123
84 1
84 11
84 18
84 19
84 30
84 36
84 38
84 48
84 49
84 50
84 52
84 58
84 60
84 61
84 62
84 66
84 68
84 78
84 79
84 83
84 86
84 90
84 92
84 93
84 95
84 98
84 99
84 101
84 104
84 106
84 107
84 111
84 113
84 116
84 125
84 127
85 2
85 5
85 8
85 9
85 10
85 12
85 13
85 15
85 16
85 17
85 19
85 27
85 29
85 36
85 37
85 40
85 41
85 43
85 46
85 56
85 61
85 65
85 68
85 70
85 71
85 74
85 78
85 82
85 90
85 93
85 101
85 104
85 105
85 108
85 110
85 118
85 120
85 122
85 127
86 0
86 1
86 3
86 6
86 12
86 13
86 15
86 16
86 17
86 18
86 22
86 30
86 34
86 35
86 36
86 37
86 44
86 48
86 54
86 55
86 58
86 62
86 65
86 73
86 74
86 77
86 78
86 81
86 82
86 83
86 85
86 86
86 87
86 90
86 93
86 95
86 97
86 99
86 103
86 106
86 115
86 118
86 125
86 126
86 127
87 10
87 14
87 17
87 18
87 22
87 30
87 34
87 35
87 38
87 39
87 40
87 42
87 43
87 47
87 53
87 55
87 57
87 63
87 64
87 70
87 71
87 74
87 80
87 82
87 83
87 84
87 85
87 88
87 90
87 94
87 95
87 99
87 109
87 113
87 116
87 117
87 119
87 125
88 14
88 17
88 19
88 20
88 21
88 23
88 28
88 31
88 32
88 33
88 42
88 45
88 46
88 49
88 53
88 58
88 61
88 63
88 64
88 68
88 72
88 75
88 80
88 81
88 83
88 88
88 89
88 91
88 94
88 95
88 114
88 120
88 124
89 4
89 5
89 11
89 12
89 14
89 18
89 21
89 23
89 33
89 40
89 42
89 47
89 50
89 56
89 58
89 60
89 61
89 64
89 70
89 71
89 73
89 79
89 80
89 92
89 95
89 96
89 99
89 100
89 102
89 103
89 105
89 106
89 116
89 117
89 119
89 120
89 126
90 6
90 9
90 10
90 11
90 17
90 23
90 24
90 25
90 26
90 32
90 36
90 49
90 50
90 55
90 56
90 61
90 63
90 64
90 65
90 71
90 74
90 75
90 76
90 80
90 87
90 90
90 95
90 97
90 98
90 99
90 102
90 105
90 107
90 109
90 110
90 113
90 114
90 117
91 3
91 7
91 11
91 12
91 13
91 14
91 18
91 20
91 21
91 23
91 27
91 30
91 35
91 38
91 39
91 42
91 47
91 48
91 54
91 55
91 57
91 59
91 60
91 61
91 67
91 68
91 70
91 75
91 82
91 92
91 97
91 100
91 109
91 122
92 0
92 5
92 19
92 28
92 31
92 32
92 33
92 34
92 35
92 43
92 45
92 46
92 50
92 54
92 59
92 60
92 62
92 63
92 65
92 66
92 73
92 85
92 86
92 88
92 92
92 95
92 99
92 103
92 104
92 113
92 114
92 116
92 119
92 121
92 122
92 124
92 127
93 1
93 2
93 4
93 12
93 17
93 20
93 21
93 32
93 34
93 37
93 54
93 59
93 66
93 67
93 75
93 77
93 82
93 83
93 90
93 91
93 94
93 97
93 99
93 107
93 110
93 111
93 113
93 114
93 116
93 121
93 122
93 123
93 127
94 3
94 17
94 23
94 32
94 38
94 44
94 49
94 53
94 56
94 64
94 65
94 70
94 71
94 73
94 74
94 76
94 77
94 78
94 82
94 86
94 88
94 89
94 90
94 94
94 102
94 105
94 107
94 110
94 117
94 119
94 123
94 124
95 2
95 11
95 12
95 13
95 22
95 24
95 26
95 30
95 35
95 37
95 40
95 45
95 49
95 52
95 53
95 54
95 57
95 59
95 62
95 64
95 66
95 68
95 77
95 78
95 81
95 84
95 90
95 91
95 94
95 98
95 99
95 101
95 102
95 105
95 112
95 116
95 120
95 124
95 125
95 126
95 127
96 3
96 4
96 9
96 11
96 13
96 18
96 20
96 23
96 26
96 27
96 31
96 33
96 39
96 40
96 44
96 51
96 54
96 58
96 62
96 63
96 66
96 67
96 68
96 84
96 85
96 88
96 89
96 90
96 91
96 96
96 100
96 104
96 105
96 106
96 109
96 113
96 114
96 126
96 127
97 4
97 5
97 11
97 15
97 18
97 19
97 20
97 23
97 24
97 28
97 33
97 34
97 42
97 43
97 46
97 53
97 64
97 65
97 66
97 75
97 81
97 82
97 90
97 91
97 93
97 97
97 99
97 105
97 109
97 110
97 112
97 118
97 119
97 120
97 124
98 2
98 4
98 6
98 15
98 16
98 17
98 19
98 20
98 32
98 35
98 38
98 39
98 41
98 43
98 48
98 50
98 51
98 52
98 55
98 56
98 66
98 73
98 86
98 87
98 92
98 94
98 95
98 96
98 98
98 99
98 102
98 112
98 113
98 119
98 120
98 121
98 123
99 2
99 4
99 6
99 9
99 15
99 18
99 24
99 27
99 28
99 30
99 33
99 34
99 35
99 40
99 42
99 43
99 47
99 48
99 54
99 63
99 68
99 82
99 85
99 92
99 94
99 101
99 102
99 107
99 111
99 114
99 116
100 1
100 2
100 4
100 7
100 9
100 11
100 17
100 18
100 21
100 24
100 28
100 29
100 33
100 40
100 50
100 56
100 63
100 70
100 71
100 72
100 76
100 78
100 80
100 86
100 90
100 93
100 94
100 96
100 97
100 102
100 107
100 109
100 110
100 112
100 113
100 114
100 117
100 118
100 122
101 3
101 5
101 13
101 14
101 16
101 19
101 27
101 32
101 41
101 43
101 45
101 52
101 55
101 59
101 61
101 63
101 64
101 65
101 67
101 74
101 78
101 84
101 86
101 87
101 89
101 94
101 105
101 106
101 107
101 108
101 115
101 118
101 119
101 127
102 6
102 10
102 12
102 13
102 19
102 23
102 26
102 32
102 33
102 35
102 36
102 37
102 38
102 47
102 49
102 50
102 52
102 55
102 56
102 59
102 61
102 64
102 69
102 71
102 72
102 79
102 81
102 86
102 88
102 92
102 96
102 103
102 104
102 105
102 106
102 108
102 115
102 116
102 118
102 124
102 126
103 7
103 9
103 17
103 18
103 19
103 21
103 24
103 27
103 34
103 35
103 36
103 37
103 40
103 41
103 49
103 57
103 59
103 60
103 61
103 62
103 64
103 67
103 70
103 75
103 79
103 80
103 85
103 86
103 88
103 93
103 104
103 105
103 110
103 111
103 113
103 118
103 125
103 126
104 4
104 5
104 8
104 11
104 12
104 13
104 14
104 17
104 20
104 23
104 26
104 31
104 36
104 38
104 41
104 43
104 50
104 58
104 60
104 62
104 66
104 78
104 80
104 81
104 85
104 86
104 87
104 88
104 90
104 91
104 92
104 94
104 96
104 99
104 106
104 111
104 113
104 117
104 118
104 121
105 17
105 18
105 19
105 22
105 24
105 25
105 26
105 28
105 30
105 33
105 34
105 41
105 45
105 47
105 50
105 51
105 52
105 53
105 54
105 66
105 67
105 68
105 69
105 70
105 72
105 74
105 75
105 76
105 79
105 80
105 82
105 83
105 84
105 89
105 97
105 99
105 101
105 104
105 106
105 107
105 112
105 113
105 116
105 118
105 119
105 123
105 125
106 6
106 7
106 9
106 10
106 13
106 14
106 15
106 16
106 19
106 21
106 25
106 32
106 39
106 46
106 47
106 49
106 52
106 54
106 57
106 60
106 71
106 78
106 81
106 82
106 86
106 87
106 92
106 100
106 103
106 108
106 110
106 115
106 119
106 123
106 124
107 0
107 5
107 8
107 11
107 15
107 24
107 25
107 32
107 35
107 38
107 40
107 41
107 42
107 43
107 47
107 48
107 52
107 55
107 58
107 59
107 62
107 65
107 71
107 77
107 79
107 80
107 82
107 87
107 91
107 93
107 94
107 95
107 99
107 101
107 103
107 107
107 112
107 115
107 116
107 120
107 122
107 126
107 127
108 4
108 5
108 6
108 10
108 19
108 21
108 22
108 29
108 32
108 34
108 37
108 38
108 40
108 42
108 43
108 44
108 50
108 54
108 55
108 61
108 63
108 64
108 68
108 69
108 74
108 76
108 77
108 78
108 81
108 86
108 89
108 91
108 93
108 95
108 102
108 105
108 109
108 110
108 111
108 116
108 120
108 127
109 3
109 9
109 11
109 14
109 15
109 16
109 22
109 24
109 26
109 29
109 34
109 35
109 36
109 38
109 40
109 41
109 42
109 43
109 46
109 47
109 56
109 57
109 60
109 62
109 63
109 69
109 87
109 91
109 100
109 102
109 103
109 106
109 114
109 116
109 119
109 123
109 124
109 126
110 0
110 1
110 2
110 10
110 11
110 14
110 20
110 23
110 24
110 26
110 27
110 34
110 35
110 44
110 45
110 46
110 48
110 50
110 56
110 58
110 61
110 65
110 74
110 79
110 87
110 90
110 95
110 98
110 100
110 101
110 103
110 105
110 112
110 114
110 115
110 118
110 120
110 124
110 125
110 127
111 2
111 7
111 10
111 13
111 14
111 21
111 24
111 27
111 35
111 36
111 39
111 40
111 41
111 42
111 44
111 47
111 50
111 55
111 58
111 61
111 69
111 70
111 75
111 84
111 89
111 91
111 97
111 101
111 102
111 112
111 116
111 120
111 122
112 4
112 8
112 11
112 14
112 17
112 19
112 21
112 27
112 28
112 30
112 31
112 40
112 41
112 42
112 45
112 51
112 68
112 71
112 72
112 82
112 87
112 88
112 92
112 94
112 95
112 96
112 97
112 100
112 106
112 111
112 115
112 120
112 122
112 123
112 126
113 2
113 9
113 10
113 13
113 15
113 22
113 28
113 31
113 32
113 36
113 38
113 40
113 47
113 48
113 51
113 57
113 59
113 60
113 67
113 70
113 78
113 79
113 82
113 85
113 86
113 100
113 104
113 108
113 109
113 114
113 118
113 127
114 0
114 1
114 2
114 5
114 6
114 7
114 10
114 16
114 17
114 23
114 24
114 25
114 27
114 29
114 35
114 37
114 38
114 40
114 42
114 48
114 51
114 53
114 58
114 59
114 61
114 65
114 73
114 77
114 88
114 92
114 98
114 99
114 111
114 115
114 116
114 123
114 126
115 3
115 4
115 6
115 10
115 13
115 25
115 26
115 35
115 37
115 49
115 50
115 52
115 54
115 65
115 73
115 74
115 78
115 85
115 88
115 91
115 92
115 101
115 105
115 106
115 108
115 113
115 117
115 118
115 119
115 123
115 124
115 126
116 4
116 9
116 10
116 12
116 13
116 18
116 20
116 26
116 38
116 40
116 42
116 49
116 56
116 59
116 64
116 68
116 69
116 70
116 71
116 78
116 81
116 82
116 85
116 86
116 91
116 94
116 95
116 103
116 104
116 109
116 117
116 124
116 127
117 5
117 8
117 9
117 16
117 20
117 25
117 26
117 33
117 34
117 41
117 43
117 47
117 57
117 58
117 59
117 66
117 71
117 73
117 75
117 81
117 83
117 92
117 94
117 95
117 96
117 97
117 100
117 103
117 106
117 119
117 122
117 124
117 125
117 127
118 0
118 8
118 10
118 11
118 15
118 17
118 20
118 27
118 34
118 35
118 48
118 51
118 55
118 58
118 64
118 65
118 70
118 77
118 87
118 107
118 110
118 111
118 119
118 120
118 127
119 0
119 4
119 5
119 9
119 15
119 20
119 24
119 26
119 29
119 34
119 38
119 39
119 41
119 45
119 51
119 54
119 56
119 57
119 60
119 64
119 66
119 73
119 75
119 77
119 80
119 81
119 82
119 83
119 85
119 90
119 95
119 96
119 97
119 110
119 111
119 117
119 122
119 123
120 4
120 6
120 9
120 20
120 23
120 24
120 26
120 34
120 39
120 42
120 43
120 49
120 54
120 55
120 57
120 58
120 60
120 63
120 68
120 69
120 70
120 73
120 77
120 78
120 80
120 83
120 90
120 94
120 95
120 98
120 103
120 105
120 107
120 111
120 114
120 115
120 116
120 117
120 119
120 125
121 1
121 2
121 4
121 7
121 8
121 16
121 25
121 28
121 31
121 32
121 34
121 39
121 41
121 48
121 50
121 52
121 53
121 55
121 57
121 58
121 62
121 64
121 67
121 69
121 71
121 78
121 80
121 81
121 92
121 93
121 94
121 103
121 109
121 111
121 114
121 116
121 117
121 118
121 121
121 123
121 125
122 10
122 11
122 12
122 15
122 16
122 17
122 18
122 21
122 22
122 26
122 29
122 33
122 37
122 39
122 42
122 44
122 50
122 57
122 62
122 65
122 72
122 74
122 75
122 76
122 77
122 80
122 83
122 90
122 94
122 103
122 104
122 123
122 127
123 7
123 8
123 9
123 11
123 12
123 13
123 20
123 25
123 29
123 31
123 34
123 37
123 47
123 48
123 50
123 51
123 52
123 55
123 60
123 62
123 65
123 66
123 67
123 70
123 81
123 83
123 84
123 86
123 94
123 95
123 99
123 100
123 113
123 127
124 0
124 5
124 8
124 15
124 16
124 23
124 25
124 33
124 35
124 37
124 41
124 43
124 45
124 46
124 49
124 50
124 53
124 55
124 57
124 59
124 63
124 65
124 67
124 68
124 69
124 71
124 72
124 75
124 77
124 84
124 88
124 90
124 91
124 92
124 93
124 98
124 101
124 107
124 115
124 120
124 124
124 127
125 1
125 2
125 3
125 4
125 8
125 11
125 13
125 16
125 22
125 27
125 29
125 33
125 35
125 36
125 44
125 50
125 56
125 58
125 59
125 62
125 63
125 67
125 76
125 77
125 81
125 84
125 90
125 91
125 96
125 99
125 109
125 112
125 114
125 115
125 119
125 120
125 122
125 126
125 127
126 1
126 2
126 4
126 5
126 6
126 8
126 9
126 10
126 15
126 19
126 21
126 26
126 29
126 30
126 33
126 34
126 38
126 41
126 43
126 45
126 48
126 53
126 60
126 100
126 110
126 112
126 114
126 116
126 117
126 118
126 120
126 124
126 125
127 0
127 6
127 7
127 12
127 14
127 18
127 21
127 23
127 24
127 28
127 33
127 34
127 39
127 43
127 45
127 50
127 55
127 57
127 58
127 59
127 60
127 61
127 64
127 67
127 69
127 70
127 71
127 74
127 80
127 92
127 96
127 97
127 102
127 104
127 107
127 121
127 124
127 125
