0 0
0 5
0 8
0 13
0 19
0 29
0 46
0 80
1 14
1 30
1 82
1 98
1 107
2 10
2 21
2 31
2 42
2 55
2 67
2 82
2 104
2 108
2 109
3 13
3 17
3 27
3 72
3 78
3 92
3 109
3 111
4 1
4 34
4 67
4 83
5 25
5 32
5 42
5 51
5 55
5 63
5 79
6 12
6 16
6 27
6 40
6 56
6 59
6 62
6 94
6 95
7 16
7 23
7 24
7 27
7 28
7 29
7 34
7 36
7 42
7 48
7 65
7 71
7 105
8 24
8 27
8 36
8 49
8 56
8 59
8 84
8 99
8 100
9 2
9 14
9 86
9 118
9 120
10 11
10 41
10 58
10 103
10 105
11 8
11 10
11 19
11 23
11 26
11 71
11 84
11 89
11 121
12 31
12 59
12 62
12 79
12 82
12 86
13 43
13 101
13 107
14 7
14 28
14 29
14 30
14 72
14 86
14 107
14 109
14 121
15 12
15 26
15 54
15 94
16 7
16 12
16 19
16 44
16 59
16 94
16 102
16 108
16 116
16 127
17 48
17 56
17 58
17 70
17 75
17 77
17 86
17 87
17 95
17 102
17 104
17 105
17 117
18 18
18 71
18 82
18 83
18 86
18 96
18 99
18 114
18 118
19 11
19 26
19 53
19 72
19 75
19 103
19 104
19 107
19 115
20 7
20 24
20 27
20 33
20 35
20 57
20 103
20 112
20 123
20 124
20 127
21 35
21 68
22 6
22 37
22 61
22 78
22 88
22 117
23 6
23 12
23 14
23 15
23 25
23 27
23 46
23 81
23 92
23 93
23 105
23 124
24 8
24 38
24 41
24 42
24 50
24 82
24 95
24 96
24 111
24 125
25 21
25 30
25 38
25 42
25 53
25 89
25 97
25 106
25 110
26 33
26 39
26 52
26 62
26 90
27 31
27 35
27 36
27 56
27 75
27 91
28 3
28 7
28 9
28 11
28 12
28 13
28 22
28 36
28 38
28 45
28 81
28 95
28 99
28 102
28 104
28 113
28 122
29 19
29 42
29 49
29 63
29 68
29 80
29 83
29 94
29 97
29 106
30 0
30 29
30 51
30 55
30 60
30 93
30 122
31 19
31 22
31 42
31 79
31 121
32 29
32 32
32 45
32 48
32 57
32 88
32 108
32 117
32 119
33 27
33 54
33 56
33 58
33 64
33 74
33 77
33 81
33 92
33 102
33 109
34 38
34 51
34 55
34 74
34 104
34 107
34 118
35 10
35 15
35 16
35 22
35 45
35 59
35 60
35 77
36 9
36 27
36 29
36 46
36 59
36 67
36 89
36 98
36 101
36 120
36 125
37 84
37 96
37 97
37 112
37 115
37 125
37 127
38 37
38 48
38 78
38 82
38 98
38 105
38 114
38 120
39 14
39 15
39 29
39 31
39 32
39 42
39 51
39 55
39 74
39 101
39 104
40 10
40 17
40 34
40 45
40 56
40 73
41 9
41 26
41 34
41 64
41 67
41 71
41 102
41 113
41 114
41 127
42 9
42 80
42 127
43 6
43 62
43 68
43 90
43 91
44 13
44 21
44 31
44 32
44 37
44 61
44 72
44 86
44 99
44 118
45 16
45 40
45 53
45 55
45 56
45 72
45 96
45 125
46 0
46 18
46 24
46 43
46 120
46 127
47 0
47 46
47 74
47 79
47 108
47 115
48 11
48 24
48 56
48 105
48 110
48 111
49 39
49 48
49 49
49 57
49 68
49 99
49 107
49 118
50 7
50 24
50 30
50 71
50 98
50 109
50 112
50 122
51 22
51 33
51 52
51 53
51 61
51 85
51 87
52 5
52 13
52 19
52 43
52 120
52 126
53 6
53 8
53 21
53 23
53 34
53 106
54 12
54 19
54 38
54 42
54 48
54 89
54 90
54 126
55 12
55 23
55 29
55 39
55 50
55 53
55 64
55 85
55 89
55 114
55 116
56 16
56 40
56 50
56 94
56 108
56 110
57 28
57 50
57 105
58 71
58 105
59 37
59 53
60 3
60 9
60 21
60 74
60 83
60 127
61 14
61 21
61 27
61 46
61 78
62 2
62 4
62 9
62 32
62 36
62 42
62 59
62 72
62 79
62 88
62 115
62 125
63 8
63 29
63 65
63 85
63 123
64 7
64 8
64 34
64 49
64 70
64 119
65 21
65 32
65 37
65 48
65 59
65 64
65 70
65 75
65 97
65 101
66 0
66 4
66 17
66 27
66 32
66 41
66 56
66 69
66 72
66 88
66 95
66 120
67 2
67 20
67 29
67 55
67 75
67 82
67 88
67 91
67 124
67 125
68 12
68 30
68 40
68 45
68 47
68 71
68 77
68 97
68 101
68 112
69 3
69 13
69 14
69 69
69 106
69 108
69 121
70 7
70 13
70 22
70 36
70 57
70 79
70 81
70 108
70 109
71 14
71 54
71 65
71 71
71 74
71 100
71 102
71 104
71 110
72 11
72 13
72 18
72 21
72 24
72 27
72 44
72 53
72 55
72 64
72 76
72 81
72 84
72 99
72 101
72 113
72 124
72 125
73 9
73 60
73 73
73 76
74 4
74 64
74 65
74 110
74 115
74 118
75 32
75 62
75 105
76 10
76 13
76 14
76 29
76 38
76 39
76 69
76 100
77 24
77 33
77 50
77 74
77 85
77 106
77 114
77 118
78 33
78 51
78 52
78 61
78 89
78 102
78 119
78 126
79 16
79 25
79 42
79 56
79 86
80 9
80 90
81 3
81 4
81 16
81 21
81 53
81 82
81 95
81 108
81 113
82 7
82 8
82 29
82 43
82 57
82 98
82 106
82 117
82 119
83 20
83 30
83 32
83 69
83 84
83 85
83 100
84 12
84 17
84 24
84 30
84 86
84 90
84 94
84 95
84 97
84 102
84 125
85 22
85 25
85 36
85 85
85 101
85 107
85 113
85 115
86 5
86 7
86 8
86 16
86 35
86 52
86 64
86 69
86 97
86 107
86 112
87 15
87 25
87 71
87 122
87 124
88 12
88 37
88 49
88 62
88 64
88 79
88 121
89 37
89 103
89 107
89 121
89 122
89 123
90 12
90 14
90 44
90 61
90 80
90 84
91 5
91 20
91 47
91 58
91 66
91 91
92 8
92 28
92 52
92 55
92 61
92 66
92 96
92 103
92 119
93 1
93 22
93 88
93 102
94 2
94 20
94 30
94 33
94 35
94 38
94 57
94 83
94 117
95 12
95 44
95 65
95 74
95 91
95 95
95 102
95 115
95 124
96 3
96 9
96 18
96 20
96 23
96 26
96 28
96 60
96 88
96 104
96 105
96 112
96 122
97 0
97 52
97 83
97 93
98 16
98 17
98 20
98 26
98 40
98 47
98 52
98 62
98 67
98 101
98 112
98 115
99 40
99 43
99 51
99 56
99 63
99 89
99 103
99 117
99 126
100 1
100 6
100 7
100 8
100 40
100 53
100 74
100 81
100 89
100 93
100 101
100 108
100 111
100 112
101 8
101 10
101 27
101 46
101 121
102 1
102 5
102 6
102 16
102 35
102 78
102 90
103 9
103 17
103 49
103 58
103 70
103 72
103 81
103 87
103 90
103 91
103 112
103 123
104 4
104 5
104 30
104 39
104 48
104 49
104 54
104 72
104 106
104 111
104 121
105 0
105 5
105 35
105 40
105 74
105 100
105 112
106 20
106 55
106 61
106 75
106 76
106 102
106 104
106 105
106 118
106 119
107 8
107 15
107 66
107 75
107 94
107 96
107 120
108 31
108 48
108 64
108 72
108 97
108 113
109 35
109 63
109 69
109 97
109 111
109 127
110 20
110 56
110 81
110 116
111 24
111 25
111 33
111 42
111 78
111 92
111 119
111 127
112 19
112 44
112 99
112 122
112 126
113 0
113 18
113 23
113 31
113 33
113 41
113 105
113 117
113 127
114 4
114 15
114 22
114 84
114 93
114 105
114 124
114 125
115 0
115 3
115 8
115 16
115 17
115 19
115 25
115 43
115 47
115 73
115 95
115 109
116 49
116 57
116 82
116 95
116 98
116 113
117 1
117 22
117 27
117 28
117 46
117 49
117 51
117 72
117 76
117 84
117 86
117 90
117 98
117 104
118 0
118 1
118 6
118 26
118 28
118 100
118 103
118 112
118 117
118 121
119 2
119 9
119 50
119 66
119 88
119 93
119 111
120 30
120 51
120 67
120 69
120 70
120 82
120 92
120 104
120 111
121 3
121 8
121 23
121 33
121 44
121 60
121 62
121 66
121 93
121 98
121 109
122 18
122 20
122 35
122 38
122 43
122 58
122 79
122 84
122 87
122 98
122 110
122 115
123 15
123 22
123 25
123 43
123 67
123 81
123 99
123 101
123 115
124 6
124 101
124 112
125 37
125 56
125 85
126 8
126 18
126 83
126 89
126 102
126 125
127 10
127 13
127 23
127 44
127 45
127 86
127 109
127 119
