0 4
0 12
0 19
0 39
0 43
0 53
0 63
0 68
0 71
0 72
0 97
0 102
0 103
0 105
0 110
0 125
1 3
1 9
1 29
1 37
1 39
1 55
1 91
1 107
2 3
2 28
2 30
2 42
2 75
2 77
2 79
2 88
2 91
2 98
3 12
3 14
3 36
3 38
3 41
3 45
3 49
3 59
3 61
3 63
3 66
3 74
3 95
3 99
3 116
4 22
4 27
4 35
4 42
4 54
4 61
4 69
4 96
4 99
4 100
4 104
4 105
4 121
4 125
5 7
5 8
5 27
5 45
5 51
5 63
5 68
5 92
5 101
5 106
5 108
5 123
5 124
6 22
6 25
6 31
6 33
6 47
6 51
6 79
6 86
6 88
6 96
6 105
6 111
6 114
7 11
7 17
7 18
7 36
7 42
7 59
7 78
7 82
7 94
7 95
7 96
7 97
7 100
7 101
7 103
7 111
7 117
8 2
8 7
8 19
8 30
8 33
8 36
8 60
8 65
8 79
8 83
8 106
8 112
8 118
8 124
9 7
9 8
9 12
9 13
9 21
9 27
9 35
9 40
9 50
9 61
9 75
9 76
9 95
9 108
9 109
9 114
9 123
9 125
10 2
10 15
10 20
10 21
10 31
10 35
10 45
10 50
10 83
10 93
10 115
10 116
10 119
11 1
11 8
11 13
11 20
11 29
11 47
11 48
11 73
11 79
11 98
11 109
11 116
12 9
12 27
12 33
12 41
12 53
12 60
12 65
12 77
12 83
12 106
13 6
13 25
13 36
13 41
13 50
13 57
13 60
13 64
13 75
13 89
13 93
13 103
13 109
13 111
13 112
13 118
14 17
14 31
14 55
14 61
14 74
14 83
14 88
14 92
14 103
14 105
14 112
15 13
15 23
15 43
15 44
15 48
15 49
15 71
15 73
15 77
15 80
15 87
15 88
15 93
15 112
15 124
15 125
16 15
16 17
16 20
16 25
16 28
16 30
16 38
16 52
16 76
16 79
16 84
16 88
16 89
16 105
16 112
16 114
16 118
16 125
17 0
17 4
17 15
17 20
17 22
17 24
17 26
17 33
17 39
17 41
17 46
17 47
17 55
17 64
17 88
17 91
17 95
17 96
17 104
17 106
17 123
17 126
17 127
18 11
18 49
18 55
18 65
18 66
18 97
18 115
19 9
19 24
19 29
19 45
19 60
19 72
19 77
19 78
19 90
19 93
19 96
19 98
19 109
19 126
20 18
20 26
20 55
20 67
20 68
20 69
20 72
20 114
20 124
21 8
21 22
21 41
21 54
21 67
21 71
21 78
21 90
21 102
21 103
21 114
21 119
21 123
22 3
22 14
22 15
22 41
22 62
22 63
22 69
22 87
22 106
23 14
23 23
23 28
23 35
23 59
23 67
23 72
23 87
23 98
24 13
24 46
24 74
24 80
24 114
24 115
24 118
24 125
25 1
25 8
25 12
25 15
25 25
25 43
25 46
25 68
25 70
25 76
25 79
25 105
25 109
26 5
26 9
26 20
26 28
26 36
26 47
26 56
26 57
26 59
26 62
26 68
26 89
26 98
26 123
26 127
27 5
27 6
27 8
27 43
27 57
27 58
27 87
27 118
28 14
28 17
28 20
28 23
28 60
28 69
28 71
28 80
28 86
28 114
28 117
28 119
29 24
29 28
29 48
29 49
29 52
29 61
29 70
29 73
29 90
29 92
29 104
29 109
29 125
29 127
30 5
30 21
30 28
30 32
30 40
30 52
30 56
30 71
30 78
30 80
30 84
30 101
30 107
30 116
30 119
30 125
31 0
31 7
31 13
31 14
31 15
31 29
31 37
31 43
31 59
31 66
31 83
31 89
31 94
31 100
31 103
31 104
31 114
31 124
31 127
32 7
32 10
32 13
32 25
32 26
32 87
32 89
33 12
33 26
33 29
33 32
33 53
33 75
33 81
33 91
33 107
33 112
33 114
33 118
34 1
34 4
34 10
34 11
34 15
34 37
34 54
34 57
34 71
34 83
34 90
34 92
34 93
34 94
35 0
35 4
35 29
35 37
35 59
35 61
35 93
35 104
35 127
36 21
36 45
36 50
36 53
36 59
36 63
36 67
37 6
37 19
37 44
37 52
37 55
37 56
37 67
37 70
37 81
37 98
37 110
37 114
37 121
38 2
38 13
38 26
38 29
38 33
38 53
38 71
38 94
38 107
38 109
38 120
39 3
39 43
39 53
39 57
39 62
39 87
39 104
39 113
39 118
39 122
40 48
40 63
40 69
40 70
40 84
40 89
40 90
40 93
40 118
41 3
41 8
41 16
41 39
41 42
41 56
41 58
41 81
41 85
41 86
41 89
41 103
41 122
41 125
42 7
42 12
42 14
42 15
42 16
42 19
42 22
42 33
42 38
42 49
42 53
42 56
42 84
42 85
42 86
42 104
42 118
42 126
42 127
43 9
43 19
43 23
43 39
43 44
43 61
43 89
43 91
43 110
43 120
44 4
44 17
44 22
44 42
44 47
44 49
44 73
44 81
44 100
44 112
44 120
44 127
45 16
45 23
45 24
45 34
45 38
45 45
45 46
45 63
45 70
45 80
45 88
45 103
45 107
45 108
45 119
45 127
46 4
46 8
46 16
46 24
46 35
46 46
46 68
46 75
46 79
46 84
46 85
46 101
46 104
46 127
47 0
47 3
47 18
47 21
47 25
47 28
47 31
47 32
47 50
47 62
47 83
47 90
47 107
47 114
48 3
48 9
48 13
48 18
48 28
48 37
48 51
48 61
48 67
48 85
48 100
48 105
48 109
48 125
49 1
49 2
49 6
49 35
49 38
49 39
49 59
49 81
49 99
49 104
49 120
50 7
50 20
50 31
50 41
50 48
50 77
50 102
50 107
50 108
50 115
51 2
51 17
51 36
51 39
51 67
51 68
51 70
51 74
51 82
52 2
52 9
52 19
52 34
52 36
52 42
52 44
52 51
52 57
52 62
52 74
52 95
52 98
52 125
53 10
53 16
53 22
53 27
53 34
53 36
53 38
53 40
53 57
53 78
53 91
53 93
53 106
53 109
53 122
53 126
54 11
54 23
54 24
54 26
54 43
54 51
54 67
54 81
54 88
54 89
54 103
54 115
54 117
55 5
55 36
55 61
55 67
55 78
55 84
55 95
55 96
55 103
55 104
55 107
55 116
56 3
56 4
56 14
56 20
56 33
56 46
56 53
56 67
56 78
56 82
56 87
56 110
56 113
56 124
57 2
57 13
57 14
57 30
57 39
57 51
57 61
57 64
57 71
57 77
57 81
57 88
57 95
57 103
57 104
57 116
58 9
58 13
58 14
58 36
58 42
58 45
58 73
58 76
58 85
58 88
58 96
58 101
58 104
58 105
58 108
58 118
58 123
59 1
59 12
59 26
59 33
59 37
59 55
59 64
59 71
59 72
59 96
59 100
59 107
59 109
59 112
59 126
60 3
60 11
60 33
60 62
60 63
60 73
60 102
60 105
60 118
60 122
60 125
60 126
61 2
61 8
61 13
61 19
61 36
61 39
61 58
61 59
61 70
61 72
61 88
61 89
61 99
61 107
61 113
62 6
62 44
62 48
62 64
62 66
62 84
62 90
62 107
62 119
62 121
62 127
63 16
63 22
63 28
63 30
63 36
63 52
63 68
63 87
64 1
64 17
64 20
64 23
64 42
64 43
64 51
64 57
64 75
64 86
64 119
64 121
65 6
65 9
65 16
65 18
65 29
65 44
65 56
65 64
65 65
65 68
65 74
65 80
65 122
65 123
65 126
66 8
66 18
66 69
66 94
66 99
66 123
67 1
67 22
67 25
67 29
67 40
67 48
67 50
67 53
67 72
67 125
68 7
68 8
68 22
68 30
68 32
68 45
68 56
68 58
68 62
68 63
68 64
68 81
68 87
68 101
68 108
68 112
68 118
68 119
68 123
69 13
69 25
69 29
69 34
69 39
69 50
69 62
69 73
69 98
69 108
69 110
69 124
69 125
70 29
70 42
70 62
70 86
70 114
71 28
71 44
71 57
71 58
71 61
71 65
71 80
71 86
71 94
71 106
71 111
71 117
71 121
72 0
72 11
72 28
72 40
72 44
72 57
72 71
72 85
72 90
72 94
72 120
72 121
72 125
73 2
73 19
73 29
73 39
73 51
73 64
73 73
73 83
73 96
73 126
73 127
74 14
74 25
74 37
74 42
74 55
74 67
74 75
74 95
74 101
74 103
74 121
75 11
75 13
75 20
75 41
75 46
75 52
75 56
75 59
75 60
75 69
75 70
75 115
76 57
76 58
76 81
76 101
76 112
76 124
77 14
77 24
77 33
77 40
77 52
77 97
77 100
77 103
77 114
78 2
78 3
78 12
78 21
78 26
78 41
78 42
78 46
78 59
78 63
78 79
78 81
78 82
78 109
78 110
78 117
78 118
78 125
78 127
79 19
79 27
79 28
79 43
79 60
79 66
79 71
79 76
79 91
79 98
79 101
79 111
79 115
79 118
79 123
80 25
80 29
80 35
80 42
80 57
80 63
80 73
80 84
80 86
80 113
80 122
80 123
81 7
81 15
81 22
81 37
81 40
81 43
81 51
81 70
81 78
81 90
81 101
81 121
81 122
82 0
82 1
82 5
82 29
82 33
82 51
82 54
82 60
82 72
82 73
82 79
82 96
82 97
82 112
82 115
82 117
82 121
83 0
83 1
83 16
83 25
83 27
83 31
83 42
83 53
83 67
83 120
83 126
84 7
84 23
84 32
84 35
84 48
84 59
84 75
84 92
84 116
84 124
85 7
85 32
85 73
85 90
85 91
85 101
85 119
86 8
86 13
86 16
86 25
86 36
86 37
86 40
86 47
86 57
86 64
86 86
86 107
86 110
86 112
86 113
86 116
86 122
87 2
87 11
87 28
87 39
87 61
87 67
87 69
87 71
87 76
87 84
87 91
87 114
87 119
87 124
88 1
88 4
88 11
88 12
88 18
88 22
88 27
88 29
88 41
88 46
88 49
88 51
88 81
88 88
88 92
88 94
88 109
88 122
89 0
89 8
89 12
89 14
89 24
89 29
89 37
89 42
89 60
89 64
89 81
89 82
89 85
89 89
89 92
89 103
89 112
89 126
90 2
90 13
90 18
90 26
90 27
90 33
90 34
90 68
90 77
90 83
90 87
90 102
90 104
90 117
90 123
91 1
91 14
91 30
91 33
91 36
91 38
91 40
91 50
91 68
91 71
91 76
91 86
91 104
91 106
91 115
91 118
92 1
92 3
92 13
92 34
92 40
92 41
92 68
92 83
92 90
92 94
92 95
93 2
93 4
93 11
93 12
93 14
93 43
93 45
93 51
93 57
93 62
93 65
93 100
93 116
94 3
94 8
94 16
94 20
94 22
94 30
94 42
94 46
94 53
94 54
94 70
94 103
94 121
95 0
95 3
95 15
95 24
95 28
95 40
95 52
95 65
95 66
95 76
95 83
95 87
95 89
95 108
95 110
95 112
96 8
96 28
96 54
96 58
96 71
96 84
96 85
96 91
96 106
96 119
96 126
97 39
97 42
97 81
97 90
97 122
97 126
98 6
98 25
98 38
98 57
98 75
98 86
98 96
98 97
98 103
99 13
99 15
99 32
99 33
99 36
99 41
99 43
99 48
99 59
99 73
99 78
99 81
99 85
99 99
99 118
100 4
100 5
100 12
100 21
100 25
100 45
100 49
100 55
100 74
100 89
100 110
100 116
100 123
101 3
101 5
101 12
101 29
101 37
101 56
101 59
101 78
101 80
101 92
101 96
101 112
102 0
102 7
102 13
102 18
102 29
102 42
102 51
102 53
102 55
102 59
102 63
102 69
102 76
102 87
102 114
102 117
102 121
102 126
103 14
103 17
103 23
103 24
103 46
103 48
103 63
103 67
103 73
103 84
103 85
103 96
103 110
103 114
103 125
103 127
104 0
104 3
104 11
104 12
104 29
104 34
104 57
104 64
104 70
104 98
104 118
104 119
105 4
105 10
105 15
105 25
105 29
105 30
105 38
105 41
105 70
105 79
105 87
105 96
105 110
105 111
105 118
105 121
106 2
106 32
106 36
106 42
106 53
106 61
106 64
106 67
106 70
106 81
106 93
106 101
106 107
106 108
106 113
107 29
107 34
107 51
107 53
107 86
107 100
107 111
107 116
107 117
108 20
108 24
108 26
108 29
108 47
108 63
108 69
108 80
108 83
108 88
108 94
108 96
108 99
108 111
108 125
108 127
109 20
109 31
109 34
109 43
109 54
109 68
109 72
109 74
109 78
109 98
109 106
109 111
109 112
109 114
110 1
110 7
110 9
110 13
110 48
110 53
110 55
110 77
110 89
110 91
110 103
110 120
111 8
111 11
111 28
111 37
111 39
111 40
111 53
111 57
111 69
111 72
111 92
111 97
111 98
111 99
111 102
111 103
111 105
111 113
111 114
111 122
111 124
112 7
112 10
112 48
112 51
112 57
112 63
112 65
112 77
112 84
112 85
112 95
112 97
112 108
112 112
112 123
112 126
113 3
113 9
113 20
113 31
113 32
113 35
113 41
113 73
113 86
113 101
113 102
113 107
113 110
113 112
113 116
114 0
114 1
114 13
114 52
114 56
114 62
114 66
114 85
114 90
114 93
114 110
114 121
115 1
115 4
115 14
115 23
115 30
115 31
115 44
115 50
115 79
115 108
115 111
116 27
116 36
116 38
116 41
116 54
116 73
116 86
116 105
116 121
117 11
117 20
117 26
117 33
117 37
117 44
117 47
117 54
117 64
117 75
117 80
117 82
117 110
117 115
117 122
118 2
118 22
118 23
118 25
118 28
118 38
118 45
118 53
118 75
118 84
118 104
118 106
118 108
118 117
118 124
119 2
119 15
119 39
119 43
119 63
119 66
119 81
119 120
120 4
120 5
120 7
120 18
120 34
120 44
120 67
120 102
120 117
120 122
121 2
121 27
121 29
121 36
121 44
121 46
121 47
121 52
121 57
121 59
121 79
121 82
121 94
121 95
121 100
121 105
121 115
121 117
121 120
121 127
122 8
122 19
122 23
122 38
122 77
122 81
122 91
122 94
122 95
122 103
122 106
122 109
122 113
122 118
123 6
123 35
123 39
123 47
123 52
123 62
123 77
123 92
123 97
123 98
123 105
123 108
123 112
123 124
124 7
124 32
124 42
124 58
124 75
124 76
124 82
124 105
124 110
125 7
125 15
125 18
125 20
125 47
125 53
125 74
125 80
125 116
126 4
126 19
126 25
126 27
126 30
126 61
126 95
126 122
127 4
127 10
127 43
127 58
127 69
127 86
127 90
