0 0
0 52
0 62
0 68
0 72
0 81
0 82
0 99
0 117
0 118
0 119
0 122
0 123
1 17
1 24
1 42
1 81
1 84
1 87
1 92
1 100
1 108
1 122
1 123
1 127
2 9
2 15
2 18
2 33
2 50
2 61
2 80
2 94
2 115
2 120
2 122
2 123
3 8
3 15
3 32
3 42
3 47
3 72
3 74
3 77
3 113
3 126
4 2
4 11
4 41
4 52
4 54
4 60
4 65
4 81
4 82
4 87
4 93
4 122
5 5
5 10
5 15
5 29
5 70
5 72
5 104
5 105
5 115
6 9
6 46
6 47
6 56
6 64
6 67
6 68
6 78
6 99
6 102
7 19
7 34
7 43
7 48
7 121
8 3
8 5
8 6
8 13
8 38
8 42
8 56
8 80
8 81
8 85
8 88
8 89
8 90
8 96
8 97
8 98
8 102
8 106
8 110
8 127
9 9
9 23
9 60
9 64
9 74
9 75
9 85
9 91
9 101
9 107
9 113
9 114
10 0
10 2
10 30
10 45
10 52
10 53
10 68
10 111
11 7
11 9
11 11
11 24
11 34
11 39
11 49
11 53
11 64
11 77
11 82
11 91
11 100
11 106
11 115
11 118
12 3
12 4
12 44
12 66
12 79
12 88
12 91
12 106
12 108
13 3
13 23
13 24
13 31
13 49
13 67
13 84
13 107
13 112
13 122
14 23
14 25
14 36
14 57
14 66
14 84
14 96
14 110
14 117
14 119
14 125
15 27
15 30
15 32
15 33
15 49
15 55
15 82
15 89
15 95
15 126
16 13
16 24
16 71
16 73
16 85
16 101
16 107
16 110
16 112
16 114
16 124
17 5
17 19
17 29
17 33
17 42
17 72
17 90
17 126
17 127
18 5
18 64
18 68
18 83
18 93
18 95
18 108
18 113
18 118
18 123
18 126
19 5
19 6
19 56
19 76
19 77
19 84
19 91
19 93
19 98
19 102
19 109
19 112
19 119
19 121
20 14
20 30
20 57
20 60
20 66
20 73
20 74
20 80
20 82
20 90
20 97
20 112
21 9
21 10
21 31
21 33
21 42
21 45
21 53
21 55
21 68
21 71
21 86
21 89
22 21
22 97
22 110
23 6
23 20
23 35
23 43
23 52
23 58
23 75
23 104
23 106
23 109
23 110
23 119
23 120
23 125
24 9
24 11
24 24
24 39
24 40
24 44
24 46
24 49
24 54
24 70
24 71
24 72
24 76
24 89
24 105
25 12
25 13
25 19
25 21
25 53
25 86
25 95
25 100
25 102
25 119
25 123
26 1
26 11
26 13
26 15
26 21
26 26
26 30
26 37
26 41
26 61
26 67
26 71
26 73
26 76
26 77
26 79
26 80
26 83
26 89
26 92
26 94
26 95
26 97
26 113
27 15
27 20
27 35
27 41
27 96
27 124
28 1
28 7
28 15
28 17
28 34
28 52
28 53
28 54
28 77
28 99
28 100
28 109
28 119
29 5
29 32
29 47
29 59
29 62
29 89
29 99
29 103
29 106
29 116
30 1
30 8
30 20
30 23
30 37
30 39
30 56
30 91
30 113
30 123
30 126
31 4
31 30
31 41
31 43
31 55
31 62
31 71
31 74
31 80
31 103
31 121
32 3
32 7
32 32
32 36
32 48
32 61
32 70
32 80
32 87
32 90
32 100
32 120
32 123
33 3
33 4
33 8
33 17
33 20
33 24
33 34
33 63
33 86
33 88
33 92
33 100
33 114
33 117
34 2
34 11
34 15
34 20
34 53
34 62
34 70
34 75
34 88
34 103
34 118
35 12
35 16
35 19
35 30
35 44
35 48
35 68
35 69
35 85
35 99
35 116
36 1
36 27
36 30
36 43
36 57
36 80
36 94
36 96
36 109
36 111
36 115
37 9
37 17
37 25
37 49
37 52
37 79
37 93
37 101
38 8
38 26
38 36
38 44
38 48
38 65
38 68
38 73
38 113
39 3
39 22
39 30
39 36
39 39
39 62
39 70
39 73
39 80
39 85
40 7
40 10
40 19
40 20
40 28
40 40
40 52
40 55
40 59
40 61
40 91
40 106
40 114
41 10
41 24
41 36
41 44
41 71
41 76
41 98
41 99
41 116
42 4
42 16
42 27
42 40
42 72
42 79
42 92
42 98
42 111
42 125
43 4
43 21
43 27
43 32
43 39
43 64
43 71
43 124
43 125
44 1
44 4
44 53
44 57
44 74
44 77
45 1
45 16
45 18
45 42
45 50
45 53
45 67
45 75
45 86
45 107
45 126
45 127
46 6
46 14
46 30
46 34
46 44
46 56
46 73
46 90
46 121
47 25
47 31
47 69
47 71
47 79
47 86
47 98
47 100
47 122
47 123
47 126
48 1
48 5
48 28
48 35
48 62
48 72
48 73
48 93
48 98
48 117
49 9
49 22
49 39
49 55
49 57
49 86
49 88
49 89
49 101
49 114
49 123
49 124
50 11
50 16
50 20
50 26
50 33
50 40
50 50
50 73
50 84
50 119
51 1
51 25
51 30
51 33
51 38
51 39
51 86
51 110
52 15
52 24
52 31
52 32
52 36
52 49
52 66
52 84
52 93
52 112
52 113
52 122
53 20
53 32
53 35
53 37
53 45
53 49
53 55
53 71
53 76
53 79
53 87
53 99
53 100
53 103
53 124
53 125
54 5
54 21
54 25
54 28
54 32
54 49
54 76
54 98
54 115
55 12
55 36
55 44
55 45
55 50
55 57
55 72
55 90
55 94
55 96
55 107
55 115
55 123
55 124
56 3
56 8
56 16
56 21
56 37
56 47
56 55
56 65
56 68
56 106
56 122
57 4
57 32
57 54
57 65
57 75
57 87
57 99
57 103
57 120
58 7
58 21
58 33
58 39
58 40
58 48
58 56
58 58
58 70
58 81
58 87
58 111
58 122
59 4
59 12
59 15
59 16
59 19
59 28
59 38
59 45
59 49
59 54
59 56
59 61
59 75
59 101
59 106
59 107
60 0
60 14
60 16
60 37
60 44
60 50
60 59
60 60
60 65
60 71
60 94
60 106
60 112
60 115
60 119
61 11
61 26
61 66
61 71
61 73
61 75
61 88
61 121
61 127
62 1
62 5
62 6
62 11
62 42
62 46
62 47
62 60
62 84
62 89
62 94
62 109
62 111
62 120
63 0
63 14
63 17
63 40
63 53
63 64
63 79
63 86
63 94
63 103
63 113
63 118
63 124
64 4
64 18
64 26
64 31
64 33
64 46
64 62
64 74
64 75
64 76
64 81
64 84
64 95
64 96
64 112
64 122
65 17
65 23
65 24
65 47
65 58
65 60
65 65
65 68
65 70
65 73
65 82
65 91
65 99
65 105
65 114
66 14
66 17
66 26
66 69
66 75
66 80
66 87
66 101
66 110
66 117
66 124
67 27
67 29
67 31
67 38
67 40
67 43
67 64
67 71
67 83
67 84
67 87
67 90
67 98
67 104
67 108
67 114
68 15
68 18
68 19
68 20
68 22
68 40
68 41
68 60
68 61
68 63
68 101
68 122
69 0
69 16
69 27
69 38
69 42
69 49
69 54
69 66
69 68
69 70
69 74
69 94
69 97
69 101
69 103
69 113
70 18
70 37
70 41
70 55
70 63
70 79
70 80
70 87
70 88
70 90
70 93
70 101
70 102
70 105
70 108
70 116
70 123
71 1
71 11
71 13
71 33
71 44
71 59
71 111
71 126
72 7
72 31
72 46
72 55
72 75
72 82
72 84
72 88
72 113
72 116
72 123
73 8
73 12
73 15
73 43
73 44
73 51
73 55
73 59
73 83
73 87
73 98
73 105
73 119
73 120
73 123
73 125
74 22
74 32
74 94
74 117
74 121
74 126
75 7
75 18
75 26
75 30
75 32
75 87
75 100
75 101
75 106
75 107
75 112
76 0
76 4
76 29
76 41
76 49
76 74
76 96
76 118
76 125
76 127
77 2
77 4
77 16
77 26
77 45
77 50
77 72
77 74
77 81
77 97
77 102
77 104
77 107
77 109
77 113
77 117
77 118
78 21
78 22
78 47
78 51
78 52
78 63
78 66
78 103
78 112
78 117
78 120
79 18
79 45
79 62
79 74
79 83
79 97
79 104
79 112
80 6
80 21
80 23
80 35
80 40
80 58
80 73
80 86
80 88
80 108
81 5
81 10
81 21
81 43
81 46
81 52
81 56
81 57
81 97
81 108
81 120
82 9
82 24
82 69
82 90
82 120
82 123
83 2
83 3
83 20
83 28
83 34
83 43
83 49
83 78
83 79
83 87
83 88
83 92
83 103
83 109
83 110
83 115
83 117
83 118
84 11
84 20
84 26
84 59
84 67
84 72
84 73
84 78
84 91
84 100
84 115
85 0
85 13
85 16
85 21
85 33
85 40
85 87
85 109
85 116
85 120
86 5
86 12
86 43
86 52
86 57
86 66
86 85
86 98
86 102
86 108
86 117
86 127
87 1
87 14
87 31
87 34
87 40
87 45
87 47
87 50
87 54
87 77
87 83
87 88
87 89
87 99
87 105
88 7
88 12
88 22
88 41
88 50
88 58
88 66
88 71
88 77
88 83
88 95
88 101
88 109
88 115
88 119
89 5
89 8
89 12
89 19
89 38
89 41
89 63
89 71
89 81
89 85
89 90
89 107
89 115
90 13
90 17
90 27
90 32
90 52
90 53
90 67
90 73
90 74
90 85
90 87
90 120
90 126
91 7
91 13
91 16
91 19
91 26
91 39
91 41
91 66
91 69
91 86
91 94
91 117
92 7
92 17
92 22
92 24
92 29
92 32
92 41
92 56
92 71
92 79
92 83
92 101
93 10
93 23
93 35
93 37
93 50
93 53
93 68
93 73
93 97
93 111
94 10
94 19
94 32
94 33
94 46
94 83
94 88
94 91
94 92
94 95
94 96
94 121
95 0
95 1
95 10
95 20
95 29
95 52
95 102
95 106
96 2
96 11
96 19
96 31
96 33
96 39
96 44
96 46
96 68
96 72
96 75
96 87
96 88
96 90
96 96
96 103
96 118
96 119
97 5
97 15
97 19
97 45
97 46
97 57
97 62
97 106
97 113
97 120
97 122
98 0
98 8
98 29
98 35
98 38
98 39
98 41
98 52
98 54
98 70
98 73
98 79
98 86
98 89
98 94
98 102
98 112
98 114
98 126
99 37
99 54
99 58
99 64
99 67
99 88
99 90
99 94
99 110
99 115
100 9
100 11
100 14
100 40
100 44
100 50
100 65
100 66
100 89
100 96
100 101
101 0
101 2
101 38
101 42
101 61
101 76
101 82
101 87
101 98
101 107
101 110
101 113
102 12
102 14
102 17
102 33
102 42
102 46
102 86
103 0
103 5
103 24
103 26
103 99
103 102
103 125
104 7
104 30
104 35
104 51
104 55
104 60
104 65
104 86
104 104
104 120
104 124
104 125
105 8
105 38
105 63
105 108
105 109
105 117
105 124
106 2
106 7
106 27
106 36
106 40
106 42
106 72
106 76
106 92
106 93
106 107
106 117
106 125
107 0
107 6
107 10
107 15
107 17
107 22
107 28
107 31
107 33
107 65
107 78
107 91
107 94
107 95
107 116
107 120
108 7
108 9
108 19
108 21
108 36
108 83
108 90
108 109
108 122
109 1
109 36
109 38
109 43
109 51
109 66
109 76
109 78
109 81
109 102
109 123
109 126
110 13
110 24
110 38
110 49
110 58
110 60
110 65
110 89
110 92
110 112
110 113
110 118
111 5
111 25
111 35
111 40
111 98
111 112
111 122
111 124
112 2
112 5
112 7
112 18
112 23
112 55
112 58
112 83
112 86
112 93
112 109
112 121
113 0
113 13
113 34
113 40
113 53
113 54
113 60
113 67
113 70
113 96
113 97
113 113
113 124
114 3
114 11
114 15
114 18
114 24
114 58
114 69
114 70
114 79
114 86
114 94
114 101
114 107
114 112
114 115
115 6
115 8
115 15
115 34
115 53
115 67
115 71
115 83
115 96
115 100
115 110
115 123
116 8
116 29
116 38
116 42
116 50
116 80
116 81
116 94
116 98
116 102
116 117
116 123
117 5
117 13
117 14
117 17
117 24
117 34
117 36
117 45
117 55
117 74
117 105
117 115
117 121
117 123
117 127
118 2
118 24
118 26
118 39
118 45
118 49
118 66
118 77
118 84
118 95
118 96
118 110
118 111
119 25
119 28
119 49
119 51
119 62
119 68
119 76
119 82
119 85
119 86
119 99
119 104
119 108
119 124
119 126
120 22
120 24
120 28
120 29
120 31
120 33
120 34
120 38
120 51
120 66
120 77
120 82
120 83
120 115
120 119
121 21
121 25
121 42
121 43
121 44
121 48
121 52
121 55
121 69
121 76
121 80
121 87
121 106
122 2
122 9
122 25
122 30
122 32
122 46
122 58
122 83
122 85
122 92
122 105
122 108
122 120
123 8
123 12
123 16
123 27
123 29
123 40
123 44
123 68
123 74
123 76
123 83
123 103
123 106
124 35
124 42
124 56
124 58
124 67
124 81
124 85
125 14
125 16
125 31
125 37
125 51
125 58
125 68
125 81
125 86
125 93
125 105
125 110
125 111
125 114
125 122
126 1
126 30
126 34
126 47
126 56
126 63
126 79
126 98
126 104
126 115
127 6
127 28
127 36
127 45
127 59
127 63
127 69
127 94
127 101
127 106
127 122
