0 7
0 10
0 14
0 34
0 42
0 48
0 54
0 58
0 68
0 80
0 82
0 90
0 92
0 95
0 98
0 111
0 113
0 114
0 116
0 124
0 126
1 2
1 9
1 14
1 15
1 23
1 26
1 28
1 32
1 37
1 38
1 40
1 43
1 50
1 55
1 62
1 64
1 72
1 76
1 84
1 89
1 90
1 93
1 96
1 113
1 121
1 127
2 1
2 5
2 8
2 14
2 19
2 21
2 25
2 30
2 36
2 38
2 46
2 52
2 57
2 71
2 79
2 89
2 97
2 98
2 105
2 110
2 112
2 116
3 3
3 29
3 50
3 66
3 69
3 72
3 75
3 94
3 97
3 99
3 108
3 111
3 117
3 121
4 3
4 7
4 19
4 34
4 39
4 49
4 63
4 66
4 71
4 72
4 73
4 75
4 77
4 79
4 108
4 110
4 112
4 118
4 120
5 11
5 12
5 22
5 41
5 50
5 61
5 62
5 63
5 69
5 80
5 82
5 88
5 120
5 125
5 126
6 5
6 44
6 57
6 60
6 65
6 87
6 91
6 95
6 96
6 108
6 112
6 120
7 10
7 11
7 20
7 33
7 35
7 44
7 53
7 68
7 74
7 85
7 90
7 105
7 106
7 122
7 126
7 127
8 1
8 3
8 20
8 21
8 23
8 24
8 28
8 31
8 38
8 40
8 42
8 45
8 55
8 59
8 66
8 71
8 79
8 84
8 86
8 100
8 110
8 114
8 115
8 126
9 7
9 10
9 19
9 21
9 22
9 26
9 29
9 34
9 44
9 51
9 60
9 62
9 73
9 77
9 93
9 98
9 102
9 105
9 111
9 113
9 127
10 12
10 14
10 23
10 37
10 39
10 49
10 54
10 58
10 61
10 62
10 70
10 76
10 92
10 94
10 105
10 118
10 119
11 1
11 7
11 24
11 35
11 45
11 54
11 67
11 76
11 82
11 87
11 96
11 97
11 100
11 108
11 120
11 123
11 126
12 3
12 16
12 19
12 46
12 47
12 50
12 51
12 53
12 64
12 65
12 83
12 85
12 97
12 111
12 114
12 117
12 126
13 11
13 12
13 18
13 25
13 26
13 44
13 50
13 52
13 65
13 69
13 85
13 92
13 93
13 98
13 102
13 103
13 107
13 116
13 122
13 126
14 6
14 10
14 16
14 23
14 29
14 40
14 44
14 45
14 50
14 51
14 77
14 109
14 114
14 115
14 116
14 117
14 127
15 8
15 15
15 27
15 31
15 37
15 38
15 39
15 47
15 52
15 54
15 58
15 60
15 68
15 69
15 70
15 73
15 78
15 92
15 97
15 101
15 111
16 18
16 20
16 32
16 33
16 37
16 38
16 39
16 57
16 76
16 110
16 114
16 119
16 121
16 123
16 125
17 4
17 7
17 10
17 14
17 27
17 52
17 59
17 70
17 73
17 75
17 83
17 100
17 105
17 121
17 125
17 126
18 22
18 33
18 36
18 48
18 52
18 56
18 58
18 71
18 75
18 88
18 104
18 106
18 114
18 119
19 0
19 3
19 7
19 19
19 21
19 32
19 33
19 40
19 41
19 46
19 49
19 56
19 65
19 72
19 84
19 85
19 99
19 109
19 116
19 118
20 3
20 7
20 16
20 23
20 30
20 31
20 32
20 37
20 54
20 56
20 61
20 89
20 95
20 102
20 105
20 108
20 110
20 113
20 115
20 119
20 124
20 125
21 1
21 5
21 11
21 15
21 21
21 28
21 37
21 38
21 48
21 54
21 55
21 65
21 71
21 72
21 81
21 97
21 99
21 106
21 111
21 122
22 0
22 4
22 15
22 21
22 31
22 35
22 36
22 45
22 50
22 54
22 63
22 88
22 90
22 93
22 107
22 112
22 118
23 4
23 13
23 15
23 21
23 26
23 27
23 35
23 38
23 41
23 46
23 57
23 64
23 66
23 74
23 82
23 85
23 88
23 119
24 4
24 19
24 26
24 27
24 34
24 36
24 43
24 44
24 58
24 64
24 69
24 72
24 73
24 74
24 77
24 80
24 81
24 102
24 123
24 125
25 3
25 19
25 23
25 25
25 34
25 52
25 61
25 64
25 72
25 84
25 93
25 101
25 110
25 122
25 123
25 127
26 8
26 12
26 14
26 15
26 24
26 36
26 38
26 39
26 59
26 64
26 72
26 81
26 82
26 83
26 88
26 89
26 98
26 100
26 115
26 118
26 123
27 2
27 5
27 19
27 20
27 21
27 22
27 24
27 34
27 41
27 55
27 57
27 58
27 59
27 60
27 61
27 62
27 63
27 64
27 68
27 72
27 73
27 74
27 76
27 78
27 83
27 86
27 89
27 98
27 99
27 107
27 115
27 118
28 0
28 1
28 10
28 17
28 27
28 29
28 42
28 45
28 46
28 49
28 52
28 56
28 62
28 69
28 77
28 79
28 91
28 99
28 111
28 117
28 124
29 2
29 12
29 20
29 31
29 35
29 40
29 41
29 47
29 50
29 69
29 75
29 77
29 105
29 107
29 112
29 120
30 16
30 28
30 30
30 32
30 33
30 37
30 81
30 89
30 92
30 97
30 118
30 123
30 127
31 7
31 13
31 22
31 30
31 33
31 54
31 56
31 59
31 66
31 71
31 74
31 75
31 79
31 81
31 96
31 102
31 105
31 111
31 116
31 123
31 125
32 0
32 1
32 3
32 10
32 12
32 39
32 47
32 66
32 70
32 76
32 77
32 82
32 86
32 99
32 103
32 105
32 109
32 113
32 116
32 121
33 0
33 5
33 20
33 21
33 23
33 29
33 34
33 38
33 55
33 56
33 57
33 58
33 63
33 76
33 77
33 80
33 82
33 84
33 86
33 91
33 94
33 114
33 122
33 127
34 8
34 15
34 16
34 23
34 29
34 39
34 42
34 59
34 60
34 73
34 75
34 87
34 101
34 104
34 108
34 116
35 1
35 11
35 22
35 25
35 34
35 37
35 38
35 49
35 54
35 57
35 62
35 64
35 66
35 77
35 81
35 95
35 98
35 100
35 105
35 111
35 118
35 120
35 125
36 3
36 6
36 12
36 28
36 33
36 42
36 43
36 50
36 58
36 62
36 64
36 66
36 78
36 110
36 113
36 117
37 2
37 4
37 6
37 17
37 19
37 31
37 33
37 37
37 46
37 47
37 50
37 52
37 77
37 80
37 86
37 99
37 105
37 116
37 118
37 126
38 0
38 3
38 8
38 14
38 18
38 24
38 26
38 31
38 40
38 46
38 48
38 51
38 53
38 55
38 59
38 69
38 81
38 85
38 86
38 90
38 100
38 107
38 108
38 121
38 122
38 125
39 43
39 47
39 52
39 60
39 62
39 65
39 70
39 82
39 87
39 97
39 119
39 126
40 2
40 3
40 5
40 13
40 30
40 43
40 46
40 55
40 60
40 62
40 63
40 72
40 74
40 98
40 103
40 112
40 115
40 123
41 4
41 7
41 10
41 13
41 14
41 15
41 25
41 27
41 28
41 36
41 42
41 46
41 50
41 67
41 70
41 72
41 76
41 82
41 83
41 84
41 85
41 86
41 93
41 111
41 113
41 114
41 124
42 6
42 8
42 15
42 28
42 37
42 46
42 47
42 53
42 61
42 82
42 85
42 87
42 89
42 102
42 107
42 121
42 125
43 4
43 7
43 20
43 26
43 27
43 33
43 42
43 48
43 50
43 51
43 65
43 68
43 92
43 95
43 110
43 115
44 6
44 10
44 17
44 24
44 27
44 32
44 36
44 44
44 49
44 74
44 81
44 82
44 85
44 93
44 94
44 97
44 101
44 106
44 111
44 120
44 122
44 127
45 13
45 19
45 33
45 40
45 46
45 52
45 53
45 55
45 63
45 74
45 76
45 77
45 92
45 100
45 101
45 113
45 114
45 125
46 0
46 1
46 13
46 15
46 22
46 27
46 33
46 41
46 44
46 46
46 49
46 52
46 75
46 77
46 79
46 82
46 99
46 105
46 106
46 109
46 124
46 126
47 3
47 16
47 21
47 29
47 33
47 48
47 53
47 54
47 56
47 61
47 65
47 76
47 82
47 83
47 85
47 92
47 94
47 103
47 110
47 113
47 118
47 124
47 126
48 9
48 20
48 23
48 24
48 29
48 30
48 36
48 43
48 46
48 51
48 63
48 65
48 69
48 75
48 83
48 90
48 99
48 107
48 110
48 111
48 123
48 124
49 9
49 13
49 17
49 30
49 33
49 39
49 49
49 50
49 51
49 60
49 63
49 65
49 71
49 98
49 108
49 113
49 121
49 124
50 9
50 12
50 21
50 23
50 24
50 27
50 32
50 34
50 50
50 53
50 65
50 70
50 74
50 88
50 94
50 104
50 114
50 117
50 118
50 119
50 122
50 123
51 1
51 6
51 9
51 17
51 30
51 31
51 36
51 42
51 43
51 58
51 61
51 63
51 71
51 78
51 90
51 92
51 107
51 108
51 110
51 122
51 124
52 13
52 21
52 37
52 39
52 41
52 43
52 44
52 47
52 52
52 59
52 62
52 70
52 75
52 80
52 81
52 98
52 105
52 112
52 118
52 122
53 1
53 2
53 17
53 18
53 20
53 25
53 26
53 36
53 38
53 47
53 52
53 62
53 68
53 70
53 73
53 76
53 84
53 91
53 98
53 103
53 113
53 125
53 126
54 9
54 15
54 19
54 23
54 27
54 29
54 64
54 80
54 81
54 85
54 104
54 125
55 13
55 25
55 28
55 30
55 33
55 40
55 42
55 46
55 53
55 55
55 61
55 67
55 72
55 79
55 90
55 108
55 121
55 126
55 127
56 2
56 6
56 19
56 20
56 21
56 23
56 29
56 38
56 52
56 57
56 59
56 62
56 82
56 90
56 98
56 102
56 103
56 104
56 126
57 10
57 21
57 29
57 30
57 37
57 43
57 50
57 53
57 54
57 57
57 59
57 61
57 63
57 66
57 69
57 73
57 78
57 83
57 91
57 95
57 99
57 106
57 112
57 118
58 1
58 7
58 15
58 37
58 38
58 39
58 48
58 60
58 63
58 70
58 76
58 94
58 103
58 109
58 110
58 112
58 113
58 126
58 127
59 1
59 6
59 8
59 10
59 13
59 15
59 18
59 28
59 37
59 38
59 40
59 45
59 48
59 50
59 69
59 75
59 88
59 97
59 99
59 109
59 123
59 126
60 7
60 8
60 19
60 23
60 37
60 41
60 42
60 45
60 59
60 60
60 61
60 64
60 70
60 79
60 85
60 100
60 102
60 113
60 126
61 0
61 2
61 16
61 22
61 24
61 27
61 34
61 35
61 42
61 50
61 53
61 55
61 58
61 73
61 77
61 80
61 89
61 99
61 104
61 107
61 108
61 109
61 110
61 112
61 125
62 14
62 19
62 49
62 55
62 56
62 60
62 61
62 62
62 63
62 68
62 73
62 74
62 85
62 89
62 98
62 103
62 105
62 112
63 1
63 7
63 8
63 15
63 33
63 35
63 39
63 49
63 67
63 70
63 79
63 88
63 93
63 94
63 97
63 104
63 106
63 110
63 111
63 117
63 121
64 0
64 2
64 15
64 17
64 25
64 26
64 62
64 63
64 69
64 70
64 93
64 94
64 105
64 106
64 108
64 109
64 122
64 124
65 0
65 5
65 7
65 14
65 19
65 25
65 44
65 51
65 57
65 65
65 77
65 78
65 85
65 94
65 103
65 109
65 110
66 0
66 6
66 14
66 17
66 29
66 31
66 37
66 47
66 52
66 64
66 68
66 77
66 82
66 85
66 105
66 106
66 110
66 111
66 119
66 125
67 16
67 27
67 33
67 49
67 51
67 52
67 53
67 64
67 69
67 71
67 82
67 83
67 87
67 105
67 109
67 113
67 121
67 123
68 3
68 7
68 17
68 22
68 23
68 32
68 50
68 64
68 69
68 75
68 77
68 80
68 89
68 90
68 93
68 103
68 105
68 108
68 118
68 122
69 0
69 2
69 19
69 28
69 29
69 36
69 37
69 39
69 51
69 57
69 59
69 67
69 68
69 74
69 81
69 88
69 99
69 103
69 105
69 110
69 113
69 125
70 4
70 6
70 11
70 23
70 30
70 35
70 37
70 42
70 46
70 56
70 61
70 62
70 66
70 76
70 78
70 99
70 104
70 110
70 116
70 121
70 122
71 4
71 9
71 11
71 26
71 40
71 42
71 43
71 47
71 50
71 62
71 86
71 97
71 111
71 113
71 120
71 124
72 1
72 8
72 33
72 37
72 38
72 46
72 51
72 52
72 58
72 59
72 68
72 74
72 75
72 80
72 81
72 88
72 93
72 108
72 109
72 117
73 6
73 9
73 12
73 17
73 18
73 42
73 45
73 46
73 54
73 61
73 66
73 74
73 77
73 82
73 86
73 95
73 96
73 115
73 118
73 122
73 126
74 0
74 17
74 29
74 41
74 50
74 62
74 70
74 92
74 103
74 115
75 6
75 18
75 22
75 29
75 31
75 36
75 40
75 47
75 52
75 54
75 58
75 62
75 69
75 72
75 74
75 75
75 77
75 80
75 85
75 100
75 103
75 104
75 108
75 118
75 127
76 0
76 2
76 3
76 5
76 18
76 30
76 35
76 38
76 40
76 47
76 50
76 56
76 66
76 79
76 88
76 90
76 111
76 117
77 5
77 27
77 34
77 39
77 54
77 58
77 61
77 83
77 86
77 89
77 94
77 97
77 114
77 122
78 9
78 19
78 27
78 39
78 50
78 53
78 56
78 68
78 75
78 80
78 85
78 86
78 89
78 90
78 99
78 104
78 106
78 125
79 10
79 16
79 19
79 37
79 41
79 43
79 51
79 60
79 67
79 73
79 74
79 75
79 86
79 87
79 101
79 106
79 110
79 112
79 118
79 120
79 123
79 127
80 5
80 7
80 20
80 23
80 33
80 41
80 54
80 55
80 56
80 60
80 66
80 68
80 77
80 79
80 83
80 87
80 88
80 94
80 102
80 103
80 106
80 109
80 119
80 127
81 5
81 9
81 13
81 29
81 30
81 35
81 37
81 46
81 47
81 67
81 77
81 79
81 81
81 89
81 93
81 104
81 107
81 115
81 126
82 1
82 2
82 20
82 21
82 24
82 25
82 26
82 31
82 35
82 41
82 48
82 52
82 54
82 60
82 62
82 70
82 78
82 79
82 82
82 92
82 93
82 97
82 104
82 105
82 107
82 111
83 10
83 14
83 16
83 42
83 47
83 50
83 63
83 67
83 81
83 88
83 101
83 104
84 13
84 19
84 21
84 42
84 51
84 64
84 84
84 96
84 99
84 106
84 115
84 117
84 120
84 122
85 0
85 4
85 5
85 19
85 20
85 22
85 23
85 25
85 27
85 28
85 36
85 40
85 51
85 54
85 58
85 61
85 65
85 70
85 89
85 91
85 97
86 6
86 10
86 13
86 18
86 22
86 29
86 37
86 40
86 43
86 44
86 48
86 49
86 51
86 57
86 60
86 63
86 74
86 81
86 94
86 101
86 105
86 111
86 117
86 126
87 39
87 43
87 46
87 49
87 50
87 74
87 75
87 78
87 83
87 95
87 101
87 102
87 110
87 115
87 126
88 0
88 6
88 7
88 8
88 17
88 21
88 22
88 32
88 35
88 42
88 46
88 49
88 58
88 63
88 69
88 70
88 71
88 72
88 76
88 87
88 90
88 92
88 94
88 98
88 112
88 119
88 120
88 124
89 5
89 10
89 12
89 20
89 23
89 24
89 29
89 32
89 35
89 37
89 44
89 58
89 60
89 66
89 68
89 71
89 72
89 76
89 80
89 83
89 99
89 101
89 102
89 106
89 114
89 125
90 7
90 13
90 17
90 23
90 24
90 25
90 26
90 29
90 33
90 45
90 46
90 51
90 57
90 61
90 76
90 80
90 86
90 96
90 105
90 106
90 112
91 19
91 26
91 27
91 29
91 44
91 48
91 59
91 65
91 66
91 67
91 70
91 76
91 77
91 79
91 89
91 101
91 104
91 119
91 121
92 13
92 20
92 22
92 26
92 32
92 36
92 51
92 55
92 82
92 90
92 100
92 107
92 111
92 117
92 126
93 0
93 2
93 3
93 10
93 11
93 20
93 22
93 31
93 34
93 42
93 46
93 54
93 55
93 75
93 79
93 82
93 87
93 88
93 89
93 93
93 94
93 95
93 100
93 112
94 3
94 14
94 21
94 30
94 31
94 43
94 46
94 50
94 60
94 67
94 88
94 93
94 103
94 109
94 118
94 126
95 32
95 37
95 39
95 44
95 61
95 78
95 80
95 87
95 89
95 90
95 96
95 116
96 16
96 19
96 30
96 32
96 33
96 37
96 38
96 50
96 51
96 70
96 76
96 95
96 96
96 101
96 102
96 107
96 121
96 125
97 8
97 12
97 14
97 20
97 22
97 58
97 73
97 84
97 87
97 91
97 96
97 109
97 113
97 116
97 121
98 19
98 20
98 31
98 35
98 48
98 51
98 54
98 60
98 67
98 69
98 70
98 77
98 91
98 97
98 100
98 102
98 126
99 3
99 9
99 24
99 35
99 47
99 49
99 62
99 67
99 73
99 81
99 85
99 98
99 109
100 6
100 10
100 11
100 13
100 19
100 20
100 21
100 33
100 37
100 43
100 44
100 52
100 59
100 64
100 80
100 88
100 95
100 103
100 118
100 125
101 3
101 27
101 29
101 33
101 34
101 40
101 49
101 71
101 83
101 84
101 100
101 103
101 117
101 121
101 127
102 8
102 13
102 23
102 32
102 33
102 40
102 49
102 50
102 51
102 53
102 54
102 60
102 75
102 82
102 86
102 90
102 94
102 103
102 105
102 106
102 107
102 115
102 123
103 0
103 8
103 11
103 13
103 16
103 20
103 29
103 34
103 46
103 47
103 59
103 71
103 83
103 86
103 89
103 101
103 106
103 116
103 119
103 122
104 2
104 4
104 8
104 11
104 12
104 14
104 15
104 50
104 54
104 56
104 59
104 68
104 73
104 79
104 84
104 106
104 114
104 116
104 118
104 127
105 3
105 18
105 33
105 39
105 46
105 55
105 64
105 67
105 68
105 69
105 82
105 88
105 92
105 99
105 102
105 107
105 108
105 119
105 121
105 122
105 123
106 10
106 13
106 14
106 18
106 27
106 37
106 41
106 45
106 59
106 68
106 73
106 76
106 86
106 98
106 123
107 1
107 4
107 10
107 13
107 14
107 20
107 28
107 39
107 48
107 52
107 54
107 58
107 59
107 62
107 79
107 82
107 93
107 107
107 109
107 114
108 6
108 7
108 12
108 18
108 24
108 29
108 35
108 42
108 46
108 52
108 58
108 62
108 65
108 75
108 77
108 81
108 83
108 90
108 92
108 98
108 102
108 105
108 108
108 109
108 117
108 127
109 4
109 5
109 12
109 16
109 23
109 27
109 29
109 41
109 44
109 51
109 77
109 80
109 82
109 84
109 91
109 92
109 97
109 107
109 110
109 120
109 123
109 124
109 125
110 7
110 17
110 18
110 28
110 47
110 56
110 91
110 101
110 105
110 108
110 110
110 125
110 126
111 5
111 6
111 8
111 9
111 30
111 35
111 52
111 54
111 56
111 60
111 61
111 67
111 68
111 71
111 89
111 97
111 99
111 115
111 121
112 2
112 3
112 11
112 16
112 22
112 38
112 42
112 43
112 46
112 48
112 50
112 64
112 66
112 88
112 90
112 93
112 119
113 7
113 20
113 22
113 23
113 26
113 32
113 38
113 41
113 44
113 64
113 68
113 74
113 84
113 89
113 99
113 109
113 110
113 113
113 127
114 17
114 25
114 31
114 47
114 48
114 55
114 72
114 76
114 94
114 99
114 105
115 3
115 6
115 20
115 22
115 23
115 24
115 51
115 53
115 55
115 57
115 76
115 84
115 89
115 93
115 95
115 96
115 105
115 124
116 6
116 14
116 17
116 38
116 41
116 45
116 49
116 64
116 92
116 95
116 110
116 112
116 119
116 126
117 0
117 3
117 14
117 19
117 21
117 22
117 26
117 34
117 39
117 52
117 65
117 69
117 81
117 82
117 88
117 96
117 98
117 100
117 101
117 105
118 1
118 22
118 26
118 30
118 47
118 50
118 68
118 71
118 82
118 89
118 100
118 101
118 105
118 112
118 113
118 116
119 9
119 23
119 26
119 33
119 35
119 44
119 47
119 51
119 52
119 62
119 74
119 102
119 104
119 109
119 113
119 120
119 127
120 3
120 16
120 18
120 21
120 24
120 25
120 33
120 34
120 54
120 55
120 58
120 59
120 60
120 71
120 96
120 99
120 105
120 106
120 108
120 109
120 119
120 126
121 2
121 4
121 8
121 29
121 33
121 36
121 37
121 51
121 54
121 56
121 67
121 68
121 71
121 73
121 79
121 90
121 91
121 97
121 100
121 110
121 111
121 119
121 123
122 27
122 36
122 55
122 57
122 58
122 59
122 64
122 73
122 80
122 81
122 86
122 97
122 108
122 112
122 115
122 116
123 2
123 12
123 21
123 22
123 23
123 26
123 56
123 61
123 62
123 71
123 72
123 96
123 116
123 117
123 118
123 125
123 127
124 4
124 13
124 14
124 15
124 18
124 20
124 23
124 47
124 49
124 51
124 59
124 61
124 70
124 73
124 76
124 79
124 85
124 91
124 92
124 108
124 117
125 3
125 8
125 25
125 35
125 42
125 48
125 55
125 56
125 64
125 67
125 76
125 78
125 91
125 96
125 99
125 111
125 117
125 123
126 5
126 6
126 10
126 16
126 30
126 34
126 36
126 42
126 46
126 54
126 57
126 62
126 63
126 64
126 67
126 83
126 92
126 98
126 106
126 115
126 117
126 126
126 127
127 0
127 9
127 10
127 12
127 20
127 29
127 31
127 36
127 46
127 53
127 56
127 59
127 61
127 62
127 66
127 67
127 83
127 90
127 98
127 104
127 108
127 116
127 118
127 119
127 123
127 124
127 127
