0 1
0 5
0 6
0 7
0 8
0 9
0 10
0 11
0 16
0 21
0 23
0 25
0 26
0 28
0 32
0 33
0 35
0 37
0 38
0 41
0 42
0 44
0 45
0 47
0 53
0 54
0 55
0 60
0 61
0 63
0 64
0 68
0 70
0 73
0 75
0 76
0 77
0 80
0 82
0 84
0 85
0 87
0 88
0 90
0 93
0 95
0 99
0 101
0 106
0 108
0 109
0 110
0 114
0 117
0 120
0 123
0 124
0 125
0 127
1 1
1 5
1 6
1 11
1 14
1 15
1 17
1 18
1 24
1 25
1 26
1 30
1 32
1 33
1 34
1 38
1 46
1 47
1 51
1 56
1 59
1 62
1 63
1 65
1 72
1 73
1 78
1 79
1 80
1 83
1 88
1 90
1 93
1 95
1 96
1 97
1 98
1 100
1 103
1 112
1 113
1 117
1 119
1 121
1 124
1 126
1 127
2 0
2 1
2 5
2 8
2 9
2 10
2 12
2 15
2 17
2 19
2 20
2 23
2 25
2 27
2 31
2 33
2 36
2 37
2 41
2 42
2 43
2 47
2 49
2 53
2 56
2 59
2 61
2 62
2 64
2 67
2 68
2 72
2 73
2 75
2 76
2 77
2 81
2 83
2 85
2 87
2 90
2 91
2 95
2 96
2 97
2 98
2 101
2 102
2 103
2 104
2 105
2 109
2 111
2 112
2 114
2 117
2 119
2 120
2 121
2 125
3 2
3 3
3 4
3 6
3 9
3 11
3 13
3 14
3 17
3 18
3 19
3 20
3 21
3 22
3 24
3 26
3 30
3 32
3 33
3 35
3 37
3 39
3 42
3 44
3 45
3 47
3 48
3 50
3 52
3 53
3 56
3 61
3 64
3 69
3 70
3 71
3 76
3 78
3 79
3 80
3 81
3 82
3 83
3 87
3 88
3 91
3 92
3 93
3 94
3 95
3 96
3 101
3 103
3 105
3 106
3 107
3 108
3 109
3 110
3 115
3 119
3 121
3 123
3 124
3 126
3 127
4 2
4 3
4 4
4 9
4 10
4 11
4 17
4 19
4 20
4 21
4 22
4 24
4 26
4 27
4 31
4 32
4 33
4 36
4 37
4 38
4 39
4 46
4 47
4 50
4 51
4 52
4 54
4 55
4 57
4 59
4 62
4 63
4 64
4 65
4 68
4 69
4 70
4 72
4 74
4 75
4 76
4 78
4 80
4 83
4 89
4 92
4 93
4 94
4 95
4 97
4 98
4 99
4 100
4 101
4 102
4 106
4 107
4 114
4 115
4 116
4 119
4 120
4 121
4 122
4 123
4 124
4 126
5 1
5 2
5 3
5 5
5 6
5 7
5 8
5 9
5 10
5 11
5 12
5 14
5 15
5 19
5 21
5 22
5 24
5 26
5 27
5 28
5 29
5 30
5 31
5 32
5 34
5 36
5 48
5 49
5 51
5 53
5 56
5 58
5 59
5 60
5 64
5 65
5 69
5 71
5 75
5 76
5 78
5 82
5 83
5 84
5 88
5 90
5 95
5 97
5 98
5 100
5 102
5 110
5 113
5 114
5 118
5 119
5 122
5 123
5 126
5 127
6 2
6 6
6 11
6 12
6 13
6 14
6 15
6 16
6 20
6 22
6 23
6 24
6 25
6 27
6 31
6 35
6 39
6 40
6 41
6 42
6 44
6 46
6 49
6 51
6 52
6 55
6 59
6 61
6 63
6 64
6 74
6 75
6 80
6 82
6 83
6 86
6 88
6 90
6 91
6 93
6 98
6 108
6 109
6 110
6 111
6 113
6 115
6 117
6 121
6 122
6 124
6 127
7 0
7 3
7 4
7 6
7 8
7 9
7 10
7 15
7 18
7 20
7 21
7 23
7 24
7 25
7 26
7 29
7 31
7 33
7 35
7 36
7 39
7 40
7 42
7 44
7 46
7 47
7 49
7 55
7 60
7 61
7 62
7 63
7 64
7 66
7 68
7 73
7 74
7 78
7 84
7 85
7 90
7 91
7 93
7 94
7 95
7 98
7 99
7 101
7 102
7 105
7 106
7 108
7 111
7 113
7 114
7 119
7 122
7 124
7 127
8 2
8 3
8 7
8 8
8 9
8 10
8 12
8 13
8 17
8 18
8 19
8 20
8 21
8 22
8 24
8 25
8 28
8 29
8 32
8 39
8 44
8 45
8 47
8 48
8 49
8 50
8 51
8 54
8 56
8 57
8 61
8 62
8 63
8 65
8 67
8 68
8 69
8 70
8 72
8 73
8 74
8 75
8 77
8 78
8 80
8 82
8 83
8 90
8 91
8 94
8 95
8 96
8 97
8 98
8 100
8 101
8 102
8 103
8 104
8 105
8 108
8 110
8 113
8 114
8 115
8 116
8 119
8 120
8 121
8 123
8 124
8 125
8 126
8 127
9 1
9 2
9 3
9 8
9 9
9 11
9 12
9 14
9 16
9 17
9 19
9 20
9 21
9 22
9 23
9 27
9 32
9 33
9 34
9 35
9 36
9 43
9 45
9 46
9 50
9 51
9 52
9 53
9 55
9 56
9 58
9 60
9 63
9 64
9 65
9 66
9 71
9 72
9 73
9 78
9 79
9 80
9 81
9 82
9 84
9 85
9 88
9 89
9 91
9 92
9 95
9 97
9 100
9 102
9 103
9 104
9 106
9 107
9 108
9 110
9 112
9 114
9 118
9 119
9 122
9 126
10 0
10 3
10 4
10 5
10 8
10 9
10 10
10 12
10 18
10 19
10 24
10 29
10 32
10 34
10 37
10 40
10 41
10 44
10 45
10 47
10 48
10 55
10 57
10 60
10 62
10 64
10 65
10 69
10 70
10 73
10 74
10 75
10 77
10 80
10 83
10 85
10 89
10 92
10 94
10 96
10 98
10 103
10 104
10 105
10 107
10 108
10 114
10 116
10 122
10 123
10 124
10 125
10 127
11 0
11 1
11 3
11 4
11 5
11 11
11 12
11 14
11 16
11 17
11 19
11 25
11 26
11 29
11 30
11 34
11 38
11 40
11 43
11 45
11 50
11 55
11 57
11 58
11 60
11 62
11 63
11 64
11 67
11 68
11 69
11 71
11 73
11 75
11 78
11 79
11 82
11 84
11 85
11 87
11 90
11 95
11 96
11 98
11 99
11 100
11 105
11 108
11 112
11 113
11 114
11 119
11 120
11 121
11 122
11 123
12 0
12 7
12 8
12 11
12 18
12 21
12 22
12 23
12 26
12 28
12 32
12 33
12 34
12 35
12 36
12 37
12 38
12 39
12 40
12 42
12 45
12 46
12 47
12 48
12 49
12 52
12 55
12 56
12 58
12 59
12 60
12 63
12 64
12 66
12 67
12 68
12 69
12 70
12 71
12 72
12 73
12 74
12 80
12 92
12 102
12 103
12 104
12 107
12 108
12 110
12 111
12 113
12 116
12 117
12 121
12 126
12 127
13 0
13 1
13 2
13 3
13 4
13 5
13 6
13 7
13 8
13 9
13 10
13 13
13 15
13 17
13 21
13 25
13 26
13 27
13 32
13 33
13 34
13 37
13 38
13 46
13 47
13 48
13 49
13 50
13 51
13 59
13 64
13 67
13 68
13 73
13 75
13 76
13 77
13 78
13 85
13 88
13 89
13 90
13 91
13 92
13 93
13 94
13 96
13 99
13 103
13 108
13 109
13 112
13 113
13 118
13 119
13 120
13 125
14 0
14 1
14 2
14 7
14 10
14 11
14 13
14 17
14 20
14 23
14 26
14 29
14 31
14 32
14 33
14 36
14 43
14 47
14 49
14 50
14 52
14 53
14 57
14 60
14 61
14 65
14 66
14 67
14 69
14 70
14 77
14 79
14 80
14 81
14 83
14 84
14 85
14 88
14 89
14 90
14 96
14 97
14 98
14 99
14 100
14 102
14 105
14 106
14 107
14 111
14 112
14 116
14 117
14 118
14 119
14 120
14 122
14 123
14 125
15 0
15 2
15 4
15 5
15 10
15 12
15 13
15 18
15 19
15 23
15 24
15 27
15 28
15 29
15 31
15 32
15 36
15 37
15 38
15 41
15 45
15 48
15 49
15 54
15 57
15 63
15 72
15 75
15 77
15 82
15 83
15 86
15 88
15 89
15 90
15 93
15 94
15 95
15 96
15 97
15 98
15 99
15 101
15 104
15 109
15 110
15 112
15 123
15 124
15 126
15 127
16 3
16 5
16 8
16 10
16 11
16 13
16 15
16 17
16 20
16 22
16 23
16 26
16 28
16 29
16 30
16 35
16 42
16 43
16 44
16 45
16 46
16 49
16 53
16 55
16 57
16 60
16 63
16 64
16 65
16 69
16 70
16 71
16 75
16 76
16 77
16 78
16 79
16 80
16 82
16 84
16 87
16 88
16 89
16 92
16 93
16 102
16 103
16 106
16 109
16 111
16 112
16 115
16 117
16 119
16 122
16 124
16 126
17 0
17 1
17 3
17 7
17 9
17 13
17 14
17 20
17 24
17 26
17 28
17 31
17 32
17 33
17 34
17 35
17 37
17 38
17 40
17 42
17 43
17 45
17 46
17 48
17 49
17 52
17 53
17 58
17 60
17 61
17 64
17 65
17 68
17 71
17 74
17 75
17 83
17 84
17 86
17 89
17 95
17 96
17 98
17 100
17 105
17 106
17 107
17 108
17 110
17 120
17 121
17 122
17 125
18 4
18 7
18 8
18 9
18 11
18 12
18 13
18 14
18 15
18 18
18 20
18 21
18 22
18 23
18 25
18 26
18 27
18 31
18 32
18 33
18 35
18 36
18 38
18 39
18 43
18 44
18 47
18 50
18 52
18 54
18 55
18 59
18 61
18 63
18 67
18 68
18 70
18 73
18 75
18 78
18 81
18 91
18 92
18 93
18 94
18 97
18 98
18 107
18 109
18 110
18 112
18 113
18 117
18 120
18 124
19 0
19 2
19 5
19 7
19 8
19 12
19 13
19 14
19 16
19 18
19 20
19 23
19 24
19 26
19 28
19 31
19 35
19 41
19 42
19 43
19 46
19 48
19 49
19 52
19 53
19 54
19 55
19 56
19 61
19 63
19 67
19 71
19 74
19 78
19 79
19 80
19 81
19 85
19 86
19 87
19 89
19 92
19 93
19 94
19 101
19 102
19 104
19 106
19 109
19 110
19 111
19 112
19 114
19 115
19 117
19 118
19 124
20 1
20 2
20 3
20 6
20 7
20 8
20 11
20 12
20 13
20 15
20 17
20 20
20 21
20 25
20 30
20 34
20 37
20 38
20 39
20 41
20 42
20 43
20 44
20 46
20 50
20 51
20 52
20 53
20 54
20 55
20 58
20 60
20 61
20 62
20 63
20 66
20 67
20 69
20 71
20 73
20 75
20 79
20 80
20 83
20 84
20 86
20 87
20 88
20 89
20 91
20 92
20 93
20 99
20 100
20 101
20 102
20 108
20 111
20 112
20 113
20 114
20 117
20 121
20 124
20 125
21 0
21 9
21 10
21 11
21 12
21 15
21 19
21 21
21 23
21 24
21 26
21 28
21 33
21 37
21 39
21 40
21 41
21 42
21 44
21 47
21 53
21 54
21 55
21 56
21 57
21 60
21 63
21 64
21 65
21 66
21 68
21 69
21 70
21 75
21 76
21 78
21 79
21 80
21 81
21 82
21 86
21 88
21 89
21 92
21 93
21 94
21 95
21 100
21 102
21 105
21 109
21 111
21 112
21 113
21 116
21 117
21 120
21 121
21 123
21 125
22 0
22 1
22 3
22 6
22 8
22 9
22 11
22 12
22 13
22 15
22 16
22 19
22 20
22 21
22 22
22 23
22 28
22 30
22 33
22 34
22 35
22 37
22 38
22 42
22 43
22 45
22 46
22 47
22 48
22 49
22 50
22 52
22 56
22 60
22 61
22 63
22 64
22 67
22 70
22 74
22 75
22 79
22 81
22 83
22 84
22 85
22 87
22 89
22 94
22 96
22 100
22 102
22 104
22 106
22 107
22 110
22 114
22 115
22 117
22 118
22 120
22 121
23 0
23 3
23 7
23 9
23 10
23 11
23 15
23 16
23 19
23 21
23 22
23 24
23 25
23 27
23 29
23 30
23 31
23 32
23 35
23 40
23 41
23 42
23 43
23 44
23 47
23 49
23 51
23 52
23 56
23 57
23 58
23 59
23 60
23 63
23 66
23 70
23 75
23 76
23 77
23 78
23 85
23 87
23 89
23 92
23 95
23 97
23 98
23 103
23 105
23 108
23 109
23 114
23 116
23 120
23 121
23 123
23 125
24 0
24 1
24 4
24 5
24 7
24 8
24 9
24 11
24 17
24 18
24 24
24 25
24 26
24 27
24 28
24 29
24 33
24 37
24 40
24 42
24 43
24 44
24 46
24 47
24 48
24 49
24 51
24 52
24 53
24 54
24 59
24 62
24 63
24 65
24 68
24 72
24 74
24 75
24 78
24 79
24 81
24 85
24 88
24 89
24 90
24 91
24 94
24 96
24 99
24 100
24 101
24 102
24 106
24 107
24 109
24 110
24 111
24 114
24 115
24 116
24 118
24 119
24 120
24 121
24 123
24 124
25 2
25 5
25 6
25 7
25 8
25 9
25 12
25 14
25 15
25 16
25 17
25 25
25 27
25 29
25 34
25 35
25 36
25 38
25 39
25 42
25 43
25 47
25 51
25 53
25 55
25 59
25 61
25 64
25 71
25 74
25 77
25 78
25 80
25 82
25 83
25 84
25 85
25 87
25 88
25 92
25 93
25 97
25 98
25 99
25 100
25 104
25 111
25 112
25 114
25 118
25 122
25 124
25 125
25 126
26 0
26 3
26 5
26 9
26 10
26 14
26 17
26 24
26 25
26 26
26 30
26 32
26 33
26 34
26 38
26 40
26 44
26 46
26 49
26 51
26 53
26 57
26 58
26 59
26 60
26 66
26 67
26 68
26 70
26 71
26 72
26 76
26 77
26 79
26 81
26 84
26 86
26 87
26 89
26 91
26 97
26 98
26 99
26 102
26 106
26 107
26 109
26 111
26 112
26 115
26 116
26 119
26 120
26 123
26 124
26 125
26 126
27 0
27 1
27 3
27 7
27 8
27 11
27 12
27 16
27 17
27 18
27 19
27 20
27 22
27 25
27 27
27 33
27 34
27 38
27 41
27 42
27 43
27 49
27 55
27 56
27 57
27 62
27 63
27 64
27 65
27 68
27 69
27 71
27 73
27 75
27 76
27 79
27 80
27 81
27 82
27 83
27 88
27 90
27 91
27 94
27 95
27 97
27 101
27 104
27 108
27 110
27 112
27 113
27 114
27 117
27 119
27 122
27 124
27 125
27 126
28 0
28 1
28 2
28 8
28 11
28 12
28 13
28 16
28 22
28 26
28 29
28 31
28 34
28 36
28 38
28 39
28 40
28 41
28 47
28 49
28 53
28 55
28 58
28 59
28 60
28 63
28 67
28 69
28 70
28 71
28 73
28 75
28 76
28 77
28 79
28 84
28 87
28 88
28 89
28 90
28 92
28 93
28 95
28 97
28 100
28 102
28 108
28 109
28 110
28 111
28 113
28 116
28 117
28 118
28 119
28 120
28 122
28 124
28 125
28 127
29 2
29 6
29 7
29 11
29 13
29 14
29 16
29 18
29 21
29 23
29 26
29 36
29 37
29 38
29 42
29 44
29 46
29 51
29 53
29 59
29 60
29 62
29 63
29 65
29 66
29 69
29 71
29 73
29 74
29 75
29 79
29 80
29 83
29 84
29 86
29 93
29 95
29 96
29 99
29 105
29 107
29 110
29 111
29 113
29 116
29 117
29 118
29 123
29 124
29 125
29 126
29 127
30 1
30 3
30 5
30 6
30 7
30 8
30 10
30 18
30 21
30 22
30 24
30 28
30 29
30 31
30 32
30 33
30 35
30 38
30 41
30 42
30 43
30 44
30 54
30 55
30 59
30 60
30 62
30 64
30 66
30 68
30 69
30 71
30 73
30 74
30 75
30 76
30 77
30 78
30 79
30 82
30 84
30 88
30 91
30 92
30 93
30 98
30 100
30 101
30 102
30 103
30 105
30 107
30 108
30 111
30 112
30 113
30 115
30 118
30 119
30 121
30 122
30 124
30 125
30 126
31 0
31 2
31 3
31 4
31 6
31 8
31 9
31 11
31 20
31 22
31 24
31 25
31 26
31 28
31 30
31 31
31 32
31 33
31 34
31 37
31 39
31 49
31 51
31 54
31 55
31 56
31 57
31 59
31 60
31 62
31 63
31 65
31 66
31 68
31 69
31 75
31 78
31 79
31 82
31 83
31 84
31 86
31 87
31 88
31 90
31 94
31 96
31 98
31 100
31 103
31 105
31 107
31 110
31 112
31 114
31 116
31 117
31 118
31 119
31 124
32 3
32 4
32 5
32 6
32 7
32 8
32 9
32 10
32 13
32 15
32 17
32 22
32 25
32 28
32 30
32 31
32 32
32 35
32 36
32 38
32 40
32 43
32 44
32 47
32 48
32 51
32 54
32 55
32 57
32 58
32 59
32 67
32 68
32 69
32 70
32 73
32 74
32 75
32 78
32 80
32 82
32 85
32 87
32 89
32 90
32 91
32 106
32 107
32 108
32 113
32 117
32 119
32 123
32 124
32 125
32 126
32 127
33 3
33 5
33 8
33 11
33 12
33 14
33 16
33 20
33 24
33 26
33 29
33 30
33 32
33 40
33 41
33 46
33 51
33 54
33 56
33 58
33 61
33 62
33 63
33 66
33 67
33 69
33 73
33 76
33 77
33 78
33 82
33 83
33 85
33 87
33 88
33 89
33 93
33 94
33 95
33 96
33 102
33 106
33 108
33 115
33 116
33 120
33 122
33 123
33 124
33 125
33 126
34 0
34 2
34 6
34 7
34 8
34 9
34 10
34 11
34 12
34 14
34 17
34 18
34 19
34 20
34 22
34 23
34 25
34 26
34 29
34 31
34 34
34 35
34 38
34 39
34 40
34 44
34 45
34 47
34 48
34 49
34 53
34 54
34 55
34 58
34 59
34 60
34 62
34 65
34 68
34 70
34 71
34 72
34 73
34 74
34 76
34 77
34 84
34 88
34 89
34 91
34 100
34 104
34 105
34 107
34 110
34 111
34 112
34 113
34 118
34 120
34 121
34 125
34 126
35 0
35 3
35 4
35 6
35 7
35 9
35 12
35 14
35 26
35 31
35 34
35 37
35 38
35 40
35 42
35 43
35 45
35 47
35 48
35 49
35 52
35 55
35 62
35 64
35 68
35 69
35 72
35 73
35 75
35 76
35 78
35 79
35 81
35 82
35 84
35 86
35 87
35 88
35 97
35 103
35 104
35 105
35 106
35 107
35 108
35 110
35 111
35 116
35 119
35 123
35 127
36 2
36 5
36 7
36 9
36 10
36 11
36 12
36 13
36 14
36 15
36 16
36 19
36 20
36 22
36 24
36 25
36 27
36 29
36 33
36 35
36 41
36 42
36 43
36 44
36 47
36 51
36 53
36 55
36 56
36 58
36 66
36 72
36 73
36 76
36 77
36 79
36 84
36 85
36 89
36 93
36 94
36 95
36 99
36 100
36 101
36 102
36 104
36 105
36 106
36 107
36 112
36 113
36 114
36 120
36 122
36 124
36 125
37 0
37 1
37 6
37 8
37 10
37 11
37 12
37 16
37 18
37 20
37 21
37 24
37 27
37 28
37 34
37 35
37 36
37 37
37 39
37 41
37 44
37 45
37 48
37 55
37 59
37 63
37 64
37 65
37 67
37 71
37 73
37 75
37 82
37 85
37 87
37 92
37 100
37 103
37 109
37 111
37 112
37 114
37 115
37 117
37 119
37 120
37 121
37 122
37 123
37 126
37 127
38 2
38 4
38 6
38 7
38 8
38 10
38 11
38 12
38 13
38 14
38 17
38 18
38 20
38 23
38 24
38 25
38 26
38 28
38 29
38 30
38 33
38 35
38 41
38 43
38 44
38 51
38 58
38 60
38 61
38 64
38 67
38 68
38 69
38 74
38 77
38 78
38 80
38 83
38 84
38 87
38 90
38 95
38 96
38 98
38 99
38 100
38 101
38 105
38 106
38 107
38 108
38 110
38 111
38 114
38 119
38 120
38 121
38 123
38 124
38 126
39 2
39 4
39 19
39 26
39 27
39 28
39 30
39 31
39 32
39 36
39 37
39 40
39 41
39 42
39 45
39 46
39 47
39 48
39 49
39 51
39 53
39 57
39 61
39 64
39 66
39 71
39 72
39 74
39 75
39 76
39 79
39 80
39 81
39 82
39 84
39 86
39 87
39 88
39 92
39 95
39 97
39 100
39 101
39 103
39 104
39 106
39 109
39 110
39 112
39 118
39 120
39 122
39 125
39 126
40 0
40 2
40 6
40 9
40 11
40 15
40 17
40 18
40 22
40 26
40 32
40 33
40 34
40 35
40 37
40 42
40 47
40 48
40 49
40 52
40 55
40 58
40 59
40 64
40 70
40 72
40 73
40 74
40 75
40 76
40 77
40 79
40 80
40 82
40 84
40 85
40 86
40 88
40 89
40 90
40 92
40 94
40 96
40 98
40 102
40 103
40 104
40 106
40 107
40 117
40 118
40 122
40 123
40 124
40 127
41 0
41 2
41 4
41 8
41 9
41 11
41 12
41 13
41 17
41 18
41 19
41 21
41 23
41 26
41 27
41 28
41 30
41 32
41 33
41 34
41 35
41 39
41 41
41 42
41 43
41 45
41 47
41 49
41 51
41 53
41 54
41 55
41 56
41 60
41 61
41 62
41 67
41 69
41 70
41 74
41 79
41 81
41 85
41 86
41 88
41 91
41 92
41 94
41 95
41 98
41 100
41 102
41 103
41 104
41 106
41 108
41 112
41 117
41 118
41 123
41 127
42 0
42 1
42 3
42 7
42 8
42 10
42 12
42 18
42 22
42 28
42 31
42 32
42 33
42 34
42 35
42 38
42 39
42 40
42 42
42 43
42 44
42 45
42 46
42 49
42 50
42 52
42 58
42 59
42 60
42 62
42 63
42 69
42 72
42 73
42 74
42 77
42 78
42 79
42 80
42 81
42 83
42 84
42 89
42 90
42 95
42 96
42 97
42 98
42 101
42 102
42 103
42 104
42 105
42 106
42 110
42 111
42 112
42 113
42 115
42 117
42 118
42 123
42 126
43 2
43 3
43 7
43 8
43 10
43 12
43 13
43 14
43 18
43 19
43 20
43 22
43 23
43 24
43 28
43 29
43 32
43 34
43 35
43 37
43 38
43 39
43 40
43 41
43 43
43 46
43 47
43 52
43 54
43 55
43 60
43 63
43 64
43 65
43 67
43 68
43 71
43 74
43 75
43 77
43 78
43 80
43 81
43 84
43 90
43 91
43 93
43 96
43 97
43 102
43 103
43 105
43 109
43 110
43 111
43 113
43 116
43 117
43 118
43 121
43 124
43 127
44 0
44 1
44 5
44 6
44 7
44 9
44 11
44 12
44 14
44 17
44 19
44 20
44 21
44 23
44 24
44 27
44 29
44 32
44 34
44 37
44 38
44 39
44 41
44 42
44 45
44 46
44 52
44 53
44 54
44 59
44 60
44 62
44 63
44 64
44 68
44 69
44 70
44 71
44 72
44 73
44 74
44 75
44 76
44 78
44 79
44 80
44 81
44 82
44 83
44 84
44 85
44 89
44 92
44 96
44 102
44 103
44 105
44 106
44 107
44 109
44 110
44 112
44 113
44 116
44 117
44 119
44 121
44 125
45 1
45 3
45 4
45 5
45 6
45 7
45 8
45 12
45 17
45 18
45 19
45 22
45 24
45 25
45 26
45 29
45 32
45 35
45 37
45 40
45 42
45 45
45 46
45 47
45 51
45 53
45 54
45 55
45 56
45 57
45 58
45 60
45 61
45 62
45 63
45 64
45 66
45 68
45 69
45 71
45 72
45 73
45 76
45 77
45 79
45 80
45 82
45 85
45 90
45 92
45 93
45 94
45 95
45 96
45 97
45 98
45 99
45 102
45 104
45 105
45 108
45 110
45 111
45 115
45 116
45 118
45 119
45 120
45 124
45 126
45 127
46 2
46 5
46 6
46 8
46 10
46 12
46 14
46 23
46 26
46 28
46 29
46 31
46 32
46 34
46 37
46 43
46 48
46 54
46 57
46 58
46 60
46 61
46 63
46 65
46 68
46 69
46 70
46 71
46 72
46 75
46 76
46 77
46 78
46 83
46 84
46 85
46 86
46 87
46 89
46 90
46 91
46 93
46 94
46 95
46 100
46 101
46 103
46 105
46 107
46 108
46 109
46 110
46 111
46 115
46 117
46 119
46 120
46 121
46 123
46 125
46 126
47 0
47 3
47 6
47 7
47 10
47 14
47 18
47 19
47 22
47 23
47 24
47 25
47 26
47 27
47 29
47 30
47 33
47 34
47 37
47 40
47 41
47 42
47 44
47 46
47 49
47 50
47 51
47 52
47 53
47 55
47 57
47 58
47 60
47 62
47 63
47 68
47 72
47 73
47 74
47 75
47 76
47 77
47 78
47 84
47 85
47 92
47 95
47 96
47 98
47 100
47 101
47 102
47 103
47 107
47 109
47 112
47 114
47 116
47 117
47 118
47 121
47 122
47 126
48 0
48 1
48 4
48 6
48 8
48 10
48 12
48 14
48 15
48 16
48 17
48 19
48 24
48 25
48 26
48 27
48 28
48 29
48 30
48 31
48 33
48 38
48 41
48 42
48 44
48 45
48 46
48 47
48 48
48 51
48 52
48 53
48 57
48 59
48 61
48 62
48 63
48 65
48 66
48 68
48 71
48 76
48 78
48 79
48 81
48 82
48 84
48 86
48 87
48 88
48 92
48 93
48 96
48 98
48 99
48 102
48 105
48 107
48 109
48 110
48 112
48 113
48 120
48 121
48 124
48 125
49 2
49 3
49 5
49 6
49 7
49 8
49 14
49 15
49 16
49 18
49 19
49 20
49 22
49 23
49 24
49 25
49 26
49 27
49 28
49 37
49 39
49 43
49 45
49 46
49 47
49 48
49 51
49 53
49 55
49 56
49 59
49 60
49 62
49 71
49 72
49 73
49 77
49 78
49 79
49 80
49 82
49 85
49 88
49 90
49 93
49 96
49 102
49 104
49 105
49 107
49 108
49 109
49 111
49 116
49 117
49 125
50 2
50 7
50 8
50 11
50 12
50 14
50 16
50 18
50 19
50 22
50 23
50 26
50 27
50 30
50 31
50 32
50 34
50 38
50 39
50 40
50 41
50 44
50 45
50 46
50 47
50 51
50 52
50 56
50 57
50 58
50 62
50 63
50 64
50 66
50 69
50 71
50 74
50 75
50 76
50 77
50 78
50 79
50 80
50 82
50 84
50 85
50 86
50 89
50 90
50 91
50 93
50 95
50 96
50 100
50 102
50 104
50 105
50 108
50 111
50 113
50 125
51 0
51 2
51 5
51 7
51 10
51 11
51 14
51 16
51 18
51 21
51 22
51 23
51 24
51 28
51 32
51 36
51 39
51 43
51 44
51 46
51 48
51 50
51 57
51 58
51 61
51 62
51 63
51 64
51 65
51 66
51 67
51 68
51 69
51 70
51 72
51 74
51 75
51 76
51 78
51 79
51 82
51 83
51 88
51 89
51 90
51 94
51 97
51 98
51 99
51 106
51 111
51 112
51 119
51 121
51 122
51 123
51 124
51 125
52 3
52 6
52 8
52 10
52 12
52 15
52 18
52 19
52 20
52 23
52 25
52 32
52 33
52 34
52 35
52 36
52 37
52 40
52 41
52 42
52 45
52 46
52 47
52 48
52 53
52 55
52 57
52 58
52 63
52 64
52 66
52 67
52 68
52 69
52 71
52 74
52 75
52 80
52 83
52 85
52 87
52 93
52 103
52 107
52 108
52 115
52 117
52 119
52 120
52 123
53 1
53 4
53 8
53 14
53 16
53 17
53 19
53 24
53 33
53 36
53 37
53 40
53 41
53 42
53 47
53 52
53 60
53 67
53 69
53 70
53 72
53 75
53 76
53 77
53 79
53 80
53 82
53 85
53 86
53 87
53 88
53 89
53 94
53 95
53 97
53 100
53 102
53 103
53 104
53 109
53 110
53 113
53 115
53 122
53 123
53 125
53 127
54 0
54 1
54 5
54 8
54 9
54 15
54 16
54 19
54 22
54 23
54 25
54 35
54 36
54 37
54 38
54 39
54 43
54 44
54 45
54 54
54 55
54 56
54 58
54 60
54 62
54 66
54 68
54 73
54 75
54 76
54 77
54 78
54 79
54 83
54 86
54 90
54 92
54 94
54 95
54 99
54 101
54 103
54 104
54 107
54 108
54 109
54 110
54 116
54 117
54 118
54 120
54 123
54 125
55 0
55 6
55 9
55 11
55 12
55 15
55 17
55 21
55 22
55 25
55 30
55 31
55 32
55 40
55 45
55 46
55 47
55 49
55 50
55 58
55 59
55 60
55 61
55 63
55 65
55 68
55 69
55 70
55 72
55 73
55 75
55 78
55 79
55 80
55 87
55 89
55 90
55 92
55 98
55 102
55 105
55 106
55 107
55 108
55 109
55 112
55 113
55 114
55 116
55 117
55 119
55 120
55 121
55 122
55 126
56 0
56 2
56 3
56 4
56 6
56 7
56 8
56 14
56 21
56 25
56 26
56 29
56 30
56 33
56 34
56 36
56 37
56 38
56 43
56 46
56 47
56 48
56 51
56 55
56 58
56 61
56 63
56 70
56 73
56 75
56 76
56 78
56 82
56 83
56 84
56 85
56 87
56 88
56 92
56 93
56 101
56 102
56 103
56 104
56 105
56 106
56 107
56 109
56 110
56 113
56 116
56 119
56 120
56 123
56 126
57 0
57 3
57 4
57 5
57 11
57 12
57 19
57 20
57 21
57 22
57 26
57 27
57 32
57 40
57 41
57 47
57 54
57 57
57 59
57 60
57 61
57 62
57 65
57 70
57 71
57 73
57 76
57 77
57 80
57 83
57 87
57 89
57 90
57 94
57 99
57 102
57 103
57 104
57 106
57 108
57 110
57 114
57 115
57 116
57 117
57 118
57 119
57 120
57 121
57 122
57 123
57 124
57 125
57 126
58 1
58 4
58 7
58 13
58 17
58 19
58 20
58 24
58 27
58 29
58 31
58 35
58 36
58 39
58 40
58 41
58 43
58 47
58 51
58 52
58 54
58 56
58 57
58 58
58 62
58 65
58 67
58 68
58 71
58 72
58 73
58 74
58 80
58 81
58 84
58 86
58 87
58 88
58 89
58 91
58 98
58 99
58 101
58 102
58 103
58 106
58 107
58 109
58 111
58 112
58 113
58 114
58 117
58 118
58 121
58 124
59 1
59 7
59 8
59 10
59 11
59 15
59 17
59 19
59 20
59 23
59 26
59 30
59 31
59 32
59 33
59 36
59 38
59 41
59 42
59 45
59 46
59 49
59 53
59 55
59 56
59 58
59 59
59 63
59 64
59 68
59 69
59 70
59 72
59 73
59 75
59 78
59 79
59 82
59 84
59 85
59 87
59 90
59 96
59 100
59 101
59 102
59 107
59 109
59 111
59 112
59 114
59 115
59 116
59 117
59 118
59 119
59 120
59 126
60 0
60 2
60 3
60 6
60 8
60 11
60 12
60 14
60 18
60 19
60 20
60 22
60 25
60 26
60 27
60 29
60 33
60 40
60 42
60 44
60 47
60 48
60 51
60 52
60 54
60 57
60 58
60 60
60 63
60 65
60 67
60 69
60 70
60 71
60 73
60 74
60 77
60 79
60 80
60 81
60 85
60 86
60 87
60 88
60 92
60 95
60 96
60 97
60 98
60 100
60 102
60 103
60 106
60 107
60 109
60 119
60 120
60 121
60 122
60 123
60 126
60 127
61 0
61 1
61 2
61 3
61 6
61 7
61 8
61 9
61 11
61 14
61 17
61 18
61 20
61 21
61 23
61 26
61 30
61 34
61 36
61 42
61 44
61 46
61 47
61 50
61 52
61 56
61 58
61 59
61 64
61 66
61 69
61 70
61 71
61 72
61 74
61 76
61 80
61 81
61 82
61 85
61 88
61 89
61 92
61 95
61 96
61 98
61 99
61 103
61 105
61 107
61 113
61 114
61 116
61 117
61 118
61 120
61 123
62 0
62 4
62 5
62 8
62 10
62 11
62 12
62 13
62 14
62 15
62 17
62 19
62 20
62 22
62 23
62 24
62 25
62 27
62 29
62 30
62 31
62 34
62 35
62 36
62 40
62 41
62 42
62 44
62 48
62 51
62 53
62 54
62 55
62 64
62 66
62 70
62 73
62 75
62 78
62 79
62 82
62 83
62 84
62 87
62 88
62 93
62 96
62 97
62 100
62 103
62 104
62 106
62 108
62 109
62 110
62 111
62 118
62 120
62 121
62 122
62 124
62 127
63 0
63 2
63 5
63 6
63 9
63 10
63 11
63 15
63 16
63 17
63 20
63 21
63 22
63 23
63 25
63 26
63 27
63 28
63 30
63 31
63 32
63 33
63 35
63 37
63 41
63 42
63 43
63 44
63 45
63 49
63 51
63 52
63 53
63 54
63 58
63 60
63 61
63 63
63 64
63 66
63 67
63 68
63 69
63 71
63 72
63 73
63 74
63 75
63 79
63 82
63 86
63 87
63 89
63 90
63 91
63 93
63 101
63 105
63 107
63 108
63 109
63 110
63 116
63 120
63 127
64 0
64 1
64 4
64 5
64 7
64 8
64 9
64 11
64 12
64 13
64 17
64 18
64 19
64 20
64 21
64 23
64 28
64 32
64 33
64 37
64 41
64 46
64 47
64 50
64 52
64 54
64 55
64 56
64 60
64 61
64 64
64 67
64 71
64 75
64 76
64 78
64 79
64 80
64 81
64 82
64 84
64 85
64 86
64 87
64 88
64 92
64 93
64 95
64 96
64 99
64 104
64 116
64 118
64 119
64 120
64 121
64 123
64 125
64 126
64 127
65 0
65 3
65 4
65 6
65 8
65 9
65 10
65 11
65 12
65 14
65 15
65 19
65 20
65 22
65 28
65 29
65 30
65 34
65 40
65 41
65 42
65 43
65 44
65 45
65 46
65 47
65 51
65 52
65 54
65 55
65 58
65 59
65 64
65 67
65 69
65 71
65 76
65 79
65 80
65 82
65 84
65 89
65 90
65 91
65 92
65 95
65 98
65 99
65 100
65 102
65 104
65 105
65 108
65 110
65 113
65 117
65 121
65 124
65 125
65 126
66 1
66 3
66 7
66 10
66 12
66 17
66 18
66 25
66 26
66 27
66 28
66 29
66 30
66 31
66 32
66 34
66 35
66 36
66 44
66 45
66 46
66 48
66 50
66 52
66 58
66 59
66 60
66 61
66 62
66 63
66 64
66 66
66 67
66 73
66 76
66 78
66 79
66 84
66 87
66 89
66 90
66 93
66 98
66 101
66 102
66 103
66 106
66 107
66 108
66 111
66 114
66 115
66 116
66 121
66 123
66 125
66 127
67 2
67 4
67 5
67 7
67 12
67 15
67 18
67 19
67 20
67 22
67 23
67 28
67 29
67 35
67 36
67 37
67 38
67 41
67 42
67 44
67 47
67 48
67 52
67 53
67 55
67 57
67 59
67 62
67 63
67 67
67 68
67 70
67 75
67 76
67 78
67 79
67 83
67 85
67 86
67 87
67 89
67 93
67 95
67 98
67 99
67 101
67 103
67 104
67 106
67 109
67 111
67 119
67 121
67 123
67 124
67 125
67 126
68 0
68 3
68 4
68 5
68 8
68 9
68 10
68 11
68 14
68 15
68 16
68 17
68 18
68 19
68 21
68 22
68 24
68 30
68 33
68 34
68 40
68 41
68 43
68 44
68 45
68 47
68 48
68 50
68 53
68 55
68 56
68 58
68 59
68 61
68 70
68 71
68 72
68 75
68 78
68 80
68 86
68 87
68 88
68 89
68 90
68 91
68 94
68 95
68 97
68 101
68 107
68 110
68 111
68 113
68 115
68 116
68 118
68 119
68 120
68 121
68 122
68 126
69 1
69 4
69 8
69 9
69 13
69 15
69 17
69 19
69 22
69 23
69 24
69 26
69 28
69 29
69 30
69 31
69 32
69 33
69 34
69 36
69 37
69 40
69 44
69 45
69 46
69 47
69 48
69 49
69 55
69 59
69 62
69 64
69 65
69 66
69 70
69 72
69 73
69 74
69 76
69 77
69 78
69 79
69 82
69 84
69 87
69 89
69 90
69 92
69 94
69 96
69 99
69 101
69 106
69 107
69 108
69 109
69 110
69 112
69 113
69 115
69 120
69 121
69 123
69 126
70 0
70 1
70 2
70 4
70 10
70 12
70 14
70 17
70 18
70 19
70 20
70 22
70 24
70 26
70 28
70 33
70 34
70 35
70 37
70 39
70 41
70 45
70 46
70 50
70 54
70 58
70 61
70 63
70 68
70 69
70 71
70 72
70 76
70 77
70 78
70 79
70 82
70 84
70 85
70 90
70 91
70 92
70 93
70 95
70 96
70 97
70 99
70 102
70 107
70 111
70 112
70 114
70 116
70 117
70 119
70 120
70 124
70 125
71 0
71 2
71 7
71 8
71 10
71 11
71 18
71 19
71 22
71 25
71 27
71 29
71 30
71 31
71 33
71 34
71 37
71 39
71 40
71 41
71 42
71 43
71 44
71 45
71 54
71 56
71 62
71 64
71 66
71 70
71 75
71 80
71 81
71 85
71 86
71 87
71 88
71 90
71 96
71 97
71 98
71 101
71 102
71 105
71 106
71 107
71 109
71 116
71 118
71 119
71 120
72 0
72 1
72 2
72 3
72 6
72 9
72 10
72 11
72 12
72 15
72 16
72 17
72 18
72 20
72 22
72 25
72 29
72 31
72 32
72 34
72 37
72 42
72 46
72 49
72 51
72 52
72 54
72 55
72 56
72 61
72 62
72 63
72 65
72 67
72 69
72 70
72 72
72 75
72 79
72 82
72 83
72 86
72 89
72 92
72 93
72 95
72 100
72 102
72 105
72 109
72 111
72 115
72 116
72 117
72 121
72 124
72 125
72 127
73 1
73 3
73 6
73 7
73 16
73 19
73 24
73 32
73 33
73 35
73 36
73 37
73 41
73 44
73 51
73 52
73 54
73 58
73 61
73 62
73 63
73 67
73 68
73 71
73 73
73 76
73 78
73 79
73 81
73 90
73 92
73 93
73 102
73 103
73 106
73 108
73 109
73 114
73 116
73 118
73 122
73 125
73 126
74 1
74 2
74 3
74 4
74 6
74 10
74 13
74 16
74 20
74 23
74 25
74 27
74 37
74 38
74 41
74 45
74 47
74 48
74 49
74 51
74 54
74 58
74 63
74 69
74 71
74 72
74 78
74 81
74 87
74 90
74 91
74 92
74 96
74 100
74 101
74 105
74 106
74 108
74 111
74 112
74 113
74 114
74 115
74 120
74 122
74 123
74 126
74 127
75 0
75 5
75 9
75 13
75 16
75 18
75 20
75 21
75 23
75 26
75 27
75 28
75 34
75 35
75 36
75 38
75 39
75 41
75 43
75 44
75 45
75 46
75 48
75 50
75 51
75 58
75 61
75 62
75 63
75 64
75 65
75 69
75 70
75 71
75 74
75 78
75 81
75 84
75 85
75 86
75 87
75 88
75 90
75 91
75 93
75 94
75 100
75 105
75 107
75 112
75 114
75 115
75 117
75 119
75 120
75 123
75 124
75 125
75 127
76 3
76 4
76 5
76 7
76 11
76 12
76 13
76 14
76 16
76 19
76 21
76 25
76 27
76 28
76 29
76 31
76 36
76 37
76 42
76 43
76 46
76 48
76 49
76 51
76 52
76 54
76 59
76 60
76 62
76 63
76 64
76 65
76 68
76 69
76 72
76 73
76 76
76 77
76 81
76 83
76 84
76 87
76 88
76 92
76 94
76 95
76 96
76 100
76 104
76 107
76 108
76 111
76 113
76 119
76 122
77 4
77 5
77 6
77 7
77 12
77 17
77 19
77 25
77 26
77 29
77 33
77 34
77 35
77 40
77 41
77 43
77 44
77 47
77 49
77 52
77 53
77 55
77 56
77 61
77 64
77 66
77 67
77 68
77 69
77 70
77 73
77 75
77 77
77 78
77 79
77 84
77 86
77 88
77 90
77 97
77 104
77 106
77 108
77 110
77 114
77 116
77 118
77 120
77 122
77 123
77 124
77 125
77 127
78 1
78 3
78 4
78 5
78 11
78 12
78 13
78 14
78 15
78 16
78 17
78 19
78 25
78 27
78 28
78 29
78 31
78 32
78 37
78 38
78 39
78 44
78 46
78 47
78 49
78 52
78 55
78 57
78 62
78 64
78 67
78 68
78 73
78 75
78 77
78 78
78 79
78 81
78 84
78 85
78 86
78 87
78 88
78 92
78 96
78 98
78 99
78 100
78 101
78 102
78 103
78 106
78 108
78 110
78 114
78 115
78 116
78 118
78 119
78 120
78 121
78 125
79 0
79 1
79 2
79 4
79 7
79 10
79 14
79 15
79 20
79 28
79 31
79 32
79 36
79 39
79 40
79 41
79 42
79 43
79 44
79 45
79 48
79 49
79 53
79 55
79 58
79 60
79 63
79 65
79 67
79 69
79 72
79 74
79 75
79 80
79 81
79 83
79 91
79 94
79 95
79 98
79 99
79 100
79 101
79 102
79 108
79 117
79 118
79 120
79 121
79 123
79 125
80 1
80 2
80 6
80 7
80 8
80 9
80 12
80 14
80 16
80 17
80 22
80 25
80 28
80 29
80 34
80 36
80 37
80 40
80 42
80 43
80 46
80 48
80 50
80 51
80 54
80 55
80 56
80 59
80 62
80 68
80 78
80 80
80 81
80 82
80 83
80 86
80 88
80 90
80 92
80 94
80 95
80 97
80 99
80 100
80 101
80 103
80 104
80 106
80 107
80 108
80 109
80 110
80 113
80 116
80 118
80 120
80 121
80 125
80 126
80 127
81 3
81 4
81 5
81 6
81 7
81 8
81 10
81 11
81 12
81 13
81 16
81 17
81 18
81 23
81 28
81 29
81 30
81 31
81 32
81 33
81 34
81 36
81 38
81 40
81 43
81 44
81 47
81 48
81 50
81 54
81 56
81 58
81 66
81 68
81 69
81 70
81 71
81 74
81 75
81 80
81 83
81 84
81 85
81 86
81 92
81 95
81 96
81 103
81 104
81 105
81 107
81 108
81 112
81 114
81 115
81 117
81 118
81 123
81 127
82 3
82 5
82 6
82 7
82 10
82 12
82 13
82 14
82 15
82 17
82 19
82 21
82 22
82 23
82 24
82 27
82 29
82 30
82 31
82 37
82 38
82 45
82 46
82 47
82 48
82 49
82 53
82 54
82 56
82 59
82 61
82 64
82 66
82 67
82 68
82 69
82 70
82 71
82 72
82 73
82 78
82 79
82 82
82 83
82 84
82 85
82 86
82 89
82 92
82 93
82 94
82 98
82 101
82 102
82 104
82 106
82 108
82 109
82 111
82 113
82 117
82 121
82 123
82 125
82 127
83 3
83 13
83 15
83 16
83 17
83 20
83 21
83 22
83 24
83 25
83 26
83 27
83 31
83 34
83 37
83 38
83 40
83 41
83 42
83 46
83 48
83 50
83 56
83 61
83 63
83 65
83 66
83 68
83 70
83 71
83 72
83 73
83 80
83 84
83 87
83 90
83 93
83 94
83 98
83 99
83 104
83 109
83 110
83 111
83 115
83 118
83 120
83 123
83 124
83 125
83 126
84 3
84 4
84 8
84 11
84 14
84 15
84 17
84 19
84 20
84 22
84 27
84 29
84 32
84 33
84 34
84 35
84 38
84 39
84 40
84 44
84 47
84 51
84 52
84 57
84 58
84 59
84 62
84 64
84 69
84 72
84 75
84 78
84 80
84 81
84 82
84 85
84 91
84 92
84 93
84 99
84 100
84 101
84 104
84 105
84 107
84 109
84 111
84 114
84 117
84 120
84 123
84 124
85 6
85 8
85 12
85 13
85 17
85 28
85 29
85 31
85 32
85 34
85 36
85 38
85 39
85 41
85 44
85 48
85 50
85 52
85 54
85 57
85 58
85 59
85 64
85 65
85 68
85 70
85 71
85 73
85 74
85 77
85 79
85 81
85 82
85 88
85 92
85 94
85 95
85 99
85 104
85 107
85 110
85 111
85 112
85 114
85 118
85 121
85 123
85 127
86 2
86 7
86 8
86 12
86 14
86 18
86 21
86 24
86 25
86 26
86 27
86 28
86 30
86 34
86 35
86 36
86 38
86 39
86 44
86 45
86 46
86 47
86 50
86 52
86 53
86 54
86 55
86 59
86 61
86 62
86 64
86 65
86 67
86 68
86 70
86 71
86 73
86 75
86 78
86 79
86 82
86 83
86 84
86 85
86 87
86 88
86 92
86 95
86 97
86 102
86 103
86 104
86 105
86 106
86 107
86 110
86 111
86 112
86 113
86 114
86 117
86 122
86 127
87 5
87 7
87 13
87 14
87 15
87 16
87 17
87 18
87 20
87 22
87 24
87 28
87 31
87 39
87 43
87 44
87 45
87 46
87 47
87 50
87 52
87 53
87 55
87 58
87 67
87 68
87 70
87 73
87 76
87 78
87 80
87 81
87 82
87 83
87 84
87 88
87 89
87 92
87 93
87 95
87 102
87 103
87 105
87 106
87 107
87 110
87 115
87 116
87 117
87 120
87 123
87 127
88 1
88 2
88 3
88 4
88 6
88 7
88 8
88 11
88 12
88 13
88 14
88 16
88 17
88 18
88 22
88 23
88 27
88 30
88 31
88 32
88 34
88 39
88 40
88 41
88 43
88 49
88 51
88 54
88 55
88 60
88 62
88 64
88 65
88 68
88 69
88 70
88 72
88 73
88 74
88 76
88 78
88 79
88 80
88 84
88 86
88 90
88 95
88 96
88 97
88 98
88 99
88 100
88 101
88 104
88 106
88 117
88 124
89 5
89 6
89 8
89 9
89 11
89 16
89 17
89 21
89 24
89 25
89 26
89 28
89 32
89 40
89 42
89 49
89 50
89 53
89 54
89 55
89 59
89 60
89 62
89 63
89 64
89 65
89 66
89 68
89 72
89 73
89 74
89 75
89 77
89 81
89 84
89 86
89 88
89 92
89 93
89 94
89 95
89 96
89 97
89 101
89 102
89 105
89 106
89 109
89 110
89 113
89 115
89 119
89 121
89 125
89 126
90 0
90 2
90 7
90 9
90 11
90 12
90 15
90 20
90 22
90 25
90 26
90 27
90 31
90 32
90 33
90 37
90 39
90 44
90 46
90 48
90 52
90 56
90 57
90 58
90 59
90 61
90 64
90 66
90 68
90 73
90 74
90 76
90 80
90 83
90 85
90 88
90 89
90 90
90 94
90 95
90 98
90 99
90 101
90 102
90 104
90 111
90 112
90 113
90 115
90 116
91 0
91 2
91 3
91 6
91 8
91 10
91 13
91 16
91 19
91 20
91 21
91 22
91 23
91 26
91 27
91 31
91 32
91 34
91 35
91 40
91 43
91 45
91 48
91 52
91 53
91 55
91 56
91 58
91 63
91 65
91 68
91 70
91 71
91 73
91 79
91 80
91 83
91 84
91 86
91 87
91 89
91 90
91 93
91 95
91 100
91 103
91 105
91 110
91 115
91 116
91 117
91 118
91 119
91 121
91 122
91 126
92 1
92 4
92 5
92 6
92 7
92 8
92 12
92 14
92 21
92 24
92 25
92 26
92 27
92 33
92 34
92 36
92 37
92 40
92 48
92 50
92 54
92 59
92 60
92 61
92 62
92 63
92 65
92 70
92 77
92 79
92 80
92 81
92 86
92 88
92 89
92 91
92 92
92 93
92 96
92 98
92 100
92 102
92 105
92 107
92 108
92 109
92 115
92 116
92 118
92 120
92 121
92 124
93 1
93 4
93 6
93 9
93 11
93 16
93 18
93 19
93 23
93 28
93 30
93 32
93 33
93 36
93 40
93 43
93 46
93 49
93 50
93 52
93 53
93 55
93 56
93 59
93 64
93 67
93 69
93 72
93 73
93 74
93 75
93 76
93 78
93 79
93 80
93 82
93 83
93 85
93 86
93 87
93 88
93 89
93 90
93 91
93 92
93 94
93 95
93 96
93 97
93 99
93 100
93 101
93 103
93 105
93 107
93 115
93 117
93 122
94 0
94 5
94 6
94 7
94 9
94 11
94 12
94 13
94 14
94 17
94 24
94 25
94 27
94 28
94 31
94 34
94 37
94 42
94 43
94 44
94 46
94 53
94 54
94 58
94 62
94 63
94 64
94 68
94 71
94 72
94 74
94 78
94 84
94 86
94 88
94 93
94 96
94 98
94 101
94 102
94 105
94 106
94 107
94 108
94 110
94 112
94 113
94 116
94 117
94 118
94 121
94 122
94 125
94 126
94 127
95 1
95 4
95 5
95 8
95 9
95 11
95 14
95 15
95 17
95 18
95 20
95 21
95 25
95 26
95 28
95 29
95 30
95 33
95 37
95 39
95 41
95 42
95 44
95 45
95 46
95 47
95 48
95 55
95 56
95 57
95 58
95 62
95 63
95 65
95 69
95 71
95 72
95 73
95 74
95 76
95 77
95 79
95 80
95 85
95 90
95 92
95 94
95 95
95 97
95 98
95 100
95 102
95 103
95 106
95 108
95 113
95 115
95 116
95 117
95 120
95 123
95 124
95 125
96 0
96 5
96 6
96 9
96 10
96 11
96 20
96 21
96 27
96 29
96 31
96 34
96 35
96 41
96 43
96 45
96 47
96 48
96 49
96 50
96 51
96 53
96 55
96 56
96 58
96 59
96 60
96 61
96 63
96 64
96 69
96 73
96 78
96 79
96 80
96 86
96 88
96 89
96 92
96 93
96 94
96 98
96 99
96 102
96 103
96 105
96 106
96 107
96 108
96 109
96 114
96 115
96 119
96 120
96 121
96 122
96 123
96 124
96 127
97 0
97 1
97 2
97 3
97 10
97 14
97 18
97 22
97 27
97 29
97 32
97 33
97 34
97 36
97 38
97 39
97 40
97 41
97 42
97 44
97 46
97 47
97 50
97 51
97 55
97 56
97 58
97 59
97 60
97 63
97 64
97 65
97 67
97 69
97 70
97 72
97 73
97 77
97 78
97 86
97 87
97 88
97 92
97 97
97 99
97 100
97 101
97 108
97 109
97 111
97 114
97 115
97 116
97 117
97 120
97 121
97 122
97 123
97 127
98 1
98 4
98 5
98 6
98 7
98 9
98 10
98 12
98 14
98 18
98 19
98 20
98 21
98 22
98 24
98 28
98 29
98 30
98 35
98 37
98 39
98 40
98 41
98 45
98 46
98 47
98 48
98 49
98 51
98 52
98 53
98 55
98 56
98 61
98 62
98 64
98 65
98 68
98 69
98 70
98 72
98 74
98 76
98 77
98 81
98 82
98 85
98 86
98 88
98 89
98 93
98 94
98 95
98 96
98 97
98 98
98 99
98 103
98 107
98 109
98 110
98 111
98 118
98 119
98 120
98 121
98 122
98 125
98 127
99 4
99 6
99 7
99 9
99 11
99 12
99 18
99 19
99 23
99 24
99 25
99 27
99 29
99 31
99 35
99 38
99 39
99 42
99 43
99 45
99 47
99 48
99 49
99 51
99 53
99 54
99 55
99 57
99 61
99 62
99 63
99 65
99 72
99 75
99 77
99 78
99 80
99 81
99 83
99 84
99 85
99 87
99 89
99 93
99 98
99 99
99 106
99 108
99 109
99 110
99 111
99 112
99 113
99 114
99 115
99 118
99 121
99 122
99 123
99 125
99 126
100 1
100 4
100 7
100 8
100 9
100 10
100 12
100 15
100 16
100 17
100 18
100 22
100 23
100 26
100 27
100 30
100 31
100 35
100 36
100 39
100 40
100 42
100 43
100 44
100 48
100 49
100 51
100 52
100 57
100 59
100 62
100 66
100 73
100 75
100 76
100 77
100 79
100 83
100 84
100 85
100 88
100 89
100 92
100 96
100 101
100 103
100 105
100 108
100 110
100 111
100 112
100 113
100 115
100 116
100 118
100 119
100 120
100 122
100 123
100 126
101 0
101 2
101 7
101 9
101 11
101 13
101 14
101 15
101 17
101 18
101 20
101 23
101 24
101 28
101 29
101 31
101 37
101 39
101 43
101 45
101 47
101 48
101 50
101 52
101 53
101 54
101 57
101 58
101 63
101 65
101 69
101 73
101 75
101 78
101 89
101 91
101 92
101 93
101 95
101 100
101 102
101 103
101 105
101 106
101 108
101 109
101 110
101 111
101 114
101 115
101 117
101 120
101 122
101 123
101 124
101 125
101 126
102 4
102 9
102 13
102 16
102 17
102 18
102 19
102 20
102 21
102 22
102 28
102 30
102 32
102 34
102 36
102 39
102 41
102 42
102 45
102 46
102 47
102 55
102 56
102 57
102 58
102 60
102 61
102 68
102 72
102 73
102 77
102 78
102 83
102 89
102 91
102 94
102 97
102 99
102 100
102 102
102 104
102 107
102 110
102 114
102 115
102 117
102 118
102 123
102 124
102 125
102 126
103 0
103 2
103 4
103 5
103 8
103 9
103 10
103 11
103 13
103 14
103 16
103 18
103 24
103 27
103 28
103 31
103 37
103 40
103 41
103 43
103 46
103 48
103 49
103 52
103 53
103 55
103 58
103 59
103 62
103 64
103 74
103 76
103 78
103 84
103 86
103 87
103 88
103 89
103 90
103 91
103 93
103 96
103 98
103 103
103 104
103 105
103 109
103 114
103 115
103 117
103 121
103 122
104 3
104 5
104 6
104 7
104 8
104 9
104 10
104 12
104 14
104 15
104 17
104 18
104 21
104 22
104 24
104 25
104 26
104 27
104 31
104 33
104 36
104 38
104 39
104 41
104 43
104 46
104 50
104 51
104 53
104 58
104 62
104 64
104 66
104 67
104 68
104 71
104 72
104 75
104 77
104 79
104 82
104 85
104 90
104 91
104 92
104 93
104 94
104 96
104 98
104 100
104 101
104 102
104 103
104 104
104 107
104 109
104 114
104 115
104 117
104 122
105 3
105 4
105 5
105 13
105 16
105 18
105 21
105 23
105 24
105 26
105 27
105 28
105 42
105 45
105 46
105 48
105 51
105 54
105 56
105 57
105 58
105 60
105 64
105 65
105 69
105 70
105 73
105 74
105 75
105 76
105 77
105 78
105 79
105 80
105 81
105 83
105 87
105 95
105 97
105 103
105 106
105 109
105 110
105 111
105 112
105 113
105 115
105 116
105 120
105 123
105 124
105 126
105 127
106 4
106 5
106 7
106 9
106 10
106 11
106 13
106 14
106 15
106 17
106 20
106 21
106 22
106 23
106 27
106 29
106 31
106 34
106 37
106 40
106 42
106 44
106 45
106 46
106 47
106 51
106 54
106 68
106 70
106 72
106 73
106 76
106 77
106 79
106 82
106 85
106 87
106 89
106 90
106 96
106 98
106 99
106 103
106 104
106 107
106 110
106 116
106 117
106 118
106 124
106 125
106 126
107 4
107 5
107 7
107 8
107 9
107 10
107 11
107 12
107 13
107 15
107 17
107 20
107 22
107 23
107 26
107 27
107 29
107 30
107 32
107 34
107 35
107 37
107 40
107 42
107 45
107 46
107 47
107 49
107 50
107 52
107 55
107 57
107 60
107 68
107 70
107 71
107 72
107 73
107 75
107 76
107 78
107 79
107 80
107 81
107 83
107 86
107 87
107 88
107 92
107 93
107 94
107 95
107 96
107 98
107 104
107 105
107 106
107 108
107 111
107 113
107 115
107 116
107 117
107 118
107 124
107 127
108 3
108 5
108 7
108 8
108 9
108 10
108 13
108 14
108 15
108 17
108 18
108 19
108 21
108 23
108 24
108 26
108 28
108 31
108 37
108 38
108 45
108 49
108 50
108 51
108 52
108 55
108 56
108 57
108 60
108 61
108 63
108 64
108 66
108 67
108 69
108 70
108 71
108 74
108 77
108 79
108 81
108 83
108 84
108 85
108 86
108 89
108 90
108 92
108 94
108 97
108 98
108 99
108 102
108 103
108 105
108 106
108 109
108 111
108 115
108 116
108 117
108 119
108 121
108 122
109 1
109 2
109 7
109 8
109 11
109 12
109 16
109 19
109 20
109 22
109 23
109 24
109 26
109 27
109 28
109 31
109 37
109 39
109 40
109 41
109 43
109 45
109 46
109 48
109 50
109 53
109 58
109 59
109 61
109 62
109 63
109 65
109 67
109 70
109 73
109 77
109 78
109 80
109 81
109 82
109 85
109 86
109 87
109 88
109 89
109 90
109 91
109 92
109 100
109 102
109 103
109 107
109 109
109 111
109 112
109 114
109 115
109 116
109 118
109 121
109 123
109 127
110 1
110 3
110 5
110 6
110 9
110 10
110 11
110 15
110 16
110 18
110 21
110 24
110 25
110 30
110 33
110 34
110 40
110 41
110 42
110 43
110 44
110 48
110 49
110 51
110 52
110 53
110 55
110 58
110 67
110 71
110 76
110 78
110 79
110 80
110 81
110 82
110 86
110 87
110 88
110 91
110 96
110 97
110 99
110 100
110 104
110 108
110 110
110 113
110 116
110 118
110 120
110 124
110 125
111 3
111 6
111 7
111 8
111 11
111 14
111 17
111 20
111 21
111 23
111 25
111 27
111 29
111 31
111 34
111 35
111 36
111 37
111 44
111 47
111 50
111 56
111 58
111 62
111 63
111 69
111 71
111 72
111 77
111 78
111 79
111 80
111 82
111 83
111 84
111 85
111 86
111 87
111 92
111 94
111 95
111 96
111 97
111 99
111 100
111 102
111 103
111 105
111 106
111 109
111 111
111 114
111 116
111 119
111 121
111 122
111 126
112 3
112 4
112 6
112 9
112 10
112 13
112 16
112 19
112 20
112 21
112 23
112 24
112 26
112 28
112 30
112 31
112 32
112 34
112 36
112 38
112 41
112 43
112 44
112 50
112 52
112 53
112 58
112 59
112 61
112 64
112 65
112 70
112 72
112 73
112 79
112 84
112 86
112 88
112 89
112 97
112 98
112 100
112 101
112 102
112 106
112 112
112 113
112 116
112 117
112 119
112 121
112 122
113 0
113 2
113 3
113 4
113 6
113 7
113 21
113 23
113 26
113 27
113 28
113 31
113 33
113 36
113 37
113 42
113 44
113 48
113 52
113 53
113 56
113 57
113 58
113 60
113 62
113 63
113 65
113 68
113 70
113 71
113 73
113 77
113 78
113 85
113 92
113 95
113 98
113 100
113 102
113 103
113 105
113 108
113 113
113 116
113 125
113 126
114 1
114 2
114 6
114 7
114 9
114 10
114 11
114 12
114 13
114 14
114 15
114 16
114 18
114 19
114 22
114 24
114 25
114 26
114 28
114 29
114 31
114 32
114 37
114 39
114 40
114 41
114 42
114 43
114 44
114 46
114 47
114 49
114 51
114 54
114 57
114 62
114 63
114 64
114 65
114 69
114 70
114 73
114 79
114 80
114 81
114 82
114 84
114 85
114 87
114 88
114 91
114 93
114 94
114 95
114 96
114 97
114 102
114 107
114 110
114 113
114 115
114 116
114 119
114 123
114 124
114 127
115 0
115 4
115 7
115 8
115 10
115 13
115 14
115 15
115 16
115 18
115 19
115 20
115 22
115 24
115 25
115 27
115 28
115 33
115 35
115 37
115 39
115 41
115 44
115 45
115 46
115 47
115 51
115 52
115 54
115 55
115 59
115 61
115 62
115 63
115 65
115 67
115 68
115 69
115 75
115 76
115 78
115 80
115 86
115 88
115 89
115 92
115 93
115 96
115 98
115 100
115 101
115 102
115 108
115 109
115 110
115 111
115 115
115 123
115 124
115 125
115 126
115 127
116 4
116 5
116 6
116 8
116 10
116 15
116 18
116 19
116 21
116 22
116 23
116 24
116 25
116 27
116 33
116 39
116 41
116 49
116 51
116 54
116 56
116 57
116 62
116 64
116 68
116 72
116 73
116 75
116 76
116 79
116 85
116 86
116 89
116 90
116 95
116 97
116 99
116 101
116 105
116 107
116 110
116 111
116 113
116 115
116 116
116 117
116 122
116 126
116 127
117 0
117 2
117 4
117 7
117 9
117 11
117 12
117 16
117 17
117 18
117 19
117 22
117 25
117 26
117 27
117 29
117 31
117 33
117 36
117 39
117 40
117 41
117 42
117 44
117 45
117 46
117 50
117 54
117 55
117 56
117 59
117 60
117 62
117 64
117 65
117 67
117 69
117 72
117 73
117 74
117 76
117 80
117 82
117 83
117 84
117 85
117 93
117 95
117 96
117 98
117 100
117 107
117 108
117 110
117 114
117 115
117 117
117 123
117 126
118 1
118 2
118 4
118 6
118 7
118 11
118 12
118 13
118 14
118 21
118 23
118 25
118 26
118 29
118 30
118 31
118 35
118 39
118 40
118 43
118 48
118 51
118 55
118 56
118 57
118 58
118 60
118 61
118 62
118 63
118 67
118 72
118 73
118 81
118 82
118 83
118 85
118 89
118 91
118 93
118 94
118 95
118 98
118 99
118 100
118 104
118 106
118 108
118 109
118 116
118 117
118 118
118 120
118 122
118 123
118 124
118 126
119 2
119 5
119 8
119 9
119 12
119 17
119 19
119 21
119 22
119 28
119 29
119 30
119 31
119 34
119 35
119 36
119 38
119 40
119 43
119 45
119 46
119 48
119 50
119 51
119 55
119 57
119 61
119 62
119 65
119 71
119 72
119 77
119 78
119 79
119 80
119 82
119 86
119 88
119 92
119 93
119 95
119 96
119 97
119 99
119 103
119 105
119 106
119 109
119 111
119 112
119 113
119 114
119 118
119 119
119 120
119 121
119 122
119 126
119 127
120 0
120 4
120 6
120 8
120 9
120 10
120 12
120 13
120 15
120 18
120 26
120 27
120 31
120 35
120 36
120 39
120 42
120 43
120 45
120 46
120 47
120 48
120 49
120 50
120 51
120 55
120 58
120 60
120 62
120 63
120 65
120 70
120 71
120 72
120 76
120 78
120 80
120 81
120 83
120 86
120 87
120 89
120 91
120 97
120 98
120 103
120 104
120 105
120 106
120 108
120 110
120 112
120 114
120 115
120 116
120 120
120 122
120 123
120 125
120 126
121 1
121 3
121 7
121 8
121 10
121 11
121 12
121 13
121 18
121 20
121 22
121 23
121 28
121 31
121 32
121 36
121 37
121 39
121 43
121 45
121 46
121 51
121 54
121 55
121 61
121 68
121 72
121 73
121 76
121 80
121 89
121 90
121 100
121 101
121 102
121 110
121 111
121 113
121 115
121 119
121 120
121 124
121 126
121 127
122 3
122 5
122 8
122 9
122 15
122 18
122 25
122 31
122 39
122 40
122 42
122 43
122 48
122 53
122 59
122 62
122 64
122 66
122 67
122 71
122 72
122 75
122 78
122 79
122 81
122 82
122 86
122 91
122 92
122 94
122 95
122 97
122 100
122 101
122 103
122 105
122 108
122 110
122 113
122 116
122 118
122 120
122 121
122 122
122 123
122 125
123 1
123 3
123 4
123 6
123 8
123 12
123 13
123 14
123 17
123 21
123 22
123 24
123 27
123 32
123 34
123 37
123 39
123 41
123 43
123 44
123 48
123 49
123 52
123 54
123 55
123 59
123 61
123 64
123 69
123 72
123 73
123 74
123 76
123 79
123 80
123 81
123 82
123 83
123 84
123 85
123 90
123 98
123 101
123 102
123 103
123 105
123 106
123 107
123 108
123 110
123 112
123 113
123 114
123 117
123 120
123 123
123 124
123 126
124 0
124 1
124 3
124 4
124 6
124 8
124 9
124 12
124 13
124 15
124 16
124 17
124 18
124 19
124 25
124 28
124 29
124 31
124 34
124 35
124 36
124 41
124 53
124 55
124 58
124 59
124 60
124 62
124 64
124 65
124 73
124 74
124 76
124 81
124 82
124 83
124 84
124 85
124 87
124 88
124 97
124 99
124 102
124 107
124 108
124 110
124 111
124 112
124 114
124 116
124 117
124 121
124 123
124 127
125 1
125 4
125 5
125 6
125 7
125 11
125 15
125 17
125 19
125 20
125 22
125 25
125 27
125 29
125 32
125 33
125 34
125 35
125 37
125 39
125 40
125 41
125 43
125 44
125 45
125 46
125 47
125 48
125 49
125 51
125 52
125 54
125 55
125 56
125 57
125 59
125 61
125 62
125 63
125 66
125 68
125 69
125 70
125 72
125 74
125 82
125 83
125 89
125 98
125 99
125 100
125 101
125 102
125 103
125 104
125 105
125 107
125 109
125 112
125 115
125 116
125 118
125 119
125 123
125 125
125 126
125 127
126 1
126 6
126 7
126 8
126 9
126 10
126 11
126 12
126 13
126 15
126 16
126 17
126 18
126 19
126 20
126 22
126 24
126 26
126 31
126 32
126 33
126 34
126 38
126 39
126 40
126 41
126 42
126 44
126 50
126 51
126 57
126 58
126 59
126 62
126 64
126 65
126 67
126 68
126 69
126 71
126 73
126 75
126 76
126 77
126 82
126 83
126 86
126 87
126 92
126 93
126 94
126 95
126 96
126 99
126 100
126 103
126 105
126 113
126 114
126 115
126 117
126 118
126 124
127 0
127 1
127 2
127 4
127 5
127 10
127 12
127 13
127 14
127 15
127 16
127 17
127 18
127 20
127 25
127 30
127 31
127 32
127 35
127 38
127 40
127 41
127 42
127 46
127 48
127 50
127 55
127 57
127 61
127 63
127 65
127 67
127 70
127 71
127 75
127 78
127 79
127 81
127 83
127 85
127 87
127 91
127 92
127 95
127 97
127 101
127 105
127 110
127 112
127 113
127 114
127 115
127 116
127 117
127 120
127 122
127 124
127 127
