2 82
6 74
7 95
7 111
8 42
9 67
9 116
13 74
15 24
17 40
17 89
17 95
18 44
19 12
19 26
19 29
20 121
21 97
23 46
24 26
24 61
24 108
25 53
27 125
28 83
32 38
32 86
37 93
38 70
39 95
40 93
43 72
44 117
45 79
46 7
46 41
46 51
46 58
52 8
53 92
55 0
56 21
56 49
56 67
57 10
57 16
58 14
59 19
60 37
60 126
62 63
62 70
66 77
69 82
69 111
70 76
71 67
72 78
74 60
75 119
77 29
77 109
82 13
82 101
82 119
85 95
86 17
87 12
88 0
89 49
90 8
90 71
91 12
91 43
93 51
101 95
103 50
103 119
105 0
107 36
107 72
110 7
110 31
110 89
111 106
113 6
113 21
114 61
115 115
118 73
118 108
119 10
119 23
120 90
124 8
124 99
125 115
126 13
127 32
127 110
