0 9
0 15
0 17
0 26
0 30
0 32
0 33
0 42
0 51
0 61
0 62
0 71
0 83
0 85
0 86
0 89
0 95
0 100
1 15
1 17
1 36
1 47
1 54
1 70
1 77
1 91
1 104
1 105
1 110
1 126
2 6
2 39
2 45
2 51
2 55
2 56
2 61
2 72
2 92
2 103
2 110
2 119
2 122
3 4
3 5
3 23
3 24
3 29
3 31
3 38
3 53
3 72
3 79
3 82
3 85
3 94
3 114
3 115
3 121
3 122
3 127
4 1
4 15
4 18
4 22
4 25
4 37
4 38
4 70
4 74
4 80
4 97
4 113
4 126
5 13
5 14
5 32
5 33
5 46
5 58
5 66
5 82
5 86
5 89
6 2
6 31
6 38
6 40
6 47
6 55
6 66
6 79
6 81
6 92
6 94
6 95
6 96
6 99
7 10
7 31
7 34
7 44
7 64
7 65
7 67
7 68
7 81
7 86
7 89
7 95
7 96
7 103
7 104
7 120
7 125
8 2
8 10
8 27
8 30
8 31
8 33
8 42
8 62
8 71
8 105
8 118
8 125
9 4
9 21
9 23
9 26
9 29
9 61
9 68
9 69
9 78
9 95
9 98
9 104
10 3
10 5
10 11
10 17
10 23
10 35
10 43
10 58
10 73
10 76
10 97
10 111
10 114
10 116
11 4
11 10
11 20
11 36
11 38
11 43
11 46
11 49
11 50
11 60
11 66
11 71
11 75
11 97
11 113
11 117
11 118
11 120
11 121
12 0
12 1
12 33
12 36
12 49
12 62
12 78
12 83
12 96
12 97
12 111
12 127
13 19
13 20
13 68
13 80
13 84
13 85
13 87
13 89
13 93
13 126
13 127
14 1
14 3
14 4
14 26
14 53
14 57
14 65
14 66
14 74
14 81
14 83
14 87
14 109
15 8
15 14
15 20
15 21
15 34
15 46
15 52
15 54
15 72
15 85
15 103
15 124
15 125
16 0
16 15
16 26
16 30
16 31
16 32
16 34
16 39
16 48
16 51
16 62
16 63
16 68
16 71
16 73
16 88
16 112
17 10
17 30
17 41
17 42
17 60
17 74
17 85
17 87
17 91
17 108
17 116
17 119
17 122
17 125
18 14
18 24
18 26
18 39
18 60
18 62
18 94
18 102
18 106
18 114
19 3
19 10
19 12
19 14
19 17
19 28
19 32
19 33
19 48
19 67
19 75
19 84
19 85
19 94
19 100
19 101
19 103
19 105
19 108
19 114
19 121
19 125
20 9
20 11
20 16
20 105
20 110
21 1
21 5
21 9
21 16
21 18
21 23
21 29
21 36
21 52
21 71
21 84
21 87
21 90
21 117
22 2
22 4
22 23
22 68
22 74
22 77
22 85
22 93
22 97
22 99
22 110
22 123
23 12
23 17
23 29
23 36
23 41
23 47
23 60
23 62
23 65
23 76
23 84
23 92
23 97
23 99
23 117
24 7
24 10
24 13
24 15
24 21
24 23
24 44
24 46
24 91
24 97
24 118
24 127
25 11
25 31
25 53
25 59
25 65
25 87
25 113
25 124
26 14
26 15
26 23
26 33
26 38
26 44
26 47
26 50
26 77
26 91
26 100
26 108
27 16
27 23
27 29
27 33
27 34
27 35
27 39
27 41
27 53
27 66
27 78
27 117
27 122
28 7
28 8
28 43
28 50
28 54
28 56
28 57
28 65
28 86
28 87
28 99
29 0
29 22
29 39
29 76
29 110
29 115
30 7
30 10
30 25
30 50
30 53
30 62
30 63
30 66
30 74
30 91
31 9
31 26
31 34
31 52
31 53
31 54
31 60
31 61
31 68
31 87
31 91
31 95
31 100
31 110
31 125
32 0
32 8
32 23
32 38
32 43
32 46
32 49
32 51
32 53
32 63
32 81
32 85
32 87
32 99
32 101
32 109
32 120
32 122
32 124
32 126
33 9
33 20
33 41
33 48
33 53
33 57
33 58
33 67
33 73
33 97
33 109
33 110
33 111
33 114
33 116
33 117
33 119
34 5
34 9
34 11
34 14
34 17
34 18
34 22
34 24
34 42
34 43
34 45
34 46
34 58
34 85
34 87
34 88
34 89
34 92
34 95
34 104
34 108
34 111
34 112
35 1
35 14
35 22
35 23
35 24
35 30
35 53
35 60
35 72
35 75
35 82
35 86
35 98
35 107
35 121
36 6
36 13
36 20
36 23
36 27
36 30
36 80
36 90
36 96
36 97
36 105
36 109
36 117
36 118
36 119
37 8
37 12
37 18
37 20
37 44
37 46
37 49
37 72
37 74
37 85
38 5
38 10
38 22
38 33
38 37
38 48
38 54
38 60
38 87
38 88
38 90
38 91
38 95
38 100
38 106
38 108
38 121
38 124
39 0
39 24
39 37
39 39
39 51
39 52
39 71
39 91
39 98
40 13
40 24
40 32
40 54
40 62
40 80
40 90
40 95
40 116
41 3
41 14
41 21
41 43
41 64
41 73
41 76
41 98
41 105
41 109
41 110
41 112
42 16
42 61
42 80
42 89
42 98
42 108
42 115
43 19
43 24
43 53
43 58
43 73
43 74
43 76
43 92
43 109
43 115
43 122
44 1
44 5
44 12
44 32
44 36
44 42
44 45
44 57
44 58
44 80
44 92
44 106
44 108
45 15
45 40
45 70
45 90
45 94
45 99
45 110
45 118
45 119
45 120
45 123
46 21
46 24
46 37
46 69
46 72
46 79
46 83
46 91
46 94
46 98
46 103
46 105
46 111
46 114
46 117
47 9
47 10
47 60
47 63
47 79
47 88
47 91
47 121
48 21
48 22
48 24
48 26
48 29
48 34
48 62
48 79
48 80
48 85
48 87
48 94
48 98
48 121
49 0
49 10
49 37
49 40
49 49
49 51
49 58
49 61
49 63
49 73
49 76
49 78
49 84
49 88
49 109
49 110
49 120
49 121
50 1
50 3
50 21
50 35
50 41
50 69
50 71
50 76
50 118
51 10
51 34
51 38
51 41
51 43
51 62
51 64
51 66
51 71
51 72
51 82
51 83
51 85
51 97
51 106
51 108
51 119
52 1
52 38
52 39
52 43
52 45
52 47
52 65
52 67
52 87
52 94
52 121
52 123
53 12
53 14
53 16
53 17
53 24
53 25
53 29
53 30
53 31
53 37
53 43
53 53
53 62
53 70
53 71
53 74
53 84
53 91
53 109
53 113
53 116
53 118
53 124
54 2
54 27
54 58
54 74
54 84
54 88
54 123
55 4
55 9
55 15
55 24
55 25
55 50
55 68
55 69
55 86
55 95
55 99
55 113
55 119
56 5
56 11
56 15
56 39
56 56
56 74
56 100
56 107
56 125
57 7
57 12
57 39
57 43
57 58
57 63
57 74
57 88
57 90
57 98
57 115
57 122
58 5
58 6
58 8
58 10
58 12
58 14
58 23
58 28
58 38
58 50
58 54
58 56
58 86
58 89
58 101
58 108
58 115
58 126
59 6
59 10
59 12
59 17
59 41
59 65
59 77
59 90
59 121
60 11
60 13
60 24
60 27
60 32
60 60
60 64
60 72
60 75
60 83
60 91
60 94
60 101
60 102
60 103
60 115
61 19
61 24
61 35
61 43
61 55
61 59
61 64
61 85
61 110
61 119
61 123
62 5
62 8
62 9
62 10
62 16
62 39
62 44
62 52
62 98
62 119
63 11
63 14
63 15
63 19
63 34
63 46
63 54
63 70
63 105
63 112
63 123
64 21
64 27
64 31
64 44
64 50
64 57
64 63
64 70
64 74
64 76
64 98
64 112
64 113
65 23
65 27
65 37
65 51
65 67
65 71
65 84
65 111
65 116
66 8
66 14
66 15
66 22
66 27
66 32
66 36
66 67
66 72
66 89
66 102
67 1
67 10
67 17
67 18
67 33
67 40
67 41
67 46
67 61
67 64
67 82
67 121
67 127
68 1
68 4
68 6
68 17
68 71
68 95
68 100
68 101
68 107
68 116
68 126
69 19
69 23
69 41
69 48
69 81
69 93
69 102
69 111
69 124
70 3
70 24
70 30
70 34
70 42
70 51
70 68
70 107
70 117
71 0
71 11
71 21
71 30
71 31
71 41
71 44
71 46
71 48
71 68
71 77
71 84
71 85
71 94
71 96
71 103
71 120
71 125
72 9
72 20
72 21
72 27
72 35
72 48
72 68
72 119
72 122
72 126
73 0
73 16
73 22
73 27
73 31
73 40
73 49
73 51
73 54
73 57
73 63
73 71
73 80
73 90
73 92
73 101
73 113
73 124
74 33
74 43
74 46
74 48
74 53
74 63
74 66
74 71
74 78
74 115
74 118
75 3
75 27
75 31
75 32
75 56
75 83
75 84
75 85
75 86
75 91
75 92
75 102
75 116
75 120
76 5
76 9
76 11
76 15
76 29
76 35
76 36
76 52
76 70
76 75
76 91
76 97
76 127
77 0
77 6
77 33
77 44
77 46
77 55
77 66
77 79
77 93
77 99
77 100
77 101
77 125
77 126
78 3
78 14
78 20
78 25
78 32
78 38
78 47
78 49
78 53
78 74
78 90
78 91
78 118
78 122
78 126
79 7
79 15
79 16
79 32
79 33
79 38
79 40
79 45
79 47
79 53
79 60
79 85
79 92
79 110
79 121
79 127
80 3
80 21
80 25
80 54
80 60
80 76
80 80
80 107
80 113
81 3
81 20
81 23
81 39
81 48
81 70
81 100
81 109
81 115
81 126
82 3
82 7
82 9
82 12
82 33
82 45
82 57
82 80
82 88
82 99
82 122
82 127
83 0
83 27
83 34
83 55
83 61
83 71
83 79
83 89
83 92
83 102
83 124
83 127
84 0
84 10
84 12
84 25
84 31
84 33
84 42
84 51
84 65
84 74
84 78
84 85
84 93
84 124
85 11
85 13
85 45
85 59
85 68
85 74
85 82
85 86
85 90
85 96
85 112
85 119
85 123
86 5
86 10
86 18
86 24
86 31
86 32
86 33
86 36
86 45
86 48
86 61
86 88
86 92
86 94
86 96
86 101
86 107
87 24
87 31
87 32
87 50
87 84
87 94
87 110
87 126
87 127
88 9
88 35
88 52
88 60
88 84
88 93
88 101
88 116
89 5
89 15
89 22
89 35
89 47
89 61
89 67
89 70
89 72
89 83
89 86
89 88
89 99
89 100
89 103
89 111
89 114
89 115
90 13
90 15
90 23
90 37
90 38
90 44
90 45
90 62
90 82
90 87
90 89
90 92
90 125
90 127
91 3
91 7
91 15
91 28
91 38
91 45
91 60
91 68
91 71
91 73
91 77
91 87
91 90
91 126
92 4
92 10
92 12
92 19
92 27
92 30
92 32
92 37
92 38
92 39
92 42
92 45
92 52
92 100
92 114
93 0
93 9
93 28
93 39
93 43
93 64
93 72
93 74
93 77
93 87
93 91
93 95
93 96
93 97
93 115
93 125
93 127
94 36
94 45
94 47
94 52
94 57
94 59
94 63
94 66
94 69
94 99
94 105
94 119
95 1
95 6
95 7
95 8
95 25
95 51
95 61
95 65
95 81
95 83
96 4
96 6
96 36
96 37
96 82
96 87
96 99
96 106
96 112
96 114
96 119
97 1
97 9
97 14
97 22
97 34
97 37
97 48
97 59
97 68
97 72
97 81
97 95
97 96
97 98
97 106
97 109
97 111
97 113
98 30
98 32
98 44
98 46
98 66
98 70
98 75
98 81
98 84
98 98
98 103
98 104
99 27
99 36
99 37
99 46
99 48
99 62
99 64
99 72
99 77
99 84
99 99
99 105
99 114
99 119
100 2
100 35
100 36
100 41
100 54
100 58
100 72
100 91
100 113
100 120
101 3
101 10
101 16
101 34
101 69
101 73
101 80
101 83
101 84
101 89
101 91
101 101
101 102
101 122
101 127
102 18
102 30
102 42
102 58
102 61
102 86
102 88
102 90
102 115
102 122
102 124
102 127
103 27
103 46
103 47
103 55
103 59
103 82
103 92
103 98
103 107
103 110
103 113
104 4
104 11
104 49
104 50
104 81
104 85
104 86
104 87
104 89
104 90
105 24
105 28
105 42
105 46
105 55
105 56
105 61
105 64
105 65
105 99
105 100
105 108
105 109
105 125
106 5
106 11
106 12
106 23
106 26
106 32
106 40
106 73
106 91
106 108
106 111
106 116
106 121
106 122
106 124
107 20
107 23
107 44
107 51
107 67
107 68
107 85
107 95
107 111
107 113
107 123
108 5
108 10
108 16
108 20
108 29
108 33
108 37
108 44
108 64
108 70
108 75
108 79
108 81
108 89
108 91
108 96
108 105
108 116
108 117
109 6
109 18
109 24
109 40
109 41
109 56
109 95
109 100
109 102
109 110
109 111
109 116
109 117
109 124
110 18
110 21
110 26
110 43
110 82
110 112
110 125
111 9
111 13
111 16
111 35
111 72
111 80
111 85
111 96
111 101
111 105
111 106
111 111
111 114
111 117
111 118
111 124
112 1
112 23
112 25
112 26
112 27
112 34
112 44
112 59
112 80
112 83
112 88
112 104
112 117
113 4
113 17
113 72
113 75
113 76
113 85
113 94
113 107
113 117
114 8
114 10
114 73
114 90
114 100
114 111
115 39
115 40
115 43
115 48
115 53
115 57
115 70
115 87
115 97
116 14
116 21
116 29
116 38
116 39
116 40
116 52
116 58
116 65
116 68
116 70
116 74
116 88
116 90
116 103
117 5
117 7
117 11
117 12
117 25
117 38
117 42
117 50
117 55
117 57
117 63
117 85
117 88
117 89
117 100
117 106
117 108
118 22
118 33
118 41
118 48
118 52
118 63
118 67
118 71
118 82
118 100
118 109
118 110
118 126
118 127
119 14
119 40
119 43
119 44
119 65
119 91
119 100
119 116
119 120
119 122
120 6
120 13
120 30
120 43
120 58
120 69
120 73
120 74
120 76
120 113
120 123
120 125
121 10
121 15
121 16
121 21
121 31
121 45
121 75
121 81
121 100
121 103
121 107
121 110
121 111
121 121
121 123
122 13
122 14
122 21
122 38
122 47
122 75
122 80
122 88
122 95
122 116
122 121
123 8
123 12
123 38
123 69
123 74
123 77
123 93
123 98
123 127
124 11
124 24
124 43
124 56
124 69
124 77
124 113
124 126
125 3
125 8
125 36
125 54
125 72
125 87
125 88
125 95
125 111
126 1
126 18
126 19
126 24
126 45
126 49
126 59
126 62
126 91
126 96
126 98
126 100
126 119
126 121
126 123
126 124
127 33
127 60
127 67
127 74
127 86
127 88
127 94
127 119
127 123
