0 9
0 17
0 26
0 54
0 61
0 89
0 101
1 29
1 32
1 39
1 68
1 79
1 98
1 104
1 105
1 116
2 0
2 34
2 46
2 47
2 61
2 110
2 112
2 120
2 121
3 28
3 32
3 36
3 64
3 97
3 98
3 101
3 122
4 26
4 28
4 34
4 37
4 45
4 53
4 56
4 58
4 111
4 126
5 15
5 34
5 36
5 126
6 16
6 44
6 59
6 75
6 121
6 123
7 9
7 35
7 64
7 69
7 107
8 3
8 12
8 15
8 21
8 41
8 50
8 51
8 56
8 70
8 75
8 77
8 87
8 96
8 99
9 7
9 9
9 47
9 76
9 103
10 46
10 86
10 94
10 123
11 35
11 57
11 71
11 75
11 85
11 89
11 111
11 118
12 33
12 73
12 78
12 107
13 20
13 21
13 41
13 47
13 49
13 85
13 90
13 95
13 124
13 127
14 69
14 74
14 106
15 45
15 56
15 61
15 77
15 79
15 103
15 118
16 21
16 29
16 35
16 59
16 73
16 74
16 117
16 124
17 18
17 88
17 96
17 125
18 16
18 31
18 71
19 1
19 21
19 43
19 54
19 59
19 68
19 73
19 88
20 4
20 21
20 29
20 95
20 109
21 21
21 46
21 53
21 55
21 72
21 75
21 85
21 86
21 99
21 107
21 108
21 121
21 124
21 127
22 13
22 53
22 58
22 62
22 74
22 86
23 29
23 32
23 41
23 44
23 47
23 71
23 72
23 93
23 94
24 0
24 27
24 40
24 48
24 61
24 96
24 123
24 125
25 1
25 35
25 49
25 66
25 74
25 99
25 119
26 28
26 47
26 51
26 63
26 90
26 102
26 107
26 115
27 6
27 20
27 57
27 66
27 95
27 108
27 115
28 10
28 24
28 31
28 60
28 65
28 98
28 106
28 112
29 3
29 60
29 66
29 77
29 80
29 83
29 122
30 8
30 13
30 25
30 61
30 67
30 70
30 74
30 81
30 85
31 13
31 66
31 68
31 84
31 118
32 19
32 55
32 81
32 109
33 13
33 22
33 36
33 37
33 42
33 72
33 95
33 99
33 105
33 117
34 27
34 29
34 37
34 42
34 43
34 61
34 62
34 72
34 97
35 0
35 10
35 18
35 22
35 28
35 62
35 84
35 124
36 0
36 1
36 29
36 37
36 49
36 83
36 98
36 99
36 106
36 122
37 9
37 11
37 16
37 23
37 27
37 56
37 61
37 88
37 100
37 108
37 117
37 120
38 31
38 48
38 52
39 12
39 34
39 40
39 44
40 8
40 20
40 43
40 122
41 5
41 21
41 22
41 26
41 41
41 78
41 87
41 125
42 6
42 12
42 16
42 17
42 24
42 42
42 47
42 50
42 55
42 58
42 69
42 77
42 81
42 89
42 120
42 126
43 16
43 23
43 31
43 43
43 44
43 54
43 56
44 2
44 6
44 16
44 31
44 50
44 68
44 79
44 98
44 106
44 109
44 113
45 21
45 33
45 36
45 52
45 58
45 69
45 89
45 101
45 102
45 105
45 110
46 10
46 22
46 52
46 75
46 85
46 95
47 20
47 66
47 74
47 127
48 0
48 2
48 7
48 11
48 17
48 30
48 63
48 64
48 84
48 91
48 93
48 105
49 14
49 20
49 39
49 42
49 43
49 49
49 62
49 65
49 94
49 96
49 115
49 124
49 126
50 3
50 4
50 30
50 51
50 53
50 56
50 61
50 76
50 92
50 95
50 105
51 24
51 49
51 66
51 83
51 99
52 7
52 28
52 44
52 76
52 104
52 109
52 110
53 3
53 6
53 14
53 17
53 21
53 39
53 74
53 81
53 86
53 115
53 117
53 122
54 32
54 56
54 97
54 116
55 16
55 21
55 28
55 30
55 38
55 52
55 54
55 60
55 72
55 75
55 76
55 99
56 12
56 14
56 15
56 79
56 111
57 36
57 64
57 71
57 83
57 85
57 115
57 118
58 9
58 24
58 41
58 76
58 99
59 4
59 38
59 84
59 92
59 105
59 114
60 0
60 10
60 46
60 55
60 93
60 96
60 116
61 26
61 43
61 60
61 98
62 31
62 32
62 41
62 51
62 61
62 67
62 71
62 83
62 90
62 92
63 0
63 10
63 68
63 80
63 85
63 93
63 99
63 105
63 107
64 1
64 8
64 26
64 78
64 105
65 11
65 17
65 21
65 35
65 40
65 68
65 71
65 115
65 116
66 7
66 9
66 24
66 30
66 31
66 33
66 56
66 69
66 118
67 5
67 21
67 22
67 39
67 48
67 49
67 57
67 70
67 75
67 78
67 122
67 126
68 2
68 13
68 44
68 50
68 73
68 123
68 126
69 14
69 29
69 57
69 73
69 77
70 18
70 19
70 31
70 47
70 54
70 68
70 70
70 75
70 76
70 84
70 87
70 88
70 91
70 103
70 122
70 126
71 21
71 45
71 47
71 52
71 78
71 94
71 96
71 102
71 123
72 30
72 41
72 74
72 118
72 119
73 24
73 85
73 87
73 108
73 124
74 4
74 5
74 54
74 61
74 64
74 77
74 113
74 119
74 126
75 0
75 17
75 34
75 42
75 43
75 50
75 97
75 98
75 114
76 6
76 17
76 23
76 42
76 70
76 82
76 111
77 19
77 20
77 44
77 59
77 68
77 79
77 82
77 110
77 119
78 30
78 32
78 90
78 107
78 110
78 117
78 122
79 15
79 32
79 52
79 81
79 104
79 107
80 4
80 12
80 42
80 51
80 64
80 66
80 68
80 71
80 125
81 0
81 15
81 37
81 51
81 67
82 18
82 29
82 40
82 46
82 56
82 59
82 74
82 84
83 0
83 26
83 34
83 43
83 53
83 56
83 71
83 79
83 120
83 127
84 5
84 29
84 36
84 37
84 43
84 108
84 110
85 2
85 5
85 11
85 15
85 42
85 79
85 97
86 15
86 23
86 40
86 61
86 69
86 85
86 92
86 107
86 113
87 1
87 4
87 26
87 27
87 29
87 45
87 59
87 65
87 74
87 85
87 88
87 91
87 103
87 113
88 8
88 17
88 23
88 39
88 50
88 80
88 82
88 92
88 102
89 0
89 3
89 7
89 13
89 21
89 57
89 78
89 104
89 125
89 126
90 1
90 61
90 77
90 98
91 34
91 59
91 107
92 24
92 29
92 50
92 75
92 91
92 96
92 124
93 11
93 35
93 40
93 50
93 62
93 79
93 82
93 85
94 17
94 50
94 66
94 75
94 78
94 84
94 87
94 90
94 92
94 101
94 121
95 4
95 39
95 50
95 69
95 83
95 125
96 28
96 39
96 61
96 68
96 73
96 78
96 92
96 97
96 104
96 105
96 113
96 114
97 18
97 22
97 38
97 80
97 88
97 96
97 127
98 17
98 18
98 24
98 36
98 44
98 68
98 69
98 99
98 103
98 116
98 124
99 3
99 17
99 52
99 73
99 78
99 108
100 13
100 32
100 63
100 73
100 116
101 23
101 36
101 61
101 62
101 64
101 69
101 82
101 89
101 90
101 94
101 118
101 120
101 121
101 125
102 5
102 9
102 28
102 73
102 102
102 120
103 11
103 23
103 47
103 61
103 86
103 121
104 23
104 63
104 80
104 85
105 4
105 15
105 38
105 39
105 43
105 44
105 45
105 48
105 63
105 66
105 70
105 73
105 75
105 78
105 81
105 110
105 118
105 125
106 45
106 90
106 96
106 106
106 112
107 20
107 24
107 80
107 110
108 7
108 12
108 42
108 62
108 80
108 85
109 9
109 18
109 38
109 77
109 79
109 85
109 98
109 99
109 108
110 13
110 16
110 38
110 40
110 49
110 68
110 86
111 49
111 63
111 69
111 70
111 91
111 124
112 8
112 10
112 19
112 26
112 58
112 63
112 87
113 42
113 79
113 107
114 1
114 8
114 24
114 36
114 55
114 82
114 88
114 103
114 121
114 122
115 18
115 38
115 41
115 76
115 83
115 95
115 113
115 122
115 125
116 2
116 4
116 10
116 20
116 23
116 37
116 51
116 62
116 76
116 93
116 96
116 110
117 12
117 17
117 23
117 26
117 49
117 50
117 55
117 62
117 71
117 91
117 112
118 6
118 8
118 30
118 73
118 99
118 107
119 31
119 58
119 69
119 85
119 89
120 46
120 51
120 88
120 109
120 118
121 0
121 14
121 17
121 21
121 26
121 43
121 71
121 94
121 111
121 114
121 119
121 126
122 2
122 27
122 31
122 50
122 55
122 56
122 69
122 101
122 105
122 106
122 121
123 12
123 16
123 33
123 45
123 51
123 53
123 56
123 81
123 117
124 21
124 56
124 60
124 73
124 84
124 106
124 108
125 19
125 34
125 44
125 52
125 70
125 75
125 85
125 98
125 113
125 126
126 10
126 18
126 26
126 30
126 34
126 51
126 61
126 92
126 99
126 120
127 37
127 73
127 86
127 112
127 115
127 124
