0 0
0 2
0 3
0 5
0 7
0 9
0 17
0 19
0 20
0 21
0 22
0 23
0 24
0 26
0 29
0 32
0 40
0 41
0 43
0 44
0 55
0 56
0 57
0 65
0 66
0 67
0 70
0 75
0 79
0 84
0 86
0 87
0 89
0 93
0 94
0 96
0 108
0 111
0 126
1 6
1 7
1 12
1 13
1 14
1 16
1 18
1 19
1 20
1 21
1 22
1 24
1 25
1 27
1 29
1 30
1 35
1 37
1 39
1 42
1 43
1 44
1 45
1 46
1 47
1 49
1 52
1 53
1 54
1 55
1 58
1 63
1 70
1 71
1 76
1 77
1 79
1 80
1 81
1 82
1 83
1 89
1 90
1 92
1 93
1 101
1 104
1 110
1 111
1 112
1 113
1 114
1 115
1 116
1 117
1 119
1 123
1 124
1 125
2 0
2 1
2 3
2 8
2 12
2 13
2 16
2 18
2 20
2 24
2 27
2 28
2 29
2 30
2 32
2 34
2 35
2 38
2 40
2 43
2 44
2 47
2 48
2 49
2 51
2 52
2 53
2 58
2 59
2 61
2 62
2 63
2 67
2 69
2 70
2 75
2 76
2 77
2 79
2 80
2 82
2 83
2 92
2 94
2 96
2 97
2 98
2 102
2 110
2 111
2 112
2 121
2 123
2 125
2 126
3 1
3 4
3 9
3 10
3 14
3 16
3 17
3 18
3 22
3 23
3 24
3 25
3 33
3 36
3 47
3 48
3 53
3 54
3 59
3 60
3 62
3 63
3 65
3 67
3 68
3 70
3 77
3 78
3 83
3 86
3 88
3 90
3 91
3 92
3 94
3 95
3 97
3 98
3 100
3 104
3 106
3 108
3 109
3 110
3 113
3 114
3 116
3 117
3 120
3 122
3 125
4 2
4 4
4 5
4 6
4 7
4 12
4 13
4 17
4 18
4 20
4 21
4 22
4 24
4 25
4 26
4 27
4 29
4 31
4 38
4 39
4 41
4 42
4 45
4 47
4 48
4 49
4 52
4 53
4 54
4 56
4 57
4 61
4 64
4 68
4 73
4 77
4 79
4 82
4 85
4 86
4 89
4 95
4 97
4 99
4 103
4 104
4 105
4 107
4 108
4 112
4 115
4 117
4 121
4 123
4 125
4 127
5 0
5 1
5 3
5 4
5 6
5 10
5 12
5 13
5 14
5 15
5 17
5 20
5 22
5 24
5 29
5 30
5 39
5 40
5 41
5 42
5 45
5 46
5 49
5 51
5 54
5 56
5 64
5 65
5 66
5 67
5 69
5 72
5 79
5 80
5 82
5 83
5 84
5 85
5 86
5 87
5 88
5 90
5 93
5 94
5 96
5 100
5 106
5 110
5 112
5 115
5 118
5 119
5 120
5 122
5 123
5 125
5 127
6 1
6 3
6 5
6 6
6 7
6 10
6 13
6 15
6 16
6 18
6 20
6 22
6 24
6 26
6 33
6 35
6 37
6 39
6 42
6 45
6 46
6 47
6 48
6 51
6 52
6 55
6 56
6 62
6 64
6 65
6 66
6 71
6 72
6 73
6 78
6 80
6 82
6 89
6 93
6 95
6 97
6 103
6 107
6 111
6 113
6 115
6 116
6 118
6 120
6 122
6 125
6 126
7 0
7 4
7 6
7 7
7 9
7 15
7 16
7 18
7 21
7 23
7 26
7 27
7 28
7 29
7 31
7 33
7 35
7 36
7 37
7 41
7 45
7 47
7 53
7 54
7 60
7 63
7 67
7 71
7 74
7 77
7 79
7 80
7 81
7 83
7 89
7 90
7 92
7 93
7 95
7 97
7 99
7 100
7 103
7 104
7 105
7 108
7 110
7 113
7 114
7 118
7 122
7 123
7 124
8 0
8 1
8 3
8 8
8 10
8 12
8 19
8 20
8 24
8 25
8 27
8 28
8 34
8 35
8 38
8 45
8 47
8 48
8 49
8 52
8 55
8 56
8 60
8 64
8 68
8 71
8 81
8 84
8 89
8 90
8 93
8 94
8 96
8 97
8 105
8 106
8 108
8 110
8 112
8 113
8 114
8 115
8 117
8 118
8 122
8 124
8 127
9 4
9 5
9 6
9 7
9 8
9 12
9 13
9 15
9 16
9 19
9 20
9 23
9 24
9 25
9 40
9 42
9 44
9 47
9 48
9 50
9 52
9 55
9 57
9 61
9 63
9 67
9 69
9 72
9 80
9 82
9 89
9 90
9 91
9 94
9 96
9 102
9 103
9 104
9 108
9 110
9 111
9 114
9 115
9 116
9 117
9 126
10 0
10 3
10 4
10 7
10 10
10 13
10 14
10 15
10 17
10 23
10 24
10 28
10 29
10 37
10 39
10 41
10 42
10 43
10 45
10 46
10 48
10 49
10 50
10 52
10 54
10 56
10 59
10 60
10 62
10 71
10 73
10 74
10 77
10 78
10 80
10 81
10 82
10 85
10 87
10 88
10 89
10 90
10 92
10 97
10 98
10 99
10 101
10 108
10 109
10 115
10 116
10 117
10 120
10 121
10 122
10 123
10 126
11 4
11 5
11 6
11 7
11 8
11 10
11 11
11 12
11 16
11 18
11 21
11 24
11 26
11 27
11 28
11 32
11 33
11 37
11 39
11 43
11 44
11 53
11 54
11 57
11 58
11 59
11 60
11 64
11 67
11 77
11 80
11 81
11 86
11 88
11 89
11 90
11 91
11 100
11 102
11 104
11 106
11 107
11 109
11 113
11 118
12 2
12 4
12 6
12 7
12 8
12 9
12 10
12 11
12 17
12 18
12 21
12 23
12 25
12 26
12 30
12 32
12 34
12 36
12 38
12 40
12 41
12 43
12 44
12 45
12 50
12 53
12 54
12 60
12 61
12 63
12 64
12 65
12 67
12 68
12 69
12 71
12 72
12 73
12 74
12 76
12 80
12 81
12 83
12 85
12 89
12 93
12 98
12 104
12 106
12 107
12 111
12 114
12 117
12 121
12 124
12 126
13 5
13 9
13 10
13 11
13 14
13 16
13 19
13 20
13 21
13 25
13 35
13 36
13 38
13 39
13 40
13 41
13 42
13 43
13 44
13 45
13 48
13 52
13 55
13 56
13 58
13 70
13 72
13 77
13 78
13 85
13 86
13 88
13 89
13 90
13 91
13 92
13 95
13 98
13 99
13 102
13 103
13 104
13 105
13 106
13 107
13 108
13 110
13 111
13 112
13 115
13 117
13 120
13 121
13 122
13 124
14 0
14 1
14 3
14 4
14 6
14 7
14 8
14 9
14 10
14 13
14 15
14 18
14 19
14 25
14 30
14 31
14 33
14 34
14 37
14 39
14 40
14 41
14 44
14 47
14 48
14 50
14 55
14 59
14 61
14 62
14 64
14 65
14 67
14 81
14 84
14 87
14 89
14 90
14 91
14 101
14 102
14 107
14 110
14 117
14 118
14 124
14 125
15 0
15 10
15 16
15 18
15 19
15 21
15 23
15 24
15 29
15 33
15 34
15 36
15 38
15 43
15 46
15 47
15 48
15 51
15 52
15 54
15 58
15 59
15 60
15 61
15 63
15 65
15 66
15 69
15 72
15 75
15 77
15 84
15 85
15 89
15 92
15 93
15 96
15 98
15 99
15 100
15 104
15 106
15 108
15 110
15 115
15 118
15 120
15 121
15 123
15 125
15 126
16 0
16 1
16 3
16 4
16 5
16 8
16 10
16 11
16 13
16 17
16 25
16 28
16 29
16 31
16 34
16 36
16 37
16 38
16 40
16 42
16 43
16 46
16 51
16 52
16 53
16 54
16 55
16 56
16 57
16 58
16 59
16 62
16 63
16 65
16 67
16 68
16 70
16 72
16 73
16 74
16 76
16 80
16 82
16 84
16 85
16 90
16 91
16 92
16 94
16 97
16 100
16 101
16 103
16 106
16 109
16 118
16 119
16 120
16 121
16 122
16 124
16 126
17 4
17 7
17 9
17 11
17 12
17 15
17 18
17 21
17 23
17 24
17 28
17 29
17 34
17 39
17 44
17 47
17 50
17 51
17 56
17 57
17 58
17 59
17 61
17 62
17 63
17 65
17 66
17 67
17 70
17 72
17 75
17 88
17 96
17 97
17 98
17 99
17 101
17 103
17 106
17 108
17 112
17 113
17 114
17 117
17 121
17 122
17 127
18 4
18 5
18 6
18 7
18 8
18 11
18 13
18 14
18 15
18 16
18 20
18 21
18 22
18 26
18 31
18 34
18 35
18 44
18 45
18 47
18 49
18 50
18 53
18 54
18 56
18 58
18 59
18 62
18 68
18 71
18 73
18 74
18 76
18 77
18 81
18 84
18 86
18 87
18 89
18 90
18 91
18 92
18 93
18 96
18 99
18 100
18 102
18 103
18 107
18 108
18 115
18 117
18 118
18 119
18 122
18 124
18 126
18 127
19 0
19 2
19 3
19 9
19 10
19 11
19 13
19 14
19 20
19 23
19 24
19 29
19 32
19 33
19 35
19 39
19 41
19 45
19 46
19 48
19 49
19 50
19 53
19 58
19 60
19 61
19 62
19 63
19 65
19 69
19 71
19 73
19 77
19 85
19 89
19 93
19 94
19 95
19 96
19 102
19 105
19 106
19 110
19 113
19 116
19 117
19 120
19 125
19 126
20 1
20 2
20 3
20 9
20 11
20 12
20 17
20 18
20 19
20 20
20 23
20 24
20 28
20 29
20 30
20 35
20 38
20 41
20 43
20 44
20 48
20 53
20 61
20 62
20 63
20 68
20 71
20 72
20 73
20 74
20 76
20 81
20 84
20 86
20 88
20 90
20 92
20 93
20 95
20 107
20 108
20 109
20 114
20 115
20 118
20 120
20 122
20 124
20 127
21 0
21 5
21 10
21 12
21 14
21 15
21 18
21 19
21 20
21 22
21 25
21 28
21 31
21 34
21 37
21 41
21 50
21 53
21 59
21 61
21 63
21 66
21 68
21 69
21 70
21 74
21 75
21 76
21 81
21 84
21 86
21 87
21 88
21 89
21 91
21 93
21 95
21 96
21 99
21 101
21 102
21 104
21 105
21 106
21 109
21 115
21 119
21 124
21 125
21 126
21 127
22 2
22 7
22 13
22 18
22 20
22 25
22 38
22 45
22 46
22 48
22 50
22 52
22 53
22 57
22 59
22 60
22 62
22 64
22 66
22 67
22 72
22 76
22 77
22 80
22 82
22 85
22 91
22 93
22 95
22 96
22 100
22 101
22 102
22 103
22 104
22 105
22 107
22 108
22 109
22 111
22 113
22 115
22 118
22 121
22 122
22 123
22 125
23 2
23 5
23 13
23 17
23 22
23 23
23 24
23 25
23 28
23 29
23 31
23 41
23 48
23 50
23 54
23 55
23 56
23 57
23 60
23 62
23 64
23 66
23 67
23 68
23 70
23 74
23 76
23 77
23 80
23 81
23 82
23 84
23 86
23 88
23 95
23 96
23 97
23 99
23 101
23 103
23 104
23 105
23 109
23 111
23 112
23 116
23 118
23 120
23 122
23 126
23 127
24 3
24 4
24 6
24 7
24 8
24 9
24 11
24 13
24 14
24 19
24 20
24 22
24 26
24 29
24 31
24 32
24 33
24 34
24 37
24 38
24 40
24 42
24 46
24 47
24 50
24 54
24 59
24 63
24 66
24 69
24 72
24 73
24 74
24 76
24 80
24 81
24 83
24 85
24 88
24 98
24 103
24 106
24 107
24 111
24 112
24 113
24 116
24 118
24 119
24 120
24 122
24 124
24 125
24 126
24 127
25 2
25 4
25 6
25 11
25 13
25 15
25 18
25 22
25 26
25 27
25 29
25 30
25 36
25 37
25 38
25 39
25 40
25 41
25 44
25 45
25 46
25 47
25 54
25 55
25 59
25 60
25 61
25 63
25 64
25 65
25 68
25 70
25 74
25 78
25 79
25 80
25 82
25 87
25 88
25 92
25 93
25 94
25 95
25 99
25 100
25 101
25 103
25 108
25 110
25 113
25 115
25 117
25 118
25 126
26 3
26 5
26 6
26 8
26 9
26 13
26 15
26 16
26 21
26 22
26 26
26 27
26 32
26 36
26 37
26 41
26 42
26 43
26 45
26 48
26 49
26 56
26 61
26 62
26 65
26 66
26 67
26 68
26 72
26 73
26 79
26 80
26 82
26 83
26 86
26 88
26 90
26 91
26 92
26 93
26 94
26 96
26 97
26 99
26 100
26 101
26 102
26 103
26 104
26 107
26 111
26 113
26 115
26 116
26 117
26 119
26 120
26 126
27 1
27 5
27 8
27 12
27 15
27 20
27 23
27 24
27 26
27 27
27 28
27 29
27 30
27 31
27 34
27 38
27 46
27 49
27 51
27 56
27 57
27 60
27 62
27 63
27 64
27 65
27 68
27 72
27 73
27 78
27 80
27 81
27 84
27 85
27 87
27 90
27 91
27 94
27 96
27 97
27 98
27 101
27 108
27 110
27 111
27 112
27 113
27 114
27 116
27 118
27 119
27 121
27 123
27 126
27 127
28 0
28 1
28 3
28 5
28 6
28 7
28 8
28 11
28 14
28 16
28 17
28 18
28 21
28 24
28 26
28 27
28 29
28 32
28 33
28 34
28 36
28 37
28 38
28 39
28 41
28 42
28 46
28 48
28 54
28 56
28 61
28 62
28 68
28 74
28 76
28 78
28 79
28 80
28 83
28 84
28 85
28 93
28 99
28 100
28 102
28 103
28 104
28 105
28 109
28 120
28 121
28 122
28 124
28 126
29 0
29 4
29 5
29 8
29 9
29 16
29 18
29 22
29 24
29 25
29 26
29 27
29 28
29 29
29 30
29 31
29 32
29 33
29 35
29 39
29 43
29 47
29 48
29 51
29 59
29 61
29 62
29 63
29 64
29 67
29 70
29 71
29 75
29 77
29 80
29 81
29 84
29 87
29 90
29 91
29 94
29 96
29 102
29 103
29 105
29 111
29 112
29 116
29 117
29 118
29 121
29 123
29 125
29 127
30 2
30 6
30 7
30 8
30 18
30 20
30 22
30 24
30 27
30 30
30 31
30 35
30 40
30 50
30 51
30 61
30 73
30 76
30 78
30 79
30 81
30 87
30 88
30 91
30 93
30 97
30 100
30 101
30 106
30 111
30 112
30 113
30 116
30 118
30 121
30 122
30 125
30 127
31 0
31 1
31 4
31 5
31 9
31 10
31 11
31 13
31 15
31 18
31 20
31 22
31 25
31 26
31 29
31 32
31 33
31 34
31 37
31 39
31 41
31 42
31 43
31 46
31 48
31 50
31 53
31 56
31 58
31 61
31 62
31 68
31 71
31 76
31 78
31 79
31 80
31 83
31 84
31 85
31 88
31 91
31 93
31 96
31 99
31 100
31 101
31 105
31 106
31 107
31 109
31 110
31 111
31 116
31 118
31 120
31 123
31 127
32 9
32 14
32 17
32 19
32 22
32 25
32 27
32 28
32 29
32 32
32 36
32 42
32 44
32 48
32 49
32 50
32 54
32 55
32 56
32 59
32 61
32 63
32 70
32 72
32 74
32 75
32 77
32 82
32 85
32 86
32 87
32 89
32 90
32 96
32 101
32 102
32 106
32 107
32 109
32 112
32 113
32 119
32 121
32 122
32 123
32 126
32 127
33 2
33 5
33 7
33 8
33 10
33 13
33 17
33 18
33 24
33 25
33 27
33 31
33 35
33 36
33 37
33 40
33 41
33 43
33 44
33 46
33 50
33 51
33 53
33 64
33 65
33 66
33 67
33 68
33 73
33 77
33 80
33 81
33 82
33 83
33 85
33 87
33 88
33 93
33 94
33 95
33 98
33 100
33 102
33 103
33 106
33 107
33 109
33 110
33 113
33 114
33 117
33 119
33 124
33 127
34 1
34 2
34 4
34 5
34 6
34 8
34 9
34 13
34 14
34 16
34 18
34 21
34 23
34 24
34 26
34 28
34 30
34 32
34 33
34 36
34 37
34 39
34 40
34 41
34 43
34 44
34 46
34 48
34 50
34 52
34 58
34 59
34 63
34 65
34 66
34 76
34 78
34 80
34 81
34 82
34 83
34 84
34 86
34 87
34 89
34 92
34 95
34 100
34 102
34 104
34 105
34 107
34 109
34 114
34 115
34 121
34 122
34 126
34 127
35 0
35 2
35 3
35 8
35 9
35 10
35 12
35 15
35 17
35 18
35 19
35 20
35 23
35 26
35 35
35 38
35 41
35 42
35 43
35 44
35 48
35 49
35 51
35 52
35 55
35 57
35 60
35 61
35 62
35 63
35 71
35 72
35 73
35 75
35 87
35 89
35 90
35 92
35 95
35 96
35 97
35 98
35 104
35 109
35 110
35 113
35 114
35 118
35 121
35 122
35 127
36 0
36 1
36 5
36 7
36 10
36 18
36 21
36 25
36 30
36 31
36 32
36 34
36 39
36 40
36 42
36 44
36 46
36 47
36 48
36 53
36 56
36 59
36 62
36 65
36 66
36 68
36 69
36 72
36 76
36 77
36 81
36 82
36 87
36 90
36 93
36 94
36 97
36 99
36 104
36 106
36 109
36 116
36 118
36 122
36 123
36 124
36 126
36 127
37 0
37 3
37 9
37 12
37 13
37 15
37 17
37 19
37 23
37 24
37 25
37 26
37 27
37 29
37 33
37 34
37 40
37 42
37 43
37 44
37 45
37 47
37 51
37 53
37 58
37 59
37 62
37 64
37 69
37 73
37 76
37 81
37 83
37 86
37 87
37 88
37 89
37 93
37 97
37 98
37 99
37 101
37 102
37 107
37 108
37 109
37 111
37 112
37 116
37 117
37 120
37 122
37 123
37 124
37 127
38 0
38 2
38 6
38 7
38 11
38 12
38 14
38 17
38 19
38 21
38 23
38 24
38 25
38 28
38 29
38 30
38 37
38 41
38 49
38 51
38 53
38 54
38 58
38 62
38 63
38 70
38 71
38 74
38 75
38 77
38 79
38 81
38 84
38 86
38 87
38 89
38 92
38 93
38 95
38 96
38 99
38 101
38 104
38 107
38 108
38 110
38 111
38 115
38 116
38 118
38 123
39 0
39 1
39 2
39 6
39 10
39 12
39 17
39 20
39 21
39 22
39 33
39 36
39 39
39 44
39 46
39 49
39 52
39 53
39 56
39 61
39 62
39 65
39 66
39 67
39 68
39 70
39 71
39 73
39 75
39 76
39 79
39 82
39 83
39 87
39 88
39 89
39 90
39 91
39 97
39 100
39 101
39 102
39 103
39 105
39 106
39 107
39 110
39 116
39 118
39 119
39 120
39 121
39 122
39 124
39 125
39 127
40 0
40 8
40 9
40 11
40 12
40 13
40 14
40 15
40 20
40 23
40 25
40 26
40 27
40 28
40 29
40 30
40 31
40 37
40 42
40 44
40 48
40 50
40 53
40 55
40 61
40 62
40 64
40 67
40 68
40 71
40 74
40 75
40 77
40 79
40 83
40 89
40 90
40 93
40 94
40 96
40 97
40 98
40 99
40 100
40 103
40 105
40 106
40 107
40 113
40 115
40 117
40 118
40 119
40 126
41 4
41 6
41 7
41 8
41 10
41 12
41 14
41 21
41 23
41 27
41 29
41 36
41 39
41 40
41 43
41 44
41 48
41 49
41 50
41 52
41 54
41 55
41 56
41 62
41 63
41 64
41 67
41 70
41 71
41 74
41 79
41 93
41 96
41 97
41 100
41 101
41 104
41 107
41 108
41 109
41 111
41 115
41 122
41 124
41 125
42 1
42 3
42 4
42 5
42 6
42 9
42 11
42 12
42 13
42 18
42 19
42 20
42 23
42 24
42 30
42 34
42 35
42 36
42 37
42 38
42 39
42 40
42 45
42 47
42 50
42 51
42 52
42 59
42 60
42 62
42 63
42 69
42 72
42 74
42 75
42 76
42 78
42 80
42 90
42 91
42 93
42 98
42 102
42 103
42 104
42 105
42 110
42 112
42 119
42 123
43 0
43 3
43 5
43 8
43 9
43 10
43 11
43 14
43 15
43 18
43 23
43 25
43 30
43 32
43 33
43 36
43 38
43 40
43 42
43 43
43 44
43 46
43 52
43 55
43 58
43 59
43 60
43 63
43 64
43 68
43 69
43 72
43 74
43 75
43 77
43 79
43 85
43 88
43 92
43 96
43 98
43 99
43 101
43 103
43 106
43 109
43 111
43 113
43 119
43 121
43 122
43 123
43 124
44 1
44 5
44 7
44 9
44 11
44 12
44 13
44 18
44 27
44 29
44 31
44 36
44 37
44 38
44 43
44 45
44 47
44 48
44 50
44 51
44 53
44 54
44 56
44 57
44 63
44 64
44 65
44 76
44 79
44 84
44 85
44 86
44 87
44 91
44 96
44 99
44 101
44 103
44 112
44 116
44 117
44 118
44 120
44 121
44 122
44 124
45 3
45 6
45 7
45 11
45 14
45 17
45 18
45 20
45 24
45 25
45 26
45 28
45 30
45 31
45 32
45 33
45 35
45 36
45 37
45 41
45 43
45 44
45 45
45 53
45 57
45 58
45 62
45 64
45 65
45 68
45 69
45 72
45 75
45 79
45 80
45 81
45 82
45 85
45 86
45 90
45 94
45 95
45 96
45 97
45 98
45 105
45 106
45 108
45 112
45 113
45 115
45 120
45 122
45 124
45 126
46 2
46 7
46 11
46 13
46 14
46 15
46 17
46 18
46 19
46 21
46 22
46 24
46 27
46 30
46 35
46 37
46 39
46 41
46 42
46 43
46 45
46 48
46 56
46 58
46 59
46 60
46 61
46 62
46 63
46 68
46 69
46 71
46 72
46 76
46 78
46 85
46 90
46 91
46 93
46 94
46 96
46 105
46 106
46 107
46 112
46 116
46 122
46 123
46 124
46 125
47 0
47 6
47 7
47 9
47 11
47 12
47 14
47 17
47 20
47 23
47 24
47 26
47 28
47 36
47 37
47 38
47 40
47 43
47 44
47 50
47 53
47 54
47 61
47 64
47 71
47 72
47 73
47 74
47 76
47 79
47 80
47 82
47 83
47 84
47 85
47 86
47 93
47 94
47 96
47 98
47 102
47 108
47 110
47 115
47 116
47 117
47 123
47 126
47 127
48 2
48 3
48 5
48 6
48 7
48 8
48 9
48 11
48 15
48 16
48 19
48 23
48 25
48 26
48 29
48 31
48 33
48 34
48 39
48 42
48 43
48 44
48 48
48 53
48 57
48 59
48 60
48 61
48 65
48 68
48 69
48 70
48 72
48 73
48 75
48 78
48 81
48 83
48 84
48 85
48 88
48 89
48 92
48 94
48 95
48 103
48 106
48 107
48 110
48 111
48 113
48 115
48 116
48 124
49 3
49 5
49 10
49 17
49 18
49 19
49 21
49 24
49 32
49 35
49 39
49 42
49 43
49 44
49 45
49 55
49 63
49 67
49 69
49 72
49 74
49 75
49 78
49 79
49 84
49 86
49 90
49 95
49 108
49 110
49 111
49 114
49 118
49 119
49 121
49 126
50 0
50 3
50 7
50 8
50 9
50 11
50 13
50 17
50 18
50 19
50 20
50 21
50 22
50 25
50 26
50 29
50 31
50 34
50 35
50 36
50 37
50 38
50 40
50 42
50 44
50 49
50 55
50 58
50 61
50 64
50 65
50 66
50 68
50 74
50 75
50 77
50 78
50 83
50 85
50 86
50 88
50 89
50 92
50 95
50 96
50 99
50 101
50 106
50 107
50 109
50 110
50 111
50 116
50 120
51 4
51 9
51 10
51 12
51 13
51 15
51 20
51 21
51 22
51 24
51 26
51 27
51 30
51 31
51 34
51 37
51 40
51 41
51 42
51 44
51 45
51 46
51 48
51 50
51 54
51 56
51 59
51 62
51 66
51 67
51 68
51 70
51 76
51 77
51 78
51 80
51 89
51 90
51 92
51 96
51 98
51 99
51 100
51 102
51 103
51 107
51 108
51 114
51 116
51 119
51 120
51 122
51 124
51 125
52 3
52 4
52 5
52 11
52 19
52 25
52 26
52 27
52 28
52 30
52 33
52 34
52 36
52 37
52 40
52 42
52 48
52 51
52 52
52 55
52 59
52 60
52 63
52 64
52 65
52 68
52 74
52 75
52 79
52 82
52 83
52 87
52 89
52 97
52 98
52 99
52 102
52 103
52 105
52 108
52 110
52 121
52 123
52 125
52 126
52 127
53 2
53 4
53 9
53 12
53 14
53 16
53 17
53 24
53 26
53 30
53 31
53 35
53 38
53 40
53 56
53 58
53 59
53 63
53 64
53 67
53 73
53 74
53 77
53 80
53 84
53 86
53 88
53 89
53 93
53 96
53 100
53 103
53 106
53 107
53 109
53 112
53 114
53 120
53 121
53 122
54 1
54 3
54 4
54 15
54 16
54 18
54 19
54 21
54 22
54 23
54 26
54 27
54 29
54 36
54 39
54 43
54 45
54 46
54 48
54 51
54 53
54 55
54 57
54 60
54 61
54 63
54 81
54 82
54 84
54 86
54 88
54 89
54 91
54 97
54 104
54 105
54 107
54 109
54 113
54 117
54 119
54 122
54 123
54 127
55 1
55 5
55 6
55 12
55 13
55 15
55 17
55 21
55 27
55 34
55 38
55 39
55 40
55 42
55 45
55 48
55 49
55 50
55 54
55 55
55 63
55 64
55 66
55 70
55 71
55 72
55 73
55 75
55 77
55 78
55 82
55 84
55 87
55 89
55 91
55 94
55 96
55 99
55 101
55 102
55 106
55 108
55 110
55 112
55 116
55 117
55 122
55 124
55 126
55 127
56 1
56 2
56 3
56 4
56 5
56 12
56 14
56 15
56 18
56 20
56 23
56 25
56 26
56 27
56 37
56 38
56 41
56 44
56 45
56 48
56 49
56 52
56 54
56 55
56 56
56 61
56 62
56 65
56 66
56 68
56 71
56 73
56 74
56 75
56 76
56 79
56 82
56 83
56 85
56 92
56 93
56 96
56 97
56 98
56 105
56 107
56 108
56 110
56 112
56 113
56 114
56 118
56 119
56 120
56 124
56 126
56 127
57 0
57 2
57 3
57 6
57 12
57 13
57 19
57 24
57 29
57 33
57 35
57 37
57 39
57 40
57 42
57 47
57 49
57 52
57 53
57 54
57 55
57 66
57 67
57 71
57 73
57 74
57 75
57 77
57 78
57 79
57 80
57 82
57 87
57 88
57 90
57 92
57 93
57 95
57 96
57 97
57 98
57 102
57 104
57 105
57 106
57 107
57 109
57 111
57 112
57 114
57 115
57 116
57 119
57 120
57 121
57 123
57 126
58 0
58 2
58 3
58 7
58 9
58 12
58 14
58 16
58 23
58 26
58 33
58 34
58 37
58 38
58 41
58 42
58 43
58 47
58 50
58 54
58 55
58 58
58 61
58 62
58 65
58 68
58 69
58 74
58 76
58 77
58 78
58 82
58 83
58 84
58 91
58 94
58 96
58 97
58 100
58 101
58 102
58 103
58 104
58 110
58 114
58 120
58 121
58 123
58 124
58 126
58 127
59 9
59 11
59 12
59 13
59 16
59 18
59 19
59 22
59 24
59 25
59 26
59 27
59 34
59 36
59 37
59 45
59 46
59 52
59 60
59 64
59 65
59 66
59 69
59 74
59 76
59 79
59 82
59 83
59 85
59 86
59 87
59 91
59 93
59 98
59 100
59 101
59 103
59 105
59 107
59 109
59 111
59 113
59 114
59 116
59 119
59 120
59 122
59 124
59 125
59 127
60 0
60 4
60 11
60 16
60 22
60 23
60 25
60 27
60 30
60 31
60 35
60 36
60 37
60 40
60 41
60 42
60 43
60 47
60 50
60 54
60 65
60 68
60 71
60 76
60 77
60 78
60 79
60 80
60 83
60 84
60 86
60 87
60 89
60 90
60 92
60 93
60 95
60 98
60 103
60 110
60 112
60 114
60 116
60 121
60 125
61 2
61 4
61 5
61 10
61 12
61 14
61 15
61 17
61 18
61 20
61 24
61 30
61 32
61 33
61 34
61 35
61 37
61 38
61 39
61 43
61 45
61 46
61 50
61 52
61 54
61 58
61 61
61 67
61 73
61 75
61 78
61 80
61 81
61 87
61 92
61 94
61 95
61 96
61 99
61 101
61 102
61 103
61 105
61 106
61 111
61 113
61 115
61 116
61 121
61 126
61 127
62 0
62 1
62 2
62 3
62 5
62 6
62 9
62 10
62 11
62 14
62 16
62 17
62 21
62 22
62 23
62 24
62 26
62 27
62 28
62 30
62 31
62 32
62 39
62 40
62 46
62 55
62 60
62 61
62 63
62 67
62 68
62 69
62 71
62 74
62 75
62 76
62 78
62 81
62 86
62 89
62 90
62 91
62 95
62 98
62 100
62 103
62 104
62 108
62 110
62 112
62 123
63 1
63 6
63 7
63 9
63 13
63 15
63 16
63 17
63 18
63 20
63 31
63 32
63 33
63 39
63 42
63 44
63 45
63 49
63 50
63 51
63 56
63 58
63 60
63 62
63 64
63 68
63 69
63 71
63 77
63 80
63 83
63 84
63 87
63 89
63 95
63 97
63 101
63 106
63 108
63 111
63 112
63 113
63 114
63 115
63 118
64 0
64 1
64 4
64 6
64 11
64 17
64 18
64 20
64 21
64 27
64 29
64 30
64 32
64 36
64 40
64 41
64 46
64 47
64 51
64 52
64 53
64 54
64 57
64 67
64 69
64 75
64 77
64 78
64 79
64 82
64 84
64 85
64 87
64 89
64 91
64 92
64 94
64 95
64 97
64 99
64 103
64 104
64 105
64 106
64 107
64 109
64 110
64 111
64 112
64 114
64 115
64 122
64 123
64 124
65 3
65 4
65 5
65 6
65 8
65 10
65 12
65 14
65 19
65 22
65 25
65 26
65 30
65 32
65 35
65 37
65 39
65 40
65 43
65 47
65 48
65 49
65 50
65 51
65 53
65 54
65 56
65 57
65 58
65 62
65 63
65 65
65 66
65 69
65 73
65 74
65 77
65 78
65 84
65 89
65 96
65 98
65 99
65 100
65 103
65 107
65 112
65 113
65 114
65 118
65 119
65 120
65 124
66 9
66 10
66 12
66 13
66 14
66 18
66 19
66 22
66 24
66 26
66 28
66 29
66 35
66 36
66 37
66 40
66 42
66 44
66 46
66 47
66 50
66 56
66 57
66 59
66 60
66 61
66 63
66 70
66 75
66 82
66 83
66 84
66 85
66 88
66 89
66 90
66 91
66 99
66 109
66 113
66 114
66 120
66 122
66 123
67 2
67 3
67 4
67 11
67 15
67 16
67 17
67 18
67 21
67 26
67 27
67 29
67 31
67 32
67 33
67 34
67 35
67 38
67 39
67 45
67 46
67 47
67 48
67 50
67 51
67 52
67 55
67 58
67 59
67 63
67 65
67 70
67 73
67 74
67 79
67 80
67 82
67 87
67 88
67 89
67 91
67 92
67 94
67 96
67 97
67 98
67 101
67 103
67 106
67 111
67 112
67 119
67 121
67 123
67 127
68 3
68 4
68 7
68 8
68 9
68 12
68 16
68 19
68 20
68 21
68 22
68 26
68 27
68 28
68 29
68 30
68 31
68 32
68 33
68 34
68 36
68 42
68 43
68 51
68 52
68 53
68 54
68 57
68 58
68 59
68 61
68 63
68 69
68 72
68 76
68 78
68 80
68 83
68 89
68 90
68 91
68 97
68 99
68 100
68 101
68 103
68 108
68 109
68 112
68 114
68 115
68 116
68 119
68 121
68 122
68 125
68 126
69 1
69 3
69 4
69 8
69 10
69 13
69 16
69 22
69 24
69 27
69 28
69 29
69 30
69 33
69 38
69 40
69 42
69 43
69 46
69 47
69 48
69 49
69 50
69 52
69 56
69 63
69 64
69 68
69 69
69 70
69 73
69 75
69 76
69 77
69 81
69 83
69 84
69 88
69 89
69 101
69 102
69 104
69 108
69 110
69 112
69 113
69 116
69 119
69 120
69 121
69 123
69 125
70 1
70 2
70 3
70 8
70 14
70 17
70 18
70 19
70 24
70 26
70 28
70 29
70 32
70 33
70 34
70 37
70 39
70 40
70 42
70 43
70 45
70 46
70 47
70 49
70 50
70 53
70 54
70 62
70 63
70 70
70 73
70 74
70 76
70 79
70 85
70 86
70 87
70 88
70 89
70 94
70 96
70 97
70 99
70 102
70 106
70 107
70 109
70 116
70 119
70 120
70 123
70 126
71 3
71 4
71 6
71 9
71 10
71 12
71 13
71 16
71 18
71 19
71 25
71 27
71 29
71 31
71 33
71 35
71 36
71 37
71 42
71 43
71 49
71 62
71 74
71 75
71 79
71 82
71 83
71 89
71 92
71 93
71 97
71 100
71 101
71 102
71 104
71 107
71 110
71 112
71 114
71 116
71 118
71 119
71 120
71 123
71 124
71 125
71 127
72 1
72 2
72 6
72 7
72 8
72 11
72 14
72 18
72 20
72 22
72 23
72 24
72 27
72 28
72 30
72 34
72 39
72 44
72 45
72 46
72 47
72 50
72 57
72 59
72 61
72 62
72 69
72 73
72 75
72 76
72 77
72 81
72 85
72 87
72 88
72 89
72 92
72 94
72 95
72 99
72 100
72 103
72 105
72 109
72 117
72 123
72 125
72 126
72 127
73 0
73 2
73 4
73 5
73 11
73 14
73 15
73 17
73 23
73 25
73 27
73 28
73 31
73 32
73 34
73 36
73 39
73 45
73 46
73 47
73 49
73 50
73 51
73 52
73 53
73 56
73 58
73 64
73 69
73 70
73 73
73 75
73 80
73 82
73 83
73 85
73 87
73 90
73 92
73 93
73 102
73 103
73 105
73 109
73 112
73 114
73 116
73 118
73 121
73 122
73 127
74 0
74 2
74 5
74 6
74 7
74 13
74 17
74 18
74 21
74 23
74 24
74 27
74 28
74 34
74 37
74 39
74 42
74 43
74 44
74 45
74 49
74 52
74 55
74 56
74 57
74 58
74 59
74 60
74 61
74 63
74 68
74 73
74 74
74 78
74 85
74 86
74 88
74 97
74 99
74 100
74 102
74 105
74 106
74 107
74 111
74 113
74 117
74 118
74 120
74 122
75 2
75 6
75 9
75 10
75 14
75 17
75 21
75 24
75 26
75 28
75 30
75 32
75 39
75 41
75 50
75 53
75 63
75 66
75 67
75 71
75 72
75 79
75 80
75 82
75 84
75 86
75 89
75 92
75 96
75 100
75 101
75 104
75 105
75 112
75 113
75 114
75 118
75 119
75 122
75 123
76 1
76 2
76 6
76 10
76 13
76 14
76 18
76 19
76 21
76 22
76 28
76 31
76 33
76 35
76 36
76 41
76 43
76 48
76 49
76 50
76 57
76 60
76 61
76 63
76 64
76 69
76 72
76 75
76 77
76 82
76 83
76 85
76 86
76 87
76 90
76 91
76 92
76 93
76 94
76 97
76 101
76 105
76 112
76 114
76 117
76 120
76 123
76 124
76 125
76 126
76 127
77 1
77 2
77 3
77 5
77 10
77 12
77 15
77 16
77 28
77 30
77 32
77 34
77 40
77 41
77 43
77 44
77 47
77 50
77 52
77 56
77 58
77 60
77 61
77 70
77 73
77 78
77 79
77 80
77 92
77 101
77 104
77 110
77 112
77 113
77 114
77 115
77 118
77 119
77 120
77 124
77 127
78 2
78 4
78 5
78 6
78 7
78 10
78 11
78 13
78 15
78 16
78 21
78 25
78 26
78 28
78 29
78 31
78 34
78 37
78 42
78 43
78 44
78 48
78 53
78 55
78 56
78 59
78 60
78 64
78 65
78 67
78 68
78 70
78 72
78 74
78 76
78 78
78 79
78 83
78 88
78 89
78 90
78 93
78 98
78 100
78 101
78 102
78 103
78 104
78 107
78 111
78 115
78 116
78 119
78 120
78 121
78 126
79 2
79 4
79 5
79 10
79 12
79 13
79 14
79 15
79 17
79 23
79 25
79 29
79 30
79 31
79 37
79 38
79 40
79 42
79 46
79 48
79 49
79 51
79 52
79 60
79 61
79 64
79 67
79 68
79 74
79 78
79 79
79 80
79 81
79 82
79 83
79 84
79 87
79 88
79 91
79 93
79 95
79 96
79 98
79 104
79 105
79 112
79 116
79 119
79 122
79 125
79 126
80 0
80 5
80 10
80 11
80 12
80 14
80 15
80 17
80 18
80 19
80 21
80 23
80 27
80 29
80 30
80 31
80 32
80 33
80 35
80 36
80 37
80 39
80 42
80 44
80 47
80 48
80 54
80 56
80 57
80 58
80 60
80 61
80 63
80 65
80 66
80 68
80 69
80 70
80 71
80 72
80 73
80 75
80 78
80 80
80 81
80 83
80 85
80 89
80 92
80 97
80 98
80 102
80 103
80 105
80 106
80 108
80 110
80 118
80 120
80 121
80 124
80 125
81 1
81 3
81 6
81 9
81 10
81 11
81 16
81 22
81 23
81 24
81 27
81 28
81 29
81 30
81 31
81 37
81 39
81 40
81 42
81 43
81 44
81 49
81 51
81 53
81 54
81 55
81 57
81 58
81 66
81 67
81 68
81 71
81 72
81 73
81 77
81 78
81 79
81 81
81 86
81 89
81 90
81 92
81 96
81 98
81 99
81 105
81 107
81 110
81 113
81 114
81 116
81 118
81 121
81 122
81 124
82 0
82 4
82 5
82 7
82 10
82 14
82 18
82 20
82 22
82 23
82 24
82 25
82 31
82 32
82 34
82 35
82 36
82 39
82 42
82 43
82 44
82 46
82 47
82 52
82 54
82 55
82 57
82 58
82 59
82 60
82 62
82 64
82 69
82 71
82 74
82 79
82 83
82 88
82 89
82 95
82 103
82 104
82 105
82 106
82 107
82 108
82 110
82 111
82 112
82 115
82 118
82 120
82 122
82 126
83 0
83 1
83 2
83 5
83 8
83 9
83 10
83 12
83 13
83 14
83 15
83 19
83 22
83 24
83 25
83 31
83 32
83 33
83 37
83 38
83 40
83 48
83 52
83 57
83 59
83 60
83 62
83 63
83 67
83 68
83 70
83 71
83 75
83 76
83 77
83 80
83 82
83 91
83 93
83 95
83 97
83 98
83 99
83 100
83 102
83 106
83 110
83 111
83 112
83 115
83 117
83 118
83 120
83 122
83 124
83 125
84 0
84 1
84 10
84 12
84 15
84 17
84 18
84 20
84 21
84 22
84 25
84 26
84 27
84 32
84 33
84 34
84 37
84 40
84 43
84 45
84 57
84 59
84 60
84 61
84 62
84 67
84 68
84 69
84 71
84 72
84 73
84 75
84 76
84 80
84 81
84 85
84 86
84 87
84 88
84 90
84 91
84 92
84 95
84 98
84 99
84 100
84 102
84 106
84 107
84 108
84 111
84 115
84 119
84 124
84 126
85 6
85 7
85 8
85 12
85 15
85 16
85 20
85 21
85 24
85 25
85 27
85 28
85 29
85 31
85 32
85 42
85 46
85 47
85 49
85 50
85 53
85 54
85 56
85 57
85 58
85 63
85 68
85 69
85 70
85 71
85 72
85 74
85 76
85 77
85 79
85 82
85 85
85 86
85 87
85 89
85 92
85 95
85 98
85 99
85 101
85 102
85 103
85 109
85 110
85 111
85 115
85 118
85 126
85 127
86 0
86 1
86 3
86 5
86 6
86 10
86 15
86 17
86 18
86 20
86 23
86 28
86 29
86 30
86 34
86 35
86 38
86 42
86 43
86 48
86 51
86 53
86 54
86 55
86 56
86 60
86 63
86 65
86 68
86 69
86 79
86 80
86 81
86 83
86 85
86 87
86 88
86 89
86 98
86 101
86 103
86 104
86 105
86 106
86 116
86 119
86 120
86 121
86 123
86 124
87 2
87 5
87 9
87 11
87 15
87 16
87 18
87 19
87 20
87 21
87 22
87 23
87 25
87 27
87 28
87 31
87 32
87 33
87 36
87 37
87 38
87 39
87 41
87 43
87 45
87 47
87 50
87 51
87 54
87 55
87 56
87 60
87 61
87 62
87 64
87 65
87 66
87 68
87 71
87 72
87 78
87 83
87 86
87 87
87 92
87 93
87 99
87 100
87 106
87 107
87 112
87 116
87 119
88 1
88 2
88 6
88 7
88 8
88 14
88 15
88 16
88 24
88 25
88 30
88 32
88 34
88 36
88 41
88 42
88 48
88 50
88 57
88 58
88 60
88 62
88 65
88 71
88 72
88 73
88 75
88 76
88 78
88 80
88 83
88 86
88 90
88 93
88 95
88 99
88 100
88 105
88 106
88 110
88 112
88 114
88 115
88 117
88 118
88 122
88 123
89 0
89 2
89 3
89 4
89 6
89 8
89 13
89 14
89 22
89 24
89 25
89 32
89 33
89 34
89 36
89 42
89 43
89 46
89 51
89 55
89 60
89 62
89 63
89 65
89 73
89 75
89 77
89 78
89 79
89 81
89 85
89 86
89 87
89 89
89 92
89 99
89 108
89 109
89 113
89 114
89 118
89 120
89 123
89 124
89 127
90 1
90 3
90 4
90 5
90 6
90 7
90 9
90 12
90 13
90 16
90 18
90 19
90 20
90 22
90 29
90 31
90 33
90 37
90 38
90 39
90 46
90 47
90 49
90 51
90 52
90 53
90 55
90 56
90 57
90 59
90 62
90 63
90 64
90 65
90 67
90 69
90 70
90 72
90 76
90 80
90 81
90 82
90 83
90 86
90 87
90 88
90 93
90 94
90 97
90 99
90 100
90 101
90 102
90 103
90 105
90 106
90 108
90 110
90 112
90 113
90 114
90 117
90 124
90 126
91 0
91 2
91 3
91 6
91 8
91 9
91 12
91 15
91 18
91 19
91 20
91 21
91 24
91 27
91 28
91 30
91 31
91 32
91 33
91 34
91 36
91 38
91 39
91 42
91 43
91 44
91 45
91 47
91 48
91 49
91 50
91 51
91 55
91 57
91 59
91 62
91 65
91 66
91 68
91 72
91 79
91 81
91 82
91 86
91 92
91 99
91 104
91 107
91 114
91 120
91 126
91 127
92 0
92 4
92 5
92 6
92 7
92 8
92 9
92 10
92 11
92 12
92 13
92 17
92 18
92 27
92 32
92 34
92 36
92 41
92 43
92 44
92 45
92 46
92 47
92 49
92 50
92 51
92 52
92 54
92 56
92 57
92 62
92 64
92 65
92 66
92 69
92 70
92 71
92 73
92 74
92 75
92 77
92 79
92 80
92 82
92 85
92 87
92 88
92 92
92 93
92 95
92 96
92 97
92 99
92 101
92 103
92 112
92 114
92 116
92 123
93 0
93 1
93 2
93 8
93 11
93 17
93 22
93 25
93 29
93 30
93 33
93 34
93 36
93 37
93 39
93 46
93 47
93 48
93 51
93 52
93 55
93 56
93 62
93 63
93 65
93 66
93 67
93 68
93 73
93 74
93 81
93 85
93 86
93 87
93 89
93 90
93 92
93 96
93 99
93 101
93 102
93 105
93 107
93 109
93 110
93 111
93 112
93 119
93 120
93 123
93 124
93 127
94 0
94 2
94 4
94 5
94 6
94 7
94 9
94 10
94 13
94 18
94 19
94 20
94 21
94 22
94 27
94 28
94 30
94 31
94 32
94 33
94 34
94 37
94 38
94 42
94 43
94 51
94 52
94 53
94 54
94 56
94 59
94 60
94 62
94 66
94 70
94 71
94 73
94 76
94 77
94 79
94 84
94 85
94 86
94 87
94 91
94 96
94 99
94 100
94 103
94 105
94 110
94 112
94 117
94 118
94 119
94 120
94 122
94 123
95 1
95 4
95 5
95 7
95 11
95 14
95 15
95 17
95 22
95 23
95 24
95 25
95 26
95 28
95 29
95 30
95 31
95 35
95 38
95 39
95 41
95 44
95 45
95 47
95 49
95 50
95 54
95 61
95 64
95 65
95 70
95 80
95 81
95 83
95 84
95 85
95 87
95 92
95 93
95 98
95 102
95 106
95 107
95 110
95 112
95 113
95 115
95 116
95 120
95 121
95 123
95 125
95 127
96 2
96 3
96 5
96 7
96 9
96 10
96 14
96 15
96 18
96 22
96 26
96 32
96 35
96 37
96 38
96 47
96 49
96 52
96 53
96 54
96 55
96 57
96 59
96 62
96 64
96 67
96 68
96 70
96 72
96 73
96 76
96 79
96 83
96 84
96 87
96 90
96 92
96 93
96 94
96 103
96 107
96 110
96 114
96 118
96 123
97 0
97 1
97 3
97 4
97 10
97 11
97 13
97 14
97 15
97 16
97 21
97 25
97 27
97 29
97 34
97 37
97 40
97 42
97 43
97 46
97 51
97 54
97 57
97 58
97 59
97 63
97 64
97 65
97 66
97 73
97 77
97 80
97 84
97 88
97 89
97 90
97 93
97 96
97 98
97 99
97 100
97 101
97 112
97 113
97 125
97 126
98 0
98 6
98 8
98 12
98 13
98 14
98 15
98 18
98 25
98 26
98 27
98 30
98 32
98 35
98 37
98 38
98 39
98 43
98 44
98 45
98 50
98 51
98 54
98 60
98 61
98 62
98 64
98 74
98 76
98 78
98 81
98 82
98 88
98 89
98 98
98 99
98 101
98 104
98 105
98 108
98 113
98 115
98 116
98 125
98 126
99 2
99 11
99 12
99 14
99 15
99 17
99 21
99 28
99 31
99 33
99 34
99 40
99 41
99 43
99 44
99 45
99 47
99 49
99 50
99 53
99 55
99 57
99 59
99 60
99 64
99 66
99 71
99 73
99 81
99 86
99 88
99 91
99 92
99 93
99 94
99 95
99 98
99 100
99 108
99 109
99 110
99 112
99 113
99 117
99 118
99 120
99 122
99 124
99 126
100 0
100 2
100 4
100 7
100 9
100 12
100 13
100 17
100 22
100 24
100 30
100 31
100 32
100 35
100 36
100 39
100 40
100 41
100 43
100 45
100 46
100 47
100 49
100 51
100 55
100 57
100 61
100 68
100 69
100 70
100 73
100 81
100 82
100 83
100 85
100 87
100 91
100 94
100 96
100 97
100 98
100 99
100 100
100 101
100 102
100 103
100 110
100 111
100 114
100 116
100 117
100 118
100 120
100 122
100 124
100 126
100 127
101 1
101 3
101 7
101 10
101 11
101 12
101 13
101 14
101 16
101 18
101 19
101 22
101 25
101 28
101 29
101 31
101 32
101 37
101 38
101 40
101 42
101 45
101 46
101 47
101 48
101 51
101 52
101 53
101 54
101 56
101 58
101 62
101 66
101 68
101 71
101 75
101 82
101 84
101 88
101 94
101 95
101 101
101 104
101 105
101 106
101 110
101 111
101 113
101 114
101 116
101 120
101 121
101 125
101 127
102 1
102 6
102 10
102 13
102 15
102 16
102 18
102 19
102 20
102 21
102 26
102 27
102 28
102 30
102 31
102 35
102 41
102 44
102 45
102 47
102 49
102 51
102 55
102 58
102 64
102 68
102 69
102 72
102 78
102 79
102 80
102 81
102 83
102 86
102 89
102 93
102 95
102 97
102 98
102 99
102 103
102 104
102 107
102 111
102 112
102 113
102 116
102 118
102 121
102 123
102 124
102 125
103 0
103 1
103 2
103 6
103 8
103 10
103 11
103 13
103 14
103 15
103 21
103 22
103 25
103 26
103 28
103 31
103 34
103 38
103 41
103 43
103 46
103 50
103 52
103 55
103 56
103 57
103 58
103 60
103 61
103 65
103 71
103 73
103 75
103 79
103 84
103 85
103 86
103 88
103 89
103 93
103 94
103 100
103 101
103 102
103 103
103 104
103 106
103 110
103 112
103 113
103 115
103 116
103 120
103 122
103 124
104 1
104 3
104 12
104 13
104 15
104 18
104 19
104 20
104 22
104 23
104 27
104 30
104 32
104 36
104 41
104 44
104 45
104 46
104 47
104 48
104 50
104 51
104 52
104 56
104 57
104 58
104 59
104 60
104 63
104 71
104 72
104 73
104 74
104 81
104 83
104 84
104 86
104 87
104 94
104 98
104 101
104 105
104 107
104 114
104 116
104 118
104 119
104 121
104 122
104 123
104 126
104 127
105 5
105 7
105 8
105 9
105 11
105 13
105 14
105 15
105 17
105 18
105 20
105 24
105 29
105 31
105 32
105 34
105 38
105 39
105 43
105 44
105 45
105 46
105 49
105 53
105 60
105 64
105 66
105 70
105 74
105 78
105 82
105 83
105 89
105 91
105 92
105 93
105 95
105 97
105 100
105 101
105 107
105 110
105 111
105 116
105 117
105 119
105 123
106 1
106 6
106 7
106 8
106 10
106 13
106 14
106 15
106 22
106 24
106 26
106 27
106 33
106 35
106 36
106 40
106 41
106 42
106 43
106 50
106 52
106 53
106 55
106 56
106 60
106 66
106 67
106 70
106 74
106 75
106 76
106 81
106 82
106 89
106 90
106 99
106 100
106 102
106 106
106 107
106 113
106 116
106 118
106 120
106 121
106 122
106 126
106 127
107 1
107 2
107 6
107 7
107 16
107 17
107 20
107 21
107 25
107 26
107 27
107 29
107 38
107 39
107 42
107 43
107 45
107 46
107 47
107 48
107 51
107 55
107 56
107 57
107 62
107 67
107 71
107 74
107 78
107 81
107 85
107 87
107 90
107 98
107 99
107 101
107 103
107 109
107 110
107 112
107 115
107 116
107 118
107 119
107 120
107 121
107 122
107 123
107 124
107 127
108 3
108 7
108 12
108 14
108 16
108 18
108 20
108 21
108 23
108 25
108 26
108 27
108 28
108 32
108 33
108 37
108 47
108 49
108 52
108 53
108 54
108 58
108 61
108 68
108 70
108 71
108 72
108 76
108 82
108 83
108 86
108 88
108 91
108 95
108 97
108 99
108 100
108 103
108 109
108 111
108 113
108 114
108 121
108 122
108 124
108 127
109 6
109 13
109 15
109 20
109 23
109 24
109 25
109 27
109 32
109 33
109 41
109 42
109 43
109 45
109 48
109 49
109 51
109 52
109 53
109 54
109 55
109 61
109 73
109 76
109 82
109 85
109 86
109 87
109 89
109 90
109 93
109 95
109 96
109 110
109 112
109 114
109 115
109 118
109 123
109 125
109 126
109 127
110 0
110 1
110 2
110 5
110 8
110 9
110 10
110 11
110 16
110 17
110 18
110 21
110 22
110 23
110 24
110 25
110 26
110 29
110 35
110 36
110 37
110 41
110 43
110 47
110 48
110 49
110 53
110 54
110 56
110 57
110 60
110 66
110 68
110 72
110 73
110 75
110 76
110 78
110 82
110 83
110 84
110 88
110 89
110 90
110 91
110 97
110 102
110 103
110 105
110 106
110 108
110 111
110 113
110 114
110 118
110 120
110 122
110 123
110 125
110 126
111 0
111 2
111 3
111 4
111 6
111 9
111 17
111 19
111 20
111 22
111 23
111 32
111 34
111 36
111 37
111 40
111 41
111 42
111 43
111 45
111 47
111 49
111 52
111 54
111 55
111 61
111 62
111 66
111 70
111 71
111 73
111 77
111 78
111 80
111 81
111 85
111 87
111 89
111 90
111 92
111 93
111 94
111 95
111 97
111 99
111 101
111 103
111 104
111 105
111 107
111 108
111 111
111 114
111 116
111 121
111 123
112 1
112 6
112 13
112 16
112 21
112 22
112 23
112 25
112 27
112 28
112 31
112 32
112 35
112 36
112 43
112 45
112 48
112 51
112 53
112 56
112 57
112 58
112 60
112 61
112 67
112 70
112 71
112 74
112 75
112 77
112 78
112 80
112 87
112 88
112 90
112 91
112 95
112 96
112 104
112 105
112 107
112 111
112 112
112 114
112 117
112 121
112 126
113 2
113 5
113 10
113 13
113 19
113 22
113 25
113 27
113 29
113 33
113 34
113 36
113 40
113 44
113 47
113 48
113 49
113 52
113 53
113 54
113 56
113 62
113 63
113 70
113 72
113 73
113 78
113 80
113 83
113 84
113 91
113 94
113 97
113 98
113 101
113 106
113 110
113 111
113 115
113 118
113 122
113 123
113 125
113 126
114 0
114 1
114 2
114 3
114 4
114 5
114 7
114 11
114 15
114 19
114 22
114 23
114 26
114 27
114 28
114 29
114 31
114 35
114 39
114 40
114 41
114 44
114 46
114 50
114 51
114 57
114 58
114 60
114 61
114 66
114 67
114 69
114 76
114 79
114 82
114 87
114 91
114 92
114 94
114 95
114 97
114 103
114 108
114 110
114 111
114 112
114 118
114 121
114 123
114 125
114 126
115 2
115 6
115 7
115 8
115 9
115 12
115 18
115 19
115 20
115 22
115 25
115 31
115 33
115 39
115 40
115 42
115 45
115 47
115 48
115 49
115 52
115 53
115 57
115 59
115 61
115 70
115 71
115 75
115 78
115 81
115 83
115 85
115 86
115 92
115 98
115 99
115 102
115 103
115 107
115 110
115 111
115 112
115 114
116 0
116 5
116 6
116 11
116 13
116 18
116 22
116 23
116 30
116 34
116 39
116 40
116 43
116 46
116 47
116 49
116 51
116 52
116 53
116 54
116 56
116 57
116 59
116 60
116 61
116 62
116 63
116 64
116 67
116 69
116 70
116 73
116 75
116 77
116 79
116 82
116 83
116 84
116 86
116 87
116 89
116 90
116 91
116 95
116 99
116 103
116 117
116 119
116 121
116 123
116 124
116 125
116 126
117 0
117 6
117 7
117 9
117 10
117 11
117 15
117 18
117 19
117 24
117 25
117 26
117 28
117 29
117 30
117 32
117 38
117 39
117 40
117 44
117 48
117 49
117 51
117 52
117 54
117 56
117 58
117 61
117 62
117 64
117 66
117 69
117 70
117 73
117 74
117 75
117 79
117 81
117 83
117 87
117 89
117 91
117 99
117 100
117 101
117 105
117 106
117 108
117 109
117 112
117 114
117 115
117 116
117 123
117 124
118 2
118 3
118 4
118 6
118 8
118 10
118 11
118 12
118 13
118 15
118 17
118 19
118 21
118 24
118 28
118 31
118 35
118 36
118 38
118 39
118 41
118 42
118 43
118 45
118 47
118 49
118 50
118 51
118 55
118 56
118 58
118 62
118 67
118 68
118 69
118 71
118 72
118 75
118 76
118 84
118 85
118 87
118 88
118 90
118 92
118 93
118 94
118 102
118 103
118 105
118 106
118 107
118 109
118 110
118 111
118 113
118 115
118 119
118 122
118 123
118 124
118 126
119 1
119 4
119 8
119 10
119 14
119 15
119 17
119 18
119 21
119 22
119 23
119 29
119 30
119 33
119 37
119 38
119 41
119 42
119 46
119 48
119 52
119 58
119 67
119 68
119 69
119 71
119 74
119 75
119 76
119 78
119 80
119 85
119 88
119 90
119 91
119 93
119 101
119 103
119 106
119 113
119 114
119 117
119 118
119 119
119 120
119 121
119 126
120 0
120 1
120 3
120 4
120 6
120 8
120 9
120 10
120 13
120 14
120 17
120 20
120 24
120 28
120 30
120 35
120 36
120 37
120 38
120 39
120 42
120 43
120 48
120 49
120 52
120 53
120 56
120 59
120 60
120 64
120 66
120 67
120 69
120 71
120 75
120 82
120 84
120 85
120 89
120 90
120 92
120 94
120 96
120 97
120 98
120 99
120 100
120 103
120 110
120 112
120 117
120 118
120 119
120 123
120 126
121 0
121 1
121 3
121 5
121 8
121 10
121 15
121 17
121 20
121 24
121 26
121 30
121 31
121 34
121 35
121 37
121 41
121 42
121 43
121 44
121 45
121 46
121 56
121 58
121 59
121 63
121 64
121 65
121 67
121 71
121 72
121 73
121 76
121 78
121 80
121 83
121 85
121 89
121 94
121 95
121 100
121 104
121 107
121 109
121 111
121 114
121 120
121 122
121 123
121 127
122 0
122 1
122 3
122 4
122 6
122 12
122 14
122 20
122 23
122 24
122 25
122 26
122 30
122 31
122 32
122 33
122 35
122 36
122 40
122 42
122 44
122 48
122 49
122 51
122 52
122 53
122 54
122 65
122 68
122 69
122 72
122 73
122 74
122 75
122 78
122 79
122 84
122 88
122 89
122 90
122 93
122 95
122 97
122 103
122 108
122 113
122 114
122 117
122 118
122 119
122 122
122 125
122 127
123 1
123 2
123 3
123 4
123 7
123 12
123 13
123 15
123 19
123 23
123 29
123 32
123 36
123 42
123 43
123 46
123 48
123 52
123 53
123 55
123 66
123 68
123 69
123 75
123 78
123 79
123 82
123 83
123 85
123 87
123 89
123 91
123 94
123 97
123 99
123 100
123 102
123 104
123 105
123 107
123 116
123 121
123 123
123 126
123 127
124 0
124 1
124 3
124 4
124 7
124 10
124 12
124 14
124 20
124 24
124 26
124 33
124 36
124 46
124 47
124 49
124 51
124 54
124 56
124 57
124 59
124 62
124 65
124 68
124 69
124 71
124 72
124 73
124 82
124 90
124 93
124 95
124 99
124 103
124 106
124 109
124 110
124 111
124 115
124 117
124 120
125 1
125 2
125 4
125 6
125 10
125 11
125 12
125 14
125 15
125 16
125 19
125 22
125 23
125 26
125 28
125 30
125 32
125 33
125 37
125 39
125 41
125 43
125 44
125 45
125 46
125 48
125 49
125 51
125 53
125 54
125 55
125 57
125 58
125 67
125 69
125 72
125 74
125 79
125 82
125 84
125 85
125 88
125 89
125 91
125 95
125 97
125 98
125 101
125 102
125 103
125 104
125 108
125 109
125 115
125 117
125 118
125 119
125 120
125 121
125 122
125 123
125 126
126 4
126 5
126 8
126 13
126 14
126 18
126 21
126 22
126 23
126 24
126 28
126 30
126 31
126 33
126 35
126 39
126 49
126 54
126 55
126 56
126 59
126 60
126 61
126 64
126 68
126 69
126 72
126 73
126 74
126 78
126 80
126 82
126 84
126 85
126 89
126 91
126 92
126 93
126 95
126 96
126 98
126 99
126 103
126 105
126 106
126 107
126 110
126 112
126 113
126 116
126 119
126 124
126 126
127 1
127 3
127 5
127 6
127 7
127 13
127 15
127 16
127 18
127 24
127 29
127 34
127 39
127 42
127 43
127 45
127 46
127 56
127 57
127 61
127 62
127 67
127 68
127 71
127 72
127 76
127 82
127 84
127 89
127 90
127 91
127 92
127 96
127 100
127 101
127 104
127 107
127 109
127 111
127 113
127 114
127 115
