0 5
0 11
0 19
0 26
0 30
0 33
0 48
0 49
0 53
0 80
0 90
0 112
0 116
0 119
0 122
1 14
1 17
1 20
1 26
1 38
1 44
1 59
1 61
1 62
1 66
1 87
1 93
1 96
1 118
2 15
2 28
2 32
2 36
2 45
2 48
2 72
2 98
2 102
2 103
2 107
2 109
2 114
2 122
3 7
3 9
3 22
3 29
3 78
3 86
3 96
3 104
3 120
4 16
4 30
4 68
4 74
4 75
4 93
4 107
4 120
5 7
5 24
5 38
5 45
5 69
5 88
5 100
5 103
5 122
5 125
6 34
6 50
6 52
6 99
6 103
6 114
7 7
7 20
7 28
7 34
7 35
7 43
7 58
7 59
7 67
7 81
7 88
7 96
7 98
7 112
7 119
7 123
8 3
8 10
8 16
8 20
8 27
8 28
8 32
8 63
8 73
8 77
8 127
9 9
9 23
9 30
9 49
9 53
9 76
9 90
9 96
9 116
9 121
9 127
10 2
10 4
10 11
10 19
10 27
10 28
10 41
10 43
10 57
10 60
10 65
10 73
10 74
10 83
10 106
10 122
11 0
11 9
11 13
11 17
11 76
11 79
12 9
12 48
12 78
12 79
12 83
12 100
12 116
13 0
13 1
13 5
13 30
13 31
13 48
13 63
13 64
13 70
13 87
13 108
13 109
13 114
13 120
14 16
14 20
14 28
14 37
14 44
14 49
14 51
14 53
14 58
14 59
14 66
14 73
14 100
14 102
14 103
14 123
15 1
15 5
15 6
15 13
15 18
15 28
15 43
15 55
15 59
15 63
15 71
15 79
15 97
15 98
15 110
15 126
16 4
16 10
16 26
16 37
16 46
16 52
16 82
16 94
16 100
16 101
17 0
17 28
17 31
17 45
17 66
17 104
18 2
18 4
18 19
18 60
18 77
18 92
18 103
18 107
18 110
18 117
18 118
18 124
18 126
19 33
19 37
19 40
19 54
19 74
19 75
19 77
19 84
19 89
19 91
19 95
19 96
19 113
20 7
20 8
20 22
20 27
20 38
20 53
20 54
20 58
20 59
20 64
20 80
20 87
20 105
20 117
21 14
21 16
21 22
21 29
21 30
21 48
21 62
21 63
21 81
21 83
21 104
21 105
21 109
22 0
22 12
22 26
22 30
22 35
22 39
22 45
22 55
22 59
22 74
22 86
22 88
22 95
22 96
22 99
22 103
22 104
22 114
22 115
23 0
23 6
23 15
23 28
23 37
23 43
23 47
23 83
23 98
23 112
23 114
23 117
23 124
24 0
24 11
24 13
24 19
24 30
24 34
24 42
24 50
24 83
24 105
24 114
24 119
24 127
25 4
25 9
25 14
25 20
25 30
25 34
25 47
25 52
25 53
25 61
25 72
25 82
25 94
25 97
25 98
25 112
25 113
25 114
25 116
26 0
26 5
26 8
26 15
26 20
26 21
26 27
26 56
26 67
26 81
26 88
26 94
26 100
26 106
27 12
27 23
27 28
27 41
27 42
27 44
27 47
27 69
27 70
27 78
27 88
27 104
27 105
27 110
28 110
28 125
29 4
29 6
29 27
29 29
29 38
29 43
29 59
29 71
29 76
29 82
29 85
29 90
29 91
29 99
29 101
29 107
29 109
29 127
30 6
30 35
30 36
30 38
30 57
30 62
30 70
30 72
30 86
30 87
30 89
30 94
30 108
30 125
30 126
30 127
31 13
31 14
31 41
31 43
31 54
31 55
31 71
31 76
31 77
31 94
31 98
31 115
32 3
32 10
32 12
32 22
32 31
32 34
32 36
32 38
32 51
32 71
32 81
32 82
32 102
32 117
32 126
33 1
33 2
33 4
33 6
33 13
33 24
33 27
33 78
33 81
33 83
33 90
33 100
33 105
33 123
33 124
34 17
34 19
34 38
34 41
34 51
34 52
34 54
34 71
34 72
34 83
34 85
34 92
34 99
34 119
35 27
35 40
35 43
35 57
35 61
35 68
35 71
35 83
35 95
36 38
36 43
36 62
36 78
36 93
36 105
36 120
37 14
37 28
37 30
37 44
37 55
37 63
37 77
37 80
37 82
37 84
37 100
38 1
38 5
38 37
38 42
38 51
38 56
38 57
38 63
38 84
38 103
38 115
38 118
38 122
39 10
39 11
39 20
39 22
39 41
39 45
39 46
39 53
39 54
39 59
39 64
39 71
39 74
39 89
39 99
39 103
39 122
40 8
40 18
40 20
40 23
40 26
40 32
40 94
40 97
40 104
40 113
40 115
40 125
41 4
41 14
41 26
41 31
41 34
41 46
41 49
41 68
41 79
41 82
41 84
41 112
41 114
41 116
41 122
42 10
42 29
42 37
42 41
42 53
42 59
42 69
42 79
42 80
42 84
42 126
43 2
43 21
43 24
43 28
43 36
43 50
43 53
43 57
43 66
43 68
43 75
43 80
43 81
43 86
43 90
43 110
43 126
44 1
44 6
44 8
44 25
44 59
44 79
44 83
44 94
44 106
44 107
44 116
44 119
44 121
45 4
45 8
45 18
45 20
45 30
45 33
45 42
45 47
45 74
45 80
45 83
45 86
45 88
45 112
46 14
46 15
46 19
46 27
46 32
46 40
46 46
46 61
46 79
46 89
46 90
46 120
47 9
47 15
47 27
47 32
47 56
47 71
47 82
47 85
47 90
47 97
47 103
47 104
48 0
48 1
48 3
48 9
48 12
48 19
48 27
48 35
48 44
48 46
48 53
48 54
48 56
48 69
48 81
48 97
48 117
49 18
49 32
49 42
49 50
49 57
49 71
49 72
49 83
49 95
49 127
50 8
50 32
50 35
50 48
50 58
50 83
50 88
50 96
50 100
50 105
50 109
51 0
51 15
51 23
51 30
51 31
51 71
51 78
51 86
51 93
51 94
51 115
51 121
52 7
52 9
52 13
52 25
52 69
52 70
52 80
52 81
52 90
52 101
52 103
52 116
52 118
52 121
52 125
53 18
53 24
53 33
53 43
53 46
53 48
53 56
53 76
53 80
53 102
54 23
54 28
54 31
54 96
54 100
54 104
54 112
54 126
55 12
55 19
55 21
55 66
55 70
55 86
55 93
55 106
55 108
55 121
56 23
56 30
56 33
56 41
56 50
56 51
56 56
56 57
56 70
56 81
56 106
56 111
56 115
57 8
57 11
57 40
57 56
57 57
57 59
57 83
57 91
57 93
57 94
57 98
57 102
57 113
57 115
58 1
58 12
58 26
58 29
58 63
58 72
58 81
58 83
58 88
58 99
58 105
58 108
58 121
59 5
59 32
59 37
59 39
59 60
59 67
59 69
59 87
59 98
60 4
60 18
60 31
60 69
60 74
60 79
60 103
60 109
61 1
61 7
61 18
61 19
61 37
61 92
61 101
61 109
61 117
62 32
62 33
62 37
62 40
62 53
62 78
62 81
62 93
62 97
62 100
62 104
62 108
62 112
62 121
63 2
63 13
63 14
63 36
63 40
63 42
63 50
63 51
63 62
63 70
63 78
63 115
63 119
63 121
64 3
64 4
64 22
64 34
64 36
64 39
64 51
64 52
64 57
64 61
64 64
64 73
64 85
64 92
64 96
64 97
64 122
65 4
65 5
65 25
65 27
65 28
65 34
65 47
65 51
65 54
65 71
65 83
65 87
65 89
65 90
65 97
65 119
65 126
66 19
66 23
66 25
66 36
66 45
66 52
66 66
66 71
66 83
66 113
66 123
66 124
66 126
67 2
67 9
67 12
67 20
67 22
67 26
67 29
67 47
67 48
67 63
67 65
67 92
67 93
67 113
67 119
67 124
68 6
68 16
68 28
68 36
68 44
68 51
68 84
68 96
68 98
68 125
69 13
69 25
69 32
69 52
69 54
69 75
69 76
69 83
69 87
69 93
69 101
69 102
70 2
70 9
70 10
70 21
70 40
70 45
70 64
70 65
70 67
70 78
70 79
70 80
70 95
70 100
70 110
70 122
71 11
71 19
71 20
71 28
71 36
71 44
71 56
71 62
71 63
71 108
71 112
71 122
71 126
72 9
72 18
72 21
72 41
72 49
72 51
72 53
72 80
72 82
72 125
73 1
73 27
73 41
73 42
73 44
73 54
73 58
73 72
73 76
73 89
73 102
73 104
73 113
73 115
73 117
73 121
74 24
74 32
74 47
74 54
74 64
74 67
74 81
74 109
74 111
74 120
74 126
75 15
75 20
75 48
75 72
75 90
75 91
75 97
75 107
76 17
76 24
76 42
76 63
76 70
76 81
76 87
76 91
76 93
77 1
77 21
77 22
77 35
77 45
77 47
77 48
77 56
77 68
77 72
77 93
77 111
77 120
78 31
78 34
78 70
78 82
78 85
78 89
78 90
78 106
78 118
79 6
79 10
79 13
79 14
79 17
79 31
79 47
79 55
79 58
79 64
79 65
79 71
79 73
79 79
79 82
79 97
79 106
80 13
80 19
80 21
80 22
80 41
80 51
80 62
80 66
80 68
80 93
80 109
81 0
81 6
81 23
81 30
81 39
81 48
81 50
81 67
81 106
82 7
82 12
82 15
82 20
82 30
82 33
82 46
82 67
82 74
82 75
82 87
82 94
82 98
83 6
83 7
83 17
83 25
83 33
83 48
83 54
83 71
83 97
83 103
83 105
83 114
83 115
83 127
84 17
84 22
84 31
84 34
84 37
84 49
84 52
84 76
84 78
84 89
84 111
84 113
84 124
85 3
85 8
85 15
85 24
85 58
85 67
85 73
85 78
85 80
85 83
85 114
85 116
85 118
85 120
85 124
86 19
86 33
86 36
86 37
86 39
86 41
86 46
86 50
86 60
86 66
86 76
86 79
86 81
86 94
86 95
86 118
86 125
87 5
87 14
87 16
87 22
87 24
87 34
87 36
87 44
87 52
87 55
87 58
87 76
87 94
87 111
87 112
87 113
87 122
88 9
88 13
88 31
88 33
88 34
88 59
88 64
88 74
88 88
88 91
88 97
88 102
88 118
89 12
89 27
89 33
89 49
89 73
89 77
89 102
89 103
89 105
89 109
89 116
89 118
89 119
90 1
90 17
90 31
90 34
90 37
90 39
90 46
90 64
90 102
90 109
90 117
90 124
91 0
91 2
91 12
91 14
91 17
91 20
91 32
91 41
91 48
91 68
91 72
91 84
91 113
91 117
92 1
92 3
92 5
92 18
92 23
92 39
92 54
92 83
92 84
92 85
92 106
92 108
92 110
92 111
92 113
92 124
93 10
93 34
93 54
93 57
93 60
93 62
93 72
93 77
93 79
93 80
93 88
93 100
93 101
93 118
93 126
94 7
94 24
94 29
94 31
94 43
94 46
94 53
94 65
94 68
94 74
94 81
94 87
94 95
94 99
94 118
94 127
95 3
95 5
95 16
95 29
95 60
95 75
95 97
95 112
96 3
96 12
96 18
96 30
96 34
96 44
96 51
96 55
96 63
96 103
96 106
96 109
96 114
96 115
96 118
96 122
97 3
97 5
97 17
97 22
97 48
97 69
97 80
97 87
97 98
97 103
97 116
98 12
98 17
98 39
98 49
98 58
98 60
98 65
98 71
98 73
98 74
98 82
98 85
98 88
98 89
98 95
98 102
98 115
98 116
98 123
98 124
99 3
99 5
99 22
99 32
99 45
99 56
99 59
99 64
99 70
99 74
99 86
99 96
99 107
100 0
100 5
100 20
100 21
100 49
100 65
100 77
100 80
100 92
100 93
100 95
100 96
100 98
100 103
100 105
101 1
101 12
101 33
101 38
101 39
101 52
101 63
101 86
101 103
101 121
102 2
102 9
102 22
102 32
102 35
102 55
102 71
102 78
102 81
102 89
102 91
102 94
102 124
103 3
103 4
103 6
103 11
103 15
103 17
103 25
103 33
103 35
103 39
103 45
103 48
103 49
103 51
103 59
103 77
103 79
103 83
103 105
103 110
103 113
104 6
104 8
104 15
104 23
104 30
104 59
104 61
104 65
104 69
104 72
104 83
104 89
104 93
104 95
104 99
104 107
104 114
104 127
105 19
105 23
105 30
105 34
105 38
105 47
105 50
105 74
105 79
105 86
105 89
105 91
105 104
105 126
106 6
106 23
106 66
106 77
106 93
106 95
106 105
106 126
107 30
107 44
107 45
107 54
107 61
107 82
107 104
107 110
107 122
108 3
108 18
108 33
108 41
108 47
108 64
108 66
108 91
108 97
108 102
108 107
108 112
108 125
109 3
109 7
109 38
109 51
109 58
109 59
109 68
109 74
109 76
109 84
109 98
109 104
110 2
110 6
110 8
110 33
110 45
110 49
110 55
110 61
110 63
110 69
110 71
110 76
110 77
110 79
110 85
110 93
110 105
110 117
111 3
111 17
111 19
111 28
111 34
111 35
111 79
111 105
111 106
111 127
112 0
112 2
112 21
112 23
112 26
112 27
112 44
112 49
112 70
112 78
112 87
112 94
112 107
112 117
112 118
113 4
113 6
113 20
113 22
113 45
113 53
113 61
113 78
113 80
113 82
113 88
113 123
114 13
114 21
114 22
114 77
114 109
114 110
114 126
115 1
115 12
115 25
115 47
115 56
115 57
115 77
115 80
115 81
115 86
115 89
115 110
115 125
116 8
116 10
116 12
116 15
116 49
116 50
116 66
116 74
116 88
116 93
116 103
116 104
116 118
116 122
117 11
117 15
117 17
117 39
117 43
117 48
117 50
117 94
117 95
118 11
118 14
118 17
118 21
118 24
118 26
118 32
118 33
118 49
118 61
118 63
118 70
118 82
118 84
118 91
118 104
118 121
119 0
119 26
119 45
119 46
119 60
119 78
119 85
119 90
119 94
119 95
119 108
119 111
119 114
119 116
120 22
120 23
120 24
120 33
120 38
120 56
120 64
120 72
120 108
120 113
120 125
121 13
121 26
121 35
121 39
121 50
121 62
121 69
121 71
121 95
121 103
121 118
121 126
122 17
122 39
122 50
122 51
122 77
122 85
122 96
122 125
123 1
123 8
123 10
123 19
123 21
123 22
123 27
123 51
123 65
123 69
123 85
123 100
123 116
123 126
124 6
124 12
124 33
124 45
124 65
124 77
124 78
124 81
124 84
124 86
124 99
124 108
124 113
124 117
125 8
125 12
125 17
125 38
125 42
125 50
125 57
125 63
125 66
125 68
125 85
125 86
125 96
126 7
126 27
126 42
126 50
126 53
126 76
126 85
126 96
126 114
126 116
126 117
127 14
127 29
127 37
127 39
127 45
127 52
127 56
127 63
127 72
127 75
127 81
127 96
127 103
127 104
127 112
127 116
127 122
127 124
