0 8
0 17
0 22
0 23
0 25
0 36
0 45
0 63
0 65
0 66
0 75
0 79
0 87
0 89
0 92
0 94
0 100
0 106
0 111
0 116
0 122
1 1
1 3
1 12
1 16
1 24
1 27
1 30
1 33
1 35
1 36
1 49
1 58
1 61
1 98
2 4
2 5
2 8
2 26
2 48
2 54
2 56
2 78
2 81
2 84
2 85
2 96
2 97
2 106
2 107
2 108
2 117
2 121
3 10
3 12
3 17
3 21
3 22
3 24
3 30
3 41
3 49
3 64
3 76
3 83
3 103
3 110
3 112
3 113
3 120
4 0
4 1
4 28
4 36
4 40
4 60
4 75
4 105
4 112
4 113
4 118
4 127
5 4
5 16
5 17
5 21
5 34
5 36
5 44
5 57
5 58
5 64
5 69
5 79
5 80
5 86
5 103
5 105
5 107
5 109
5 112
6 25
6 30
6 34
6 40
6 45
6 48
6 55
6 63
6 88
6 90
6 91
6 93
6 96
6 105
6 116
6 117
6 118
6 125
7 7
7 22
7 24
7 28
7 44
7 60
7 70
7 73
7 75
7 78
7 80
7 87
7 88
7 95
7 98
7 100
7 108
7 116
7 122
7 125
8 4
8 7
8 29
8 34
8 53
8 55
8 57
8 61
8 66
8 69
8 74
8 80
8 82
8 84
8 87
8 89
8 93
8 94
8 99
8 103
8 105
8 111
8 112
8 119
8 122
8 124
8 127
9 7
9 9
9 16
9 34
9 40
9 41
9 42
9 45
9 75
9 77
9 80
9 87
9 96
9 104
9 112
9 115
9 119
9 126
10 22
10 30
10 35
10 40
10 45
10 46
10 47
10 48
10 53
10 59
10 60
10 61
10 65
10 68
10 69
10 70
10 71
10 91
10 92
10 94
10 98
10 109
10 124
11 12
11 15
11 19
11 36
11 48
11 53
11 63
11 69
11 80
11 81
11 85
11 89
11 91
11 99
11 109
11 114
11 119
11 121
12 8
12 9
12 31
12 36
12 38
12 42
12 49
12 68
12 69
12 73
12 81
12 84
12 107
12 115
12 125
13 1
13 6
13 16
13 17
13 20
13 25
13 28
13 36
13 40
13 51
13 54
13 65
13 76
13 89
13 94
13 113
13 121
13 124
14 1
14 21
14 22
14 26
14 31
14 39
14 41
14 42
14 47
14 58
14 60
14 84
14 90
14 94
14 103
14 107
14 126
15 1
15 8
15 9
15 20
15 23
15 27
15 28
15 31
15 47
15 52
15 60
15 62
15 70
15 82
15 84
15 89
15 91
15 107
16 4
16 7
16 12
16 20
16 22
16 30
16 38
16 43
16 55
16 63
16 88
16 90
16 95
16 107
16 112
17 0
17 2
17 5
17 10
17 12
17 18
17 19
17 25
17 26
17 34
17 51
17 61
17 64
17 66
17 67
17 68
17 70
17 76
17 77
17 81
17 83
17 93
17 94
17 97
17 99
17 105
17 106
17 110
17 115
17 123
18 10
18 11
18 16
18 35
18 46
18 53
18 54
18 62
18 63
18 67
18 68
18 69
18 78
18 79
18 80
18 90
18 109
18 117
18 123
19 5
19 31
19 36
19 49
19 50
19 54
19 56
19 61
19 80
19 90
19 94
19 96
19 99
19 104
19 110
19 113
19 115
19 122
19 124
19 125
20 5
20 6
20 23
20 25
20 33
20 38
20 44
20 53
20 57
20 67
20 71
20 74
20 76
20 80
20 84
20 91
20 93
20 100
20 117
20 126
20 127
21 2
21 5
21 18
21 35
21 38
21 48
21 53
21 79
21 80
21 86
21 103
21 111
21 113
21 117
21 121
21 125
22 0
22 3
22 5
22 23
22 25
22 28
22 35
22 36
22 38
22 39
22 40
22 45
22 47
22 60
22 67
22 78
22 82
22 83
22 92
22 95
22 97
22 107
22 111
22 114
22 121
22 126
22 127
23 6
23 10
23 16
23 18
23 20
23 29
23 33
23 38
23 39
23 41
23 43
23 46
23 50
23 54
23 59
23 92
23 93
23 100
23 108
23 112
24 1
24 11
24 12
24 13
24 14
24 25
24 26
24 39
24 58
24 63
24 66
24 70
24 75
24 87
24 89
24 116
24 120
25 7
25 12
25 22
25 25
25 30
25 40
25 51
25 71
25 76
25 78
25 87
25 92
25 95
25 100
25 119
26 2
26 4
26 11
26 14
26 26
26 27
26 28
26 31
26 39
26 45
26 48
26 80
26 95
26 103
26 106
26 108
26 110
26 119
26 120
27 1
27 3
27 5
27 15
27 18
27 19
27 25
27 26
27 32
27 36
27 42
27 47
27 52
27 58
27 60
27 63
27 73
27 75
27 76
27 81
27 86
27 99
27 100
27 107
27 112
27 113
27 115
27 117
27 120
28 21
28 22
28 31
28 34
28 36
28 37
28 46
28 47
28 53
28 59
28 60
28 62
28 69
28 82
28 99
28 103
28 113
28 115
28 117
28 118
29 4
29 11
29 13
29 22
29 25
29 30
29 34
29 65
29 66
29 67
29 71
29 79
29 80
29 87
29 90
29 93
29 97
29 99
29 100
29 108
29 109
29 114
29 123
29 125
29 126
30 6
30 20
30 22
30 25
30 27
30 33
30 39
30 45
30 49
30 51
30 54
30 59
30 60
30 63
30 77
30 83
30 95
30 96
30 113
30 115
30 116
30 121
30 125
31 4
31 9
31 12
31 14
31 20
31 21
31 29
31 32
31 36
31 40
31 42
31 52
31 60
31 65
31 67
31 75
31 88
31 96
31 99
31 105
31 115
31 118
31 122
31 127
32 1
32 7
32 14
32 21
32 23
32 30
32 40
32 54
32 62
32 65
32 72
32 75
32 77
32 92
32 97
32 112
32 119
32 127
33 2
33 22
33 26
33 32
33 35
33 41
33 49
33 57
33 67
33 68
33 69
33 73
33 75
33 76
33 82
33 84
33 86
33 87
33 88
33 98
33 104
33 105
33 125
33 126
33 127
34 13
34 15
34 19
34 23
34 30
34 32
34 37
34 40
34 44
34 45
34 46
34 56
34 72
34 74
34 78
34 79
34 82
34 95
34 100
34 106
34 108
34 109
34 116
34 119
34 124
35 21
35 22
35 39
35 46
35 62
35 64
35 71
35 77
35 85
35 91
35 95
35 96
35 111
36 1
36 2
36 4
36 11
36 15
36 24
36 31
36 32
36 33
36 42
36 54
36 58
36 68
36 71
36 73
36 75
36 78
36 82
36 83
36 84
36 89
36 93
36 101
36 102
36 105
36 126
37 5
37 10
37 12
37 15
37 30
37 34
37 40
37 44
37 63
37 78
37 79
37 83
37 84
37 85
37 95
37 102
37 103
37 104
37 110
37 116
38 3
38 4
38 6
38 7
38 11
38 17
38 23
38 24
38 46
38 64
38 66
38 68
38 73
38 74
38 80
38 82
38 90
38 92
38 94
38 108
38 113
38 123
39 9
39 20
39 22
39 46
39 51
39 55
39 57
39 64
39 68
39 70
39 78
39 81
39 84
39 86
39 94
39 104
39 124
40 11
40 14
40 20
40 33
40 56
40 63
40 65
40 66
40 74
40 76
40 77
40 85
40 88
40 94
40 99
40 104
40 105
40 108
40 112
40 115
40 120
40 126
41 13
41 15
41 26
41 27
41 35
41 42
41 52
41 53
41 60
41 76
41 88
41 94
41 96
41 101
41 115
41 127
42 7
42 15
42 18
42 25
42 34
42 39
42 40
42 41
42 46
42 47
42 65
42 72
42 91
42 95
42 101
42 102
42 104
42 110
42 111
42 114
42 116
42 117
42 120
43 2
43 3
43 7
43 14
43 35
43 37
43 48
43 52
43 65
43 70
43 76
43 77
43 82
43 88
43 89
43 90
43 91
43 92
43 95
43 106
43 113
44 45
44 51
44 53
44 54
44 60
44 61
44 64
44 76
44 79
44 95
44 98
44 114
44 117
44 127
45 3
45 11
45 13
45 23
45 26
45 30
45 34
45 35
45 36
45 40
45 43
45 49
45 51
45 55
45 56
45 57
45 59
45 66
45 67
45 71
45 83
45 89
45 101
45 106
45 112
45 115
45 119
45 120
45 127
46 8
46 17
46 22
46 36
46 41
46 45
46 46
46 55
46 73
46 74
46 75
46 81
46 84
46 89
46 98
46 102
46 110
46 116
46 124
47 7
47 8
47 9
47 11
47 19
47 20
47 27
47 28
47 30
47 31
47 34
47 39
47 40
47 62
47 63
47 72
47 82
47 89
47 93
47 119
47 125
48 2
48 5
48 14
48 31
48 32
48 50
48 53
48 58
48 83
48 96
48 99
48 101
48 102
48 108
48 120
49 8
49 22
49 35
49 39
49 47
49 60
49 63
49 77
49 78
49 85
49 86
49 88
49 93
49 106
49 120
49 121
50 3
50 9
50 12
50 31
50 36
50 42
50 52
50 54
50 77
50 85
50 90
50 92
50 99
50 109
50 111
50 115
50 116
50 120
51 11
51 15
51 19
51 22
51 31
51 32
51 36
51 41
51 49
51 63
51 65
51 82
51 91
51 96
51 100
51 101
51 107
51 110
51 112
51 116
51 119
52 1
52 7
52 19
52 23
52 26
52 32
52 34
52 40
52 45
52 51
52 53
52 84
52 103
52 107
52 114
52 117
52 120
52 122
52 125
53 1
53 15
53 34
53 54
53 56
53 64
53 67
53 69
53 74
53 90
53 94
53 100
53 106
53 111
53 117
53 118
53 123
54 11
54 23
54 32
54 37
54 39
54 49
54 55
54 56
54 66
54 86
54 92
54 96
54 99
54 106
54 116
55 4
55 7
55 14
55 21
55 24
55 37
55 50
55 58
55 62
55 75
55 77
55 78
55 86
55 91
55 98
55 104
55 115
55 120
56 3
56 14
56 17
56 18
56 24
56 35
56 36
56 37
56 56
56 57
56 63
56 73
56 75
56 84
56 97
56 112
56 117
57 6
57 13
57 14
57 16
57 19
57 22
57 24
57 25
57 30
57 31
57 35
57 39
57 40
57 42
57 47
57 56
57 57
57 66
57 68
57 78
57 124
58 0
58 11
58 12
58 14
58 16
58 27
58 31
58 39
58 40
58 44
58 46
58 52
58 66
58 72
58 95
59 20
59 21
59 32
59 33
59 34
59 44
59 48
59 62
59 73
59 75
59 78
59 80
59 86
59 87
59 89
59 90
59 95
59 124
60 7
60 11
60 29
60 30
60 36
60 39
60 40
60 44
60 46
60 49
60 52
60 66
60 90
60 96
60 98
60 107
61 1
61 4
61 27
61 28
61 58
61 61
61 69
61 71
61 72
61 76
61 77
61 78
61 89
61 99
61 100
61 103
61 120
61 126
62 37
62 38
62 42
62 43
62 44
62 46
62 49
62 54
62 56
62 66
62 67
62 74
62 75
62 77
62 79
62 81
62 82
62 86
62 92
62 107
62 110
62 121
62 125
63 14
63 22
63 31
63 36
63 37
63 43
63 44
63 46
63 54
63 57
63 61
63 62
63 67
63 76
63 83
63 103
63 109
63 113
64 2
64 9
64 13
64 17
64 19
64 22
64 30
64 60
64 66
64 71
64 75
64 77
64 80
64 85
64 86
64 91
64 95
64 98
64 100
64 108
64 115
64 116
64 124
65 0
65 15
65 22
65 24
65 26
65 27
65 32
65 35
65 38
65 41
65 46
65 49
65 51
65 56
65 65
65 69
65 78
65 88
65 100
65 114
65 127
66 0
66 6
66 15
66 16
66 25
66 46
66 71
66 87
66 92
66 97
66 103
66 106
66 108
66 109
66 120
66 126
67 7
67 11
67 23
67 35
67 43
67 46
67 50
67 55
67 60
67 92
67 94
67 95
67 103
67 121
67 123
68 0
68 2
68 9
68 23
68 38
68 51
68 54
68 55
68 57
68 61
68 63
68 70
68 72
68 77
68 80
68 99
68 100
68 104
68 113
68 114
69 22
69 41
69 44
69 60
69 68
69 89
69 91
69 94
69 95
69 109
69 115
69 122
69 124
70 12
70 13
70 27
70 28
70 33
70 43
70 45
70 49
70 57
70 58
70 59
70 65
70 79
70 81
70 87
70 91
70 96
70 101
70 105
70 118
70 122
71 5
71 11
71 20
71 21
71 26
71 36
71 43
71 50
71 64
71 65
71 66
71 72
71 76
71 79
71 82
71 87
71 95
71 97
71 99
71 102
71 105
71 110
72 4
72 13
72 15
72 19
72 22
72 23
72 27
72 35
72 45
72 46
72 53
72 54
72 57
72 58
72 63
72 64
72 66
72 75
72 81
72 82
72 93
72 118
72 126
73 12
73 16
73 25
73 28
73 39
73 43
73 54
73 61
73 70
73 88
73 97
73 99
73 109
73 121
74 2
74 10
74 17
74 30
74 33
74 39
74 40
74 42
74 48
74 49
74 53
74 58
74 60
74 64
74 65
74 67
74 70
74 72
74 83
74 86
74 89
74 90
74 98
74 112
74 114
74 126
75 4
75 5
75 6
75 13
75 26
75 44
75 56
75 58
75 68
75 88
75 115
75 126
76 7
76 12
76 14
76 31
76 33
76 47
76 52
76 56
76 79
76 80
76 102
76 106
76 111
76 119
76 125
77 9
77 17
77 21
77 22
77 34
77 47
77 54
77 60
77 66
77 67
77 69
77 77
77 80
77 88
77 93
77 96
77 99
77 116
78 2
78 5
78 9
78 19
78 22
78 24
78 42
78 49
78 54
78 60
78 61
78 67
78 74
78 76
78 83
78 93
78 110
78 111
78 117
78 126
79 21
79 23
79 24
79 25
79 35
79 38
79 44
79 48
79 68
79 71
79 73
79 75
79 86
79 93
79 96
79 97
79 100
79 101
79 123
80 4
80 5
80 10
80 22
80 31
80 33
80 38
80 42
80 43
80 48
80 53
80 57
80 61
80 62
80 64
80 77
80 96
80 109
80 114
80 118
80 119
81 11
81 21
81 27
81 65
81 70
81 72
81 82
81 96
81 97
81 106
81 117
81 118
81 122
82 10
82 13
82 15
82 23
82 29
82 32
82 33
82 48
82 50
82 52
82 61
82 64
82 71
82 80
82 89
82 102
82 106
82 108
82 109
82 110
83 7
83 11
83 14
83 19
83 22
83 23
83 24
83 31
83 32
83 34
83 39
83 41
83 43
83 45
83 49
83 54
83 72
83 73
83 82
83 90
83 93
83 102
83 120
83 123
83 125
84 0
84 3
84 11
84 16
84 19
84 22
84 35
84 36
84 53
84 60
84 67
84 68
84 82
84 84
84 90
84 100
84 103
84 105
84 108
84 113
84 115
84 125
85 13
85 21
85 27
85 29
85 33
85 56
85 63
85 70
85 77
85 89
85 109
85 111
85 119
85 122
85 127
86 10
86 28
86 30
86 32
86 41
86 42
86 43
86 44
86 47
86 49
86 52
86 54
86 61
86 70
86 73
86 74
86 87
86 93
86 114
86 121
86 122
86 126
87 0
87 17
87 26
87 34
87 35
87 39
87 46
87 47
87 53
87 61
87 95
87 96
87 97
87 98
87 99
87 102
87 114
87 120
87 127
88 3
88 16
88 18
88 32
88 42
88 67
88 68
88 77
88 82
88 84
88 88
88 91
88 95
88 103
88 112
88 124
88 127
89 3
89 10
89 11
89 13
89 21
89 26
89 33
89 39
89 40
89 43
89 47
89 53
89 69
89 101
89 112
89 124
89 125
89 126
89 127
90 3
90 21
90 22
90 25
90 33
90 34
90 50
90 52
90 53
90 55
90 58
90 61
90 62
90 63
90 81
90 85
90 101
90 104
90 106
90 112
90 114
90 127
91 1
91 11
91 26
91 30
91 43
91 47
91 48
91 52
91 53
91 60
91 73
91 81
91 82
91 87
91 88
91 95
91 105
91 110
91 111
91 113
91 114
91 116
91 121
92 2
92 6
92 17
92 24
92 28
92 36
92 38
92 40
92 56
92 58
92 61
92 64
92 69
92 78
92 83
92 86
92 89
92 103
92 115
93 0
93 27
93 31
93 33
93 34
93 36
93 37
93 47
93 56
93 58
93 60
93 62
93 73
93 74
93 78
93 83
93 85
93 91
93 93
93 99
93 102
93 108
93 121
93 127
94 6
94 14
94 18
94 22
94 35
94 36
94 38
94 58
94 67
94 102
94 109
94 112
94 113
94 115
94 116
95 8
95 12
95 19
95 21
95 23
95 31
95 32
95 36
95 50
95 56
95 62
95 66
95 71
95 85
95 100
95 103
95 111
95 116
95 125
95 126
95 127
96 0
96 1
96 11
96 13
96 15
96 21
96 25
96 30
96 36
96 38
96 43
96 60
96 62
96 79
96 82
96 86
96 103
96 105
96 108
96 117
96 121
97 4
97 9
97 13
97 30
97 33
97 34
97 38
97 39
97 54
97 65
97 78
97 89
97 93
97 102
97 109
97 120
98 3
98 7
98 9
98 18
98 27
98 35
98 45
98 52
98 53
98 56
98 57
98 61
98 65
98 75
98 78
98 86
98 88
98 91
98 93
98 103
98 110
98 116
99 1
99 8
99 15
99 19
99 49
99 57
99 63
99 82
99 92
99 97
99 101
99 110
99 114
99 119
99 120
99 125
100 8
100 11
100 14
100 19
100 27
100 33
100 39
100 42
100 44
100 46
100 50
100 52
100 59
100 65
100 102
100 103
100 120
101 6
101 7
101 13
101 14
101 18
101 34
101 36
101 49
101 54
101 56
101 57
101 59
101 68
101 71
101 72
101 76
101 92
101 95
101 102
101 111
101 114
101 115
101 122
102 5
102 17
102 26
102 30
102 59
102 66
102 70
102 72
102 76
102 85
102 96
102 99
102 104
102 109
102 111
102 115
103 0
103 2
103 4
103 25
103 26
103 38
103 46
103 58
103 63
103 66
103 76
103 88
103 90
103 103
103 111
103 113
103 115
103 117
103 123
103 125
104 4
104 9
104 14
104 16
104 20
104 24
104 28
104 31
104 36
104 37
104 42
104 63
104 75
104 77
104 78
104 79
104 93
104 94
104 101
104 104
104 109
104 111
104 114
104 116
104 118
104 122
105 5
105 7
105 10
105 16
105 19
105 29
105 33
105 48
105 59
105 65
105 70
105 79
105 80
105 87
105 93
105 95
105 96
105 99
105 105
105 106
105 108
105 110
105 111
105 115
105 116
105 125
106 30
106 31
106 40
106 43
106 64
106 72
106 73
106 78
106 80
106 94
106 98
106 104
106 113
107 24
107 25
107 36
107 43
107 50
107 57
107 60
107 71
107 79
107 82
107 87
107 88
107 89
107 93
107 100
107 104
107 107
107 108
107 111
107 113
107 127
108 7
108 19
108 25
108 33
108 37
108 53
108 65
108 70
108 81
108 89
108 95
108 100
108 103
108 117
108 118
108 124
109 3
109 9
109 15
109 21
109 22
109 38
109 48
109 53
109 68
109 71
109 74
109 80
109 105
109 111
109 112
109 125
110 3
110 29
110 32
110 43
110 44
110 48
110 59
110 72
110 80
110 89
110 90
110 96
110 99
110 103
110 108
110 116
110 121
110 124
111 13
111 23
111 24
111 35
111 50
111 56
111 63
111 72
111 83
111 89
111 93
111 101
111 109
111 117
112 0
112 2
112 7
112 15
112 21
112 24
112 30
112 33
112 40
112 51
112 76
112 77
112 92
112 99
112 115
112 119
113 5
113 12
113 18
113 27
113 29
113 35
113 38
113 42
113 51
113 57
113 58
113 61
113 78
113 81
113 91
113 103
113 104
113 118
114 0
114 3
114 35
114 47
114 53
114 55
114 65
114 87
114 89
114 103
114 106
114 115
114 123
115 0
115 14
115 25
115 26
115 30
115 32
115 35
115 37
115 44
115 46
115 51
115 58
115 61
115 72
115 80
115 89
115 106
115 110
115 111
115 114
116 5
116 12
116 24
116 34
116 55
116 60
116 62
116 63
116 65
116 68
116 74
116 76
116 77
116 83
116 90
116 91
116 95
116 115
116 116
116 117
116 118
117 0
117 3
117 20
117 32
117 37
117 46
117 51
117 53
117 66
117 74
117 85
117 95
117 107
117 114
118 0
118 4
118 9
118 11
118 15
118 18
118 20
118 33
118 34
118 46
118 53
118 61
118 65
118 66
118 70
118 79
118 87
118 88
118 92
118 94
118 108
118 109
118 111
118 117
119 10
119 23
119 26
119 27
119 29
119 47
119 49
119 50
119 56
119 58
119 63
119 71
119 74
119 75
119 86
119 100
119 101
119 109
119 115
119 120
119 123
120 5
120 11
120 12
120 22
120 36
120 39
120 40
120 50
120 58
120 78
120 80
120 81
120 90
120 91
120 99
120 105
120 111
121 9
121 10
121 11
121 14
121 23
121 24
121 28
121 46
121 48
121 58
121 68
121 71
121 81
121 87
121 99
121 102
121 105
121 108
121 112
121 118
121 119
122 0
122 1
122 2
122 18
122 19
122 35
122 41
122 44
122 45
122 52
122 55
122 59
122 63
122 67
122 71
122 78
122 80
122 83
122 94
122 97
122 100
122 108
122 122
123 1
123 3
123 4
123 7
123 12
123 14
123 15
123 26
123 32
123 42
123 46
123 54
123 55
123 60
123 75
123 99
123 123
123 124
124 3
124 12
124 13
124 14
124 29
124 30
124 46
124 56
124 65
124 68
124 69
124 82
124 83
124 86
124 97
124 101
124 103
124 114
124 116
124 122
124 124
124 125
125 8
125 11
125 17
125 55
125 63
125 71
125 81
125 87
125 98
125 111
125 114
125 121
126 12
126 13
126 22
126 24
126 35
126 37
126 47
126 50
126 58
126 71
126 72
126 92
126 102
126 117
126 121
126 123
127 11
127 32
127 33
127 35
127 36
127 58
127 66
127 69
127 70
127 77
127 83
127 92
127 97
127 100
127 112
127 116
127 124
