0 27
0 32
0 48
0 56
0 82
0 94
0 99
0 103
1 8
1 11
1 16
1 40
1 60
1 63
1 108
2 28
2 47
2 110
2 120
2 126
3 31
3 34
3 37
3 43
3 48
3 51
3 94
3 97
3 106
3 107
3 120
3 122
4 3
4 21
4 31
4 52
4 65
4 70
4 82
4 96
4 111
4 120
5 18
5 20
5 27
5 44
5 76
5 79
5 81
5 83
5 122
6 1
6 11
6 12
6 14
6 29
6 30
6 63
6 83
7 7
7 21
7 64
7 65
7 72
7 79
7 109
8 4
8 22
8 65
8 99
9 1
9 14
9 76
9 90
9 95
9 96
9 106
9 110
10 51
10 68
10 82
10 88
10 90
10 127
11 23
11 64
11 83
11 99
12 9
12 40
12 56
12 68
12 69
12 75
12 93
12 106
12 115
12 117
13 0
13 7
13 20
13 31
13 34
13 44
13 46
13 96
13 108
14 16
14 22
14 43
14 59
14 63
14 87
14 110
15 4
15 18
15 25
15 39
15 64
15 71
15 94
15 107
16 1
16 3
16 6
16 8
16 23
16 33
16 37
16 59
16 64
16 72
16 85
16 96
16 102
16 126
17 12
17 28
17 41
17 50
17 73
17 82
17 92
17 94
17 95
17 111
17 116
17 125
18 9
18 47
18 71
18 85
18 95
18 97
18 98
18 102
18 115
18 123
19 11
19 21
19 37
19 45
19 53
19 59
19 87
19 126
20 15
20 18
20 23
20 25
20 33
20 42
20 55
20 58
20 72
20 78
20 102
20 105
20 109
20 121
20 122
21 22
21 27
21 31
21 39
21 40
21 49
21 66
21 80
21 85
21 95
21 117
22 3
22 33
22 83
23 12
23 51
23 54
23 92
23 95
23 109
23 117
23 124
24 0
24 32
24 52
24 87
24 96
24 98
24 112
24 123
24 127
25 1
25 15
25 21
25 40
25 64
25 100
26 2
26 8
26 34
26 65
26 86
26 109
27 53
27 104
27 119
28 7
28 18
28 39
28 66
28 73
28 79
28 96
28 121
29 3
29 4
29 69
29 84
29 96
29 108
30 13
30 26
30 58
30 104
31 27
31 40
31 51
31 55
31 61
31 86
31 88
31 92
31 108
31 117
32 5
32 21
32 30
32 32
32 41
32 78
32 95
32 119
32 125
33 1
33 7
33 18
33 43
33 79
33 87
34 15
34 27
34 32
34 41
34 46
34 85
34 120
35 2
35 22
35 54
35 55
35 57
35 62
35 85
35 91
35 94
35 114
36 30
36 31
36 48
36 112
37 15
37 34
37 59
37 65
37 72
37 90
37 96
37 103
37 107
37 112
38 0
38 23
38 30
38 39
38 94
39 17
39 54
39 77
39 110
39 120
40 0
40 7
40 11
40 35
40 36
40 39
40 66
40 70
40 72
40 111
41 22
41 54
41 82
42 16
42 30
42 34
42 50
42 95
42 98
42 111
43 7
43 40
43 72
43 81
43 82
43 102
44 4
44 7
44 12
44 13
44 28
44 77
44 89
44 112
45 58
45 66
45 108
46 10
46 21
46 43
46 49
46 52
46 53
46 55
46 87
46 92
46 96
46 99
46 111
47 27
47 32
47 39
47 60
47 76
47 99
47 105
47 107
48 1
48 11
48 12
48 25
48 44
48 60
48 101
49 7
49 20
49 21
49 37
49 63
49 65
49 104
49 105
50 13
50 47
50 56
50 87
50 123
51 60
51 63
51 123
51 127
52 5
52 25
52 36
52 41
52 54
52 82
52 83
52 107
52 108
52 124
53 6
53 10
53 18
53 52
53 62
53 118
53 123
54 1
54 3
54 33
54 35
54 37
54 45
54 57
54 62
54 84
54 86
54 125
55 5
55 33
55 38
55 65
55 83
55 84
55 92
55 97
55 98
55 101
56 2
56 10
56 16
56 22
56 45
56 88
56 100
57 14
57 15
57 53
57 58
57 71
57 82
57 86
57 93
57 96
57 116
57 124
58 13
58 26
58 35
58 47
58 51
58 63
58 92
58 101
58 109
58 113
58 121
59 17
59 41
59 84
59 105
59 109
59 123
60 3
60 6
60 7
60 27
60 29
60 30
60 45
60 77
60 101
60 110
60 120
60 123
61 48
62 52
62 68
62 76
62 103
62 106
63 18
63 22
63 23
63 40
63 58
63 63
63 83
63 86
64 6
64 16
64 21
64 23
64 33
64 35
64 68
64 105
64 119
65 0
65 20
65 37
65 59
65 68
65 71
65 84
65 91
65 94
66 16
66 48
66 60
66 86
66 114
66 125
67 10
67 30
67 86
67 94
67 110
68 5
68 16
68 17
68 22
68 33
68 48
68 62
68 75
68 80
68 96
68 98
69 7
69 44
69 79
69 82
69 90
69 109
70 7
70 18
70 21
70 24
70 71
70 92
70 103
70 109
70 127
71 6
71 21
71 29
71 45
71 62
71 82
71 114
71 116
72 3
72 7
72 29
72 42
72 44
72 66
72 67
73 7
73 16
73 33
73 35
73 75
73 101
73 121
74 7
74 33
74 43
74 63
74 75
74 101
75 12
75 24
75 41
75 52
75 75
75 85
75 89
75 109
75 121
76 3
76 39
76 46
76 47
76 52
76 73
76 81
77 21
77 22
77 68
77 77
77 84
77 114
77 116
78 2
78 7
78 40
78 68
78 91
78 95
78 101
78 107
79 5
79 6
79 26
79 31
79 39
79 51
79 69
79 92
79 94
79 112
79 113
80 13
80 32
80 33
80 35
80 39
80 58
80 65
80 85
80 89
80 99
80 100
80 123
81 6
81 12
81 20
81 35
81 56
81 59
81 71
81 100
81 103
82 34
82 41
82 48
82 79
82 99
82 107
82 117
83 47
83 75
84 10
84 56
84 96
84 108
85 5
85 32
85 37
85 62
85 70
85 89
85 113
86 9
86 12
86 23
86 32
86 101
86 103
87 7
87 9
87 14
87 21
87 28
87 39
87 61
87 67
87 85
88 11
88 31
88 40
88 94
89 6
89 17
89 29
89 44
89 92
89 94
89 117
90 16
90 83
90 91
91 8
91 20
91 50
91 64
91 79
91 96
91 99
91 109
92 15
92 24
92 50
92 51
92 54
92 61
92 65
92 72
92 103
92 114
92 120
93 38
93 45
93 60
93 115
94 12
94 17
94 34
94 35
94 84
94 85
94 103
94 105
94 112
94 113
94 119
94 123
95 6
95 19
95 23
95 28
95 29
95 35
95 58
95 62
95 83
95 86
95 89
95 92
95 97
95 115
96 10
96 40
96 63
96 65
96 66
96 88
96 98
97 0
97 19
97 26
97 34
97 45
97 50
97 52
97 75
97 107
98 9
98 27
98 38
98 53
98 72
98 96
99 37
99 39
99 44
99 50
99 75
99 88
99 96
100 11
100 26
100 33
100 38
100 45
100 46
100 52
100 57
100 78
100 84
101 5
101 43
101 63
101 66
101 100
101 111
102 19
102 24
102 36
102 49
102 85
102 91
102 117
103 4
103 12
103 20
103 47
103 95
103 101
103 116
103 121
103 127
104 6
104 7
104 59
105 2
105 4
105 43
105 55
105 59
105 65
105 127
106 2
106 43
106 66
106 76
106 81
106 84
106 93
106 115
107 11
107 23
107 53
107 69
107 96
107 109
107 111
107 121
107 124
108 4
108 6
108 13
108 22
108 41
108 42
108 47
108 55
108 63
108 68
108 73
108 112
108 122
109 11
109 15
109 44
109 76
109 103
109 117
110 27
110 33
110 45
110 65
110 91
110 95
110 100
110 101
110 120
110 126
111 16
111 17
111 28
111 54
111 61
111 73
111 80
111 83
111 84
111 115
112 3
112 5
112 12
112 18
112 20
112 74
112 79
112 87
112 124
112 125
113 9
113 74
113 80
113 87
113 113
113 118
113 121
114 17
114 28
114 56
114 70
114 79
114 81
114 90
114 100
114 101
114 112
114 124
114 125
115 16
115 79
115 102
116 26
116 39
116 47
116 62
116 67
116 73
116 90
116 102
117 11
117 26
117 55
117 60
117 65
117 67
117 87
117 111
118 4
118 43
118 59
118 74
118 88
118 100
119 3
119 27
119 33
119 49
119 51
119 55
119 69
119 73
119 87
119 88
119 109
120 24
120 52
120 53
120 76
120 97
120 106
120 122
120 127
121 9
121 15
121 21
121 31
121 42
121 62
121 83
121 100
122 31
122 33
122 37
122 38
122 41
122 51
122 52
122 54
122 64
122 79
122 91
122 95
122 98
122 108
122 112
123 6
123 13
123 16
123 69
124 4
124 6
124 12
124 18
124 43
124 44
124 53
124 57
124 61
124 64
124 86
124 88
125 11
125 13
125 30
125 32
125 33
125 64
126 1
126 4
126 25
126 34
126 74
126 75
126 82
126 94
126 110
126 122
126 123
126 126
127 15
127 20
127 21
127 38
127 53
127 54
127 58
127 89
